Time,Close,High,Low,Open,Volume
09:30,342.35,343.0,342.0,342.89,101990.0
09:31,341.38,342.34,340.92,342.21,19834.0
09:32,341.45,341.59,341.01,341.41,20439.0
09:33,341.91,341.96,341.44,341.45,12260.0
09:34,340.87,341.9,340.87,341.74,18187.0
09:35,340.34,341.15,340.3,340.89,11564.0
09:36,341.08,341.14,340.3,340.37,15624.0
09:37,341.27,341.35,340.87,340.93,7206.0
09:38,341.58,341.62,341.26,341.26,11780.0
09:39,341.67,341.75,341.48,341.53,13385.0
09:40,341.58,341.67,341.3,341.67,16600.0
09:41,341.39,341.63,341.33,341.55,10653.0
09:42,342.01,342.01,341.42,341.54,11297.0
09:43,341.61,342.18,341.61,342.09,18297.0
09:44,341.58,341.73,341.31,341.73,12057.0
09:45,340.96,341.61,340.64,341.58,16258.0
09:46,339.74,340.6,339.74,340.6,46438.0
09:47,340.3,340.37,339.72,339.74,13496.0
09:48,340.42,340.52,340.19,340.38,12002.0
09:49,341.05,341.08,340.48,340.49,12438.0
09:50,341.13,341.35,340.89,341.04,19311.0
09:51,341.21,341.3,341.09,341.26,4511.0
09:52,341.3,341.6,341.12,341.25,8636.0
09:53,341.51,341.51,341.28,341.32,4007.0
09:54,341.32,341.51,341.18,341.51,4357.0
09:55,341.63,341.71,341.38,341.42,4819.0
09:56,341.48,341.54,341.36,341.52,2953.0
09:57,341.57,341.59,341.36,341.45,4391.0
09:58,341.57,341.57,341.48,341.57,2937.0
09:59,341.54,341.61,341.37,341.57,9417.0
10:00,341.53,341.7,341.35,341.7,9366.0
10:01,341.75,341.87,341.61,341.64,8926.0
10:02,342.08,342.2,341.83,341.83,7096.0
10:03,342.02,342.08,341.83,342.08,7465.0
10:04,342.11,342.21,341.98,341.98,4472.0
10:05,342.2,342.29,341.96,342.08,3986.0
10:06,342.16,342.38,342.13,342.3,20010.0
10:07,341.98,342.19,341.87,342.15,9881.0
10:08,341.98,342.03,341.88,341.92,3970.0
10:09,342.19,342.19,341.98,342.07,3266.0
10:10,342.31,342.5,342.15,342.15,6251.0
10:11,342.32,342.34,342.16,342.21,2509.0
10:12,342.46,342.49,342.15,342.2,6499.0
10:13,342.25,342.42,342.25,342.4,2600.0
10:14,342.22,342.27,342.19,342.27,3030.0
10:15,342.25,342.28,341.95,342.15,22030.0
10:16,342.21,342.28,342.19,342.19,4863.0
10:17,342.41,342.41,342.41,342.41,8942.0
10:18,342.24,342.39,342.22,342.33,3382.0
10:19,342.18,342.3,342.17,342.29,2365.0
10:20,342.21,342.29,342.0,342.29,3810.0
10:21,342.23,342.23,342.21,342.21,1875.0
10:22,342.05,342.3,342.0,342.21,5928.0
10:23,342.0,342.27,341.95,342.27,3422.0
10:24,342.06,342.08,341.88,341.88,5880.0
10:25,342.19,342.37,342.09,342.09,2346.0
10:26,342.0,342.09,341.9,342.01,6571.0
10:27,342.1,342.23,341.95,341.97,2794.0
10:28,342.12,342.24,342.09,342.1,4220.0
10:29,342.16,342.28,342.11,342.2,6185.0
10:30,342.29,342.35,342.15,342.18,3713.0
10:31,342.65,342.65,342.32,342.35,4670.0
10:32,342.43,342.75,342.43,342.64,5502.0
10:33,342.52,342.55,342.41,342.41,3194.0
10:34,342.61,342.61,342.44,342.58,2000.0
10:35,342.54,342.61,342.47,342.61,2206.0
10:36,342.61,342.66,342.46,342.54,6874.0
10:37,342.54,342.65,342.5,342.52,5512.0
10:38,342.41,342.54,342.33,342.5,8918.0
10:39,342.31,342.42,342.25,342.34,5769.0
10:40,342.81,342.81,342.36,342.36,7697.0
10:41,342.49,342.72,342.49,342.72,6382.0
10:42,342.52,342.68,342.51,342.63,4554.0
10:43,342.56,342.64,342.53,342.55,2726.0
10:44,342.79,342.79,342.54,342.61,7526.0
10:45,342.66,342.82,342.66,342.79,2664.0
10:46,342.88,342.98,342.62,342.62,5227.0
10:47,342.88,343.0,342.87,342.87,1914.0
10:48,342.75,342.88,342.75,342.88,1594.0
10:49,342.84,342.89,342.72,342.88,5413.0
10:50,342.77,343.0,342.73,342.84,3027.0
10:51,342.73,343.0,342.71,343.0,3135.0
10:52,342.63,342.85,342.63,342.71,5146.0
10:53,342.53,342.83,342.49,342.64,4951.0
10:54,342.94,342.94,342.44,342.49,16653.0
10:55,342.74,342.82,342.73,342.82,2123.0
10:56,343.04,343.04,342.74,342.74,14041.0
10:57,343.27,343.44,343.01,343.09,6073.0
10:58,343.36,343.36,343.23,343.23,3175.0
10:59,343.38,343.47,343.25,343.29,7451.0
11:00,343.38,343.5,343.32,343.32,7851.0
11:01,343.4,343.44,343.31,343.32,1904.0
11:02,343.44,343.54,343.44,343.5,3190.0
11:03,343.31,343.54,343.13,343.54,12482.0
11:04,343.27,343.33,343.22,343.33,1661.0
11:05,343.19,343.27,343.18,343.27,4396.0
11:06,343.27,343.32,343.2,343.2,3346.0
11:07,343.24,343.27,343.24,343.27,863.0
11:08,343.27,343.39,343.07,343.39,10905.0
11:09,343.2,343.27,343.11,343.27,3126.0
11:10,343.28,343.35,343.13,343.35,4161.0
11:11,343.13,343.29,343.11,343.26,7164.0
11:12,342.98,343.4,342.94,343.22,17985.0
11:13,342.85,343.17,342.85,342.94,8876.0
11:14,342.71,342.88,342.68,342.88,8455.0
11:15,342.88,342.92,342.66,342.71,7092.0
11:16,342.85,342.85,342.83,342.84,2562.0
11:17,343.04,343.08,342.89,342.89,5858.0
11:18,343.21,343.29,343.08,343.08,4950.0
11:19,343.4,343.44,343.23,343.28,4823.0
11:20,343.45,343.49,343.29,343.29,4741.0
11:21,343.43,343.54,343.4,343.4,7624.0
11:22,343.56,343.63,343.47,343.47,4871.0
11:23,343.76,343.85,343.56,343.56,3163.0
11:24,343.72,343.76,343.67,343.75,2365.0
11:25,343.82,343.82,343.72,343.72,2429.0
11:26,343.81,343.88,343.75,343.76,10234.0
11:27,343.83,343.9,343.83,343.85,1732.0
11:28,343.77,343.85,343.77,343.85,3377.0
11:29,343.7,343.82,343.57,343.81,10445.0
11:30,343.77,343.77,343.7,343.7,1584.0
11:31,343.67,343.81,343.59,343.81,5899.0
11:32,343.66,343.72,343.56,343.56,2545.0
11:33,343.95,343.95,343.66,343.66,3957.0
11:34,343.85,343.99,343.81,343.81,2374.0
11:35,343.96,343.98,343.83,343.98,3402.0
11:36,344.05,344.06,343.94,343.96,3674.0
11:37,343.87,344.05,343.87,344.05,4171.0
11:38,343.71,343.93,343.71,343.89,6625.0
11:39,343.53,343.72,343.49,343.72,15033.0
11:40,343.55,343.58,343.46,343.55,7591.0
11:41,343.76,343.76,343.58,343.58,2024.0
11:42,343.92,343.92,343.64,343.71,8268.0
11:43,343.93,344.0,343.87,343.93,3525.0
11:44,343.92,343.92,343.9,343.92,769.0
11:45,343.7,343.92,343.69,343.92,8302.0
11:46,343.78,343.93,343.68,343.93,2711.0
11:47,343.74,343.92,343.64,343.79,3467.0
11:48,343.65,343.7,343.6,343.64,5104.0
11:49,343.7,343.74,343.64,343.65,3349.0
11:50,343.58,343.72,343.53,343.72,5851.0
11:51,343.64,343.64,343.58,343.59,1794.0
11:52,343.5,343.67,343.5,343.59,3679.0
11:53,343.3,343.53,343.3,343.53,3683.0
11:54,343.14,343.27,343.12,343.25,3995.0
11:55,343.14,343.23,343.06,343.17,3716.0
11:56,343.12,343.13,343.05,343.05,2073.0
11:57,343.12,343.12,343.01,343.12,1007.0
11:58,343.02,343.13,343.01,343.08,5351.0
11:59,343.43,343.43,343.06,343.09,10008.0
12:00,343.24,343.3,343.16,343.3,3517.0
12:01,343.12,343.29,343.12,343.24,4119.0
12:02,343.37,343.37,343.2,343.2,2353.0
12:03,343.43,343.43,343.35,343.35,1538.0
12:04,343.13,343.29,343.13,343.29,4344.0
12:05,343.2,343.22,343.1,343.21,3145.0
12:06,343.17,343.21,343.14,343.14,2335.0
12:07,343.42,343.49,343.16,343.16,4267.0
12:08,343.49,343.49,343.33,343.46,3171.0
12:09,343.41,343.49,343.38,343.49,2488.0
12:10,343.4,343.46,343.39,343.39,1791.0
12:11,343.47,343.49,343.33,343.39,7884.0
12:12,343.56,343.56,343.47,343.47,22985.0
12:13,343.82,343.86,343.56,343.56,4820.0
12:14,343.73,343.89,343.65,343.79,11179.0
12:15,343.82,343.82,343.73,343.73,2449.0
12:16,343.96,344.01,343.81,343.81,2836.0
12:17,343.83,344.0,343.83,344.0,1566.0
12:18,343.75,343.84,343.75,343.81,1961.0
12:19,343.77,343.77,343.73,343.74,2635.0
12:20,343.61,343.76,343.57,343.73,8747.0
12:21,343.54,343.58,343.53,343.58,3336.0
12:22,343.59,343.66,343.54,343.54,3676.0
12:23,343.72,343.72,343.53,343.53,2189.0
12:24,343.79,343.79,343.71,343.71,360.0
12:25,343.77,343.77,343.65,343.73,1660.0
12:26,343.5,343.73,343.47,343.65,5538.0
12:27,343.59,343.66,343.52,343.53,3801.0
12:28,343.63,343.72,343.56,343.6,2701.0
12:29,343.75,343.75,343.63,343.68,1456.0
12:30,343.87,343.89,343.71,343.71,2835.0
12:31,343.73,343.98,343.73,343.89,5680.0
12:32,343.88,343.88,343.76,343.78,5396.0
12:33,343.79,343.85,343.77,343.85,2887.0
12:34,343.77,343.77,343.7,343.7,1044.0
12:35,343.72,343.76,343.65,343.76,3829.0
12:36,343.9,343.9,343.73,343.73,2145.0
12:37,343.77,343.88,343.76,343.88,1664.0
12:38,343.72,343.83,343.72,343.82,2212.0
12:39,343.84,343.89,343.76,343.76,3762.0
12:40,343.83,343.9,343.82,343.88,2354.0
12:41,344.1,344.1,343.92,343.93,3072.0
12:42,344.04,344.09,343.97,344.09,4687.0
12:43,343.87,344.03,343.87,343.99,4798.0
12:44,343.92,343.95,343.92,343.93,2729.0
12:45,344.04,344.05,343.96,343.96,2950.0
12:46,344.02,344.02,343.95,343.99,3471.0
12:47,344.03,344.05,344.0,344.01,5307.0
12:48,343.92,344.03,343.92,344.03,4168.0
12:49,344.0,344.05,343.95,343.95,2871.0
12:50,344.17,344.3,344.06,344.06,5892.0
12:51,344.33,344.33,344.16,344.27,5156.0
12:52,344.39,344.52,344.28,344.28,3041.0
12:53,344.35,344.5,344.26,344.4,4200.0
12:54,344.38,344.43,344.35,344.43,2654.0
12:55,344.41,344.48,344.34,344.38,9221.0
12:56,344.31,344.39,344.31,344.37,3615.0
12:57,344.26,344.39,344.2,344.34,13913.0
12:58,344.03,344.21,344.03,344.21,6429.0
12:59,344.03,344.03,343.98,344.03,2956.0
13:00,344.27,344.27,344.03,344.03,4490.0
13:01,344.25,344.38,344.15,344.27,8767.0
13:02,344.18,344.22,344.09,344.16,5008.0
13:03,344.17,344.18,344.17,344.17,1302.0
13:04,344.17,344.27,344.13,344.17,3184.0
13:05,344.29,344.3,344.25,344.25,1669.0
13:06,344.09,344.35,344.08,344.26,10162.0
13:07,344.08,344.15,344.06,344.09,3858.0
13:08,343.93,344.07,343.93,343.94,1738.0
13:09,344.03,344.05,344.02,344.05,1217.0
13:10,343.74,344.02,343.74,344.02,6199.0
13:11,343.72,343.77,343.7,343.7,3938.0
13:12,343.72,343.84,343.62,343.74,4368.0
13:13,343.43,343.73,343.37,343.7,15101.0
13:14,343.37,343.37,343.29,343.37,7722.0
13:15,343.49,343.49,343.27,343.31,10523.0
13:16,343.1,343.36,343.1,343.36,6329.0
13:17,343.24,343.25,343.21,343.23,3159.0
13:18,343.23,343.26,343.23,343.25,1853.0
13:19,343.23,343.24,343.23,343.24,1568.0
13:20,343.25,343.25,343.2,343.23,2119.0
13:21,343.25,343.35,343.22,343.31,5203.0
13:22,343.12,343.19,343.09,343.09,1826.0
13:23,343.09,343.21,343.09,343.09,2493.0
13:24,343.3,343.32,343.2,343.2,3649.0
13:25,343.04,343.26,343.03,343.22,4686.0
13:26,343.17,343.18,343.03,343.03,6285.0
13:27,343.24,343.24,343.15,343.19,2478.0
13:28,343.41,343.41,343.28,343.29,4421.0
13:29,343.4,343.4,343.4,343.4,1300.0
13:30,343.37,343.4,343.3,343.4,3175.0
13:31,343.38,343.46,343.33,343.38,5102.0
13:32,343.28,343.38,343.19,343.28,14860.0
13:33,343.28,343.33,343.19,343.23,4197.0
13:34,343.28,343.3,343.24,343.24,3233.0
13:35,343.45,343.48,343.24,343.24,5434.0
13:36,343.48,343.48,343.36,343.48,5498.0
13:37,343.61,343.62,343.46,343.46,7112.0
13:38,343.74,343.74,343.6,343.6,6413.0
13:39,343.74,343.81,343.73,343.74,2910.0
13:40,343.8,343.92,343.69,343.74,4112.0
13:41,343.77,343.88,343.77,343.77,1175.0
13:42,343.88,343.89,343.77,343.8,5952.0
13:43,343.86,343.93,343.86,343.93,2113.0
13:44,343.84,343.99,343.71,343.79,4272.0
13:45,343.83,343.84,343.83,343.84,1727.0
13:46,343.83,343.95,343.79,343.83,12211.0
13:47,343.9,343.99,343.84,343.85,4197.0
13:48,343.91,344.0,343.9,343.94,2127.0
13:49,343.79,343.94,343.79,343.89,10854.0
13:50,343.86,343.87,343.82,343.82,8225.0
13:51,343.7,343.79,343.66,343.79,6649.0
13:52,343.8,343.8,343.7,343.75,12424.0
13:53,343.87,343.87,343.78,343.8,3464.0
13:54,343.7,343.81,343.7,343.8,6318.0
13:55,343.63,343.72,343.62,343.7,9062.0
13:56,343.79,343.82,343.72,343.8,11032.0
13:57,343.83,343.91,343.79,343.84,1866.0
13:58,343.84,343.84,343.79,343.79,2620.0
13:59,343.86,343.98,343.83,343.83,5094.0
14:00,343.8,343.88,343.78,343.85,6340.0
14:01,343.85,343.9,343.85,343.9,697.0
14:02,343.88,343.96,343.78,343.85,19238.0
14:03,343.79,343.95,343.79,343.88,2573.0
14:04,343.98,343.98,343.86,343.86,4883.0
14:05,343.89,343.9,343.89,343.9,1997.0
14:06,343.84,343.84,343.77,343.84,8689.0
14:07,343.69,343.91,343.65,343.86,6671.0
14:08,343.66,343.67,343.57,343.61,2236.0
14:09,343.74,343.74,343.72,343.72,2466.0
14:10,343.72,343.72,343.72,343.72,821.0
14:11,343.5,343.62,343.46,343.62,4802.0
14:12,343.51,343.57,343.51,343.56,2579.0
14:13,343.6,343.66,343.51,343.51,8038.0
14:14,343.63,343.64,343.6,343.6,1613.0
14:15,343.64,343.64,343.6,343.61,3116.0
14:16,343.72,343.77,343.65,343.65,5386.0
14:17,343.66,343.79,343.66,343.71,2361.0
14:18,343.66,343.71,343.66,343.71,1542.0
14:19,343.81,343.84,343.71,343.71,6177.0
14:20,343.87,343.94,343.81,343.83,4671.0
14:21,343.86,343.87,343.8,343.87,3620.0
14:22,343.85,343.86,343.8,343.81,3344.0
14:23,343.85,343.94,343.8,343.9,4606.0
14:24,343.97,343.97,343.85,343.85,4674.0
14:25,343.95,344.0,343.91,343.98,4468.0
14:26,343.98,344.07,343.86,344.01,5476.0
14:27,344.02,344.05,344.0,344.03,1617.0
14:28,343.92,344.03,343.92,344.03,10105.0
14:29,343.86,343.98,343.82,343.96,7794.0
14:30,343.68,343.9,343.68,343.9,4242.0
14:31,343.86,343.93,343.86,343.93,1608.0
14:32,343.93,343.96,343.85,343.9,3361.0
14:33,344.0,344.0,343.92,344.0,1960.0
14:34,343.94,344.0,343.93,344.0,1868.0
14:35,344.13,344.13,343.91,343.94,8600.0
14:36,344.05,344.08,344.02,344.08,6063.0
14:37,344.08,344.16,344.08,344.08,2752.0
14:38,344.11,344.2,344.11,344.15,6067.0
14:39,344.12,344.2,344.12,344.15,2570.0
14:40,344.14,344.14,344.14,344.14,1928.0
14:41,344.14,344.14,344.07,344.14,2091.0
14:42,344.02,344.1,344.0,344.1,10974.0
14:43,344.03,344.07,343.98,344.02,3005.0
14:44,344.09,344.09,343.98,343.98,4751.0
14:45,343.8,344.04,343.74,344.04,9689.0
14:46,343.55,343.71,343.55,343.67,6267.0
14:47,343.58,343.64,343.58,343.6,5404.0
14:48,343.61,343.64,343.58,343.58,6619.0
14:49,343.74,343.75,343.61,343.66,4275.0
14:50,343.83,343.83,343.7,343.75,4710.0
14:51,343.9,343.96,343.69,343.84,2823.0
14:52,343.97,343.99,343.77,343.77,2475.0
14:53,344.04,344.04,343.99,344.0,4965.0
14:54,343.87,344.02,343.87,343.97,9545.0
14:55,343.78,343.89,343.67,343.89,4930.0
14:56,344.0,344.01,343.91,343.92,2514.0
14:57,344.01,344.04,343.97,343.97,1716.0
14:58,344.05,344.06,344.03,344.03,1573.0
14:59,344.01,344.05,343.94,344.05,4438.0
15:00,344.01,344.01,343.95,343.96,2426.0
15:01,343.94,344.02,343.91,344.01,3849.0
15:02,343.94,343.96,343.93,343.93,2484.0
15:03,343.8,343.9,343.8,343.9,5395.0
15:04,343.74,343.79,343.68,343.73,4880.0
15:05,343.8,343.8,343.72,343.72,2015.0
15:06,343.81,343.9,343.74,343.81,2995.0
15:07,343.85,343.87,343.81,343.84,3303.0
15:08,343.86,343.88,343.8,343.8,3656.0
15:09,343.89,343.93,343.82,343.86,18998.0
15:10,343.77,343.93,343.77,343.89,14595.0
15:11,343.84,343.85,343.77,343.77,2728.0
15:12,343.79,343.86,343.76,343.86,3863.0
15:13,343.8,343.85,343.8,343.84,6762.0
15:14,343.83,343.87,343.81,343.85,4131.0
15:15,343.78,343.87,343.77,343.83,5532.0
15:16,343.83,343.83,343.78,343.78,3727.0
15:17,343.85,343.88,343.79,343.79,4212.0
15:18,343.83,343.89,343.82,343.82,2965.0
15:19,343.77,343.84,343.73,343.83,13101.0
15:20,343.8,343.87,343.79,343.79,3815.0
15:21,343.83,343.93,343.79,343.82,16448.0
15:22,343.81,343.86,343.8,343.86,6745.0
15:23,343.86,343.87,343.82,343.83,5267.0
15:24,343.96,343.99,343.83,343.84,14242.0
15:25,343.97,344.06,343.95,343.98,7632.0
15:26,343.88,344.0,343.87,343.98,15886.0
15:27,343.9,343.94,343.85,343.88,12463.0
15:28,343.93,343.93,343.9,343.9,2825.0
15:29,343.95,343.95,343.89,343.89,18589.0
15:30,344.0,344.01,343.9,343.93,19735.0
15:31,343.93,343.99,343.89,343.99,10363.0
15:32,343.94,343.98,343.92,343.93,5167.0
15:33,343.76,343.96,343.66,343.96,7859.0
15:34,343.81,343.87,343.75,343.79,2953.0
15:35,343.72,343.81,343.68,343.81,5956.0
15:36,343.77,343.77,343.71,343.71,6899.0
15:37,343.6,343.76,343.58,343.74,17856.0
15:38,343.63,343.66,343.61,343.62,4933.0
15:39,343.8,343.8,343.63,343.63,11459.0
15:40,343.86,343.98,343.76,343.76,15411.0
15:41,343.69,343.83,343.63,343.83,10397.0
15:42,343.75,343.75,343.64,343.64,5604.0
15:43,343.73,343.78,343.68,343.71,11783.0
15:44,343.7,343.81,343.66,343.71,9381.0
15:45,343.68,343.72,343.65,343.7,4116.0
15:46,343.5,343.68,343.44,343.68,15369.0
15:47,343.53,343.58,343.51,343.52,7883.0
15:48,343.65,343.67,343.52,343.54,6348.0
15:49,343.65,343.75,343.58,343.65,9986.0
15:50,343.6,343.95,343.6,343.65,13636.0
15:51,343.58,343.78,343.57,343.66,12454.0
15:52,343.61,343.69,343.57,343.57,7782.0
15:53,343.61,343.7,343.57,343.61,15285.0
15:54,343.8,343.82,343.57,343.66,22562.0
15:55,343.84,343.93,343.74,343.85,22989.0
15:56,343.87,343.93,343.8,343.88,23927.0
15:57,343.87,343.96,343.78,343.87,44940.0
15:58,343.58,343.84,343.45,343.83,56330.0
15:59,343.74,343.89,343.52,343.57,127662.0
