Time,Close,High,Low,Open,Volume
09:30,349.16,350.0,349.16,349.61,89539.0
09:31,348.56,349.13,348.55,349.13,7046.0
09:32,349.17,349.17,348.6,349.01,7506.0
09:33,349.67,349.8,349.0,349.04,13907.0
09:34,349.25,349.66,349.04,349.65,13888.0
09:35,348.8,349.38,348.73,349.28,42899.0
09:36,349.08,349.25,348.68,348.68,10698.0
09:37,349.32,349.61,349.07,349.29,4914.0
09:38,349.4,349.47,349.25,349.39,4939.0
09:39,349.17,349.29,349.12,349.2,3874.0
09:40,349.17,349.19,349.08,349.15,4592.0
09:41,349.0,349.25,348.95,349.22,12886.0
09:42,349.12,349.14,349.0,349.01,4678.0
09:43,349.14,349.17,349.0,349.08,8702.0
09:44,349.04,349.21,349.04,349.21,4119.0
09:45,349.07,349.4,349.07,349.09,16693.0
09:46,348.71,349.07,348.71,349.01,9166.0
09:47,348.67,348.93,348.64,348.79,6585.0
09:48,348.36,348.64,348.31,348.64,12852.0
09:49,348.69,348.69,348.35,348.35,9579.0
09:50,348.75,348.81,348.59,348.67,5573.0
09:51,348.79,348.87,348.69,348.69,5832.0
09:52,348.94,349.0,348.79,348.79,9474.0
09:53,349.18,349.19,348.87,348.92,21975.0
09:54,349.01,349.22,349.01,349.15,4675.0
09:55,349.0,349.15,348.95,349.12,6543.0
09:56,348.95,349.06,348.86,348.97,22158.0
09:57,348.98,349.05,348.92,348.95,14964.0
09:58,349.02,349.09,348.96,348.96,13317.0
09:59,348.81,349.07,348.78,349.07,26182.0
10:00,348.73,348.92,348.62,348.89,14855.0
10:01,348.79,348.84,348.61,348.73,8506.0
10:02,348.57,348.72,348.57,348.6,9662.0
10:03,348.4,348.48,348.31,348.39,9952.0
10:04,348.45,348.62,348.37,348.41,7261.0
10:05,347.96,348.38,347.79,348.35,11614.0
10:06,347.85,348.08,347.8,347.96,5839.0
10:07,348.18,348.2,347.93,347.93,9731.0
10:08,348.15,348.25,348.13,348.16,10121.0
10:09,348.14,348.18,348.11,348.15,3663.0
10:10,348.09,348.22,347.94,348.16,13798.0
10:11,348.02,348.09,347.93,347.98,5020.0
10:12,347.78,348.04,347.78,348.02,11265.0
10:13,347.77,347.81,347.5,347.68,13323.0
10:14,347.66,347.73,347.59,347.72,3341.0
10:15,347.64,347.74,347.61,347.61,3979.0
10:16,347.89,347.9,347.61,347.74,8104.0
10:17,347.86,348.01,347.79,347.97,5007.0
10:18,348.08,348.11,347.9,347.91,4582.0
10:19,348.16,348.25,348.08,348.08,19728.0
10:20,348.15,348.22,348.08,348.14,6022.0
10:21,348.04,348.11,348.02,348.09,7349.0
10:22,348.05,348.15,347.97,348.05,23165.0
10:23,348.0,348.26,348.0,348.05,8448.0
10:24,348.12,348.13,348.0,348.12,5626.0
10:25,348.11,348.2,348.0,348.15,4279.0
10:26,348.13,348.23,348.04,348.15,18136.0
10:27,348.16,348.16,348.06,348.13,8541.0
10:28,348.22,348.23,348.03,348.09,13029.0
10:29,348.29,348.3,348.14,348.21,6477.0
10:30,348.17,348.3,348.08,348.29,14793.0
10:31,348.14,348.41,348.14,348.19,10678.0
10:32,348.26,348.26,348.1,348.17,5411.0
10:33,348.41,348.41,348.2,348.35,2443.0
10:34,348.4,348.42,348.23,348.26,3040.0
10:35,348.41,348.55,348.41,348.43,9388.0
10:36,348.44,348.44,348.36,348.39,4522.0
10:37,348.23,348.37,348.16,348.33,10176.0
10:38,348.36,348.39,348.15,348.23,4712.0
10:39,348.51,348.55,348.31,348.46,12519.0
10:40,348.57,348.7,348.47,348.48,9286.0
10:41,348.5,348.58,348.44,348.5,7281.0
10:42,348.56,348.58,348.44,348.44,5692.0
10:43,348.73,348.73,348.6,348.6,9819.0
10:44,348.7,348.72,348.7,348.7,1902.0
10:45,348.67,348.78,348.65,348.74,9822.0
10:46,348.76,348.76,348.54,348.67,10482.0
10:47,348.76,348.77,348.63,348.69,10723.0
10:48,348.77,348.8,348.7,348.76,8068.0
10:49,348.86,348.92,348.7,348.76,8337.0
10:50,349.0,349.0,348.9,348.9,7875.0
10:51,349.09,349.15,348.98,349.02,10750.0
10:52,349.17,349.27,349.1,349.1,9060.0
10:53,349.14,349.18,349.09,349.18,6630.0
10:54,349.08,349.14,349.08,349.12,4799.0
10:55,348.98,349.13,348.96,349.13,10312.0
10:56,348.97,349.05,348.97,348.97,5656.0
10:57,349.03,349.07,349.01,349.04,3794.0
10:58,349.08,349.1,349.0,349.02,4811.0
10:59,349.05,349.13,349.01,349.06,12327.0
11:00,348.8,349.05,348.8,349.0,15465.0
11:01,348.88,348.88,348.73,348.77,4736.0
11:02,348.84,348.86,348.74,348.86,4612.0
11:03,348.79,348.86,348.69,348.8,6198.0
11:04,348.82,348.87,348.78,348.78,3799.0
11:05,348.72,348.88,348.69,348.83,6535.0
11:06,348.59,348.77,348.59,348.71,6446.0
11:07,348.83,348.83,348.55,348.55,7105.0
11:08,348.94,348.94,348.78,348.78,2861.0
11:09,348.92,348.93,348.86,348.92,3548.0
11:10,348.93,349.01,348.85,348.91,4755.0
11:11,348.93,348.93,348.75,348.8,3518.0
11:12,348.87,348.87,348.74,348.83,9675.0
11:13,349.04,349.04,348.91,348.91,10617.0
11:14,349.03,349.04,348.94,348.98,4407.0
11:15,349.08,349.08,349.01,349.05,4657.0
11:16,349.09,349.14,349.02,349.08,6646.0
11:17,349.27,349.27,349.08,349.12,13927.0
11:18,349.31,349.33,349.28,349.28,3933.0
11:19,349.4,349.4,349.3,349.33,1933.0
11:20,349.33,349.4,349.26,349.35,10762.0
11:21,349.33,349.34,349.33,349.34,2281.0
11:22,349.39,349.41,349.32,349.33,3565.0
11:23,349.41,349.44,349.26,349.35,4657.0
11:24,349.34,349.41,349.27,349.38,4946.0
11:25,349.29,349.38,349.26,349.34,7549.0
11:26,349.23,349.29,349.22,349.25,6181.0
11:27,349.24,349.28,349.23,349.23,4670.0
11:28,349.24,349.26,349.23,349.24,3108.0
11:29,349.16,349.28,349.15,349.21,10550.0
11:30,348.93,349.19,348.89,349.16,10901.0
11:31,348.96,348.99,348.9,348.92,6332.0
11:32,348.99,349.08,348.88,348.89,7649.0
11:33,348.93,349.02,348.91,348.96,5726.0
11:34,348.97,349.02,348.88,348.92,4197.0
11:35,348.99,349.0,348.88,348.95,11786.0
11:36,348.94,349.08,348.94,348.99,7394.0
11:37,349.11,349.12,348.95,348.95,3172.0
11:38,349.05,349.16,349.0,349.0,3561.0
11:39,349.09,349.16,349.05,349.05,3550.0
11:40,349.17,349.17,349.12,349.15,3418.0
11:41,349.09,349.15,349.07,349.14,7108.0
11:42,349.02,349.04,349.01,349.04,6175.0
11:43,349.1,349.15,349.07,349.07,4125.0
11:44,349.18,349.19,349.08,349.12,4242.0
11:45,349.12,349.21,349.12,349.21,4796.0
11:46,349.2,349.2,349.12,349.17,3119.0
11:47,349.23,349.23,349.14,349.19,2747.0
11:48,349.32,349.34,349.18,349.2,10670.0
11:49,349.32,349.35,349.29,349.31,12519.0
11:50,349.48,349.55,349.28,349.3,22706.0
11:51,349.59,349.59,349.51,349.53,3326.0
11:52,349.63,349.81,349.59,349.59,20817.0
11:53,349.68,349.75,349.63,349.64,7179.0
11:54,349.81,349.83,349.67,349.67,2839.0
11:55,349.65,349.81,349.62,349.79,9393.0
11:56,349.7,349.7,349.64,349.69,3070.0
11:57,349.67,349.72,349.62,349.72,5081.0
11:58,349.69,349.72,349.67,349.69,2934.0
11:59,349.6,349.71,349.57,349.71,12064.0
12:00,349.65,349.65,349.55,349.59,7551.0
12:01,349.61,349.64,349.61,349.62,3889.0
12:02,349.6,349.64,349.56,349.64,11180.0
12:03,349.66,349.66,349.58,349.64,4367.0
12:04,349.58,349.63,349.57,349.59,6080.0
12:05,349.55,349.71,349.55,349.63,8923.0
12:06,349.46,349.55,349.42,349.52,7347.0
12:07,349.42,349.5,349.42,349.46,1487.0
12:08,349.44,349.5,349.31,349.41,4976.0
12:09,349.35,349.43,349.33,349.43,4851.0
12:10,349.36,349.42,349.35,349.37,3598.0
12:11,349.29,349.33,349.27,349.33,3432.0
12:12,349.44,349.44,349.27,349.29,6923.0
12:13,349.45,349.45,349.44,349.44,896.0
12:14,349.54,349.54,349.45,349.45,2576.0
12:15,349.69,349.69,349.55,349.57,4192.0
12:16,349.79,349.79,349.67,349.67,3842.0
12:17,349.84,349.85,349.72,349.82,2888.0
12:18,349.8,349.83,349.75,349.83,8550.0
12:19,349.8,349.83,349.77,349.82,4879.0
12:20,349.87,349.87,349.79,349.8,6330.0
12:21,349.9,349.92,349.86,349.89,3260.0
12:22,349.96,349.96,349.92,349.92,3531.0
12:23,349.92,349.97,349.85,349.93,4415.0
12:24,349.82,349.92,349.77,349.92,8986.0
12:25,349.84,349.92,349.83,349.84,5659.0
12:26,349.88,349.91,349.82,349.82,4274.0
12:27,349.96,349.97,349.85,349.85,3135.0
12:28,349.86,349.97,349.86,349.96,9409.0
12:29,349.87,349.89,349.79,349.86,4677.0
12:30,349.88,349.88,349.8,349.83,5592.0
12:31,349.86,349.95,349.85,349.89,3748.0
12:32,349.94,349.94,349.86,349.89,2198.0
12:33,349.83,349.99,349.79,349.9,7361.0
12:34,349.86,349.9,349.83,349.86,9501.0
12:35,349.8,349.88,349.77,349.86,7362.0
12:36,349.79,349.83,349.71,349.81,12941.0
12:37,349.85,349.88,349.78,349.83,4860.0
12:38,349.85,349.94,349.85,349.86,2094.0
12:39,349.89,350.0,349.78,349.98,8854.0
12:40,349.88,349.92,349.88,349.92,2028.0
12:41,349.9,349.9,349.87,349.87,2125.0
12:42,350.06,350.07,349.95,349.96,8513.0
12:43,350.11,350.11,350.04,350.07,5614.0
12:44,350.08,350.08,350.08,350.08,2062.0
12:45,350.14,350.14,350.08,350.08,1840.0
12:46,350.2,350.25,350.08,350.08,17868.0
12:47,350.23,350.26,350.2,350.2,5960.0
12:48,350.12,350.29,350.12,350.21,7697.0
12:49,350.21,350.24,350.16,350.17,5985.0
12:50,350.26,350.28,350.21,350.21,2099.0
12:51,350.19,350.27,350.17,350.23,4672.0
12:52,350.22,350.22,350.15,350.21,3712.0
12:53,350.23,350.28,350.19,350.19,4980.0
12:54,350.35,350.35,350.23,350.28,6703.0
12:55,350.38,350.4,350.36,350.38,2847.0
12:56,350.47,350.47,350.4,350.4,3738.0
12:57,350.51,350.51,350.43,350.47,5439.0
12:58,350.63,350.69,350.51,350.51,51458.0
12:59,350.66,350.68,350.59,350.62,6366.0
13:00,350.68,350.72,350.65,350.65,5320.0
13:01,350.47,350.65,350.45,350.65,13823.0
13:02,350.45,350.51,350.43,350.48,3473.0
13:03,350.44,350.5,350.4,350.45,6519.0
13:04,350.24,350.45,350.16,350.45,13640.0
13:05,350.23,350.32,350.23,350.27,5275.0
13:06,350.11,350.22,350.1,350.22,7421.0
13:07,350.11,350.14,350.08,350.1,7775.0
13:08,350.27,350.27,350.11,350.11,3834.0
13:09,350.27,350.29,350.23,350.23,2946.0
13:10,350.37,350.37,350.25,350.29,3356.0
13:11,350.29,350.39,350.29,350.33,5489.0
13:12,350.36,350.43,350.28,350.32,3718.0
13:13,350.36,350.39,350.3,350.35,3291.0
13:14,350.38,350.38,350.35,350.38,2775.0
13:15,350.38,350.4,350.35,350.35,2941.0
13:16,350.4,350.42,350.32,350.42,2107.0
13:17,350.47,350.47,350.36,350.36,6156.0
13:18,350.34,350.45,350.34,350.44,4955.0
13:19,350.33,350.39,350.33,350.36,6970.0
13:20,350.32,350.36,350.32,350.33,4940.0
13:21,350.27,350.35,350.26,350.35,7356.0
13:22,350.24,350.3,350.18,350.29,17248.0
13:23,350.16,350.19,350.13,350.19,6932.0
13:24,350.18,350.2,350.14,350.19,8125.0
13:25,350.19,350.23,350.18,350.18,3274.0
13:26,350.2,350.22,350.16,350.19,3522.0
13:27,350.07,350.18,350.05,350.18,14678.0
13:28,350.17,350.17,350.08,350.08,4669.0
13:29,350.22,350.27,350.11,350.15,8034.0
13:30,350.29,350.32,350.27,350.27,3873.0
13:31,350.14,350.26,350.14,350.26,6036.0
13:32,350.19,350.19,350.13,350.16,7553.0
13:33,350.2,350.2,350.13,350.18,3099.0
13:34,350.18,350.23,350.17,350.22,5572.0
13:35,350.16,350.17,350.13,350.13,4595.0
13:36,350.18,350.22,350.13,350.13,4207.0
13:37,350.21,350.21,350.14,350.18,4360.0
13:38,350.0,350.21,349.92,350.17,9681.0
13:39,349.87,350.0,349.82,349.95,5110.0
13:40,349.6,349.74,349.6,349.74,3167.0
13:41,349.61,349.62,349.61,349.62,1746.0
13:42,349.67,349.7,349.62,349.69,4151.0
13:43,349.63,349.71,349.63,349.69,3789.0
13:44,349.69,349.71,349.63,349.71,1438.0
13:45,349.65,349.74,349.62,349.62,8191.0
13:46,349.67,349.69,349.59,349.64,3838.0
13:47,349.73,349.75,349.68,349.74,2749.0
13:48,349.8,349.84,349.73,349.73,6464.0
13:49,349.89,349.89,349.8,349.83,7153.0
13:50,349.77,349.89,349.77,349.89,5839.0
13:51,349.62,349.79,349.58,349.73,8349.0
13:52,349.67,349.69,349.61,349.66,3302.0
13:53,349.68,349.77,349.67,349.68,2578.0
13:54,349.7,349.77,349.64,349.68,6483.0
13:55,349.73,349.77,349.67,349.7,7449.0
13:56,349.83,349.83,349.73,349.73,3408.0
13:57,349.79,349.83,349.71,349.8,7260.0
13:58,349.88,349.88,349.81,349.81,4293.0
13:59,349.83,349.88,349.83,349.88,4753.0
14:00,349.65,349.85,349.65,349.83,7461.0
14:01,349.58,349.69,349.58,349.58,1754.0
14:02,349.57,349.65,349.51,349.65,8044.0
14:03,349.55,349.58,349.52,349.52,2386.0
14:04,349.55,349.62,349.55,349.55,1903.0
14:05,349.67,349.67,349.58,349.58,1771.0
14:06,349.74,349.77,349.67,349.74,2215.0
14:07,349.73,349.76,349.67,349.76,3659.0
14:08,349.73,349.75,349.67,349.75,2095.0
14:09,349.67,349.73,349.6,349.73,5847.0
14:10,349.66,349.67,349.66,349.67,1415.0
14:11,349.64,349.65,349.64,349.64,2431.0
14:12,349.8,349.8,349.68,349.69,4446.0
14:13,349.82,349.82,349.74,349.74,6271.0
14:14,349.83,349.85,349.77,349.82,12391.0
14:15,349.8,349.86,349.8,349.83,3752.0
14:16,349.82,349.84,349.77,349.82,10902.0
14:17,349.82,349.83,349.79,349.8,3407.0
14:18,349.83,349.92,349.83,349.87,4634.0
14:19,349.83,349.84,349.78,349.83,2309.0
14:20,349.82,349.83,349.79,349.83,2310.0
14:21,349.82,349.83,349.79,349.81,3092.0
14:22,349.68,349.83,349.61,349.81,23076.0
14:23,349.71,349.73,349.67,349.67,3462.0
14:24,349.68,349.71,349.66,349.66,1468.0
14:25,349.58,349.61,349.56,349.61,3394.0
14:26,349.53,349.53,349.46,349.53,4285.0
14:27,349.53,349.53,349.44,349.53,2594.0
14:28,349.45,349.63,349.45,349.6,5773.0
14:29,349.55,349.62,349.54,349.54,2978.0
14:30,349.54,349.57,349.52,349.54,2978.0
14:31,349.48,349.52,349.48,349.52,6725.0
14:32,349.52,349.53,349.44,349.46,7349.0
14:33,349.53,349.53,349.51,349.52,2108.0
14:34,349.53,349.56,349.5,349.52,6052.0
14:35,349.52,349.55,349.48,349.52,2048.0
14:36,349.52,349.53,349.51,349.52,2949.0
14:37,349.52,349.52,349.48,349.52,4659.0
14:38,349.58,349.58,349.52,349.52,4236.0
14:39,349.53,349.56,349.49,349.54,7858.0
14:40,349.59,349.65,349.57,349.57,3221.0
14:41,349.58,349.61,349.56,349.61,6433.0
14:42,349.6,349.6,349.57,349.58,1379.0
14:43,349.62,349.63,349.55,349.58,6241.0
14:44,349.66,349.69,349.62,349.64,3585.0
14:45,349.61,349.66,349.6,349.66,8538.0
14:46,349.64,349.65,349.62,349.63,3719.0
14:47,349.61,349.67,349.61,349.63,3754.0
14:48,349.66,349.67,349.59,349.61,15792.0
14:49,349.62,349.7,349.6,349.68,4314.0
14:50,349.68,349.7,349.64,349.64,3264.0
14:51,349.67,349.71,349.67,349.67,6502.0
14:52,349.69,349.74,349.66,349.67,9044.0
14:53,349.72,349.72,349.67,349.67,992.0
14:54,349.71,349.74,349.7,349.71,4766.0
14:55,349.6,349.71,349.56,349.7,13930.0
14:56,349.58,349.58,349.58,349.58,1307.0
14:57,349.55,349.62,349.55,349.59,4408.0
14:58,349.6,349.62,349.58,349.58,3982.0
14:59,349.63,349.63,349.62,349.63,2768.0
15:00,349.61,349.62,349.59,349.6,2978.0
15:01,349.57,349.59,349.54,349.56,14073.0
15:02,349.52,349.56,349.48,349.56,9859.0
15:03,349.45,349.49,349.45,349.45,4517.0
15:04,349.38,349.47,349.34,349.45,6903.0
15:05,349.37,349.41,349.35,349.41,1720.0
15:06,349.38,349.4,349.28,349.38,9758.0
15:07,349.39,349.39,349.33,349.39,3029.0
15:08,349.39,349.42,349.34,349.38,5356.0
15:09,349.29,349.39,349.28,349.38,9289.0
15:10,349.35,349.36,349.32,349.32,1870.0
15:11,349.35,349.38,349.3,349.33,8495.0
15:12,349.5,349.5,349.36,349.38,9728.0
15:13,349.53,349.53,349.48,349.5,2423.0
15:14,349.51,349.57,349.46,349.52,5035.0
15:15,349.4,349.5,349.36,349.5,9549.0
15:16,349.39,349.41,349.36,349.39,6175.0
15:17,349.32,349.4,349.32,349.39,12655.0
15:18,349.25,349.35,349.2,349.31,15173.0
15:19,349.24,349.29,349.23,349.26,6702.0
15:20,349.24,349.28,349.23,349.23,4116.0
15:21,349.31,349.31,349.23,349.23,7831.0
15:22,349.29,349.33,349.26,349.32,13902.0
15:23,349.36,349.36,349.32,349.32,5444.0
15:24,349.36,349.45,349.34,349.36,17822.0
15:25,349.32,349.4,349.29,349.36,7597.0
15:26,349.31,349.37,349.31,349.34,4564.0
15:27,349.32,349.34,349.31,349.31,4198.0
15:28,349.27,349.35,349.25,349.32,11593.0
15:29,349.34,349.37,349.26,349.26,7502.0
15:30,349.14,349.35,349.14,349.35,17933.0
15:31,349.33,349.34,349.13,349.13,12867.0
15:32,349.32,349.43,349.29,349.33,18172.0
15:33,349.4,349.4,349.31,349.36,6794.0
15:34,349.38,349.41,349.35,349.41,9672.0
15:35,349.42,349.44,349.39,349.4,12437.0
15:36,349.47,349.53,349.38,349.42,10876.0
15:37,349.58,349.61,349.44,349.48,16811.0
15:38,349.74,349.79,349.58,349.58,16451.0
15:39,349.79,349.8,349.75,349.8,12955.0
15:40,349.75,349.81,349.74,349.76,11921.0
15:41,349.72,349.78,349.71,349.76,26690.0
15:42,349.77,349.83,349.71,349.72,11959.0
15:43,349.42,349.75,349.42,349.74,21766.0
15:44,349.48,349.49,349.36,349.4,10454.0
15:45,349.47,349.59,349.46,349.48,16271.0
15:46,349.39,349.47,349.31,349.47,9200.0
15:47,349.24,349.41,349.19,349.41,13266.0
15:48,349.1,349.25,349.05,349.16,13443.0
15:49,348.97,349.17,348.91,349.16,22062.0
15:50,348.85,349.1,348.85,349.04,28615.0
15:51,348.81,348.83,348.75,348.82,27377.0
15:52,348.93,348.99,348.78,348.8,19409.0
15:53,349.01,349.01,348.94,348.95,20082.0
15:54,349.14,349.16,348.98,349.0,33127.0
15:55,349.15,349.23,349.01,349.13,40472.0
15:56,349.24,349.29,349.13,349.15,31006.0
15:57,349.15,349.24,349.03,349.24,51679.0
15:58,349.02,349.32,349.01,349.16,91199.0
15:59,348.94,349.09,348.75,349.07,127941.0
