Time,Close,High,Low,Open,Volume
09:30,343.14,343.41,342.46,342.56,76157.0
09:31,343.33,343.5,343.14,343.5,2876.0
09:32,343.09,343.19,342.85,343.19,12750.0
09:33,342.85,342.88,342.55,342.88,22623.0
09:34,342.81,343.01,342.73,342.78,19000.0
09:35,343.43,343.54,342.7,342.75,26860.0
09:36,343.45,343.68,343.4,343.48,18818.0
09:37,343.22,343.45,343.22,343.44,8474.0
09:38,343.81,343.81,343.33,343.4,10321.0
09:39,343.71,343.89,343.6,343.89,12798.0
09:40,343.42,343.66,343.4,343.66,5724.0
09:41,344.09,344.19,343.68,343.68,11185.0
09:42,344.51,344.62,343.81,344.17,7989.0
09:43,344.7,344.7,344.33,344.44,4116.0
09:44,344.64,344.66,344.39,344.56,4204.0
09:45,344.15,344.64,344.15,344.54,10363.0
09:46,344.05,344.22,344.05,344.18,6512.0
09:47,344.28,344.28,343.9,344.0,5181.0
09:48,344.28,344.28,344.12,344.23,3635.0
09:49,344.17,344.18,344.08,344.18,2902.0
09:50,344.45,344.46,344.16,344.16,6256.0
09:51,344.13,344.45,344.11,344.45,7477.0
09:52,344.12,344.23,344.03,344.12,4159.0
09:53,344.41,344.48,344.14,344.14,6536.0
09:54,344.62,344.62,344.33,344.46,8822.0
09:55,344.68,344.68,344.5,344.5,2896.0
09:56,344.97,345.05,344.68,344.68,10564.0
09:57,344.9,344.97,344.83,344.97,13831.0
09:58,344.81,344.9,344.61,344.9,9066.0
09:59,344.55,344.76,344.25,344.64,10335.0
10:00,344.57,344.58,344.49,344.55,5415.0
10:01,344.52,344.62,344.48,344.53,8208.0
10:02,344.89,344.93,344.61,344.64,16644.0
10:03,345.32,345.32,344.85,344.85,16202.0
10:04,345.27,345.45,345.13,345.25,13253.0
10:05,344.95,345.27,344.88,345.27,11424.0
10:06,345.0,345.0,344.86,344.86,2704.0
10:07,344.73,345.01,344.61,344.88,12391.0
10:08,344.88,344.91,344.62,344.62,5690.0
10:09,344.38,345.08,344.38,345.0,16706.0
10:10,344.63,344.65,344.52,344.65,15883.0
10:11,344.68,344.68,344.42,344.56,6669.0
10:12,344.55,344.75,344.42,344.67,14971.0
10:13,344.56,344.57,344.47,344.55,2823.0
10:14,344.8,344.92,344.64,344.65,16257.0
10:15,344.8,344.88,344.67,344.83,11306.0
10:16,344.9,345.0,344.69,344.69,10658.0
10:17,344.95,345.0,344.77,344.91,4739.0
10:18,344.94,345.02,344.94,344.99,4295.0
10:19,345.02,345.12,344.89,345.01,8342.0
10:20,344.7,345.04,344.69,345.02,8584.0
10:21,344.76,344.87,344.5,344.87,17278.0
10:22,345.0,345.02,344.75,344.78,16633.0
10:23,345.06,345.06,344.95,344.97,2062.0
10:24,345.2,345.28,345.08,345.08,5686.0
10:25,345.29,345.33,345.21,345.3,6083.0
10:26,345.35,345.43,345.33,345.34,13488.0
10:27,345.77,345.88,345.4,345.4,13569.0
10:28,345.86,345.86,345.6,345.73,11497.0
10:29,345.9,345.91,345.83,345.86,3763.0
10:30,345.82,346.04,345.75,345.99,13598.0
10:31,345.79,345.9,345.74,345.77,5609.0
10:32,345.84,345.9,345.72,345.75,13089.0
10:33,346.07,346.07,345.8,345.9,10610.0
10:34,346.05,346.11,345.95,345.98,2209.0
10:35,346.15,346.25,346.02,346.03,5793.0
10:36,346.22,346.34,346.12,346.14,6888.0
10:37,346.08,346.22,346.01,346.22,10397.0
10:38,346.21,346.27,346.11,346.13,5723.0
10:39,346.2,346.31,346.18,346.24,3173.0
10:40,345.98,346.31,345.94,346.31,11666.0
10:41,346.12,346.12,345.95,346.01,3984.0
10:42,346.12,346.16,345.93,345.99,8448.0
10:43,346.03,346.24,346.02,346.24,5980.0
10:44,345.95,346.05,345.9,346.05,4722.0
10:45,345.86,345.9,345.79,345.9,3526.0
10:46,345.79,346.08,345.76,345.94,9093.0
10:47,345.8,345.93,345.8,345.88,6649.0
10:48,345.33,345.7,345.24,345.7,12954.0
10:49,345.17,345.3,344.94,345.27,4808.0
10:50,344.51,345.15,344.51,345.15,17312.0
10:51,344.66,344.69,344.56,344.56,4652.0
10:52,344.59,344.64,344.33,344.6,7008.0
10:53,344.52,344.68,344.49,344.63,5658.0
10:54,344.53,344.56,344.44,344.48,3726.0
10:55,344.64,344.69,344.62,344.62,3684.0
10:56,344.44,344.65,344.3,344.65,5782.0
10:57,344.11,344.38,344.11,344.38,19298.0
10:58,344.3,344.44,344.18,344.18,4145.0
10:59,344.07,344.29,344.01,344.29,21438.0
11:00,343.77,344.08,343.74,344.0,8081.0
11:01,343.64,343.76,343.55,343.76,3194.0
11:02,343.85,343.9,343.64,343.64,13980.0
11:03,343.82,343.94,343.65,343.8,8137.0
11:04,344.05,344.11,343.81,343.82,14583.0
11:05,344.02,344.17,343.92,344.04,6625.0
11:06,344.07,344.09,344.01,344.04,5850.0
11:07,344.05,344.08,343.99,344.05,13053.0
11:08,344.04,344.07,343.96,344.07,20256.0
11:09,343.89,344.08,343.89,344.04,4816.0
11:10,343.79,344.07,343.79,343.95,8133.0
11:11,343.76,343.92,343.7,343.89,7110.0
11:12,343.7,343.83,343.7,343.77,3775.0
11:13,343.88,343.89,343.71,343.71,4401.0
11:14,343.83,344.0,343.83,343.9,3033.0
11:15,343.72,343.83,343.59,343.79,8719.0
11:16,343.61,343.68,343.46,343.68,5656.0
11:17,343.62,343.66,343.49,343.61,7378.0
11:18,343.7,343.78,343.64,343.64,2442.0
11:19,343.84,343.91,343.68,343.73,6310.0
11:20,343.82,343.97,343.74,343.86,16565.0
11:21,343.82,343.83,343.74,343.74,3340.0
11:22,343.55,343.77,343.55,343.76,6138.0
11:23,343.58,343.69,343.52,343.65,3411.0
11:24,343.34,343.52,343.32,343.52,5239.0
11:25,343.36,343.38,343.22,343.34,8745.0
11:26,343.39,343.51,343.32,343.33,17176.0
11:27,343.46,343.47,343.26,343.39,9103.0
11:28,343.36,343.44,343.28,343.37,7514.0
11:29,343.48,343.53,343.43,343.44,10481.0
11:30,343.6,343.6,343.43,343.51,10361.0
11:31,343.61,343.64,343.49,343.49,8072.0
11:32,343.62,343.73,343.51,343.66,22956.0
11:33,343.65,343.72,343.65,343.68,7024.0
11:34,343.59,343.68,343.56,343.68,7672.0
11:35,343.35,343.6,343.34,343.6,6073.0
11:36,343.32,343.43,343.27,343.28,10088.0
11:37,343.34,343.34,343.13,343.16,2914.0
11:38,343.14,343.25,343.14,343.25,2860.0
11:39,343.07,343.15,343.01,343.15,5066.0
11:40,343.21,343.24,343.01,343.02,7642.0
11:41,343.0,343.15,343.0,343.15,4190.0
11:42,343.0,343.09,342.93,343.0,4297.0
11:43,342.91,343.04,342.91,343.02,3855.0
11:44,342.91,343.0,342.84,342.98,6789.0
11:45,342.96,342.96,342.83,342.9,5088.0
11:46,342.96,342.96,342.83,342.91,2183.0
11:47,342.72,342.96,342.65,342.83,7520.0
11:48,342.93,342.93,342.72,342.72,2039.0
11:49,342.7,342.93,342.63,342.93,4653.0
11:50,342.58,342.82,342.58,342.81,4861.0
11:51,342.4,342.64,342.4,342.59,5061.0
11:52,342.56,342.56,342.32,342.41,11686.0
11:53,342.61,342.82,342.56,342.66,5846.0
11:54,342.84,342.96,342.74,342.74,1970.0
11:55,342.85,343.04,342.79,342.8,12211.0
11:56,342.93,342.93,342.85,342.91,1803.0
11:57,342.95,343.01,342.94,342.94,2338.0
11:58,342.79,342.98,342.79,342.89,5232.0
11:59,342.87,342.88,342.78,342.78,2024.0
12:00,342.96,342.96,342.88,342.88,1798.0
12:01,342.86,342.96,342.79,342.94,2925.0
12:02,342.95,342.95,342.77,342.77,2514.0
12:03,342.91,342.91,342.87,342.87,605.0
12:04,342.9,343.03,342.84,343.03,5260.0
12:05,342.9,342.95,342.9,342.95,1358.0
12:06,342.94,342.98,342.89,342.89,2816.0
12:07,342.88,342.97,342.88,342.91,3325.0
12:08,342.81,342.88,342.81,342.88,2296.0
12:09,342.75,342.85,342.75,342.85,4872.0
12:10,342.69,342.83,342.69,342.82,7448.0
12:11,342.8,342.8,342.79,342.8,2447.0
12:12,342.9,342.92,342.8,342.8,2433.0
12:13,342.86,342.87,342.86,342.87,1922.0
12:14,342.96,343.04,342.88,342.88,5614.0
12:15,342.89,343.0,342.89,342.98,3015.0
12:16,342.83,342.93,342.79,342.87,7827.0
12:17,342.84,342.86,342.83,342.83,2265.0
12:18,342.87,342.87,342.77,342.83,4228.0
12:19,342.76,342.83,342.75,342.83,3207.0
12:20,342.75,342.78,342.68,342.76,8084.0
12:21,342.77,342.81,342.7,342.76,4470.0
12:22,342.78,342.82,342.73,342.74,6564.0
12:23,342.78,342.78,342.73,342.73,1455.0
12:24,342.49,342.73,342.32,342.73,6973.0
12:25,342.57,342.63,342.43,342.63,1790.0
12:26,342.47,342.51,342.43,342.51,2349.0
12:27,342.17,342.46,342.17,342.45,3242.0
12:28,342.3,342.3,342.3,342.3,4020.0
12:29,342.31,342.45,342.29,342.35,2582.0
12:30,342.31,342.37,342.31,342.37,2426.0
12:31,342.08,342.32,342.08,342.32,4426.0
12:32,342.25,342.25,342.01,342.07,5717.0
12:33,342.18,342.18,342.18,342.18,712.0
12:34,342.28,342.34,342.2,342.2,3856.0
12:35,342.33,342.35,342.27,342.29,3295.0
12:36,342.38,342.39,342.32,342.33,3134.0
12:37,342.43,342.43,342.37,342.37,2972.0
12:38,342.48,342.48,342.42,342.42,1247.0
12:39,342.29,342.44,342.28,342.4,3184.0
12:40,342.3,342.37,342.23,342.24,7850.0
12:41,342.31,342.4,342.29,342.31,5603.0
12:42,342.39,342.39,342.32,342.33,1678.0
12:43,342.39,342.39,342.3,342.34,4372.0
12:44,342.39,342.39,342.39,342.39,1006.0
12:45,342.44,342.5,342.4,342.43,2567.0
12:46,342.4,342.48,342.34,342.4,4352.0
12:47,342.42,342.43,342.39,342.4,2854.0
12:48,342.34,342.42,342.25,342.42,7634.0
12:49,342.42,342.51,342.34,342.34,11302.0
12:50,342.4,342.53,342.3,342.32,6373.0
12:51,342.3,342.4,342.26,342.4,4689.0
12:52,342.39,342.43,342.26,342.33,13743.0
12:53,342.48,342.48,342.3,342.3,1371.0
12:54,342.39,342.45,342.36,342.43,4604.0
12:55,342.44,342.47,342.34,342.4,3438.0
12:56,342.46,342.51,342.34,342.4,10750.0
12:57,342.57,342.58,342.46,342.46,5572.0
12:58,342.55,342.55,342.55,342.55,1561.0
12:59,342.62,342.7,342.5,342.5,11073.0
13:00,342.34,342.55,342.26,342.55,10034.0
13:01,342.37,342.54,342.32,342.32,11173.0
13:02,342.49,342.5,342.39,342.39,3400.0
13:03,342.45,342.48,342.41,342.43,4730.0
13:04,342.41,342.41,342.39,342.39,1209.0
13:05,342.39,342.45,342.38,342.43,3271.0
13:06,342.39,342.4,342.39,342.4,1613.0
13:07,342.36,342.49,342.32,342.43,6298.0
13:08,342.42,342.46,342.36,342.36,2231.0
13:09,342.42,342.42,342.4,342.42,1367.0
13:10,342.42,342.48,342.42,342.42,2048.0
13:11,342.54,342.6,342.48,342.48,11021.0
13:12,342.58,342.62,342.48,342.52,11258.0
13:13,342.68,342.7,342.58,342.58,6185.0
13:14,342.65,342.65,342.64,342.64,1603.0
13:15,342.59,342.65,342.59,342.65,2424.0
13:16,342.64,342.64,342.58,342.59,2703.0
13:17,342.48,342.58,342.48,342.58,2748.0
13:18,342.57,342.6,342.48,342.49,5864.0
13:19,342.64,342.68,342.57,342.57,6584.0
13:20,342.73,342.8,342.65,342.65,6342.0
13:21,342.73,342.86,342.68,342.83,4379.0
13:22,342.78,342.79,342.73,342.73,7671.0
13:23,342.9,342.9,342.9,342.9,395.0
13:24,342.79,342.79,342.75,342.79,2483.0
13:25,342.76,342.8,342.72,342.79,4102.0
13:26,342.8,342.82,342.7,342.77,18342.0
13:27,342.96,342.96,342.77,342.77,5782.0
13:28,342.97,343.02,342.97,342.99,2154.0
13:29,342.99,343.01,342.91,342.97,5435.0
13:30,342.93,342.99,342.93,342.98,4615.0
13:31,342.95,342.99,342.89,342.97,5634.0
13:32,342.91,342.96,342.89,342.95,4342.0
13:33,342.69,342.89,342.67,342.89,13942.0
13:34,342.62,342.77,342.62,342.77,2445.0
13:35,342.71,342.71,342.51,342.54,8815.0
13:36,342.55,342.67,342.55,342.67,3981.0
13:37,342.53,342.62,342.53,342.57,3854.0
13:38,342.46,342.56,342.45,342.56,3498.0
13:39,342.35,342.46,342.31,342.46,6225.0
13:40,342.52,342.52,342.39,342.42,4210.0
13:41,342.6,342.6,342.52,342.52,1596.0
13:42,342.5,342.61,342.5,342.57,9387.0
13:43,342.55,342.6,342.51,342.55,10300.0
13:44,342.48,342.59,342.45,342.55,9037.0
13:45,342.43,342.55,342.43,342.51,4791.0
13:46,342.35,342.43,342.29,342.43,1844.0
13:47,342.42,342.42,342.35,342.39,2681.0
13:48,342.58,342.58,342.48,342.49,1859.0
13:49,342.52,342.62,342.51,342.54,4529.0
13:50,342.51,342.57,342.51,342.55,2644.0
13:51,342.53,342.62,342.53,342.53,9522.0
13:52,342.58,342.58,342.56,342.58,2582.0
13:53,342.62,342.62,342.58,342.58,3113.0
13:54,342.58,342.64,342.56,342.64,3627.0
13:55,342.56,342.56,342.54,342.54,2206.0
13:56,342.53,342.6,342.5,342.6,2302.0
13:57,342.6,342.63,342.56,342.57,6455.0
13:58,342.67,342.7,342.62,342.62,3804.0
13:59,342.54,342.67,342.53,342.67,3783.0
14:00,342.58,342.58,342.49,342.49,5353.0
14:01,342.47,342.59,342.47,342.5,5307.0
14:02,342.39,342.58,342.39,342.58,4824.0
14:03,342.21,342.42,342.17,342.35,4736.0
14:04,342.35,342.35,342.05,342.11,5397.0
14:05,342.35,342.39,342.35,342.39,3745.0
14:06,342.34,342.37,342.34,342.34,8305.0
14:07,342.35,342.35,342.28,342.34,5150.0
14:08,342.43,342.43,342.35,342.35,8808.0
14:09,342.48,342.49,342.43,342.45,4700.0
14:10,342.36,342.46,342.3,342.44,8051.0
14:11,342.3,342.42,342.26,342.42,13868.0
14:12,342.35,342.35,342.26,342.26,3036.0
14:13,342.27,342.27,342.25,342.26,2505.0
14:14,342.37,342.42,342.27,342.27,1576.0
14:15,342.37,342.37,342.3,342.3,2595.0
14:16,342.49,342.49,342.39,342.39,6490.0
14:17,342.44,342.49,342.41,342.43,8361.0
14:18,342.52,342.55,342.43,342.44,24507.0
14:19,342.39,342.51,342.39,342.49,6040.0
14:20,342.4,342.46,342.4,342.43,1707.0
14:21,342.43,342.43,342.38,342.39,6454.0
14:22,342.43,342.43,342.43,342.43,3006.0
14:23,342.45,342.55,342.43,342.43,3906.0
14:24,342.38,342.46,342.38,342.46,5617.0
14:25,342.4,342.44,342.4,342.4,3043.0
14:26,342.35,342.43,342.32,342.43,10731.0
14:27,342.32,342.42,342.32,342.39,5100.0
14:28,342.36,342.36,342.32,342.36,2526.0
14:29,342.34,342.49,342.34,342.42,2436.0
14:30,342.36,342.36,342.32,342.33,2656.0
14:31,342.31,342.36,342.29,342.36,4694.0
14:32,342.38,342.38,342.3,342.3,3916.0
14:33,342.36,342.45,342.35,342.38,3870.0
14:34,342.28,342.41,342.28,342.41,3381.0
14:35,342.33,342.33,342.27,342.32,1467.0
14:36,342.22,342.33,342.22,342.33,4491.0
14:37,342.21,342.22,342.21,342.21,2909.0
14:38,342.2,342.24,342.2,342.21,5184.0
14:39,342.22,342.24,342.15,342.24,4461.0
14:40,342.28,342.39,342.22,342.22,10320.0
14:41,342.34,342.36,342.29,342.33,4399.0
14:42,342.22,342.38,342.22,342.33,11629.0
14:43,342.18,342.27,342.14,342.23,7639.0
14:44,342.29,342.35,342.23,342.23,8370.0
14:45,342.25,342.29,342.23,342.29,4650.0
14:46,342.26,342.31,342.23,342.23,10022.0
14:47,342.34,342.38,342.29,342.29,14551.0
14:48,342.33,342.37,342.28,342.35,7602.0
14:49,342.36,342.38,342.33,342.33,4583.0
14:50,342.25,342.36,342.24,342.36,10965.0
14:51,342.35,342.37,342.26,342.26,6502.0
14:52,342.29,342.35,342.29,342.35,11822.0
14:53,342.38,342.39,342.31,342.33,5123.0
14:54,342.32,342.38,342.27,342.31,5520.0
14:55,342.24,342.33,342.24,342.29,9387.0
14:56,342.3,342.3,342.26,342.26,4145.0
14:57,342.33,342.38,342.3,342.3,8273.0
14:58,342.36,342.37,342.33,342.33,2988.0
14:59,342.27,342.38,342.27,342.38,7280.0
15:00,342.18,342.3,342.17,342.27,6657.0
15:01,342.11,342.22,342.08,342.08,6998.0
15:02,342.19,342.19,342.12,342.12,5116.0
15:03,342.08,342.26,342.08,342.18,6713.0
15:04,342.15,342.15,342.12,342.12,5000.0
15:05,342.12,342.15,342.05,342.15,8210.0
15:06,342.08,342.2,342.08,342.12,8144.0
15:07,342.17,342.19,342.1,342.11,5470.0
15:08,342.14,342.19,342.1,342.19,6498.0
15:09,342.09,342.16,342.09,342.15,2357.0
15:10,342.15,342.16,342.09,342.15,8451.0
15:11,342.12,342.14,342.06,342.14,6171.0
15:12,342.12,342.17,342.09,342.14,7163.0
15:13,341.98,342.11,341.96,342.1,14601.0
15:14,341.96,342.0,341.94,342.0,3965.0
15:15,341.96,341.98,341.92,341.93,5926.0
15:16,341.94,342.05,341.94,341.96,7529.0
15:17,342.05,342.07,341.92,341.96,16430.0
15:18,342.08,342.11,341.99,342.05,10763.0
15:19,342.17,342.17,342.03,342.11,6424.0
15:20,342.1,342.18,342.05,342.17,16582.0
15:21,342.12,342.14,342.05,342.09,11366.0
15:22,342.08,342.12,342.06,342.08,3025.0
15:23,342.13,342.14,342.08,342.08,11708.0
15:24,342.17,342.18,342.13,342.13,10749.0
15:25,342.18,342.21,342.15,342.15,12561.0
15:26,342.19,342.33,342.19,342.21,14028.0
15:27,342.24,342.24,342.18,342.19,10923.0
15:28,342.29,342.29,342.23,342.24,7103.0
15:29,342.25,342.31,342.22,342.3,10417.0
15:30,342.35,342.35,342.19,342.25,13589.0
15:31,342.36,342.4,342.3,342.34,15556.0
15:32,342.4,342.44,342.39,342.39,9650.0
15:33,342.33,342.41,342.3,342.41,6177.0
15:34,342.38,342.39,342.29,342.38,16041.0
15:35,342.28,342.33,342.27,342.32,14103.0
15:36,342.18,342.32,342.18,342.29,8623.0
15:37,342.18,342.22,342.1,342.16,10094.0
15:38,342.02,342.18,341.95,342.18,15050.0
15:39,342.0,342.07,341.98,342.0,8536.0
15:40,342.08,342.08,342.02,342.02,5515.0
15:41,342.08,342.18,342.05,342.08,15788.0
15:42,342.26,342.27,342.08,342.08,19163.0
15:43,342.39,342.47,342.26,342.27,21256.0
15:44,342.28,342.42,342.1,342.32,33156.0
15:45,342.17,342.36,341.94,342.36,45056.0
15:46,342.21,342.32,342.17,342.2,11680.0
15:47,342.21,342.27,342.13,342.21,9691.0
15:48,342.24,342.3,342.16,342.17,8742.0
15:49,342.24,342.31,342.19,342.26,12641.0
15:50,341.92,342.27,341.89,342.25,22081.0
15:51,341.95,342.0,341.91,341.96,18455.0
15:52,342.11,342.18,341.95,341.95,14266.0
15:53,342.08,342.16,342.07,342.12,12549.0
15:54,342.07,342.19,342.06,342.07,17309.0
15:55,342.4,342.41,342.06,342.1,42146.0
15:56,342.35,342.4,342.23,342.4,30840.0
15:57,342.3,342.38,342.16,342.33,37457.0
15:58,342.5,342.53,342.23,342.26,63459.0
15:59,342.5,342.64,342.35,342.53,143917.0
