Time,Close,High,Low,Open,Volume
09:30,106.18,106.37,106.15,106.2,40192.0
09:31,106.39,106.39,106.17,106.19,1485.0
09:32,106.43,106.49,106.25,106.3,111638.0
09:33,106.47,106.58,106.34,106.4,221792.0
09:34,106.54,106.56,106.44,106.47,98892.0
09:35,106.46,106.55,106.43,106.53,58183.0
09:36,106.53,106.57,106.45,106.46,118606.0
09:37,106.51,106.58,106.47,106.52,65245.0
09:38,106.45,106.58,106.42,106.52,38964.0
09:39,106.46,106.53,106.43,106.44,30726.0
09:40,106.56,106.56,106.44,106.44,32731.0
09:41,106.61,106.63,106.57,106.57,35182.0
09:42,106.86,106.86,106.6,106.62,62222.0
09:43,106.86,106.92,106.82,106.86,30742.0
09:44,106.89,106.94,106.86,106.86,17435.0
09:45,106.95,106.95,106.86,106.89,32134.0
09:46,106.92,106.95,106.87,106.88,20438.0
09:47,106.95,106.98,106.92,106.93,31625.0
09:48,106.97,107.0,106.91,106.94,30188.0
09:49,106.94,106.99,106.93,106.99,22742.0
09:50,106.86,106.97,106.81,106.95,40634.0
09:51,106.89,106.98,106.86,106.86,28964.0
09:52,106.79,106.9,106.78,106.89,20967.0
09:53,106.76,106.84,106.76,106.78,19728.0
09:54,106.61,106.81,106.61,106.79,44174.0
09:55,106.52,106.64,106.5,106.6,41500.0
09:56,106.48,106.56,106.46,106.53,41920.0
09:57,106.42,106.48,106.4,106.48,21094.0
09:58,106.4,106.42,106.39,106.42,28291.0
09:59,106.35,106.4,106.33,106.4,35129.0
10:00,106.22,106.38,106.22,106.36,39825.0
10:01,106.36,106.36,106.22,106.22,33023.0
10:02,106.53,106.53,106.37,106.37,33085.0
10:03,106.53,106.57,106.45,106.54,29612.0
10:04,106.51,106.56,106.42,106.51,29971.0
10:05,106.37,106.54,106.34,106.51,20371.0
10:06,106.4,106.47,106.36,106.37,14082.0
10:07,106.51,106.55,106.41,106.41,29111.0
10:08,106.6,106.61,106.51,106.51,29792.0
10:09,106.54,106.61,106.54,106.61,28266.0
10:10,106.56,106.58,106.52,106.55,19452.0
10:11,106.49,106.59,106.49,106.57,20645.0
10:12,106.53,106.54,106.41,106.48,27298.0
10:13,106.49,106.55,106.49,106.53,33697.0
10:14,106.59,106.6,106.56,106.57,18310.0
10:15,106.58,106.61,106.56,106.58,17665.0
10:16,106.68,106.68,106.58,106.59,17863.0
10:17,106.71,106.71,106.65,106.68,31006.0
10:18,106.69,106.73,106.69,106.72,26748.0
10:19,106.74,106.75,106.68,106.69,17048.0
10:20,106.73,106.76,106.72,106.74,16212.0
10:21,106.75,106.77,106.68,106.73,16577.0
10:22,106.84,106.85,106.74,106.76,26685.0
10:23,106.83,106.87,106.83,106.83,23461.0
10:24,106.87,106.89,106.85,106.85,40011.0
10:25,106.85,106.87,106.84,106.87,40316.0
10:26,106.91,106.92,106.83,106.85,30031.0
10:27,107.0,107.01,106.9,106.91,90453.0
10:28,107.06,107.06,106.96,106.99,57485.0
10:29,107.08,107.11,107.06,107.07,23097.0
10:30,107.02,107.12,107.01,107.08,24136.0
10:31,107.08,107.13,107.02,107.02,37422.0
10:32,107.06,107.1,107.05,107.1,17286.0
10:33,107.04,107.09,107.04,107.05,31299.0
10:34,107.13,107.14,107.04,107.04,65169.0
10:35,107.12,107.18,107.06,107.13,39842.0
10:36,107.19,107.19,107.11,107.13,21233.0
10:37,107.21,107.21,107.18,107.19,32494.0
10:38,107.25,107.28,107.19,107.2,30793.0
10:39,107.19,107.26,107.18,107.25,27386.0
10:40,107.17,107.22,107.16,107.2,15190.0
10:41,107.24,107.24,107.17,107.18,15617.0
10:42,107.07,107.23,107.07,107.23,25908.0
10:43,107.17,107.18,107.06,107.06,20224.0
10:44,107.17,107.21,107.14,107.18,21165.0
10:45,107.12,107.22,107.1,107.17,21312.0
10:46,107.04,107.12,107.02,107.12,24690.0
10:47,107.06,107.07,107.04,107.06,15893.0
10:48,107.15,107.18,107.05,107.05,26775.0
10:49,107.09,107.18,107.08,107.15,15624.0
10:50,107.06,107.1,107.01,107.08,24004.0
10:51,106.99,107.07,106.98,107.06,25212.0
10:52,107.03,107.03,106.93,106.99,29455.0
10:53,106.97,107.06,106.97,107.04,25092.0
10:54,106.99,106.99,106.93,106.96,16200.0
10:55,106.95,107.0,106.95,106.99,15695.0
10:56,106.95,106.97,106.94,106.96,24150.0
10:57,106.95,107.0,106.93,106.94,15114.0
10:58,106.94,106.97,106.92,106.95,17425.0
10:59,106.9,106.95,106.9,106.94,26951.0
11:00,106.92,106.93,106.85,106.91,25688.0
11:01,106.93,106.93,106.81,106.91,31580.0
11:02,106.98,106.98,106.91,106.92,21633.0
11:03,106.96,106.99,106.95,106.97,12744.0
11:04,106.99,107.06,106.95,106.95,19141.0
11:05,107.01,107.03,106.98,106.99,17350.0
11:06,106.99,107.01,106.99,107.0,3336.0
11:07,107.02,107.03,106.99,107.01,45475.0
11:08,107.06,107.06,106.99,107.02,87614.0
11:09,106.99,107.07,106.99,107.07,13742.0
11:10,107.0,107.03,106.94,107.0,14708.0
11:11,107.03,107.03,106.97,106.99,14890.0
11:12,107.03,107.04,106.98,107.0,28055.0
11:13,107.02,107.04,107.0,107.01,41220.0
11:14,107.02,107.05,107.01,107.01,54385.0
11:15,106.96,107.03,106.96,107.03,15188.0
11:16,106.89,106.96,106.89,106.96,14139.0
11:17,106.9,106.93,106.88,106.89,21029.0
11:18,106.89,106.94,106.89,106.91,12836.0
11:19,106.87,106.9,106.86,106.89,8620.0
11:20,106.93,106.93,106.87,106.87,9630.0
11:21,106.89,106.94,106.88,106.94,11800.0
11:22,106.8,106.89,106.78,106.89,12604.0
11:23,106.83,106.84,106.79,106.8,9883.0
11:24,106.9,106.91,106.83,106.84,39487.0
11:25,106.93,106.93,106.89,106.9,38930.0
11:26,106.94,106.96,106.89,106.93,45103.0
11:27,106.97,106.98,106.93,106.94,13090.0
11:28,106.94,106.97,106.91,106.97,12280.0
11:29,106.93,106.97,106.93,106.96,12440.0
11:30,106.93,106.96,106.9,106.93,19540.0
11:31,107.03,107.03,106.93,106.93,33733.0
11:32,107.05,107.05,107.01,107.04,12949.0
11:33,107.14,107.14,107.04,107.06,19267.0
11:34,107.18,107.2,107.12,107.13,58067.0
11:35,107.2,107.22,107.16,107.18,32531.0
11:36,107.21,107.23,107.18,107.2,33965.0
11:37,107.22,107.29,107.19,107.21,109027.0
11:38,107.25,107.28,107.21,107.22,44421.0
11:39,107.22,107.26,107.2,107.25,27773.0
11:40,107.2,107.26,107.17,107.23,44136.0
11:41,107.11,107.21,107.11,107.21,22648.0
11:42,107.07,107.12,107.05,107.11,80146.0
11:43,107.01,107.1,107.0,107.07,36711.0
11:44,106.99,107.04,106.96,107.02,35366.0
11:45,107.0,107.02,106.98,107.0,23727.0
11:46,106.96,106.99,106.93,106.99,69570.0
11:47,106.92,107.01,106.88,106.96,72073.0
11:48,106.93,106.94,106.84,106.9,61118.0
11:49,107.01,107.01,106.9,106.92,42195.0
11:50,107.01,107.01,106.95,107.0,44542.0
11:51,106.96,107.03,106.96,107.0,49156.0
11:52,107.01,107.01,106.93,106.96,37899.0
11:53,106.94,107.02,106.93,107.0,33618.0
11:54,106.93,106.96,106.86,106.94,37171.0
11:55,106.95,106.96,106.89,106.93,39833.0
11:56,106.93,106.96,106.86,106.93,22176.0
11:57,107.0,107.01,106.93,106.93,19711.0
11:58,106.89,107.0,106.89,107.0,19009.0
11:59,106.87,106.9,106.85,106.9,37794.0
12:00,106.81,106.87,106.79,106.87,27119.0
12:01,106.83,106.84,106.79,106.81,32559.0
12:02,106.83,106.88,106.82,106.83,30058.0
12:03,106.89,106.9,106.79,106.82,57838.0
12:04,106.9,106.9,106.86,106.88,14492.0
12:05,106.96,106.99,106.9,106.91,14300.0
12:06,107.01,107.01,106.95,106.96,32031.0
12:07,107.03,107.03,107.0,107.01,11359.0
12:08,107.05,107.06,107.02,107.03,14903.0
12:09,107.02,107.06,106.99,107.06,14689.0
12:10,106.98,107.02,106.96,107.02,16508.0
12:11,107.0,107.01,106.99,106.99,28119.0
12:12,107.0,107.01,106.93,107.0,68446.0
12:13,107.01,107.02,106.99,107.01,17405.0
12:14,107.0,107.06,107.0,107.01,21107.0
12:15,107.06,107.06,106.99,107.0,13191.0
12:16,107.0,107.06,107.0,107.06,15843.0
12:17,106.92,106.99,106.92,106.99,16471.0
12:18,106.99,106.99,106.92,106.92,22374.0
12:19,106.94,106.99,106.92,106.98,20969.0
12:20,107.01,107.01,106.93,106.94,16937.0
12:21,107.0,107.02,107.0,107.01,12517.0
12:22,107.04,107.04,107.0,107.0,22212.0
12:23,107.04,107.08,107.03,107.04,14337.0
12:24,107.07,107.07,107.03,107.04,7098.0
12:25,107.14,107.14,107.07,107.07,16464.0
12:26,107.13,107.14,107.13,107.14,9275.0
12:27,107.14,107.15,107.12,107.13,11373.0
12:28,107.14,107.14,107.11,107.14,10780.0
12:29,107.1,107.14,107.1,107.14,13027.0
12:30,107.06,107.11,107.06,107.1,7312.0
12:31,106.98,107.05,106.98,107.05,16477.0
12:32,106.94,107.0,106.93,106.99,20303.0
12:33,106.97,107.05,106.93,106.94,148644.0
12:34,106.96,107.04,106.94,106.97,138943.0
12:35,106.94,106.96,106.92,106.96,16703.0
12:36,106.92,106.94,106.9,106.94,13239.0
12:37,106.91,106.93,106.91,106.92,18785.0
12:38,106.93,106.94,106.92,106.92,21306.0
12:39,106.94,106.96,106.93,106.93,15540.0
12:40,106.94,106.98,106.91,106.93,25186.0
12:41,107.0,107.04,106.94,106.94,19150.0
12:42,107.03,107.03,107.0,107.0,9872.0
12:43,107.04,107.05,107.01,107.04,14256.0
12:44,107.03,107.05,107.01,107.04,16481.0
12:45,107.04,107.06,107.01,107.03,11636.0
12:46,107.04,107.04,107.01,107.03,9963.0
12:47,107.0,107.04,107.0,107.03,16435.0
12:48,107.0,107.0,106.96,107.0,14651.0
12:49,107.0,107.0,106.98,107.0,17863.0
12:50,106.95,107.0,106.94,106.99,45406.0
12:51,106.89,106.95,106.89,106.95,20720.0
12:52,106.93,106.94,106.85,106.89,23542.0
12:53,106.93,106.95,106.92,106.93,15146.0
12:54,106.94,106.94,106.92,106.93,10975.0
12:55,106.97,106.98,106.87,106.95,60742.0
12:56,106.96,106.99,106.92,106.97,41785.0
12:57,107.0,107.01,106.96,106.96,19380.0
12:58,106.99,107.02,106.96,107.01,17430.0
12:59,106.98,107.01,106.98,106.99,15705.0
13:00,106.98,107.0,106.95,107.0,29072.0
13:01,107.0,107.03,106.97,106.98,21672.0
13:02,107.0,107.02,107.0,107.0,12649.0
13:03,106.98,107.02,106.98,107.0,29800.0
13:04,106.97,107.0,106.96,106.99,17344.0
13:05,106.94,106.97,106.93,106.97,10155.0
13:06,106.93,106.95,106.91,106.94,20633.0
13:07,106.94,106.94,106.89,106.93,18862.0
13:08,106.99,106.99,106.93,106.93,16046.0
13:09,107.04,107.04,106.98,106.99,26035.0
13:10,107.05,107.06,107.03,107.04,16501.0
13:11,107.04,107.1,107.04,107.04,17150.0
13:12,107.03,107.05,107.01,107.04,12673.0
13:13,107.07,107.08,107.03,107.04,18646.0
13:14,107.06,107.08,107.05,107.07,16138.0
13:15,107.06,107.07,107.05,107.06,14668.0
13:16,107.09,107.1,107.06,107.06,27038.0
13:17,107.08,107.12,107.08,107.09,27937.0
13:18,107.12,107.12,107.07,107.08,19923.0
13:19,107.14,107.14,107.11,107.13,16948.0
13:20,107.18,107.18,107.11,107.14,14903.0
13:21,107.18,107.19,107.13,107.18,19497.0
13:22,107.18,107.2,107.16,107.18,23590.0
13:23,107.22,107.22,107.18,107.18,13419.0
13:24,107.13,107.22,107.11,107.21,46855.0
13:25,107.14,107.17,107.13,107.13,27336.0
13:26,107.22,107.23,107.14,107.14,24759.0
13:27,107.26,107.28,107.22,107.22,46413.0
13:28,107.25,107.26,107.24,107.25,26919.0
13:29,107.18,107.25,107.18,107.25,29427.0
13:30,107.18,107.21,107.17,107.19,22394.0
13:31,107.1,107.18,107.09,107.18,60448.0
13:32,107.0,107.1,107.0,107.09,40450.0
13:33,106.96,107.02,106.96,107.01,20145.0
13:34,106.94,106.99,106.94,106.96,15965.0
13:35,106.99,107.0,106.94,106.95,17543.0
13:36,107.0,107.02,106.99,106.99,14057.0
13:37,107.08,107.09,106.95,107.0,34770.0
13:38,107.09,107.11,107.04,107.09,31661.0
13:39,107.11,107.12,107.08,107.09,17044.0
13:40,107.09,107.13,107.08,107.11,17402.0
13:41,107.12,107.13,107.07,107.08,13657.0
13:42,107.1,107.15,107.1,107.12,16349.0
13:43,107.12,107.13,107.08,107.09,11870.0
13:44,107.11,107.14,107.11,107.13,15041.0
13:45,107.08,107.14,107.08,107.1,10853.0
13:46,107.08,107.1,107.06,107.09,10437.0
13:47,107.04,107.1,107.04,107.09,16254.0
13:48,107.06,107.07,107.04,107.04,9310.0
13:49,107.11,107.11,107.07,107.07,15270.0
13:50,107.11,107.14,107.1,107.11,16152.0
13:51,107.13,107.14,107.11,107.12,12516.0
13:52,107.15,107.15,107.11,107.12,9821.0
13:53,107.13,107.16,107.13,107.14,10518.0
13:54,107.12,107.15,107.11,107.13,13676.0
13:55,107.11,107.14,107.1,107.12,24872.0
13:56,107.04,107.11,107.03,107.11,14243.0
13:57,107.05,107.06,107.03,107.05,16203.0
13:58,107.01,107.07,107.01,107.05,36648.0
13:59,107.02,107.03,107.01,107.02,9470.0
14:00,107.0,107.01,106.98,107.01,65415.0
14:01,107.02,107.03,106.96,106.98,36752.0
14:02,107.02,107.06,107.02,107.03,22154.0
14:03,106.99,107.03,106.99,107.01,33341.0
14:04,107.02,107.03,106.99,106.99,26266.0
14:05,107.07,107.08,107.03,107.03,27717.0
14:06,107.04,107.08,107.04,107.07,17086.0
14:07,107.04,107.05,107.03,107.05,13830.0
14:08,107.07,107.09,107.04,107.04,18088.0
14:09,107.1,107.11,107.07,107.07,11599.0
14:10,107.07,107.11,107.07,107.11,15421.0
14:11,107.04,107.11,107.04,107.08,11354.0
14:12,107.0,107.04,107.0,107.04,10533.0
14:13,107.04,107.04,107.01,107.01,14206.0
14:14,107.0,107.05,107.0,107.04,15717.0
14:15,106.97,107.01,106.96,107.0,21532.0
14:16,106.89,106.97,106.89,106.97,23850.0
14:17,106.82,106.89,106.8,106.89,65406.0
14:18,106.82,106.84,106.8,106.83,26029.0
14:19,106.79,106.85,106.76,106.82,23996.0
14:20,106.75,106.79,106.74,106.79,30214.0
14:21,106.68,106.75,106.68,106.75,50360.0
14:22,106.69,106.72,106.68,106.68,11540.0
14:23,106.72,106.74,106.69,106.69,15043.0
14:24,106.69,106.72,106.68,106.71,17851.0
14:25,106.69,106.7,106.67,106.68,17501.0
14:26,106.7,106.72,106.68,106.69,26863.0
14:27,106.74,106.74,106.69,106.69,12414.0
14:28,106.72,106.77,106.72,106.75,26681.0
14:29,106.74,106.74,106.7,106.73,16570.0
14:30,106.68,106.77,106.66,106.74,36313.0
14:31,106.65,106.68,106.65,106.68,27571.0
14:32,106.68,106.72,106.65,106.65,16918.0
14:33,106.65,106.7,106.65,106.68,10500.0
14:34,106.66,106.66,106.62,106.65,9186.0
14:35,106.69,106.7,106.67,106.68,9758.0
14:36,106.68,106.71,106.67,106.69,11173.0
14:37,106.73,106.78,106.68,106.68,52439.0
14:38,106.79,106.79,106.73,106.73,11583.0
14:39,106.82,106.82,106.78,106.79,14715.0
14:40,106.84,106.85,106.82,106.82,20436.0
14:41,106.82,106.84,106.81,106.84,10621.0
14:42,106.81,106.84,106.8,106.83,11436.0
14:43,106.78,106.81,106.77,106.8,10464.0
14:44,106.82,106.82,106.76,106.77,15101.0
14:45,106.86,106.87,106.82,106.82,9787.0
14:46,106.88,106.88,106.83,106.86,21988.0
14:47,106.87,106.89,106.86,106.88,13005.0
14:48,106.91,106.92,106.87,106.87,15080.0
14:49,106.93,106.94,106.9,106.9,11732.0
14:50,106.93,106.95,106.92,106.94,17186.0
14:51,106.96,106.97,106.93,106.93,10478.0
14:52,106.99,107.0,106.96,106.97,19300.0
14:53,106.99,107.01,106.98,106.99,14900.0
14:54,106.98,107.0,106.98,106.99,14472.0
14:55,106.97,106.99,106.95,106.97,13882.0
14:56,107.0,107.0,106.97,106.97,10945.0
14:57,107.03,107.04,107.0,107.01,19302.0
14:58,107.02,107.04,107.02,107.03,12306.0
14:59,107.01,107.04,107.01,107.03,20993.0
15:00,107.04,107.05,107.01,107.01,17136.0
15:01,107.04,107.06,107.03,107.04,15861.0
15:02,107.07,107.07,107.04,107.05,16219.0
15:03,107.05,107.08,107.05,107.07,15569.0
15:04,107.1,107.11,107.05,107.05,26902.0
15:05,107.11,107.11,107.08,107.11,19479.0
15:06,107.12,107.12,107.1,107.11,18210.0
15:07,107.14,107.15,107.12,107.12,46569.0
15:08,107.17,107.18,107.14,107.15,20898.0
15:09,107.18,107.19,107.16,107.17,16612.0
15:10,107.19,107.2,107.15,107.18,15954.0
15:11,107.17,107.19,107.16,107.19,15946.0
15:12,107.18,107.18,107.15,107.16,18089.0
15:13,107.14,107.18,107.13,107.18,17005.0
15:14,107.14,107.15,107.13,107.14,16554.0
15:15,107.15,107.17,107.13,107.14,22071.0
15:16,107.18,107.18,107.15,107.15,12033.0
15:17,107.2,107.21,107.17,107.18,29075.0
15:18,107.22,107.23,107.21,107.21,14078.0
15:19,107.24,107.25,107.22,107.22,43155.0
15:20,107.24,107.25,107.22,107.23,18573.0
15:21,107.27,107.28,107.24,107.24,21782.0
15:22,107.31,107.31,107.27,107.27,44307.0
15:23,107.3,107.32,107.3,107.31,22100.0
15:24,107.31,107.31,107.29,107.31,18691.0
15:25,107.21,107.31,107.21,107.31,33456.0
15:26,107.19,107.21,107.19,107.21,14952.0
15:27,107.18,107.21,107.18,107.2,19782.0
15:28,107.21,107.21,107.18,107.19,20808.0
15:29,107.2,107.22,107.19,107.22,12676.0
15:30,107.18,107.2,107.18,107.19,14707.0
15:31,107.14,107.17,107.14,107.17,14630.0
15:32,107.15,107.15,107.1,107.14,29744.0
15:33,107.18,107.19,107.15,107.16,27761.0
15:34,107.18,107.21,107.16,107.19,33449.0
15:35,107.18,107.19,107.16,107.17,20764.0
15:36,107.18,107.18,107.14,107.18,22649.0
15:37,107.21,107.21,107.17,107.18,31576.0
15:38,107.18,107.21,107.17,107.21,21447.0
15:39,107.21,107.21,107.18,107.18,28851.0
15:40,107.21,107.22,107.19,107.21,35467.0
15:41,107.18,107.22,107.17,107.21,27297.0
15:42,107.14,107.18,107.13,107.18,27445.0
15:43,107.17,107.17,107.12,107.13,16511.0
15:44,107.15,107.18,107.12,107.15,43214.0
15:45,107.12,107.18,107.12,107.17,69918.0
15:46,107.11,107.14,107.11,107.12,33140.0
15:47,107.11,107.12,107.06,107.11,63499.0
15:48,107.18,107.18,107.11,107.11,38106.0
15:49,107.18,107.22,107.18,107.18,40039.0
15:50,107.16,107.24,107.13,107.18,61685.0
15:51,107.19,107.19,107.15,107.16,36579.0
15:52,107.14,107.21,107.11,107.19,67778.0
15:53,107.1,107.14,107.06,107.14,32459.0
15:54,107.14,107.17,107.1,107.1,54045.0
15:55,107.19,107.21,107.11,107.13,182937.0
15:56,107.25,107.25,107.18,107.18,104179.0
15:57,107.26,107.29,107.25,107.25,120763.0
15:58,107.31,107.32,107.25,107.26,149481.0
15:59,107.43,107.46,107.32,107.32,402604.0
