Time,Close,High,Low,Open,Volume
09:30,388.73,389.17,388.17,388.51,536425.0
09:31,388.45,389.18,388.06,388.91,158510.0
09:32,388.62,388.86,388.09,388.1,51563.0
09:33,389.33,389.89,388.7,388.7,96731.0
09:34,390.02,390.41,388.76,389.26,57882.0
09:35,389.87,390.2,389.57,390.04,41535.0
09:36,389.18,389.72,389.0,389.7,43915.0
09:37,389.71,389.92,388.95,389.02,25751.0
09:38,390.0,390.08,389.65,389.83,31698.0
09:39,390.64,390.76,390.01,390.01,41277.0
09:40,390.95,391.12,390.45,390.57,57371.0
09:41,390.77,390.97,390.69,390.9,48873.0
09:42,391.5,391.89,390.53,390.79,66888.0
09:43,391.2,391.6,391.12,391.4,33339.0
09:44,390.99,391.36,390.92,391.19,37804.0
09:45,390.55,391.06,390.34,390.99,55728.0
09:46,390.61,390.76,390.22,390.49,31145.0
09:47,390.37,390.77,390.3,390.61,32412.0
09:48,390.76,390.87,390.44,390.44,31345.0
09:49,390.53,390.92,390.52,390.87,26255.0
09:50,390.88,390.88,390.53,390.61,28211.0
09:51,391.02,391.3,390.73,390.86,34806.0
09:52,391.0,391.31,390.82,391.08,35316.0
09:53,391.07,391.19,390.88,390.92,35004.0
09:54,391.1,391.32,391.05,391.16,34204.0
09:55,390.99,391.16,390.82,391.14,64825.0
09:56,390.69,391.03,390.49,391.0,40442.0
09:57,390.23,391.01,390.19,390.69,44136.0
09:58,390.23,390.25,389.91,390.16,74280.0
09:59,389.7,390.34,389.57,390.23,42073.0
10:00,389.32,389.98,389.32,389.7,48249.0
10:01,389.29,389.48,388.99,389.32,38632.0
10:02,389.51,389.57,389.0,389.12,29116.0
10:03,389.36,389.56,389.28,389.44,20123.0
10:04,389.17,389.4,389.13,389.34,14284.0
10:05,389.25,389.43,388.81,389.2,55571.0
10:06,388.89,389.41,388.82,389.33,45649.0
10:07,389.05,389.12,388.76,388.97,45735.0
10:08,388.81,389.07,388.5,389.06,42898.0
10:09,388.48,388.89,388.38,388.81,32906.0
10:10,388.98,389.01,388.39,388.48,31786.0
10:11,389.18,389.33,388.82,388.94,45982.0
10:12,389.51,389.57,389.03,389.18,53205.0
10:13,389.14,389.85,389.12,389.57,106561.0
10:14,388.64,389.32,388.48,389.32,59419.0
10:15,388.64,388.74,388.33,388.69,31846.0
10:16,388.51,388.89,388.41,388.65,40514.0
10:17,388.07,388.59,387.63,388.4,145587.0
10:18,387.5,388.31,387.49,388.09,57391.0
10:19,387.04,387.57,386.56,387.55,95413.0
10:20,386.91,387.1,386.05,386.9,82853.0
10:21,387.15,387.19,386.5,386.89,72357.0
10:22,387.58,387.87,387.11,387.19,85883.0
10:23,387.35,387.8,387.35,387.78,31849.0
10:24,387.24,387.66,387.19,387.38,38852.0
10:25,386.62,387.39,386.62,387.38,43263.0
10:26,385.92,386.8,385.9,386.65,122556.0
10:27,386.19,386.5,385.95,385.99,177057.0
10:28,387.0,387.1,386.36,386.38,46373.0
10:29,386.88,387.23,386.85,387.0,38248.0
10:30,387.36,387.39,386.84,386.91,29329.0
10:31,386.85,387.52,386.85,387.4,38111.0
10:32,387.34,387.37,386.82,387.02,42717.0
10:33,387.51,387.71,387.44,387.44,31629.0
10:34,387.81,387.87,387.42,387.57,38568.0
10:35,387.69,388.37,387.58,387.81,89980.0
10:36,387.85,388.15,387.68,387.78,51661.0
10:37,387.68,387.95,387.48,387.86,38427.0
10:38,387.46,387.95,387.46,387.66,55658.0
10:39,387.54,387.57,387.3,387.57,42107.0
10:40,387.5,387.59,387.17,387.58,23747.0
10:41,387.83,387.85,387.4,387.61,25359.0
10:42,388.11,388.32,387.84,387.88,29848.0
10:43,388.76,388.77,388.1,388.14,32405.0
10:44,388.8,388.9,388.57,388.77,71928.0
10:45,388.86,389.04,388.72,388.82,27151.0
10:46,388.41,388.86,387.2,388.86,144344.0
10:47,388.01,388.52,387.84,388.42,57458.0
10:48,387.93,388.0,387.63,387.92,34260.0
10:49,388.57,388.57,387.77,388.0,21418.0
10:50,388.09,388.52,387.93,388.52,32920.0
10:51,388.5,388.5,387.93,387.93,29764.0
10:52,388.14,388.66,388.14,388.43,22168.0
10:53,388.4,388.68,388.13,388.18,18454.0
10:54,388.69,388.75,388.42,388.43,27791.0
10:55,388.76,388.83,388.45,388.68,30468.0
10:56,388.96,389.16,388.78,388.78,30475.0
10:57,389.18,389.37,388.97,389.05,21889.0
10:58,388.93,389.18,388.8,389.18,49728.0
10:59,388.67,389.25,388.67,388.97,28275.0
11:00,389.18,389.27,388.62,388.8,29457.0
11:01,389.19,389.28,389.09,389.19,21306.0
11:02,389.25,389.41,389.05,389.21,45284.0
11:03,389.26,389.36,388.98,389.23,23379.0
11:04,389.32,389.4,389.1,389.18,24255.0
11:05,389.53,389.53,389.18,389.31,37995.0
11:06,389.16,389.57,389.1,389.5,42394.0
11:07,388.88,389.21,388.76,389.21,26415.0
11:08,388.92,389.02,388.72,388.91,30751.0
11:09,389.07,389.09,388.72,388.93,16875.0
11:10,389.2,389.2,388.66,389.03,26178.0
11:11,388.92,389.37,388.7,389.13,72511.0
11:12,389.19,389.3,388.82,388.83,19912.0
11:13,388.86,389.28,388.86,389.19,20710.0
11:14,389.14,389.27,388.96,388.96,19909.0
11:15,389.15,389.37,389.07,389.16,25974.0
11:16,389.1,389.3,388.96,389.15,19248.0
11:17,389.05,389.21,388.83,388.98,150633.0
11:18,389.0,389.14,388.98,389.13,16124.0
11:19,388.94,389.01,388.85,388.97,19565.0
11:20,389.3,389.3,388.93,388.94,27965.0
11:21,388.97,389.16,388.77,389.15,17147.0
11:22,389.01,389.14,388.9,388.95,23288.0
11:23,389.01,389.08,388.93,389.01,33393.0
11:24,389.04,389.27,389.01,389.01,22690.0
11:25,388.27,389.04,388.23,389.04,34614.0
11:26,388.08,388.25,387.89,388.19,36347.0
11:27,388.14,388.37,388.07,388.1,34774.0
11:28,388.1,388.17,387.94,388.14,18101.0
11:29,387.88,388.08,387.8,388.02,26200.0
11:30,388.09,388.09,387.65,387.83,23811.0
11:31,388.65,388.69,388.08,388.08,26156.0
11:32,388.53,388.79,388.41,388.71,26393.0
11:33,388.54,388.57,388.38,388.51,32808.0
11:34,387.94,388.39,387.94,388.36,417182.0
11:35,388.11,388.2,387.55,388.01,18291.0
11:36,387.79,388.08,387.72,388.06,13554.0
11:37,387.65,387.72,387.45,387.68,23933.0
11:38,387.38,387.7,387.25,387.7,10260.0
11:39,387.67,387.7,387.44,387.5,13723.0
11:40,387.83,387.83,387.57,387.69,18246.0
11:41,387.79,387.94,387.68,387.77,21964.0
11:42,387.63,387.86,387.63,387.8,8617.0
11:43,387.76,387.9,387.63,387.67,13008.0
11:44,387.72,387.83,387.64,387.77,6206.0
11:45,387.75,387.81,387.49,387.7,35971.0
11:46,387.5,387.79,387.49,387.71,14565.0
11:47,387.25,387.5,387.11,387.49,28672.0
11:48,386.79,387.23,386.67,387.23,17794.0
11:49,386.77,386.81,386.61,386.76,31329.0
11:50,386.58,386.93,386.58,386.81,57332.0
11:51,386.36,386.54,386.36,386.5,41686.0
11:52,387.56,387.56,386.4,386.47,125841.0
11:53,387.79,387.86,387.47,387.54,32297.0
11:54,387.61,387.96,387.57,387.74,13009.0
11:55,387.54,387.7,387.41,387.68,20111.0
11:56,387.19,387.64,387.15,387.49,10527.0
11:57,387.55,387.62,387.16,387.16,19725.0
11:58,387.57,387.67,387.29,387.6,26168.0
11:59,387.49,387.57,387.43,387.57,23024.0
12:00,387.43,387.54,387.35,387.5,31101.0
12:01,387.72,387.75,387.42,387.43,42051.0
12:02,387.85,387.89,387.7,387.78,24641.0
12:03,387.92,387.95,387.76,387.85,18315.0
12:04,387.74,387.96,387.63,387.83,16710.0
12:05,387.72,387.92,387.65,387.68,6299.0
12:06,387.73,387.73,387.61,387.72,14936.0
12:07,387.41,387.71,387.41,387.71,21328.0
12:08,387.24,387.4,387.14,387.4,13434.0
12:09,387.31,387.34,387.21,387.24,11013.0
12:10,387.4,387.48,387.25,387.32,22690.0
12:11,387.53,387.69,387.43,387.43,48217.0
12:12,387.32,387.58,387.18,387.47,19708.0
12:13,387.3,387.45,387.22,387.41,12012.0
12:14,387.52,387.52,387.22,387.35,10499.0
12:15,387.64,387.75,387.52,387.52,20127.0
12:16,387.65,387.79,387.58,387.7,8856.0
12:17,387.43,387.65,387.43,387.63,21713.0
12:18,387.48,387.56,387.31,387.49,13595.0
12:19,387.8,387.87,387.47,387.56,25411.0
12:20,387.89,387.95,387.59,387.77,17038.0
12:21,387.82,388.06,387.81,387.89,18046.0
12:22,388.2,388.25,387.84,387.88,15657.0
12:23,388.32,388.33,388.13,388.28,14205.0
12:24,388.32,388.4,388.25,388.3,14822.0
12:25,388.46,388.59,388.28,388.32,37659.0
12:26,388.53,388.6,388.41,388.44,31253.0
12:27,388.4,388.52,388.34,388.47,29326.0
12:28,388.33,388.46,388.23,388.4,22753.0
12:29,388.39,388.43,388.27,388.41,8971.0
12:30,388.52,388.52,388.25,388.35,17450.0
12:31,388.3,388.56,388.3,388.55,10393.0
12:32,388.33,388.5,388.33,388.33,5977.0
12:33,388.13,388.41,388.1,388.41,13716.0
12:34,388.08,388.18,388.04,388.14,7978.0
12:35,388.07,388.2,388.06,388.08,11026.0
12:36,387.85,388.14,387.82,388.14,21413.0
12:37,387.7,387.85,387.66,387.85,7618.0
12:38,387.61,387.67,387.49,387.65,19160.0
12:39,387.42,387.67,387.35,387.67,11342.0
12:40,387.36,387.48,387.2,387.39,35805.0
12:41,386.99,387.38,386.89,387.36,26435.0
12:42,387.08,387.16,386.91,386.97,18067.0
12:43,387.16,387.17,387.03,387.13,24037.0
12:44,387.23,387.25,387.06,387.09,39049.0
12:45,387.27,387.33,387.21,387.23,15267.0
12:46,387.19,387.4,387.19,387.27,25058.0
12:47,387.43,387.47,387.19,387.19,26575.0
12:48,386.96,387.4,386.87,387.4,18783.0
12:49,386.9,387.01,386.86,386.96,19853.0
12:50,386.55,386.95,386.55,386.9,19527.0
12:51,386.44,386.63,386.4,386.61,21238.0
12:52,386.44,386.59,386.3,386.46,32233.0
12:53,386.12,386.44,386.12,386.38,34242.0
12:54,385.85,386.25,385.85,386.18,29255.0
12:55,385.72,385.9,385.52,385.85,40163.0
12:56,385.75,385.91,385.65,385.7,18600.0
12:57,385.42,385.79,385.39,385.74,20429.0
12:58,385.64,385.66,385.39,385.52,17395.0
12:59,385.68,385.8,385.63,385.63,20849.0
13:00,385.55,385.97,385.52,385.67,35038.0
13:01,386.02,386.08,385.58,385.61,30285.0
13:02,385.97,386.15,385.85,386.02,46283.0
13:03,386.19,386.2,385.91,385.96,24179.0
13:04,386.21,386.32,386.0,386.19,54341.0
13:05,386.38,386.6,386.26,386.26,25607.0
13:06,386.36,386.52,386.28,386.37,20757.0
13:07,386.33,386.4,386.21,386.32,19736.0
13:08,386.11,386.27,385.88,386.27,37507.0
13:09,385.82,386.28,385.76,386.11,24034.0
13:10,386.02,386.03,385.72,385.81,16705.0
13:11,386.06,386.12,385.99,386.09,26295.0
13:12,385.95,386.08,385.81,386.06,13745.0
13:13,386.49,386.6,386.12,386.12,11466.0
13:14,386.46,386.59,386.35,386.43,12191.0
13:15,386.36,386.5,386.23,386.45,11288.0
13:16,385.95,386.5,385.85,386.25,28737.0
13:17,385.69,385.93,385.6,385.92,17978.0
13:18,385.89,385.97,385.51,385.51,28906.0
13:19,385.68,385.97,385.58,385.89,16339.0
13:20,385.49,385.71,385.42,385.64,36113.0
13:21,385.29,385.59,385.24,385.49,35002.0
13:22,385.0,385.39,384.91,385.32,51069.0
13:23,384.7,385.05,384.5,385.05,35153.0
13:24,384.76,384.8,384.6,384.72,22906.0
13:25,384.7,385.01,384.64,384.92,13869.0
13:26,384.93,384.98,384.67,384.73,26998.0
13:27,384.83,385.0,384.77,384.93,20917.0
13:28,384.93,385.0,384.73,384.83,25905.0
13:29,384.79,384.97,384.68,384.97,16378.0
13:30,385.3,385.42,384.78,384.8,79753.0
13:31,385.21,385.42,385.07,385.42,29496.0
13:32,385.1,385.36,385.05,385.21,24218.0
13:33,385.04,385.26,384.99,385.14,20094.0
13:34,384.89,385.03,384.81,385.0,30319.0
13:35,384.92,384.99,384.74,384.74,29155.0
13:36,384.81,384.9,384.5,384.81,84355.0
13:37,385.16,385.16,384.83,384.83,29756.0
13:38,385.2,385.41,385.12,385.17,17746.0
13:39,385.38,385.42,385.15,385.18,14029.0
13:40,385.7,385.74,385.37,385.39,18835.0
13:41,385.48,385.71,385.4,385.66,15274.0
13:42,385.65,385.73,385.42,385.45,7816.0
13:43,385.64,385.68,385.44,385.56,10666.0
13:44,385.66,385.8,385.64,385.71,16587.0
13:45,385.48,385.8,385.39,385.71,14206.0
13:46,385.72,385.75,385.64,385.64,6283.0
13:47,385.76,385.83,385.69,385.72,10244.0
13:48,385.86,385.86,385.44,385.74,16238.0
13:49,385.83,385.93,385.67,385.74,9963.0
13:50,385.67,385.84,385.57,385.77,12764.0
13:51,385.41,385.73,385.35,385.71,10674.0
13:52,385.3,385.52,385.19,385.46,11864.0
13:53,384.64,385.3,384.64,385.28,22709.0
13:54,384.69,385.0,384.69,384.75,14061.0
13:55,384.57,384.87,384.51,384.67,33813.0
13:56,384.61,384.75,384.52,384.57,50504.0
13:57,384.73,384.8,384.53,384.61,22909.0
13:58,385.27,385.33,384.74,384.76,24139.0
13:59,385.2,385.25,385.13,385.2,15769.0
14:00,385.4,385.45,385.1,385.12,13230.0
14:01,385.06,385.36,384.93,385.33,12942.0
14:02,385.02,385.21,384.93,385.04,12267.0
14:03,385.07,385.09,384.76,385.05,18470.0
14:04,385.2,385.21,384.9,385.11,19235.0
14:05,384.7,385.14,384.7,385.11,13374.0
14:06,384.84,384.86,384.62,384.62,19860.0
14:07,385.17,385.17,384.61,384.86,18841.0
14:08,385.2,385.33,385.11,385.15,13045.0
14:09,385.36,385.43,385.07,385.2,19740.0
14:10,385.37,385.49,385.24,385.43,11191.0
14:11,385.17,385.39,385.17,385.37,13768.0
14:12,385.24,385.32,385.04,385.19,13468.0
14:13,384.95,385.27,384.92,385.2,15122.0
14:14,384.93,384.99,384.7,384.93,15820.0
14:15,384.61,385.03,384.61,384.92,13563.0
14:16,384.92,385.05,384.58,384.58,14904.0
14:17,384.89,384.96,384.76,384.86,11562.0
14:18,385.01,385.06,384.85,384.93,17833.0
14:19,384.85,385.06,384.7,385.06,15869.0
14:20,384.93,385.02,384.79,384.9,24420.0
14:21,384.98,384.98,384.79,384.91,9020.0
14:22,385.41,385.45,384.93,384.93,22888.0
14:23,385.29,385.55,385.29,385.39,24842.0
14:24,385.4,385.41,385.25,385.25,11011.0
14:25,385.7,386.0,385.3,385.3,31284.0
14:26,385.88,385.97,385.69,385.76,21047.0
14:27,385.6,385.87,385.39,385.78,18625.0
14:28,385.61,385.78,385.52,385.52,19083.0
14:29,385.68,385.83,385.42,385.65,33717.0
14:30,385.63,385.8,385.6,385.67,10592.0
14:31,385.83,385.86,385.72,385.72,16423.0
14:32,386.06,386.11,385.75,385.83,20199.0
14:33,385.95,386.18,385.92,386.18,12778.0
14:34,386.05,386.2,385.99,386.02,8866.0
14:35,386.09,386.22,386.0,386.05,21560.0
14:36,386.13,386.23,386.06,386.09,18949.0
14:37,385.81,386.19,385.68,386.15,13153.0
14:38,385.58,385.79,385.54,385.76,9095.0
14:39,385.6,385.64,385.56,385.58,20923.0
14:40,385.5,385.64,385.46,385.56,10160.0
14:41,385.73,385.8,385.47,385.47,10695.0
14:42,385.67,385.81,385.59,385.8,14896.0
14:43,385.67,385.73,385.6,385.71,12616.0
14:44,386.04,386.05,385.7,385.74,27090.0
14:45,386.32,386.41,386.0,386.0,24920.0
14:46,386.08,386.42,386.05,386.27,26940.0
14:47,385.92,386.14,385.92,386.12,8621.0
14:48,385.75,386.01,385.52,386.0,278708.0
14:49,385.65,385.79,385.6,385.74,13041.0
14:50,385.73,385.75,385.5,385.68,22083.0
14:51,385.63,385.72,385.48,385.7,14813.0
14:52,385.4,385.62,385.3,385.55,16469.0
14:53,385.61,385.68,385.4,385.45,19666.0
14:54,385.65,385.78,385.52,385.57,11906.0
14:55,385.7,385.83,385.57,385.65,14884.0
14:56,385.73,385.88,385.64,385.72,17237.0
14:57,385.94,385.94,385.67,385.67,15706.0
14:58,385.96,386.11,385.78,385.89,30168.0
14:59,385.79,386.03,385.77,385.94,11345.0
15:00,385.76,385.85,385.71,385.77,14579.0
15:01,385.36,385.71,385.36,385.71,18730.0
15:02,385.32,385.48,385.27,385.36,21888.0
15:03,385.16,385.32,385.1,385.32,19363.0
15:04,385.42,385.48,385.17,385.17,19290.0
15:05,385.41,385.53,385.41,385.47,13292.0
15:06,385.59,385.59,385.47,385.51,11640.0
15:07,385.4,385.63,385.39,385.59,10470.0
15:08,385.3,385.55,385.3,385.39,12668.0
15:09,385.28,385.31,385.21,385.3,16150.0
15:10,385.33,385.33,385.18,385.26,16863.0
15:11,385.01,385.31,384.98,385.28,24463.0
15:12,385.14,385.21,384.85,384.98,35507.0
15:13,385.31,385.37,385.14,385.19,28027.0
15:14,385.46,385.54,385.31,385.34,47769.0
15:15,385.54,385.66,385.27,385.46,38438.0
15:16,385.7,385.7,385.51,385.58,13250.0
15:17,385.66,385.66,385.48,385.64,24924.0
15:18,385.5,385.67,385.46,385.67,22802.0
15:19,385.61,385.65,385.49,385.5,13299.0
15:20,385.54,385.66,385.38,385.59,28524.0
15:21,385.62,385.62,385.46,385.51,20498.0
15:22,385.84,385.92,385.46,385.62,24159.0
15:23,385.26,385.81,385.24,385.81,18541.0
15:24,385.24,385.33,385.07,385.33,18835.0
15:25,385.01,385.16,384.91,385.16,23227.0
15:26,385.08,385.08,384.96,385.01,14058.0
15:27,384.94,385.07,384.76,385.07,38970.0
15:28,385.11,385.12,384.85,384.87,21683.0
15:29,385.49,385.49,385.11,385.12,22415.0
15:30,385.49,385.7,385.34,385.48,26902.0
15:31,385.29,385.58,385.29,385.49,20850.0
15:32,385.61,385.68,385.3,385.3,17845.0
15:33,385.53,385.69,385.42,385.57,19565.0
15:34,385.37,385.55,385.36,385.5,13426.0
15:35,385.63,385.7,385.29,385.33,27459.0
15:36,385.33,385.79,385.29,385.64,33157.0
15:37,385.38,385.56,385.29,385.29,21294.0
15:38,385.07,385.39,384.96,385.37,32453.0
15:39,384.89,385.07,384.83,385.02,44832.0
15:40,384.95,385.12,384.91,384.97,19229.0
15:41,384.95,384.95,384.91,384.91,1553.0
15:42,385.03,385.04,384.98,385.01,48744.0
15:43,384.94,385.14,384.94,385.05,23843.0
15:44,384.95,385.01,384.86,384.96,29493.0
15:45,384.83,384.99,384.65,384.93,34547.0
15:46,384.54,384.89,384.53,384.83,30308.0
15:47,384.52,384.54,384.21,384.5,47375.0
15:48,384.42,384.67,384.36,384.54,19294.0
15:49,384.55,384.68,384.42,384.42,30457.0
15:50,385.47,385.57,384.4,384.5,107332.0
15:51,385.61,385.77,385.38,385.45,41599.0
15:52,385.9,386.0,385.5,385.56,47096.0
15:53,385.7,385.93,385.65,385.87,47617.0
15:54,385.7,385.86,385.37,385.67,73813.0
15:55,385.98,386.07,385.48,385.7,128692.0
15:56,386.2,386.21,385.8,385.98,75647.0
15:57,386.0,386.21,385.92,386.19,102472.0
15:58,385.89,386.12,385.85,386.05,126066.0
15:59,385.6,385.96,385.34,385.91,457222.0
