Time,Close,High,Low,Open,Volume
09:30,455.83,455.9,454.25,454.94,1329540.0
09:31,456.19,456.37,455.45,455.9,108946.0
09:32,455.39,456.15,455.39,456.15,72040.0
09:33,455.77,455.77,455.24,455.38,56421.0
09:34,455.82,455.86,455.3,455.67,98956.0
09:35,456.0,456.28,455.7,455.76,44132.0
09:36,455.6,455.85,455.51,455.85,116369.0
09:37,455.88,455.88,455.43,455.6,69814.0
09:38,455.74,455.99,455.61,455.89,30327.0
09:39,456.18,456.24,455.53,455.68,28385.0
09:40,455.68,456.23,455.6,456.18,35398.0
09:41,455.09,455.7,455.03,455.67,62435.0
09:42,455.5,455.5,454.87,455.12,51932.0
09:43,455.32,455.58,455.27,455.53,33018.0
09:44,455.35,455.5,455.25,455.36,17377.0
09:45,455.62,455.88,455.35,455.35,29407.0
09:46,455.76,455.92,455.63,455.73,23940.0
09:47,455.43,455.86,455.35,455.71,35078.0
09:48,455.27,455.77,455.24,455.4,25483.0
09:49,455.58,455.6,455.24,455.24,54188.0
09:50,455.68,455.85,455.51,455.58,32369.0
09:51,456.04,456.04,455.55,455.73,33560.0
09:52,455.76,456.08,455.76,456.0,26323.0
09:53,455.46,455.89,455.27,455.81,48368.0
09:54,455.55,455.79,455.38,455.38,20967.0
09:55,456.03,456.28,455.62,455.66,28481.0
09:56,456.21,456.33,455.97,456.0,17097.0
09:57,456.14,456.38,456.14,456.2,20694.0
09:58,456.01,456.27,455.89,456.21,20734.0
09:59,456.06,456.1,455.94,455.97,72198.0
10:00,455.9,456.62,455.82,456.11,138225.0
10:01,456.2,457.5,455.6,455.93,152671.0
10:02,455.78,456.4,455.64,456.19,58747.0
10:03,455.67,455.82,455.3,455.81,36805.0
10:04,455.6,455.72,455.38,455.71,33469.0
10:05,455.94,455.95,455.42,455.69,29525.0
10:06,456.27,456.51,455.97,455.97,38217.0
10:07,456.29,456.41,456.11,456.13,40285.0
10:08,456.86,456.9,456.17,456.27,56876.0
10:09,457.15,457.15,456.79,456.86,27610.0
10:10,457.01,457.24,456.81,457.21,28733.0
10:11,456.88,457.04,456.78,457.02,32087.0
10:12,456.82,457.05,456.65,457.03,24519.0
10:13,456.92,456.98,456.63,456.8,33613.0
10:14,456.85,457.1,456.85,456.92,32184.0
10:15,456.66,456.93,456.63,456.87,24123.0
10:16,456.35,456.65,456.35,456.58,35348.0
10:17,456.34,456.4,456.19,456.32,19584.0
10:18,456.46,456.56,456.39,456.39,23159.0
10:19,456.63,456.67,456.25,456.45,30651.0
10:20,456.9,456.92,456.62,456.63,24650.0
10:21,456.92,457.06,456.8,456.95,25030.0
10:22,456.54,456.97,456.52,456.95,16170.0
10:23,456.31,456.6,456.31,456.54,35569.0
10:24,456.08,456.22,456.08,456.19,22952.0
10:25,455.86,456.35,455.86,456.13,35904.0
10:26,455.92,455.94,455.73,455.86,28981.0
10:27,455.95,456.31,455.78,455.95,32838.0
10:28,455.82,456.14,455.76,455.98,36024.0
10:29,455.95,456.04,455.79,455.79,28114.0
10:30,456.14,456.21,455.9,456.0,31773.0
10:31,456.27,456.33,456.14,456.14,38175.0
10:32,455.95,456.23,455.92,456.2,20980.0
10:33,455.76,456.1,455.68,456.02,26117.0
10:34,455.82,455.91,455.66,455.69,18869.0
10:35,455.86,455.98,455.71,455.74,22118.0
10:36,455.79,456.01,455.72,455.8,16591.0
10:37,455.52,455.77,455.43,455.77,29089.0
10:38,455.78,455.89,455.44,455.44,16308.0
10:39,455.64,455.8,455.62,455.77,14803.0
10:40,455.75,455.89,455.64,455.67,27395.0
10:41,455.75,455.8,455.6,455.76,16219.0
10:42,455.64,455.74,455.54,455.68,19448.0
10:43,455.38,455.67,455.3,455.65,35308.0
10:44,455.34,455.49,455.24,455.39,68905.0
10:45,455.44,455.44,455.29,455.34,6050.0
10:46,455.6,455.69,455.48,455.53,83082.0
10:47,455.37,455.7,455.3,455.6,26646.0
10:48,455.51,455.51,455.35,455.42,18498.0
10:49,455.62,455.66,455.46,455.49,18346.0
10:50,455.68,455.83,455.63,455.63,26373.0
10:51,455.78,455.89,455.67,455.74,23238.0
10:52,455.72,455.84,455.49,455.78,18811.0
10:53,455.6,455.78,455.6,455.7,25830.0
10:54,455.48,455.7,455.4,455.69,12981.0
10:55,455.7,455.77,455.47,455.48,28087.0
10:56,455.89,455.98,455.67,455.67,28198.0
10:57,455.87,455.98,455.82,455.89,27737.0
10:58,456.12,456.17,455.82,455.82,35671.0
10:59,456.27,456.27,456.04,456.09,39378.0
11:00,456.21,456.42,456.13,456.27,31964.0
11:01,456.11,456.22,455.94,456.22,29535.0
11:02,456.07,456.17,455.98,456.1,10353.0
11:03,456.13,456.19,456.02,456.02,22559.0
11:04,456.17,456.3,456.12,456.16,15309.0
11:05,456.15,456.22,456.09,456.17,22960.0
11:06,456.12,456.22,456.05,456.15,29047.0
11:07,456.48,456.5,456.09,456.09,27220.0
11:08,456.66,456.81,456.49,456.53,52370.0
11:09,456.75,456.78,456.66,456.7,21721.0
11:10,456.41,456.76,456.31,456.76,21411.0
11:11,456.36,456.41,456.15,456.41,23632.0
11:12,456.44,456.44,456.33,456.36,13954.0
11:13,456.56,456.61,456.41,456.41,43135.0
11:14,456.76,456.92,456.7,456.7,17720.0
11:15,456.65,456.95,456.65,456.8,16562.0
11:16,456.64,456.72,456.47,456.67,28859.0
11:17,456.77,456.8,456.53,456.64,14488.0
11:18,456.56,456.75,456.51,456.73,27613.0
11:19,456.69,456.79,456.54,456.56,20087.0
11:20,456.57,456.78,456.57,456.69,20625.0
11:21,456.54,456.76,456.45,456.57,37650.0
11:22,456.71,456.78,456.36,456.56,24067.0
11:23,456.49,456.76,456.45,456.66,25568.0
11:24,456.8,456.85,456.36,456.36,35241.0
11:25,456.6,456.83,456.6,456.79,26915.0
11:26,457.24,457.24,456.55,456.55,30546.0
11:27,456.95,457.23,456.92,457.22,25133.0
11:28,456.88,456.93,456.8,456.88,19239.0
11:29,456.92,456.96,456.8,456.9,42275.0
11:30,456.88,457.05,456.84,456.92,69781.0
11:31,456.6,456.93,456.6,456.92,22288.0
11:32,456.6,456.76,456.53,456.65,29911.0
11:33,456.51,456.64,456.46,456.58,14757.0
11:34,456.77,456.79,456.54,456.54,29564.0
11:35,456.92,456.95,456.64,456.77,29029.0
11:36,456.73,456.92,456.71,456.9,19911.0
11:37,456.76,456.87,456.68,456.75,30760.0
11:38,456.89,456.93,456.64,456.76,24818.0
11:39,457.04,457.06,456.84,456.99,13725.0
11:40,457.05,457.2,456.98,457.1,29657.0
11:41,456.94,457.13,456.89,457.05,23646.0
11:42,456.84,457.06,456.83,456.92,19748.0
11:43,457.17,457.17,456.76,456.85,33809.0
11:44,457.22,457.3,457.08,457.19,19025.0
11:45,457.2,457.3,457.2,457.23,12359.0
11:46,457.13,457.31,457.13,457.24,15807.0
11:47,457.07,457.14,457.05,457.13,14235.0
11:48,457.07,457.12,457.02,457.07,51393.0
11:49,457.28,457.28,457.04,457.07,30384.0
11:50,457.17,457.28,457.11,457.28,12008.0
11:51,457.3,457.33,457.18,457.2,13806.0
11:52,457.39,457.45,457.24,457.31,19415.0
11:53,457.59,457.61,457.31,457.37,38523.0
11:54,457.53,457.61,457.51,457.55,24266.0
11:55,457.56,457.56,457.39,457.51,38384.0
11:56,457.44,457.59,457.35,457.59,14094.0
11:57,457.35,457.52,457.3,457.51,12471.0
11:58,457.29,457.55,457.29,457.37,23609.0
11:59,457.39,457.45,457.28,457.32,28896.0
12:00,457.55,457.55,457.37,457.41,20883.0
12:01,457.46,457.55,457.45,457.53,17893.0
12:02,457.4,457.49,457.35,457.44,32644.0
12:03,457.46,457.48,457.38,457.43,29515.0
12:04,457.46,457.48,457.39,457.43,38115.0
12:05,457.31,457.46,457.31,457.43,71250.0
12:06,457.27,457.42,457.27,457.35,32135.0
12:07,457.39,457.52,457.29,457.29,20540.0
12:08,457.5,457.57,457.38,457.43,19950.0
12:09,457.7,457.78,457.6,457.6,21493.0
12:10,457.64,457.77,457.64,457.71,25675.0
12:11,457.29,457.67,457.29,457.67,19046.0
12:12,457.2,457.34,457.18,457.26,19293.0
12:13,457.38,457.56,457.2,457.2,24036.0
12:14,457.33,457.39,457.25,457.39,40360.0
12:15,457.32,457.42,457.32,457.33,14651.0
12:16,457.45,457.46,457.36,457.38,9148.0
12:17,457.36,457.53,457.36,457.5,17051.0
12:18,457.35,457.42,457.31,457.39,19659.0
12:19,457.36,457.39,457.27,457.35,41243.0
12:20,457.33,457.39,457.3,457.36,20169.0
12:21,457.42,457.43,457.31,457.38,17898.0
12:22,457.05,457.39,457.02,457.38,43667.0
12:23,457.12,457.12,456.94,457.04,10873.0
12:24,457.1,457.22,457.08,457.08,9455.0
12:25,457.15,457.22,457.02,457.09,17687.0
12:26,456.98,457.19,456.92,457.18,28852.0
12:27,456.91,457.0,456.85,456.95,12344.0
12:28,456.83,456.97,456.8,456.96,8834.0
12:29,456.92,457.01,456.84,456.84,13574.0
12:30,456.95,457.09,456.89,456.97,16307.0
12:31,456.84,456.97,456.79,456.89,9127.0
12:32,456.83,456.89,456.78,456.83,12160.0
12:33,456.89,456.91,456.84,456.84,8062.0
12:34,456.83,456.95,456.81,456.89,16234.0
12:35,456.83,456.86,456.76,456.86,10860.0
12:36,456.79,456.93,456.77,456.91,20519.0
12:37,456.7,456.8,456.54,456.77,17261.0
12:38,456.58,456.67,456.51,456.67,12061.0
12:39,456.55,456.6,456.49,456.59,12970.0
12:40,456.47,456.59,456.47,456.56,11433.0
12:41,456.48,456.58,456.47,456.49,8232.0
12:42,456.74,456.77,456.49,456.49,20966.0
12:43,456.72,456.8,456.71,456.71,10689.0
12:44,456.72,456.78,456.67,456.76,11434.0
12:45,456.71,456.71,456.63,456.7,4313.0
12:46,456.83,456.83,456.71,456.74,28096.0
12:47,457.02,457.08,456.86,456.9,18604.0
12:48,457.04,457.15,456.99,456.99,17181.0
12:49,457.15,457.16,457.07,457.07,19131.0
12:50,457.08,457.15,457.01,457.14,8246.0
12:51,457.0,457.08,456.98,457.06,7812.0
12:52,456.73,456.99,456.66,456.98,12221.0
12:53,456.64,456.75,456.6,456.74,9567.0
12:54,456.74,456.82,456.62,456.64,10042.0
12:55,456.44,456.76,456.44,456.76,68386.0
12:56,456.22,456.48,456.22,456.45,15223.0
12:57,456.29,456.42,456.26,456.26,12867.0
12:58,456.24,456.35,456.12,456.26,17654.0
12:59,456.23,456.33,456.23,456.23,13438.0
13:00,456.5,456.5,456.21,456.26,25892.0
13:01,456.37,456.54,456.35,456.54,12079.0
13:02,456.18,456.33,456.07,456.33,20965.0
13:03,456.21,456.21,455.99,456.2,33493.0
13:04,456.18,456.28,456.07,456.17,14860.0
13:05,456.2,456.32,456.1,456.14,15117.0
13:06,456.21,456.23,456.1,456.19,21808.0
13:07,456.01,456.24,456.0,456.2,15857.0
13:08,455.88,456.07,455.83,456.03,29446.0
13:09,455.5,455.86,455.5,455.83,31848.0
13:10,455.45,455.5,455.27,455.5,26592.0
13:11,455.18,455.48,455.15,455.44,21775.0
13:12,455.43,455.48,455.1,455.17,49405.0
13:13,455.52,455.59,455.34,455.48,29945.0
13:14,455.31,455.58,455.31,455.57,14578.0
13:15,454.94,455.29,454.94,455.25,51377.0
13:16,454.74,454.96,454.45,454.94,91355.0
13:17,454.23,454.74,454.17,454.65,22856.0
13:18,453.99,454.18,453.69,454.18,100349.0
13:19,454.29,454.4,453.75,453.95,88101.0
13:20,453.64,454.32,453.53,454.25,98725.0
13:21,453.92,453.99,453.37,453.48,80093.0
13:22,453.44,453.97,453.39,453.85,63190.0
13:23,453.7,453.88,453.28,453.39,64240.0
13:24,453.06,453.63,452.89,453.63,89727.0
13:25,453.12,453.4,452.78,453.01,128523.0
13:26,453.04,453.1,452.5,453.1,52172.0
13:27,453.11,453.11,452.41,452.96,48956.0
13:28,452.71,453.29,452.7,453.12,67272.0
13:29,452.45,453.1,452.37,452.77,32809.0
13:30,452.13,452.49,451.81,452.45,65068.0
13:31,453.38,453.46,452.01,452.1,87877.0
13:32,453.6,453.79,453.29,453.45,52288.0
13:33,453.82,453.92,453.5,453.62,34295.0
13:34,453.6,453.86,453.4,453.82,39757.0
13:35,453.83,453.91,453.44,453.54,32188.0
13:36,453.96,454.02,453.43,453.78,26454.0
13:37,453.94,454.06,453.74,453.92,19136.0
13:38,454.35,454.43,453.88,453.93,41448.0
13:39,454.9,454.9,454.35,454.35,26046.0
13:40,454.48,454.85,454.33,454.83,41991.0
13:41,454.51,454.56,454.22,454.41,24417.0
13:42,454.65,454.65,454.42,454.61,27221.0
13:43,454.17,454.62,454.17,454.6,14489.0
13:44,454.0,454.24,453.92,454.24,17072.0
13:45,454.03,454.26,453.9,453.98,36549.0
13:46,454.24,454.67,453.83,453.9,69962.0
13:47,454.35,454.56,454.13,454.29,12166.0
13:48,454.31,454.65,454.23,454.34,9919.0
13:49,454.32,454.4,453.94,454.26,17705.0
13:50,454.69,454.71,454.22,454.32,16866.0
13:51,454.6,454.77,454.47,454.7,13904.0
13:52,454.05,454.61,454.02,454.61,24107.0
13:53,454.65,454.65,453.82,454.0,41723.0
13:54,454.3,454.61,453.88,454.61,22038.0
13:55,454.01,454.3,453.89,454.12,18024.0
13:56,454.02,454.17,453.91,454.04,17350.0
13:57,453.95,454.14,453.8,454.03,36342.0
13:58,454.07,454.22,453.73,453.86,17202.0
13:59,454.4,454.45,454.16,454.17,18259.0
14:00,453.85,454.6,453.69,454.36,46573.0
14:01,453.77,454.16,453.75,453.76,22153.0
14:02,453.56,453.86,453.5,453.66,46851.0
14:03,453.45,453.73,453.42,453.57,58078.0
14:04,453.39,453.5,453.3,453.46,24535.0
14:05,453.39,453.58,453.22,453.36,32627.0
14:06,454.06,454.06,453.37,453.42,42187.0
14:07,453.65,454.19,453.64,454.05,26036.0
14:08,453.66,453.79,453.59,453.73,24658.0
14:09,453.86,453.91,453.56,453.72,51934.0
14:10,453.36,453.93,453.31,453.83,25506.0
14:11,452.88,453.34,452.81,453.31,26863.0
14:12,452.77,452.93,452.76,452.89,15129.0
14:13,452.87,453.02,452.67,452.77,30189.0
14:14,452.98,453.06,452.86,452.92,25930.0
14:15,453.38,453.38,452.91,453.02,37514.0
14:16,453.3,453.5,453.18,453.33,23756.0
14:17,453.2,453.42,453.15,453.38,20500.0
14:18,453.33,453.41,453.09,453.15,29882.0
14:19,453.36,453.41,453.28,453.35,11926.0
14:20,452.88,453.44,452.88,453.36,26896.0
14:21,452.8,452.91,452.71,452.9,20335.0
14:22,452.81,453.14,452.81,452.87,19147.0
14:23,453.18,453.25,452.89,452.89,21654.0
14:24,453.14,453.31,452.98,453.14,16103.0
14:25,453.31,453.61,453.14,453.14,21028.0
14:26,453.6,453.77,453.35,453.35,33437.0
14:27,453.65,453.87,453.64,453.64,12215.0
14:28,453.68,453.9,453.6,453.61,17485.0
14:29,453.73,453.86,453.66,453.7,20795.0
14:30,453.73,453.85,453.52,453.73,23713.0
14:31,453.89,454.0,453.72,453.77,23187.0
14:32,453.85,453.91,453.74,453.88,14883.0
14:33,454.11,454.18,453.79,453.86,27331.0
14:34,454.35,454.42,454.08,454.14,28457.0
14:35,454.42,454.5,454.31,454.38,33119.0
14:36,454.6,454.68,454.37,454.38,25014.0
14:37,454.31,454.65,454.3,454.6,22366.0
14:38,453.98,454.31,453.97,454.25,17013.0
14:39,454.24,454.28,454.03,454.03,16284.0
14:40,454.41,454.41,454.24,454.27,23735.0
14:41,454.51,454.67,454.38,454.42,16743.0
14:42,454.39,454.61,454.24,454.52,17717.0
14:43,454.45,454.54,454.38,454.38,17286.0
14:44,454.52,454.61,454.4,454.43,15621.0
14:45,454.4,454.56,454.4,454.52,31334.0
14:46,454.23,454.42,454.23,454.4,15034.0
14:47,453.95,454.25,453.88,454.25,15342.0
14:48,453.99,454.05,453.8,453.89,21353.0
14:49,453.64,454.11,453.56,453.97,25955.0
14:50,453.51,453.66,453.42,453.58,31282.0
14:51,453.71,453.99,453.43,453.52,17934.0
14:52,453.53,453.83,453.53,453.76,15549.0
14:53,453.25,453.59,453.25,453.54,14891.0
14:54,453.22,453.5,453.22,453.23,17865.0
14:55,453.19,453.29,453.01,453.22,24756.0
14:56,453.12,453.24,452.95,453.23,18629.0
14:57,453.27,453.41,453.08,453.11,38779.0
14:58,453.39,453.63,453.23,453.23,27353.0
14:59,453.23,453.51,453.15,453.39,17897.0
15:00,453.42,453.46,453.05,453.28,28811.0
15:01,453.49,453.65,453.31,453.46,21941.0
15:02,453.54,453.76,453.49,453.55,17220.0
15:03,453.59,453.74,453.53,453.6,17715.0
15:04,453.44,453.56,453.41,453.56,7886.0
15:05,453.61,453.7,453.39,453.47,17560.0
15:06,452.96,453.6,452.92,453.6,25980.0
15:07,452.92,453.15,452.83,452.98,31407.0
15:08,452.65,452.89,452.62,452.83,31739.0
15:09,452.35,452.71,452.31,452.6,39187.0
15:10,452.28,452.49,452.27,452.33,30304.0
15:11,452.1,452.33,452.07,452.33,35849.0
15:12,452.46,452.59,452.08,452.14,49368.0
15:13,452.89,453.02,452.56,452.59,35773.0
15:14,453.08,453.21,452.86,452.91,23302.0
15:15,452.97,453.15,452.88,453.14,24909.0
15:16,452.92,453.03,452.57,452.94,35095.0
15:17,452.62,452.98,452.56,452.95,24113.0
15:18,452.49,452.78,452.47,452.62,20933.0
15:19,452.62,452.68,452.44,452.52,20178.0
15:20,452.81,452.81,452.61,452.64,25998.0
15:21,452.27,452.87,452.21,452.83,21610.0
15:22,452.52,452.55,452.18,452.29,38910.0
15:23,452.23,452.61,452.19,452.57,23071.0
15:24,452.24,452.34,452.05,452.13,38420.0
15:25,452.14,452.33,452.07,452.19,27294.0
15:26,451.96,452.28,451.93,452.11,47569.0
15:27,452.59,452.67,452.0,452.01,32014.0
15:28,452.23,452.6,452.23,452.56,23041.0
15:29,452.35,452.46,452.16,452.22,31718.0
15:30,452.54,452.86,452.41,452.41,31309.0
15:31,452.96,453.1,452.46,452.59,49625.0
15:32,452.88,453.13,452.52,453.02,42271.0
15:33,453.28,453.28,452.94,452.94,22038.0
15:34,453.13,453.23,453.05,453.2,20948.0
15:35,452.86,453.28,452.86,453.12,22029.0
15:36,453.2,453.24,452.93,452.93,25798.0
15:37,453.21,453.27,453.12,453.25,28600.0
15:38,453.39,453.5,453.2,453.31,34050.0
15:39,453.71,453.76,453.34,453.39,44369.0
15:40,453.9,453.9,453.38,453.69,38057.0
15:41,453.84,454.06,453.79,453.87,28653.0
15:42,453.52,453.9,453.5,453.79,26635.0
15:43,453.85,453.85,453.51,453.51,22032.0
15:44,453.89,453.94,453.72,453.81,24905.0
15:45,453.61,454.06,453.6,453.83,39343.0
15:46,453.41,453.82,453.41,453.63,28574.0
15:47,453.26,453.46,453.17,453.39,35936.0
15:48,453.21,453.49,453.18,453.26,25449.0
15:49,453.43,453.52,453.23,453.26,36121.0
15:50,453.85,454.01,453.42,453.5,65931.0
15:51,454.04,454.09,453.7,453.84,53699.0
15:52,453.96,454.04,453.61,454.02,50802.0
15:53,453.59,454.01,453.59,454.01,38016.0
15:54,453.44,453.77,453.3,453.64,69758.0
15:55,453.34,453.64,453.11,453.49,95492.0
15:56,453.4,453.64,453.3,453.3,90095.0
15:57,453.28,453.65,453.23,453.42,93831.0
15:58,453.23,453.52,453.16,453.33,158742.0
15:59,452.38,453.29,452.38,453.25,485157.0
