Time,Close,High,Low,Open,Volume
09:30,481.74,482.49,480.98,482.1,6541476.0
09:31,482.12,482.31,481.5,481.74,71733.0
09:32,482.48,482.85,482.14,482.29,125837.0
09:33,482.71,482.72,482.17,482.49,137916.0
09:34,483.17,483.3,482.7,482.71,93332.0
09:35,482.57,483.26,482.44,483.24,124408.0
09:36,482.82,482.89,482.59,482.6,99796.0
09:37,482.67,483.09,482.65,482.97,51939.0
09:38,482.93,483.23,480.23,482.73,259805.0
09:39,483.17,483.24,482.87,482.93,71509.0
09:40,482.7,483.44,482.7,483.13,65397.0
09:41,482.71,482.9,482.48,482.72,80413.0
09:42,482.36,482.68,482.36,482.68,59891.0
09:43,482.62,482.69,482.05,482.36,58623.0
09:44,482.88,482.92,482.57,482.62,33114.0
09:45,482.62,483.17,482.43,482.87,68359.0
09:46,482.27,482.64,482.24,482.62,46368.0
09:47,482.64,482.66,482.32,482.33,38369.0
09:48,482.36,482.66,482.25,482.65,52888.0
09:49,482.07,482.36,481.8,482.35,75542.0
09:50,481.88,482.09,481.58,482.09,61786.0
09:51,481.36,481.83,481.36,481.8,67500.0
09:52,481.4,481.57,481.17,481.3,29439.0
09:53,481.27,481.48,481.08,481.48,36869.0
09:54,481.55,481.55,481.19,481.36,27669.0
09:55,480.99,481.6,480.93,481.6,33221.0
09:56,481.12,481.29,480.9,481.0,31652.0
09:57,480.83,481.05,480.76,481.05,33189.0
09:58,480.85,480.95,480.62,480.83,43465.0
09:59,480.67,480.85,480.59,480.81,42252.0
10:00,480.83,480.89,480.49,480.66,31713.0
10:01,480.48,480.9,480.27,480.75,35973.0
10:02,480.67,480.74,480.43,480.43,24372.0
10:03,480.58,480.63,480.45,480.55,23268.0
10:04,480.73,481.06,480.6,480.6,40794.0
10:05,480.63,480.84,480.63,480.77,28134.0
10:06,480.48,480.76,480.32,480.67,34852.0
10:07,480.3,480.45,480.18,480.43,51832.0
10:08,479.86,480.22,479.72,480.22,45149.0
10:09,480.16,480.26,479.8,479.86,32419.0
10:10,480.06,480.38,479.98,480.02,36719.0
10:11,479.82,480.01,479.75,480.01,33014.0
10:12,480.07,480.08,479.71,479.81,22188.0
10:13,480.34,480.36,480.09,480.1,23961.0
10:14,480.46,480.56,480.18,480.35,31597.0
10:15,480.26,480.51,480.25,480.4,26232.0
10:16,480.15,480.19,480.02,480.16,15787.0
10:17,480.38,480.44,480.08,480.15,29033.0
10:18,480.87,480.91,480.28,480.38,43980.0
10:19,480.89,480.94,480.79,480.86,23644.0
10:20,481.24,481.28,480.88,480.89,55593.0
10:21,480.98,481.44,480.95,481.24,52096.0
10:22,480.93,481.02,480.61,480.98,26533.0
10:23,480.78,481.14,480.77,480.96,48700.0
10:24,479.8,480.84,479.79,480.8,34634.0
10:25,479.51,479.69,479.21,479.69,33431.0
10:26,479.3,479.44,479.14,479.44,35127.0
10:27,479.69,479.72,479.24,479.26,31168.0
10:28,479.81,479.82,479.62,479.7,21918.0
10:29,479.6,479.63,479.48,479.55,32911.0
10:30,479.5,479.62,479.38,479.62,18844.0
10:31,479.88,479.88,479.44,479.49,22817.0
10:32,480.05,480.15,479.86,479.86,30125.0
10:33,480.26,480.26,479.89,480.12,24062.0
10:34,479.95,480.2,479.93,480.2,22335.0
10:35,480.21,480.24,479.83,479.88,18109.0
10:36,480.28,480.33,480.15,480.24,27464.0
10:37,480.32,480.33,480.11,480.15,11043.0
10:38,480.47,480.5,480.32,480.37,11621.0
10:39,480.31,480.48,480.29,480.44,15895.0
10:40,480.08,480.73,480.0,480.3,123557.0
10:41,479.85,480.3,479.64,480.06,54606.0
10:42,479.74,479.89,479.55,479.85,37082.0
10:43,480.17,480.19,479.74,479.79,29424.0
10:44,480.35,480.46,480.05,480.1,45122.0
10:45,479.91,480.39,479.91,480.33,43424.0
10:46,480.48,480.52,479.84,479.92,23348.0
10:47,480.23,480.48,480.23,480.48,21258.0
10:48,480.47,480.47,480.2,480.23,18722.0
10:49,480.52,480.62,480.42,480.55,19227.0
10:50,480.05,480.54,480.02,480.54,27960.0
10:51,479.97,480.08,479.84,480.04,48012.0
10:52,480.08,480.11,479.88,479.97,43731.0
10:53,480.04,480.41,480.04,480.08,34048.0
10:54,479.89,480.11,479.85,480.03,38931.0
10:55,480.06,480.15,479.89,479.89,25546.0
10:56,480.17,480.27,479.97,480.06,29018.0
10:57,480.3,480.35,480.17,480.21,22307.0
10:58,480.2,480.42,480.14,480.23,23926.0
10:59,479.93,480.18,479.87,480.14,37402.0
11:00,479.21,479.83,479.11,479.83,44702.0
11:01,479.04,479.09,478.93,479.07,31910.0
11:02,479.22,479.23,478.9,479.04,36759.0
11:03,479.07,479.43,479.07,479.24,21952.0
11:04,479.03,479.22,478.98,479.14,25670.0
11:05,479.46,479.54,478.98,479.03,30828.0
11:06,479.42,479.55,479.36,479.55,18764.0
11:07,479.6,479.6,479.33,479.48,22899.0
11:08,479.49,479.57,479.4,479.54,20108.0
11:09,479.69,479.7,479.48,479.51,18634.0
11:10,479.92,479.96,479.57,479.64,13811.0
11:11,479.96,480.02,479.8,479.9,22123.0
11:12,479.81,479.93,479.75,479.93,15204.0
11:13,479.87,479.93,479.79,479.86,24914.0
11:14,479.99,480.02,479.63,479.84,15212.0
11:15,479.9,480.04,479.87,479.97,14392.0
11:16,479.92,479.99,479.91,479.91,3494.0
11:17,480.17,480.17,479.92,479.92,29672.0
11:18,480.25,480.25,480.17,480.17,55850.0
11:19,480.225,480.25,480.225,480.25,68867.75
11:20,480.2,480.225,480.2,480.225,81885.5
11:21,480.17499999999995,480.2,480.17499999999995,480.2,94903.25
11:22,480.12,480.15,480.11,480.15,107921.0
11:23,480.04,480.04,480.0,480.0,10217.0
11:24,480.17,480.17,480.13,480.13,22381.0
11:25,480.24,480.29,480.13,480.14,17686.0
11:26,480.23,480.24,480.23,480.24,423761.5
11:27,480.13,480.23,480.13,480.23,829837.0
11:28,480.16,480.16,480.16,480.16,431.0
11:29,479.87,480.0,479.87,479.98,30970.0
11:30,479.97,480.08,479.87,479.89,71843.0
11:31,480.0466666666667,480.0466666666667,479.97,479.97,195701.0
11:32,480.12333333333333,480.12333333333333,480.0466666666667,480.0466666666667,319559.0
11:33,480.16,480.28,480.16,480.2,443417.0
11:34,480.19,480.27,480.13,480.2,12280.0
11:35,480.26,480.3,480.2,480.2,20050.0
11:36,480.46,480.49,480.46,480.49,22453.0
11:37,480.73,480.8,480.55,480.55,16970.0
11:38,480.78,480.78,480.64,480.73,11619.0
11:39,480.8,480.89,480.7,480.77,26963.0
11:40,480.86,480.93,480.78,480.78,23671.0
11:41,480.82,480.87,480.79,480.86,6510.0
11:42,480.6,480.66,480.59,480.63,24105.0
11:43,480.8,480.94,480.72,480.76,37179.0
11:44,480.78,480.82,480.76,480.79,3042.0
11:45,480.58,480.78,480.58,480.78,28328.5
11:46,480.55,480.58,480.48,480.58,53615.0
11:47,480.96,481.01,480.54,480.54,27779.0
11:48,480.88,480.95,480.81,480.89,9272.0
11:49,480.74,480.88,480.74,480.88,22171.0
11:50,480.75,480.75,480.74,480.74,35070.0
11:51,480.45,480.69,480.45,480.69,13116.0
11:52,480.46,480.51,480.42,480.45,13099.0
11:53,480.16,480.52,480.1,480.46,31339.0
11:54,480.08,480.08,479.95,480.07,26760.0
11:55,480.02,480.12,479.91,480.02,17322.0
11:56,479.9,480.05,479.88,480.05,29123.0
11:57,479.95,480.0,479.8,479.91,21725.0
11:58,480.04,480.14,479.93,479.96,19170.0
11:59,480.02,480.1,479.96,479.97,22206.0
12:00,479.88,480.03,479.84,479.99,30240.0
12:01,479.74,479.96,479.74,479.9,23092.0
12:02,479.8,479.87,479.76,479.87,13411.0
12:03,479.82,479.86,479.75,479.8,713046.0
12:04,480.01,480.03,479.82,479.84,30355.0
12:05,480.04,480.2,479.98,479.98,21963.0
12:06,479.85,480.1,479.84,480.05,15131.0
12:07,479.99,479.99,479.84,479.85,13439.0
12:08,480.03,480.08,479.95,480.07,31834.0
12:09,480.15,480.17,479.93,480.0,21165.0
12:10,480.32,480.32,480.08,480.13,15513.0
12:11,480.38,480.49,480.34,480.35,16505.0
12:12,480.15,480.4,480.05,480.4,22943.0
12:13,479.98,480.15,479.89,480.12,25443.0
12:14,479.79,479.99,479.74,479.96,22860.0
12:15,479.63,479.82,479.63,479.8,18844.0
12:16,479.5,479.52,479.5,479.51,16550.0
12:17,479.6,479.65,479.39,479.55,24830.0
12:18,479.58,479.62,479.47,479.62,12034.0
12:19,479.86,479.86,479.57,479.57,10185.0
12:20,479.74,479.9,479.64,479.9,29650.0
12:21,479.75,479.79,479.62,479.73,16786.0
12:22,479.8,479.81,479.61,479.69,14261.0
12:23,479.56,479.8,479.4,479.8,18856.0
12:24,479.77,479.81,479.52,479.57,15969.0
12:25,479.68,479.9,479.6,479.84,25499.0
12:26,479.82,479.88,479.73,479.73,9361.0
12:27,479.92,479.97,479.67,479.83,16423.0
12:28,479.89,479.96,479.86,479.89,16241.0
12:29,479.76,479.91,479.62,479.91,75617.0
12:30,479.76,479.85,479.67,479.7,12746.0
12:31,479.83,479.85,479.67,479.78,14232.0
12:32,479.92,480.05,479.83,479.85,21031.0
12:33,480.01,480.02,479.89,479.92,19036.0
12:34,480.03,480.12,480.01,480.04,12691.0
12:35,480.12,480.14,479.94,480.0,265763.0
12:36,480.11,480.2,480.06,480.14,20898.0
12:37,480.17,480.17,480.03,480.08,8454.0
12:38,480.12,480.18,480.12,480.14,8327.0
12:39,480.16,480.21,480.12,480.14,12568.0
12:40,479.97,480.08,479.89,480.08,25294.0
12:41,479.9,480.0,479.85,479.96,56531.0
12:42,479.94,480.09,479.9,479.9,24373.0
12:43,480.01,480.01,479.82,479.97,34018.0
12:44,480.1,480.15,479.92,479.98,11594.0
12:45,480.24,480.3,480.12,480.12,16744.0
12:46,480.25,480.45,480.22,480.32,15338.0
12:47,480.04,480.25,480.04,480.24,11253.0
12:48,480.02,480.16,479.92,480.03,14206.0
12:49,480.0,480.12,479.99,480.01,13807.0
12:50,480.21,480.23,480.0,480.01,12348.0
12:51,480.07,480.22,480.01,480.22,12276.0
12:52,480.2,480.3,480.04,480.09,11226.0
12:53,480.35,480.35,480.13,480.23,7335.0
12:54,480.53,480.58,480.35,480.39,326208.0
12:55,480.49,480.65,480.46,480.52,12864.0
12:56,480.54,480.55,480.36,480.47,12218.0
12:57,480.57,480.63,480.53,480.56,19117.0
12:58,480.56,480.63,480.53,480.58,10926.0
12:59,480.2,480.6,479.83,480.58,54637.0
13:00,480.41,480.52,480.16,480.21,22649.0
13:01,480.46,480.53,480.37,480.41,11531.0
13:02,480.47,480.59,480.31,480.44,13841.0
13:03,480.27,480.48,480.25,480.48,10690.0
13:04,479.97,480.32,479.97,480.32,10966.0
13:05,479.84,480.02,479.8,479.94,15020.0
13:06,479.92,480.01,479.82,479.91,16556.0
13:07,480.05,480.05,479.89,479.94,14229.0
13:08,480.3,480.31,480.08,480.08,17486.0
13:09,480.3,480.38,480.24,480.33,14149.0
13:10,480.53,480.53,480.26,480.26,21656.0
13:11,480.46,480.58,480.45,480.54,16125.0
13:12,480.58,480.6,480.45,480.49,13206.0
13:13,480.67,480.69,480.55,480.59,13459.0
13:14,480.76,480.76,480.64,480.68,12567.0
13:15,480.9,481.36,480.67,480.71,54154.0
13:16,480.88,480.95,480.73,480.94,40874.0
13:17,480.46,480.71,480.44,480.71,12768.0
13:18,480.39,480.52,480.33,480.51,14987.0
13:19,480.34,480.47,480.3,480.36,15586.0
13:20,480.32,480.39,480.24,480.33,12110.0
13:21,480.28,480.37,480.28,480.3,13479.0
13:22,480.24,480.34,480.24,480.3,10329.0
13:23,479.98,480.2,479.94,480.2,17749.0
13:24,480.0,480.05,479.95,480.01,8794.0
13:25,479.86,479.99,479.86,479.95,14785.0
13:26,479.65,479.89,479.62,479.89,15419.0
13:27,479.29,479.36,479.24,479.27,31636.0
13:28,478.85,479.26,478.8,479.21,43119.0
13:29,478.86,479.0,478.86,478.88,14552.0
13:30,478.67,478.8,478.5,478.8,25700.0
13:31,478.75,478.85,478.45,478.66,18413.0
13:32,478.73,478.8,478.53,478.75,19992.0
13:33,478.6,478.8,478.58,478.71,29641.0
13:34,478.73,478.82,478.56,478.58,21225.0
13:35,478.79,478.91,478.71,478.73,21843.0
13:36,478.72,478.78,478.6,478.76,33253.0
13:37,478.71,478.71,478.38,478.64,42354.0
13:38,478.64,478.79,478.59,478.71,25073.0
13:39,478.31,478.54,478.3,478.48,13943.0
13:40,478.5,478.6,478.29,478.29,42527.0
13:41,478.64,478.64,478.35,478.54,19466.0
13:42,478.82,478.95,478.68,478.68,15147.0
13:43,478.8,478.98,478.79,478.87,12528.0
13:44,478.61,478.89,478.61,478.86,14950.0
13:45,478.6,478.78,478.55,478.56,13630.0
13:46,478.7,478.77,478.58,478.6,15585.0
13:47,478.55,478.7,478.55,478.6,11133.0
13:48,478.39,478.63,478.28,478.58,18096.0
13:49,478.23,478.37,478.14,478.36,27510.0
13:50,478.15,478.35,478.13,478.18,16150.0
13:51,478.31,478.37,478.12,478.2,29301.0
13:52,478.45,478.47,478.31,478.33,25246.0
13:53,478.52,478.52,478.25,478.45,15045.0
13:54,478.48,478.48,478.36,478.47,12043.0
13:55,478.51,478.52,478.44,478.51,15790.0
13:56,478.46,478.62,478.46,478.52,225838.0
13:57,478.56,478.56,478.45,478.47,13400.0
13:58,478.58,478.68,478.53,478.53,14641.0
13:59,478.54,478.58,478.42,478.58,221741.0
14:00,478.49,478.64,478.43,478.53,16542.0
14:01,478.67,478.72,478.41,478.46,11664.0
14:02,478.64,478.81,478.64,478.75,19680.0
14:03,478.59,478.64,478.51,478.63,8520.0
14:04,478.85,478.9,478.59,478.63,21880.0
14:05,478.93,478.93,478.89,478.89,17277.0
14:06,478.95,479.1,478.91,479.03,14305.0
14:07,478.95,478.99,478.89,478.96,89312.0
14:08,479.0,479.19,478.93,478.99,44744.0
14:09,478.96,479.07,478.89,479.0,28572.0
14:10,478.95,478.99,478.88,478.93,29710.0
14:11,478.86,478.93,478.77,478.93,15053.0
14:12,478.82,478.94,478.74,478.82,31732.0
14:13,478.54,478.77,478.54,478.77,20156.0
14:14,478.38,478.64,478.31,478.57,24716.0
14:15,478.49,478.57,478.34,478.34,18028.0
14:16,478.4,478.59,478.24,478.53,32067.0
14:17,478.59,478.59,478.31,478.4,25703.0
14:18,478.62,478.69,478.5,478.59,16823.0
14:19,478.71,478.74,478.51,478.63,39603.0
14:20,478.67,478.79,478.66,478.71,20449.0
14:21,478.78,478.83,478.65,478.67,16169.0
14:22,478.53,478.8,478.53,478.8,11861.0
14:23,478.51,478.57,478.44,478.57,16995.0
14:24,478.74,478.76,478.44,478.51,21557.0
14:25,478.66,478.8,478.66,478.79,14547.0
14:26,478.86,478.86,478.64,478.71,12028.0
14:27,478.88,478.89,478.79,478.8,16801.0
14:28,478.77,478.88,478.64,478.87,18050.0
14:29,478.73,478.91,478.63,478.89,16593.0
14:30,478.83,478.93,478.8,478.8,13571.0
14:31,478.59,478.85,478.49,478.83,18176.0
14:32,478.89,478.94,478.6,478.6,14173.0
14:33,478.82,478.9,478.8,478.9,10651.0
14:34,478.71,478.88,478.7,478.8,11545.0
14:35,478.76,478.8,478.66,478.71,13482.0
14:36,478.73,478.91,478.69,478.73,17749.0
14:37,478.48,478.75,478.46,478.73,9696.0
14:38,478.63,478.63,478.48,478.48,7281.0
14:39,478.7,478.8,478.61,478.61,11176.0
14:40,478.61,478.71,478.51,478.71,15930.0
14:41,478.57,478.63,478.47,478.61,20214.0
14:42,478.57,478.65,478.51,478.54,14109.0
14:43,478.39,478.39,478.34,478.39,15124.0
14:44,478.49,478.54,478.42,478.42,11215.0
14:45,478.46,478.46,478.25,478.41,14507.0
14:46,478.58,478.58,478.43,478.48,171500.0
14:47,478.55,478.6,478.5,478.51,4694.0
14:48,478.45,478.6,478.44,478.54,21260.0
14:49,478.53,478.59,478.43,478.43,9223.0
14:50,478.3,478.55,478.3,478.55,16994.0
14:51,478.28,478.36,478.26,478.32,14640.0
14:52,478.13,478.31,478.07,478.3,21330.0
14:53,478.25,478.25,478.08,478.16,10896.0
14:54,478.33,478.43,478.27,478.28,39914.0
14:55,478.32,478.33,478.21,478.32,11900.0
14:56,477.62,478.32,477.51,478.3,65513.0
14:57,477.71,477.93,477.62,477.68,21000.0
14:58,477.52,477.71,477.49,477.68,22650.0
14:59,477.56,477.56,477.36,477.48,31629.0
15:00,477.49,477.55,477.32,477.51,35408.0
15:01,477.55,477.76,477.52,477.52,19192.0
15:02,477.5,477.7,477.5,477.59,20044.0
15:03,477.46,477.59,477.38,477.59,22608.0
15:04,477.5,477.55,477.38,477.44,17560.0
15:05,477.58,477.58,477.3,477.49,20856.0
15:06,477.67,477.83,477.57,477.57,33432.0
15:07,477.42,477.74,477.4,477.68,29382.0
15:08,477.6,477.67,477.47,477.49,14203.0
15:09,477.53,477.64,477.49,477.61,18757.0
15:10,477.65,477.69,477.45,477.53,22446.0
15:11,477.67,477.73,477.59,477.67,14877.0
15:12,477.83,477.85,477.58,477.68,15269.0
15:13,477.76,478.03,477.75,477.79,31613.0
15:14,477.76,477.76,477.66,477.73,11760.0
15:15,477.66,477.8,477.58,477.77,14526.0
15:16,477.76,477.85,477.65,477.72,15969.0
15:17,477.91,477.91,477.7,477.7,12405.0
15:18,477.95,477.96,477.83,477.89,16359.0
15:19,478.04,478.08,477.88,477.93,19428.0
15:20,477.95,478.08,477.94,478.03,19432.0
15:21,477.82,477.96,477.77,477.96,15346.0
15:22,477.68,477.86,477.65,477.8,19091.0
15:23,477.75,477.88,477.58,477.69,24255.0
15:24,477.77,477.95,477.75,477.91,17424.0
15:25,477.61,477.86,477.56,477.74,21093.0
15:26,477.48,477.57,477.33,477.56,33440.0
15:27,477.36,477.49,477.27,477.47,20435.0
15:28,477.3,477.42,477.15,477.31,25982.0
15:29,477.35,477.43,477.22,477.27,33274.0
15:30,477.45,477.45,477.32,477.39,27458.0
15:31,477.36,477.47,477.17,477.46,38545.0
15:32,477.33,477.42,477.21,477.36,36818.0
15:33,477.49,477.49,477.33,477.34,42408.0
15:34,477.48,477.67,477.37,477.52,67644.0
15:35,477.43,477.58,477.36,477.49,18851.0
15:36,477.41,477.54,477.38,477.38,24886.0
15:37,477.17,477.49,477.1,477.42,43189.0
15:38,477.12,477.32,477.07,477.14,54456.0
15:39,477.06,477.19,476.96,477.11,31655.0
15:40,477.15,477.16,476.98,477.03,30593.0
15:41,477.15,477.24,477.1,477.19,31580.0
15:42,477.2,477.27,477.11,477.17,52513.0
15:43,477.19,477.36,477.15,477.22,49766.0
15:44,477.3,477.3,477.08,477.19,41326.0
15:45,477.3,477.34,477.13,477.27,134692.0
15:46,477.29,477.41,477.24,477.28,38764.0
15:47,477.33,477.37,477.25,477.33,29341.0
15:48,477.14,477.4,477.13,477.33,31726.0
15:49,477.1,477.23,477.08,477.1,51197.0
15:50,477.66,478.08,476.99,477.14,139191.0
15:51,477.64,477.86,477.59,477.67,84241.0
15:52,477.84,478.05,477.7,477.7,108876.0
15:53,478.11,478.77,477.91,477.92,97630.0
15:54,477.52,478.38,477.03,478.14,153142.0
15:55,477.88,478.4,477.46,477.46,199090.0
15:56,477.61,478.09,477.6,477.9,148106.0
15:57,477.39,477.67,477.34,477.65,207821.0
15:58,477.18,477.45,477.13,477.35,315004.0
15:59,477.23,477.51,476.87,477.18,574697.0
