Time,Close,High,Low,Open,Volume
09:30,521.83,521.83,521.83,521.83,525957.0
09:31,521.1,522.02,520.98,522.02,63908.0
09:32,521.33,521.79,520.63,521.18,125744.0
09:33,521.55,521.55,520.27,520.35,187580.0
09:34,522.32,522.32,521.3,521.54,76360.0
09:35,522.28,522.51,521.77,522.33,92967.0
09:36,522.18,522.82,522.11,522.34,64729.0
09:37,522.15,522.35,522.07,522.25,35919.0
09:38,521.42,522.19,521.17,522.19,45868.0
09:39,521.53,521.81,521.42,521.42,34065.0
09:40,521.42,521.95,521.42,521.56,27099.0
09:41,520.27,521.67,520.25,521.42,73687.0
09:42,520.16,520.6,520.08,520.27,53783.0
09:43,520.47,520.53,520.12,520.18,39509.0
09:44,520.89,521.14,520.47,520.47,39830.0
09:45,520.55,520.9,520.36,520.89,44751.0
09:46,520.89,520.97,520.68,520.85,23432.0
09:47,520.52,521.0,520.52,520.94,24629.0
09:48,520.75,520.77,520.48,520.63,22902.0
09:49,520.5,520.82,520.44,520.74,22046.0
09:50,519.76,520.68,519.71,520.52,63098.0
09:51,518.78,519.71,518.5,519.7,116099.0
09:52,518.42,518.88,518.36,518.78,62307.0
09:53,519.11,519.17,518.36,518.36,41485.0
09:54,518.85,519.18,518.76,519.15,29952.0
09:55,519.2,519.29,518.81,519.05,44083.0
09:56,519.0,519.43,518.95,519.17,35193.0
09:57,518.79,519.15,518.79,519.0,37290.0
09:58,518.83,518.9,518.41,518.71,53136.0
09:59,519.2,519.2,518.87,518.89,41377.0
10:00,519.22,519.59,519.21,519.21,55023.0
10:01,519.58,519.69,518.91,519.15,44903.0
10:02,519.47,519.86,519.37,519.53,50532.0
10:03,519.85,520.0,519.42,519.42,27933.0
10:04,520.04,520.25,519.91,519.93,32315.0
10:05,519.89,520.17,519.74,520.1,25162.0
10:06,519.87,520.14,519.87,519.91,18718.0
10:07,520.17,520.2,519.88,519.88,31408.0
10:08,519.8,520.25,519.8,520.2,19994.0
10:09,519.89,519.98,519.77,519.77,27870.0
10:10,519.35,519.99,519.26,519.99,37640.0
10:11,519.09,519.36,519.0,519.32,34115.0
10:12,519.0,519.14,518.95,519.07,27355.0
10:13,519.08,519.13,518.86,519.03,23435.0
10:14,518.77,519.12,518.75,519.05,19895.0
10:15,518.48,518.86,518.48,518.86,33328.0
10:16,518.48,518.62,518.38,518.52,44930.0
10:17,518.4,518.55,518.28,518.5,35870.0
10:18,518.44,518.49,518.36,518.48,33338.0
10:19,518.28,518.49,518.28,518.45,37571.0
10:20,518.48,518.59,518.3,518.3,24990.0
10:21,518.61,518.7,518.5,518.5,59249.0
10:22,518.71,518.77,518.64,518.64,22634.0
10:23,518.9,518.92,518.7,518.71,39872.0
10:24,518.92,518.97,518.8,518.8,58291.0
10:25,519.16,519.74,518.91,518.91,71907.0
10:26,519.26,519.33,518.88,519.1,26409.0
10:27,519.31,519.33,519.16,519.21,19161.0
10:28,518.45,519.25,518.44,519.23,42549.0
10:29,517.99,518.45,517.89,518.4,115030.0
10:30,517.93,518.02,517.69,517.85,94802.0
10:31,517.95,518.02,517.84,517.94,41143.0
10:32,517.97,518.1,517.88,517.94,65830.0
10:33,518.0,518.0,517.83,517.9,40531.0
10:34,517.93,518.04,517.93,517.95,47044.0
10:35,518.14,518.25,517.9,517.95,61227.0
10:36,518.0,518.16,517.95,518.14,54912.0
10:37,518.16,518.22,517.99,518.05,56285.0
10:38,518.05,518.2,518.04,518.13,26109.0
10:39,518.1,518.25,517.98,518.07,38900.0
10:40,518.14,518.25,518.05,518.1,39514.0
10:41,518.11,518.18,518.05,518.13,39644.0
10:42,517.99,518.13,517.98,518.12,58445.0
10:43,518.0,518.07,517.95,517.99,87389.0
10:44,517.98,518.0,517.96,517.99,31853.0
10:45,517.98,518.15,517.96,517.98,109046.0
10:46,517.99,518.02,517.97,517.98,77156.0
10:47,517.89,518.11,517.7,517.99,128900.0
10:48,517.97,518.0,517.81,517.91,28850.0
10:49,518.0,518.11,517.96,517.97,64475.0
10:50,518.02,518.13,517.97,518.0,72582.0
10:51,518.1,518.24,518.01,518.15,21457.0
10:52,518.24,518.29,518.1,518.1,42272.0
10:53,518.25,518.27,518.24,518.24,87733.0
10:54,518.25,518.32,517.95,518.25,67454.0
10:55,518.47,518.49,518.17,518.24,28797.0
10:56,518.31,518.49,518.25,518.47,28758.0
10:57,518.34,518.45,518.26,518.37,22385.0
10:58,518.28,518.35,518.08,518.35,37523.0
10:59,518.18,518.3,518.16,518.3,48794.0
11:00,518.18,518.19,518.03,518.16,19166.0
11:01,518.01,518.22,517.97,518.17,26943.0
11:02,517.72,518.01,517.7,518.01,38961.0
11:03,517.12,517.75,517.12,517.75,86965.0
11:04,517.46,517.49,517.1,517.14,31302.0
11:05,517.2,517.44,517.11,517.41,26443.0
11:06,517.33,517.44,517.26,517.26,29646.0
11:07,517.42,517.54,517.34,517.35,31818.0
11:08,517.5,517.74,517.43,517.61,23613.0
11:09,517.71,517.79,517.44,517.53,28284.0
11:10,517.53,517.75,517.41,517.68,21463.0
11:11,517.34,517.58,517.21,517.5,47614.0
11:12,516.89,517.31,516.85,517.31,58623.0
11:13,517.06,517.16,516.85,516.91,24751.0
11:14,516.96,517.35,516.96,517.09,21990.0
11:15,516.83,517.0,516.77,516.97,27462.0
11:16,516.7,516.86,516.6,516.82,41789.0
11:17,516.94,516.95,516.84,516.84,22946.0
11:18,516.9,516.97,516.85,516.93,23359.0
11:19,516.94,517.0,516.84,516.87,40382.0
11:20,516.98,517.0,516.91,516.92,23384.0
11:21,516.84,516.99,516.8,516.95,22747.0
11:22,516.93,517.0,516.84,516.86,28425.0
11:23,516.68,516.9,516.57,516.89,34241.0
11:24,516.92,517.0,516.77,516.81,46602.0
11:25,516.9,517.04,516.9,516.92,65198.0
11:26,516.92,516.99,516.85,516.9,14994.0
11:27,516.9,516.96,516.84,516.9,16382.0
11:28,516.85,516.91,516.81,516.91,24080.0
11:29,516.68,516.84,516.63,516.82,28510.0
11:30,516.56,516.79,516.56,516.68,36022.0
11:31,516.4,516.6,516.29,516.58,52072.0
11:32,516.29,516.42,516.29,516.37,37999.0
11:33,516.28,516.39,516.24,516.32,19945.0
11:34,516.32,516.32,516.2,516.25,27248.0
11:35,516.23,516.4,516.21,516.36,26759.0
11:36,515.86,516.27,515.82,516.23,72636.0
11:37,516.0,516.12,515.8,515.84,83665.0
11:38,516.39,516.48,515.9,516.0,91110.0
11:39,516.32,516.46,516.24,516.37,29311.0
11:40,516.47,516.53,516.32,516.35,29398.0
11:41,516.5,516.62,516.47,516.47,18915.0
11:42,516.31,516.53,516.31,516.47,29691.0
11:43,516.29,516.44,516.25,516.3,31042.0
11:44,516.4,516.53,516.23,516.29,41998.0
11:45,516.4,516.53,516.38,516.39,23177.0
11:46,516.47,516.53,516.39,516.44,26428.0
11:47,516.68,516.69,516.4,516.52,27418.0
11:48,516.59,516.7,516.54,516.69,32006.0
11:49,516.5,516.75,516.49,516.69,68873.0
11:50,516.64,516.75,516.48,516.49,27533.0
11:51,516.44,516.72,516.38,516.64,25688.0
11:52,516.58,516.63,516.47,516.47,14430.0
11:53,516.68,516.7,516.51,516.61,19927.0
11:54,516.74,516.75,516.65,516.67,24695.0
11:55,516.74,516.96,516.65,516.71,49666.0
11:56,516.93,517.0,516.7,516.72,30050.0
11:57,516.97,517.0,516.88,516.88,20776.0
11:58,516.94,517.0,516.9,516.98,20805.0
11:59,516.92,517.0,516.85,516.92,29088.0
12:00,517.05,517.11,516.96,516.97,26039.0
12:01,517.08,517.1,517.04,517.06,21743.0
12:02,517.06,517.13,517.06,517.06,47303.0
12:03,517.1,517.1,517.07,517.09,18821.0
12:04,516.94,517.14,516.88,517.1,32175.0
12:05,516.9,516.95,516.83,516.93,15790.0
12:06,516.73,516.87,516.66,516.87,19389.0
12:07,516.87,516.97,516.71,516.73,37513.0
12:08,516.92,517.03,516.82,516.88,35904.0
12:09,516.91,516.96,516.81,516.91,69180.0
12:10,516.88,516.93,516.83,516.91,14197.0
12:11,517.09,517.1,516.89,516.89,43273.0
12:12,517.04,517.15,516.93,517.11,59471.0
12:13,516.73,517.03,516.7,517.03,26477.0
12:14,516.71,516.77,516.63,516.74,10882.0
12:15,516.65,516.74,516.64,516.7,12769.0
12:16,516.68,516.77,516.65,516.65,15550.0
12:17,516.76,516.79,516.63,516.68,33156.0
12:18,516.77,516.78,516.7,516.72,27687.0
12:19,516.75,516.8,516.75,516.77,33274.0
12:20,516.76,516.78,516.69,516.76,25323.0
12:21,517.05,517.33,516.73,516.73,45825.0
12:22,517.27,517.32,517.06,517.09,31091.0
12:23,517.29,517.35,517.15,517.3,55968.0
12:24,517.28,517.3,517.21,517.27,35228.0
12:25,517.24,517.29,517.15,517.29,30506.0
12:26,517.18,517.29,517.14,517.26,28526.0
12:27,517.23,517.29,517.16,517.17,44546.0
12:28,517.26,517.28,517.01,517.18,47101.0
12:29,517.19,517.26,517.09,517.26,33163.0
12:30,517.47,517.59,517.19,517.19,85784.0
12:31,517.47,517.62,517.45,517.54,19002.0
12:32,517.78,517.85,517.46,517.46,50476.0
12:33,517.7,517.77,517.58,517.74,16729.0
12:34,517.54,517.68,517.51,517.67,19390.0
12:35,517.46,517.59,517.42,517.53,15875.0
12:36,517.17,517.53,517.16,517.49,21560.0
12:37,517.14,517.2,516.97,517.15,27436.0
12:38,517.04,517.18,517.0,517.13,16426.0
12:39,516.78,517.03,516.78,517.03,28353.0
12:40,517.0,517.0,516.73,516.83,51870.0
12:41,516.95,517.02,516.9,516.99,17743.0
12:42,516.96,517.0,516.9,516.9,35368.0
12:43,516.93,517.01,516.93,516.96,16729.0
12:44,516.95,517.04,516.93,516.96,21106.0
12:45,516.87,516.94,516.78,516.93,12748.0
12:46,516.54,516.85,516.5,516.84,26402.0
12:47,516.09,516.51,516.07,516.51,48260.0
12:48,515.95,516.11,515.83,516.11,58591.0
12:49,515.99,516.01,515.94,515.94,42442.0
12:50,515.99,516.14,515.99,515.99,47658.0
12:51,516.0,516.01,515.99,516.0,23636.0
12:52,516.0,516.1,515.99,516.0,40195.0
12:53,515.78,516.0,515.76,516.0,38667.0
12:54,515.98,516.0,515.78,515.78,21810.0
12:55,516.0,516.01,515.9,515.97,22189.0
12:56,515.95,516.01,515.93,516.0,18987.0
12:57,515.95,515.95,515.84,515.92,13714.0
12:58,515.99,516.0,515.89,515.92,20995.0
12:59,516.0,516.04,515.98,515.99,32682.0
13:00,515.99,516.16,515.99,516.01,83749.0
13:01,515.99,516.01,515.99,515.99,27850.0
13:02,515.89,516.0,515.84,515.98,24205.0
13:03,515.99,516.0,515.91,515.92,32951.0
13:04,516.0,516.02,515.98,515.99,55772.0
13:05,516.0,516.07,515.99,515.99,50691.0
13:06,516.0,516.09,515.99,516.0,67961.0
13:07,515.99,516.0,515.99,515.99,13501.0
13:08,515.99,516.0,515.92,516.0,23962.0
13:09,515.95,516.02,515.95,515.95,31811.0
13:10,515.99,516.0,515.94,515.97,18514.0
13:11,516.0,516.01,515.99,515.99,23425.0
13:12,516.01,516.04,515.99,516.0,33056.0
13:13,516.0,516.09,515.99,516.0,48000.0
13:14,515.99,516.01,515.99,516.0,34424.0
13:15,516.17,516.22,515.99,515.99,36582.0
13:16,516.18,516.22,516.15,516.17,24642.0
13:17,516.22,516.25,516.11,516.16,19696.0
13:18,516.23,516.23,516.2,516.22,31455.0
13:19,516.21,516.23,516.21,516.22,10153.0
13:20,516.23,516.23,516.21,516.22,40017.0
13:21,516.3,516.32,516.23,516.23,29267.0
13:22,516.32,516.32,516.28,516.3,23693.0
13:23,516.3,516.31,516.27,516.3,14994.0
13:24,516.1,516.31,516.1,516.31,23862.0
13:25,516.31,516.33,516.09,516.09,29210.0
13:26,516.3,516.32,516.28,516.3,30089.0
13:27,516.31,516.32,516.3,516.31,12128.0
13:28,516.35,516.46,516.3,516.31,35327.0
13:29,516.36,516.4,516.31,516.36,23521.0
13:30,516.4,516.42,516.34,516.35,26810.0
13:31,516.96,516.98,516.39,516.4,74759.0
13:32,516.97,517.0,516.82,516.97,32121.0
13:33,516.47,517.0,516.46,516.99,50866.0
13:34,516.28,516.5,516.28,516.47,16643.0
13:35,516.03,516.4,516.0,516.26,23689.0
13:36,515.9,516.03,515.86,516.01,56861.0
13:37,515.98,516.0,515.9,515.9,40719.0
13:38,515.98,516.0,515.91,515.98,20849.0
13:39,515.9,516.0,515.86,515.98,26012.0
13:40,515.98,515.99,515.81,515.91,21300.0
13:41,515.43,515.97,515.43,515.96,67762.0
13:42,515.45,515.5,515.41,515.45,33662.0
13:43,515.41,515.51,515.35,515.46,36672.0
13:44,515.39,515.44,515.39,515.4,31915.0
13:45,515.4,515.41,515.34,515.4,42419.0
13:46,515.4,515.41,515.39,515.4,32517.0
13:47,515.4,515.57,515.34,515.4,35692.0
13:48,515.4,515.49,515.38,515.4,73834.0
13:49,515.4,515.41,515.24,515.4,33623.0
13:50,515.36,515.4,515.33,515.4,23072.0
13:51,515.4,515.53,515.38,515.4,43969.0
13:52,515.26,515.48,515.26,515.4,25931.0
13:53,515.38,515.41,515.25,515.26,22920.0
13:54,515.39,515.41,515.39,515.39,14231.0
13:55,515.4,515.41,515.38,515.39,24184.0
13:56,515.39,515.4,515.34,515.39,18861.0
13:57,515.52,515.59,515.39,515.4,36729.0
13:58,515.45,515.52,515.44,515.49,17187.0
13:59,515.52,515.55,515.35,515.43,31161.0
14:00,515.41,515.5,515.29,515.47,25557.0
14:01,515.4,515.43,515.34,515.37,17656.0
14:02,515.56,515.56,515.39,515.4,53871.0
14:03,515.54,515.56,515.51,515.55,24492.0
14:04,515.55,515.56,515.54,515.56,11528.0
14:05,515.5,515.56,515.4,515.55,26150.0
14:06,515.54,515.54,515.43,515.49,19518.0
14:07,515.55,515.62,515.4,515.49,22745.0
14:08,515.49,515.54,515.45,515.54,19696.0
14:09,515.45,515.49,515.45,515.46,10455.0
14:10,515.74,515.79,515.48,515.48,26554.0
14:11,515.95,515.98,515.74,515.76,36508.0
14:12,515.87,515.95,515.77,515.95,26852.0
14:13,515.79,515.9,515.77,515.84,16114.0
14:14,515.84,515.87,515.78,515.83,17674.0
14:15,515.87,516.0,515.78,515.84,46232.0
14:16,515.91,515.92,515.83,515.85,21972.0
14:17,515.89,515.91,515.8,515.9,13898.0
14:18,515.77,515.87,515.76,515.86,11257.0
14:19,515.91,515.92,515.79,515.79,30188.0
14:20,515.8,515.91,515.77,515.87,29995.0
14:21,516.0,516.06,515.78,515.78,37227.0
14:22,516.08,516.09,516.04,516.05,30831.0
14:23,516.05,516.09,516.0,516.08,33671.0
14:24,516.08,516.2,516.04,516.05,21800.0
14:25,516.18,516.2,516.07,516.09,15729.0
14:26,516.16,516.21,516.14,516.17,21330.0
14:27,516.15,516.18,516.12,516.14,15714.0
14:28,516.05,516.16,516.05,516.11,17723.0
14:29,516.09,516.1,516.04,516.08,17607.0
14:30,516.1,516.11,516.04,516.08,26496.0
14:31,516.1,516.19,516.08,516.1,72689.0
14:32,516.19,516.22,516.09,516.14,42577.0
14:33,516.24,516.24,516.11,516.21,23940.0
14:34,516.2,516.24,516.17,516.2,21815.0
14:35,516.22,516.35,516.17,516.22,79059.0
14:36,516.2,516.27,516.2,516.23,29214.0
14:37,516.22,516.23,516.17,516.23,12620.0
14:38,516.21,516.25,516.19,516.2,16376.0
14:39,516.17,516.21,516.14,516.21,17163.0
14:40,515.93,516.19,515.93,516.17,30304.0
14:41,515.65,515.96,515.63,515.94,45944.0
14:42,515.74,515.75,515.65,515.65,20199.0
14:43,515.71,515.72,515.63,515.65,44631.0
14:44,515.68,515.69,515.6,515.64,69063.0
14:45,515.65,515.65,515.58,515.64,93495.0
14:46,515.74,515.75,515.65,515.65,21207.0
14:47,515.7,515.75,515.7,515.72,13695.0
14:48,515.67,515.73,515.63,515.7,16138.0
14:49,515.71,515.74,515.66,515.7,15611.0
14:50,515.75,515.76,515.7,515.71,33270.0
14:51,515.75,515.76,515.72,515.74,20557.0
14:52,515.72,515.77,515.67,515.74,58925.0
14:53,515.68,515.75,515.65,515.73,31229.0
14:54,515.72,515.75,515.66,515.69,29709.0
14:55,515.59,515.74,515.58,515.74,69834.0
14:56,515.61,515.72,515.56,515.59,90160.0
14:57,515.65,515.8,515.59,515.6,54953.0
14:58,515.79,515.8,515.57,515.62,17190.0
14:59,515.6,515.8,515.59,515.77,53169.0
15:00,515.57,515.6,515.54,515.59,30023.0
15:01,515.59,515.6,515.52,515.6,21378.0
15:02,515.58,515.61,515.58,515.59,40192.0
15:03,515.92,516.0,515.59,515.6,93046.0
15:04,515.88,515.93,515.76,515.91,45321.0
15:05,515.85,515.9,515.8,515.89,37915.0
15:06,515.78,515.9,515.73,515.86,73884.0
15:07,515.78,515.8,515.73,515.78,27995.0
15:08,515.94,516.0,515.79,515.79,59775.0
15:09,515.95,515.96,515.82,515.94,35726.0
15:10,515.99,516.0,515.96,515.99,25368.0
15:11,515.88,516.0,515.88,515.99,26728.0
15:12,515.67,515.89,515.66,515.89,36306.0
15:13,515.72,515.79,515.67,515.69,28092.0
15:14,515.48,515.77,515.42,515.73,163218.0
15:15,515.4,515.47,515.27,515.47,128707.0
15:16,515.28,515.51,515.21,515.4,140814.0
15:17,515.31,515.41,515.26,515.28,42731.0
15:18,515.39,515.4,515.27,515.33,60059.0
15:19,515.3,515.38,515.28,515.37,42483.0
15:20,515.32,515.34,515.21,515.32,69034.0
15:21,514.59,515.29,514.49,515.29,244302.0
15:22,514.73,514.83,514.6,514.6,224669.0
15:23,514.73,514.81,514.6,514.78,74210.0
15:24,514.44,514.8,514.42,514.76,80129.0
15:25,514.49,514.51,514.41,514.46,71173.0
15:26,514.47,514.5,514.36,514.5,46256.0
15:27,514.49,514.62,514.45,514.49,86690.0
15:28,514.59,514.66,514.32,514.49,64208.0
15:29,514.3,514.75,514.25,514.75,90495.0
15:30,514.28,514.31,514.24,514.3,55191.0
15:31,514.15,514.33,514.15,514.29,54890.0
15:32,514.2,514.2,514.14,514.14,75148.0
15:33,514.18,514.38,514.16,514.2,95879.0
15:34,514.2,514.2,514.15,514.18,104602.0
15:35,514.2,514.26,514.17,514.2,71310.0
15:36,514.2,514.21,514.16,514.2,82571.0
15:37,514.2,514.2,514.18,514.2,98943.0
15:38,514.18,514.41,514.15,514.2,215743.0
15:39,514.09,514.1,514.04,514.09,128931.0
15:40,514.1,514.19,514.02,514.1,147578.0
15:41,514.27,514.3,514.09,514.09,121537.0
15:42,514.24,514.3,514.08,514.27,84236.0
15:43,514.49,514.5,514.24,514.25,71414.0
15:44,515.1,515.1,514.49,514.49,93103.0
15:45,515.73,516.3,515.16,515.19,151667.0
15:46,515.92,516.0,515.62,515.76,75588.0
15:47,516.17,516.23,515.9,515.91,55205.0
15:48,515.67,516.18,515.62,516.17,80137.0
15:49,515.69,515.7,515.62,515.66,64824.0
15:50,515.88,515.97,515.64,515.69,96916.0
15:51,515.44,515.93,515.4,515.93,95888.0
15:52,515.51,515.57,515.41,515.44,128423.0
15:53,515.5,515.61,515.35,515.49,118276.0
15:54,516.16,516.16,515.44,515.49,142156.0
15:55,516.55,516.75,516.05,516.16,216451.0
15:56,516.86,516.89,516.41,516.55,170832.0
15:57,517.2,517.3,516.86,516.86,243935.0
15:58,517.06,517.19,516.97,517.19,237807.0
15:59,517.14,517.28,516.68,517.05,501089.0
