Time,Close,High,Low,Open,Volume
09:30,510.21,511.2,509.94,510.21,432359.0
09:31,509.48,510.42,509.4,510.1,48688.0
09:32,510.05,510.32,509.21,509.46,43377.0
09:33,509.97,510.47,509.76,510.05,46577.0
09:34,509.55,510.32,509.52,509.95,42591.0
09:35,509.4,509.55,509.18,509.49,28883.0
09:36,509.12,509.39,508.8,509.38,48561.0
09:37,509.06,509.06,508.9,508.98,41509.0
09:38,509.52,509.66,509.0,509.02,28367.0
09:39,509.8,509.8,509.4,509.52,27801.0
09:40,509.71,509.84,509.53,509.83,30806.0
09:41,509.54,509.81,509.38,509.65,38536.0
09:42,509.69,509.75,509.5,509.56,31546.0
09:43,509.53,509.85,509.53,509.75,27778.0
09:44,509.78,509.9,509.49,509.51,29340.0
09:45,509.46,509.46,509.46,509.46,36042.0
09:46,509.43,509.73,509.4,509.46,23398.0
09:47,509.32,509.66,509.32,509.42,45895.0
09:48,509.46,509.57,509.26,509.27,51092.0
09:49,508.86,509.46,508.83,509.44,66184.0
09:50,508.6,508.9,508.42,508.82,63176.0
09:51,508.69,508.89,508.42,508.62,40734.0
09:52,508.49,508.64,508.34,508.64,48927.0
09:53,508.66,508.68,508.25,508.49,65458.0
09:54,508.52,508.6,508.13,508.6,67203.0
09:55,508.68,508.78,508.45,508.48,33086.0
09:56,508.52,508.59,508.38,508.59,46557.0
09:57,507.82,508.56,507.66,508.52,69557.0
09:58,507.84,508.21,507.77,507.83,83369.0
09:59,508.05,508.06,507.73,507.81,56790.0
10:00,507.79,508.15,507.75,507.99,47864.0
10:01,507.7,507.82,507.52,507.7,43674.0
10:02,507.93,508.2,507.6,507.71,37452.0
10:03,507.65,507.95,507.44,507.88,45278.0
10:04,507.74,507.76,507.43,507.48,51040.0
10:05,507.68,507.87,507.6,507.7,47034.0
10:06,507.98,508.01,507.57,507.68,55887.0
10:07,508.46,508.52,507.95,507.96,59266.0
10:08,508.28,508.46,508.23,508.43,18870.0
10:09,508.55,508.68,508.3,508.3,20716.0
10:10,508.56,508.67,508.44,508.54,29622.0
10:11,508.59,508.66,508.47,508.53,41831.0
10:12,509.03,509.14,508.6,508.64,37552.0
10:13,509.19,509.3,508.95,509.01,23929.0
10:14,508.8,509.18,508.7,509.17,42517.0
10:15,508.86,509.01,508.83,508.88,45755.0
10:16,508.91,509.0,508.81,508.85,31491.0
10:17,508.8,508.99,508.8,508.93,13470.0
10:18,508.7,508.86,508.68,508.78,35263.0
10:19,508.94,508.96,508.66,508.69,18289.0
10:20,508.86,508.95,508.83,508.95,32894.0
10:21,508.86,508.88,508.78,508.85,14173.0
10:22,509.36,509.43,508.82,508.88,22820.0
10:23,509.16,509.37,509.16,509.31,11622.0
10:24,508.94,509.28,508.8,509.16,33913.0
10:25,508.93,508.99,508.88,508.91,12585.0
10:26,508.91,509.01,508.85,508.96,23184.0
10:27,509.0,509.07,508.81,508.99,36017.0
10:28,508.96,509.03,508.9,508.98,14582.0
10:29,508.95,508.98,508.86,508.98,8254.0
10:30,509.02,509.12,508.88,508.92,17691.0
10:31,509.05,509.2,508.89,509.02,25280.0
10:32,509.11,509.12,508.99,509.01,13040.0
10:33,509.1,509.22,509.09,509.11,20481.0
10:34,509.14,509.2,509.09,509.1,9929.0
10:35,509.25,509.29,508.94,509.19,38212.0
10:36,509.1,509.29,509.1,509.25,12857.0
10:37,509.11,509.29,509.06,509.21,9899.0
10:38,509.11,509.23,509.07,509.14,23750.0
10:39,509.11,509.18,509.08,509.08,37601.0
10:40,509.17,509.21,509.07,509.11,15581.0
10:41,509.29,509.29,509.13,509.14,15735.0
10:42,509.35,509.35,509.3,509.32,12307.0
10:43,509.54,509.55,509.39,509.49,519597.0
10:44,509.36,509.55,509.34,509.5,18838.0
10:45,509.48,509.52,509.36,509.36,13748.0
10:46,509.31,509.59,509.31,509.48,16926.0
10:47,509.48,509.51,509.3,509.3,7086.0
10:48,509.35,509.53,509.35,509.49,15760.0
10:49,509.16,509.41,509.16,509.41,37865.0
10:50,508.75,509.14,508.75,509.14,35385.0
10:51,508.8,508.89,508.58,508.6,29607.0
10:52,508.73,508.8,508.68,508.78,12720.0
10:53,508.78,508.8,508.64,508.7,26096.0
10:54,508.67,508.74,508.58,508.71,38782.0
10:55,508.82,508.92,508.67,508.67,21335.0
10:56,508.75,509.05,508.73,508.95,14418.0
10:57,508.77,508.86,508.7,508.71,14978.0
10:58,508.72,508.8,508.66,508.8,12309.0
10:59,508.76,508.82,508.64,508.71,19351.0
11:00,508.82,508.91,508.79,508.82,14699.0
11:01,508.77,508.83,508.64,508.83,18487.0
11:02,508.74,508.83,508.71,508.78,19117.0
11:03,508.8,508.85,508.69,508.75,9756.0
11:04,508.88,508.88,508.76,508.83,8441.0
11:05,508.81,508.9,508.79,508.82,11799.0
11:06,509.25,509.25,508.85,508.85,17010.0
11:07,509.2,509.22,509.18,509.21,5347.0
11:08,509.19,509.21,509.12,509.13,17510.0
11:09,509.07,509.18,509.07,509.18,11023.0
11:10,509.26,509.3,509.06,509.07,8076.0
11:11,509.07,509.23,509.0,509.23,18496.0
11:12,509.13,509.13,508.98,509.0,12315.0
11:13,509.11,509.16,508.99,509.12,20042.0
11:14,509.1,509.16,509.1,509.11,7898.0
11:15,508.98,509.11,508.92,509.08,13521.0
11:16,508.84,509.03,508.81,508.96,13728.0
11:17,508.91,508.94,508.77,508.88,14007.0
11:18,508.62,508.93,508.58,508.93,29094.0
11:19,508.65,508.68,508.51,508.61,25822.0
11:20,508.44,508.73,508.44,508.64,17439.0
11:21,508.18,508.45,508.18,508.45,19755.0
11:22,507.93,508.18,507.9,508.18,21014.0
11:23,508.01,508.01,507.91,507.93,22278.0
11:24,508.03,508.06,507.96,508.0,17889.0
11:25,508.07,508.11,507.99,508.05,20906.0
11:26,508.2,508.24,508.07,508.07,30714.0
11:27,508.22,508.26,508.16,508.24,19870.0
11:28,508.13,508.28,508.12,508.23,12768.0
11:29,508.24,508.27,508.06,508.11,13082.0
11:30,508.29,508.29,508.17,508.22,17601.0
11:31,508.25,508.33,508.2,508.31,20974.0
11:32,508.22,508.27,508.16,508.25,12605.0
11:33,508.2,508.32,508.1,508.2,22340.0
11:34,508.49,508.49,508.19,508.2,42517.0
11:35,508.3,508.56,508.3,508.48,20873.0
11:36,508.29,508.3,508.11,508.28,10565.0
11:37,508.34,508.39,508.24,508.31,13922.0
11:38,508.25,508.39,508.23,508.38,28783.0
11:39,508.24,508.31,508.2,508.31,9996.0
11:40,508.11,508.27,508.08,508.22,359835.0
11:41,508.12,508.16,508.07,508.11,5638.0
11:42,507.85,508.08,507.81,508.08,18706.0
11:43,507.74,507.9,507.68,507.89,11316.0
11:44,507.65,507.76,507.64,507.71,16790.0
11:45,507.76,507.79,507.6,507.66,18372.0
11:46,507.77,507.84,507.72,507.77,17748.0
11:47,508.02,508.02,507.73,507.73,17127.0
11:48,507.67,508.07,507.64,508.01,18723.0
11:49,507.71,507.72,507.6,507.67,8659.0
11:50,507.58,507.76,507.42,507.66,51001.0
11:51,507.44,507.66,507.4,507.61,19554.0
11:52,507.55,507.56,507.44,507.44,14307.0
11:53,507.52,507.62,507.51,507.55,11609.0
11:54,507.42,507.49,507.38,507.45,7755.0
11:55,507.39,507.44,507.35,507.42,7728.0
11:56,507.21,507.37,507.16,507.37,16398.0
11:57,507.26,507.26,507.12,507.14,50917.0
11:58,507.26,507.32,507.24,507.28,21790.0
11:59,506.98,507.27,506.97,507.23,42475.0
12:00,507.26,507.26,507.0,507.0,15368.0
12:01,507.29,507.31,507.2,507.25,11403.0
12:02,507.19,507.28,507.13,507.28,11803.0
12:03,507.54,507.55,507.13,507.21,26530.0
12:04,507.48,507.55,507.48,507.52,14684.0
12:05,507.5,507.58,507.49,507.56,8573.0
12:06,507.43,507.51,507.35,507.51,12645.0
12:07,507.4,507.49,507.4,507.45,6729.0
12:08,507.44,507.47,507.35,507.43,6461.0
12:09,507.46,507.48,507.41,507.44,5952.0
12:10,507.53,507.6,507.41,507.44,10160.0
12:11,507.56,507.59,507.51,507.55,9324.0
12:12,507.48,507.6,507.48,507.54,7370.0
12:13,507.39,507.54,507.38,507.47,12958.0
12:14,507.44,507.49,507.35,507.41,18522.0
12:15,507.39,507.53,507.35,507.43,11278.0
12:16,507.49,507.49,507.36,507.4,22962.0
12:17,507.58,507.64,507.5,507.5,11905.0
12:18,507.67,507.69,507.54,507.61,16501.0
12:19,507.65,507.73,507.57,507.67,24353.0
12:20,507.44,507.67,507.42,507.67,19913.0
12:21,507.41,507.52,507.35,507.48,15006.0
12:22,507.36,507.48,507.34,507.44,14800.0
12:23,507.36,507.49,507.34,507.36,17173.0
12:24,507.2,507.41,507.16,507.39,19619.0
12:25,507.05,507.26,507.05,507.17,15705.0
12:26,507.0,507.15,506.99,507.04,13345.0
12:27,506.81,507.02,506.81,507.02,11927.0
12:28,506.66,506.81,506.65,506.81,17880.0
12:29,506.77,506.78,506.65,506.67,17878.0
12:30,506.79,506.8,506.63,506.72,22847.0
12:31,506.75,506.75,506.62,506.73,15156.0
12:32,506.66,506.72,506.64,506.71,6817.0
12:33,506.46,506.62,506.44,506.62,19296.0
12:34,506.49,506.54,506.39,506.44,10867.0
12:35,506.48,506.51,506.44,506.51,10994.0
12:36,506.6,506.61,506.35,506.45,20022.0
12:37,506.6,506.7,506.58,506.6,19976.0
12:38,506.75,506.76,506.6,506.61,16526.0
12:39,506.82,506.85,506.7,506.74,13516.0
12:40,506.74,506.86,506.71,506.83,14500.0
12:41,506.7,506.76,506.65,506.73,19336.0
12:42,506.85,506.85,506.69,506.69,6957.0
12:43,506.89,506.9,506.81,506.84,9043.0
12:44,506.96,507.01,506.85,506.9,20104.0
12:45,506.77,506.98,506.75,506.94,14018.0
12:46,506.89,506.91,506.76,506.77,14084.0
12:47,506.85,506.92,506.81,506.85,8329.0
12:48,506.83,506.87,506.81,506.85,5862.0
12:49,506.86,506.89,506.8,506.81,10470.0
12:50,506.9,506.95,506.8,506.84,11234.0
12:51,507.02,507.05,506.92,506.92,24187.0
12:52,507.06,507.11,507.0,507.04,37154.0
12:53,506.96,507.07,506.87,507.04,14092.0
12:54,506.95,507.0,506.9,506.96,7159.0
12:55,506.85,506.95,506.83,506.95,9649.0
12:56,506.89,506.92,506.8,506.85,8717.0
12:57,506.89,506.94,506.82,506.85,11304.0
12:58,506.94,506.96,506.81,506.86,9545.0
12:59,506.97,506.97,506.89,506.96,8673.0
13:00,506.93,506.95,506.89,506.95,9480.0
13:01,506.9,506.92,506.85,506.88,8198.0
13:02,506.95,506.97,506.9,506.93,7790.0
13:03,507.02,507.05,506.9,506.95,15211.0
13:04,507.0,507.02,506.95,507.0,6415.0
13:05,506.99,507.05,506.94,507.0,7267.0
13:06,507.0,507.0,506.89,506.95,9694.0
13:07,506.88,507.02,506.87,507.0,7096.0
13:08,506.9,506.9,506.81,506.89,11443.0
13:09,506.92,506.92,506.84,506.89,7736.0
13:10,506.99,507.05,506.87,506.89,13210.0
13:11,506.97,507.06,506.97,507.05,7964.0
13:12,506.93,506.95,506.89,506.93,6145.0
13:13,506.95,506.95,506.88,506.93,12765.0
13:14,506.88,506.96,506.84,506.96,14500.0
13:15,507.04,507.08,506.88,506.88,14076.0
13:16,506.87,507.04,506.87,507.04,10546.0
13:17,506.83,506.87,506.74,506.87,14131.0
13:18,506.99,507.0,506.83,506.83,4963.0
13:19,507.0,507.05,506.97,506.97,8627.0
13:20,507.04,507.05,506.96,507.02,9514.0
13:21,507.09,507.12,507.04,507.05,16121.0
13:22,507.1,507.14,507.07,507.11,12575.0
13:23,507.19,507.22,507.08,507.1,22401.0
13:24,507.17,507.2,507.14,507.2,10684.0
13:25,507.38,507.38,507.16,507.18,21595.0
13:26,507.38,507.41,507.31,507.34,9987.0
13:27,507.39,507.41,507.34,507.39,8922.0
13:28,507.67,507.72,507.42,507.42,17282.0
13:29,507.56,507.67,507.53,507.64,8969.0
13:30,507.59,507.64,507.55,507.59,257458.0
13:31,507.5,507.59,507.48,507.59,9372.0
13:32,507.56,507.58,507.44,507.49,12646.0
13:33,507.51,507.53,507.45,507.53,6462.0
13:34,507.55,507.55,507.46,507.51,6396.0
13:35,507.53,507.57,507.48,507.56,10056.0
13:36,507.47,507.53,507.41,507.48,10765.0
13:37,507.35,507.48,507.35,507.41,8650.0
13:38,507.35,507.37,507.29,507.35,7090.0
13:39,507.3,507.32,507.23,507.32,16684.0
13:40,507.13,507.3,507.13,507.3,9393.0
13:41,507.03,507.14,507.03,507.13,15043.0
13:42,507.11,507.14,507.03,507.03,7623.0
13:43,507.11,507.13,507.06,507.1,9395.0
13:44,507.05,507.16,507.05,507.11,9389.0
13:45,506.92,507.07,506.92,507.07,18431.0
13:46,506.92,506.98,506.88,506.92,8239.0
13:47,506.82,506.94,506.79,506.94,7640.0
13:48,506.77,506.83,506.75,506.8,20228.0
13:49,506.75,506.81,506.72,506.76,16182.0
13:50,506.66,506.76,506.65,506.75,13632.0
13:51,506.61,506.71,506.6,506.63,14530.0
13:52,506.53,506.66,506.52,506.6,17014.0
13:53,506.53,506.59,506.53,506.56,12009.0
13:54,506.5,506.54,506.46,506.54,12558.0
13:55,506.39,506.51,506.36,506.5,39506.0
13:56,506.28,506.48,506.27,506.46,66454.0
13:57,506.41,506.54,506.23,506.26,31468.0
13:58,506.48,506.55,506.43,506.43,16591.0
13:59,506.58,506.61,506.46,506.49,13636.0
14:00,506.68,506.69,506.49,506.55,12791.0
14:01,506.68,506.72,506.6,506.67,17457.0
14:02,506.69,506.73,506.67,506.68,12907.0
14:03,506.63,506.74,506.63,506.7,7154.0
14:04,506.57,506.61,506.49,506.61,25351.0
14:05,506.64,506.64,506.54,506.54,6617.0
14:06,506.74,506.79,506.57,506.57,11782.0
14:07,506.87,506.9,506.75,506.75,13429.0
14:08,506.76,506.91,506.76,506.86,13141.0
14:09,506.81,506.81,506.76,506.79,5181.0
14:10,506.55,506.81,506.55,506.78,10631.0
14:11,506.64,506.64,506.55,506.58,9786.0
14:12,506.46,506.58,506.46,506.56,9079.0
14:13,506.36,506.48,506.35,506.44,16370.0
14:14,506.43,506.48,506.35,506.35,12913.0
14:15,506.38,506.47,506.34,506.44,10106.0
14:16,506.03,506.33,505.98,506.32,34542.0
14:17,505.68,506.07,505.68,506.04,29162.0
14:18,505.99,505.99,505.46,505.69,36919.0
14:19,505.97,506.01,505.86,506.0,15897.0
14:20,506.11,506.17,505.95,505.98,15563.0
14:21,506.12,506.17,506.04,506.13,15967.0
14:22,506.24,506.32,506.18,506.19,16865.0
14:23,506.16,506.21,506.11,506.21,14786.0
14:24,505.85,506.11,505.83,506.11,10910.0
14:25,505.85,505.89,505.78,505.85,20967.0
14:26,505.86,505.9,505.8,505.88,12317.0
14:27,505.96,506.0,505.86,505.86,19317.0
14:28,506.0,506.04,505.95,505.95,16956.0
14:29,506.0,506.02,505.94,505.99,20982.0
14:30,505.89,506.01,505.89,505.96,15595.0
14:31,505.89,505.97,505.86,505.88,19177.0
14:32,505.87,505.91,505.8,505.89,22512.0
14:33,505.96,505.98,505.82,505.83,17560.0
14:34,505.97,506.0,505.92,505.92,19652.0
14:35,506.06,506.12,505.95,505.95,26035.0
14:36,506.19,506.24,506.02,506.09,12761.0
14:37,506.13,506.21,506.07,506.18,24322.0
14:38,506.18,506.22,506.05,506.11,20436.0
14:39,506.31,506.31,506.18,506.21,20842.0
14:40,506.23,506.42,506.23,506.33,26852.0
14:41,506.15,506.3,506.15,506.22,18619.0
14:42,506.15,506.23,506.09,506.22,12001.0
14:43,506.19,506.19,506.03,506.18,16263.0
14:44,506.14,506.2,506.12,506.18,9328.0
14:45,506.23,506.27,506.12,506.16,20616.0
14:46,506.08,506.27,506.08,506.24,12959.0
14:47,506.07,506.1,506.03,506.07,11518.0
14:48,506.01,506.09,505.93,506.08,11523.0
14:49,506.03,506.08,505.98,506.02,17771.0
14:50,506.06,506.1,505.99,506.02,13687.0
14:51,506.04,506.12,506.03,506.04,13717.0
14:52,506.09,506.1,505.97,506.03,22662.0
14:53,506.23,506.23,506.07,506.07,18340.0
14:54,506.26,506.27,506.14,506.24,10986.0
14:55,506.19,506.29,506.17,506.29,10800.0
14:56,506.19,506.21,506.14,506.17,14325.0
14:57,506.21,506.29,506.19,506.19,13514.0
14:58,506.21,506.22,506.18,506.19,9605.0
14:59,506.26,506.26,506.18,506.21,13582.0
15:00,506.31,506.41,506.22,506.22,12454.0
15:01,506.18,506.39,506.07,506.36,25298.0
15:02,506.14,506.19,506.11,506.17,18760.0
15:03,506.08,506.15,506.07,506.14,11870.0
15:04,505.9,506.07,505.85,506.04,20176.0
15:05,505.87,505.91,505.77,505.88,27639.0
15:06,505.75,505.9,505.73,505.83,31920.0
15:07,505.82,505.85,505.72,505.73,31030.0
15:08,505.89,505.89,505.76,505.79,20343.0
15:09,505.93,505.93,505.83,505.87,18620.0
15:10,505.98,505.98,505.86,505.92,18892.0
15:11,505.82,505.96,505.77,505.96,28898.0
15:12,505.71,505.82,505.7,505.82,18241.0
15:13,505.77,505.83,505.66,505.74,35987.0
15:14,505.85,505.85,505.76,505.83,20523.0
15:15,505.9,505.93,505.83,505.84,28411.0
15:16,505.91,505.96,505.82,505.89,24551.0
15:17,505.98,506.0,505.89,505.95,16292.0
15:18,506.09,506.1,505.92,505.98,19833.0
15:19,505.97,506.12,505.95,506.08,21613.0
15:20,505.91,506.02,505.9,505.97,25916.0
15:21,506.13,506.13,505.9,505.94,30564.0
15:22,506.14,506.16,506.07,506.14,18959.0
15:23,506.03,506.13,506.0,506.13,28582.0
15:24,505.9,506.06,505.87,506.06,23440.0
15:25,505.97,506.0,505.88,505.89,21065.0
15:26,505.89,506.0,505.88,505.96,21272.0
15:27,505.88,505.92,505.85,505.89,21376.0
15:28,505.88,505.94,505.83,505.88,27834.0
15:29,505.93,505.93,505.82,505.89,27658.0
15:30,505.83,505.91,505.75,505.91,45493.0
15:31,505.83,505.88,505.8,505.83,25206.0
15:32,505.82,505.84,505.74,505.84,23313.0
15:33,505.84,505.86,505.77,505.8,20268.0
15:34,505.71,505.86,505.7,505.83,19024.0
15:35,505.84,505.84,505.71,505.71,17331.0
15:36,505.85,505.95,505.82,505.85,30363.0
15:37,505.87,505.91,505.83,505.86,29784.0
15:38,505.8,505.89,505.79,505.88,38828.0
15:39,505.74,505.88,505.73,505.79,36563.0
15:40,505.7,505.74,505.65,505.74,34780.0
15:41,505.7,505.76,505.66,505.76,24476.0
15:42,505.67,505.72,505.59,505.69,37260.0
15:43,505.68,505.73,505.58,505.67,46128.0
15:44,505.7,505.79,505.64,505.65,26394.0
15:45,505.48,505.72,505.44,505.72,45158.0
15:46,505.49,505.58,505.4,505.47,31912.0
15:47,505.46,505.51,505.41,505.48,30758.0
15:48,505.5,505.65,505.4,505.45,46212.0
15:49,505.49,505.56,505.4,505.46,220372.0
15:50,505.42,505.57,505.42,505.48,39383.0
15:51,505.45,505.48,505.33,505.43,38226.0
15:52,505.36,505.54,505.36,505.48,55852.0
15:53,505.51,505.56,505.36,505.36,42301.0
15:54,505.66,505.77,505.49,505.49,77238.0
15:55,505.74,505.88,505.3,505.69,134776.0
15:56,505.9,505.92,505.71,505.75,88578.0
15:57,506.11,506.26,505.89,505.9,105073.0
15:58,506.27,506.33,506.07,506.1,165441.0
15:59,505.39,506.25,505.27,506.25,383742.0
