Time,Close,High,Low,Open,Volume
09:30,375.61,376.05,375.19,375.99,578669.0
09:31,376.3,376.31,375.31,375.61,63983.0
09:32,376.29,376.47,375.92,376.32,35897.0
09:33,376.46,376.6,376.18,376.18,44993.0
09:34,376.32,376.74,376.21,376.46,55299.0
09:35,377.1,377.16,376.3,376.36,79630.0
09:36,376.63,377.17,376.27,377.03,76413.0
09:37,377.03,377.15,376.47,376.68,29393.0
09:38,376.96,377.29,376.54,377.04,54141.0
09:39,377.39,377.5,376.78,376.86,34455.0
09:40,377.76,377.77,377.35,377.45,25490.0
09:41,377.71,378.1,377.55,377.6,33122.0
09:42,378.19,378.26,377.74,377.81,27337.0
09:43,378.55,378.85,378.18,378.18,43807.0
09:44,378.95,378.95,378.5,378.53,40274.0
09:45,379.27,379.39,378.86,378.86,42235.0
09:46,379.39,379.59,379.22,379.25,48036.0
09:47,379.71,379.98,379.49,379.51,60418.0
09:48,378.94,379.69,378.94,379.62,75159.0
09:49,379.75,380.07,378.92,378.97,78517.0
09:50,379.83,379.95,379.63,379.78,39480.0
09:51,379.96,380.04,379.62,379.82,40399.0
09:52,380.08,380.2,379.94,379.96,34014.0
09:53,379.92,380.27,379.82,380.08,44232.0
09:54,379.97,380.1,379.81,379.89,27727.0
09:55,379.8,380.1,379.54,380.02,34882.0
09:56,380.14,380.2,379.7,379.8,41863.0
09:57,380.65,380.75,380.14,380.14,62786.0
09:58,381.02,381.27,380.51,380.75,82103.0
09:59,381.48,381.52,381.0,381.14,51702.0
10:00,381.9,381.98,381.25,381.39,78936.0
10:01,381.43,382.13,381.37,381.9,67747.0
10:02,381.0,381.51,381.0,381.5,54803.0
10:03,381.2,381.45,380.96,380.98,60726.0
10:04,381.35,381.39,380.96,381.14,43602.0
10:05,381.63,381.74,381.24,381.31,29791.0
10:06,381.59,381.79,381.53,381.53,30448.0
10:07,382.1,382.1,381.64,381.69,43754.0
10:08,382.0,382.09,381.84,382.02,72607.0
10:09,381.89,382.09,381.75,381.94,44723.0
10:10,381.6,382.11,381.5,381.91,58521.0
10:11,381.79,381.93,381.56,381.62,42310.0
10:12,381.21,381.88,381.21,381.72,38767.0
10:13,381.67,381.77,381.32,381.38,23410.0
10:14,381.75,381.93,381.66,381.67,33014.0
10:15,381.78,381.85,381.66,381.76,17521.0
10:16,381.47,381.9,381.39,381.8,24970.0
10:17,381.32,381.49,381.3,381.39,13885.0
10:18,381.47,381.51,381.2,381.33,27876.0
10:19,382.07,382.14,381.44,381.44,46819.0
10:20,382.28,382.35,382.02,382.07,35153.0
10:21,382.26,382.32,382.01,382.2,57437.0
10:22,382.37,382.55,382.24,382.25,62489.0
10:23,382.23,382.31,382.11,382.31,13465.0
10:24,382.29,382.33,382.01,382.24,30548.0
10:25,381.9,382.3,381.82,382.2,27687.0
10:26,382.15,382.16,381.78,381.92,18433.0
10:27,382.5,382.57,382.05,382.11,23022.0
10:28,382.77,382.77,382.47,382.51,26238.0
10:29,382.96,383.09,382.72,382.77,42160.0
10:30,383.09,383.23,382.91,382.95,41409.0
10:31,383.2,383.31,382.9,383.1,25445.0
10:32,383.41,383.5,383.08,383.11,42197.0
10:33,383.3,383.59,383.2,383.39,49385.0
10:34,383.58,383.65,383.27,383.3,49377.0
10:35,383.8,383.82,383.49,383.64,53792.0
10:36,383.77,383.93,383.7,383.79,38234.0
10:37,384.21,384.26,383.67,383.71,49207.0
10:38,384.22,384.46,384.12,384.23,72714.0
10:39,383.89,384.22,383.74,384.14,47680.0
10:40,383.73,384.01,383.5,383.92,43326.0
10:41,383.79,383.79,383.47,383.73,20020.0
10:42,383.71,383.85,383.59,383.66,24757.0
10:43,383.3,383.77,383.09,383.73,79733.0
10:44,383.01,383.45,382.96,383.3,30761.0
10:45,383.22,383.31,383.02,383.11,24159.0
10:46,383.19,383.34,383.05,383.14,23231.0
10:47,382.83,383.37,382.81,383.14,36843.0
10:48,382.91,382.96,382.71,382.83,50310.0
10:49,383.52,383.62,382.87,382.92,34085.0
10:50,383.41,383.61,383.28,383.57,29414.0
10:51,383.46,383.59,383.33,383.42,18038.0
10:52,382.94,383.5,382.92,383.5,21164.0
10:53,382.95,382.96,382.65,382.89,31951.0
10:54,383.08,383.2,382.84,382.91,25717.0
10:55,383.35,383.37,383.07,383.16,14736.0
10:56,383.23,383.4,383.12,383.35,16868.0
10:57,383.11,383.3,383.1,383.3,17150.0
10:58,383.12,383.26,382.87,383.1,29492.0
10:59,383.17,383.25,382.91,383.05,21074.0
11:00,383.24,383.46,383.07,383.18,36136.0
11:01,383.01,383.26,383.01,383.26,14146.0
11:02,382.65,383.09,382.6,383.09,26671.0
11:03,382.61,382.78,382.56,382.72,15848.0
11:04,383.27,383.27,382.65,382.65,13183.0
11:05,383.38,383.38,383.11,383.3,32561.0
11:06,383.3,383.56,383.28,383.4,27023.0
11:07,383.34,383.36,383.13,383.3,24420.0
11:08,383.24,383.48,383.2,383.22,14019.0
11:09,383.2,383.39,383.18,383.22,25316.0
11:10,383.39,383.41,383.23,383.23,13776.0
11:11,383.67,383.8,383.36,383.36,35321.0
11:12,383.8,383.87,383.68,383.79,26707.0
11:13,383.93,384.0,383.74,383.81,36535.0
11:14,383.95,384.26,383.89,383.89,39031.0
11:15,384.13,384.15,383.89,383.97,18854.0
11:16,383.98,384.16,383.98,384.08,21837.0
11:17,384.0,384.15,383.95,383.96,23773.0
11:18,383.84,384.1,383.84,384.05,24846.0
11:19,383.53,383.86,383.53,383.84,20680.0
11:20,383.66,383.81,383.48,383.48,22382.0
11:21,383.72,383.8,383.55,383.64,14668.0
11:22,383.6,383.76,383.59,383.65,29422.0
11:23,383.32,383.59,383.22,383.59,24443.0
11:24,383.81,383.81,383.25,383.25,19050.0
11:25,383.86,383.91,383.65,383.81,51787.0
11:26,384.18,384.25,383.88,383.93,82925.0
11:27,383.92,384.37,383.91,384.14,63473.0
11:28,383.72,383.93,383.46,383.9,25932.0
11:29,383.58,383.86,383.48,383.77,130259.0
11:30,383.19,383.65,382.94,383.65,32018.0
11:31,383.5,383.57,383.07,383.18,14999.0
11:32,383.47,383.54,383.22,383.44,25326.0
11:33,383.64,383.79,383.47,383.47,23421.0
11:34,383.75,383.75,383.48,383.64,18728.0
11:35,383.8,383.83,383.48,383.75,22491.0
11:36,383.81,383.87,383.73,383.78,14818.0
11:37,383.74,383.92,383.7,383.81,12403.0
11:38,383.98,384.0,383.68,383.75,20764.0
11:39,383.84,384.02,383.68,383.94,22372.0
11:40,383.78,384.09,383.67,383.76,30326.0
11:41,383.9,383.9,383.56,383.79,13095.0
11:42,383.4,383.83,383.3,383.83,14993.0
11:43,383.36,383.46,383.27,383.38,16376.0
11:44,383.28,383.49,383.2,383.4,12908.0
11:45,383.26,383.35,382.94,383.27,15158.0
11:46,383.23,383.27,383.03,383.25,19861.0
11:47,383.26,383.29,383.1,383.23,17484.0
11:48,383.35,383.74,382.92,383.29,43038.0
11:49,383.49,383.68,383.3,383.5,25246.0
11:50,383.32,383.62,383.26,383.51,17378.0
11:51,383.39,383.47,383.33,383.34,10477.0
11:52,383.83,383.9,383.39,383.39,29885.0
11:53,384.35,384.35,383.83,383.88,32968.0
11:54,384.32,384.4,384.2,384.33,43733.0
11:55,384.5,384.51,384.22,384.22,19067.0
11:56,383.73,384.49,383.63,384.42,26022.0
11:57,383.67,383.82,383.32,383.77,31626.0
11:58,383.61,383.78,383.44,383.66,11579.0
11:59,383.32,383.63,383.19,383.5,19740.0
12:00,383.24,383.52,383.16,383.33,49598.0
12:01,383.01,383.43,382.96,383.24,19049.0
12:02,383.14,383.14,382.74,383.01,37779.0
12:03,383.23,383.26,383.02,383.12,10944.0
12:04,383.32,383.55,383.25,383.25,15671.0
12:05,383.22,383.45,383.13,383.45,19835.0
12:06,383.27,383.42,383.12,383.29,14030.0
12:07,383.04,383.32,382.98,383.21,15098.0
12:08,382.87,383.14,382.87,383.03,21054.0
12:09,382.8,382.98,382.77,382.98,11167.0
12:10,383.0,383.03,382.78,382.78,8822.0
12:11,383.17,383.21,382.93,382.98,9993.0
12:12,383.5,383.5,383.3,383.3,11629.0
12:13,383.63,383.7,383.49,383.49,14299.0
12:14,383.69,383.74,383.59,383.7,14156.0
12:15,383.93,383.95,383.55,383.68,34591.0
12:16,383.95,384.13,383.85,383.91,58276.0
12:17,384.23,384.39,384.0,384.0,32790.0
12:18,384.14,384.3,384.01,384.25,21965.0
12:19,384.33,384.35,384.1,384.14,33118.0
12:20,384.42,384.56,384.22,384.24,49838.0
12:21,384.41,384.45,384.3,384.32,39354.0
12:22,384.29,384.41,384.1,384.38,23134.0
12:23,384.44,384.44,384.23,384.33,16185.0
12:24,384.01,384.43,384.0,384.39,28696.0
12:25,384.23,384.26,384.0,384.02,17904.0
12:26,384.1,384.28,384.0,384.24,26454.0
12:27,384.19,384.28,384.02,384.13,14795.0
12:28,384.69,385.11,384.13,384.13,209390.0
12:29,384.58,384.79,384.29,384.6,17240.0
12:30,384.52,384.69,384.51,384.51,18908.0
12:31,384.42,384.55,384.34,384.51,21449.0
12:32,384.69,384.69,384.24,384.38,14218.0
12:33,384.67,384.72,384.45,384.53,11754.0
12:34,384.83,385.02,384.82,384.84,19246.0
12:35,384.85,384.94,384.65,384.81,11557.0
12:36,384.95,385.03,384.72,384.88,21171.0
12:37,384.91,385.03,384.82,385.01,24001.0
12:38,384.99,385.03,384.74,384.94,29927.0
12:39,384.66,385.07,384.66,385.06,21407.0
12:40,384.58,384.76,384.55,384.66,20281.0
12:41,384.15,384.64,384.11,384.59,30070.0
12:42,384.29,384.32,384.14,384.18,17981.0
12:43,384.04,384.35,384.03,384.31,11747.0
12:44,384.05,384.1,383.92,384.03,32905.0
12:45,383.76,384.07,383.71,384.07,44759.0
12:46,383.98,383.98,383.79,383.8,19729.0
12:47,383.93,383.99,383.72,383.95,22566.0
12:48,383.98,383.98,383.8,383.95,24607.0
12:49,384.24,384.35,383.93,383.93,35109.0
12:50,384.1,384.36,384.04,384.31,14526.0
12:51,384.24,384.34,384.04,384.04,15694.0
12:52,384.17,384.23,384.04,384.17,20497.0
12:53,384.28,384.3,384.12,384.13,7655.0
12:54,384.41,384.42,384.2,384.28,11101.0
12:55,384.36,384.54,384.29,384.35,27905.0
12:56,384.67,384.89,384.39,384.39,36151.0
12:57,384.99,385.0,384.65,384.65,452109.0
12:58,385.12,385.15,384.91,384.99,29537.0
12:59,384.73,385.13,384.69,385.12,26163.0
13:00,384.33,384.71,384.13,384.71,27121.0
13:01,384.21,384.44,384.16,384.31,34817.0
13:02,384.23,384.28,384.16,384.27,18979.0
13:03,384.48,384.52,384.21,384.29,12068.0
13:04,384.36,384.51,384.24,384.51,17967.0
13:05,384.52,384.52,384.38,384.38,11162.0
13:06,384.27,384.58,384.22,384.48,16013.0
13:07,384.32,384.38,384.2,384.24,8218.0
13:08,384.51,384.55,384.25,384.33,18427.0
13:09,384.25,384.51,384.21,384.44,23621.0
13:10,384.36,384.39,384.22,384.25,12538.0
13:11,384.36,384.4,384.27,384.32,8238.0
13:12,384.54,384.54,384.22,384.36,19348.0
13:13,384.42,384.54,384.37,384.54,11498.0
13:14,384.52,384.57,384.42,384.47,10145.0
13:15,384.26,384.52,384.26,384.46,9411.0
13:16,384.02,384.34,383.98,384.3,25208.0
13:17,384.0,384.11,383.81,384.02,47948.0
13:18,383.85,384.03,383.7,383.95,41598.0
13:19,383.96,384.04,383.83,383.91,16401.0
13:20,383.9,383.98,383.86,383.86,10747.0
13:21,384.14,384.23,383.91,383.91,20487.0
13:22,384.33,384.33,384.02,384.12,15383.0
13:23,384.56,384.6,384.28,384.33,14624.0
13:24,384.69,384.69,384.52,384.56,12614.0
13:25,384.94,384.95,384.7,384.76,22317.0
13:26,385.04,385.04,384.9,384.99,18378.0
13:27,384.98,385.14,384.98,385.05,25729.0
13:28,385.14,385.18,384.98,384.99,10724.0
13:29,385.06,385.14,385.02,385.13,15150.0
13:30,385.33,385.44,385.05,385.07,39762.0
13:31,385.17,385.32,385.08,385.3,14031.0
13:32,385.05,385.37,385.05,385.26,14699.0
13:33,384.83,385.02,384.79,385.02,12591.0
13:34,384.54,384.88,384.54,384.88,21134.0
13:35,384.73,384.8,384.54,384.59,23209.0
13:36,385.02,385.05,384.67,384.67,256347.0
13:37,384.98,385.13,384.95,385.05,15498.0
13:38,385.1,385.14,384.95,384.98,12887.0
13:39,385.02,385.14,384.91,385.08,17461.0
13:40,384.94,385.11,384.9,385.01,19148.0
13:41,384.82,384.99,384.73,384.97,33699.0
13:42,384.86,385.0,384.75,384.82,18737.0
13:43,384.92,384.92,384.76,384.87,20312.0
13:44,385.07,385.07,384.76,384.98,22286.0
13:45,384.92,385.15,384.77,385.06,23160.0
13:46,385.07,385.08,384.87,384.92,19607.0
13:47,385.29,385.29,385.07,385.08,19170.0
13:48,385.06,385.38,385.02,385.2,48108.0
13:49,385.38,385.39,385.04,385.04,15422.0
13:50,385.41,385.48,385.33,385.33,20960.0
13:51,385.48,385.48,385.22,385.34,20266.0
13:52,385.63,385.75,385.48,385.5,38979.0
13:53,385.71,385.75,385.57,385.59,14152.0
13:54,385.79,385.86,385.7,385.76,28720.0
13:55,385.62,385.88,385.62,385.87,34492.0
13:56,385.68,385.8,385.68,385.73,9932.0
13:57,385.59,385.72,385.58,385.69,17932.0
13:58,385.7,385.71,385.56,385.6,19473.0
13:59,385.72,385.74,385.48,385.63,20377.0
14:00,385.74,385.79,385.62,385.67,27424.0
14:01,385.8,385.84,385.67,385.69,13582.0
14:02,385.74,386.0,385.67,385.9,50948.0
14:03,385.57,385.78,385.54,385.78,26992.0
14:04,385.54,385.68,385.51,385.59,22836.0
14:05,385.59,385.66,385.45,385.52,21169.0
14:06,385.88,386.0,385.56,385.58,21653.0
14:07,385.83,386.0,385.79,385.85,22286.0
14:08,385.89,385.97,385.67,385.82,14821.0
14:09,385.75,385.96,385.65,385.85,16822.0
14:10,385.55,385.82,385.52,385.75,18977.0
14:11,385.5,385.63,385.45,385.57,22223.0
14:12,385.63,385.78,385.5,385.5,21846.0
14:13,385.67,385.71,385.5,385.6,13832.0
14:14,385.59,385.72,385.58,385.68,7076.0
14:15,385.77,385.8,385.57,385.57,21132.0
14:16,385.8,385.84,385.6,385.72,20200.0
14:17,385.38,385.72,385.35,385.72,36479.0
14:18,385.45,385.53,385.35,385.36,24172.0
14:19,385.65,385.69,385.42,385.45,20611.0
14:20,385.55,385.67,385.52,385.65,27183.0
14:21,385.45,385.6,385.29,385.59,36594.0
14:22,385.68,385.74,385.45,385.5,17966.0
14:23,385.78,385.78,385.63,385.71,12540.0
14:24,385.97,385.99,385.78,385.79,20763.0
14:25,386.0,386.15,385.91,386.0,68087.0
14:26,386.13,386.13,385.96,386.0,19817.0
14:27,386.06,386.17,386.03,386.11,26024.0
14:28,386.09,386.11,385.95,386.04,18670.0
14:29,386.23,386.25,386.03,386.1,27526.0
14:30,386.57,386.7,386.16,386.22,34876.0
14:31,386.51,386.66,386.47,386.51,32092.0
14:32,386.47,386.63,386.42,386.51,23540.0
14:33,386.67,386.69,386.46,386.47,15342.0
14:34,386.75,386.8,386.65,386.7,30844.0
14:35,386.78,386.87,386.71,386.77,25729.0
14:36,386.71,386.78,386.65,386.68,37269.0
14:37,386.8,386.95,386.67,386.74,19970.0
14:38,386.88,386.88,386.71,386.81,24188.0
14:39,386.88,386.88,386.7,386.82,15946.0
14:40,387.1,387.15,386.86,386.86,53968.0
14:41,387.05,387.21,387.01,387.13,42600.0
14:42,387.18,387.19,386.94,387.01,26327.0
14:43,387.31,387.32,387.1,387.14,27154.0
14:44,387.27,387.34,387.12,387.34,40643.0
14:45,387.12,387.35,387.12,387.25,29778.0
14:46,387.26,387.26,387.14,387.14,18731.0
14:47,387.26,387.29,387.11,387.29,22060.0
14:48,387.22,387.35,387.21,387.32,19842.0
14:49,387.29,387.36,387.21,387.21,16339.0
14:50,387.49,387.51,387.3,387.3,22496.0
14:51,387.38,387.53,387.37,387.51,36253.0
14:52,387.55,387.55,387.25,387.39,24502.0
14:53,387.47,387.59,387.47,387.51,24554.0
14:54,387.3,387.47,387.23,387.47,12295.0
14:55,387.13,387.33,387.11,387.29,19750.0
14:56,386.91,387.13,386.9,387.05,22361.0
14:57,387.04,387.04,386.79,386.92,37073.0
14:58,387.07,387.1,386.97,387.02,21614.0
14:59,387.0,387.1,386.99,387.07,19067.0
15:00,386.95,387.01,386.8,387.01,27918.0
15:01,386.98,387.03,386.86,386.93,66513.0
15:02,386.98,387.14,386.93,386.98,35458.0
15:03,387.11,387.23,386.97,386.99,212619.0
15:04,386.65,387.2,386.63,387.11,52848.0
15:05,386.68,386.77,386.58,386.69,23218.0
15:06,386.41,386.64,386.4,386.64,32498.0
15:07,386.35,386.53,386.27,386.37,19894.0
15:08,386.4,386.45,386.24,386.35,32013.0
15:09,386.27,386.45,386.24,386.44,24073.0
15:10,386.15,386.32,386.15,386.3,22437.0
15:11,386.29,386.44,385.99,386.11,27800.0
15:12,386.27,386.33,386.15,386.33,23437.0
15:13,386.01,386.26,385.91,386.26,48570.0
15:14,386.44,386.44,386.0,386.05,28983.0
15:15,386.42,386.48,386.27,386.45,26266.0
15:16,386.6,386.64,386.3,386.39,21352.0
15:17,386.67,386.75,386.54,386.61,24985.0
15:18,386.58,386.66,386.42,386.66,32923.0
15:19,386.5,386.62,386.46,386.59,23392.0
15:20,386.37,386.5,386.37,386.5,21631.0
15:21,386.61,386.63,386.34,386.34,21062.0
15:22,386.64,386.8,386.55,386.61,18886.0
15:23,386.46,386.7,386.45,386.64,49216.0
15:24,386.23,386.55,386.19,386.45,47083.0
15:25,386.3,386.41,386.12,386.23,34312.0
15:26,386.24,386.31,386.11,386.22,31497.0
15:27,386.18,386.28,386.13,386.25,24921.0
15:28,385.99,386.25,385.98,386.14,34915.0
15:29,385.8,386.05,385.8,385.98,53672.0
15:30,386.04,386.19,385.78,385.86,41543.0
15:31,386.14,386.23,386.02,386.04,23051.0
15:32,386.24,386.27,386.11,386.13,37034.0
15:33,386.21,386.32,386.14,386.24,21750.0
15:34,386.07,386.26,386.02,386.16,22363.0
15:35,386.17,386.23,386.03,386.07,33056.0
15:36,386.13,386.18,385.91,386.18,52322.0
15:37,386.24,386.25,386.1,386.13,45642.0
15:38,386.38,386.41,385.98,386.18,39822.0
15:39,386.55,386.55,386.28,386.41,40223.0
15:40,386.6,386.72,386.52,386.58,61547.0
15:41,386.73,386.86,386.62,386.67,40960.0
15:42,386.95,386.98,386.68,386.73,48116.0
15:43,386.96,387.03,386.91,386.95,36239.0
15:44,387.09,387.14,386.92,386.94,23757.0
15:45,387.32,387.32,387.11,387.18,41816.0
15:46,387.48,387.58,387.27,387.3,63084.0
15:47,387.47,387.53,387.37,387.45,72365.0
15:48,387.66,387.73,387.38,387.47,61609.0
15:49,387.97,387.98,387.55,387.66,87889.0
15:50,388.05,388.45,387.89,388.0,144610.0
15:51,387.17,388.19,387.07,388.13,125325.0
15:52,387.24,387.27,387.05,387.14,106184.0
15:53,387.18,387.24,386.95,387.24,91668.0
15:54,387.09,387.42,386.98,387.18,146400.0
15:55,386.88,387.16,386.62,387.05,170966.0
15:56,387.23,387.27,386.88,386.9,148262.0
15:57,387.33,387.5,387.07,387.21,174057.0
15:58,387.33,387.41,387.19,387.29,192349.0
15:59,387.27,387.5,387.0,387.32,647103.0
