Time,Close,High,Low,Open,Volume
09:30,365.71,366.63,364.0,364.12,2290901.0
09:31,365.0,367.0,365.0,365.58,204765.0
09:32,365.4,366.93,365.05,366.43,186954.0
09:33,365.99,366.68,365.2,365.46,179690.0
09:34,366.04,366.19,364.67,365.93,146399.0
09:35,365.3,366.36,364.73,366.19,164830.0
09:36,364.2,365.43,364.2,365.33,192914.0
09:37,365.04,365.26,364.17,364.41,174889.0
09:38,364.66,365.2,364.15,365.01,199272.0
09:39,364.97,365.6,364.53,364.75,199715.0
09:40,364.99,365.1,364.37,364.89,203798.0
09:41,364.73,365.53,364.72,364.94,129193.0
09:42,364.89,365.49,364.62,364.81,182530.0
09:43,365.72,365.99,364.59,364.88,138234.0
09:44,365.56,366.2,365.36,365.83,113619.0
09:45,366.56,366.74,365.01,365.48,107115.0
09:46,367.95,368.01,366.6,366.6,172363.0
09:47,368.57,369.14,367.9,367.9,128359.0
09:48,369.84,369.88,368.57,368.57,130759.0
09:49,369.74,370.76,369.58,369.9,231365.0
09:50,370.52,370.84,369.65,369.71,192989.0
09:51,370.39,371.15,370.39,370.54,174699.0
09:52,370.26,371.05,369.86,370.39,144329.0
09:53,370.65,370.99,370.17,370.26,101529.0
09:54,369.54,370.72,369.31,370.72,174822.0
09:55,369.45,369.88,369.0,369.51,117824.0
09:56,371.04,371.38,369.19,369.27,158309.0
09:57,372.15,372.23,370.65,371.09,233244.0
09:58,372.46,372.5,371.77,372.15,113124.0
09:59,372.47,372.8,372.32,372.45,305231.0
10:00,373.16,373.54,372.26,372.52,350230.0
10:01,373.08,373.47,372.67,373.12,182222.0
10:02,372.71,373.76,372.64,373.13,154963.0
10:03,373.35,373.7,372.5,372.79,121160.0
10:04,374.08,374.59,373.33,373.34,153657.0
10:05,373.36,374.48,373.14,374.11,112875.0
10:06,373.08,373.65,372.7,373.33,155173.0
10:07,372.9,373.13,372.46,372.94,119617.0
10:08,372.26,372.95,371.86,372.95,138374.0
10:09,371.7,372.31,371.59,372.3,81537.0
10:10,371.35,371.99,371.3,371.67,128382.0
10:11,371.39,371.53,371.14,371.33,132419.0
10:12,371.06,371.6,370.95,371.4,99174.0
10:13,371.5,371.7,371.05,371.05,96274.0
10:14,371.43,371.82,371.21,371.52,97963.0
10:15,370.87,371.5,370.8,371.33,83034.0
10:16,371.54,371.61,370.46,370.88,156161.0
10:17,372.08,372.31,371.43,371.48,141193.0
10:18,371.87,372.32,371.57,372.15,323738.0
10:19,372.36,372.66,371.75,371.86,112841.0
10:20,373.01,373.27,372.06,372.39,146477.0
10:21,373.76,373.83,372.73,372.93,169173.0
10:22,373.13,373.91,373.06,373.77,203155.0
10:23,371.9,373.13,371.8,373.07,117851.0
10:24,371.05,371.91,370.75,371.84,98902.0
10:25,371.62,371.82,370.86,371.05,78978.0
10:26,371.52,371.99,371.26,371.68,101029.0
10:27,371.64,371.78,371.1,371.51,86507.0
10:28,371.11,371.98,371.02,371.64,120390.0
10:29,370.55,371.27,370.37,371.18,77859.0
10:30,370.83,371.1,370.35,370.51,146755.0
10:31,369.28,370.72,369.2,370.72,149995.0
10:32,368.66,369.5,368.56,369.3,160998.0
10:33,369.04,369.81,368.5,368.75,108052.0
10:34,368.71,369.04,368.36,369.02,191681.0
10:35,369.07,369.39,368.69,368.69,114345.0
10:36,368.4,369.29,368.21,369.03,121793.0
10:37,368.61,369.15,368.36,368.43,201284.0
10:38,368.28,368.95,368.0,368.69,164551.0
10:39,368.32,368.7,368.01,368.21,107245.0
10:40,367.6,368.52,367.4,368.32,95360.0
10:41,368.3,368.3,366.9,367.45,125297.0
10:42,367.85,368.4,367.68,368.3,79474.0
10:43,367.75,368.09,367.52,367.84,80771.0
10:44,367.92,368.55,367.67,367.79,112338.0
10:45,367.57,367.99,367.25,367.83,88397.0
10:46,367.07,367.8,366.88,367.52,96337.0
10:47,366.7,367.47,366.59,367.14,143325.0
10:48,367.42,367.44,366.57,366.62,171014.0
10:49,366.64,367.46,366.5,367.43,157175.0
10:50,365.77,366.94,365.51,366.58,168091.0
10:51,367.3,367.43,365.58,365.74,206089.0
10:52,367.51,367.89,367.06,367.46,139612.0
10:53,367.92,368.23,367.48,367.58,167885.0
10:54,367.01,368.0,366.92,367.9,83502.0
10:55,366.65,367.36,366.48,366.98,91049.0
10:56,367.29,367.29,366.37,366.62,80040.0
10:57,367.15,367.48,367.0,367.23,128062.0
10:58,368.26,368.29,367.16,367.16,109050.0
10:59,367.94,368.36,367.86,368.36,106121.0
11:00,368.52,368.52,367.39,367.92,148388.0
11:01,369.8,370.42,367.98,368.45,299724.0
11:02,370.07,370.46,369.45,369.86,101799.0
11:03,370.72,370.97,370.04,370.04,86443.0
11:04,372.39,372.85,370.61,370.71,295324.0
11:05,371.58,372.77,371.22,372.34,211969.0
11:06,369.89,371.42,369.89,371.36,138480.0
11:07,369.19,370.28,369.07,370.11,96078.0
11:08,369.74,369.77,368.97,369.14,64413.0
11:09,369.22,370.0,368.81,369.73,81203.0
11:10,370.0,370.25,369.01,369.16,67898.0
11:11,370.42,370.51,369.72,369.92,62403.0
11:12,370.77,370.87,370.3,370.43,69644.0
11:13,370.72,370.97,370.08,370.67,65907.0
11:14,370.55,371.05,370.32,370.76,98041.0
11:15,371.19,371.58,370.54,370.55,101388.0
11:16,370.45,371.38,370.45,371.24,106590.0
11:17,371.11,371.36,370.28,370.4,57991.0
11:18,370.93,371.8,370.84,371.1,104869.0
11:19,370.06,371.09,370.06,370.87,82151.0
11:20,370.45,370.59,369.43,370.06,103218.0
11:21,370.17,370.86,369.95,370.39,142336.0
11:22,369.16,370.14,368.7,370.14,149181.0
11:23,369.09,369.59,368.88,369.04,68403.0
11:24,369.99,370.0,368.98,369.13,68835.0
11:25,367.93,369.93,367.2,369.93,219176.0
11:26,366.43,367.91,366.29,367.76,81760.0
11:27,366.84,367.3,366.35,366.35,61644.0
11:28,367.55,367.76,366.58,366.83,105854.0
11:29,366.77,367.62,366.63,367.47,89082.0
11:30,367.58,368.12,366.68,366.78,60882.0
11:31,367.82,367.99,367.37,367.61,45008.0
11:32,367.57,368.1,367.47,367.77,58707.0
11:33,368.26,368.37,367.44,367.47,50596.0
11:34,368.16,368.42,367.67,368.33,46079.0
11:35,368.17,368.56,367.81,368.15,69590.0
11:36,368.0,368.46,367.67,368.17,82313.0
11:37,367.47,368.01,367.0,367.98,92748.0
11:38,368.12,368.16,366.98,367.32,58218.0
11:39,367.68,368.16,367.49,368.02,47478.0
11:40,367.7,367.96,367.29,367.68,39385.0
11:41,368.01,368.06,367.63,367.63,41285.0
11:42,368.89,369.05,367.92,367.92,87273.0
11:43,368.58,369.15,368.38,368.98,37856.0
11:44,368.57,368.91,368.34,368.58,36681.0
11:45,368.58,369.0,368.05,368.55,111239.0
11:46,369.4,369.43,368.61,368.72,70740.0
11:47,370.04,370.1,369.2,369.33,65548.0
11:48,369.96,370.29,369.69,370.04,60073.0
11:49,370.02,370.33,369.87,369.94,73671.0
11:50,369.19,370.02,369.19,370.02,44483.0
11:51,369.5,369.87,369.09,369.12,61520.0
11:52,369.33,369.5,368.89,369.47,57838.0
11:53,368.34,369.23,368.33,369.23,51184.0
11:54,368.96,369.0,368.06,368.17,59830.0
11:55,369.45,369.49,368.88,369.0,75035.0
11:56,368.8,369.57,368.6,369.41,37261.0
11:57,368.26,369.13,368.24,368.77,59466.0
11:58,367.35,368.34,367.35,368.22,62982.0
11:59,367.07,367.61,367.0,367.33,47496.0
12:00,367.55,367.96,367.0,367.15,50325.0
12:01,368.08,368.2,367.32,367.55,131654.0
12:02,368.27,368.65,367.99,368.13,54527.0
12:03,368.77,368.79,368.1,368.23,48624.0
12:04,368.31,368.8,368.1,368.71,64437.0
12:05,368.87,368.89,368.08,368.27,43660.0
12:06,368.97,369.28,368.67,368.93,47287.0
12:07,368.29,369.28,368.14,369.02,34648.0
12:08,367.99,368.3,367.92,368.21,33015.0
12:09,367.58,368.01,367.49,367.93,37286.0
12:10,367.91,368.93,367.42,367.58,78711.0
12:11,368.39,368.45,367.77,367.96,40866.0
12:12,367.84,368.39,367.67,368.39,52544.0
12:13,368.47,368.57,367.86,367.88,34620.0
12:14,368.21,368.77,368.13,368.44,41248.0
12:15,368.07,368.65,367.98,368.26,34748.0
12:16,366.76,367.93,366.6,367.93,51937.0
12:17,365.65,366.64,365.62,366.61,64050.0
12:18,365.88,366.29,365.56,365.62,64676.0
12:19,365.53,365.85,365.37,365.85,36288.0
12:20,365.02,365.74,364.86,365.51,69428.0
12:21,365.34,365.55,364.9,365.07,50174.0
12:22,364.92,365.43,364.75,365.33,53585.0
12:23,364.71,364.99,364.55,364.99,45161.0
12:24,364.83,364.99,364.32,364.61,55233.0
12:25,364.84,365.19,364.72,364.99,51274.0
12:26,364.29,364.87,364.27,364.84,58036.0
12:27,364.54,364.91,364.2,364.2,37435.0
12:28,364.72,364.74,364.43,364.53,40013.0
12:29,364.61,364.92,364.52,364.65,45104.0
12:30,364.35,364.87,364.27,364.5,45774.0
12:31,364.33,364.65,363.88,364.35,88146.0
12:32,364.3,364.47,363.95,364.41,54292.0
12:33,364.27,364.76,364.17,364.33,74084.0
12:34,363.86,364.4,363.86,364.21,51230.0
12:35,364.39,364.5,363.66,363.89,96236.0
12:36,365.31,365.31,364.36,364.39,92906.0
12:37,365.38,365.45,364.94,365.24,62184.0
12:38,365.4,365.63,365.05,365.39,64530.0
12:39,365.51,365.72,365.21,365.39,43175.0
12:40,365.29,365.99,365.13,365.49,58499.0
12:41,365.3,365.46,365.05,365.29,47075.0
12:42,364.91,365.61,364.68,365.31,60585.0
12:43,364.79,364.93,364.47,364.92,45193.0
12:44,364.08,364.84,364.01,364.83,79869.0
12:45,364.07,364.25,363.89,364.09,49673.0
12:46,363.6,364.18,363.58,364.07,69510.0
12:47,363.24,363.67,363.02,363.63,59297.0
12:48,363.25,363.44,363.02,363.24,40405.0
12:49,363.33,363.76,363.04,363.25,51637.0
12:50,363.41,363.77,363.24,363.33,33341.0
12:51,364.2,364.2,363.15,363.36,37476.0
12:52,364.1,364.57,364.01,364.23,45178.0
12:53,363.82,363.91,363.61,363.83,29444.0
12:54,363.98,364.02,363.77,363.89,30134.0
12:55,363.93,364.6,363.78,363.92,26827.0
12:56,364.49,364.84,363.91,363.91,45581.0
12:57,364.86,364.89,364.5,364.52,37823.0
12:58,364.73,364.95,364.56,364.78,44836.0
12:59,364.56,364.92,364.44,364.79,35260.0
13:00,364.96,365.4,364.44,364.52,52804.0
13:01,364.61,365.1,364.38,364.95,30386.0
13:02,365.58,365.66,364.6,364.65,30568.0
13:03,365.3,365.71,365.3,365.54,25942.0
13:04,365.12,365.77,365.0,365.39,36921.0
13:05,365.23,365.5,365.05,365.12,46326.0
13:06,364.52,365.21,364.52,365.2,26293.0
13:07,364.68,364.8,364.6,364.65,25228.0
13:08,364.8,365.01,364.8,364.81,28484.0
13:09,364.58,364.92,364.28,364.69,38860.0
13:10,364.08,364.66,364.03,364.55,35616.0
13:11,363.83,364.07,363.59,364.07,47996.0
13:12,363.5,363.98,363.5,363.73,34321.0
13:13,363.61,363.81,363.45,363.45,59750.0
13:14,363.76,363.8,363.51,363.59,30333.0
13:15,363.58,363.95,363.58,363.88,35689.0
13:16,363.31,363.6,363.12,363.56,84715.0
13:17,363.23,363.4,363.11,363.25,40328.0
13:18,363.32,363.48,362.85,363.27,77858.0
13:19,363.57,363.65,363.2,363.41,54134.0
13:20,363.64,363.75,363.32,363.62,405135.0
13:21,363.58,363.96,363.3,363.57,49220.0
13:22,363.81,363.94,363.56,363.67,45830.0
13:23,364.14,364.27,363.75,363.8,46259.0
13:24,364.25,364.3,364.03,364.12,44811.0
13:25,364.76,364.84,364.23,364.24,44053.0
13:26,364.69,365.05,364.42,364.79,59176.0
13:27,364.94,365.07,364.65,364.67,51022.0
13:28,364.6,364.97,364.59,364.95,33399.0
13:29,364.5,364.81,364.5,364.56,73140.0
13:30,364.35,364.55,364.15,364.55,60970.0
13:31,364.01,364.43,363.75,364.35,64646.0
13:32,364.6,364.82,363.75,364.02,61146.0
13:33,364.88,365.06,364.24,364.57,41703.0
13:34,364.86,365.54,364.83,364.86,69836.0
13:35,365.58,365.84,364.86,364.95,59841.0
13:36,365.73,365.92,365.44,365.55,73748.0
13:37,365.85,365.86,365.37,365.72,64115.0
13:38,365.49,366.34,365.49,365.89,56234.0
13:39,365.77,365.87,365.32,365.32,56622.0
13:40,366.28,366.28,365.74,365.77,68208.0
13:41,366.15,366.3,365.82,366.3,37165.0
13:42,366.15,366.25,365.86,366.05,34898.0
13:43,365.7,366.18,365.5,366.14,49979.0
13:44,365.39,365.82,365.35,365.61,41167.0
13:45,365.54,366.42,365.39,365.46,57614.0
13:46,365.76,366.09,365.62,365.62,32145.0
13:47,365.4,365.87,365.33,365.83,43794.0
13:48,366.03,366.13,365.19,365.4,50555.0
13:49,366.12,366.25,365.95,366.03,46306.0
13:50,365.43,366.23,365.24,366.17,37837.0
13:51,365.87,365.89,365.23,365.39,47162.0
13:52,365.29,366.09,365.18,365.91,33695.0
13:53,365.37,365.63,365.16,365.39,39763.0
13:54,365.26,365.43,364.95,365.32,31274.0
13:55,364.81,365.29,364.37,365.2,42636.0
13:56,365.49,365.52,364.79,364.79,65947.0
13:57,365.55,365.81,365.27,365.44,37045.0
13:58,365.15,365.6,365.12,365.53,38158.0
13:59,365.57,365.61,365.12,365.12,25385.0
14:00,365.74,366.16,365.58,365.64,40049.0
14:01,365.79,366.03,365.64,365.7,38305.0
14:02,366.32,366.36,365.44,365.73,88834.0
14:03,366.27,366.68,366.12,366.31,53472.0
14:04,366.08,366.49,365.96,366.14,31518.0
14:05,365.48,366.29,365.44,366.11,27808.0
14:06,365.45,365.65,365.08,365.43,31673.0
14:07,365.04,365.58,364.94,365.54,64205.0
14:08,365.04,365.14,364.82,365.05,78968.0
14:09,365.0,365.14,364.71,365.04,66229.0
14:10,365.13,365.22,364.63,365.04,126680.0
14:11,364.47,365.32,364.33,365.07,39817.0
14:12,364.83,364.9,364.35,364.44,46617.0
14:13,364.52,364.94,364.39,364.79,31751.0
14:14,364.5,364.76,364.32,364.48,60680.0
14:15,364.48,364.78,364.27,364.49,54849.0
14:16,364.52,364.63,364.42,364.49,61287.0
14:17,364.0,364.57,363.99,364.46,60026.0
14:18,364.27,364.33,363.86,363.97,38249.0
14:19,364.02,364.31,363.95,364.31,38787.0
14:20,364.11,364.15,363.71,364.05,44151.0
14:21,363.93,364.27,363.87,364.08,35005.0
14:22,363.86,363.98,363.4,363.89,46480.0
14:23,363.99,364.11,363.81,363.82,42512.0
14:24,363.37,364.09,363.27,364.01,39088.0
14:25,363.11,363.47,363.1,363.35,35774.0
14:26,362.75,363.17,362.73,363.11,51786.0
14:27,362.73,362.81,362.25,362.75,92424.0
14:28,362.73,362.86,362.55,362.77,44435.0
14:29,362.66,362.83,362.39,362.66,51584.0
14:30,362.72,363.12,362.62,362.69,43161.0
14:31,362.27,362.98,362.2,362.81,62365.0
14:32,362.29,362.46,362.09,362.24,57871.0
14:33,362.47,362.58,362.13,362.13,61625.0
14:34,361.91,362.48,361.91,362.48,57789.0
14:35,361.76,362.44,361.68,361.95,79765.0
14:36,361.13,361.89,361.12,361.79,59046.0
14:37,360.81,361.19,360.78,361.18,69422.0
14:38,360.8,360.92,360.52,360.83,68822.0
14:39,361.03,361.56,360.95,360.95,74275.0
14:40,360.59,361.11,360.51,361.06,72163.0
14:41,361.12,361.17,360.5,360.54,68343.0
14:42,360.89,361.36,360.88,361.16,61130.0
14:43,360.48,360.93,360.39,360.93,62474.0
14:44,360.33,360.44,360.09,360.44,65979.0
14:45,360.45,360.54,360.25,360.29,38885.0
14:46,360.81,360.81,360.16,360.38,65713.0
14:47,361.4,361.47,360.84,360.84,76699.0
14:48,361.56,361.61,361.1,361.45,57824.0
14:49,361.54,361.75,361.39,361.43,73560.0
14:50,361.54,361.57,360.94,361.57,78090.0
14:51,361.8,361.8,361.31,361.54,54125.0
14:52,361.65,362.02,361.57,361.71,63824.0
14:53,361.89,362.22,361.8,361.83,78082.0
14:54,361.86,361.97,361.54,361.83,36162.0
14:55,361.14,361.85,361.09,361.85,96926.0
14:56,361.58,361.78,361.25,361.25,51987.0
14:57,361.46,361.61,361.23,361.38,35313.0
14:58,360.86,361.54,360.77,361.5,39053.0
14:59,360.95,361.01,360.69,360.87,49651.0
15:00,360.88,361.5,360.7,360.87,51982.0
15:01,360.3,360.86,360.22,360.82,49162.0
15:02,360.38,360.66,360.29,360.31,42657.0
15:03,360.56,360.56,360.18,360.43,59234.0
15:04,360.75,361.26,360.37,360.47,67403.0
15:05,360.3,360.78,360.29,360.73,28210.0
15:06,360.3,360.62,360.27,360.33,49612.0
15:07,360.78,360.86,360.22,360.3,130933.0
15:08,361.1,361.33,360.78,360.82,80103.0
15:09,361.58,361.71,361.12,361.14,59111.0
15:10,361.67,361.74,361.27,361.53,50965.0
15:11,362.1,362.48,361.64,361.72,84386.0
15:12,362.7,362.8,362.04,362.12,65854.0
15:13,363.18,363.23,362.65,362.74,55607.0
15:14,363.25,363.63,363.12,363.12,64881.0
15:15,363.0,363.43,362.91,363.14,49578.0
15:16,362.91,363.28,362.74,362.99,114712.0
15:17,362.02,363.14,361.89,362.91,162521.0
15:18,361.65,362.08,361.33,362.0,99813.0
15:19,361.45,361.89,361.33,361.61,74217.0
15:20,362.08,362.43,361.4,361.45,67096.0
15:21,362.75,363.0,362.05,362.07,87465.0
15:22,363.74,363.74,362.57,362.83,98275.0
15:23,363.14,363.8,363.08,363.8,73903.0
15:24,363.63,363.76,362.95,363.2,85827.0
15:25,363.7,363.99,363.32,363.75,83390.0
15:26,363.47,364.32,363.44,363.65,100512.0
15:27,363.98,364.0,363.08,363.47,64872.0
15:28,363.82,364.06,363.48,363.95,58921.0
15:29,363.27,363.78,363.21,363.78,105473.0
15:30,363.48,363.71,362.9,363.27,100235.0
15:31,364.1,364.27,363.48,363.48,119723.0
15:32,364.61,364.63,364.13,364.17,68884.0
15:33,365.09,365.15,364.51,364.58,96864.0
15:34,365.68,365.69,364.94,365.05,118419.0
15:35,365.38,365.89,365.35,365.61,96092.0
15:36,365.23,365.79,365.2,365.42,143884.0
15:37,365.03,365.32,364.4,365.27,95772.0
15:38,365.05,365.73,364.84,365.05,79967.0
15:39,364.89,365.12,364.52,364.98,90356.0
15:40,364.93,365.5,364.83,364.9,94034.0
15:41,364.56,365.01,364.14,364.88,135542.0
15:42,364.94,365.12,364.44,364.59,80402.0
15:43,364.93,365.28,364.82,365.02,85509.0
15:44,365.17,365.4,364.73,364.93,101305.0
15:45,365.81,365.9,365.09,365.14,104857.0
15:46,364.81,365.81,364.81,365.8,91661.0
15:47,364.11,364.85,363.94,364.85,125580.0
15:48,364.18,364.18,363.46,364.14,121392.0
15:49,363.65,364.64,363.64,364.11,154861.0
15:50,362.88,363.64,362.44,363.57,215674.0
15:51,362.21,363.22,362.13,362.83,127463.0
15:52,361.65,362.61,361.56,362.33,147900.0
15:53,361.11,361.85,360.92,361.68,139601.0
15:54,361.55,361.88,360.61,361.12,241488.0
15:55,360.36,361.67,360.09,361.67,296749.0
15:56,360.44,360.7,360.25,360.36,269466.0
15:57,359.71,360.47,359.49,360.43,413782.0
15:58,359.75,360.25,359.72,359.74,400638.0
15:59,359.75,359.99,359.54,359.75,936701.0
