Time,Close,High,Low,Open,Volume
09:30,449.27,450.88,449.0,449.76,1211085.0
09:31,449.67,450.45,449.63,450.2,126108.0
09:32,449.66,450.04,449.51,449.59,69847.0
09:33,450.18,450.32,449.33,449.64,76599.0
09:34,450.25,450.8,450.21,450.24,73205.0
09:35,451.04,451.32,450.25,450.39,92430.0
09:36,451.61,451.62,450.85,451.06,64959.0
09:37,451.61,451.79,451.42,451.67,73314.0
09:38,451.32,451.67,451.22,451.61,55288.0
09:39,451.42,451.59,451.14,451.34,71958.0
09:40,451.36,451.48,450.99,451.37,42557.0
09:41,451.46,451.65,451.1,451.39,38425.0
09:42,450.48,451.45,450.48,451.42,32149.0
09:43,450.25,450.77,450.13,450.49,29450.0
09:44,450.79,450.88,450.11,450.29,49235.0
09:45,449.94,450.95,449.94,450.77,72862.0
09:46,449.98,450.0,449.64,449.94,35765.0
09:47,449.46,450.11,449.42,449.96,46735.0
09:48,449.39,449.62,449.07,449.45,45627.0
09:49,449.48,449.88,449.28,449.28,46279.0
09:50,450.21,450.21,449.54,449.54,40529.0
09:51,449.69,450.62,449.61,450.26,51160.0
09:52,449.73,450.0,449.46,449.64,37893.0
09:53,449.11,450.18,449.05,449.8,96387.0
09:54,449.42,449.42,448.91,449.11,59533.0
09:55,449.19,449.61,449.05,449.32,30264.0
09:56,449.24,449.56,449.11,449.11,24620.0
09:57,449.25,449.52,449.17,449.17,45011.0
09:58,449.7,449.72,449.18,449.33,38474.0
09:59,449.79,449.89,449.57,449.72,79182.0
10:00,449.65,450.18,449.5,449.73,64883.0
10:01,449.89,450.07,449.65,449.65,40653.0
10:02,449.68,449.99,449.57,449.86,40358.0
10:03,449.92,450.0,449.63,449.72,29511.0
10:04,450.49,450.77,449.93,449.93,72774.0
10:05,450.54,450.62,450.21,450.49,51999.0
10:06,450.35,450.64,450.23,450.45,40353.0
10:07,450.3,450.53,450.21,450.33,54174.0
10:08,450.21,450.27,449.86,450.27,28331.0
10:09,450.29,450.44,450.06,450.12,35183.0
10:10,450.08,450.34,450.02,450.24,33832.0
10:11,450.36,450.42,449.93,450.0,33123.0
10:12,451.3,451.42,450.36,450.38,64211.0
10:13,451.23,451.39,451.05,451.3,98683.0
10:14,451.33,451.4,451.11,451.22,68719.0
10:15,451.42,451.65,451.19,451.23,43192.0
10:16,451.3,451.51,451.28,451.42,32728.0
10:17,451.54,451.58,451.18,451.28,38590.0
10:18,451.48,451.7,451.44,451.54,40139.0
10:19,451.57,451.97,451.42,451.45,62264.0
10:20,451.18,451.57,451.0,451.57,39615.0
10:21,451.11,451.24,450.97,451.21,19405.0
10:22,451.17,451.37,451.01,451.19,36739.0
10:23,451.59,451.81,451.21,451.21,37977.0
10:24,451.95,451.96,451.55,451.55,30189.0
10:25,452.26,452.28,451.79,451.98,40749.0
10:26,451.59,452.36,451.59,452.23,29690.0
10:27,451.7,451.77,451.45,451.77,14202.0
10:28,451.4,451.67,451.26,451.67,22523.0
10:29,451.43,451.44,451.21,451.35,21679.0
10:30,451.52,451.52,451.09,451.42,19209.0
10:31,451.26,451.49,451.17,451.49,9237.0
10:32,451.3,451.55,451.25,451.25,17539.0
10:33,451.35,451.37,451.09,451.26,19461.0
10:34,451.62,451.7,451.36,451.48,22587.0
10:35,451.64,451.69,451.56,451.62,10553.0
10:36,451.65,451.71,451.26,451.64,16667.0
10:37,451.61,451.69,451.49,451.69,42386.0
10:38,451.74,452.03,451.6,451.73,16591.0
10:39,451.61,451.97,451.61,451.79,11755.0
10:40,451.86,451.97,451.52,451.61,29119.0
10:41,451.68,451.99,451.68,451.85,21502.0
10:42,451.24,451.62,451.24,451.62,22905.0
10:43,451.47,451.54,451.16,451.41,21159.0
10:44,451.28,451.46,451.22,451.43,16025.0
10:45,451.06,451.28,451.05,451.28,29885.0
10:46,451.14,451.15,450.92,451.1,19968.0
10:47,450.82,451.05,450.82,450.96,35926.0
10:48,451.23,451.29,450.73,450.8,28052.0
10:49,450.88,451.26,450.83,451.18,20482.0
10:50,450.73,450.93,450.47,450.86,34274.0
10:51,450.56,450.72,450.51,450.7,17443.0
10:52,450.31,450.53,450.31,450.53,16672.0
10:53,450.18,450.33,450.13,450.29,14488.0
10:54,450.0,450.35,449.96,450.25,28986.0
10:55,450.11,450.26,449.93,449.99,28075.0
10:56,450.25,450.4,450.07,450.11,20097.0
10:57,450.46,450.49,450.23,450.23,16635.0
10:58,450.32,450.48,450.26,450.43,45759.0
10:59,450.32,450.44,450.3,450.37,27510.0
11:00,450.48,450.66,450.17,450.37,33959.0
11:01,450.44,450.64,450.4,450.52,19677.0
11:02,450.49,450.52,450.25,450.45,18440.0
11:03,450.64,450.75,450.48,450.5,26777.0
11:04,450.61,450.83,450.61,450.65,12357.0
11:05,450.15,450.62,450.12,450.56,20669.0
11:06,450.08,450.26,449.96,450.15,33025.0
11:07,450.14,450.19,449.99,450.09,31629.0
11:08,450.2,450.27,450.01,450.09,48690.0
11:09,450.24,450.46,450.18,450.18,21690.0
11:10,450.7,450.7,450.44,450.44,23671.0
11:11,450.71,450.89,450.58,450.73,22651.0
11:12,450.6,450.86,450.53,450.78,28035.0
11:13,450.3,450.66,450.3,450.66,23803.0
11:14,450.54,450.54,450.3,450.3,36825.0
11:15,450.35,450.54,450.24,450.54,49848.0
11:16,450.26,450.48,450.08,450.17,15731.0
11:17,450.42,450.44,450.31,450.32,14422.0
11:18,450.81,450.81,450.47,450.47,18563.0
11:19,450.43,450.81,450.43,450.8,10824.0
11:20,450.72,450.82,450.35,450.42,21465.0
11:21,450.83,450.84,450.65,450.73,18504.0
11:22,450.98,451.0,450.67,450.83,20334.0
11:23,450.8,450.98,450.74,450.95,17107.0
11:24,450.76,450.86,450.65,450.86,14004.0
11:25,450.92,450.92,450.64,450.76,18661.0
11:26,450.84,450.99,450.79,450.92,22679.0
11:27,450.78,450.91,450.68,450.85,13682.0
11:28,450.6,450.86,450.57,450.81,11995.0
11:29,450.76,450.81,450.57,450.57,19277.0
11:30,450.83,450.89,450.66,450.75,21961.0
11:31,450.77,450.95,450.72,450.86,25307.0
11:32,451.0,451.07,450.8,450.83,17256.0
11:33,450.97,451.12,450.9,451.08,12108.0
11:34,451.22,451.28,450.99,451.0,19015.0
11:35,451.25,451.32,451.0,451.24,21855.0
11:36,451.25,451.37,451.2,451.26,13431.0
11:37,451.62,451.71,451.22,451.22,45047.0
11:38,451.36,451.74,451.33,451.7,30008.0
11:39,451.46,451.55,451.28,451.46,46022.0
11:40,451.6,451.67,451.3,451.46,28363.0
11:41,451.36,451.58,451.23,451.55,29261.0
11:42,451.61,451.61,451.35,451.4,23936.0
11:43,451.75,451.76,451.52,451.62,31772.0
11:44,451.72,451.77,451.64,451.77,15477.0
11:45,451.43,451.8,451.36,451.77,17188.0
11:46,451.43,451.51,451.32,451.41,16591.0
11:47,451.39,451.67,451.35,451.45,15493.0
11:48,451.51,451.51,451.43,451.45,8136.0
11:49,451.39,451.51,451.38,451.49,12372.0
11:50,451.12,451.42,451.04,451.41,18079.0
11:51,450.92,451.19,450.92,451.19,28915.0
11:52,450.75,451.11,450.72,451.0,16842.0
11:53,450.86,450.89,450.63,450.74,13920.0
11:54,450.98,450.98,450.77,450.89,24471.0
11:55,450.86,451.02,450.72,451.02,14280.0
11:56,450.71,450.84,450.57,450.84,18823.0
11:57,450.51,450.77,450.48,450.73,24804.0
11:58,450.52,450.76,450.41,450.51,18112.0
11:59,450.36,450.49,450.3,450.41,12927.0
12:00,450.51,450.58,450.33,450.39,14656.0
12:01,450.27,450.42,450.19,450.39,14801.0
12:02,450.74,450.74,450.17,450.24,15993.0
12:03,450.9,450.92,450.67,450.72,14841.0
12:04,450.23,450.99,450.05,450.94,74441.0
12:05,450.5,450.61,450.13,450.19,46493.0
12:06,450.66,450.75,450.49,450.49,17201.0
12:07,450.61,450.78,450.58,450.64,526495.0
12:08,450.67,450.71,450.48,450.67,40844.0
12:09,450.98,451.48,450.54,450.66,102700.0
12:10,451.14,451.21,450.99,451.04,20707.0
12:11,450.75,451.14,450.74,451.14,13907.0
12:12,450.86,450.86,450.62,450.72,14074.0
12:13,450.55,450.83,450.48,450.83,11937.0
12:14,450.87,450.88,450.61,450.61,24655.0
12:15,451.1,451.1,450.75,450.81,14387.0
12:16,451.08,451.12,450.96,451.11,8881.0
12:17,450.79,451.05,450.67,451.05,12515.0
12:18,450.88,450.98,450.77,450.92,11374.0
12:19,450.94,451.0,450.82,450.88,14692.0
12:20,451.14,451.17,450.85,450.97,34566.0
12:21,451.23,451.23,451.11,451.15,15158.0
12:22,451.23,451.37,451.18,451.24,14183.0
12:23,451.34,451.42,451.2,451.31,14034.0
12:24,451.43,451.49,451.36,451.36,15950.0
12:25,451.53,451.59,451.33,451.42,21119.0
12:26,451.45,451.54,451.38,451.51,13507.0
12:27,451.52,451.57,451.49,451.5,9856.0
12:28,451.45,451.53,451.45,451.53,10752.0
12:29,451.17,451.45,451.17,451.45,7810.0
12:30,451.01,451.17,450.98,451.13,15399.0
12:31,451.02,451.13,451.0,451.08,9219.0
12:32,450.83,450.99,450.7,450.97,16868.0
12:33,450.69,450.82,450.55,450.82,23184.0
12:34,450.72,450.78,450.59,450.66,14913.0
12:35,451.01,451.05,450.74,450.74,11370.0
12:36,451.08,451.19,450.96,451.03,12871.0
12:37,451.3,451.31,450.93,451.14,21215.0
12:38,451.25,451.38,451.24,451.34,34134.0
12:39,451.4,451.58,451.27,451.27,24334.0
12:40,451.4,451.68,451.39,451.39,22166.0
12:41,451.3,451.46,451.23,451.37,23629.0
12:42,451.49,451.49,451.27,451.32,17898.0
12:43,451.33,451.46,451.26,451.43,24261.0
12:44,451.27,451.38,451.24,451.32,16246.0
12:45,451.39,451.5,451.29,451.31,18373.0
12:46,451.52,451.57,451.4,451.4,23834.0
12:47,451.51,451.65,451.44,451.57,32664.0
12:48,451.58,451.6,451.26,451.49,34120.0
12:49,451.61,451.65,451.55,451.63,20997.0
12:50,451.62,451.84,451.62,451.62,29969.0
12:51,451.78,451.78,451.52,451.67,26505.0
12:52,451.7,451.85,451.65,451.82,25513.0
12:53,451.8,452.05,451.71,451.73,45242.0
12:54,451.76,451.81,451.67,451.77,12827.0
12:55,451.69,451.8,451.65,451.71,24465.0
12:56,451.35,451.73,451.33,451.73,27759.0
12:57,451.41,451.64,451.35,451.35,19614.0
12:58,451.43,451.59,451.39,451.4,10671.0
12:59,451.37,451.41,451.27,451.41,13207.0
13:00,451.42,451.42,451.3,451.38,12525.0
13:01,451.03,451.39,450.98,451.38,15727.0
13:02,451.38,451.38,451.03,451.05,15401.0
13:03,451.45,451.51,451.36,451.42,9765.0
13:04,451.57,451.63,451.47,451.47,15516.0
13:05,451.76,451.76,451.54,451.56,20032.0
13:06,451.96,451.97,451.74,451.74,19348.0
13:07,451.77,451.96,451.68,451.93,25145.0
13:08,451.94,451.97,451.77,451.77,12550.0
13:09,451.96,451.99,451.84,451.95,10812.0
13:10,451.87,451.98,451.85,451.9,11027.0
13:11,452.01,452.01,451.72,451.9,13324.0
13:12,451.96,452.05,451.96,452.05,11192.0
13:13,451.81,452.02,451.36,451.96,72165.0
13:14,451.97,451.99,451.78,451.82,17248.0
13:15,452.01,452.1,451.88,451.93,23743.0
13:16,452.13,452.18,452.07,452.07,11342.0
13:17,452.37,452.39,452.16,452.17,21413.0
13:18,452.47,452.67,452.35,452.37,49001.0
13:19,452.63,452.67,452.46,452.5,24424.0
13:20,452.49,452.67,452.45,452.67,28423.0
13:21,452.31,452.51,452.31,452.46,47133.0
13:22,452.4,452.5,452.33,452.35,33333.0
13:23,452.32,452.5,452.32,452.45,25243.0
13:24,452.59,452.68,452.36,452.36,22274.0
13:25,452.61,452.69,452.52,452.61,24711.0
13:26,452.52,452.69,452.48,452.63,21754.0
13:27,452.73,452.77,452.46,452.53,17820.0
13:28,452.82,452.83,452.6,452.76,29282.0
13:29,452.91,452.99,452.77,452.85,33231.0
13:30,452.79,452.93,452.6,452.92,50388.0
13:31,452.79,452.82,452.68,452.82,24814.0
13:32,452.74,452.86,452.68,452.77,13373.0
13:33,452.7,452.8,452.59,452.8,21296.0
13:34,452.57,452.69,452.47,452.63,32194.0
13:35,452.44,452.61,452.39,452.51,21870.0
13:36,452.39,452.55,452.39,452.43,16041.0
13:37,452.58,452.58,452.3,452.4,25240.0
13:38,452.57,452.61,452.51,452.59,17573.0
13:39,452.51,452.61,452.44,452.61,19212.0
13:40,452.59,452.68,452.37,452.48,44420.0
13:41,452.74,452.8,452.5,452.56,25195.0
13:42,452.59,452.71,452.48,452.7,18735.0
13:43,452.52,452.67,452.44,452.63,17661.0
13:44,452.64,452.64,452.45,452.52,18389.0
13:45,452.63,452.69,452.46,452.64,26556.0
13:46,452.75,452.81,452.69,452.7,17506.0
13:47,452.78,452.84,452.63,452.78,18040.0
13:48,452.86,452.9,452.78,452.84,20003.0
13:49,453.02,453.21,452.81,452.89,42096.0
13:50,453.21,453.22,452.98,453.0,30640.0
13:51,453.43,453.46,453.17,453.17,34844.0
13:52,453.52,453.69,453.39,453.43,35254.0
13:53,453.37,453.6,453.31,453.55,28192.0
13:54,453.43,453.49,453.25,453.4,22905.0
13:55,453.41,453.58,453.34,453.45,22350.0
13:56,453.05,453.38,453.0,453.34,14371.0
13:57,453.07,453.09,452.84,453.04,13602.0
13:58,453.29,453.4,453.04,453.09,15064.0
13:59,453.14,453.25,453.11,453.25,13724.0
14:00,453.05,453.14,452.9,453.14,14810.0
14:01,453.38,453.38,453.03,453.03,13421.0
14:02,453.31,453.49,453.22,453.39,12044.0
14:03,453.11,453.33,453.11,453.33,9985.0
14:04,453.08,453.15,453.03,453.11,14260.0
14:05,453.28,453.31,453.12,453.12,16773.0
14:06,453.08,453.35,453.08,453.28,15664.0
14:07,453.08,453.19,453.03,453.04,11679.0
14:08,453.2,453.27,453.1,453.11,17777.0
14:09,453.05,453.26,453.0,453.26,12835.0
14:10,453.0,453.05,452.89,453.05,17558.0
14:11,452.85,452.98,452.77,452.98,21025.0
14:12,452.89,452.89,452.7,452.87,18815.0
14:13,452.89,452.94,452.86,452.89,10624.0
14:14,452.84,453.0,452.78,452.93,19230.0
14:15,452.95,452.96,452.76,452.77,23477.0
14:16,453.05,453.05,452.95,452.99,15957.0
14:17,452.6,453.18,452.6,453.09,23732.0
14:18,452.83,452.84,452.6,452.6,16131.0
14:19,452.48,452.86,452.39,452.83,54048.0
14:20,452.46,452.76,452.27,452.41,42046.0
14:21,452.27,452.57,452.18,452.46,20662.0
14:22,452.39,452.51,452.22,452.3,18151.0
14:23,452.6,452.63,452.26,452.32,32696.0
14:24,452.75,452.75,452.52,452.54,16445.0
14:25,452.54,452.79,452.48,452.78,15151.0
14:26,452.62,452.98,452.57,452.57,19218.0
14:27,452.54,452.68,452.49,452.68,11530.0
14:28,452.25,452.7,452.19,452.57,13664.0
14:29,452.25,452.37,452.25,452.3,17176.0
14:30,452.5,452.57,452.29,452.29,17542.0
14:31,452.4,452.56,452.34,452.52,17923.0
14:32,452.33,452.52,452.29,452.46,15935.0
14:33,452.5,452.5,452.23,452.37,25096.0
14:34,452.4,452.53,452.4,452.49,14160.0
14:35,452.64,452.7,452.45,452.45,10259.0
14:36,452.67,452.77,452.63,452.77,6942.0
14:37,452.76,452.81,452.54,452.68,32680.0
14:38,452.76,452.86,452.68,452.75,36548.0
14:39,452.61,452.77,452.55,452.77,24259.0
14:40,452.6,452.73,452.53,452.61,18016.0
14:41,452.58,452.65,452.45,452.57,15428.0
14:42,452.43,452.56,452.43,452.54,6919.0
14:43,452.27,452.45,452.24,452.45,12672.0
14:44,452.22,452.3,452.15,452.23,21069.0
14:45,452.2,452.3,452.16,452.24,18713.0
14:46,452.02,452.17,451.93,452.17,11452.0
14:47,451.94,452.01,451.83,452.01,24755.0
14:48,452.27,452.27,451.95,451.95,19810.0
14:49,452.4,452.41,452.19,452.33,16481.0
14:50,452.42,452.54,452.34,452.41,23325.0
14:51,452.48,452.49,452.26,452.45,14009.0
14:52,452.33,452.59,452.32,452.51,13255.0
14:53,452.36,452.46,452.33,452.33,13985.0
14:54,452.36,452.39,452.29,452.36,15316.0
14:55,452.3,452.39,452.26,452.37,18443.0
14:56,452.15,452.34,452.1,452.33,11693.0
14:57,452.04,452.15,452.01,452.09,31213.0
14:58,452.02,452.13,452.0,452.06,12976.0
14:59,452.07,452.14,451.98,451.99,26139.0
15:00,451.99,452.07,451.97,452.07,16352.0
15:01,451.82,451.99,451.79,451.99,19305.0
15:02,451.61,451.77,451.52,451.76,16756.0
15:03,451.73,451.83,451.63,451.66,22001.0
15:04,451.59,451.79,451.56,451.79,14663.0
15:05,451.61,451.72,451.57,451.61,18372.0
15:06,451.81,451.83,451.64,451.65,9499.0
15:07,452.14,452.16,451.85,451.85,18388.0
15:08,452.14,452.33,452.14,452.19,18856.0
15:09,452.28,452.3,452.15,452.18,10621.0
15:10,452.33,452.44,452.23,452.31,23308.0
15:11,452.53,452.6,452.32,452.32,17387.0
15:12,452.52,452.64,452.39,452.5,18930.0
15:13,452.5,452.53,452.44,452.52,14948.0
15:14,452.48,452.59,452.47,452.51,20997.0
15:15,452.24,452.48,452.15,452.48,29310.0
15:16,452.14,452.21,451.99,452.21,15054.0
15:17,452.21,452.31,452.09,452.09,13349.0
15:18,452.02,452.2,452.0,452.2,25926.0
15:19,451.91,452.02,451.83,452.01,20291.0
15:20,451.82,451.9,451.74,451.9,19092.0
15:21,451.77,451.93,451.72,451.82,14055.0
15:22,451.7,451.79,451.62,451.79,27743.0
15:23,451.62,451.72,451.57,451.69,21926.0
15:24,451.77,451.8,451.39,451.54,27373.0
15:25,451.67,451.74,451.56,451.72,22384.0
15:26,451.48,451.71,451.48,451.67,24647.0
15:27,451.42,451.44,451.19,451.42,31188.0
15:28,451.43,451.53,451.33,451.42,20408.0
15:29,451.53,451.57,451.44,451.44,17397.0
15:30,451.67,451.77,451.43,451.51,34507.0
15:31,451.71,451.76,451.52,451.62,22111.0
15:32,451.63,451.74,451.6,451.74,19002.0
15:33,451.68,451.68,451.47,451.59,20135.0
15:34,451.91,451.98,451.66,451.7,36690.0
15:35,451.92,451.94,451.7,451.92,51775.0
15:36,451.94,451.99,451.81,451.87,40385.0
15:37,452.07,452.07,451.87,451.93,38986.0
15:38,452.27,452.3,452.03,452.04,26468.0
15:39,452.18,452.27,452.14,452.27,20468.0
15:40,451.98,452.18,451.91,452.18,18007.0
15:41,452.35,452.37,451.99,451.99,23048.0
15:42,452.16,452.33,452.11,452.31,21313.0
15:43,451.8,452.14,451.8,452.14,24164.0
15:44,451.9,452.02,451.75,451.75,18115.0
15:45,451.66,451.97,451.66,451.97,31217.0
15:46,451.54,451.72,451.52,451.66,18640.0
15:47,451.54,451.71,451.49,451.52,23125.0
15:48,451.36,451.52,451.3,451.52,25136.0
15:49,451.44,451.44,451.21,451.41,35201.0
15:50,451.15,451.77,451.15,451.49,391255.0
15:51,451.11,451.27,450.93,451.17,93174.0
15:52,451.25,451.25,450.91,451.05,47342.0
15:53,450.71,451.22,450.58,451.21,95317.0
15:54,450.43,450.69,450.25,450.69,114772.0
15:55,450.44,450.47,450.0,450.41,180994.0
15:56,451.06,451.18,450.38,450.43,137005.0
15:57,450.85,451.09,450.73,451.09,199896.0
15:58,451.1,451.19,450.78,450.86,187270.0
15:59,450.19,451.08,450.08,451.08,536417.0
