Time,Close,High,Low,Open,Volume
09:30,363.15,363.34,362.5,363.12,405792.0
09:31,363.3,363.47,362.9,363.14,71023.0
09:32,363.51,364.31,362.92,363.27,77629.0
09:33,363.49,363.78,363.33,363.37,51648.0
09:34,364.33,364.33,363.52,363.61,57860.0
09:35,363.36,364.48,363.36,364.31,64195.0
09:36,363.21,363.49,363.02,363.33,41072.0
09:37,363.21,363.33,362.74,363.26,48431.0
09:38,362.62,363.17,362.51,363.17,48835.0
09:39,363.25,363.35,362.6,362.67,39203.0
09:40,363.31,363.44,362.92,363.25,35971.0
09:41,363.52,363.65,363.04,363.26,54844.0
09:42,363.11,363.5,362.97,363.45,44767.0
09:43,363.34,363.53,363.11,363.15,39334.0
09:44,362.93,363.31,362.93,363.29,31261.0
09:45,362.7,363.12,362.7,362.95,73486.0
09:46,362.36,362.77,362.15,362.7,43591.0
09:47,362.3,362.51,361.93,362.31,52702.0
09:48,363.01,363.3,362.23,362.3,99603.0
09:49,362.68,363.26,362.68,363.1,33132.0
09:50,362.86,363.2,362.68,362.68,24895.0
09:51,362.7,362.85,362.63,362.79,27397.0
09:52,362.47,362.9,362.47,362.6,37021.0
09:53,362.17,362.6,362.15,362.49,18596.0
09:54,362.23,362.34,362.06,362.19,24275.0
09:55,362.12,362.25,362.0,362.25,45189.0
09:56,361.9,362.29,361.77,362.12,65254.0
09:57,361.52,361.9,361.52,361.9,32410.0
09:58,361.31,361.66,361.21,361.54,59680.0
09:59,361.03,361.35,361.02,361.3,38350.0
10:00,360.67,361.05,360.61,361.01,64291.0
10:01,360.89,361.0,360.67,360.67,37820.0
10:02,360.71,360.87,360.5,360.87,48329.0
10:03,360.48,360.74,360.41,360.7,40279.0
10:04,360.48,360.77,360.41,360.54,46804.0
10:05,360.58,360.58,360.37,360.44,33745.0
10:06,360.26,360.55,360.17,360.53,38622.0
10:07,360.4,360.62,360.33,360.37,26117.0
10:08,360.3,360.39,360.16,360.39,30613.0
10:09,360.11,360.49,360.07,360.29,37113.0
10:10,360.24,360.39,360.05,360.11,43886.0
10:11,360.45,360.5,360.11,360.2,31374.0
10:12,360.55,360.55,360.3,360.42,42682.0
10:13,360.16,360.55,360.11,360.54,26174.0
10:14,360.12,360.16,359.82,360.16,169184.0
10:15,360.0,360.3,360.0,360.09,40425.0
10:16,359.81,360.19,359.69,359.99,86475.0
10:17,360.03,360.09,359.56,359.74,60356.0
10:18,359.67,360.05,359.64,359.98,72556.0
10:19,360.0,360.0,359.61,359.67,31476.0
10:20,360.1,360.22,359.95,359.95,40674.0
10:21,360.27,360.35,359.93,360.13,42274.0
10:22,360.03,360.31,359.98,360.27,44953.0
10:23,360.06,360.27,359.98,360.01,34920.0
10:24,360.08,360.23,359.97,360.05,27277.0
10:25,360.4,360.4,360.08,360.08,30842.0
10:26,360.4,360.43,360.09,360.4,28924.0
10:27,360.04,360.34,359.98,360.34,44954.0
10:28,360.07,360.26,359.82,360.07,58558.0
10:29,360.24,360.38,359.98,360.11,31574.0
10:30,360.3,360.43,360.2,360.22,50910.0
10:31,359.94,360.37,359.91,360.29,31802.0
10:32,360.01,360.05,359.88,359.93,32298.0
10:33,360.17,360.17,359.92,359.95,18533.0
10:34,360.32,360.43,360.17,360.18,30890.0
10:35,360.5,360.68,360.29,360.35,37477.0
10:36,360.82,360.91,360.37,360.48,35357.0
10:37,361.0,361.0,360.67,360.88,28346.0
10:38,361.12,361.21,360.91,361.0,39414.0
10:39,361.11,361.26,361.06,361.25,18885.0
10:40,361.37,361.41,360.95,361.06,36158.0
10:41,361.41,361.53,361.32,361.36,24311.0
10:42,361.13,361.53,361.12,361.34,26744.0
10:43,360.96,361.16,360.94,361.1,29249.0
10:44,360.55,361.02,360.55,360.92,34423.0
10:45,360.71,360.71,360.5,360.6,23106.0
10:46,360.47,360.89,360.31,360.74,26701.0
10:47,360.44,360.56,360.36,360.48,23021.0
10:48,360.32,360.55,360.25,360.45,26058.0
10:49,360.17,360.27,359.99,360.23,29083.0
10:50,360.14,360.17,359.93,360.08,56356.0
10:51,359.95,360.14,359.8,360.07,27065.0
10:52,359.88,360.05,359.87,359.9,11595.0
10:53,360.04,360.09,359.94,359.94,20623.0
10:54,360.07,360.26,360.04,360.04,17487.0
10:55,360.14,360.2,360.0,360.03,13071.0
10:56,360.05,360.32,360.03,360.18,23820.0
10:57,359.92,360.14,359.92,360.13,16264.0
10:58,360.0,360.09,359.88,360.01,25871.0
10:59,360.08,360.16,359.82,360.04,91377.0
11:00,360.32,360.34,360.09,360.09,18487.0
11:01,359.97,360.32,359.86,360.32,37195.0
11:02,359.99,360.03,359.85,359.96,31559.0
11:03,360.04,360.05,359.88,359.98,52712.0
11:04,360.36,360.38,359.99,360.05,45518.0
11:05,360.73,360.73,360.41,360.43,24187.0
11:06,360.83,360.94,360.47,360.63,46340.0
11:07,360.65,360.92,360.49,360.92,26286.0
11:08,360.87,360.96,360.51,360.63,26205.0
11:09,360.9,360.97,360.82,360.82,27310.0
11:10,360.79,361.0,360.78,360.82,34999.0
11:11,361.02,361.33,360.68,360.83,56466.0
11:12,360.85,361.0,360.78,360.96,26338.0
11:13,360.6,360.9,360.57,360.77,29891.0
11:14,360.24,360.63,360.1,360.6,54689.0
11:15,360.2,360.33,360.07,360.17,20574.0
11:16,360.22,360.29,360.07,360.18,17523.0
11:17,360.25,360.25,360.08,360.21,26403.0
11:18,360.36,360.36,360.14,360.22,17074.0
11:19,360.5,360.51,360.31,360.37,19699.0
11:20,360.13,360.52,360.06,360.49,41946.0
11:21,360.11,360.16,360.01,360.14,20859.0
11:22,359.68,360.17,359.67,360.12,40262.0
11:23,360.02,360.02,359.52,359.7,25653.0
11:24,359.8,360.04,359.8,360.03,17876.0
11:25,359.86,359.99,359.74,359.83,13412.0
11:26,359.81,359.93,359.73,359.88,27014.0
11:27,360.0,360.03,359.83,359.83,14695.0
11:28,359.61,360.05,359.54,360.05,59357.0
11:29,359.55,359.62,359.44,359.61,75807.0
11:30,359.68,359.76,359.33,359.51,59802.0
11:31,359.49,359.7,359.36,359.67,31442.0
11:32,359.5,359.5,359.35,359.49,26841.0
11:33,359.52,359.57,359.3,359.45,40577.0
11:34,359.23,359.56,359.22,359.5,48845.0
11:35,359.38,359.4,358.94,359.11,99660.0
11:36,359.2,359.54,359.1,359.32,50208.0
11:37,359.24,359.38,359.18,359.2,17733.0
11:38,359.33,359.43,359.17,359.24,29987.0
11:39,359.3,359.36,359.08,359.36,25999.0
11:40,359.35,359.4,359.09,359.22,15316.0
11:41,359.11,359.43,359.1,359.35,22631.0
11:42,359.22,359.25,359.13,359.17,25728.0
11:43,359.08,359.3,359.08,359.15,32875.0
11:44,358.82,359.03,358.76,359.03,89713.0
11:45,358.73,358.89,358.72,358.82,45267.0
11:46,358.54,358.7,358.35,358.7,56585.0
11:47,358.55,358.66,358.53,358.55,33367.0
11:48,358.34,358.59,358.33,358.59,36387.0
11:49,358.63,358.67,358.29,358.29,33879.0
11:50,358.68,358.7,358.48,358.65,76250.0
11:51,358.75,358.75,358.57,358.67,62797.0
11:52,358.75,358.75,358.57,358.73,51957.0
11:53,358.65,358.75,358.53,358.74,19616.0
11:54,358.3,358.74,358.28,358.66,25061.0
11:55,358.09,358.41,357.86,358.38,64267.0
11:56,357.86,358.13,357.75,358.06,95939.0
11:57,358.17,358.28,357.81,357.86,32893.0
11:58,358.25,358.31,358.09,358.2,19017.0
11:59,358.23,358.33,358.16,358.27,36210.0
12:00,358.48,358.48,358.27,358.27,24232.0
12:01,358.47,358.62,358.45,358.45,25928.0
12:02,358.29,358.54,358.26,358.52,49985.0
12:03,358.22,358.4,358.11,358.27,30163.0
12:04,358.24,358.32,358.16,358.27,17334.0
12:05,358.17,358.4,358.17,358.27,27326.0
12:06,358.34,358.35,358.09,358.16,18543.0
12:07,358.08,358.3,358.0,358.3,16736.0
12:08,358.32,358.32,357.98,358.11,43029.0
12:09,358.24,358.41,358.22,358.26,16486.0
12:10,358.25,358.3,358.03,358.23,23671.0
12:11,358.22,358.4,358.09,358.3,16541.0
12:12,358.4,358.4,358.18,358.22,16917.0
12:13,358.32,358.47,358.25,358.35,25342.0
12:14,358.2,358.35,358.15,358.35,78644.0
12:15,358.11,358.3,358.05,358.15,25930.0
12:16,358.14,358.21,357.95,358.09,28019.0
12:17,358.33,358.36,358.08,358.08,26966.0
12:18,358.07,358.31,358.06,358.31,23064.0
12:19,358.09,358.2,358.0,358.05,13941.0
12:20,358.39,358.39,358.03,358.17,23848.0
12:21,358.28,358.43,358.23,358.3,18667.0
12:22,358.21,358.21,358.1,358.21,14751.0
12:23,358.46,358.62,358.2,358.23,15769.0
12:24,358.43,358.49,358.26,358.47,15741.0
12:25,358.42,358.51,358.37,358.43,9420.0
12:26,358.17,358.41,358.17,358.41,14733.0
12:27,358.11,358.25,358.1,358.17,17407.0
12:28,358.12,358.15,358.0,358.12,15623.0
12:29,358.26,358.28,358.05,358.18,20079.0
12:30,358.39,358.41,358.18,358.2,44161.0
12:31,358.55,358.62,358.42,358.49,36855.0
12:32,358.71,358.78,358.49,358.58,21552.0
12:33,358.65,358.77,358.52,358.77,34870.0
12:34,358.59,358.71,358.4,358.7,13155.0
12:35,358.58,358.65,358.45,358.58,9218.0
12:36,358.89,358.91,358.5,358.58,16948.0
12:37,358.95,359.0,358.84,358.89,15834.0
12:38,359.1,359.17,358.9,358.9,33405.0
12:39,359.13,359.16,359.01,359.1,16054.0
12:40,359.12,359.34,359.1,359.15,32629.0
12:41,359.31,359.46,359.12,359.12,22891.0
12:42,359.38,359.53,359.2,359.27,27106.0
12:43,359.5,359.55,359.35,359.39,16075.0
12:44,359.42,359.54,359.33,359.5,21078.0
12:45,359.64,359.67,359.33,359.45,25418.0
12:46,359.3,359.69,359.29,359.6,16460.0
12:47,359.24,359.45,359.19,359.37,20670.0
12:48,359.17,359.24,358.97,359.22,17517.0
12:49,359.18,359.28,359.01,359.07,18849.0
12:50,359.02,359.18,358.95,359.17,18726.0
12:51,358.79,359.05,358.79,359.02,25354.0
12:52,358.78,358.85,358.65,358.85,15412.0
12:53,358.68,358.79,358.6,358.76,22093.0
12:54,358.66,358.86,358.62,358.7,19245.0
12:55,358.61,358.68,358.46,358.63,19770.0
12:56,358.58,358.63,358.49,358.61,9248.0
12:57,358.7,358.88,358.54,358.62,19151.0
12:58,358.66,358.73,358.58,358.65,20619.0
12:59,358.8,358.85,358.67,358.7,27255.0
13:00,359.23,359.24,358.82,358.82,40440.0
13:01,358.97,359.33,358.91,359.23,35412.0
13:02,358.63,358.97,358.31,358.96,68690.0
13:03,358.38,358.68,358.2,358.58,39144.0
13:04,358.35,358.44,358.22,358.41,21235.0
13:05,358.41,358.56,358.23,358.35,31602.0
13:06,358.37,358.45,358.23,358.41,29070.0
13:07,358.36,358.43,358.22,358.33,28582.0
13:08,358.33,358.42,358.21,358.42,28585.0
13:09,358.33,358.51,358.21,358.33,38524.0
13:10,358.22,358.33,358.21,358.32,49456.0
13:11,358.44,358.47,358.21,358.21,59823.0
13:12,358.44,358.58,358.4,358.55,21479.0
13:13,358.36,358.38,358.21,358.35,13212.0
13:14,358.37,358.46,358.23,358.46,11349.0
13:15,358.5,358.52,358.37,358.42,13913.0
13:16,358.56,358.57,358.39,358.47,11836.0
13:17,358.5,358.61,358.26,358.55,24896.0
13:18,358.48,358.54,358.37,358.54,14273.0
13:19,358.57,358.74,358.51,358.51,15603.0
13:20,358.75,358.82,358.53,358.54,20932.0
13:21,358.8,358.88,358.77,358.82,23468.0
13:22,358.86,358.95,358.8,358.8,12902.0
13:23,358.92,358.98,358.86,358.86,11059.0
13:24,358.58,358.97,358.48,358.94,23201.0
13:25,358.3,358.55,358.3,358.55,14242.0
13:26,358.48,358.48,358.35,358.35,14772.0
13:27,358.77,358.78,358.48,358.5,18940.0
13:28,358.57,358.81,358.55,358.75,11455.0
13:29,358.54,358.62,358.46,358.52,11881.0
13:30,358.73,358.74,358.45,358.49,24987.0
13:31,358.91,358.94,358.6,358.71,45041.0
13:32,358.83,358.95,358.75,358.91,20224.0
13:33,358.63,358.83,358.51,358.8,18639.0
13:34,358.45,358.6,358.37,358.6,15771.0
13:35,358.27,358.49,358.25,358.49,25867.0
13:36,358.48,358.48,358.25,358.29,13155.0
13:37,358.21,358.52,358.21,358.52,13431.0
13:38,358.3,358.44,358.21,358.21,17290.0
13:39,358.31,358.38,358.23,358.38,8289.0
13:40,358.36,358.43,358.21,358.23,36076.0
13:41,358.25,358.43,358.24,358.42,23488.0
13:42,358.21,358.31,358.21,358.27,28684.0
13:43,358.04,358.27,357.95,358.23,93013.0
13:44,358.2,358.22,357.99,358.05,14450.0
13:45,358.06,358.21,358.0,358.11,16644.0
13:46,357.93,358.07,357.86,358.07,16367.0
13:47,357.8,357.88,357.72,357.83,23353.0
13:48,357.73,357.8,357.65,357.8,24596.0
13:49,357.61,357.73,357.51,357.7,24086.0
13:50,357.96,357.97,357.61,357.61,25779.0
13:51,357.58,357.91,357.38,357.9,33659.0
13:52,357.54,357.66,357.53,357.57,13529.0
13:53,357.53,357.62,357.31,357.57,29220.0
13:54,357.51,357.63,357.43,357.5,9443.0
13:55,357.53,357.66,357.46,357.5,10729.0
13:56,357.52,357.6,357.41,357.55,15971.0
13:57,357.57,357.62,357.47,357.52,12617.0
13:58,357.42,357.58,357.27,357.58,35207.0
13:59,357.39,357.46,357.34,357.4,9698.0
14:00,357.32,357.53,357.27,357.36,19925.0
14:01,357.39,357.4,357.28,357.33,18822.0
14:02,357.36,357.44,357.24,357.44,23406.0
14:03,357.5,357.53,357.3,357.35,17518.0
14:04,357.25,357.49,357.24,357.48,16951.0
14:05,357.22,357.34,357.17,357.22,29524.0
14:06,357.47,357.47,357.05,357.2,18736.0
14:07,356.99,357.51,356.94,357.51,35214.0
14:08,357.13,357.14,356.98,357.04,15822.0
14:09,357.12,357.17,356.9,357.17,27318.0
14:10,356.98,357.14,356.93,357.1,15730.0
14:11,357.23,357.24,356.94,356.95,19726.0
14:12,357.2,357.26,357.03,357.23,20211.0
14:13,357.17,357.22,357.0,357.21,17058.0
14:14,357.2,357.3,357.07,357.17,19654.0
14:15,357.24,357.32,357.17,357.26,15420.0
14:16,357.44,357.48,357.22,357.22,16451.0
14:17,357.62,357.62,357.36,357.46,13378.0
14:18,357.56,357.65,357.52,357.58,14701.0
14:19,357.42,357.63,357.38,357.61,19173.0
14:20,357.36,357.51,357.31,357.31,12953.0
14:21,357.41,357.46,357.25,357.31,19376.0
14:22,357.45,357.45,357.27,357.37,14414.0
14:23,357.31,357.45,357.2,357.38,18292.0
14:24,357.23,357.37,357.18,357.37,11621.0
14:25,357.17,357.27,357.1,357.18,12923.0
14:26,357.2,357.23,357.08,357.23,15205.0
14:27,357.39,357.4,357.14,357.14,19642.0
14:28,357.29,357.43,357.28,357.34,9949.0
14:29,357.36,357.39,357.21,357.35,17177.0
14:30,357.73,357.73,357.38,357.39,25502.0
14:31,357.68,357.84,357.61,357.67,26851.0
14:32,357.41,357.65,357.36,357.65,12534.0
14:33,357.58,357.59,357.33,357.41,26456.0
14:34,357.58,357.64,357.45,357.58,33578.0
14:35,357.58,357.67,357.41,357.56,21729.0
14:36,357.23,357.58,357.12,357.58,24500.0
14:37,357.2,357.27,357.13,357.24,17237.0
14:38,357.2,357.33,357.14,357.2,19163.0
14:39,357.17,357.25,357.07,357.19,18312.0
14:40,357.04,357.26,356.95,357.2,22804.0
14:41,356.86,357.06,356.75,356.98,41046.0
14:42,356.79,356.89,356.71,356.86,16381.0
14:43,356.6,356.81,356.6,356.76,25480.0
14:44,356.64,356.69,356.52,356.56,28592.0
14:45,356.57,356.84,356.51,356.64,48112.0
14:46,356.49,356.63,356.41,356.6,26687.0
14:47,356.29,356.61,356.22,356.45,25244.0
14:48,356.37,356.42,356.28,356.36,22203.0
14:49,356.45,356.49,356.2,356.33,20601.0
14:50,356.23,356.49,356.22,356.45,21087.0
14:51,356.19,356.3,356.16,356.26,17184.0
14:52,355.95,356.19,355.92,356.14,40068.0
14:53,355.88,356.01,355.81,355.92,20997.0
14:54,355.74,355.91,355.7,355.84,21949.0
14:55,355.79,355.8,355.67,355.75,16973.0
14:56,355.95,355.95,355.7,355.77,25091.0
14:57,355.85,355.98,355.82,355.98,12747.0
14:58,355.88,355.95,355.8,355.83,24366.0
14:59,355.97,356.0,355.82,355.9,104724.0
15:00,356.27,356.31,355.86,355.96,48254.0
15:01,356.37,356.48,356.27,356.31,28606.0
15:02,356.64,356.69,356.33,356.44,25257.0
15:03,356.43,356.61,356.31,356.6,19620.0
15:04,356.58,356.67,356.43,356.48,18285.0
15:05,356.56,356.77,356.55,356.62,20371.0
15:06,356.68,356.78,356.52,356.53,24902.0
15:07,356.57,356.77,356.57,356.74,25608.0
15:08,356.66,356.75,356.43,356.57,22025.0
15:09,356.72,356.73,356.56,356.65,23005.0
15:10,356.92,356.97,356.74,356.79,22163.0
15:11,357.05,357.05,356.78,356.92,26838.0
15:12,357.05,357.2,356.97,357.01,38202.0
15:13,357.08,357.2,357.02,357.02,21535.0
15:14,357.01,357.18,357.01,357.08,22997.0
15:15,357.21,357.26,357.01,357.09,35212.0
15:16,357.08,357.36,356.92,357.18,39133.0
15:17,357.16,357.18,356.96,357.06,32864.0
15:18,357.43,357.44,357.18,357.27,31635.0
15:19,357.37,357.49,357.34,357.42,22536.0
15:20,357.49,357.6,357.41,357.42,28508.0
15:21,357.69,357.71,357.42,357.58,36566.0
15:22,357.86,357.86,357.48,357.73,29214.0
15:23,357.57,357.93,357.45,357.89,28243.0
15:24,357.46,357.64,357.44,357.57,22360.0
15:25,357.32,357.52,357.28,357.49,33399.0
15:26,357.26,357.53,357.23,357.38,29822.0
15:27,357.19,357.26,357.0,357.25,37483.0
15:28,357.03,357.2,356.93,357.2,24331.0
15:29,357.05,357.08,356.78,356.93,31885.0
15:30,357.09,357.39,357.02,357.09,40734.0
15:31,357.36,357.43,357.13,357.13,36730.0
15:32,357.56,357.61,357.39,357.39,33856.0
15:33,357.73,357.77,357.42,357.56,41956.0
15:34,357.51,357.76,357.28,357.72,34042.0
15:35,357.69,357.86,357.49,357.62,41708.0
15:36,357.89,357.89,357.49,357.7,42554.0
15:37,357.92,358.46,357.91,357.93,56576.0
15:38,358.08,358.29,357.84,357.95,36672.0
15:39,358.0,358.16,358.0,358.09,28610.0
15:40,358.25,358.46,358.04,358.04,44154.0
15:41,358.2,358.5,358.09,358.34,33665.0
15:42,358.24,358.5,358.22,358.22,28338.0
15:43,358.53,358.54,358.22,358.23,43180.0
15:44,358.27,358.58,358.23,358.52,34941.0
15:45,358.25,358.4,358.18,358.32,30307.0
15:46,358.12,358.52,358.08,358.24,54187.0
15:47,358.06,358.22,357.83,358.08,64675.0
15:48,358.27,358.31,358.06,358.06,30824.0
15:49,358.13,358.45,358.05,358.28,37714.0
15:50,358.45,358.47,357.6,358.14,95197.0
15:51,358.52,358.77,358.33,358.38,93810.0
15:52,358.14,358.61,358.07,358.57,86902.0
15:53,358.36,358.67,358.16,358.2,80528.0
15:54,358.79,358.95,357.86,358.38,152164.0
15:55,359.2,359.62,358.81,358.81,178796.0
15:56,359.32,359.55,359.1,359.15,105452.0
15:57,359.49,359.57,359.27,359.34,115171.0
15:58,359.62,359.75,359.45,359.47,163810.0
15:59,359.14,359.6,358.72,359.6,572802.0
