Time,Close,High,Low,Open,Volume
09:30,477.68,477.76,475.37,475.77,828066.0
09:31,478.07,478.45,477.59,477.7,123411.0
09:32,477.28,478.47,477.1,478.2,95937.0
09:33,478.0,478.08,477.14,477.28,80435.0
09:34,478.2,478.25,477.81,478.02,64538.0
09:35,478.1,478.58,478.0,478.15,62612.0
09:36,477.64,478.13,477.64,478.04,51847.0
09:37,477.98,478.09,477.54,477.68,55766.0
09:38,478.14,478.26,477.68,477.98,36591.0
09:39,478.45,478.58,478.14,478.14,47370.0
09:40,478.15,478.56,477.82,478.56,44258.0
09:41,478.01,478.58,477.91,478.17,43095.0
09:42,478.1,478.42,478.02,478.02,30415.0
09:43,477.97,478.12,477.76,478.12,54183.0
09:44,478.02,478.08,477.77,478.03,27059.0
09:45,477.82,478.07,477.7,478.07,99562.0
09:46,477.98,478.17,477.73,477.83,120739.0
09:47,478.08,478.11,477.81,477.89,45164.0
09:48,478.13,478.35,478.05,478.09,59262.0
09:49,478.3,478.45,477.89,478.12,39078.0
09:50,478.59,478.76,478.03,478.23,71793.0
09:51,478.15,478.82,478.15,478.58,49541.0
09:52,478.29,478.33,477.97,478.22,31419.0
09:53,478.12,478.37,478.05,478.27,20715.0
09:54,477.77,478.02,477.72,478.02,21848.0
09:55,478.12,478.15,477.74,477.74,28870.0
09:56,477.95,478.19,477.9,478.13,16887.0
09:57,477.9,478.04,477.9,477.96,18406.0
09:58,477.94,478.06,477.84,477.91,25248.0
09:59,478.42,478.48,477.93,477.93,36687.0
10:00,478.28,479.18,478.28,478.85,81638.0
10:01,478.33,478.45,478.05,478.34,39569.0
10:02,478.14,478.3,478.06,478.3,24553.0
10:03,478.24,478.39,478.13,478.22,26678.0
10:04,478.2,478.3,478.01,478.19,33325.0
10:05,477.88,478.29,477.83,478.2,43464.0
10:06,477.93,478.15,477.8,477.88,25900.0
10:07,477.67,477.97,477.6,477.92,29655.0
10:08,478.12,478.13,477.62,477.65,99076.0
10:09,477.56,478.11,477.56,478.1,71018.0
10:10,476.88,477.12,476.88,477.06,40317.0
10:11,476.6,476.96,476.6,476.96,43137.0
10:12,476.41,476.58,476.2,476.58,78338.0
10:13,476.23,476.45,476.2,476.34,24837.0
10:14,476.3,476.53,476.18,476.24,20602.0
10:15,476.68,476.8,476.27,476.3,148840.0
10:16,476.75,476.75,476.53,476.68,26010.0
10:17,476.43,476.74,476.38,476.74,24031.0
10:18,476.35,476.47,476.25,476.43,41088.0
10:19,476.18,476.37,476.14,476.3,21511.0
10:20,475.73,476.29,475.61,476.14,117988.0
10:21,475.5,475.81,475.44,475.7,61298.0
10:22,475.48,475.6,475.42,475.45,40187.0
10:23,475.84,475.9,475.46,475.53,17054.0
10:24,475.56,475.97,475.51,475.83,16880.0
10:25,475.71,475.73,475.34,475.57,43142.0
10:26,475.93,475.95,475.54,475.7,31490.0
10:27,475.81,475.92,475.64,475.86,18669.0
10:28,475.42,475.82,475.35,475.79,86963.0
10:29,475.22,475.42,475.13,475.39,31097.0
10:30,475.03,475.35,475.03,475.35,53638.0
10:31,475.52,475.52,474.95,475.05,71274.0
10:32,476.06,476.1,475.51,475.51,49720.0
10:33,475.89,476.17,475.89,476.04,30162.0
10:34,475.89,475.96,475.81,475.81,24664.0
10:35,476.2,476.32,475.82,475.86,46413.0
10:36,476.24,476.25,476.0,476.2,20030.0
10:37,476.76,476.76,476.2,476.2,31730.0
10:38,476.82,476.85,476.7,476.75,33385.0
10:39,477.05,477.12,476.8,476.8,28596.0
10:40,476.88,477.08,476.88,476.98,28146.0
10:41,476.81,476.95,476.69,476.94,40449.0
10:42,476.73,477.22,476.7,476.83,29772.0
10:43,476.58,476.8,476.44,476.8,27290.0
10:44,476.38,476.53,476.25,476.53,38579.0
10:45,476.17,476.27,476.06,476.27,49868.0
10:46,476.25,476.49,476.18,476.18,18728.0
10:47,476.19,476.38,476.05,476.36,20008.0
10:48,476.05,476.24,476.04,476.24,28022.0
10:49,476.11,476.11,475.92,476.09,14890.0
10:50,475.82,476.06,475.71,476.06,23223.0
10:51,475.92,475.93,475.75,475.88,12143.0
10:52,476.15,476.18,475.93,475.93,17767.0
10:53,476.7,476.7,476.0,476.15,43474.0
10:54,476.51,476.9,476.36,476.69,54295.0
10:55,476.9,476.94,476.34,476.44,42733.0
10:56,476.56,476.92,476.54,476.9,52971.0
10:57,476.3,476.61,476.28,476.56,55298.0
10:58,476.23,476.43,476.17,476.33,28377.0
10:59,476.43,476.43,476.22,476.25,24279.0
11:00,476.34,476.54,476.32,476.4,24005.0
11:01,476.12,476.38,476.12,476.37,16549.0
11:02,476.44,476.44,476.18,476.21,23495.0
11:03,476.31,476.36,476.31,476.36,14732.0
11:04,476.13,476.34,476.0,476.3,13947.0
11:05,476.14,476.15,475.87,476.13,31397.0
11:06,475.85,476.12,475.85,476.12,18515.0
11:07,476.32,476.32,475.95,475.99,28946.0
11:08,476.16,476.43,476.16,476.35,9743.0
11:09,476.23,476.37,476.17,476.17,7676.0
11:10,475.9,476.22,475.9,476.17,13478.0
11:11,475.7,476.0,475.65,475.93,62254.0
11:12,475.82,475.88,475.7,475.7,37728.0
11:13,476.08,476.08,475.7,475.85,61043.0
11:14,476.05,476.14,475.94,476.12,15958.0
11:15,476.09,476.29,475.99,476.03,18156.0
11:16,476.05,476.18,476.03,476.14,17712.0
11:17,475.92,476.12,475.91,476.12,19790.0
11:18,475.88,475.93,475.81,475.92,22617.0
11:19,476.03,476.1,475.82,475.88,33967.0
11:20,475.88,476.11,475.8,476.08,13752.0
11:21,475.86,475.89,475.75,475.87,17818.0
11:22,476.52,476.59,475.82,475.88,53641.0
11:23,476.18,476.63,476.12,476.63,21484.0
11:24,476.05,476.27,476.03,476.19,21952.0
11:25,476.18,476.18,475.94,476.07,15213.0
11:26,476.39,476.49,476.14,476.14,31254.0
11:27,476.7,476.74,476.57,476.57,23415.0
11:28,476.32,476.7,476.32,476.7,20994.0
11:29,476.39,476.41,476.28,476.28,19096.0
11:30,476.07,476.51,476.07,476.38,25785.0
11:31,476.15,476.23,476.04,476.11,19435.0
11:32,476.15,476.3,476.11,476.19,14523.0
11:33,476.39,476.4,476.21,476.21,24483.0
11:34,476.19,476.4,476.15,476.35,18192.0
11:35,475.92,476.23,475.79,476.23,22958.0
11:36,475.87,476.02,475.8,476.01,20958.0
11:37,475.99,476.01,475.84,475.85,11755.0
11:38,475.89,476.1,475.86,476.0,15555.0
11:39,475.84,475.95,475.8,475.89,17348.0
11:40,475.9,475.93,475.77,475.84,11052.0
11:41,475.95,475.95,475.73,475.81,14721.0
11:42,476.3,476.3,475.97,476.0,14764.0
11:43,476.44,476.52,476.31,476.31,34078.0
11:44,476.54,476.63,476.43,476.53,16275.0
11:45,476.73,476.74,476.51,476.58,12009.0
11:46,476.97,476.97,476.72,476.72,13986.0
11:47,477.28,477.28,476.87,476.94,37932.0
11:48,477.04,477.3,477.0,477.3,21385.0
11:49,477.23,477.24,476.98,477.05,35815.0
11:50,477.3,477.3,477.14,477.23,18328.0
11:51,477.26,477.27,477.09,477.27,22900.0
11:52,477.2,477.27,477.13,477.21,21042.0
11:53,477.12,477.21,477.05,477.21,10060.0
11:54,477.28,477.28,477.13,477.17,14762.0
11:55,477.09,477.32,477.05,477.27,23638.0
11:56,477.05,477.22,477.05,477.14,19062.0
11:57,477.24,477.3,477.06,477.1,19110.0
11:58,477.29,477.45,477.17,477.24,39368.0
11:59,477.28,477.36,477.21,477.29,20756.0
12:00,477.4,477.5,477.25,477.3,86268.0
12:01,477.13,477.36,476.96,477.36,45833.0
12:02,477.3,477.35,477.07,477.07,14788.0
12:03,477.42,477.5,477.3,477.3,18360.0
12:04,477.19,477.63,477.19,477.38,71026.0
12:05,477.21,477.39,477.19,477.23,30799.0
12:06,477.39,477.39,477.17,477.17,12965.0
12:07,477.44,477.48,477.33,477.42,15584.0
12:08,477.54,477.67,477.45,477.52,11852.0
12:09,477.61,477.66,477.51,477.55,8483.0
12:10,477.86,477.97,477.66,477.67,23890.0
12:11,477.92,478.05,477.88,477.9,21874.0
12:12,478.0,478.06,477.92,477.92,26043.0
12:13,478.05,478.06,477.99,478.03,16271.0
12:14,477.95,478.08,477.93,478.03,26421.0
12:15,477.68,477.92,477.6,477.92,15112.0
12:16,477.79,477.87,477.7,477.82,8821.0
12:17,477.73,477.88,477.66,477.86,8236.0
12:18,477.76,477.81,477.7,477.72,7959.0
12:19,477.72,477.8,477.66,477.74,17119.0
12:20,477.46,477.7,477.42,477.7,18963.0
12:21,477.43,477.53,477.33,477.42,21395.0
12:22,477.46,477.62,477.46,477.51,12444.0
12:23,477.69,477.69,477.46,477.53,14656.0
12:24,477.57,477.71,477.57,477.65,18489.0
12:25,477.61,477.73,477.55,477.63,10596.0
12:26,477.5,477.57,477.42,477.57,15872.0
12:27,477.38,477.49,477.32,477.49,24426.0
12:28,477.27,477.41,477.21,477.41,32979.0
12:29,477.16,477.32,477.1,477.27,30793.0
12:30,477.29,477.33,477.12,477.17,43708.0
12:31,477.08,477.35,477.02,477.31,19000.0
12:32,477.18,477.2,477.08,477.11,17650.0
12:33,477.07,477.26,477.04,477.2,12799.0
12:34,476.85,477.12,476.83,477.1,20975.0
12:35,476.98,477.14,476.86,476.86,15630.0
12:36,476.48,477.0,476.47,477.0,19575.0
12:37,476.29,476.65,476.29,476.54,21653.0
12:38,476.05,476.3,476.05,476.29,28108.0
12:39,475.97,476.08,475.9,476.05,28186.0
12:40,476.2,476.2,475.93,475.98,17653.0
12:41,476.11,476.3,476.06,476.18,11678.0
12:42,476.1,476.24,476.06,476.11,16117.0
12:43,476.0,476.21,475.98,476.1,14574.0
12:44,476.05,476.05,475.95,475.98,18975.0
12:45,476.22,476.22,475.92,476.03,17999.0
12:46,476.46,476.49,476.2,476.2,37437.0
12:47,476.38,476.44,476.3,476.42,21456.0
12:48,476.42,476.52,476.38,476.42,14528.0
12:49,476.39,476.48,476.34,476.42,20223.0
12:50,476.6,476.61,476.33,476.33,16318.0
12:51,476.77,476.77,476.57,476.57,11394.0
12:52,476.91,476.91,476.75,476.77,16180.0
12:53,477.06,477.25,476.72,476.78,22268.0
12:54,476.95,477.06,476.94,477.02,7779.0
12:55,477.04,477.06,476.92,476.95,10262.0
12:56,477.14,477.14,476.93,477.0,13853.0
12:57,477.1,477.14,477.06,477.14,9568.0
12:58,476.98,477.13,476.96,477.1,24100.0
12:59,476.66,476.98,476.66,476.98,11348.0
13:00,476.54,476.7,476.54,476.65,11345.0
13:01,476.52,476.57,476.44,476.45,8100.0
13:02,476.61,476.67,476.55,476.57,13609.0
13:03,476.55,476.73,476.41,476.56,19951.0
13:04,476.32,476.54,476.31,476.54,23596.0
13:05,476.31,476.44,476.25,476.32,10160.0
13:06,476.41,476.46,476.3,476.3,10178.0
13:07,476.25,476.36,476.25,476.36,10776.0
13:08,476.26,476.33,476.17,476.29,11016.0
13:09,476.26,476.36,476.13,476.19,11096.0
13:10,476.25,476.37,476.04,476.19,47471.0
13:11,476.19,476.28,476.07,476.27,13265.0
13:12,476.22,476.22,476.0,476.14,23855.0
13:13,476.33,476.38,476.2,476.2,17101.0
13:14,476.11,476.29,476.07,476.29,12250.0
13:15,475.98,476.13,475.93,476.13,17424.0
13:16,475.59,475.97,475.55,475.93,45194.0
13:17,475.8,475.86,475.43,475.56,49155.0
13:18,475.82,475.95,475.66,475.75,29727.0
13:19,475.84,475.86,475.64,475.82,18388.0
13:20,476.08,476.09,475.94,476.09,12905.0
13:21,476.3,476.82,476.14,476.14,44671.0
13:22,476.09,476.36,475.99,476.36,10140.0
13:23,476.07,476.14,475.96,476.01,14636.0
13:24,476.18,476.29,476.09,476.09,23642.0
13:25,476.13,476.2,476.04,476.13,6695.0
13:26,476.02,476.06,476.0,476.0,9688.0
13:27,475.85,476.06,475.85,476.02,9552.0
13:28,475.68,475.88,475.68,475.81,14782.0
13:29,475.56,475.72,475.56,475.67,13652.0
13:30,475.66,475.66,475.48,475.51,17888.0
13:31,475.88,475.88,475.61,475.64,14737.0
13:32,475.81,475.9,475.76,475.89,8532.0
13:33,475.84,475.89,475.79,475.87,13146.0
13:34,475.68,475.85,475.66,475.84,14472.0
13:35,475.49,475.63,475.39,475.54,13858.0
13:36,475.59,475.59,475.42,475.46,29424.0
13:37,475.53,475.59,475.43,475.59,8891.0
13:38,475.55,475.63,475.49,475.55,8100.0
13:39,475.52,475.61,475.47,475.54,10190.0
13:40,475.61,475.61,475.4,475.49,8493.0
13:41,475.6,475.62,475.55,475.55,8599.0
13:42,475.52,475.75,475.48,475.65,12735.0
13:43,475.45,475.65,475.4,475.49,22806.0
13:44,475.49,475.54,475.19,475.44,23211.0
13:45,475.51,475.56,475.4,475.49,13369.0
13:46,475.38,475.5,475.3,475.49,7822.0
13:47,475.28,475.42,475.21,475.39,9810.0
13:48,475.39,475.42,475.3,475.3,6686.0
13:49,475.27,475.36,475.26,475.32,20611.0
13:50,475.52,475.52,475.22,475.27,16266.0
13:51,475.68,475.68,475.52,475.55,31928.0
13:52,475.69,475.79,475.64,475.64,10699.0
13:53,475.83,475.88,475.65,475.66,19665.0
13:54,475.82,475.82,475.62,475.62,5280.0
13:55,475.71,475.83,475.66,475.8,13744.0
13:56,475.69,475.73,475.65,475.65,4998.0
13:57,475.53,475.8,475.53,475.74,13117.0
13:58,475.69,475.74,475.42,475.54,12126.0
13:59,475.67,475.72,475.64,475.72,11404.0
14:00,476.02,476.02,475.58,475.66,19656.0
14:01,476.01,476.04,475.91,475.98,8960.0
14:02,475.82,476.01,475.82,475.99,10837.0
14:03,475.38,475.91,475.38,475.55,27037.0
14:04,475.38,475.4,475.0,475.37,87747.0
14:05,475.27,475.86,475.27,475.41,45678.0
14:06,475.2,475.32,475.16,475.27,24928.0
14:07,474.95,475.22,474.91,475.2,24679.0
14:08,475.04,475.17,474.94,474.95,19641.0
14:09,475.09,475.15,474.94,475.01,15819.0
14:10,475.19,475.3,475.04,475.11,24190.0
14:11,475.15,475.18,475.02,475.16,14894.0
14:12,475.33,475.36,475.15,475.15,11406.0
14:13,475.45,475.48,475.3,475.34,30383.0
14:14,475.21,475.47,475.2,475.37,11684.0
14:15,474.96,475.23,474.55,475.23,85490.0
14:16,474.86,474.96,474.78,474.92,13022.0
14:17,474.94,475.08,474.75,474.77,13644.0
14:18,475.01,475.02,474.85,474.9,26269.0
14:19,475.12,475.24,475.06,475.08,15835.0
14:20,475.07,475.22,475.06,475.15,12322.0
14:21,474.86,475.17,474.86,475.09,13157.0
14:22,474.83,474.95,474.78,474.87,16075.0
14:23,475.02,475.06,474.77,474.8,40603.0
14:24,474.84,475.05,474.84,475.05,22298.0
14:25,474.97,475.0,474.8,474.84,21132.0
14:26,474.73,474.95,474.61,474.93,22904.0
14:27,474.26,474.75,474.0,474.69,148364.0
14:28,474.07,474.29,473.9,474.23,40404.0
14:29,474.05,474.17,473.96,474.0,40587.0
14:30,473.95,474.14,473.76,474.04,49952.0
14:31,473.83,474.1,473.73,474.01,24739.0
14:32,473.35,473.88,473.2,473.84,73603.0
14:33,473.36,473.54,473.25,473.33,50190.0
14:34,473.86,473.92,473.29,473.4,64998.0
14:35,473.67,473.9,473.62,473.82,26602.0
14:36,473.27,473.72,473.19,473.67,30714.0
14:37,473.34,473.44,473.2,473.24,22846.0
14:38,473.32,473.34,472.8,473.29,56175.0
14:39,473.43,473.52,473.29,473.37,36394.0
14:40,473.54,473.61,473.13,473.42,26584.0
14:41,473.28,473.64,473.28,473.43,32795.0
14:42,473.37,473.44,473.23,473.25,16023.0
14:43,473.36,473.45,473.23,473.34,11951.0
14:44,473.31,473.35,473.11,473.32,30133.0
14:45,473.76,473.87,473.31,473.35,44753.0
14:46,473.8,473.93,473.68,473.76,22790.0
14:47,473.63,473.94,473.55,473.86,23746.0
14:48,473.5,473.77,473.5,473.62,16387.0
14:49,473.57,473.63,473.45,473.51,18310.0
14:50,473.49,473.66,473.44,473.53,23293.0
14:51,473.68,473.76,473.4,473.5,20846.0
14:52,473.75,473.8,473.64,473.71,14301.0
14:53,473.78,473.78,473.64,473.71,13083.0
14:54,474.17,474.21,473.77,473.81,31217.0
14:55,474.22,474.42,474.15,474.15,34478.0
14:56,474.36,474.45,474.07,474.16,20405.0
14:57,473.96,474.38,473.94,474.38,22030.0
14:58,473.99,474.12,473.97,474.03,14492.0
14:59,474.35,474.36,474.0,474.03,12796.0
15:00,474.23,474.55,474.1,474.35,22390.0
15:01,473.92,474.2,473.89,474.1,26535.0
15:02,473.91,473.94,473.78,473.82,32458.0
15:03,474.29,474.41,473.9,473.9,23573.0
15:04,474.17,474.37,474.17,474.21,12411.0
15:05,474.17,474.2,474.02,474.2,20107.0
15:06,474.2,474.2,473.95,474.13,18623.0
15:07,474.39,474.46,474.12,474.18,19843.0
15:08,474.48,474.51,474.32,474.43,19262.0
15:09,474.49,474.62,474.39,474.45,25815.0
15:10,474.3,474.53,474.22,474.53,14226.0
15:11,474.22,474.34,474.07,474.34,34570.0
15:12,474.23,474.23,474.11,474.2,15773.0
15:13,474.37,474.49,474.11,474.25,20024.0
15:14,474.48,474.6,474.29,474.38,15691.0
15:15,474.47,474.55,474.29,474.52,34270.0
15:16,474.37,474.46,474.3,474.46,11408.0
15:17,474.32,474.47,474.18,474.4,14020.0
15:18,474.4,474.6,474.28,474.31,20422.0
15:19,474.33,474.39,474.18,474.34,21435.0
15:20,474.6,474.72,474.24,474.32,37268.0
15:21,474.48,474.72,474.42,474.61,32402.0
15:22,474.32,474.53,474.22,474.48,20595.0
15:23,474.27,474.3,474.14,474.24,17216.0
15:24,474.02,474.36,474.02,474.26,20124.0
15:25,474.0,474.0,473.86,473.94,19734.0
15:26,474.02,474.06,473.93,473.98,16346.0
15:27,473.98,474.04,473.86,474.0,19936.0
15:28,474.22,474.33,473.98,474.04,18250.0
15:29,474.21,474.27,474.15,474.27,14203.0
15:30,474.36,474.43,474.15,474.23,20676.0
15:31,474.29,474.4,474.14,474.36,39421.0
15:32,474.1,474.38,474.07,474.38,26544.0
15:33,473.9,474.11,473.83,474.07,24523.0
15:34,473.93,474.08,473.84,473.9,25829.0
15:35,474.07,474.14,473.88,473.92,19539.0
15:36,474.51,474.52,474.08,474.08,30239.0
15:37,474.71,474.78,474.51,474.51,38231.0
15:38,474.65,474.82,474.63,474.71,32289.0
15:39,474.56,474.69,474.45,474.67,29067.0
15:40,474.54,474.57,474.28,474.52,25396.0
15:41,474.47,474.64,474.47,474.56,24254.0
15:42,474.23,474.52,474.23,474.47,29712.0
15:43,474.18,474.32,474.03,474.23,28395.0
15:44,474.15,474.17,474.02,474.14,22091.0
15:45,473.81,474.13,473.74,474.11,33211.0
15:46,474.12,474.15,473.7,473.77,48948.0
15:47,474.3,474.37,473.95,474.05,86598.0
15:48,474.54,474.7,474.18,474.18,556901.0
15:49,474.35,474.79,474.35,474.61,53656.0
15:50,474.44,474.88,474.27,474.49,82704.0
15:51,474.48,474.91,474.36,474.42,100145.0
15:52,474.11,474.59,474.02,474.49,56428.0
15:53,474.2,474.26,474.01,474.14,59595.0
15:54,474.32,474.54,474.16,474.22,81985.0
15:55,474.2,474.71,474.04,474.21,111368.0
15:56,474.38,474.56,474.19,474.19,104282.0
15:57,474.27,474.47,474.12,474.37,151286.0
15:58,474.42,474.48,474.16,474.28,260284.0
15:59,474.96,475.18,474.27,474.42,473054.0
