Time,Close,High,Low,Open,Volume
09:30,450.97,451.15,450.43,450.77,613131.0
09:31,452.14,452.4,450.95,450.95,122069.0
09:32,452.54,452.81,451.99,452.24,92044.0
09:33,451.99,452.7,451.98,452.53,55458.0
09:34,451.84,452.0,451.52,451.92,37810.0
09:35,451.81,452.19,451.61,451.93,38190.0
09:36,451.51,451.76,451.28,451.73,48417.0
09:37,451.58,451.68,451.34,451.55,65141.0
09:38,451.54,451.83,451.39,451.59,57408.0
09:39,451.8,451.86,451.49,451.58,37269.0
09:40,451.89,451.93,451.57,451.8,55598.0
09:41,452.3,452.41,451.81,451.9,54690.0
09:42,452.44,452.65,452.24,452.24,44754.0
09:43,452.81,452.88,452.49,452.49,52894.0
09:44,453.15,453.15,452.79,452.79,70013.0
09:45,453.07,453.47,453.0,453.09,58046.0
09:46,452.04,453.0,452.0,452.9,55482.0
09:47,451.91,452.02,451.58,451.98,46025.0
09:48,451.55,451.8,451.32,451.8,33643.0
09:49,451.87,451.87,451.22,451.43,32435.0
09:50,452.07,452.19,451.82,451.82,33071.0
09:51,451.97,452.16,451.91,452.09,28894.0
09:52,452.37,452.45,451.93,452.02,22300.0
09:53,452.52,452.75,452.22,452.36,36202.0
09:54,452.63,452.7,452.43,452.52,18519.0
09:55,452.46,452.74,452.34,452.63,30280.0
09:56,452.55,452.6,452.1,452.45,32610.0
09:57,452.5,452.62,452.22,452.61,36980.0
09:58,452.76,452.82,452.51,452.6,27888.0
09:59,453.0,453.19,452.76,452.76,56751.0
10:00,453.18,453.43,452.91,453.09,59541.0
10:01,453.23,453.61,453.21,453.24,81361.0
10:02,452.77,453.24,452.71,453.24,48593.0
10:03,452.54,452.82,452.43,452.77,32219.0
10:04,452.5,452.62,452.39,452.46,27014.0
10:05,452.94,453.0,452.51,452.52,32510.0
10:06,452.92,453.04,452.62,452.93,52520.0
10:07,453.23,453.28,452.78,452.91,34713.0
10:08,453.47,453.5,453.09,453.23,43137.0
10:09,453.12,453.5,453.04,453.42,38418.0
10:10,452.9,453.11,452.64,453.11,37774.0
10:11,452.83,453.05,452.6,452.73,33570.0
10:12,452.88,453.33,452.72,452.82,35923.0
10:13,452.98,453.07,452.67,452.84,30973.0
10:14,452.99,453.13,452.92,452.99,34490.0
10:15,453.26,453.26,452.93,453.05,37580.0
10:16,453.18,453.33,452.88,453.33,40533.0
10:17,453.22,453.27,453.0,453.18,18377.0
10:18,453.27,453.41,453.11,453.11,28468.0
10:19,453.34,453.45,452.95,453.29,30800.0
10:20,453.62,453.63,453.27,453.41,46782.0
10:21,453.97,454.15,453.54,453.58,88748.0
10:22,454.04,454.08,453.87,454.01,35285.0
10:23,454.2,454.23,453.95,454.04,58711.0
10:24,454.13,454.25,453.93,454.22,34152.0
10:25,454.08,454.2,453.8,454.18,50483.0
10:26,453.9,454.16,453.84,454.08,30147.0
10:27,453.82,454.07,453.71,453.9,39692.0
10:28,453.75,453.89,453.65,453.7,26142.0
10:29,453.64,453.8,453.6,453.8,36800.0
10:30,453.72,453.78,453.47,453.72,20878.0
10:31,453.31,453.69,453.31,453.69,26702.0
10:32,453.05,453.4,453.0,453.19,58334.0
10:33,453.04,453.19,452.9,453.11,42456.0
10:34,452.94,453.12,452.9,453.04,26609.0
10:35,452.89,453.15,452.8,452.92,29576.0
10:36,453.07,453.07,452.77,452.86,64978.0
10:37,453.11,453.21,452.92,453.1,33139.0
10:38,453.35,453.42,452.99,453.11,33252.0
10:39,453.5,453.72,453.43,453.45,25657.0
10:40,453.67,453.73,453.41,453.48,18930.0
10:41,453.23,453.77,453.23,453.68,23904.0
10:42,453.32,453.32,453.06,453.17,16547.0
10:43,453.14,453.48,453.11,453.27,27961.0
10:44,452.84,453.19,452.83,453.19,36086.0
10:45,452.93,453.0,452.73,452.84,45145.0
10:46,452.87,453.03,452.87,452.95,25618.0
10:47,453.14,453.24,452.94,452.95,27501.0
10:48,452.88,453.21,452.88,453.19,39358.0
10:49,452.53,453.03,452.53,452.93,26313.0
10:50,452.62,452.69,452.29,452.52,49251.0
10:51,452.99,453.04,452.63,452.67,46814.0
10:52,453.18,453.26,452.9,453.06,36875.0
10:53,453.02,453.2,452.95,453.2,26506.0
10:54,453.02,453.22,453.01,453.02,24987.0
10:55,453.13,453.24,452.92,453.02,24626.0
10:56,453.18,453.27,453.0,453.19,50239.0
10:57,453.26,453.3,453.1,453.13,25516.0
10:58,453.23,453.32,453.07,453.26,31928.0
10:59,453.14,453.23,452.92,453.21,32334.0
11:00,453.21,453.25,453.05,453.11,20281.0
11:01,453.15,453.25,453.01,453.12,57280.0
11:02,453.15,453.23,453.02,453.1,30100.0
11:03,453.64,453.66,453.18,453.27,50017.0
11:04,453.8,453.86,453.59,453.59,35301.0
11:05,453.83,454.12,453.79,453.82,52386.0
11:06,453.9,454.02,453.78,453.83,19182.0
11:07,453.95,454.08,453.85,453.86,28995.0
11:08,453.92,454.04,453.86,454.0,17773.0
11:09,454.02,454.07,453.96,453.96,16804.0
11:10,454.18,454.22,453.91,454.02,26126.0
11:11,454.16,454.32,454.14,454.19,39184.0
11:12,454.27,454.33,454.05,454.14,32892.0
11:13,454.46,454.46,454.24,454.26,24961.0
11:14,454.6,454.66,454.45,454.47,93646.0
11:15,454.66,454.8,454.33,454.58,65146.0
11:16,454.6,454.81,454.57,454.72,28660.0
11:17,454.68,454.88,454.61,454.7,33969.0
11:18,454.73,454.79,454.51,454.66,37974.0
11:19,454.73,454.81,454.58,454.75,36858.0
11:20,455.31,455.32,454.66,454.7,220128.0
11:21,455.37,455.48,455.2,455.22,70414.0
11:22,454.93,455.51,454.82,455.42,50818.0
11:23,454.77,454.93,454.6,454.93,31778.0
11:24,454.71,454.93,454.69,454.82,25671.0
11:25,454.68,454.92,454.66,454.78,25915.0
11:26,454.45,454.7,454.43,454.66,57840.0
11:27,454.82,454.82,454.41,454.43,36068.0
11:28,454.89,455.12,454.79,454.79,46705.0
11:29,454.93,454.97,454.61,454.84,20251.0
11:30,454.73,454.93,454.54,454.93,19818.0
11:31,454.46,454.81,454.43,454.7,19999.0
11:32,454.23,454.53,454.22,454.43,23971.0
11:33,454.55,454.58,454.28,454.28,27122.0
11:34,454.49,454.67,454.38,454.55,18750.0
11:35,454.56,454.63,454.38,454.43,17049.0
11:36,454.6,454.74,454.48,454.56,35171.0
11:37,454.83,454.83,454.52,454.62,18946.0
11:38,454.8,454.94,454.76,454.79,24642.0
11:39,454.86,454.89,454.77,454.85,14666.0
11:40,454.65,454.92,454.65,454.8,39638.0
11:41,454.51,454.72,454.45,454.72,36048.0
11:42,454.65,454.65,454.37,454.52,44795.0
11:43,454.91,454.97,454.57,454.65,18632.0
11:44,455.09,455.2,454.91,454.91,38986.0
11:45,455.31,455.39,455.14,455.17,42337.0
11:46,455.29,455.36,455.08,455.24,25174.0
11:47,455.38,455.46,455.28,455.34,30619.0
11:48,455.46,455.51,455.31,455.33,43056.0
11:49,455.4,455.5,455.32,455.5,36542.0
11:50,455.14,455.44,455.1,455.4,56047.0
11:51,455.3,455.51,455.16,455.16,70027.0
11:52,455.36,455.5,455.26,455.3,26997.0
11:53,455.2,455.47,455.12,455.36,21086.0
11:54,455.14,455.27,455.13,455.27,24076.0
11:55,455.2,455.28,455.1,455.2,22784.0
11:56,455.12,455.22,455.01,455.21,40521.0
11:57,455.18,455.2,455.03,455.03,15126.0
11:58,455.35,455.39,455.09,455.17,32035.0
11:59,455.35,455.41,455.32,455.38,26671.0
12:00,455.3,455.39,455.19,455.35,60980.0
12:01,455.03,455.39,455.01,455.33,28751.0
12:02,454.99,455.18,454.91,455.07,29799.0
12:03,455.28,455.28,454.93,454.93,31729.0
12:04,455.52,455.55,455.28,455.28,42585.0
12:05,455.71,455.77,455.5,455.54,59634.0
12:06,455.73,455.98,455.67,455.74,60812.0
12:07,455.6,455.88,455.6,455.73,32767.0
12:08,455.73,455.77,455.58,455.64,55283.0
12:09,455.89,455.94,455.6,455.74,60612.0
12:10,455.66,455.86,455.54,455.86,44229.0
12:11,455.46,455.71,455.41,455.69,23416.0
12:12,455.5,455.61,455.3,455.39,22920.0
12:13,455.57,455.67,455.4,455.45,28871.0
12:14,455.43,455.59,455.42,455.58,41307.0
12:15,455.58,455.62,455.44,455.46,28935.0
12:16,455.79,455.82,455.53,455.55,28839.0
12:17,455.41,455.82,455.41,455.8,28003.0
12:18,455.19,455.4,455.17,455.4,16023.0
12:19,455.38,455.42,455.15,455.22,17379.0
12:20,455.35,455.47,455.25,455.46,24629.0
12:21,455.16,455.31,455.06,455.3,13614.0
12:22,455.07,455.28,455.01,455.2,34359.0
12:23,455.08,455.15,455.03,455.07,15724.0
12:24,455.04,455.14,455.03,455.08,14373.0
12:25,454.92,455.07,454.92,455.03,19805.0
12:26,455.09,455.14,454.95,454.97,13340.0
12:27,455.02,455.13,454.98,455.08,22075.0
12:28,455.07,455.15,454.9,455.06,23082.0
12:29,455.26,455.35,455.1,455.1,19488.0
12:30,455.17,455.41,455.08,455.25,20485.0
12:31,455.19,455.27,455.09,455.21,16966.0
12:32,455.05,455.24,455.01,455.18,27896.0
12:33,455.01,455.08,454.96,455.01,17584.0
12:34,454.93,455.0,454.89,454.92,15163.0
12:35,454.9,454.96,454.84,454.92,14970.0
12:36,455.0,455.01,454.77,454.84,17508.0
12:37,455.04,455.11,454.98,455.07,23009.0
12:38,455.11,455.18,454.93,454.98,13076.0
12:39,455.24,455.37,455.11,455.11,20095.0
12:40,455.11,455.2,455.0,455.15,10047.0
12:41,454.91,455.1,454.85,455.07,21918.0
12:42,455.1,455.18,454.87,454.92,17936.0
12:43,455.1,455.12,455.05,455.12,9835.0
12:44,455.01,455.14,454.95,455.11,267442.0
12:45,455.08,455.11,454.98,455.05,13253.0
12:46,455.06,455.27,455.02,455.12,17936.0
12:47,455.27,455.27,455.08,455.08,13700.0
12:48,455.15,455.25,455.15,455.21,12645.0
12:49,455.23,455.25,455.14,455.23,260075.0
12:50,455.01,455.23,455.01,455.22,9317.0
12:51,454.95,455.05,454.93,455.0,12188.0
12:52,454.89,455.05,454.85,454.98,11597.0
12:53,454.92,455.01,454.88,454.88,12886.0
12:54,455.32,455.32,454.92,454.92,20814.0
12:55,455.45,455.51,455.28,455.3,254579.0
12:56,455.54,455.58,455.36,455.49,25789.0
12:57,455.59,455.68,455.46,455.55,38025.0
12:58,455.38,455.7,455.36,455.7,17001.0
12:59,455.58,455.67,455.47,455.47,21605.0
13:00,455.56,455.78,455.5,455.61,37117.0
13:01,455.49,455.71,455.44,455.64,25794.0
13:02,455.66,455.7,455.49,455.49,21632.0
13:03,455.63,455.71,455.44,455.66,25510.0
13:04,455.5,455.63,455.5,455.63,14451.0
13:05,455.54,455.6,455.47,455.52,14650.0
13:06,455.53,455.71,455.53,455.55,17873.0
13:07,455.32,455.6,455.31,455.6,16886.0
13:08,455.16,455.4,455.16,455.33,17868.0
13:09,455.14,455.3,455.11,455.21,13151.0
13:10,455.01,455.15,454.93,455.15,30474.0
13:11,454.8,455.01,454.75,455.01,25374.0
13:12,454.87,454.92,454.75,454.8,16847.0
13:13,454.96,455.01,454.85,454.89,29808.0
13:14,454.95,455.06,454.91,454.92,15080.0
13:15,454.98,455.07,454.94,454.95,16992.0
13:16,455.24,455.3,454.97,454.97,68225.0
13:17,455.19,455.36,455.19,455.28,24720.0
13:18,455.28,455.32,455.19,455.21,40942.0
13:19,455.27,455.36,455.15,455.29,37191.0
13:20,455.49,455.57,455.2,455.27,46007.0
13:21,455.75,455.75,455.56,455.57,29825.0
13:22,455.83,455.91,455.71,455.73,54586.0
13:23,455.84,455.91,455.78,455.82,17668.0
13:24,455.82,455.88,455.8,455.8,14225.0
13:25,455.77,455.86,455.68,455.79,18707.0
13:26,455.7,455.85,455.68,455.75,12761.0
13:27,455.97,455.97,455.69,455.7,13559.0
13:28,456.17,456.19,455.98,455.99,91561.0
13:29,456.03,456.18,455.98,456.14,34058.0
13:30,455.83,456.05,455.79,456.01,29206.0
13:31,455.82,455.91,455.81,455.82,18398.0
13:32,455.7,455.85,455.69,455.83,21293.0
13:33,455.59,455.76,455.55,455.7,18227.0
13:34,455.46,455.57,455.38,455.55,42734.0
13:35,455.4,455.48,455.19,455.48,27731.0
13:36,455.58,455.68,455.44,455.44,32799.0
13:37,455.2,455.58,455.1,455.58,73192.0
13:38,455.1,455.23,455.01,455.22,24789.0
13:39,454.86,455.11,454.76,455.11,49042.0
13:40,454.77,454.91,454.77,454.91,36211.0
13:41,454.83,454.95,454.72,454.84,41654.0
13:42,454.82,454.87,454.73,454.83,19052.0
13:43,454.92,454.94,454.75,454.82,30269.0
13:44,454.7,454.99,454.65,454.93,28504.0
13:45,454.6,454.78,454.57,454.75,18668.0
13:46,454.65,454.72,454.5,454.58,28610.0
13:47,454.46,454.69,454.46,454.67,25559.0
13:48,454.24,454.49,454.2,454.45,34195.0
13:49,454.03,454.29,454.03,454.23,45358.0
13:50,454.4,454.41,453.97,454.1,29431.0
13:51,454.52,454.61,454.39,454.43,20556.0
13:52,454.46,454.61,454.35,454.52,34063.0
13:53,454.37,454.52,454.27,454.42,12757.0
13:54,454.35,454.35,454.23,454.3,15363.0
13:55,454.2,454.38,454.15,454.3,25581.0
13:56,454.22,454.3,454.12,454.21,15299.0
13:57,454.28,454.34,454.13,454.28,16678.0
13:58,454.19,454.35,454.19,454.32,34873.0
13:59,454.31,454.4,454.08,454.19,45190.0
14:00,453.99,454.36,453.92,454.33,23871.0
14:01,453.86,453.95,453.75,453.9,20067.0
14:02,453.82,454.08,453.8,453.94,21574.0
14:03,453.82,453.86,453.62,453.81,22344.0
14:04,453.67,453.88,453.58,453.77,33541.0
14:05,453.73,453.8,453.66,453.68,25736.0
14:06,453.59,453.67,453.43,453.6,35352.0
14:07,454.03,454.03,453.53,453.58,41180.0
14:08,453.74,454.08,453.63,454.01,18224.0
14:09,453.67,453.91,453.63,453.77,14172.0
14:10,453.51,453.7,453.46,453.65,26910.0
14:11,453.62,453.76,453.47,453.47,39073.0
14:12,453.65,453.7,453.5,453.58,19794.0
14:13,453.58,453.7,453.44,453.65,24945.0
14:14,453.4,453.55,453.3,453.47,33241.0
14:15,453.39,453.45,453.14,453.39,26881.0
14:16,453.14,453.45,453.02,453.39,50050.0
14:17,453.18,453.18,452.91,453.11,37818.0
14:18,453.18,453.21,453.02,453.17,17626.0
14:19,452.89,453.3,452.86,453.17,30570.0
14:20,452.81,452.89,452.76,452.89,19597.0
14:21,453.1,453.18,452.69,452.81,26277.0
14:22,452.94,453.14,452.84,453.1,22414.0
14:23,452.92,452.98,452.77,452.94,33422.0
14:24,453.01,453.08,452.81,452.95,20459.0
14:25,453.15,453.25,452.9,452.98,24524.0
14:26,453.45,453.52,453.19,453.25,35376.0
14:27,453.45,453.55,453.28,453.49,29639.0
14:28,453.54,453.64,453.42,453.46,24353.0
14:29,453.6,453.6,453.41,453.51,28905.0
14:30,453.85,453.89,453.54,453.54,33576.0
14:31,454.09,454.1,453.77,453.85,21922.0
14:32,454.12,454.16,454.0,454.11,17365.0
14:33,453.85,454.14,453.78,454.05,17756.0
14:34,453.94,453.96,453.75,453.76,20442.0
14:35,454.04,454.04,453.87,453.87,23796.0
14:36,453.96,454.1,453.92,453.96,28111.0
14:37,453.85,453.93,453.76,453.93,28257.0
14:38,453.88,453.95,453.72,453.89,22549.0
14:39,454.01,454.01,453.74,453.9,16362.0
14:40,454.08,454.14,453.93,454.01,27006.0
14:41,454.06,454.21,454.04,454.09,28682.0
14:42,453.94,454.04,453.74,454.04,17616.0
14:43,453.79,453.92,453.73,453.92,18556.0
14:44,453.64,453.76,453.57,453.7,23588.0
14:45,453.39,453.62,453.34,453.62,33797.0
14:46,453.5,453.53,453.37,453.38,22404.0
14:47,453.21,453.59,453.2,453.53,17402.0
14:48,453.08,453.19,453.06,453.19,19225.0
14:49,453.21,453.26,453.04,453.11,32560.0
14:50,453.26,453.32,453.08,453.16,18558.0
14:51,453.18,453.27,453.06,453.25,18362.0
14:52,453.25,453.31,453.13,453.22,15711.0
14:53,453.12,453.26,453.03,453.25,20551.0
14:54,453.12,453.15,452.93,453.11,19278.0
14:55,453.03,453.13,452.96,453.09,21632.0
14:56,452.93,453.17,452.92,453.03,25839.0
14:57,453.26,453.32,452.98,452.98,16363.0
14:58,453.16,453.36,453.12,453.33,14298.0
14:59,453.07,453.16,453.02,453.14,20296.0
15:00,453.23,453.24,452.95,453.08,24556.0
15:01,453.22,453.35,453.17,453.21,16338.0
15:02,453.27,453.34,453.17,453.21,11707.0
15:03,453.3,453.33,453.22,453.22,21308.0
15:04,453.26,453.29,453.15,453.26,19099.0
15:05,453.23,453.3,453.15,453.23,22820.0
15:06,453.29,453.41,453.14,453.24,31639.0
15:07,452.95,453.26,452.95,453.2,24905.0
15:08,452.97,452.98,452.71,452.98,31635.0
15:09,452.81,453.0,452.71,452.93,21975.0
15:10,452.89,452.89,452.6,452.76,31885.0
15:11,452.71,452.83,452.68,452.72,19428.0
15:12,452.31,452.76,452.31,452.66,42341.0
15:13,452.39,452.5,452.31,452.36,42672.0
15:14,452.3,452.5,452.22,452.44,23864.0
15:15,452.34,452.42,452.24,452.3,31596.0
15:16,452.69,452.71,452.32,452.32,32197.0
15:17,452.66,452.85,452.61,452.69,22257.0
15:18,452.41,452.65,452.36,452.52,41822.0
15:19,452.39,452.54,452.2,452.45,33451.0
15:20,452.27,452.38,452.1,452.38,28437.0
15:21,452.25,452.37,452.15,452.27,34200.0
15:22,452.17,452.24,452.0,452.2,37361.0
15:23,451.86,452.18,451.82,452.17,43452.0
15:24,451.86,452.08,451.82,451.82,36904.0
15:25,451.57,451.87,451.54,451.87,32511.0
15:26,451.39,451.59,451.09,451.52,42914.0
15:27,451.6,451.63,451.31,451.39,37803.0
15:28,451.39,451.7,451.38,451.53,26053.0
15:29,451.36,451.42,451.2,451.37,25781.0
15:30,451.79,451.84,451.41,451.41,36428.0
15:31,452.02,452.1,451.68,451.77,23267.0
15:32,452.0,452.15,451.93,451.99,22400.0
15:33,452.12,452.24,452.0,452.02,37350.0
15:34,452.08,452.2,452.07,452.09,16470.0
15:35,452.11,452.22,451.93,452.14,35470.0
15:36,451.98,452.24,451.98,452.15,25906.0
15:37,451.83,451.98,451.8,451.93,23685.0
15:38,451.75,451.9,451.62,451.82,25287.0
15:39,451.86,451.95,451.69,451.8,23824.0
15:40,452.14,452.15,451.8,451.8,25951.0
15:41,452.2,452.33,452.11,452.14,27294.0
15:42,451.95,452.23,451.95,452.23,31314.0
15:43,452.05,452.07,451.91,451.91,28574.0
15:44,451.99,452.11,451.87,452.05,42258.0
15:45,451.82,452.07,451.67,452.05,34202.0
15:46,452.0,452.05,451.82,451.82,26251.0
15:47,452.05,452.08,451.91,451.99,68943.0
15:48,452.21,452.27,452.0,452.0,24272.0
15:49,452.08,452.22,452.04,452.2,30745.0
15:50,453.01,453.67,452.11,452.14,155647.0
15:51,452.76,453.06,452.66,453.03,78573.0
15:52,452.79,452.8,452.53,452.76,62773.0
15:53,452.86,452.98,452.77,452.81,166214.0
15:54,452.44,452.84,452.23,452.82,139881.0
15:55,452.57,453.14,452.36,452.45,213416.0
15:56,452.73,452.84,452.31,452.62,127516.0
15:57,452.53,452.82,452.44,452.75,269074.0
15:58,452.43,452.61,452.33,452.49,276861.0
15:59,453.05,453.13,452.18,452.45,832172.0
