Time,Close,High,Low,Open,Volume
09:30,444.93,446.04,444.74,444.93,1349579.0
09:31,444.23,445.65,444.04,444.82,134570.0
09:32,443.99,444.4,443.27,444.19,131604.0
09:33,443.04,444.1,442.82,443.96,126664.0
09:34,442.36,443.25,442.09,443.05,140682.0
09:35,442.52,442.59,441.92,442.36,111289.0
09:36,440.8,442.66,440.8,442.44,111949.0
09:37,441.17,441.24,440.56,440.8,153797.0
09:38,441.48,441.82,441.0,441.08,138238.0
09:39,442.17,442.24,441.34,441.56,88449.0
09:40,442.07,442.47,441.76,442.22,129142.0
09:41,441.86,442.2,441.65,442.08,111250.0
09:42,441.6,441.92,441.44,441.75,116099.0
09:43,441.86,442.22,441.5,441.62,58512.0
09:44,441.58,441.89,441.31,441.78,53906.0
09:45,441.67,442.08,441.5,441.59,81327.0
09:46,441.11,441.81,441.03,441.7,141644.0
09:47,441.17,441.46,440.86,441.16,104702.0
09:48,441.46,441.65,441.0,441.17,84320.0
09:49,441.54,441.88,441.4,441.46,137846.0
09:50,441.23,441.84,441.09,441.54,77842.0
09:51,441.07,441.31,440.91,441.23,90147.0
09:52,440.55,441.1,440.41,441.07,145312.0
09:53,440.88,440.98,440.56,440.59,77680.0
09:54,441.52,441.91,440.94,440.95,244752.0
09:55,440.64,441.67,440.18,441.45,124067.0
09:56,440.88,441.05,440.61,440.67,39209.0
09:57,441.42,441.55,440.88,440.88,109399.0
09:58,440.95,441.5,440.84,441.41,54645.0
09:59,441.08,441.16,440.67,440.99,72132.0
10:00,440.68,441.24,440.51,441.1,79518.0
10:01,440.58,440.72,440.3,440.65,50596.0
10:02,440.31,440.63,439.78,440.58,123684.0
10:03,440.18,440.5,440.02,440.24,56565.0
10:04,440.94,440.94,440.17,440.17,44912.0
10:05,441.45,441.69,440.87,440.88,96056.0
10:06,441.33,441.45,441.08,441.45,56128.0
10:07,441.88,442.27,441.24,441.33,145550.0
10:08,441.78,441.99,441.67,441.85,54220.0
10:09,442.13,442.28,441.62,441.85,60408.0
10:10,442.94,442.94,442.58,442.64,62664.0
10:11,442.76,443.25,442.69,442.94,89859.0
10:12,443.18,443.3,442.7,442.82,63163.0
10:13,443.83,443.83,443.2,443.21,60779.0
10:14,444.0,444.13,443.73,443.79,86179.0
10:15,443.83,444.3,443.72,444.0,51520.0
10:16,443.67,444.16,443.6,443.95,61669.0
10:17,443.79,443.87,443.5,443.61,55522.0
10:18,444.05,444.24,443.71,443.84,61727.0
10:19,443.32,444.08,443.22,444.0,38514.0
10:20,442.95,443.46,442.9,443.32,48100.0
10:21,443.45,443.64,442.9,442.91,40564.0
10:22,444.05,444.13,443.5,443.51,41335.0
10:23,444.17,444.36,443.93,444.23,45425.0
10:24,444.33,444.44,444.17,444.2,35350.0
10:25,444.41,444.45,444.03,444.38,54093.0
10:26,444.04,444.62,443.97,444.42,80661.0
10:27,443.85,444.12,443.68,444.01,68358.0
10:28,443.71,443.86,443.42,443.83,43587.0
10:29,443.93,443.94,443.5,443.76,32323.0
10:30,443.5,443.97,443.32,443.94,57061.0
10:31,443.41,443.59,443.17,443.49,99131.0
10:32,443.8,443.8,443.13,443.43,72833.0
10:33,443.61,443.9,443.6,443.86,37528.0
10:34,443.2,443.6,443.19,443.57,47170.0
10:35,443.18,443.33,443.03,443.2,24497.0
10:36,443.12,443.6,442.93,443.12,45059.0
10:37,442.9,443.25,442.76,442.91,62462.0
10:38,442.67,442.9,442.59,442.7,79865.0
10:39,442.7,442.95,442.64,442.72,27643.0
10:40,443.09,443.11,442.67,442.68,40281.0
10:41,443.11,443.24,443.04,443.08,32983.0
10:42,443.28,443.48,443.1,443.13,35186.0
10:43,443.25,443.45,443.25,443.35,21880.0
10:44,443.4,443.46,443.14,443.3,28047.0
10:45,443.56,443.64,443.27,443.39,47025.0
10:46,444.0,444.0,443.58,443.58,41590.0
10:47,443.7,444.02,443.65,444.02,38788.0
10:48,443.95,444.18,443.69,443.69,49312.0
10:49,443.84,444.19,443.72,443.88,39082.0
10:50,443.71,443.95,443.7,443.81,17903.0
10:51,443.9,443.95,443.51,443.67,14974.0
10:52,443.89,444.0,443.78,443.88,22861.0
10:53,444.24,444.28,443.8,443.85,29551.0
10:54,444.35,444.42,444.2,444.23,29067.0
10:55,444.05,444.41,444.03,444.36,25413.0
10:56,444.3,444.34,443.89,444.06,31849.0
10:57,444.05,444.23,444.05,444.23,30808.0
10:58,443.85,444.1,443.79,444.02,18891.0
10:59,443.83,444.0,443.78,443.84,18889.0
11:00,443.85,443.97,443.77,443.88,26130.0
11:01,443.98,444.17,443.92,443.95,17992.0
11:02,444.17,444.29,443.92,444.04,39470.0
11:03,444.17,444.36,444.13,444.2,35551.0
11:04,444.18,444.33,443.99,444.09,25943.0
11:05,444.02,444.24,444.01,444.15,19634.0
11:06,443.56,444.04,443.35,444.03,52548.0
11:07,443.44,443.89,443.43,443.51,20140.0
11:08,443.52,443.53,443.28,443.43,13373.0
11:09,443.59,443.6,443.18,443.44,16665.0
11:10,443.65,443.65,443.36,443.51,23037.0
11:11,443.53,443.7,443.49,443.65,20502.0
11:12,443.39,443.58,443.23,443.48,25660.0
11:13,443.6,443.61,443.37,443.39,28961.0
11:14,443.4,443.63,443.36,443.58,25075.0
11:15,443.27,443.46,443.21,443.39,19345.0
11:16,442.89,443.23,442.89,443.21,21123.0
11:17,443.14,443.22,442.87,442.93,17987.0
11:18,443.12,443.22,443.05,443.09,15755.0
11:19,443.08,443.22,443.01,443.18,19265.0
11:20,442.95,443.03,442.92,442.96,16278.0
11:21,442.9,443.16,442.89,442.93,145926.0
11:22,442.57,442.89,442.57,442.89,17765.0
11:23,442.63,442.66,442.46,442.57,25627.0
11:24,442.81,442.88,442.55,442.63,25244.0
11:25,442.95,443.03,442.83,442.84,25058.0
11:26,443.32,443.35,442.98,442.98,16506.0
11:27,443.3,443.41,443.2,443.33,39497.0
11:28,443.49,443.63,443.31,443.33,25273.0
11:29,443.74,443.77,443.48,443.49,19153.0
11:30,443.85,443.86,443.61,443.76,24596.0
11:31,443.82,443.94,443.76,443.82,23045.0
11:32,443.83,443.93,443.75,443.8,14539.0
11:33,443.71,443.88,443.7,443.8,20331.0
11:34,443.73,443.86,443.69,443.72,14604.0
11:35,443.9,443.99,443.76,443.76,19256.0
11:36,443.98,444.08,443.88,443.91,37446.0
11:37,443.94,444.15,443.94,443.99,18871.0
11:38,443.8,444.0,443.8,443.99,14484.0
11:39,443.4,443.83,443.29,443.82,19920.0
11:40,443.33,443.44,443.27,443.42,24501.0
11:41,443.19,443.33,443.14,443.33,14031.0
11:42,443.2,443.29,443.11,443.16,13215.0
11:43,443.21,443.47,443.2,443.21,18658.0
11:44,443.36,443.51,443.21,443.21,28632.0
11:45,443.33,443.38,443.15,443.27,17135.0
11:46,443.6,443.65,443.33,443.33,47033.0
11:47,443.8,443.93,443.62,443.65,59433.0
11:48,443.61,443.95,443.61,443.79,24248.0
11:49,443.38,443.71,443.38,443.71,14666.0
11:50,443.47,443.55,443.33,443.4,12033.0
11:51,442.96,443.41,442.92,443.41,23597.0
11:52,443.1,443.33,442.99,443.01,15334.0
11:53,442.94,443.12,442.92,443.04,33652.0
11:54,443.26,443.26,442.89,442.94,23860.0
11:55,443.48,443.59,443.24,443.24,24958.0
11:56,443.45,443.49,443.38,443.44,13119.0
11:57,443.24,443.45,443.13,443.42,19944.0
11:58,443.51,443.56,443.23,443.33,31549.0
11:59,443.35,443.59,443.3,443.57,35636.0
12:00,443.15,443.38,442.94,443.35,29656.0
12:01,443.14,443.18,442.98,443.09,11726.0
12:02,442.94,443.11,442.84,443.11,15334.0
12:03,442.85,442.99,442.73,442.95,10338.0
12:04,442.86,442.96,442.83,442.84,12768.0
12:05,443.07,443.23,442.87,442.93,18063.0
12:06,443.28,443.28,443.02,443.04,16507.0
12:07,443.11,443.2,443.04,443.2,10385.0
12:08,443.1,443.19,442.98,443.13,32004.0
12:09,443.41,443.41,443.0,443.04,35943.0
12:10,443.43,443.56,443.35,443.42,37239.0
12:11,443.21,443.45,443.1,443.41,14925.0
12:12,443.3,443.4,443.15,443.25,20341.0
12:13,443.47,443.51,443.27,443.29,18120.0
12:14,443.57,443.59,443.39,443.52,17751.0
12:15,443.41,443.56,443.3,443.55,15922.0
12:16,443.43,443.44,443.29,443.41,12772.0
12:17,443.5,443.52,443.38,443.4,10909.0
12:18,443.64,443.79,443.5,443.51,24903.0
12:19,443.44,443.58,443.19,443.58,40635.0
12:20,443.9,443.94,443.45,443.47,24470.0
12:21,443.94,443.94,443.79,443.89,14097.0
12:22,444.1,444.1,443.84,443.91,27451.0
12:23,444.1,444.17,444.02,444.09,26906.0
12:24,444.3,444.3,444.1,444.1,36552.0
12:25,444.16,444.3,444.11,444.26,16034.0
12:26,444.09,444.15,444.01,444.14,8623.0
12:27,444.08,444.15,444.0,444.12,29127.0
12:28,444.09,444.18,444.0,444.0,11364.0
12:29,444.0,444.14,443.99,444.11,14656.0
12:30,443.81,443.81,443.81,443.81,13424.0
12:31,444.06,444.1,443.87,443.9,14948.0
12:32,444.12,444.21,444.0,444.05,12266.0
12:33,444.17,444.27,444.15,444.18,15910.0
12:34,444.3,444.4,444.17,444.2,29857.0
12:35,444.39,444.41,444.3,444.3,20601.0
12:36,444.17,444.39,444.11,444.39,23653.0
12:37,444.19,444.27,444.12,444.12,8367.0
12:38,444.21,444.39,444.19,444.2,31296.0
12:39,444.04,444.21,444.01,444.18,23878.0
12:40,444.31,444.36,444.0,444.02,31150.0
12:41,444.36,444.53,444.27,444.27,47365.0
12:42,444.39,444.43,444.26,444.36,27429.0
12:43,444.46,444.46,444.22,444.39,34040.0
12:44,444.56,444.65,444.42,444.46,49926.0
12:45,444.73,444.75,444.58,444.62,14891.0
12:46,445.25,445.32,444.7,444.7,118981.0
12:47,445.43,445.47,445.22,445.29,18606.0
12:48,445.41,445.47,445.32,445.43,14651.0
12:49,445.36,445.47,445.32,445.42,26316.0
12:50,445.45,445.51,445.37,445.4,17338.0
12:51,445.27,445.39,445.17,445.39,22045.0
12:52,445.38,445.68,445.27,445.27,28598.0
12:53,445.43,445.51,445.38,445.39,20240.0
12:54,445.39,445.42,445.32,445.35,15094.0
12:55,445.31,445.44,445.21,445.41,34863.0
12:56,445.36,445.36,445.1,445.33,33414.0
12:57,445.62,445.62,445.37,445.37,33412.0
12:58,445.67,445.7,445.5,445.63,26752.0
12:59,445.67,445.82,445.63,445.67,19032.0
13:00,445.73,445.8,445.58,445.67,18795.0
13:01,445.57,445.78,445.51,445.78,28357.0
13:02,445.62,445.78,445.5,445.65,18873.0
13:03,445.88,445.9,445.64,445.65,16593.0
13:04,446.11,446.13,445.87,445.9,95180.0
13:05,446.05,446.27,446.01,446.11,49658.0
13:06,446.08,446.14,446.03,446.07,25363.0
13:07,446.58,446.64,446.1,446.1,66545.0
13:08,446.77,446.87,446.54,446.54,35500.0
13:09,446.79,446.89,446.74,446.78,35735.0
13:10,446.8,447.0,446.6,446.79,56158.0
13:11,447.06,447.14,446.68,446.78,75466.0
13:12,446.84,447.08,446.72,447.08,21176.0
13:13,446.65,446.89,446.65,446.85,33113.0
13:14,446.83,446.89,446.61,446.68,15287.0
13:15,446.81,446.89,446.73,446.88,18932.0
13:16,446.8,446.86,446.77,446.81,21093.0
13:17,446.9,446.92,446.79,446.79,18650.0
13:18,446.9,446.93,446.76,446.87,20976.0
13:19,446.73,446.94,446.7,446.89,13334.0
13:20,446.5,446.79,446.5,446.75,37256.0
13:21,446.64,446.72,446.52,446.52,15033.0
13:22,446.55,446.69,446.43,446.65,18368.0
13:23,446.26,446.54,446.26,446.54,9854.0
13:24,446.35,446.39,446.21,446.26,14705.0
13:25,446.36,446.42,446.3,446.35,24834.0
13:26,446.25,446.34,446.21,446.3,13714.0
13:27,446.42,446.42,446.24,446.25,17716.0
13:28,446.56,446.63,446.4,446.43,23114.0
13:29,446.32,446.64,446.28,446.62,15504.0
13:30,446.49,446.51,446.33,446.33,14930.0
13:31,446.68,446.7,446.49,446.5,19635.0
13:32,446.68,446.88,446.68,446.71,26493.0
13:33,446.54,446.71,446.68,446.68,29118.0
13:34,446.57,446.61,446.51,446.54,31743.0
13:35,446.44,446.58,446.44,446.58,12214.0
13:36,446.45,446.54,446.41,446.42,9192.0
13:37,446.7,446.7,446.41,446.43,21220.0
13:38,446.8,446.82,446.7,446.73,26557.0
13:39,446.81,446.85,446.77,446.82,18388.0
13:40,446.73,446.81,446.64,446.81,14795.0
13:41,446.67,446.77,446.67,446.74,12759.0
13:42,446.68,446.78,446.58,446.58,8632.0
13:43,446.58,446.77,446.58,446.69,14218.0
13:44,446.52,446.6,446.44,446.56,22223.0
13:45,446.71,446.79,446.53,446.53,22553.0
13:46,446.91,446.97,446.74,446.81,29094.0
13:47,446.88,446.99,446.85,446.91,13893.0
13:48,446.9,446.9,446.81,446.88,16051.0
13:49,446.7,446.89,446.68,446.89,14185.0
13:50,446.89,446.98,446.68,446.71,20986.0
13:51,446.88,447.0,446.88,446.93,23341.0
13:52,446.98,446.98,446.84,446.86,8744.0
13:53,446.99,447.01,446.89,446.99,20059.0
13:54,447.29,447.34,447.01,447.01,28236.0
13:55,447.32,447.34,447.23,447.29,20088.0
13:56,447.22,447.3,447.18,447.29,19810.0
13:57,447.08,447.17,447.05,447.15,33912.0
13:58,447.13,447.16,447.05,447.05,25323.0
13:59,446.99,447.15,446.93,447.13,19284.0
14:00,447.0,447.09,446.96,446.96,24151.0
14:01,447.14,447.17,447.05,447.08,14521.0
14:02,446.99,447.15,446.99,447.15,28427.0
14:03,447.1,447.11,446.96,446.99,14894.0
14:04,446.98,447.12,446.95,447.11,13922.0
14:05,446.89,447.01,446.75,446.98,19488.0
14:06,446.65,446.95,446.65,446.93,25311.0
14:07,446.64,446.7,446.45,446.68,23079.0
14:08,446.69,446.79,446.65,446.67,16706.0
14:09,446.56,446.78,446.54,446.72,35102.0
14:10,446.42,446.77,446.42,446.77,53497.0
14:11,446.45,446.51,446.36,446.44,16955.0
14:12,446.63,446.75,446.39,446.44,14513.0
14:13,446.65,446.78,446.61,446.69,15748.0
14:14,446.92,446.92,446.64,446.71,19434.0
14:15,447.11,447.11,446.88,446.89,22602.0
14:16,446.98,447.18,446.96,447.05,11751.0
14:17,447.13,447.13,446.9,446.95,12637.0
14:18,447.25,447.34,447.11,447.13,27891.0
14:19,447.43,447.45,447.2,447.24,29238.0
14:20,447.66,447.71,447.41,447.41,47054.0
14:21,447.51,447.69,447.48,447.67,20529.0
14:22,447.53,447.65,447.52,447.53,47221.0
14:23,447.53,447.53,447.43,447.48,50019.0
14:24,447.58,447.61,447.49,447.54,20247.0
14:25,447.68,447.73,447.56,447.63,31095.0
14:26,447.8,447.83,447.65,447.65,24554.0
14:27,447.83,447.99,447.76,447.81,66028.0
14:28,447.91,447.91,447.61,447.77,41945.0
14:29,447.9,448.09,447.85,447.92,72750.0
14:30,447.99,448.05,447.91,447.92,10633.0
14:31,448.1,448.18,448.05,448.09,50987.0
14:32,448.08,448.15,448.01,448.15,28910.0
14:33,448.17,448.18,448.03,448.08,25585.0
14:34,448.15,448.22,447.96,448.18,44428.0
14:35,448.03,448.18,447.99,448.13,78034.0
14:36,448.24,448.25,448.0,448.02,20761.0
14:37,448.33,448.41,448.22,448.22,65053.0
14:38,448.21,448.35,448.1,448.32,18456.0
14:39,448.16,448.21,448.11,448.21,11898.0
14:40,448.24,448.3,448.14,448.15,18916.0
14:41,448.28,448.3,448.12,448.27,17161.0
14:42,448.15,448.29,448.15,448.28,19202.0
14:43,447.97,448.2,447.97,448.15,24133.0
14:44,447.83,447.96,447.76,447.94,27400.0
14:45,447.92,447.92,447.69,447.82,25585.0
14:46,447.93,448.0,447.87,447.87,24526.0
14:47,447.86,448.03,447.85,447.96,16180.0
14:48,447.77,447.92,447.71,447.87,15226.0
14:49,447.55,447.77,447.5,447.76,18365.0
14:50,447.45,447.58,447.3,447.52,28024.0
14:51,447.39,447.62,447.33,447.46,21609.0
14:52,447.25,447.39,447.21,447.37,17001.0
14:53,447.41,447.45,447.22,447.22,23855.0
14:54,447.27,447.41,447.24,447.39,17035.0
14:55,447.26,447.32,447.15,447.25,15288.0
14:56,447.27,447.41,447.14,447.26,25320.0
14:57,447.41,447.41,447.27,447.31,24884.0
14:58,447.25,447.41,447.19,447.41,14058.0
14:59,447.2,447.35,447.15,447.3,24873.0
15:00,447.04,447.23,446.96,447.23,29436.0
15:01,447.13,447.25,447.06,447.07,18898.0
15:02,447.05,447.17,447.05,447.13,14633.0
15:03,447.21,447.3,447.11,447.13,39515.0
15:04,447.32,447.33,447.14,447.22,23684.0
15:05,447.24,447.35,447.17,447.3,17248.0
15:06,447.35,447.47,447.27,447.27,17810.0
15:07,447.27,447.44,447.25,447.33,21734.0
15:08,447.19,447.32,447.15,447.24,23795.0
15:09,447.19,447.32,447.19,447.21,19387.0
15:10,447.15,447.24,447.09,447.18,22301.0
15:11,447.1,447.14,447.01,447.12,23839.0
15:12,447.06,447.12,447.02,447.11,14419.0
15:13,447.22,447.22,447.06,447.13,28166.0
15:14,447.12,447.24,447.06,447.18,37399.0
15:15,447.32,447.33,447.04,447.12,36239.0
15:16,447.62,447.67,447.31,447.31,49771.0
15:17,447.71,447.74,447.58,447.61,27971.0
15:18,447.64,447.73,447.61,447.68,20084.0
15:19,447.52,447.67,447.48,447.67,21463.0
15:20,447.3,447.59,447.3,447.55,26800.0
15:21,447.27,447.36,447.24,447.3,18809.0
15:22,447.32,447.35,447.24,447.27,21961.0
15:23,447.26,447.33,447.13,447.32,21666.0
15:24,447.04,447.31,447.0,447.26,18618.0
15:25,446.99,447.09,446.92,447.07,22676.0
15:26,446.87,446.92,446.87,446.9,16225.0
15:27,446.96,446.99,446.67,446.85,30591.0
15:28,446.96,447.07,446.87,446.87,28754.0
15:29,447.0,447.06,446.91,446.97,29424.0
15:30,447.1,447.18,446.93,447.02,24206.0
15:31,447.22,447.25,447.07,447.08,29746.0
15:32,447.35,447.4,447.09,447.19,45566.0
15:33,447.42,447.44,447.24,447.34,22824.0
15:34,447.3,447.35,447.23,447.34,21909.0
15:35,447.09,447.33,447.08,447.26,28483.0
15:36,447.18,447.3,446.92,447.03,59617.0
15:37,447.22,447.28,447.14,447.18,26933.0
15:38,447.14,447.3,447.11,447.22,47482.0
15:39,446.94,447.13,446.87,447.12,27022.0
15:40,446.63,446.94,446.63,446.94,24740.0
15:41,446.62,446.83,446.58,446.64,39441.0
15:42,447.04,447.04,446.64,446.66,28868.0
15:43,446.9,447.01,446.79,446.99,29253.0
15:44,446.82,447.02,446.82,446.87,34908.0
15:45,446.26,446.91,446.23,446.85,58996.0
15:46,446.49,446.49,445.85,446.29,101851.0
15:47,446.48,446.53,446.34,446.5,35142.0
15:48,446.76,446.78,446.43,446.48,38630.0
15:49,446.89,446.98,446.74,446.77,186979.0
15:50,447.64,447.7,446.97,446.97,113630.0
15:51,447.61,447.67,447.42,447.67,78085.0
15:52,447.63,447.85,447.52,447.59,92854.0
15:53,447.83,447.95,447.46,447.65,99632.0
15:54,448.15,448.4,447.86,447.9,246299.0
15:55,448.3,448.75,447.93,448.11,256517.0
15:56,448.17,448.4,448.05,448.32,143341.0
15:57,448.5,448.64,448.16,448.24,191254.0
15:58,448.77,448.88,448.42,448.52,212968.0
15:59,449.16,449.3,448.56,448.76,776702.0
