Time,Close,High,Low,Open,Volume
09:30,235.63,235.63,234.73,235.0,138780.0
09:31,235.75,236.18,235.39,235.39,13156.0
09:32,236.49,236.58,235.85,236.04,14173.0
09:33,236.21,236.45,236.05,236.15,10959.0
09:34,236.38,236.42,236.01,236.13,12817.0
09:35,236.48,236.57,236.2,236.2,7891.0
09:36,236.02,236.54,236.0,236.52,10571.0
09:37,236.2,236.26,236.02,236.02,18249.0
09:38,236.27,236.46,236.09,236.16,23811.0
09:39,236.56,236.65,236.35,236.37,13629.0
09:40,236.53,236.63,236.31,236.54,9327.0
09:41,236.32,236.58,236.31,236.54,19240.0
09:42,236.45,236.56,236.31,236.35,15501.0
09:43,236.48,236.66,236.48,236.49,10644.0
09:44,236.49,236.55,236.33,236.46,6255.0
09:45,236.17,236.49,236.13,236.49,15015.0
09:46,236.15,236.36,236.12,236.17,12707.0
09:47,236.15,236.28,236.01,236.15,8667.0
09:48,235.83,236.36,235.83,236.04,10865.0
09:49,235.99,236.21,235.77,235.91,13658.0
09:50,236.11,236.11,235.95,235.95,12757.0
09:51,236.29,236.29,236.19,236.22,5017.0
09:52,235.89,236.29,235.85,236.22,6889.0
09:53,236.34,236.34,235.75,235.85,13683.0
09:54,236.35,236.36,236.21,236.24,3970.0
09:55,236.65,236.74,236.38,236.43,9308.0
09:56,236.51,236.65,236.34,236.62,6245.0
09:57,236.63,236.63,236.47,236.48,4753.0
09:58,236.51,236.6,236.45,236.6,8412.0
09:59,236.52,236.66,236.44,236.51,8307.0
10:00,236.77,236.79,236.48,236.48,12457.0
10:01,236.71,236.9,236.64,236.86,11886.0
10:02,236.75,236.82,236.68,236.68,7950.0
10:03,236.58,236.79,236.58,236.75,6645.0
10:04,236.47,236.63,236.4,236.58,10947.0
10:05,236.55,236.58,236.38,236.52,8520.0
10:06,236.52,236.58,236.39,236.58,4514.0
10:07,236.29,236.6,236.28,236.54,10035.0
10:08,236.29,236.4,236.19,236.3,7341.0
10:09,236.12,236.36,236.08,236.29,14529.0
10:10,236.33,236.41,236.09,236.12,8126.0
10:11,235.89,236.27,235.89,236.27,6010.0
10:12,236.0,236.0,235.83,235.96,7500.0
10:13,235.85,235.91,235.77,235.85,5755.0
10:14,235.75,235.93,235.75,235.84,5688.0
10:15,235.67,235.79,235.66,235.79,8144.0
10:16,235.85,235.95,235.7,235.74,5655.0
10:17,236.07,236.11,235.9,235.9,64879.0
10:18,235.96,236.14,235.96,236.07,6974.0
10:19,235.89,236.17,235.74,236.08,12708.0
10:20,235.93,236.11,235.86,235.89,9912.0
10:21,236.12,236.14,235.87,235.93,18571.0
10:22,236.3,236.3,236.1,236.1,6958.0
10:23,236.26,236.42,236.24,236.3,11453.0
10:24,236.24,236.32,236.12,236.22,5994.0
10:25,236.29,236.43,236.16,236.34,11095.0
10:26,236.15,236.34,236.15,236.25,3988.0
10:27,236.15,236.23,236.07,236.14,7419.0
10:28,236.19,236.21,236.05,236.05,6922.0
10:29,236.18,236.22,236.1,236.17,17841.0
10:30,236.16,236.24,236.06,236.18,8999.0
10:31,236.43,236.43,236.2,236.21,5951.0
10:32,236.42,236.46,236.3,236.43,11084.0
10:33,236.4,236.55,236.39,236.39,9344.0
10:34,236.43,236.5,236.38,236.46,14527.0
10:35,236.47,236.57,236.4,236.46,6743.0
10:36,236.27,236.42,236.16,236.42,27567.0
10:37,236.23,236.34,236.22,236.24,9162.0
10:38,236.45,236.46,236.24,236.29,10581.0
10:39,236.17,236.46,236.17,236.46,8637.0
10:40,236.33,236.38,236.18,236.18,12887.0
10:41,236.25,236.38,236.13,236.31,7899.0
10:42,236.3,236.31,236.2,236.21,7374.0
10:43,236.19,236.3,236.1,236.26,24119.0
10:44,236.43,236.45,236.18,236.23,19940.0
10:45,236.21,236.51,236.21,236.45,19154.0
10:46,235.9,236.28,235.9,236.28,9722.0
10:47,235.83,236.07,235.83,235.9,1929.0
10:48,236.05,236.09,235.97,235.98,9940.0
10:49,235.87,236.12,235.87,236.05,13022.0
10:50,235.87,235.95,235.81,235.95,3647.0
10:51,235.84,236.0,235.8,235.87,20704.0
10:52,235.88,235.92,235.8,235.88,4136.0
10:53,235.91,235.95,235.79,235.92,19038.0
10:54,235.93,235.93,235.79,235.91,2604.0
10:55,235.96,236.03,235.9,235.95,8163.0
10:56,235.85,236.02,235.8,236.0,9673.0
10:57,236.01,236.07,235.88,235.91,13134.0
10:58,236.05,236.07,235.98,236.07,15329.0
10:59,235.9,236.17,235.84,236.05,15318.0
11:00,235.91,236.0,235.9,235.9,5941.0
11:01,235.78,236.04,235.7,235.97,9105.0
11:02,235.74,235.84,235.66,235.77,4687.0
11:03,235.82,235.82,235.57,235.62,10893.0
11:04,235.96,235.99,235.83,235.87,5229.0
11:05,236.0,236.01,235.93,235.96,6000.0
11:06,235.59,236.03,235.59,236.03,6558.0
11:07,235.71,235.71,235.6,235.68,8865.0
11:08,235.6,235.65,235.56,235.63,9360.0
11:09,235.63,235.7,235.57,235.6,12795.0
11:10,235.9,235.91,235.67,235.67,8498.0
11:11,235.91,235.95,235.89,235.89,5143.0
11:12,235.87,235.92,235.77,235.89,12115.0
11:13,235.87,235.99,235.87,235.89,7238.0
11:14,236.14,236.18,235.84,235.88,17191.0
11:15,236.29,236.31,236.15,236.18,7893.0
11:16,235.93,236.3,235.93,236.3,9524.0
11:17,236.08,236.11,235.93,235.93,7400.0
11:18,236.19,236.19,235.99,236.11,5441.0
11:19,236.07,236.14,236.04,236.09,3843.0
11:20,236.03,236.15,236.02,236.14,6286.0
11:21,235.96,236.13,235.87,236.05,8907.0
11:22,236.1,236.1,235.94,235.95,5116.0
11:23,235.92,236.12,235.92,236.12,4704.0
11:24,235.76,235.95,235.66,235.92,6264.0
11:25,235.73,235.85,235.65,235.7,12021.0
11:26,235.73,235.82,235.71,235.76,3545.0
11:27,235.7,235.73,235.63,235.64,5412.0
11:28,235.49,235.73,235.44,235.71,12463.0
11:29,235.3,235.54,235.28,235.54,7350.0
11:30,235.24,235.32,235.13,235.27,9392.0
11:31,235.13,235.3,235.13,235.25,5391.0
11:32,235.08,235.16,235.05,235.12,10053.0
11:33,235.05,235.08,234.95,235.08,10277.0
11:34,234.93,235.08,234.92,235.08,4353.0
11:35,235.0,235.0,234.87,234.88,6394.0
11:36,234.78,235.02,234.78,234.93,8499.0
11:37,234.94,234.97,234.78,234.85,6398.0
11:38,235.04,235.13,234.81,234.94,5667.0
11:39,235.13,235.13,234.99,235.02,5163.0
11:40,235.06,235.16,235.05,235.08,5963.0
11:41,235.1,235.1,235.07,235.1,2139.0
11:42,235.02,235.07,234.96,235.06,7676.0
11:43,234.98,235.06,234.95,235.06,5474.0
11:44,234.97,235.01,234.93,234.98,2555.0
11:45,234.98,234.99,234.91,234.93,8673.0
11:46,234.95,235.0,234.93,234.93,4554.0
11:47,235.02,235.03,234.95,234.95,3164.0
11:48,235.01,235.01,234.88,234.96,6916.0
11:49,235.05,235.05,234.94,234.99,6945.0
11:50,235.02,235.08,234.99,235.03,10803.0
11:51,235.0,235.1,234.98,234.99,4920.0
11:52,234.93,235.13,234.93,235.03,14644.0
11:53,234.83,235.13,234.77,235.02,8679.0
11:54,234.88,234.9,234.82,234.87,5779.0
11:55,234.82,234.88,234.8,234.87,6502.0
11:56,235.08,235.09,234.78,234.84,14618.0
11:57,235.3,235.43,235.09,235.09,4947.0
11:58,235.41,235.41,235.24,235.31,30172.0
11:59,235.47,235.48,235.34,235.35,3923.0
12:00,235.4,235.51,235.34,235.38,11860.0
12:01,235.46,235.46,235.32,235.4,6689.0
12:02,235.52,235.54,235.42,235.47,6340.0
12:03,235.66,235.67,235.52,235.55,6176.0
12:04,235.63,235.69,235.58,235.69,6233.0
12:05,235.7,235.71,235.62,235.65,9476.0
12:06,235.68,235.75,235.64,235.65,10150.0
12:07,235.73,235.74,235.52,235.64,4258.0
12:08,235.71,235.71,235.68,235.71,9031.0
12:09,235.79,235.79,235.68,235.71,13988.0
12:10,235.92,235.92,235.77,235.78,9886.0
12:11,235.81,235.93,235.8,235.8,4071.0
12:12,236.1,236.1,235.88,235.88,6886.0
12:13,236.12,236.14,235.95,236.11,13919.0
12:14,236.07,236.12,236.06,236.1,5008.0
12:15,236.11,236.12,236.08,236.08,5027.0
12:16,236.25,236.29,236.2,236.25,9772.0
12:17,236.03,236.29,236.01,236.24,14961.0
12:18,236.22,236.22,236.09,236.11,4529.0
12:19,236.26,236.26,236.18,236.19,9086.0
12:20,236.31,236.34,236.26,236.27,10642.0
12:21,236.35,236.36,236.31,236.32,3821.0
12:22,236.35,236.41,236.35,236.35,6557.0
12:23,236.26,236.35,236.21,236.35,11161.0
12:24,236.39,236.39,236.26,236.26,7492.0
12:25,236.31,236.39,236.23,236.34,14874.0
12:26,236.41,236.48,236.32,236.32,12409.0
12:27,236.44,236.44,236.37,236.4,2824.0
12:28,236.44,236.46,236.44,236.44,2478.0
12:29,236.35,236.46,236.35,236.43,6861.0
12:30,236.31,236.35,236.2,236.35,13012.0
12:31,236.1,236.28,236.1,236.28,4602.0
12:32,236.05,236.3,236.05,236.22,4559.0
12:33,236.03,236.06,235.98,236.05,9671.0
12:34,236.07,236.07,236.04,236.07,1851.0
12:35,236.04,236.08,235.93,236.02,6909.0
12:36,236.05,236.1,236.04,236.04,4882.0
12:37,235.89,236.1,235.89,236.1,6250.0
12:38,235.98,236.02,235.88,235.88,3495.0
12:39,236.03,236.03,235.98,235.98,2007.0
12:40,236.09,236.09,236.04,236.04,4009.0
12:41,236.1,236.13,236.01,236.04,7010.0
12:42,236.06,236.19,236.05,236.15,5359.0
12:43,236.01,236.02,235.99,236.02,2778.0
12:44,236.05,236.07,236.01,236.01,7658.0
12:45,235.93,236.03,235.75,236.02,16850.0
12:46,235.74,235.87,235.74,235.87,3197.0
12:47,235.68,235.74,235.68,235.74,3151.0
12:48,235.71,235.75,235.7,235.7,4294.0
12:49,235.67,235.75,235.67,235.71,2047.0
12:50,235.68,235.71,235.64,235.69,10726.0
12:51,235.7,235.72,235.63,235.68,5918.0
12:52,235.7,235.7,235.65,235.66,5320.0
12:53,235.68,235.75,235.63,235.65,3148.0
12:54,235.61,235.7,235.61,235.7,3487.0
12:55,235.66,235.67,235.65,235.67,2550.0
12:56,235.7,235.7,235.62,235.68,1805.0
12:57,235.75,235.77,235.7,235.7,2930.0
12:58,235.81,235.81,235.75,235.75,2108.0
12:59,235.85,235.9,235.78,235.83,3573.0
13:00,235.9,235.93,235.83,235.85,9313.0
13:01,235.88,235.9,235.88,235.9,2763.0
13:02,235.89,235.93,235.84,235.9,3083.0
13:03,235.79,235.92,235.79,235.92,6667.0
13:04,235.84,235.87,235.79,235.79,5078.0
13:05,235.43,235.84,235.33,235.84,28155.0
13:06,235.38,235.46,235.3,235.39,4057.0
13:07,235.31,235.45,235.25,235.4,9679.0
13:08,235.26,235.35,235.25,235.32,4232.0
13:09,235.34,235.4,235.28,235.31,4107.0
13:10,235.11,235.36,235.03,235.36,13853.0
13:11,235.05,235.12,234.95,235.11,6855.0
13:12,235.04,235.11,234.91,235.02,5969.0
13:13,235.11,235.13,234.99,235.03,9932.0
13:14,235.21,235.28,235.11,235.11,8864.0
13:15,234.96,235.24,234.96,235.21,14548.0
13:16,234.93,235.05,234.89,234.98,15622.0
13:17,234.94,235.0,234.93,234.93,2079.0
13:18,235.04,235.04,234.88,234.94,4786.0
13:19,234.95,235.03,234.95,235.02,5062.0
13:20,235.02,235.05,234.9,234.96,12489.0
13:21,235.01,235.04,234.98,235.01,17005.0
13:22,235.03,235.05,234.96,235.01,12222.0
13:23,234.92,235.03,234.89,235.0,7515.0
13:24,234.75,234.94,234.75,234.91,13586.0
13:25,234.59,234.8,234.54,234.79,11083.0
13:26,234.65,234.65,234.53,234.59,7065.0
13:27,234.63,234.65,234.6,234.64,4822.0
13:28,234.74,234.74,234.6,234.6,9318.0
13:29,234.62,234.74,234.58,234.72,8742.0
13:30,234.57,234.65,234.57,234.63,2448.0
13:31,234.37,234.52,234.37,234.52,10854.0
13:32,234.1,234.38,234.07,234.38,8293.0
13:33,233.84,234.15,233.81,234.15,16264.0
13:34,233.42,233.91,233.42,233.79,22403.0
13:35,233.82,233.83,233.52,233.52,17473.0
13:36,233.95,233.96,233.84,233.86,8599.0
13:37,233.65,233.95,233.65,233.95,19351.0
13:38,233.46,233.76,233.41,233.65,35596.0
13:39,233.53,233.54,233.37,233.46,31236.0
13:40,233.41,233.54,233.41,233.54,3947.0
13:41,233.46,233.52,233.4,233.43,13617.0
13:42,233.33,233.51,233.27,233.51,12367.0
13:43,233.24,233.36,233.22,233.28,7068.0
13:44,233.02,233.22,232.95,233.2,20184.0
13:45,233.0,233.05,232.91,233.04,12809.0
13:46,232.98,233.0,232.92,232.99,15192.0
13:47,233.05,233.16,232.98,232.98,11024.0
13:48,232.99,233.05,232.96,233.01,6860.0
13:49,233.03,233.06,232.96,232.99,12450.0
13:50,233.1,233.15,233.0,233.04,20669.0
13:51,232.98,233.13,232.97,233.1,18800.0
13:52,232.9,233.0,232.84,232.97,11149.0
13:53,232.87,232.94,232.87,232.88,4396.0
13:54,232.78,232.9,232.72,232.87,14034.0
13:55,233.04,233.08,232.71,232.75,44080.0
13:56,233.15,233.18,232.92,233.04,36752.0
13:57,233.08,233.11,233.0,233.1,14866.0
13:58,233.08,233.11,233.01,233.11,8376.0
13:59,233.09,233.1,233.0,233.02,9670.0
14:00,233.03,233.13,233.02,233.02,18228.0
14:01,233.18,233.24,233.06,233.09,39041.0
14:02,233.25,233.26,233.19,233.2,30490.0
14:03,233.49,233.53,233.22,233.26,48400.0
14:04,233.49,233.62,233.43,233.53,23425.0
14:05,233.59,233.64,233.41,233.54,20707.0
14:06,233.51,233.61,233.48,233.57,16806.0
14:07,233.5,233.51,233.46,233.47,7127.0
14:08,233.69,233.69,233.49,233.49,16022.0
14:09,233.71,233.77,233.63,233.67,10031.0
14:10,233.75,233.76,233.69,233.69,10828.0
14:11,233.67,233.8,233.6,233.77,10705.0
14:12,233.61,233.71,233.54,233.68,10289.0
14:13,233.61,233.67,233.55,233.57,9021.0
14:14,233.78,233.79,233.62,233.62,8638.0
14:15,233.9,233.9,233.76,233.76,8509.0
14:16,233.89,233.96,233.88,233.92,11750.0
14:17,233.66,233.9,233.66,233.9,5875.0
14:18,233.87,233.87,233.73,233.74,9654.0
14:19,233.84,233.84,233.79,233.84,6658.0
14:20,233.68,233.82,233.66,233.82,7891.0
14:21,233.62,233.7,233.55,233.7,9030.0
14:22,233.49,233.64,233.49,233.59,5975.0
14:23,233.3,233.46,233.3,233.46,15549.0
14:24,233.38,233.43,233.33,233.41,15120.0
14:25,233.46,233.52,233.36,233.38,7833.0
14:26,233.62,233.62,233.49,233.5,6512.0
14:27,233.56,233.62,233.56,233.62,6337.0
14:28,233.44,233.57,233.44,233.53,15221.0
14:29,233.46,233.49,233.41,233.45,7901.0
14:30,233.58,233.65,233.43,233.43,9622.0
14:31,233.52,233.62,233.45,233.59,7889.0
14:32,233.58,233.59,233.53,233.55,5903.0
14:33,233.37,233.59,233.29,233.59,31235.0
14:34,233.46,233.46,233.37,233.37,13143.0
14:35,233.5,233.51,233.48,233.5,5955.0
14:36,233.77,233.77,233.44,233.47,12166.0
14:37,233.88,233.91,233.54,233.82,16935.0
14:38,233.95,233.95,233.81,233.88,4388.0
14:39,233.95,233.96,233.88,233.94,3259.0
14:40,234.14,234.14,233.95,233.96,9502.0
14:41,234.09,234.13,234.02,234.12,15628.0
14:42,234.07,234.09,234.03,234.09,3502.0
14:43,234.07,234.07,234.03,234.07,3083.0
14:44,234.01,234.06,233.97,234.06,7077.0
14:45,234.04,234.09,233.95,234.01,8085.0
14:46,233.98,234.07,233.98,234.07,5859.0
14:47,233.9,233.96,233.89,233.96,4980.0
14:48,234.04,234.08,233.91,233.92,9669.0
14:49,234.21,234.21,234.1,234.11,8936.0
14:50,234.2,234.23,234.15,234.2,6045.0
14:51,234.1,234.23,234.1,234.22,13160.0
14:52,234.28,234.28,234.1,234.1,8382.0
14:53,234.32,234.37,234.29,234.36,5231.0
14:54,234.39,234.43,234.35,234.39,11516.0
14:55,234.49,234.57,234.41,234.41,12261.0
14:56,234.5,234.54,234.5,234.54,3356.0
14:57,234.62,234.65,234.52,234.52,19143.0
14:58,234.6,234.62,234.59,234.62,3830.0
14:59,234.57,234.68,234.57,234.61,18733.0
15:00,234.66,234.66,234.41,234.6,14218.0
15:01,234.53,234.63,234.51,234.63,7471.0
15:02,234.49,234.51,234.47,234.49,4098.0
15:03,234.57,234.61,234.53,234.57,4622.0
15:04,234.59,234.68,234.57,234.57,3831.0
15:05,234.71,234.75,234.59,234.59,6747.0
15:06,234.78,234.81,234.71,234.73,5097.0
15:07,234.92,234.92,234.75,234.81,5708.0
15:08,234.75,234.92,234.75,234.88,9203.0
15:09,234.75,234.81,234.66,234.75,7744.0
15:10,234.77,234.96,234.7,234.74,8363.0
15:11,234.71,234.76,234.7,234.76,4402.0
15:12,234.68,234.72,234.63,234.7,4889.0
15:13,234.72,234.75,234.63,234.63,5100.0
15:14,234.64,234.74,234.53,234.73,9180.0
15:15,234.57,234.67,234.55,234.58,8079.0
15:16,234.73,234.73,234.51,234.57,9199.0
15:17,234.76,234.8,234.64,234.67,12933.0
15:18,234.63,234.79,234.63,234.73,10015.0
15:19,234.71,234.76,234.63,234.65,16861.0
15:20,234.88,234.93,234.67,234.67,8731.0
15:21,235.01,235.09,234.9,234.9,29831.0
15:22,235.29,235.34,234.97,235.01,14746.0
15:23,235.18,235.25,235.1,235.25,10293.0
15:24,234.96,235.23,234.92,235.22,12313.0
15:25,234.92,234.97,234.79,234.95,12101.0
15:26,234.93,235.06,234.86,234.92,11400.0
15:27,234.9,234.95,234.88,234.95,7719.0
15:28,234.85,234.99,234.81,234.93,8589.0
15:29,234.86,234.89,234.78,234.89,9772.0
15:30,234.93,234.93,234.83,234.86,21157.0
15:31,235.03,235.14,234.9,234.91,16219.0
15:32,235.1,235.2,235.09,235.17,15255.0
15:33,235.22,235.25,235.09,235.09,11373.0
15:34,235.15,235.32,235.13,235.25,14857.0
15:35,235.08,235.21,235.06,235.16,18676.0
15:36,235.08,235.13,235.05,235.07,18169.0
15:37,234.97,235.1,234.95,235.07,17348.0
15:38,234.9,234.99,234.9,234.97,14072.0
15:39,234.83,234.96,234.79,234.91,17722.0
15:40,234.79,234.85,234.75,234.81,24081.0
15:41,234.84,234.85,234.74,234.77,10145.0
15:42,234.75,234.84,234.73,234.84,15307.0
15:43,234.71,234.75,234.64,234.73,17544.0
15:44,234.64,234.7,234.55,234.7,15114.0
15:45,234.6,234.61,234.41,234.61,20903.0
15:46,234.45,234.6,234.36,234.6,18256.0
15:47,234.51,234.61,234.43,234.46,16892.0
15:48,234.6,234.63,234.5,234.52,15110.0
15:49,234.32,234.61,234.23,234.61,22515.0
15:50,235.04,235.06,234.3,234.38,62580.0
15:51,235.02,235.21,234.99,235.08,32434.0
15:52,235.01,235.07,234.88,235.05,27464.0
15:53,235.13,235.18,235.0,235.0,26174.0
15:54,234.87,235.16,234.85,235.14,37145.0
15:55,234.65,235.01,234.47,234.91,64366.0
15:56,234.68,234.71,234.53,234.71,54522.0
15:57,234.63,234.7,234.29,234.68,108380.0
15:58,234.53,234.66,234.41,234.62,99102.0
15:59,234.21,234.66,234.12,234.54,238161.0
