Time,Close,High,Low,Open,Volume
09:30,236.23,236.5,235.12,235.54,420963.0
09:31,236.56,237.13,236.23,236.5,37197.0
09:32,237.21,237.56,236.88,237.1,56866.0
09:33,237.85,237.98,237.53,237.71,76534.0
09:34,237.85,237.99,237.71,237.93,24986.0
09:35,237.34,238.07,237.34,237.84,34711.0
09:36,237.85,238.04,237.46,237.46,24636.0
09:37,237.8,237.93,237.6,237.85,18476.0
09:38,238.32,238.37,237.94,237.95,31964.0
09:39,238.48,238.52,238.21,238.27,24589.0
09:40,238.71,238.76,238.32,238.49,34489.0
09:41,238.6,238.78,238.49,238.71,44433.0
09:42,239.06,239.1,238.59,238.66,49417.0
09:43,239.45,239.5,239.05,239.06,54249.0
09:44,239.51,239.7,239.35,239.45,45863.0
09:45,238.98,239.59,238.88,239.47,45911.0
09:46,239.13,239.42,238.85,238.99,37105.0
09:47,239.49,239.5,239.1,239.1,35280.0
09:48,239.96,240.0,239.78,239.8,60075.0
09:49,239.94,240.06,239.87,240.0,44216.0
09:50,239.51,240.02,239.28,239.96,64212.0
09:51,238.82,239.85,238.73,239.49,45354.0
09:52,238.38,238.75,238.38,238.74,25435.0
09:53,237.97,238.37,237.78,238.36,27395.0
09:54,238.23,238.23,237.68,237.88,38403.0
09:55,239.04,239.04,238.14,238.24,26035.0
09:56,238.49,239.0,238.41,238.96,23337.0
09:57,238.6,238.76,238.29,238.45,21396.0
09:58,238.24,238.57,238.14,238.57,18348.0
09:59,238.54,238.54,238.07,238.18,13350.0
10:00,238.74,238.86,238.21,238.54,30989.0
10:01,239.28,239.29,238.52,238.52,14988.0
10:02,239.69,239.69,239.29,239.29,24176.0
10:03,239.61,239.69,239.4,239.59,23040.0
10:04,239.37,239.53,239.31,239.5,13551.0
10:05,239.98,240.0,239.32,239.32,106961.0
10:06,240.08,240.15,239.34,239.97,146499.0
10:07,239.74,240.08,239.39,240.04,78291.0
10:08,240.15,240.19,239.88,239.9,170136.0
10:09,240.15,240.24,239.98,240.15,31846.0
10:10,240.39,240.39,240.09,240.1,40412.0
10:11,240.14,240.47,239.86,240.41,37115.0
10:12,240.32,240.36,240.01,240.15,46710.0
10:13,240.1,240.39,240.01,240.38,53438.0
10:14,239.85,240.22,239.83,240.17,16941.0
10:15,239.48,239.84,239.22,239.76,20451.0
10:16,239.86,239.99,239.45,239.45,17535.0
10:17,239.32,239.88,239.24,239.88,13634.0
10:18,239.33,239.39,239.1,239.26,14224.0
10:19,239.23,239.39,239.22,239.3,8875.0
10:20,239.3,239.41,239.19,239.19,6801.0
10:21,239.45,239.59,239.33,239.33,17532.0
10:22,239.18,239.45,239.09,239.45,1.0
10:23,239.04,239.3,239.0,239.1,35566.0
10:24,239.19,239.21,239.04,239.06,10583.0
10:25,239.2,239.26,239.04,239.21,9710.0
10:26,238.74,239.29,238.63,239.2,13330.0
10:27,239.05,239.09,238.8,238.8,11710.0
10:28,239.29,239.29,238.88,239.01,9501.0
10:29,238.96,239.16,238.86,239.16,12543.0
10:30,239.1,239.18,238.94,238.96,10716.0
10:31,239.04,239.11,238.9,239.09,12653.0
10:32,239.18,239.18,238.99,238.99,6174.0
10:33,239.84,239.88,239.06,239.19,45537.0
10:34,239.69,239.83,239.6,239.83,7709.0
10:35,239.56,239.73,239.48,239.71,12302.0
10:36,239.5,239.74,239.5,239.62,15913.0
10:37,239.89,239.89,239.49,239.61,9444.0
10:38,239.95,240.0,239.81,239.85,14143.0
10:39,240.24,240.3,239.94,239.95,25562.0
10:40,240.17,240.5,240.16,240.24,24642.0
10:41,239.89,240.14,239.85,240.14,10413.0
10:42,239.95,240.03,239.67,239.79,14943.0
10:43,239.93,240.01,239.87,240.01,12269.0
10:44,239.99,240.06,239.7,239.93,42187.0
10:45,239.69,239.92,239.6,239.79,13369.0
10:46,239.43,239.88,239.35,239.76,13021.0
10:47,239.41,239.59,239.35,239.45,15564.0
10:48,239.47,239.53,239.18,239.43,37336.0
10:49,239.5,239.6,239.3,239.5,16333.0
10:50,239.67,239.78,239.51,239.51,15548.0
10:51,239.49,239.72,239.42,239.69,13168.0
10:52,239.55,239.58,239.4,239.49,10726.0
10:53,239.83,239.9,239.54,239.54,8042.0
10:54,239.9,239.95,239.76,239.76,10612.0
10:55,239.79,239.97,239.68,239.9,16737.0
10:56,239.95,239.95,239.73,239.73,7090.0
10:57,239.94,239.98,239.82,239.93,7491.0
10:58,240.01,240.09,239.88,239.88,14283.0
10:59,240.14,240.26,240.01,240.01,19652.0
11:00,240.22,240.36,240.09,240.21,7889.0
11:01,240.4,240.4,240.05,240.26,15782.0
11:02,240.23,240.35,240.15,240.32,10532.0
11:03,240.06,240.33,239.97,240.27,15121.0
11:04,240.19,240.28,240.0,240.04,6572.0
11:05,240.1,240.29,240.02,240.19,7047.0
11:06,240.27,240.4,240.07,240.07,10141.0
11:07,240.21,240.32,240.19,240.27,17310.0
11:08,240.3,240.33,240.21,240.21,12573.0
11:09,240.36,240.42,240.22,240.37,32891.0
11:10,240.26,240.46,240.26,240.3,8038.0
11:11,240.38,240.42,240.26,240.26,9965.0
11:12,240.15,240.42,240.13,240.38,19001.0
11:13,240.28,240.34,240.14,240.14,12042.0
11:14,240.18,240.34,240.17,240.22,5582.0
11:15,240.12,240.31,240.09,240.24,8292.0
11:16,240.54,240.6,240.16,240.19,21239.0
11:17,240.58,240.71,240.56,240.57,14584.0
11:18,240.49,240.58,240.43,240.56,10045.0
11:19,240.49,240.58,240.47,240.53,27468.0
11:20,240.47,240.59,240.46,240.5,24566.0
11:21,240.48,240.56,240.34,240.45,12810.0
11:22,240.35,240.46,240.35,240.4,6068.0
11:23,240.07,240.35,240.06,240.35,7466.0
11:24,240.25,240.26,240.0,240.0,11627.0
11:25,240.02,240.21,239.87,240.21,11626.0
11:26,239.76,239.96,239.69,239.9,8332.0
11:27,239.85,239.85,239.73,239.82,12092.0
11:28,239.67,239.85,239.65,239.81,24141.0
11:29,239.52,239.65,239.5,239.64,12501.0
11:30,239.78,239.78,239.52,239.55,19270.0
11:31,239.82,239.88,239.74,239.86,13894.0
11:32,239.98,240.0,239.83,239.9,13401.0
11:33,239.89,239.98,239.87,239.96,8974.0
11:34,239.85,239.93,239.85,239.9,4853.0
11:35,239.65,239.98,239.65,239.98,11579.0
11:36,239.84,239.98,239.62,239.68,15654.0
11:37,239.96,240.0,239.78,239.82,14494.0
11:38,239.88,240.0,239.79,239.95,7286.0
11:39,239.64,239.8,239.6,239.79,26421.0
11:40,239.84,239.94,239.67,239.74,7497.0
11:41,240.0,240.07,239.82,239.82,8155.0
11:42,240.06,240.13,240.0,240.07,5746.0
11:43,240.18,240.32,240.1,240.13,32434.0
11:44,240.13,240.21,239.91,240.11,27092.0
11:45,240.32,240.39,240.13,240.13,22260.0
11:46,240.34,240.34,240.22,240.32,6216.0
11:47,240.3,240.3,240.21,240.29,3671.0
11:48,240.47,240.5,240.28,240.28,14013.0
11:49,240.48,240.52,240.36,240.44,44720.0
11:50,240.63,240.72,240.48,240.48,35294.0
11:51,240.8,240.8,240.6,240.65,57498.0
11:52,240.69,240.82,240.64,240.79,15882.0
11:53,240.64,240.76,240.59,240.67,9227.0
11:54,240.57,240.61,240.51,240.61,6135.0
11:55,240.65,240.7,240.57,240.6,13041.0
11:56,240.59,240.63,240.48,240.63,12054.0
11:57,240.57,240.68,240.53,240.59,4058.0
11:58,240.7,240.7,240.53,240.6,18246.0
11:59,240.6,240.71,240.57,240.7,10411.0
12:00,240.52,240.8,240.52,240.7,9837.0
12:01,240.75,240.76,240.52,240.52,7255.0
12:02,240.61,240.65,240.5,240.65,12841.0
12:03,240.77,240.77,240.56,240.6,7649.0
12:04,240.75,240.81,240.68,240.8,5317.0
12:05,240.74,240.85,240.72,240.75,8621.0
12:06,241.04,241.07,240.76,240.79,16491.0
12:07,240.98,241.05,240.96,241.04,21270.0
12:08,240.71,241.0,240.57,241.0,44916.0
12:09,240.82,240.98,240.7,240.7,8838.0
12:10,240.82,240.86,240.78,240.85,6269.0
12:11,240.87,240.87,240.63,240.81,9448.0
12:12,240.98,241.0,240.87,240.87,7800.0
12:13,240.9,240.99,240.83,240.92,8094.0
12:14,240.95,240.99,240.86,240.91,5519.0
12:15,240.92,240.95,240.87,240.91,8387.0
12:16,241.15,241.15,240.98,240.99,17581.0
12:17,241.16,241.16,241.01,241.08,13049.0
12:18,241.09,241.21,241.09,241.15,7401.0
12:19,241.1,241.11,240.99,241.06,8768.0
12:20,241.08,241.13,241.05,241.05,8429.0
12:21,241.16,241.21,241.09,241.16,14946.0
12:22,241.18,241.19,241.1,241.19,5530.0
12:23,241.16,241.21,241.12,241.16,8562.0
12:24,240.99,241.22,240.96,241.14,18112.0
12:25,240.92,240.99,240.83,240.99,8491.0
12:26,240.83,240.93,240.82,240.87,9805.0
12:27,240.95,241.02,240.88,240.9,6335.0
12:28,240.8,241.15,240.74,241.02,32496.0
12:29,240.79,240.86,240.78,240.8,5021.0
12:30,240.73,240.82,240.7,240.82,16614.0
12:31,240.77,240.82,240.71,240.77,9282.0
12:32,240.65,240.77,240.56,240.73,19448.0
12:33,240.5,240.7,240.48,240.6,14253.0
12:34,240.55,240.69,240.51,240.51,51264.0
12:35,240.65,240.67,240.55,240.57,32066.0
12:36,240.73,240.73,240.64,240.64,4840.0
12:37,240.56,240.8,240.55,240.74,10638.0
12:38,240.72,240.72,240.51,240.51,6528.0
12:39,240.57,240.69,240.53,240.69,6005.0
12:40,240.59,240.61,240.56,240.56,8674.0
12:41,240.4,240.63,240.4,240.63,5568.0
12:42,240.4,240.43,240.33,240.35,6535.0
12:43,240.41,240.43,240.35,240.37,1929.0
12:44,240.49,240.52,240.38,240.38,11988.0
12:45,240.51,240.51,240.51,240.51,2170.0
12:46,240.35,240.51,240.34,240.51,9172.0
12:47,240.38,240.39,240.31,240.39,6581.0
12:48,240.28,240.35,240.17,240.34,12474.0
12:49,240.18,240.29,240.1,240.27,9219.0
12:50,240.24,240.24,240.19,240.23,3341.0
12:51,240.27,240.28,240.13,240.27,7199.0
12:52,240.24,240.27,240.18,240.27,5053.0
12:53,240.28,240.29,240.14,240.19,8207.0
12:54,240.43,240.46,240.32,240.32,5566.0
12:55,240.29,240.43,240.29,240.43,9461.0
12:56,240.29,240.33,240.25,240.28,3893.0
12:57,240.24,240.29,240.17,240.29,9891.0
12:58,240.31,240.35,240.24,240.24,7425.0
12:59,240.22,240.31,240.22,240.31,6337.0
13:00,240.21,240.24,240.15,240.2,9219.0
13:01,240.31,240.32,240.08,240.22,10689.0
13:02,240.35,240.36,240.27,240.27,5635.0
13:03,240.35,240.45,240.35,240.38,7201.0
13:04,240.37,240.38,240.31,240.32,5880.0
13:05,240.29,240.35,240.23,240.35,7133.0
13:06,240.09,240.29,240.07,240.27,8176.0
13:07,239.95,240.23,239.91,240.12,23216.0
13:08,239.91,240.02,239.89,239.96,5724.0
13:09,240.09,240.09,239.92,239.92,12427.0
13:10,239.96,240.17,239.96,240.05,4707.0
13:11,240.01,240.04,239.93,239.97,5087.0
13:12,240.03,240.09,239.93,239.99,8750.0
13:13,240.08,240.08,240.0,240.0,6357.0
13:14,240.15,240.18,240.13,240.13,6234.0
13:15,240.08,240.18,240.05,240.18,7677.0
13:16,240.15,240.15,240.01,240.07,3964.0
13:17,240.03,240.09,240.03,240.08,3077.0
13:18,240.1,240.1,239.97,240.05,7833.0
13:19,240.05,240.1,240.02,240.1,7749.0
13:20,240.01,240.1,240.0,240.04,5716.0
13:21,240.07,240.09,240.01,240.02,7894.0
13:22,240.24,240.26,240.07,240.07,13707.0
13:23,240.23,240.26,240.19,240.24,8603.0
13:24,240.17,240.23,240.15,240.23,5566.0
13:25,240.23,240.24,240.14,240.21,12110.0
13:26,240.41,240.45,240.21,240.21,8160.0
13:27,240.47,240.47,240.38,240.46,6963.0
13:28,240.44,240.46,240.39,240.42,2864.0
13:29,240.44,240.5,240.37,240.37,13347.0
13:30,240.41,240.55,240.41,240.44,15970.0
13:31,240.33,240.38,240.3,240.37,5762.0
13:32,240.43,240.43,240.32,240.38,23496.0
13:33,240.23,240.42,240.2,240.39,9778.0
13:34,240.29,240.3,240.23,240.23,5704.0
13:35,240.51,240.54,240.27,240.27,18705.0
13:36,240.61,240.66,240.54,240.59,3657.0
13:37,240.55,240.63,240.55,240.58,8340.0
13:38,240.51,240.57,240.51,240.57,8196.0
13:39,240.42,240.56,240.39,240.51,14359.0
13:40,240.45,240.45,240.4,240.4,5701.0
13:41,240.55,240.55,240.4,240.4,14418.0
13:42,240.61,240.66,240.55,240.55,10090.0
13:43,240.62,240.65,240.54,240.55,30467.0
13:44,240.59,240.64,240.59,240.62,4076.0
13:45,240.66,240.67,240.48,240.61,20608.0
13:46,240.6,240.69,240.6,240.64,6364.0
13:47,240.54,240.72,240.52,240.55,6090.0
13:48,240.57,240.6,240.51,240.6,4206.0
13:49,240.55,240.58,240.54,240.57,3151.0
13:50,240.52,240.57,240.43,240.57,16008.0
13:51,240.76,240.78,240.57,240.57,12010.0
13:52,240.67,240.78,240.65,240.71,3737.0
13:53,240.52,240.63,240.51,240.63,7314.0
13:54,240.49,240.54,240.42,240.53,8560.0
13:55,240.29,240.49,240.28,240.49,5441.0
13:56,240.37,240.4,240.33,240.33,4610.0
13:57,240.15,240.39,240.15,240.36,7883.0
13:58,240.12,240.18,240.11,240.18,10928.0
13:59,240.1,240.1,240.04,240.06,12052.0
14:00,240.19,240.24,240.1,240.1,7334.0
14:01,240.43,240.44,240.19,240.19,11279.0
14:02,240.7,240.7,240.43,240.43,11588.0
14:03,240.55,240.69,240.55,240.69,6142.0
14:04,240.58,240.64,240.55,240.55,5842.0
14:05,240.62,240.65,240.42,240.57,36601.0
14:06,240.89,240.95,240.38,240.6,22353.0
14:07,241.01,241.03,240.89,240.89,13574.0
14:08,241.27,241.33,241.1,241.1,37873.0
14:09,241.52,241.52,241.26,241.26,25911.0
14:10,241.57,241.62,241.52,241.52,21255.0
14:11,241.88,241.88,241.53,241.54,19897.0
14:12,241.82,241.95,241.82,241.91,24236.0
14:13,241.67,241.81,241.56,241.81,12863.0
14:14,241.69,241.69,241.59,241.67,10086.0
14:15,241.55,241.71,241.5,241.7,10006.0
14:16,241.51,241.77,241.51,241.56,15238.0
14:17,241.41,241.53,241.4,241.53,15341.0
14:18,241.49,241.59,241.24,241.39,12473.0
14:19,241.57,241.57,241.43,241.45,6400.0
14:20,241.5,241.54,241.42,241.51,13041.0
14:21,241.5,241.53,241.48,241.49,3810.0
14:22,241.34,241.49,241.32,241.49,13206.0
14:23,241.36,241.36,241.25,241.34,12445.0
14:24,241.41,241.5,241.36,241.36,6265.0
14:25,241.3,241.42,241.3,241.4,4401.0
14:26,241.27,241.36,241.25,241.33,7391.0
14:27,241.35,241.37,241.27,241.27,9555.0
14:28,241.19,241.31,241.19,241.31,12301.0
14:29,241.17,241.23,241.12,241.21,10283.0
14:30,241.32,241.4,241.08,241.13,33401.0
14:31,241.38,241.41,241.28,241.32,8502.0
14:32,241.21,241.4,241.13,241.39,14890.0
14:33,241.22,241.26,241.16,241.2,4548.0
14:34,241.21,241.28,241.15,241.21,9969.0
14:35,241.08,241.15,241.03,241.12,6119.0
14:36,241.06,241.15,241.06,241.1,10445.0
14:37,241.11,241.16,241.0,241.03,9468.0
14:38,241.15,241.18,241.09,241.09,9792.0
14:39,241.13,241.16,241.09,241.14,9379.0
14:40,241.12,241.16,241.09,241.13,7095.0
14:41,241.2,241.2,241.14,241.15,10515.0
14:42,241.23,241.32,241.19,241.2,14122.0
14:43,241.24,241.24,241.11,241.21,10756.0
14:44,241.12,241.26,241.1,241.24,10227.0
14:45,241.2,241.23,241.15,241.15,6179.0
14:46,241.18,241.23,241.13,241.21,6540.0
14:47,241.11,241.17,241.09,241.17,12630.0
14:48,241.21,241.23,241.09,241.13,9331.0
14:49,241.1,241.23,241.1,241.2,8363.0
14:50,241.15,241.17,241.1,241.1,5779.0
14:51,241.16,241.18,241.03,241.15,12614.0
14:52,240.99,241.18,240.96,241.17,12520.0
14:53,241.07,241.13,241.06,241.07,4560.0
14:54,241.07,241.17,240.98,241.07,22161.0
14:55,241.1,241.11,241.06,241.06,4510.0
14:56,241.04,241.1,241.03,241.1,8686.0
14:57,241.02,241.11,240.98,241.04,10577.0
14:58,241.11,241.14,241.02,241.02,5876.0
14:59,241.07,241.13,241.05,241.13,4947.0
15:00,241.02,241.14,241.02,241.07,10729.0
15:01,241.04,241.09,241.02,241.03,9441.0
15:02,241.03,241.08,241.01,241.05,9480.0
15:03,241.08,241.11,240.99,241.05,12493.0
15:04,240.96,241.09,240.96,241.08,5768.0
15:05,241.0,241.0,240.92,240.98,10042.0
15:06,241.0,241.04,240.98,240.99,8906.0
15:07,240.93,241.05,240.93,241.01,18808.0
15:08,240.83,241.03,240.79,240.98,11805.0
15:09,240.8,240.84,240.79,240.79,10297.0
15:10,240.85,240.86,240.78,240.8,11272.0
15:11,240.78,240.87,240.69,240.84,11186.0
15:12,240.68,240.78,240.68,240.77,12355.0
15:13,240.65,240.73,240.59,240.73,16519.0
15:14,240.52,240.66,240.44,240.65,13032.0
15:15,240.46,240.58,240.42,240.52,16074.0
15:16,240.39,240.54,240.39,240.47,16150.0
15:17,240.47,240.48,240.38,240.47,15445.0
15:18,240.38,240.47,240.37,240.47,13145.0
15:19,240.41,240.43,240.34,240.38,18368.0
15:20,240.32,240.41,240.31,240.41,7252.0
15:21,240.24,240.29,240.19,240.29,14654.0
15:22,240.15,240.24,240.15,240.24,9390.0
15:23,240.12,240.15,240.1,240.15,13620.0
15:24,240.16,240.2,240.11,240.12,12020.0
15:25,240.15,240.2,240.06,240.11,23557.0
15:26,240.26,240.26,240.13,240.15,11229.0
15:27,240.44,240.48,240.23,240.23,12548.0
15:28,240.36,240.46,240.34,240.46,13802.0
15:29,240.26,240.37,240.22,240.37,14058.0
15:30,240.16,240.3,240.16,240.26,14863.0
15:31,240.22,240.26,240.15,240.15,9160.0
15:32,240.24,240.29,240.14,240.23,17408.0
15:33,240.24,240.24,240.21,240.24,6786.0
15:34,240.2,240.25,240.14,240.24,22059.0
15:35,240.2,240.28,240.12,240.2,24671.0
15:36,239.99,240.22,239.95,240.16,26716.0
15:37,240.11,240.15,239.95,239.97,19565.0
15:38,240.15,240.17,240.04,240.16,20296.0
15:39,240.2,240.23,240.14,240.18,11592.0
15:40,240.33,240.35,240.18,240.19,30111.0
15:41,240.24,240.35,240.18,240.35,33657.0
15:42,240.18,240.27,240.16,240.26,18366.0
15:43,240.21,240.26,240.1,240.18,18012.0
15:44,240.28,240.28,240.1,240.2,15377.0
15:45,240.19,240.3,240.19,240.28,24988.0
15:46,240.31,240.32,240.12,240.2,36909.0
15:47,240.34,240.35,240.28,240.32,14701.0
15:48,240.32,240.36,240.28,240.3,21466.0
15:49,240.38,240.43,240.27,240.33,28466.0
15:50,239.99,240.46,239.83,240.4,50395.0
15:51,239.92,240.0,239.71,240.0,52378.0
15:52,240.1,240.1,239.88,239.88,31902.0
15:53,240.2,240.21,240.0,240.12,54937.0
15:54,240.34,240.37,240.15,240.2,36667.0
15:55,240.23,240.37,240.16,240.32,78304.0
15:56,240.31,240.42,240.22,240.25,60401.0
15:57,240.32,240.38,240.24,240.32,67035.0
15:58,240.17,240.33,240.08,240.31,75573.0
15:59,240.32,240.34,240.08,240.15,135465.0
