Time,Close,High,Low,Open,Volume
09:30,234.89,235.33,234.85,234.99,95882.0
09:31,235.24,235.53,234.84,234.92,103194.0
09:32,235.21,236.27,235.11,235.3,39196.0
09:33,234.78,235.26,234.64,235.21,19270.0
09:34,234.09,234.67,234.0,234.67,15467.0
09:35,234.6,235.04,234.09,234.09,21859.0
09:36,234.77,234.81,234.42,234.43,12656.0
09:37,234.84,235.0,234.72,234.81,10275.0
09:38,234.48,234.96,234.34,234.89,9563.0
09:39,234.36,234.52,234.09,234.34,13896.0
09:40,234.2,234.35,234.15,234.29,9218.0
09:41,233.92,234.21,233.87,234.16,23981.0
09:42,233.55,233.92,233.24,233.92,11505.0
09:43,233.65,233.65,233.37,233.55,42658.0
09:44,233.7,233.82,233.46,233.79,11871.0
09:45,233.28,233.75,233.26,233.75,12064.0
09:46,233.27,233.45,233.26,233.38,9745.0
09:47,233.59,233.65,233.31,233.36,11123.0
09:48,233.78,233.78,233.46,233.61,19313.0
09:49,233.36,233.87,233.27,233.71,18878.0
09:50,233.27,233.53,233.26,233.35,27521.0
09:51,233.06,233.28,232.92,233.28,21768.0
09:52,232.99,233.06,232.71,233.06,18219.0
09:53,232.77,232.95,232.68,232.81,35574.0
09:54,233.43,233.45,232.71,232.71,21834.0
09:55,233.1,233.45,233.06,233.43,10586.0
09:56,233.46,233.54,233.03,233.18,17273.0
09:57,233.51,233.62,233.43,233.55,5929.0
09:58,233.55,233.67,233.49,233.49,9897.0
09:59,233.78,233.78,233.53,233.54,12833.0
10:00,233.99,233.99,233.76,233.79,11524.0
10:01,234.16,234.16,233.86,234.0,14621.0
10:02,234.26,234.26,234.02,234.09,9989.0
10:03,233.92,234.41,233.92,234.36,21046.0
10:04,233.71,233.97,233.65,233.93,13617.0
10:05,233.94,234.09,233.68,233.71,13593.0
10:06,233.92,234.09,233.87,234.07,8462.0
10:07,233.78,234.02,233.78,233.95,16556.0
10:08,233.76,234.0,233.76,233.85,13707.0
10:09,233.79,233.8,233.67,233.72,8824.0
10:10,233.88,233.95,233.77,233.8,11374.0
10:11,233.88,233.97,233.82,233.9,17522.0
10:12,233.86,233.9,233.74,233.84,13520.0
10:13,233.9,233.91,233.88,233.88,16861.0
10:14,233.9,233.97,233.77,233.9,15002.0
10:15,234.26,234.26,233.84,233.88,21935.0
10:16,234.12,234.18,233.95,234.18,8156.0
10:17,234.44,234.51,234.11,234.11,11910.0
10:18,234.48,234.6,234.36,234.42,10270.0
10:19,234.9,234.9,234.5,234.51,13134.0
10:20,234.8,234.84,234.67,234.84,8901.0
10:21,234.95,234.99,234.77,234.81,7276.0
10:22,234.93,234.99,234.89,234.95,7115.0
10:23,234.9,234.93,234.7,234.93,11250.0
10:24,235.07,235.11,234.88,234.88,13418.0
10:25,235.46,235.47,235.1,235.1,17037.0
10:26,235.61,235.7,235.46,235.47,33852.0
10:27,235.38,235.77,235.38,235.58,25265.0
10:28,235.55,235.62,235.44,235.44,13373.0
10:29,235.39,235.6,235.39,235.55,13380.0
10:30,235.43,235.48,235.34,235.48,7080.0
10:31,235.47,235.54,235.46,235.46,2865.0
10:32,235.46,235.56,235.46,235.46,3677.0
10:33,235.6,235.6,235.37,235.52,10903.0
10:34,235.5,235.65,235.42,235.6,9842.0
10:35,235.46,235.55,235.37,235.45,5432.0
10:36,235.45,235.52,235.37,235.45,6417.0
10:37,235.68,235.7,235.42,235.46,14170.0
10:38,235.6,235.7,235.49,235.6,6172.0
10:39,235.81,235.81,235.64,235.64,6504.0
10:40,235.75,235.82,235.68,235.8,5283.0
10:41,235.83,235.83,235.66,235.76,9632.0
10:42,235.86,235.89,235.74,235.77,6182.0
10:43,235.55,235.85,235.55,235.85,8875.0
10:44,235.64,235.67,235.46,235.61,6102.0
10:45,235.26,235.6,235.26,235.6,6948.0
10:46,235.44,235.44,235.25,235.25,7444.0
10:47,235.67,235.68,235.45,235.45,4729.0
10:48,235.46,235.67,235.46,235.65,6333.0
10:49,235.55,235.66,235.5,235.56,3119.0
10:50,235.61,235.61,235.5,235.57,4580.0
10:51,235.65,235.65,235.44,235.56,4826.0
10:52,235.55,235.55,235.54,235.54,2324.0
10:53,235.68,235.71,235.5,235.62,8210.0
10:54,235.73,235.8,235.66,235.66,2284.0
10:55,235.69,235.74,235.68,235.74,2938.0
10:56,235.77,235.8,235.62,235.62,9232.0
10:57,235.8,235.84,235.68,235.75,11928.0
10:58,235.76,235.9,235.71,235.83,9646.0
10:59,235.73,235.77,235.66,235.77,9557.0
11:00,235.75,235.76,235.62,235.73,8229.0
11:01,235.6,235.8,235.6,235.79,7046.0
11:02,235.75,235.75,235.62,235.64,3298.0
11:03,235.58,235.74,235.53,235.73,8343.0
11:04,235.54,235.59,235.52,235.56,6103.0
11:05,235.54,235.57,235.48,235.5,7366.0
11:06,235.69,235.75,235.5,235.54,15163.0
11:07,235.57,235.7,235.57,235.7,5052.0
11:08,235.71,235.8,235.57,235.58,4961.0
11:09,235.68,235.79,235.63,235.74,9410.0
11:10,235.71,235.77,235.68,235.68,2665.0
11:11,235.72,235.8,235.63,235.63,7591.0
11:12,235.68,235.79,235.64,235.75,11868.0
11:13,235.81,235.86,235.66,235.66,5148.0
11:14,236.07,236.09,235.8,235.82,23616.0
11:15,236.04,236.1,235.93,236.1,12146.0
11:16,236.08,236.08,235.96,236.04,6803.0
11:17,236.09,236.18,236.03,236.11,6229.0
11:18,235.93,236.1,235.88,236.1,12398.0
11:19,235.85,236.02,235.83,235.97,35152.0
11:20,235.95,235.99,235.83,235.86,4582.0
11:21,235.95,235.96,235.94,235.95,4464.0
11:22,236.07,236.17,235.95,235.95,8818.0
11:23,235.74,236.13,235.73,236.13,7466.0
11:24,235.76,235.82,235.68,235.74,5085.0
11:25,235.62,235.76,235.53,235.76,9678.0
11:26,235.63,235.7,235.62,235.64,7422.0
11:27,235.37,235.61,235.37,235.61,7874.0
11:28,235.45,235.5,235.43,235.44,5556.0
11:29,235.58,235.6,235.45,235.45,6034.0
11:30,235.6,235.67,235.51,235.57,8903.0
11:31,235.48,235.61,235.48,235.59,4364.0
11:32,235.46,235.59,235.46,235.49,13992.0
11:33,235.6,235.61,235.46,235.46,7838.0
11:34,235.6,235.66,235.54,235.6,3164.0
11:35,235.84,235.86,235.6,235.6,19835.0
11:36,235.93,235.96,235.84,235.86,8883.0
11:37,235.92,236.0,235.87,235.89,17447.0
11:38,235.88,235.89,235.81,235.87,2428.0
11:39,235.98,235.98,235.81,235.84,13301.0
11:40,236.01,236.09,235.81,236.0,27706.0
11:41,236.04,236.15,235.95,236.02,16088.0
11:42,236.01,236.06,235.99,236.04,11304.0
11:43,236.24,236.24,236.01,236.01,12814.0
11:44,236.25,236.3,236.15,236.24,10283.0
11:45,236.15,236.3,236.1,236.23,10104.0
11:46,236.04,236.16,236.04,236.12,8937.0
11:47,236.16,236.16,235.9,236.05,11310.0
11:48,236.22,236.25,236.12,236.17,7649.0
11:49,236.23,236.27,236.2,236.22,8329.0
11:50,236.16,236.23,236.1,236.23,12939.0
11:51,235.85,236.1,235.85,236.09,9756.0
11:52,235.9,235.92,235.83,235.88,5021.0
11:53,236.02,236.02,235.88,235.9,13589.0
11:54,236.04,236.07,236.01,236.03,6207.0
11:55,235.86,236.02,235.86,236.02,10377.0
11:56,235.96,235.97,235.85,235.85,4091.0
11:57,235.93,235.95,235.85,235.95,6354.0
11:58,235.89,235.92,235.87,235.87,4034.0
11:59,235.84,235.95,235.84,235.9,9515.0
12:00,235.73,235.83,235.71,235.83,18965.0
12:01,235.84,235.9,235.74,235.75,12763.0
12:02,235.83,235.89,235.79,235.89,14794.0
12:03,235.75,235.8,235.75,235.8,4858.0
12:04,235.67,235.84,235.67,235.84,6896.0
12:05,235.55,235.64,235.55,235.63,3140.0
12:06,235.49,235.6,235.47,235.6,4130.0
12:07,235.69,235.69,235.49,235.52,13948.0
12:08,235.65,235.71,235.65,235.71,3603.0
12:09,235.77,235.78,235.65,235.69,3801.0
12:10,235.77,235.77,235.69,235.76,2951.0
12:11,235.76,235.79,235.71,235.77,15225.0
12:12,235.63,235.71,235.62,235.71,3696.0
12:13,235.63,235.74,235.63,235.72,8445.0
12:14,235.68,235.74,235.66,235.66,2911.0
12:15,235.64,235.72,235.59,235.72,3018.0
12:16,235.72,235.74,235.64,235.65,15037.0
12:17,235.7,235.72,235.68,235.71,4062.0
12:18,235.73,235.79,235.69,235.77,9363.0
12:19,235.74,235.78,235.7,235.74,11263.0
12:20,235.57,235.71,235.56,235.71,14806.0
12:21,235.53,235.6,235.5,235.6,7483.0
12:22,235.46,235.53,235.37,235.5,22776.0
12:23,235.55,235.6,235.5,235.5,6531.0
12:24,235.31,235.59,235.31,235.53,62760.0
12:25,235.21,235.39,235.18,235.33,9704.0
12:26,235.0,235.17,234.94,235.17,11533.0
12:27,234.91,235.06,234.87,234.99,15314.0
12:28,234.95,234.98,234.82,234.87,10654.0
12:29,235.18,235.2,234.95,234.95,9577.0
12:30,235.19,235.21,235.12,235.13,6277.0
12:31,235.1,235.3,235.1,235.16,10010.0
12:32,235.16,235.21,235.1,235.13,6474.0
12:33,235.2,235.2,235.08,235.11,6175.0
12:34,235.12,235.15,235.1,235.12,6285.0
12:35,235.09,235.13,235.05,235.1,7919.0
12:36,234.99,235.15,234.97,235.09,10044.0
12:37,235.01,235.01,234.8,234.99,22782.0
12:38,235.02,235.05,234.98,235.01,3163.0
12:39,235.11,235.15,234.98,234.98,5589.0
12:40,235.26,235.3,235.15,235.21,17754.0
12:41,235.3,235.3,235.29,235.29,2772.0
12:42,235.29,235.37,235.17,235.3,15624.0
12:43,235.25,235.32,235.25,235.3,7848.0
12:44,235.29,235.39,235.29,235.3,5829.0
12:45,235.41,235.43,235.22,235.26,4725.0
12:46,235.4,235.41,235.37,235.37,5060.0
12:47,235.47,235.51,235.4,235.43,6667.0
12:48,235.41,235.47,235.38,235.47,3359.0
12:49,235.5,235.5,235.41,235.44,2635.0
12:50,235.49,235.53,235.48,235.5,12154.0
12:51,235.52,235.57,235.51,235.51,8959.0
12:52,235.62,235.62,235.5,235.57,7961.0
12:53,235.61,235.63,235.59,235.59,4711.0
12:54,235.52,235.63,235.49,235.63,11884.0
12:55,235.5,235.5,235.4,235.47,7634.0
12:56,235.59,235.59,235.46,235.5,17987.0
12:57,235.57,235.6,235.53,235.57,5212.0
12:58,235.77,235.83,235.58,235.59,7883.0
12:59,235.7,235.82,235.65,235.77,7808.0
13:00,235.66,235.67,235.51,235.66,10100.0
13:01,235.71,235.71,235.6,235.64,2067.0
13:02,235.68,235.7,235.66,235.7,1892.0
13:03,236.01,236.02,235.74,235.75,15537.0
13:04,235.98,236.08,235.98,236.01,7417.0
13:05,236.01,236.02,236.01,236.02,1763.0
13:06,235.86,236.0,235.84,236.0,4495.0
13:07,235.91,235.92,235.79,235.88,6607.0
13:08,235.96,235.98,235.93,235.93,1323.0
13:09,235.96,236.02,235.95,235.95,3471.0
13:10,235.93,235.96,235.91,235.96,5002.0
13:11,235.98,236.0,235.93,235.97,3420.0
13:12,235.95,236.03,235.93,236.03,6888.0
13:13,236.04,236.1,236.0,236.0,5721.0
13:14,236.1,236.15,236.01,236.07,5125.0
13:15,236.05,236.1,235.95,236.1,7894.0
13:16,236.04,236.09,236.0,236.05,1927.0
13:17,236.14,236.16,235.98,236.04,4125.0
13:18,236.17,236.2,236.11,236.11,9270.0
13:19,236.02,236.13,236.02,236.13,4996.0
13:20,235.94,236.08,235.94,236.04,4574.0
13:21,235.9,235.95,235.89,235.93,5958.0
13:22,235.98,235.98,235.87,235.87,3526.0
13:23,235.97,235.97,235.95,235.95,2644.0
13:24,235.97,235.98,235.92,235.95,1936.0
13:25,236.03,236.04,235.96,235.96,5113.0
13:26,236.06,236.09,236.03,236.05,1712.0
13:27,236.0,236.1,235.95,236.1,6600.0
13:28,236.04,236.04,235.99,235.99,5067.0
13:29,236.12,236.12,236.04,236.04,2729.0
13:30,236.18,236.23,236.18,236.18,2374.0
13:31,236.13,236.18,236.12,236.18,5012.0
13:32,236.12,236.16,236.1,236.16,13055.0
13:33,236.18,236.18,236.09,236.13,12404.0
13:34,236.12,236.21,236.07,236.21,17058.0
13:35,236.14,236.21,236.13,236.21,3997.0
13:36,236.15,236.18,236.13,236.14,4932.0
13:37,236.3,236.38,236.15,236.15,8206.0
13:38,236.3,236.4,236.3,236.31,11650.0
13:39,236.28,236.36,236.28,236.36,8887.0
13:40,236.28,236.28,236.25,236.25,3050.0
13:41,236.07,236.28,236.07,236.28,9271.0
13:42,236.02,236.07,236.02,236.07,7928.0
13:43,236.08,236.09,236.03,236.07,8306.0
13:44,236.1,236.14,236.06,236.07,7354.0
13:45,236.15,236.16,236.07,236.07,5589.0
13:46,236.22,236.22,236.15,236.15,3023.0
13:47,236.21,236.21,236.16,236.18,9161.0
13:48,236.09,236.17,236.09,236.17,10539.0
13:49,236.05,236.16,236.05,236.09,4646.0
13:50,236.18,236.19,236.05,236.05,17617.0
13:51,236.28,236.28,236.18,236.18,5723.0
13:52,236.27,236.31,236.27,236.28,2505.0
13:53,236.26,236.31,236.26,236.31,2008.0
13:54,236.19,236.21,236.19,236.21,3647.0
13:55,236.18,236.19,236.18,236.19,5313.0
13:56,236.18,236.18,236.18,236.18,6979.0
13:57,236.24,236.28,236.22,236.22,6197.0
13:58,236.21,236.28,236.21,236.26,3927.0
13:59,236.14,236.26,236.14,236.21,6033.0
14:00,236.11,236.18,236.11,236.12,6857.0
14:01,236.1,236.12,236.06,236.11,3274.0
14:02,236.05,236.13,236.05,236.13,11799.0
14:03,236.04,236.09,235.98,236.07,25351.0
14:04,236.06,236.06,236.04,236.05,2718.0
14:05,236.06,236.07,235.95,236.06,7462.0
14:06,236.06,236.06,235.96,235.96,4394.0
14:07,236.15,236.17,236.02,236.09,6115.0
14:08,236.15,236.19,236.12,236.19,3914.0
14:09,236.1,236.15,236.09,236.15,5986.0
14:10,236.15,236.17,236.07,236.1,5622.0
14:11,236.18,236.2,236.15,236.15,4144.0
14:12,236.2,236.23,236.12,236.15,7305.0
14:13,236.24,236.35,236.21,236.23,5372.0
14:14,236.37,236.4,236.24,236.24,5751.0
14:15,236.4,236.45,236.35,236.35,5566.0
14:16,236.51,236.51,236.35,236.4,9619.0
14:17,236.45,236.51,236.38,236.51,23333.0
14:18,236.46,236.46,236.38,236.46,1854.0
14:19,236.5,236.51,236.08,236.46,26356.0
14:20,236.47,236.53,236.46,236.52,9635.0
14:21,236.37,236.45,236.3,236.44,10697.0
14:22,236.29,236.37,236.29,236.37,4663.0
14:23,236.38,236.4,236.29,236.29,5212.0
14:24,236.37,236.38,236.33,236.38,5216.0
14:25,236.35,236.35,236.3,236.31,3936.0
14:26,236.3,236.4,236.23,236.29,3123.0
14:27,236.25,236.39,236.23,236.32,5111.0
14:28,236.38,236.39,236.26,236.26,5579.0
14:29,236.36,236.4,236.33,236.38,10920.0
14:30,236.38,236.44,236.38,236.4,7521.0
14:31,236.38,236.42,236.34,236.41,7904.0
14:32,236.44,236.44,236.38,236.38,4648.0
14:33,236.46,236.5,236.44,236.44,10857.0
14:34,236.41,236.51,236.41,236.46,8919.0
14:35,236.29,236.42,236.27,236.42,9830.0
14:36,236.24,236.34,236.24,236.29,15135.0
14:37,236.26,236.27,236.22,236.25,2667.0
14:38,236.26,236.3,236.2,236.26,5413.0
14:39,236.26,236.32,236.23,236.32,5838.0
14:40,236.32,236.33,236.27,236.3,6004.0
14:41,236.33,236.35,236.27,236.27,3435.0
14:42,236.19,236.36,236.19,236.33,18946.0
14:43,236.12,236.25,236.1,236.23,15389.0
14:44,236.16,236.21,236.1,236.12,15277.0
14:45,236.12,236.22,236.11,236.18,9578.0
14:46,236.03,236.16,236.03,236.15,15587.0
14:47,235.85,236.02,235.8,236.01,15075.0
14:48,235.85,235.91,235.85,235.88,7664.0
14:49,235.87,235.9,235.8,235.85,11414.0
14:50,235.93,235.96,235.87,235.87,8370.0
14:51,235.88,235.95,235.87,235.95,5607.0
14:52,235.79,235.88,235.72,235.88,15221.0
14:53,235.62,235.82,235.6,235.82,9339.0
14:54,235.59,235.65,235.54,235.65,5663.0
14:55,235.59,235.62,235.52,235.56,7296.0
14:56,235.54,235.62,235.52,235.59,4318.0
14:57,235.53,235.61,235.51,235.54,13111.0
14:58,235.52,235.53,235.44,235.5,6783.0
14:59,235.43,235.52,235.38,235.52,14640.0
15:00,235.46,235.48,235.39,235.44,7931.0
15:01,235.44,235.45,235.37,235.42,10241.0
15:02,235.45,235.45,235.41,235.42,3664.0
15:03,235.49,235.5,235.38,235.42,16349.0
15:04,235.49,235.54,235.46,235.51,9246.0
15:05,235.52,235.52,235.44,235.49,12257.0
15:06,235.48,235.49,235.46,235.48,6103.0
15:07,235.56,235.6,235.45,235.45,8685.0
15:08,235.51,235.57,235.49,235.56,11123.0
15:09,235.45,235.54,235.44,235.51,9291.0
15:10,235.4,235.49,235.37,235.44,27738.0
15:11,235.43,235.45,235.37,235.4,27973.0
15:12,235.03,235.43,235.03,235.43,68110.0
15:13,235.35,235.39,235.0,235.05,17463.0
15:14,235.36,235.42,235.3,235.37,11187.0
15:15,235.62,235.62,235.35,235.35,12525.0
15:16,235.53,235.59,235.48,235.59,10156.0
15:17,235.47,235.57,235.4,235.54,15731.0
15:18,235.45,235.55,235.45,235.46,15816.0
15:19,235.55,235.55,235.42,235.48,10483.0
15:20,235.62,235.64,235.54,235.55,11505.0
15:21,235.58,235.64,235.53,235.62,12294.0
15:22,235.6,235.62,235.56,235.59,6897.0
15:23,235.75,235.8,235.56,235.57,14619.0
15:24,235.77,235.81,235.5,235.75,31015.0
15:25,235.84,235.86,235.7,235.73,13806.0
15:26,235.78,235.92,235.78,235.84,13294.0
15:27,235.7,235.77,235.66,235.77,10664.0
15:28,235.71,235.75,235.68,235.71,10822.0
15:29,235.78,235.78,235.7,235.7,8803.0
15:30,235.84,235.86,235.79,235.8,19739.0
15:31,235.8,235.9,235.6,235.85,33858.0
15:32,235.75,235.88,235.75,235.81,19355.0
15:33,235.76,235.77,235.7,235.77,18061.0
15:34,235.76,235.78,235.71,235.73,9028.0
15:35,235.94,235.97,235.77,235.79,27185.0
15:36,235.85,235.95,235.6,235.95,23627.0
15:37,235.79,235.87,235.72,235.85,15718.0
15:38,235.83,235.87,235.77,235.79,20230.0
15:39,235.9,235.92,235.82,235.83,10523.0
15:40,235.95,236.04,235.91,235.92,27021.0
15:41,236.05,236.05,235.98,235.98,12158.0
15:42,236.17,236.18,236.02,236.08,15980.0
15:43,236.11,236.2,236.11,236.17,12672.0
15:44,236.16,236.23,236.08,236.1,19684.0
15:45,236.23,236.27,235.9,236.13,37701.0
15:46,236.15,236.21,235.97,236.14,37638.0
15:47,236.08,236.14,236.05,236.14,37576.0
15:48,235.96,236.06,235.95,236.06,16373.0
15:49,236.07,236.1,235.94,235.94,25054.0
15:50,235.73,236.17,235.6,236.12,36074.0
15:51,235.7,235.78,235.59,235.76,23288.0
15:52,235.61,235.74,235.59,235.7,20176.0
15:53,235.77,235.77,235.58,235.58,25705.0
15:54,235.64,235.77,235.64,235.77,26719.0
15:55,236.08,236.1,235.64,235.65,47900.0
15:56,236.06,236.19,235.9,236.08,51951.0
15:57,235.91,236.1,235.89,236.04,59315.0
15:58,235.85,235.9,235.78,235.9,66047.0
15:59,235.77,235.95,235.71,235.85,105566.0
