Time,Close,High,Low,Open,Volume
09:30,329.92,329.92,329.92,329.92,2269201.0
09:31,330.71,331.37,329.79,330.0,503176.0
09:32,328.19,330.87,327.95,330.87,452780.0
09:33,328.82,329.0,327.51,328.18,380417.0
09:34,329.04,329.6,328.13,328.81,362012.0
09:35,329.94,330.53,328.96,329.08,385261.0
09:36,329.43,330.14,329.26,329.81,290184.0
09:37,330.19,330.34,329.06,329.48,326435.0
09:38,330.45,330.73,329.3,330.19,328829.0
09:39,329.81,330.39,329.71,330.31,241846.0
09:40,328.68,329.86,328.68,329.82,336359.0
09:41,328.52,328.74,328.02,328.73,269393.0
09:42,328.71,329.08,328.2,328.52,252298.0
09:43,328.11,329.08,328.08,328.67,209146.0
09:44,327.29,328.15,327.18,328.15,437109.0
09:45,325.79,325.79,325.79,325.79,691597.0
09:46,324.61,326.08,324.5,325.76,629342.0
09:47,324.49,324.85,324.27,324.66,434187.0
09:48,325.05,325.31,324.1,324.49,431540.0
09:49,323.62,325.35,323.58,325.06,494400.0
09:50,322.41,323.67,322.22,323.67,633345.0
09:51,321.7,322.9,321.5,322.36,599714.0
09:52,322.14,322.52,321.36,321.75,452459.0
09:53,320.95,322.36,320.81,322.17,506881.0
09:54,319.9,320.96,319.28,320.96,1001643.0
09:55,320.76,321.06,319.68,319.88,530257.0
09:56,320.46,321.01,319.69,320.79,591643.0
09:57,321.61,321.7,320.91,321.16,512140.0
09:58,321.65,322.06,321.43,321.54,349488.0
09:59,321.48,321.69,320.68,321.69,366709.0
10:00,322.2,322.38,321.14,321.39,481194.0
10:01,322.36,322.75,322.01,322.22,300608.0
10:02,322.25,322.48,321.83,322.31,232760.0
10:03,322.34,322.8,322.11,322.21,274733.0
10:04,321.8,322.47,321.7,322.25,235101.0
10:05,320.56,322.16,320.4,321.82,346599.0
10:06,320.03,320.84,319.88,320.52,352555.0
10:07,320.05,320.23,319.46,320.07,301238.0
10:08,318.43,320.02,318.35,320.02,467548.0
10:09,319.13,319.58,318.0,318.43,579339.0
10:10,318.57,319.7,318.52,319.19,376164.0
10:11,319.14,319.48,318.36,318.56,322962.0
10:12,318.89,319.1,318.05,319.09,271201.0
10:13,319.32,319.49,318.54,318.87,274233.0
10:14,319.05,319.49,318.56,319.33,269000.0
10:15,318.22,319.23,318.13,319.01,244670.0
10:16,317.04,318.62,316.88,318.2,612962.0
10:17,317.9,317.95,316.66,317.05,409308.0
10:18,317.74,318.08,317.27,317.9,255068.0
10:19,318.38,318.63,317.63,317.72,339206.0
10:20,318.73,318.79,318.03,318.35,249124.0
10:21,319.16,319.24,318.58,318.72,242121.0
10:22,319.09,319.23,318.61,319.11,252817.0
10:23,319.02,319.3,318.84,319.1,182817.0
10:24,318.77,319.28,318.71,319.06,179770.0
10:25,318.81,319.14,318.6,318.71,188420.0
10:26,318.46,319.1,318.4,318.85,181475.0
10:27,318.29,318.84,318.25,318.51,185971.0
10:28,317.65,318.35,317.64,318.23,221076.0
10:29,317.34,317.66,316.98,317.62,323999.0
10:30,317.64,317.84,316.93,317.36,237804.0
10:31,318.08,318.19,317.48,317.65,222303.0
10:32,317.77,318.2,317.57,318.11,199640.0
10:33,317.82,318.12,317.6,317.78,161643.0
10:34,317.73,318.14,317.65,317.82,178445.0
10:35,317.98,318.2,317.44,317.71,204264.0
10:36,317.34,318.2,317.26,318.01,182005.0
10:37,317.49,317.78,317.24,317.35,163151.0
10:38,317.11,317.64,317.02,317.46,215425.0
10:39,316.29,317.17,316.06,317.15,465224.0
10:40,315.94,316.6,315.81,316.3,401118.0
10:41,316.17,316.28,315.33,315.92,443068.0
10:42,316.38,316.46,315.75,316.15,230019.0
10:43,315.83,316.5,315.68,316.4,260530.0
10:44,315.71,316.04,315.55,315.85,243442.0
10:45,316.23,316.4,315.68,315.7,211544.0
10:46,315.2,316.23,314.6,316.21,582985.0
10:47,316.29,316.42,315.18,315.26,288005.0
10:48,316.33,316.57,315.93,316.33,228073.0
10:49,316.05,316.47,315.97,316.35,166350.0
10:50,316.55,316.74,316.02,316.02,220106.0
10:51,316.76,316.87,316.53,316.58,170495.0
10:52,316.69,316.86,316.18,316.76,410673.0
10:53,316.39,316.94,316.21,316.74,189281.0
10:54,316.68,316.71,316.4,316.4,120927.0
10:55,316.03,316.92,316.02,316.65,350085.0
10:56,316.0,316.58,315.95,316.02,188222.0
10:57,315.67,316.02,315.44,316.0,191360.0
10:58,315.6,316.05,315.55,315.7,198391.0
10:59,316.08,316.1,314.93,315.56,357643.0
11:00,316.54,316.67,315.86,316.08,243147.0
11:01,316.2,316.5,315.83,316.5,188097.0
11:02,315.71,316.25,315.62,316.22,185096.0
11:03,316.19,316.25,315.73,315.74,110962.0
11:04,316.38,316.45,316.14,316.18,143910.0
11:05,316.6,316.63,316.3,316.35,51244.0
11:06,317.58,317.64,317.16,317.24,507819.0
11:07,317.9,318.04,317.58,317.58,341077.0
11:08,317.96,318.1,317.77,317.89,229570.0
11:09,317.87,318.23,317.76,317.99,209351.0
11:10,317.56,318.09,317.42,317.86,204303.0
11:11,318.2,318.32,317.55,317.55,190624.0
11:12,318.47,318.48,318.04,318.26,160742.0
11:13,318.45,318.63,318.25,318.45,166946.0
11:14,318.48,318.69,318.12,318.44,165076.0
11:15,318.66,318.99,318.45,318.45,258558.0
11:16,318.77,318.97,318.52,318.63,164758.0
11:17,319.13,319.15,318.59,318.77,197316.0
11:18,319.29,319.67,319.03,319.13,264211.0
11:19,319.48,319.62,319.26,319.27,215655.0
11:20,319.77,319.92,319.48,319.49,270122.0
11:21,319.73,319.85,319.37,319.77,220932.0
11:22,319.79,319.84,319.53,319.77,232594.0
11:23,320.12,320.2,319.55,319.85,290298.0
11:24,320.26,320.29,319.98,320.14,298537.0
11:25,320.0,320.39,319.93,320.27,189874.0
11:26,319.5,320.09,319.27,319.96,301960.0
11:27,319.73,319.93,319.45,319.46,147109.0
11:28,319.91,319.94,319.73,319.73,98871.0
11:29,320.06,320.28,319.83,319.88,160966.0
11:30,319.81,320.09,319.56,320.03,122165.0
11:31,319.81,320.0,319.62,319.82,111903.0
11:32,320.14,320.46,319.81,319.83,214992.0
11:33,320.22,320.48,320.07,320.14,139784.0
11:34,320.61,320.65,320.25,320.25,212450.0
11:35,320.43,320.73,320.42,320.57,157240.0
11:36,320.12,320.71,319.98,320.48,186090.0
11:37,320.64,320.8,320.11,320.2,176589.0
11:38,320.76,320.97,320.44,320.63,184893.0
11:39,320.21,321.03,320.16,320.77,270946.0
11:40,320.68,320.74,320.12,320.27,138476.0
11:41,320.45,320.78,320.35,320.7,96884.0
11:42,320.97,320.98,320.33,320.45,150071.0
11:43,320.5,320.95,320.45,320.92,110140.0
11:44,320.44,320.6,320.29,320.52,129191.0
11:45,320.81,320.82,320.42,320.45,116889.0
11:46,320.43,320.86,320.43,320.82,107135.0
11:47,320.64,320.8,320.4,320.48,122811.0
11:48,320.29,320.7,320.26,320.63,148013.0
11:49,319.64,320.26,319.57,320.26,259180.0
11:50,319.1,319.67,319.06,319.58,250272.0
11:51,318.57,319.15,318.54,319.05,237157.0
11:52,318.02,318.66,317.91,318.59,331853.0
11:53,317.94,318.1,317.86,318.02,170171.0
11:54,318.26,318.3,317.92,317.97,176964.0
11:55,318.27,318.56,317.95,318.24,189959.0
11:56,317.55,318.33,317.49,318.26,238470.0
11:57,317.67,317.75,317.53,317.53,133887.0
11:58,317.85,317.98,317.54,317.66,150896.0
11:59,318.15,318.25,317.78,317.87,143553.0
12:00,318.42,318.48,317.96,318.14,146893.0
12:01,318.98,318.98,318.36,318.42,209894.0
12:02,319.49,319.58,318.93,319.0,222329.0
12:03,319.55,319.6,319.26,319.51,165513.0
12:04,319.72,319.77,319.54,319.58,131398.0
12:05,319.53,319.9,319.4,319.7,182372.0
12:06,319.61,319.78,319.3,319.55,140070.0
12:07,319.32,319.68,319.32,319.61,132233.0
12:08,319.7,319.73,319.2,319.31,113292.0
12:09,319.76,319.81,319.57,319.68,119844.0
12:10,320.27,320.28,319.67,319.75,186840.0
12:11,320.39,320.4,320.05,320.24,200507.0
12:12,320.22,320.57,320.15,320.4,157032.0
12:13,320.31,320.52,320.22,320.23,101518.0
12:14,320.4,320.48,320.21,320.36,91296.0
12:15,320.51,320.61,320.26,320.33,148076.0
12:16,320.75,320.76,320.46,320.48,96251.0
12:17,321.03,321.1,320.7,320.74,188145.0
12:18,321.24,321.29,320.96,321.03,173575.0
12:19,321.39,321.4,321.18,321.23,194925.0
12:20,321.84,321.86,321.33,321.41,188001.0
12:21,321.36,321.83,321.33,321.83,191062.0
12:22,321.17,321.5,321.16,321.36,147083.0
12:23,321.44,321.45,321.1,321.17,145362.0
12:24,321.45,321.58,321.3,321.43,127719.0
12:25,321.12,321.48,321.04,321.43,93853.0
12:26,321.88,321.88,321.06,321.12,214019.0
12:27,321.73,322.09,321.63,321.85,214919.0
12:28,321.87,322.05,321.73,321.76,103591.0
12:29,321.75,321.94,321.7,321.89,87231.0
12:30,321.4,321.9,321.4,321.76,115750.0
12:31,321.44,321.58,321.26,321.4,104829.0
12:32,321.15,321.65,321.05,321.49,135177.0
12:33,320.88,321.38,320.83,321.23,180742.0
12:34,321.17,321.25,320.84,320.9,130451.0
12:35,321.31,321.34,321.0,321.14,73492.0
12:36,320.68,321.37,320.67,321.33,145469.0
12:37,320.94,321.06,320.6,320.66,104517.0
12:38,320.91,321.02,320.81,320.95,70743.0
12:39,321.29,321.35,320.91,320.92,103859.0
12:40,321.0,321.31,320.92,321.3,93994.0
12:41,320.88,321.15,320.83,321.0,65376.0
12:42,321.04,321.04,320.67,320.9,97341.0
12:43,321.17,321.3,321.04,321.07,85619.0
12:44,321.17,321.4,321.01,321.15,85430.0
12:45,321.07,321.24,320.95,321.15,62701.0
12:46,321.31,321.35,320.9,321.09,73308.0
12:47,321.11,321.27,321.01,321.27,45372.0
12:48,320.74,321.12,320.67,321.12,111492.0
12:49,320.84,320.88,320.63,320.68,56679.0
12:50,320.92,320.99,320.64,320.81,77268.0
12:51,321.03,321.1,320.9,320.94,67287.0
12:52,320.8,321.47,320.66,321.09,165987.0
12:53,320.97,321.06,320.78,320.84,60748.0
12:54,321.11,321.34,320.85,320.97,69920.0
12:55,320.89,321.14,320.84,321.08,63833.0
12:56,320.58,321.0,320.58,320.89,70254.0
12:57,320.42,320.58,320.3,320.56,149512.0
12:58,320.1,320.5,320.08,320.38,114370.0
12:59,320.39,320.45,320.08,320.1,95403.0
13:00,320.7,320.7,320.12,320.3,103860.0
13:01,320.98,321.0,320.54,320.7,143565.0
13:02,321.52,321.59,320.82,320.91,171644.0
13:03,321.8,321.82,321.31,321.51,147854.0
13:04,322.14,322.34,321.62,321.76,234522.0
13:05,321.65,322.14,321.55,322.13,117797.0
13:06,321.56,321.8,321.41,321.67,101960.0
13:07,321.58,321.83,321.48,321.54,103030.0
13:08,322.21,322.21,321.42,321.58,127279.0
13:09,321.9,322.19,321.86,322.16,93664.0
13:10,321.73,321.94,321.58,321.88,70604.0
13:11,321.9,322.0,321.7,321.72,69047.0
13:12,321.5,321.96,321.5,321.9,78356.0
13:13,321.27,321.73,321.22,321.54,101335.0
13:14,321.22,321.54,321.11,321.27,114715.0
13:15,321.14,321.2,320.82,321.2,187531.0
13:16,321.38,321.56,321.13,321.17,81225.0
13:17,320.91,321.37,320.9,321.36,85104.0
13:18,321.28,321.31,320.86,320.92,67417.0
13:19,321.22,321.27,321.03,321.27,62208.0
13:20,321.63,321.63,321.19,321.29,82246.0
13:21,321.65,321.88,321.46,321.62,94762.0
13:22,321.21,321.68,321.21,321.67,79914.0
13:23,320.9,321.27,320.88,321.2,103732.0
13:24,320.98,321.07,320.92,320.92,65325.0
13:25,320.97,321.08,320.8,320.97,89142.0
13:26,321.02,321.07,320.8,320.92,58474.0
13:27,320.87,320.9,320.85,320.9,60746.0
13:28,321.19,321.26,320.81,320.85,73477.0
13:29,321.05,321.2,321.0,321.18,45810.0
13:30,321.36,321.41,320.95,321.05,58322.0
13:31,321.62,321.7,321.35,321.38,109248.0
13:32,321.85,321.89,321.5,321.6,125552.0
13:33,322.45,322.45,321.72,321.85,321066.0
13:34,322.62,322.82,322.35,322.45,214433.0
13:35,322.71,322.83,322.5,322.62,158351.0
13:36,322.69,322.86,322.51,322.71,152173.0
13:37,322.59,322.73,322.32,322.68,117282.0
13:38,322.5,322.62,322.33,322.61,86910.0
13:39,322.56,322.77,322.36,322.5,116351.0
13:40,322.77,322.95,322.46,322.55,158746.0
13:41,322.93,322.95,322.78,322.83,110517.0
13:42,323.12,323.2,322.8,322.95,140535.0
13:43,323.03,323.25,322.9,323.11,152516.0
13:44,323.57,323.7,323.0,323.0,208137.0
13:45,323.8,323.85,323.46,323.54,166819.0
13:46,323.95,324.06,323.68,323.79,188953.0
13:47,323.8,323.98,323.73,323.93,130805.0
13:48,323.55,323.96,323.52,323.85,142635.0
13:49,323.72,323.99,323.55,323.6,145344.0
13:50,323.23,323.71,323.03,323.71,201745.0
13:51,322.98,323.34,322.97,323.25,107902.0
13:52,322.79,323.11,322.7,323.01,160484.0
13:53,323.29,323.39,322.76,322.79,154846.0
13:54,322.97,323.35,322.89,323.31,93469.0
13:55,322.53,323.11,322.46,322.91,135282.0
13:56,322.63,322.78,322.51,322.55,82831.0
13:57,322.58,322.72,322.45,322.66,97786.0
13:58,322.62,322.79,322.52,322.58,73403.0
13:59,322.67,322.75,322.52,322.67,60804.0
14:00,322.65,323.0,322.52,322.73,100145.0
14:01,322.23,322.85,322.2,322.66,120237.0
14:02,321.1,322.28,321.0,322.25,370358.0
14:03,320.86,321.13,320.55,321.13,263968.0
14:04,321.17,321.41,320.8,320.88,173404.0
14:05,321.09,321.56,321.05,321.31,142336.0
14:06,321.36,321.36,320.91,321.07,132710.0
14:07,321.12,321.39,321.05,321.37,87453.0
14:08,321.43,321.47,321.14,321.15,78234.0
14:09,321.98,322.05,321.35,321.41,157886.0
14:10,322.12,322.12,321.73,322.0,129505.0
14:11,321.6,322.13,321.58,322.09,98552.0
14:12,321.81,321.89,321.56,321.6,71193.0
14:13,321.61,321.86,321.24,321.78,135486.0
14:14,321.47,321.68,321.24,321.57,74729.0
14:15,321.2,321.55,321.18,321.46,95995.0
14:16,321.33,321.38,321.07,321.19,115180.0
14:17,321.45,321.52,321.11,321.33,89826.0
14:18,321.07,321.51,320.96,321.43,115219.0
14:19,320.35,321.12,320.29,321.07,202276.0
14:20,320.73,321.06,320.21,320.34,157471.0
14:21,320.5,320.86,320.45,320.69,85355.0
14:22,320.05,320.52,320.02,320.49,152741.0
14:23,320.52,320.6,320.09,320.09,118838.0
14:24,320.47,320.62,320.29,320.5,104823.0
14:25,320.51,320.56,320.22,320.51,91549.0
14:26,319.96,320.66,319.82,320.52,215669.0
14:27,319.75,320.01,319.7,319.98,117453.0
14:28,319.76,319.84,319.55,319.77,110469.0
14:29,319.81,319.92,319.62,319.73,99558.0
14:30,319.85,320.37,319.8,319.8,165760.0
14:31,319.95,320.24,319.86,319.86,90271.0
14:32,320.08,320.25,319.92,319.97,78658.0
14:33,320.54,320.54,320.0,320.11,117501.0
14:34,320.66,320.72,320.5,320.51,119410.0
14:35,320.49,320.56,320.26,320.52,91785.0
14:36,321.16,321.16,320.48,320.5,157268.0
14:37,321.1,321.23,320.95,321.18,105025.0
14:38,321.13,321.34,321.07,321.14,106187.0
14:39,321.38,321.4,321.1,321.13,73124.0
14:40,321.52,321.63,321.34,321.36,129939.0
14:41,321.7,321.84,321.47,321.49,234704.0
14:42,321.92,321.97,321.61,321.75,108893.0
14:43,322.07,322.08,321.82,321.92,101611.0
14:44,321.93,322.1,321.85,322.02,112698.0
14:45,321.84,322.15,321.8,321.97,98739.0
14:46,321.88,322.02,321.7,321.84,102413.0
14:47,321.98,322.12,321.83,321.86,94034.0
14:48,322.25,322.29,321.94,321.99,114750.0
14:49,322.12,322.26,321.94,322.22,93747.0
14:50,321.99,322.14,321.8,322.08,95350.0
14:51,322.11,322.24,321.95,322.05,77868.0
14:52,321.95,322.13,321.91,322.11,79082.0
14:53,321.88,322.22,321.87,321.93,83212.0
14:54,321.87,322.05,321.75,321.89,100064.0
14:55,321.57,322.06,321.51,321.89,88910.0
14:56,321.36,321.68,321.34,321.57,127259.0
14:57,321.31,321.48,321.26,321.33,95025.0
14:58,321.26,321.36,321.17,321.34,59390.0
14:59,321.22,321.4,321.04,321.27,98818.0
15:00,321.7,321.74,321.19,321.2,104182.0
15:01,321.74,321.91,321.58,321.63,86305.0
15:02,321.6,321.84,321.5,321.72,66652.0
15:03,321.71,321.77,321.6,321.64,50820.0
15:04,321.67,321.73,321.51,321.69,47131.0
15:05,321.56,321.71,321.39,321.62,67550.0
15:06,321.78,321.86,321.51,321.55,96156.0
15:07,321.32,321.82,321.29,321.76,93564.0
15:08,321.34,321.53,321.23,321.33,71263.0
15:09,321.43,321.53,321.29,321.36,60598.0
15:10,321.87,321.9,321.41,321.42,101573.0
15:11,322.37,322.46,321.89,321.89,164429.0
15:12,322.76,322.81,322.38,322.38,156816.0
15:13,322.67,322.95,322.57,322.75,172775.0
15:14,322.69,322.82,322.51,322.7,85997.0
15:15,322.78,322.88,322.67,322.68,92989.0
15:16,322.58,322.78,322.34,322.75,133003.0
15:17,322.73,322.75,322.51,322.58,74410.0
15:18,322.85,322.93,322.64,322.69,117449.0
15:19,322.6,322.86,322.55,322.84,100924.0
15:20,322.88,322.91,322.57,322.64,92329.0
15:21,323.15,323.15,322.82,322.88,143105.0
15:22,323.09,323.2,322.95,323.15,125780.0
15:23,323.32,323.45,322.97,323.09,141176.0
15:24,323.57,323.63,323.13,323.3,234467.0
15:25,323.39,323.58,323.23,323.55,124686.0
15:26,323.15,323.67,323.1,323.39,137557.0
15:27,322.93,323.15,322.92,323.12,140088.0
15:28,323.08,323.2,322.71,322.9,144844.0
15:29,322.98,323.27,322.88,323.11,100832.0
15:30,322.74,322.99,322.64,322.97,111400.0
15:31,323.17,323.23,322.7,322.72,108687.0
15:32,323.11,323.28,322.95,323.16,127026.0
15:33,323.5,323.5,323.04,323.09,131588.0
15:34,323.58,323.65,323.42,323.47,176179.0
15:35,323.78,323.83,323.57,323.57,179709.0
15:36,323.79,323.95,323.63,323.79,138776.0
15:37,323.81,323.82,323.49,323.79,119972.0
15:38,323.81,323.86,323.61,323.83,107406.0
15:39,323.38,323.82,323.31,323.82,136342.0
15:40,323.53,323.67,323.35,323.38,112104.0
15:41,323.41,323.73,323.4,323.51,92590.0
15:42,323.61,323.63,323.39,323.42,73713.0
15:43,323.65,323.75,323.58,323.62,115131.0
15:44,323.6,323.73,323.55,323.66,79344.0
15:45,323.59,323.78,323.55,323.57,104739.0
15:46,323.61,323.75,323.53,323.58,73171.0
15:47,323.55,323.64,323.27,323.59,112146.0
15:48,323.62,323.71,323.52,323.58,78089.0
15:49,323.88,323.96,323.49,323.61,124056.0
15:50,323.72,324.0,323.59,323.85,223481.0
15:51,323.39,323.97,323.39,323.75,243279.0
15:52,323.42,323.76,323.25,323.43,260111.0
15:53,323.47,323.51,323.22,323.47,103611.0
15:54,323.86,323.86,323.37,323.47,191652.0
15:55,324.32,324.79,323.69,323.81,536646.0
15:56,324.24,324.5,324.22,324.36,232674.0
15:57,324.4,324.55,324.25,324.26,303408.0
15:58,324.08,324.4,324.07,324.4,275879.0
15:59,323.92,324.18,323.84,324.1,477943.0
