Time,Close,High,Low,Open,Volume
09:30,326.27,326.27,326.27,326.27,2971923.0
09:31,325.74,326.37,324.63,326.29,512845.0
09:32,325.4,325.88,324.17,325.79,541805.0
09:33,325.8,326.0,324.7,325.39,334921.0
09:34,326.3,326.3,325.11,325.73,362916.0
09:35,325.87,326.5,325.8,326.3,319790.0
09:36,325.2,326.19,324.89,325.83,399368.0
09:37,325.5,325.93,325.2,325.27,304182.0
09:38,325.14,325.49,324.78,325.42,290298.0
09:39,325.22,325.49,324.8,325.05,246022.0
09:40,325.05,325.65,324.8,325.22,279061.0
09:41,324.74,325.2,324.67,325.06,323548.0
09:42,323.92,324.95,323.56,324.66,662295.0
09:43,322.28,323.99,322.27,323.97,663587.0
09:44,321.37,322.26,320.76,322.23,796454.0
09:45,322.11,322.11,321.37,321.37,982353.5
09:46,322.36,322.44,321.57,322.11,1168253.0
09:47,322.13,322.72,321.85,322.35,440686.0
09:48,322.5,322.59,321.87,322.17,312381.0
09:49,322.55,322.91,322.15,322.47,395518.0
09:50,323.09,323.33,322.49,322.55,366260.0
09:51,322.83,323.11,322.4,322.4,237632.0
09:52,323.33,323.73,323.05,323.27,489756.0
09:53,322.85,323.55,322.67,323.36,301354.0
09:54,322.73,322.96,322.39,322.86,238472.0
09:55,323.2,323.25,322.35,322.64,281789.0
09:56,323.58,323.97,322.71,323.21,387813.0
09:57,323.5,323.7,323.29,323.63,216991.0
09:58,323.53,323.69,323.4,323.56,154228.0
09:59,323.17,323.58,322.95,323.5,362245.0
10:00,323.13,323.39,322.59,323.2,238433.0
10:01,323.05,323.63,322.91,323.2,237713.0
10:02,323.17,323.23,322.7,323.08,192089.0
10:03,323.27,323.66,323.12,323.5,214156.0
10:04,322.66,323.36,322.66,323.27,258913.0
10:05,322.69,322.94,322.41,322.71,264096.0
10:06,322.78,323.03,322.13,322.64,273948.0
10:07,322.94,323.2,322.61,322.78,209830.0
10:08,323.17,323.43,322.9,322.98,186686.0
10:09,323.14,323.47,323.04,323.21,184991.0
10:10,323.84,323.89,323.07,323.2,290106.0
10:11,323.61,324.27,323.4,323.8,383734.0
10:12,324.21,324.3,323.55,323.61,279559.0
10:13,324.05,324.4,323.81,324.15,272478.0
10:14,324.07,324.5,323.93,324.06,253294.0
10:15,324.49,324.71,323.96,324.07,249821.0
10:16,324.12,324.66,324.01,324.49,243840.0
10:17,323.91,324.42,323.69,324.04,244796.0
10:18,323.26,324.0,323.26,323.92,254647.0
10:19,323.42,323.72,323.2,323.26,167389.0
10:20,323.28,323.68,323.27,323.44,144257.0
10:21,322.98,323.36,322.88,323.34,247531.0
10:22,322.72,322.96,322.5,322.95,256092.0
10:23,323.17,323.28,322.69,322.71,202911.0
10:24,322.94,323.21,322.83,323.19,129581.0
10:25,322.95,323.14,322.84,322.96,105881.0
10:26,323.01,323.2,322.61,322.9,180187.0
10:27,323.26,323.4,322.92,323.01,157481.0
10:28,322.98,323.4,322.88,323.29,119849.0
10:29,322.95,323.08,322.71,322.98,122219.0
10:30,323.24,323.39,322.9,322.9,125074.0
10:31,323.06,323.39,322.97,323.26,105932.0
10:32,323.71,323.79,323.06,323.1,203550.0
10:33,323.71,324.05,323.71,323.74,246415.0
10:34,323.65,323.8,323.42,323.77,132868.0
10:35,323.24,323.72,323.05,323.63,138821.0
10:36,323.98,324.04,323.12,323.23,163086.0
10:37,323.81,324.06,323.68,323.98,128892.0
10:38,324.04,324.25,323.67,323.86,185362.0
10:39,323.76,324.25,323.76,323.84,114233.0
10:40,323.41,323.82,323.4,323.8,123103.0
10:41,323.72,323.88,323.41,323.45,102977.0
10:42,323.53,323.98,323.46,323.71,145493.0
10:43,323.67,323.75,323.46,323.58,82427.0
10:44,323.62,323.99,323.58,323.67,114952.0
10:45,324.07,324.24,323.48,323.58,200612.0
10:46,324.21,324.46,324.0,324.06,146548.0
10:47,324.0,324.49,323.92,324.18,144723.0
10:48,324.06,324.2,323.83,324.05,124524.0
10:49,323.93,324.22,323.93,324.06,96309.0
10:50,324.01,324.2,323.85,323.99,89665.0
10:51,323.59,324.17,323.56,324.09,174422.0
10:52,323.04,323.66,322.95,323.6,273171.0
10:53,322.92,323.23,322.7,323.06,210142.0
10:54,322.97,323.17,322.86,322.92,140469.0
10:55,322.96,323.19,322.75,322.96,152258.0
10:56,322.37,323.01,322.34,322.93,235558.0
10:57,322.21,322.29,322.08,322.14,347587.0
10:58,322.32,322.6,322.16,322.17,198869.0
10:59,322.09,322.44,321.84,322.27,184732.0
11:00,322.09,322.33,321.78,322.07,206660.0
11:01,322.33,322.49,321.89,322.04,211582.0
11:02,322.03,322.45,321.95,322.34,161277.0
11:03,322.04,322.11,321.56,322.0,311420.0
11:04,322.51,322.54,322.0,322.07,236679.0
11:05,322.29,322.53,322.05,322.53,149948.0
11:06,322.63,322.83,322.3,322.32,244952.0
11:07,322.59,322.76,322.5,322.61,119597.0
11:08,322.74,322.77,322.51,322.62,105733.0
11:09,322.52,322.79,322.5,322.7,124704.0
11:10,322.69,322.81,322.35,322.54,140838.0
11:11,322.71,322.72,322.38,322.66,118614.0
11:12,322.78,323.0,322.66,322.72,151412.0
11:13,322.56,323.1,322.45,322.8,156459.0
11:14,322.66,322.83,322.5,322.54,103415.0
11:15,322.42,322.75,322.38,322.65,109992.0
11:16,321.97,322.56,321.91,322.38,247673.0
11:17,322.01,322.05,321.74,321.83,217421.0
11:18,321.35,322.1,321.35,321.96,209659.0
11:19,321.09,321.55,321.05,321.36,256311.0
11:20,321.01,321.17,320.77,321.1,330486.0
11:21,320.67,321.07,320.63,321.02,238467.0
11:22,319.79,320.86,319.65,320.67,645398.0
11:23,319.96,320.21,319.68,319.77,323900.0
11:24,320.6,320.78,319.92,319.96,290589.0
11:25,320.36,320.64,320.1,320.6,218539.0
11:26,320.5,320.6,320.22,320.31,157807.0
11:27,320.52,320.73,320.41,320.52,168802.0
11:28,319.85,320.53,319.85,320.51,301457.0
11:29,320.12,320.25,319.45,319.87,353917.0
11:30,319.86,320.3,319.66,320.11,235217.0
11:31,319.1,319.91,318.86,319.85,641688.0
11:32,319.14,319.44,318.93,319.1,297900.0
11:33,319.31,319.36,318.8,319.11,343103.0
11:34,319.12,319.38,319.03,319.31,202909.0
11:35,318.61,319.23,318.54,319.12,393146.0
11:36,318.98,319.23,318.36,318.57,358965.0
11:37,318.67,319.04,318.5,318.93,224868.0
11:38,318.31,318.68,318.16,318.65,313086.0
11:39,317.78,318.31,317.5,318.27,621536.0
11:40,318.52,318.58,317.76,317.77,409598.0
11:41,318.42,318.74,318.31,318.47,217114.0
11:42,317.88,318.44,317.69,318.42,300984.0
11:43,318.26,318.26,317.63,317.89,241066.0
11:44,319.06,319.13,318.24,318.28,394910.0
11:45,318.87,319.21,318.8,319.05,245654.0
11:46,318.98,319.16,318.83,318.9,190533.0
11:47,318.82,319.1,318.65,318.93,173728.0
11:48,318.8,318.99,318.72,318.83,138097.0
11:49,319.14,319.18,318.7,318.79,187772.0
11:50,318.65,319.18,318.6,319.15,192660.0
11:51,319.24,319.3,318.66,318.67,204153.0
11:52,319.53,319.53,319.18,319.24,198027.0
11:53,319.07,319.57,319.03,319.56,158436.0
11:54,318.99,319.04,318.37,319.04,278605.0
11:55,318.69,319.09,318.4,319.0,175761.0
11:56,318.3,318.7,317.95,318.68,248052.0
11:57,318.36,318.41,318.3,318.36,114358.0
11:58,318.7,318.7,318.29,318.38,119362.0
11:59,318.65,318.89,318.57,318.63,143661.0
12:00,319.19,319.22,318.55,318.68,241003.0
12:01,319.47,319.51,319.05,319.14,182101.0
12:02,319.42,319.78,319.32,319.47,180467.0
12:03,319.59,319.69,319.37,319.39,123786.0
12:04,319.71,319.76,319.5,319.59,120900.0
12:05,319.84,319.98,319.66,319.69,171551.0
12:06,320.26,320.38,319.83,319.83,259556.0
12:07,320.48,320.71,320.23,320.3,252239.0
12:08,320.57,320.7,320.36,320.42,159540.0
12:09,320.4,320.93,320.05,320.52,294539.0
12:10,320.76,320.9,320.33,320.42,174746.0
12:11,320.74,321.04,320.64,320.8,212873.0
12:12,320.94,321.06,320.62,320.76,169496.0
12:13,320.73,321.06,320.7,320.94,111272.0
12:14,321.2,321.21,320.71,320.72,158446.0
12:15,321.25,321.55,321.11,321.21,274517.0
12:16,321.3,321.33,321.1,321.24,148398.0
12:17,321.3,321.5,321.22,321.3,156969.0
12:18,321.2,321.28,320.94,321.28,191349.0
12:19,321.42,321.49,321.02,321.17,171855.0
12:20,321.42,321.73,321.37,321.45,216413.0
12:21,321.04,321.45,320.89,321.42,181471.0
12:22,320.84,321.08,320.8,321.02,124619.0
12:23,320.7,320.99,320.7,320.86,203688.0
12:24,320.72,321.0,320.64,320.7,123259.0
12:25,321.22,321.25,320.66,320.74,144273.0
12:26,321.19,321.35,321.0,321.18,129483.0
12:27,321.38,321.38,321.12,321.2,105641.0
12:28,321.14,321.38,321.07,321.38,81659.0
12:29,320.94,321.21,320.8,321.11,99281.0
12:30,321.01,321.13,320.86,320.99,91936.0
12:31,320.93,321.07,320.86,321.07,77450.0
12:32,320.99,321.09,320.74,320.9,117990.0
12:33,320.93,321.28,320.9,321.05,101342.0
12:34,320.86,321.11,320.77,320.97,79767.0
12:35,320.97,321.04,320.76,320.89,68563.0
12:36,321.04,321.09,320.86,321.0,71195.0
12:37,320.88,321.15,320.8,321.04,76711.0
12:38,320.86,321.07,320.83,320.83,65632.0
12:39,320.79,320.94,320.7,320.89,74803.0
12:40,320.53,320.84,320.51,320.74,137921.0
12:41,320.32,320.73,320.21,320.57,217055.0
12:42,320.42,320.46,320.19,320.32,144003.0
12:43,320.57,320.57,320.17,320.4,104079.0
12:44,319.91,320.54,319.64,320.53,221428.0
12:45,319.92,320.16,319.82,319.83,138508.0
12:46,320.21,320.31,320.21,320.3,130134.0
12:47,320.04,320.31,319.97,320.27,73118.0
12:48,319.71,320.02,319.62,320.0,136774.0
12:49,319.32,319.79,319.09,319.67,214415.0
12:50,319.46,319.56,319.06,319.33,182539.0
12:51,319.3,319.63,319.21,319.43,145921.0
12:52,319.24,319.36,319.0,319.27,158346.0
12:53,319.05,319.29,318.99,319.29,100283.0
12:54,319.24,319.31,318.97,319.06,151676.0
12:55,318.8,319.35,318.6,319.23,229755.0
12:56,318.78,318.94,318.52,318.8,175520.0
12:57,318.52,318.77,318.4,318.74,178332.0
12:58,318.47,318.59,318.32,318.54,164538.0
12:59,318.39,318.64,318.12,318.42,166287.0
13:00,318.16,318.49,318.03,318.37,169015.0
13:01,318.02,318.28,317.8,318.11,253922.0
13:02,317.78,318.09,317.34,318.03,335817.0
13:03,318.38,318.43,317.67,317.73,333195.0
13:04,318.73,318.9,318.65,318.79,361141.0
13:05,318.45,318.75,318.45,318.71,181888.0
13:06,318.11,318.48,317.85,318.48,251574.0
13:07,318.48,318.56,317.85,318.13,180084.0
13:08,318.56,318.8,318.46,318.55,142977.0
13:09,318.82,318.88,318.35,318.59,131251.0
13:10,319.05,319.2,318.82,318.82,175353.0
13:11,319.09,319.4,318.95,319.04,184556.0
13:12,319.07,319.27,319.0,319.03,116713.0
13:13,319.07,319.3,319.01,319.07,120689.0
13:14,319.05,319.27,318.98,319.05,99326.0
13:15,318.79,319.12,318.71,319.05,151391.0
13:16,318.96,319.0,318.61,318.78,100157.0
13:17,318.96,319.08,318.85,318.96,85645.0
13:18,318.91,319.1,318.82,318.95,68288.0
13:19,318.85,319.02,318.76,318.9,53012.0
13:20,318.95,319.04,318.71,318.89,74662.0
13:21,318.87,319.03,318.82,319.0,74255.0
13:22,318.86,318.94,318.75,318.82,59727.0
13:23,318.28,318.96,318.26,318.95,155608.0
13:24,318.36,318.73,318.01,318.27,186630.0
13:25,318.49,318.53,318.33,318.33,118659.0
13:26,318.25,318.68,318.22,318.49,105982.0
13:27,318.42,318.44,318.16,318.29,88817.0
13:28,318.69,318.81,318.36,318.36,169385.0
13:29,318.58,318.85,318.5,318.68,95875.0
13:30,319.08,319.1,317.9,318.53,340539.0
13:31,319.3,319.33,318.84,319.07,159506.0
13:32,319.25,319.31,319.0,319.3,123064.0
13:33,319.47,319.67,319.1,319.23,186780.0
13:34,319.54,319.86,319.36,319.49,165441.0
13:35,319.79,319.86,319.41,319.52,154102.0
13:36,320.21,320.22,319.7,319.7,226568.0
13:37,320.02,320.69,320.02,320.22,236083.0
13:38,319.79,320.1,319.7,320.09,170183.0
13:39,319.46,319.75,319.36,319.73,168244.0
13:40,319.86,319.86,319.46,319.46,211917.0
13:41,319.51,319.86,319.43,319.86,255590.0
13:42,319.26,319.56,319.04,319.56,138480.0
13:43,319.12,319.28,319.05,319.24,89567.0
13:44,319.03,319.28,318.85,319.1,153072.0
13:45,319.05,319.19,318.87,319.01,114525.0
13:46,318.9,319.08,318.25,319.04,212676.0
13:47,318.28,318.82,318.1,318.82,172140.0
13:48,317.88,318.32,317.83,318.27,223826.0
13:49,317.66,317.98,317.25,317.84,324834.0
13:50,316.82,317.6,316.78,317.6,426362.0
13:51,317.39,317.47,316.6,316.84,310102.0
13:52,317.83,317.9,317.32,317.4,232565.0
13:53,318.14,318.3,317.7,317.89,209281.0
13:54,317.85,318.31,317.84,318.14,126223.0
13:55,318.11,318.19,317.89,317.89,107065.0
13:56,318.04,318.15,317.95,318.1,109269.0
13:57,317.84,318.1,317.81,318.04,84541.0
13:58,317.51,317.91,317.43,317.87,192996.0
13:59,317.14,317.64,317.11,317.48,173729.0
14:00,316.96,317.26,316.5,317.14,303105.0
14:01,316.85,316.99,316.31,316.93,224067.0
14:02,316.96,317.07,316.42,316.85,221965.0
14:03,316.69,317.2,316.59,316.95,162361.0
14:04,316.67,316.75,316.44,316.69,159751.0
14:05,316.8,317.05,316.61,316.7,213079.0
14:06,316.25,317.0,316.14,316.77,248887.0
14:07,316.52,316.67,316.14,316.27,179395.0
14:08,315.92,316.51,315.91,316.5,305391.0
14:09,315.93,316.0,315.38,315.96,383886.0
14:10,316.15,316.25,315.82,315.97,258882.0
14:11,315.72,316.2,315.63,316.09,167052.0
14:12,315.53,315.99,315.08,315.75,326438.0
14:13,315.47,315.76,315.39,315.49,236048.0
14:14,315.06,315.64,315.06,315.42,220911.0
14:15,315.09,315.44,314.9,315.05,492795.0
14:16,314.9,315.34,314.88,315.08,264420.0
14:17,315.44,315.64,314.75,314.89,323022.0
14:18,315.38,315.47,315.06,315.42,181027.0
14:19,315.34,315.44,315.12,315.44,142731.0
14:20,315.57,315.74,315.3,315.33,262376.0
14:21,315.69,315.86,315.2,315.54,219838.0
14:22,315.81,315.86,315.47,315.7,138626.0
14:23,315.8,316.1,315.62,315.8,235727.0
14:24,315.72,315.97,315.64,315.83,119489.0
14:25,315.72,315.92,315.47,315.7,157352.0
14:26,315.36,315.84,315.2,315.74,188114.0
14:27,315.63,315.72,315.3,315.36,168015.0
14:28,315.37,315.72,315.2,315.63,121076.0
14:29,315.55,315.65,315.22,315.36,117366.0
14:30,315.98,316.08,315.42,315.56,200005.0
14:31,316.16,316.36,315.94,316.0,209559.0
14:32,316.08,316.26,315.85,316.17,132366.0
14:33,316.06,316.38,316.03,316.06,128231.0
14:34,316.51,316.53,316.02,316.05,190843.0
14:35,316.51,316.7,316.33,316.54,189576.0
14:36,316.48,316.73,316.28,316.5,185662.0
14:37,316.55,316.7,316.22,316.46,150569.0
14:38,316.51,316.85,316.46,316.52,167042.0
14:39,316.45,316.62,316.29,316.54,131526.0
14:40,316.43,316.6,316.27,316.4,123447.0
14:41,316.04,316.4,315.92,316.4,162224.0
14:42,316.01,316.08,315.92,316.06,111049.0
14:43,316.06,316.3,315.9,315.98,102818.0
14:44,315.97,316.09,315.56,316.02,155278.0
14:45,316.29,316.33,315.8,315.99,179804.0
14:46,316.16,316.3,315.79,316.2,135454.0
14:47,315.85,316.24,315.82,316.16,86038.0
14:48,315.86,315.95,315.69,315.86,105862.0
14:49,315.77,315.99,315.5,315.84,112919.0
14:50,316.23,316.29,315.62,315.73,139981.0
14:51,316.05,316.32,316.0,316.18,98017.0
14:52,315.87,316.15,315.79,316.05,102661.0
14:53,315.92,315.99,315.77,315.83,77045.0
14:54,316.0,316.1,315.84,315.9,93433.0
14:55,316.62,316.64,316.01,316.01,190921.0
14:56,316.8,316.9,316.55,316.61,202604.0
14:57,316.83,316.88,316.47,316.78,143578.0
14:58,317.29,317.4,316.83,316.83,257235.0
14:59,317.38,317.48,317.15,317.32,164868.0
15:00,317.22,317.49,317.17,317.35,165451.0
15:01,317.32,317.6,317.2,317.2,116675.0
15:02,317.54,317.63,317.22,317.28,134440.0
15:03,317.05,317.6,316.94,317.57,241774.0
15:04,317.15,317.18,317.01,317.13,113710.0
15:05,317.23,317.28,316.83,317.18,160270.0
15:06,316.75,317.5,316.65,317.21,203252.0
15:07,316.84,316.94,316.64,316.73,130983.0
15:08,316.52,316.91,316.34,316.91,158645.0
15:09,316.89,316.89,316.43,316.5,114326.0
15:10,316.63,316.91,316.46,316.86,86890.0
15:11,316.99,317.18,316.59,316.61,163817.0
15:12,316.98,317.1,316.85,317.01,122820.0
15:13,316.95,317.11,316.75,317.01,109663.0
15:14,317.04,317.39,316.98,317.0,140231.0
15:15,317.23,317.3,317.04,317.04,110065.0
15:16,316.95,317.25,316.88,317.25,107178.0
15:17,316.52,317.0,316.42,316.98,153197.0
15:18,316.49,316.75,316.3,316.52,130840.0
15:19,316.5,316.66,316.35,316.45,108525.0
15:20,316.97,317.05,316.4,316.46,134257.0
15:21,317.07,317.1,316.72,316.97,105560.0
15:22,317.26,317.32,317.02,317.07,150946.0
15:23,317.02,317.28,316.97,317.25,106918.0
15:24,316.98,317.18,316.9,316.97,106608.0
15:25,317.11,317.25,316.96,317.0,112581.0
15:26,317.05,317.2,317.01,317.11,103295.0
15:27,316.73,317.07,316.66,317.05,134943.0
15:28,316.65,316.82,316.43,316.8,139998.0
15:29,317.31,317.41,316.63,316.65,198557.0
15:30,317.45,317.64,317.34,317.34,191799.0
15:31,317.26,317.46,317.04,317.43,148597.0
15:32,317.28,317.35,317.26,317.3,107805.0
15:33,317.71,317.82,317.25,317.26,157338.0
15:34,317.7,317.8,317.54,317.7,156425.0
15:35,317.56,317.9,317.46,317.67,193455.0
15:36,317.84,317.98,317.57,317.59,138589.0
15:37,318.0,318.11,317.64,317.82,180894.0
15:38,318.05,318.18,317.77,318.02,176303.0
15:39,317.82,318.1,317.7,318.03,169647.0
15:40,317.63,317.83,317.49,317.81,190665.0
15:41,317.64,317.78,317.3,317.66,227789.0
15:42,317.21,317.64,317.14,317.62,144808.0
15:43,317.62,317.69,317.2,317.21,199343.0
15:44,317.47,317.65,317.3,317.61,149644.0
15:45,318.38,318.38,317.37,317.49,278535.0
15:46,318.31,318.49,318.11,318.34,250004.0
15:47,318.07,318.4,318.07,318.3,164436.0
15:48,318.06,318.24,318.04,318.06,113819.0
15:49,318.44,318.45,318.0,318.05,187593.0
15:50,317.86,318.7,317.83,318.3,306878.0
15:51,318.03,318.21,317.55,317.83,234832.0
15:52,317.24,317.99,317.24,317.99,258752.0
15:53,316.97,317.56,316.88,317.22,341761.0
15:54,317.13,317.2,316.52,316.93,316902.0
15:55,317.13,317.17,316.5,317.13,442223.0
15:56,317.17,317.28,317.03,317.15,243958.0
15:57,317.01,317.11,316.67,317.11,347458.0
15:58,316.68,317.05,316.67,317.01,304743.0
15:59,316.28,316.8,316.19,316.7,771719.0
