Time,Close,High,Low,Open,Volume
09:30,308.73,310.07,306.69,310.07,11036146.0
09:31,304.48,308.75,304.31,308.73,2138302.0
09:32,303.74,305.5,302.9,304.55,2009724.0
09:33,302.71,304.73,301.0,303.77,2375019.0
09:34,304.93,305.2,302.5,302.81,2267183.0
09:35,303.32,305.43,301.8,304.89,2004001.0
09:36,302.8,303.85,302.33,303.36,1396713.0
09:37,303.0,303.68,302.01,302.84,1161201.0
09:38,303.92,304.18,302.64,302.98,1106638.0
09:39,302.59,304.01,302.15,303.97,1360852.0
09:40,303.35,303.6,301.87,302.59,1227700.0
09:41,304.25,304.74,303.0,303.37,1070956.0
09:42,304.33,305.24,304.07,304.28,970976.0
09:43,304.49,304.58,302.7,304.38,883798.0
09:44,304.95,305.33,304.18,304.49,726758.0
09:45,305.31,305.31,305.31,305.31,869102.0
09:46,305.29,306.29,304.83,305.37,971380.0
09:47,305.23,305.49,305.04,305.3,94852.0
09:48,305.26,305.68,305.1,305.36,1481871.0
09:49,305.51,305.89,305.14,305.26,575414.0
09:50,305.97,306.0,304.63,305.53,878384.0
09:51,306.64,307.21,305.91,305.93,1027597.0
09:52,307.47,307.48,306.36,306.66,642289.0
09:53,307.81,308.12,307.7,307.7,699738.0
09:54,306.95,307.02,306.92,307.01,1173964.0
09:55,307.9,307.96,306.87,306.93,462332.0
09:56,307.65,308.71,307.6,307.86,849057.0
09:57,307.88,308.25,307.18,307.63,513604.0
09:58,307.11,308.3,306.77,307.89,757010.0
09:59,307.0,307.66,306.73,307.11,524699.0
10:00,306.35,307.1,306.2,307.02,644582.0
10:01,307.37,307.77,306.21,306.39,559721.0
10:02,306.59,307.5,306.43,307.38,413263.0
10:03,307.29,307.41,306.31,306.59,483869.0
10:04,307.06,307.43,306.57,307.27,403687.0
10:05,305.95,307.3,305.8,307.06,664628.0
10:06,305.77,306.49,305.59,305.95,650821.0
10:07,305.12,305.94,305.05,305.8,573067.0
10:08,305.41,305.49,304.78,305.11,636184.0
10:09,304.78,305.43,304.33,305.39,621135.0
10:10,304.98,305.45,304.6,304.82,527682.0
10:11,304.59,305.03,304.3,304.95,522340.0
10:12,304.06,304.75,303.87,304.56,929114.0
10:13,304.31,304.72,303.81,304.06,436110.0
10:14,304.69,304.88,303.94,304.33,498291.0
10:15,304.21,304.8,303.8,304.71,626348.0
10:16,304.38,304.46,304.04,304.16,317897.0
10:17,304.72,305.17,304.32,304.36,507859.0
10:18,305.47,305.63,304.62,304.71,488535.0
10:19,305.65,305.99,305.37,305.47,420916.0
10:20,306.16,306.26,305.58,305.59,473972.0
10:21,305.46,306.39,305.41,306.18,389933.0
10:22,304.85,305.5,304.66,305.44,460683.0
10:23,304.53,304.87,304.48,304.8,351757.0
10:24,304.95,305.28,304.37,304.55,353405.0
10:25,304.43,305.12,304.32,304.99,306574.0
10:26,304.06,304.45,303.9,304.42,519699.0
10:27,304.52,304.61,303.83,304.06,411268.0
10:28,304.32,304.62,304.18,304.51,237965.0
10:29,303.8,304.55,303.62,304.28,387542.0
10:30,303.86,303.94,303.38,303.75,476792.0
10:31,304.28,304.35,303.87,303.89,337627.0
10:32,304.26,304.33,303.73,304.29,278866.0
10:33,304.38,304.76,304.01,304.23,335757.0
10:34,304.19,304.5,303.94,304.38,265569.0
10:35,304.22,304.3,303.5,304.15,462025.0
10:36,304.09,304.5,304.08,304.25,224219.0
10:37,304.54,304.88,304.43,304.66,381834.0
10:38,305.03,305.17,304.46,304.54,308500.0
10:39,305.21,305.42,304.81,305.02,333098.0
10:40,304.32,305.49,304.31,305.27,401233.0
10:41,304.31,304.44,304.02,304.33,250154.0
10:42,303.85,304.33,303.66,304.33,461396.0
10:43,304.4,304.47,303.67,303.86,332847.0
10:44,304.13,304.51,304.03,304.4,207590.0
10:45,304.75,304.86,304.16,304.16,268864.0
10:46,304.53,304.81,304.24,304.74,196691.0
10:47,304.31,304.79,304.25,304.51,239227.0
10:48,303.91,304.42,303.88,304.31,303201.0
10:49,303.7,304.05,303.59,303.88,444609.0
10:50,303.91,304.0,303.6,303.73,264368.0
10:51,303.65,303.92,303.41,303.89,379258.0
10:52,303.28,303.82,303.23,303.66,387769.0
10:53,303.66,303.69,303.29,303.31,325513.0
10:54,303.27,303.67,303.15,303.67,341671.0
10:55,303.0,303.34,302.88,303.27,703487.0
10:56,302.69,303.0,302.62,302.98,544584.0
10:57,303.44,303.5,302.61,302.65,378711.0
10:58,303.17,303.73,303.1,303.45,386190.0
10:59,303.54,303.67,303.07,303.15,281649.0
11:00,303.58,303.68,303.13,303.54,259692.0
11:01,303.78,303.95,303.57,303.57,312779.0
11:02,303.51,303.91,303.37,303.77,210201.0
11:03,303.57,303.83,303.43,303.48,200904.0
11:04,303.17,303.61,303.04,303.59,313394.0
11:05,303.32,303.55,303.02,303.14,207133.0
11:06,302.38,303.35,302.34,303.33,616406.0
11:07,303.16,303.28,302.38,302.43,316709.0
11:08,302.83,303.55,302.83,303.18,2326760.0
11:09,302.66,302.89,302.41,302.85,290686.0
11:10,302.81,302.88,302.5,302.66,264066.0
11:11,302.51,302.88,302.43,302.86,258488.0
11:12,302.2,302.66,302.08,302.5,492868.0
11:13,302.08,302.55,302.01,302.18,368083.0
11:14,301.94,302.21,301.77,302.07,742635.0
11:15,301.75,302.3,301.69,301.97,428801.0
11:16,301.56,301.87,301.52,301.75,466747.0
11:17,301.44,301.85,301.42,301.58,433005.0
11:18,301.46,301.52,301.31,301.45,367203.0
11:19,301.69,301.75,301.35,301.41,333803.0
11:20,302.16,302.38,301.64,301.71,426904.0
11:21,302.6,302.63,302.05,302.14,413541.0
11:22,302.68,302.93,302.5,302.62,399013.0
11:23,302.95,303.08,302.67,302.69,352788.0
11:24,302.91,303.0,302.54,302.95,297898.0
11:25,303.0,303.37,302.92,302.95,366050.0
11:26,303.07,303.13,302.67,303.0,284703.0
11:27,302.71,303.17,302.6,303.08,269249.0
11:28,302.63,302.97,302.63,302.73,204390.0
11:29,302.31,302.73,302.3,302.65,280308.0
11:30,302.8,302.84,302.26,302.29,224921.0
11:31,302.63,303.01,302.62,302.81,252395.0
11:32,302.81,303.04,302.5,302.69,247787.0
11:33,303.24,303.3,302.78,302.84,274444.0
11:34,302.73,303.24,302.49,303.17,262151.0
11:35,302.35,302.86,302.35,302.75,230742.0
11:36,302.27,302.41,301.88,302.34,371048.0
11:37,302.04,302.32,301.9,302.25,269232.0
11:38,302.2,302.26,301.98,302.01,177603.0
11:39,302.26,302.52,302.13,302.2,191157.0
11:40,302.2,302.49,302.11,302.28,197162.0
11:41,302.21,302.5,302.02,302.17,182350.0
11:42,301.85,302.33,301.74,302.23,298382.0
11:43,302.07,302.09,301.71,301.83,218864.0
11:44,302.01,302.18,301.89,302.03,196007.0
11:45,302.29,302.43,301.99,302.02,219433.0
11:46,302.76,302.87,302.18,302.31,271366.0
11:47,302.71,302.84,302.45,302.75,223585.0
11:48,302.57,302.94,302.47,302.71,193880.0
11:49,302.29,302.85,302.22,302.54,185480.0
11:50,302.12,302.3,302.05,302.27,203251.0
11:51,302.41,302.43,302.03,302.12,158140.0
11:52,302.78,302.88,302.4,302.42,194283.0
11:53,302.62,302.95,302.52,302.77,188928.0
11:54,302.91,302.99,302.4,302.62,192833.0
11:55,303.3,303.38,302.8,302.9,289782.0
11:56,303.25,303.37,303.07,303.3,185670.0
11:57,303.04,303.34,303.0,303.25,181097.0
11:58,303.01,303.08,302.85,303.05,151946.0
11:59,302.87,303.17,302.8,303.0,144754.0
12:00,302.69,302.97,302.63,302.87,158371.0
12:01,302.37,302.67,302.22,302.67,225986.0
12:02,302.35,302.45,302.16,302.4,169957.0
12:03,302.44,302.59,302.29,302.35,154115.0
12:04,302.3,302.49,302.15,302.43,152277.0
12:05,302.25,302.33,302.05,302.3,159207.0
12:06,302.48,302.73,302.23,302.23,189176.0
12:07,301.76,302.46,301.67,302.46,389831.0
12:08,301.88,301.98,301.61,301.72,304929.0
12:09,301.58,301.99,301.53,301.9,250837.0
12:10,301.68,301.93,301.51,301.57,233182.0
12:11,301.57,301.71,301.45,301.66,327609.0
12:12,301.85,301.89,301.54,301.59,185232.0
12:13,301.67,301.9,301.5,301.85,235997.0
12:14,301.74,301.76,301.5,301.67,216406.0
12:15,301.66,301.98,301.54,301.72,295418.0
12:16,302.03,302.15,301.6,301.64,207757.0
12:17,302.17,302.3,301.91,302.02,225312.0
12:18,302.19,302.38,301.97,302.15,324119.0
12:19,302.39,302.58,302.13,302.25,231265.0
12:20,302.62,302.68,302.32,302.39,225726.0
12:21,302.27,302.75,302.17,302.62,226496.0
12:22,301.89,302.3,301.86,302.27,202629.0
12:23,301.7,301.89,301.58,301.88,195886.0
12:24,301.32,301.75,301.15,301.68,452451.0
12:25,301.23,301.5,301.19,301.36,477578.0
12:26,300.67,301.28,300.52,301.2,1149624.0
12:27,300.83,300.9,300.41,300.65,442085.0
12:28,301.08,301.13,300.72,300.84,324874.0
12:29,301.25,301.5,301.05,301.11,344792.0
12:30,301.69,301.69,301.02,301.25,261776.0
12:31,301.85,301.95,301.61,301.7,316807.0
12:32,301.85,301.94,301.63,301.84,201588.0
12:33,301.47,301.83,301.41,301.83,215097.0
12:34,301.88,301.97,301.44,301.44,208684.0
12:35,302.08,302.22,301.74,301.86,246900.0
12:36,302.27,302.29,301.85,302.08,177231.0
12:37,302.12,302.37,302.03,302.24,168481.0
12:38,302.05,302.28,302.05,302.13,147523.0
12:39,301.8,302.06,301.78,302.05,178706.0
12:40,301.87,302.1,301.68,301.78,168959.0
12:41,301.89,302.1,301.72,301.87,136866.0
12:42,301.71,301.9,301.56,301.88,159941.0
12:43,301.92,302.0,301.64,301.76,128307.0
12:44,301.68,301.94,301.63,301.93,148973.0
12:45,302.26,302.3,301.51,301.63,228490.0
12:46,302.23,302.65,302.04,302.25,330636.0
12:47,302.45,302.58,302.12,302.26,165662.0
12:48,302.42,302.66,302.27,302.4,169408.0
12:49,302.22,302.47,302.17,302.42,135409.0
12:50,302.07,302.3,301.79,302.22,180252.0
12:51,302.32,302.39,301.87,302.12,139154.0
12:52,301.97,302.33,301.92,302.32,127285.0
12:53,302.1,302.21,301.94,301.96,105206.0
12:54,302.29,302.52,302.1,302.1,135790.0
12:55,302.67,302.7,302.15,302.26,245621.0
12:56,302.54,302.69,302.31,302.66,142573.0
12:57,302.57,302.65,302.43,302.56,129072.0
12:58,302.85,302.96,302.5,302.52,244574.0
12:59,302.75,302.98,302.68,302.86,190006.0
13:00,302.53,302.96,302.47,302.74,620038.0
13:01,302.61,302.77,302.53,302.53,120462.0
13:02,302.42,302.61,302.4,302.6,168294.0
13:03,302.4,302.51,302.25,302.42,122335.0
13:04,302.68,302.9,302.36,302.37,178276.0
13:05,302.62,302.71,302.35,302.71,140726.0
13:06,302.72,302.94,302.61,302.64,179961.0
13:07,302.7,302.76,302.56,302.73,1.0
13:08,302.85,302.89,302.51,302.67,118140.0
13:09,302.8,302.96,302.63,302.85,536697.0
13:10,302.8,302.87,302.71,302.79,84997.0
13:11,302.79,302.82,302.6,302.82,120240.0
13:12,302.85,302.95,302.62,302.78,123132.0
13:13,302.94,303.01,302.76,302.83,218181.0
13:14,303.56,303.64,302.91,302.94,444450.0
13:15,303.54,303.75,303.34,303.55,317585.0
13:16,304.12,304.16,303.41,303.56,866195.0
13:17,304.55,304.59,303.98,304.14,542987.0
13:18,304.54,304.99,304.5,304.57,510073.0
13:19,304.09,304.63,303.95,304.53,311352.0
13:20,304.05,304.38,303.83,304.08,228131.0
13:21,304.22,304.45,303.95,304.03,183612.0
13:22,304.63,304.8,304.16,304.23,234524.0
13:23,304.47,304.64,304.25,304.64,192166.0
13:24,304.23,304.57,304.04,304.47,242648.0
13:25,304.19,304.46,304.15,304.24,170148.0
13:26,304.54,304.72,304.17,304.22,216683.0
13:27,304.36,304.61,304.31,304.52,148964.0
13:28,304.64,304.67,304.34,304.36,179662.0
13:29,304.27,304.66,304.15,304.64,198306.0
13:30,304.37,304.45,304.12,304.28,133768.0
13:31,304.7,304.88,304.39,304.39,251012.0
13:32,304.9,305.15,304.5,304.65,443424.0
13:33,305.35,305.4,304.87,304.94,357761.0
13:34,305.37,305.49,305.12,305.35,265553.0
13:35,305.51,305.52,304.98,305.36,271494.0
13:36,305.67,305.76,305.4,305.51,279734.0
13:37,305.24,305.74,305.16,305.66,266830.0
13:38,305.03,305.29,304.95,305.29,249850.0
13:39,304.55,305.03,304.33,305.02,310902.0
13:40,304.2,304.84,304.15,304.54,277764.0
13:41,303.76,304.24,303.59,304.2,339748.0
13:42,303.97,304.07,303.7,303.78,186572.0
13:43,303.69,304.3,303.64,303.98,241103.0
13:44,303.37,303.71,303.34,303.7,261834.0
13:45,303.26,303.62,303.21,303.37,200070.0
13:46,303.07,303.3,303.0,303.29,262715.0
13:47,302.9,303.25,302.88,303.06,250914.0
13:48,303.03,303.12,302.63,302.88,230489.0
13:49,303.17,303.35,302.93,303.01,181730.0
13:50,303.12,303.3,303.0,303.16,158418.0
13:51,303.28,303.35,303.0,303.06,140372.0
13:52,303.7,303.76,303.11,303.28,396545.0
13:53,303.64,303.77,303.47,303.73,162778.0
13:54,303.48,303.7,303.41,303.61,98684.0
13:55,303.51,303.58,303.35,303.51,131064.0
13:56,303.3,303.71,303.25,303.51,115602.0
13:57,302.8,303.38,302.8,303.31,293534.0
13:58,302.93,303.11,302.78,302.8,160143.0
13:59,303.04,303.08,302.85,302.89,123512.0
14:00,303.24,303.32,303.0,303.01,138224.0
14:01,303.41,303.42,303.26,303.28,133665.0
14:02,303.51,303.67,303.37,303.41,136681.0
14:03,303.28,303.63,303.25,303.5,148508.0
14:04,303.27,303.35,303.09,303.31,186825.0
14:05,303.07,303.39,302.96,303.23,168545.0
14:06,303.11,303.19,302.88,303.07,126514.0
14:07,302.98,303.2,302.94,303.09,104279.0
14:08,303.17,303.19,302.75,303.01,168508.0
14:09,303.12,303.26,303.07,303.14,112090.0
14:10,303.04,303.14,302.89,303.12,96947.0
14:11,303.06,303.4,303.0,303.05,137310.0
14:12,303.27,303.3,302.99,303.06,96607.0
14:13,303.15,303.3,303.05,303.25,88332.0
14:14,303.15,303.29,303.0,303.14,117920.0
14:15,302.93,303.16,302.83,303.12,164343.0
14:16,303.14,303.28,302.8,302.92,179737.0
14:17,303.06,303.2,302.97,303.14,102468.0
14:18,302.94,303.08,302.86,303.03,104789.0
14:19,303.08,303.1,302.83,302.93,114780.0
14:20,303.02,303.19,302.95,303.1,105559.0
14:21,303.06,303.38,302.98,303.04,176886.0
14:22,302.68,303.1,302.67,303.06,236633.0
14:23,302.48,302.72,302.18,302.68,339260.0
14:24,302.59,302.79,302.26,302.45,223464.0
14:25,303.0,303.09,302.58,302.6,188943.0
14:26,302.94,303.0,302.76,302.95,141755.0
14:27,303.36,303.48,302.79,302.94,231732.0
14:28,303.48,303.53,303.09,303.38,210657.0
14:29,303.82,303.93,303.38,303.46,263247.0
14:30,303.95,304.2,303.74,303.82,296701.0
14:31,304.26,304.48,303.87,303.99,302806.0
14:32,303.98,304.3,303.82,304.3,202236.0
14:33,303.93,304.15,303.93,303.98,160022.0
14:34,304.18,304.32,303.58,303.97,290076.0
14:35,304.15,304.3,303.74,304.18,171909.0
14:36,303.92,304.13,303.9,304.13,108356.0
14:37,303.77,304.17,303.74,303.92,137162.0
14:38,303.7,303.82,303.55,303.8,156972.0
14:39,304.02,304.15,303.56,303.72,658820.0
14:40,304.66,304.68,304.0,304.01,280969.0
14:41,304.49,304.73,304.48,304.65,167263.0
14:42,304.02,304.57,303.98,304.46,171272.0
14:43,304.02,304.2,303.9,304.02,107554.0
14:44,304.26,304.38,303.9,304.02,127709.0
14:45,303.71,304.29,303.64,304.26,170634.0
14:46,303.89,303.93,303.56,303.67,135747.0
14:47,303.85,304.1,303.82,303.87,98639.0
14:48,303.88,303.94,303.75,303.86,89468.0
14:49,303.98,304.0,303.7,303.87,97937.0
14:50,303.85,304.08,303.81,304.0,93092.0
14:51,304.13,304.23,303.8,303.89,132300.0
14:52,304.18,304.2,303.91,304.12,131578.0
14:53,304.02,304.29,304.0,304.17,150456.0
14:54,303.91,304.12,303.84,304.07,93742.0
14:55,303.97,304.17,303.9,303.9,100305.0
14:56,304.21,304.39,303.94,303.96,152289.0
14:57,304.2,304.28,304.12,304.21,108179.0
14:58,304.11,304.27,304.02,304.21,97580.0
14:59,304.47,304.65,304.08,304.15,249589.0
15:00,304.93,304.99,304.31,304.47,276910.0
15:01,304.73,305.0,304.45,304.92,242083.0
15:02,304.58,304.87,304.5,304.73,700864.0
15:03,304.88,304.9,304.51,304.58,132295.0
15:04,304.86,305.0,304.73,304.88,157767.0
15:05,304.83,305.0,304.8,304.8,164670.0
15:06,305.14,305.2,304.84,304.84,201455.0
15:07,305.12,305.27,305.08,305.13,166893.0
15:08,304.74,305.15,304.68,305.1,250366.0
15:09,304.75,304.8,304.6,304.76,174449.0
15:10,304.93,304.97,304.63,304.72,158198.0
15:11,305.12,305.27,304.93,304.97,191691.0
15:12,305.05,305.2,304.89,305.14,181216.0
15:13,304.63,304.97,304.63,304.94,143555.0
15:14,305.13,305.16,304.44,304.62,259080.0
15:15,305.26,305.33,305.06,305.15,225101.0
15:16,305.38,305.42,305.06,305.27,166476.0
15:17,305.79,305.8,305.38,305.38,336287.0
15:18,305.75,305.96,305.47,305.79,343312.0
15:19,306.05,306.13,305.74,305.75,470018.0
15:20,306.12,306.38,305.88,306.04,359841.0
15:21,306.25,306.44,305.94,306.14,296093.0
15:22,306.05,306.28,305.85,306.27,296123.0
15:23,306.17,306.25,305.92,306.04,202575.0
15:24,306.4,306.5,306.09,306.17,334327.0
15:25,306.41,306.55,306.19,306.42,217709.0
15:26,305.98,306.43,305.81,306.39,308707.0
15:27,306.19,306.35,305.87,305.95,200499.0
15:28,306.35,306.38,305.93,306.15,188305.0
15:29,306.65,306.71,306.33,306.36,331478.0
15:30,306.88,307.06,306.5,306.64,453547.0
15:31,306.82,307.2,306.69,306.88,398636.0
15:32,307.02,307.1,306.69,306.81,232965.0
15:33,307.11,307.19,306.9,307.02,200876.0
15:34,307.24,307.29,307.05,307.11,241205.0
15:35,307.28,307.32,306.9,307.24,292998.0
15:36,307.07,307.39,306.91,307.29,251259.0
15:37,307.3,307.3,306.72,307.06,292999.0
15:38,307.4,307.44,307.11,307.26,268287.0
15:39,307.37,307.48,307.24,307.38,303013.0
15:40,306.83,307.39,306.78,307.34,282869.0
15:41,306.73,306.87,306.69,306.82,234450.0
15:42,306.3,306.79,306.23,306.74,352860.0
15:43,306.54,306.72,306.26,306.3,267702.0
15:44,306.43,306.74,306.25,306.54,400173.0
15:45,306.29,306.44,306.14,306.42,246107.0
15:46,306.33,306.53,306.05,306.3,269884.0
15:47,306.74,306.82,306.07,306.37,264996.0
15:48,306.86,306.93,306.73,306.78,236754.0
15:49,307.14,307.22,306.83,306.88,300055.0
15:50,306.41,307.1,305.55,307.08,755656.0
15:51,305.64,306.49,305.57,306.38,428604.0
15:52,305.75,305.93,305.41,305.63,392859.0
15:53,305.76,305.99,305.43,305.74,321495.0
15:54,305.72,306.08,305.53,305.77,344852.0
15:55,306.47,307.06,305.71,305.74,749245.0
15:56,306.3,306.54,306.17,306.48,392819.0
15:57,306.05,306.56,305.98,306.31,621930.0
15:58,305.66,306.09,305.63,306.04,682764.0
15:59,305.07,305.68,305.0,305.68,1226272.0
