Time,Close,High,Low,Open,Volume
09:30,344.26,345.6,343.35,345.1,3715454.0
09:31,342.7,344.67,342.25,344.19,653297.0
09:32,342.11,343.2,341.67,342.67,631659.0
09:33,343.24,343.29,341.65,342.1,476532.0
09:34,342.41,343.24,342.15,343.17,317500.0
09:35,341.92,342.53,341.45,342.36,440165.0
09:36,341.59,342.39,341.35,341.98,399392.0
09:37,342.43,342.48,341.53,341.57,303449.0
09:38,342.29,343.0,342.09,342.42,392443.0
09:39,342.77,342.9,342.3,342.39,256560.0
09:40,342.23,343.09,342.05,342.73,311430.0
09:41,342.48,342.75,341.75,342.18,368491.0
09:42,341.0,342.46,340.8,342.39,578856.0
09:43,339.28,339.32,338.88,339.28,820383.0
09:44,338.17,339.38,337.56,339.18,819535.0
09:45,338.56,338.88,337.58,338.56,554801.0
09:46,338.5,338.67,338.5,338.58,14899.0
09:47,338.77,338.77,338.5,338.5,539081.3333333333
09:48,339.04,339.04,338.77,338.77,1063263.6666666665
09:49,338.83,339.35,338.51,339.31,1587446.0
09:50,338.0,338.96,337.82,338.79,465926.0
09:51,337.38,338.0,337.38,338.0,961045.3333333333
09:52,336.76,337.38,336.76,337.38,1456164.6666666665
09:53,335.42,336.23,335.39,336.14,1951284.0
09:54,336.08,336.24,335.33,335.44,497119.0
09:55,336.38,336.58,336.01,336.17,376408.0
09:56,335.65,336.58,335.15,336.4,528072.0
09:57,335.99,336.44,335.26,335.71,386883.0
09:58,336.19,336.43,335.7,336.03,265337.0
09:59,336.25,336.77,335.88,336.21,386744.0
10:00,334.75,336.23,334.02,336.13,983311.0
10:01,335.23,335.32,333.76,334.78,669285.0
10:02,334.47,335.23,334.2,335.19,333871.0
10:03,333.43,334.52,333.33,334.52,622973.0
10:04,332.73,333.63,332.56,333.54,799691.0
10:05,331.22,333.0,331.15,332.7,1114878.0
10:06,330.06,331.28,328.75,331.23,1870890.0
10:07,329.55,330.21,328.55,330.03,901829.0
10:08,328.22,329.73,327.62,329.55,1068326.0
10:09,330.06,330.48,327.91,328.3,1089733.0
10:10,330.33,330.4,329.34,330.02,654032.0
10:11,330.01,330.77,329.66,330.33,720144.0
10:12,329.52,330.0,328.5,329.96,665527.0
10:13,327.83,329.44,327.33,329.44,954935.0
10:14,328.59,328.79,328.27,328.29,622716.0
10:15,329.7,329.7,328.44,328.55,529490.0
10:16,329.87,330.11,329.31,329.67,586801.0
10:17,330.34,330.4,329.11,329.8,591014.0
10:18,329.83,330.43,329.37,330.35,357766.0
10:19,329.5,330.09,329.14,329.83,311202.0
10:20,330.77,330.91,329.46,329.46,517394.0
10:21,330.56,331.32,330.47,330.8,604593.0
10:22,329.89,330.66,329.36,330.62,487374.0
10:23,330.29,330.49,329.79,329.86,287812.0
10:24,330.6,330.84,330.11,330.24,236450.0
10:25,331.64,331.8,330.56,330.56,506019.0
10:26,332.09,332.15,331.16,331.63,488962.0
10:27,332.24,332.78,331.88,332.08,583972.0
10:28,331.94,332.32,331.6,332.27,394043.0
10:29,332.2,332.46,331.91,331.94,335210.0
10:30,332.82,332.94,332.2,332.21,372423.0
10:31,332.03,332.91,331.88,332.74,400284.0
10:32,331.44,332.28,331.15,332.03,463447.0
10:33,331.11,331.58,330.92,331.54,357309.0
10:34,330.73,331.36,330.51,331.08,371223.0
10:35,331.37,331.84,330.51,330.69,387087.0
10:36,331.16,331.47,330.89,331.35,258419.0
10:37,330.42,331.24,330.04,331.18,464928.0
10:38,329.99,330.54,329.84,330.47,442463.0
10:39,330.39,330.44,329.5,329.96,405875.0
10:40,330.0,330.6,329.99,330.36,260664.0
10:41,330.37,330.37,329.5,329.97,358283.0
10:42,331.33,331.4,330.3,330.35,323540.0
10:43,331.46,331.88,331.07,331.34,278550.0
10:44,332.16,332.3,331.37,331.54,272368.0
10:45,331.12,332.19,331.11,332.17,314365.0
10:46,331.56,331.8,330.75,331.18,273243.0
10:47,331.58,331.91,331.39,331.56,177891.0
10:48,331.87,332.16,331.5,331.6,227542.0
10:49,331.84,332.18,331.72,331.93,175140.0
10:50,331.53,331.84,331.27,331.83,170190.0
10:51,331.94,332.08,331.39,331.56,190636.0
10:52,331.97,332.14,331.65,331.97,83348.0
10:53,332.26,332.41,331.75,331.94,283135.0
10:54,332.45,332.58,332.04,332.21,213466.0
10:55,332.59,332.69,332.2,332.34,232689.0
10:56,331.91,332.55,331.9,332.55,223699.0
10:57,331.63,332.34,331.42,331.95,251255.0
10:58,332.35,332.44,331.41,331.63,192452.0
10:59,332.51,332.85,332.33,332.37,257581.0
11:00,333.01,333.06,332.41,332.54,262236.0
11:01,333.48,333.75,332.92,333.05,460457.0
11:02,333.68,333.98,333.45,333.5,318819.0
11:03,333.75,333.94,333.42,333.71,323098.0
11:04,333.85,333.86,333.56,333.68,189390.0
11:05,333.99,334.13,333.52,333.81,305664.0
11:06,334.04,334.34,333.81,333.96,274926.0
11:07,333.79,334.06,333.66,334.01,122880.0
11:08,333.11,333.57,332.79,333.55,490945.0
11:09,333.71,333.72,332.99,333.1,166537.0
11:10,333.49,333.77,333.18,333.7,128983.0
11:11,333.75,333.8,333.49,333.49,170852.0
11:12,333.45,333.98,333.42,333.74,186281.0
11:13,333.63,333.8,333.06,333.41,163171.0
11:14,333.53,333.82,333.35,333.62,136841.0
11:15,333.85,334.16,333.43,333.52,215654.0
11:16,333.91,334.24,333.8,333.8,167436.0
11:17,334.07,334.47,333.9,333.92,234480.0
11:18,334.1,334.16,333.64,334.04,215667.0
11:19,334.04,334.12,333.83,334.07,136465.0
11:20,333.96,334.23,333.71,334.03,153502.0
11:21,333.76,334.07,333.5,333.95,186620.0
11:22,334.39,334.6,333.61,333.73,267434.0
11:23,333.78,334.47,333.74,334.36,200918.0
11:24,334.04,334.12,333.61,333.81,135168.0
11:25,333.95,334.18,333.76,334.1,118275.0
11:26,334.0,334.47,333.83,333.96,169910.0
11:27,333.56,334.04,333.0,334.04,345385.0
11:28,333.16,333.59,333.08,333.59,170090.0
11:29,333.16,333.34,332.94,333.16,206094.0
11:30,332.73,333.26,332.63,333.21,253980.0
11:31,333.37,333.43,332.57,332.74,265285.0
11:32,333.62,333.75,333.18,333.39,190154.0
11:33,333.34,333.89,333.32,333.6,127808.0
11:34,333.28,333.65,333.06,333.34,134744.0
11:35,333.32,333.68,333.26,333.26,107776.0
11:36,333.65,333.8,333.24,333.29,130829.0
11:37,333.89,334.07,333.65,333.65,152703.0
11:38,333.68,334.0,333.5,333.89,145566.0
11:39,333.69,333.81,333.52,333.64,69375.0
11:40,333.24,333.26,333.19,333.19,183245.0
11:41,333.44,333.47,333.2,333.22,113908.0
11:42,333.41,333.65,333.1,333.41,118765.0
11:43,333.71,333.84,333.2,333.3,145877.0
11:44,332.79,333.9,332.51,333.7,289379.0
11:45,333.15,333.35,332.62,332.8,163889.0
11:46,333.02,333.3,332.87,333.2,110780.0
11:47,332.65,333.21,332.61,333.02,121170.0
11:48,331.83,332.65,331.77,332.65,361772.0
11:49,332.07,332.2,331.7,331.85,238188.0
11:50,332.33,332.34,331.75,332.07,172586.0
11:51,333.0,333.09,332.3,332.36,235780.0
11:52,333.3,333.45,332.85,332.95,177991.0
11:53,333.42,333.45,333.12,333.34,131789.0
11:54,333.78,333.93,333.38,333.42,205173.0
11:55,334.15,334.39,333.64,333.77,263779.0
11:56,334.53,335.05,334.17,334.19,434318.0
11:57,334.55,334.76,334.25,334.55,234022.0
11:58,333.92,334.52,333.87,334.52,267876.0
11:59,334.14,334.34,333.91,333.96,169755.0
12:00,334.16,334.45,333.94,334.12,167987.0
12:01,333.91,334.36,333.82,334.13,128319.0
12:02,334.74,334.86,333.91,333.94,259427.0
12:03,334.62,334.95,334.5,334.75,163350.0
12:04,334.64,334.74,334.42,334.65,133560.0
12:05,334.37,334.69,334.22,334.64,112749.0
12:06,334.41,334.51,334.11,334.33,138698.0
12:07,333.58,334.35,333.51,334.35,208580.0
12:08,333.71,333.9,333.54,333.55,87101.0
12:09,333.47,333.85,333.39,333.73,149524.0
12:10,332.99,333.58,332.92,333.42,193139.0
12:11,332.49,332.99,332.33,332.98,231826.0
12:12,332.03,332.6,331.84,332.45,262480.0
12:13,330.9,332.12,330.8,332.03,375029.0
12:14,331.28,331.48,330.82,330.87,215912.0
12:15,331.65,331.76,331.22,331.28,234580.0
12:16,331.79,331.8,331.31,331.66,182962.0
12:17,332.21,332.39,331.62,331.76,220400.0
12:18,332.65,332.71,332.09,332.23,172416.0
12:19,332.53,332.65,332.36,332.61,131602.0
12:20,332.24,332.59,332.2,332.45,102984.0
12:21,332.2,332.37,332.03,332.25,153545.0
12:22,332.5,332.7,332.19,332.2,152573.0
12:23,332.5,332.6,332.29,332.39,76777.0
12:24,332.67,332.87,332.43,332.5,146517.0
12:25,332.56,332.84,332.43,332.71,108157.0
12:26,332.37,332.65,331.97,332.59,208903.0
12:27,332.07,332.39,331.95,332.38,99309.0
12:28,331.82,332.24,331.67,332.01,157896.0
12:29,331.8,331.98,331.69,331.84,88458.0
12:30,332.03,332.18,331.68,331.8,137643.0
12:31,332.24,332.43,331.99,331.99,110739.0
12:32,332.24,332.47,332.15,332.23,108944.0
12:33,332.06,332.64,331.85,332.22,143082.0
12:34,332.37,332.46,331.98,332.12,105927.0
12:35,332.43,332.45,332.1,332.37,69863.0
12:36,332.14,332.45,332.0,332.41,84088.0
12:37,331.88,332.29,331.75,332.14,119212.0
12:38,331.96,331.98,331.75,331.83,141089.0
12:39,332.16,332.28,332.1,332.23,14727.0
12:40,332.14,332.32,331.92,332.19,75441.0
12:41,332.07,332.18,331.87,332.08,92660.0
12:42,332.43,332.54,331.95,332.04,84036.0
12:43,332.67,332.75,332.12,332.49,143516.0
12:44,332.91,333.16,332.58,332.66,186422.0
12:45,332.81,332.93,332.6,332.92,97820.0
12:46,332.65,332.84,332.6,332.84,113210.0
12:47,333.02,333.15,332.65,332.67,106782.0
12:48,332.89,333.04,332.8,332.97,62733.0
12:49,333.11,333.13,332.91,332.91,91911.0
12:50,332.86,333.18,332.81,333.1,87882.0
12:51,332.75,332.86,332.45,332.86,123581.0
12:52,332.49,332.95,332.45,332.75,88453.0
12:53,332.65,332.7,332.1,332.47,134677.0
12:54,332.64,333.0,332.55,332.64,88035.0
12:55,332.72,333.01,332.6,332.64,83973.0
12:56,332.66,332.9,332.45,332.8,83815.0
12:57,332.36,332.64,332.25,332.61,98053.0
12:58,332.45,332.48,332.21,332.39,73783.0
12:59,332.69,332.7,332.39,332.44,67618.0
13:00,332.73,332.89,332.55,332.75,76108.0
13:01,333.32,333.49,332.7,332.7,210930.0
13:02,333.39,333.48,333.16,333.32,94003.0
13:03,333.18,333.41,333.12,333.38,87797.0
13:04,333.18,333.33,332.92,333.25,133401.0
13:05,333.25,333.38,333.1,333.12,74142.0
13:06,333.29,333.35,333.03,333.28,73877.0
13:07,333.46,333.47,333.24,333.27,89977.0
13:08,333.16,333.55,333.11,333.49,83572.0
13:09,333.04,333.28,332.87,333.16,109801.0
13:10,332.92,333.15,332.91,333.08,63743.0
13:11,333.02,333.02,332.76,332.93,101686.0
13:12,333.25,333.44,332.96,332.98,98071.0
13:13,333.25,333.51,333.14,333.24,95358.0
13:14,333.28,333.43,333.11,333.27,86757.0
13:15,333.45,333.5,333.26,333.47,75702.0
13:16,333.34,333.6,333.31,333.42,102215.0
13:17,333.38,333.53,333.29,333.33,64503.0
13:18,332.98,333.38,332.83,333.38,131713.0
13:19,332.96,333.09,332.69,332.98,136945.0
13:20,333.02,333.05,332.77,332.92,75602.0
13:21,333.13,333.15,332.81,333.04,67633.0
13:22,332.97,333.19,332.9,333.1,59752.0
13:23,332.92,333.02,332.75,332.96,85253.0
13:24,333.05,333.19,332.9,332.93,71748.0
13:25,333.17,333.4,333.09,333.12,111102.0
13:26,333.15,333.25,333.02,333.25,51258.0
13:27,333.17,333.38,333.14,333.19,61984.0
13:28,332.98,333.23,332.9,333.18,94293.0
13:29,332.86,333.03,332.75,332.99,87277.0
13:30,332.77,332.9,332.72,332.87,70910.0
13:31,332.36,332.78,332.29,332.78,203131.0
13:32,332.33,332.49,331.95,332.36,204113.0
13:33,332.8,332.89,332.12,332.32,116920.0
13:34,333.17,333.37,332.76,332.78,175849.0
13:35,333.46,333.75,333.16,333.17,268759.0
13:36,333.13,333.53,333.07,333.5,104825.0
13:37,332.97,333.21,332.86,333.14,133026.0
13:38,332.91,333.1,332.9,333.0,76073.0
13:39,333.04,333.2,332.9,332.99,81797.0
13:40,333.18,333.18,332.56,333.02,158880.0
13:41,333.58,333.63,333.03,333.14,205702.0
13:42,334.07,334.11,333.35,333.58,228534.0
13:43,334.13,334.28,333.87,334.04,191929.0
13:44,334.38,334.42,334.01,334.09,154866.0
13:45,334.65,334.67,334.19,334.34,258019.0
13:46,334.01,334.81,333.92,334.69,262958.0
13:47,334.0,334.25,333.7,334.04,174299.0
13:48,333.83,334.02,333.78,334.0,97375.0
13:49,333.7,333.87,333.62,333.86,125769.0
13:50,334.11,334.12,333.72,333.74,112597.0
13:51,334.02,334.16,333.96,334.08,76798.0
13:52,334.23,334.35,333.98,334.05,106006.0
13:53,334.17,334.35,334.08,334.23,98490.0
13:54,334.02,334.46,333.9,334.2,103645.0
13:55,334.13,334.24,333.95,334.0,82213.0
13:56,334.15,334.2,333.93,334.13,84023.0
13:57,334.17,334.37,334.11,334.18,103676.0
13:58,334.25,334.34,334.15,334.2,66430.0
13:59,335.37,335.62,334.23,334.26,355142.0
14:00,334.92,335.4,334.8,335.38,215510.0
14:01,334.57,335.2,334.42,334.98,180230.0
14:02,334.66,334.85,334.5,334.55,141125.0
14:03,334.5,334.8,334.4,334.59,97713.0
14:04,334.17,334.52,334.13,334.45,114792.0
14:05,334.46,334.49,334.1,334.17,109223.0
14:06,334.77,335.0,334.26,334.45,152128.0
14:07,334.82,334.83,334.77,334.8,128354.0
14:08,334.52,334.85,334.3,334.82,123572.0
14:09,334.2,334.58,334.17,334.52,125730.0
14:10,334.18,334.3,333.96,334.18,134663.0
14:11,334.32,334.39,334.15,334.21,66828.0
14:12,333.85,334.36,333.66,334.3,180134.0
14:13,334.17,334.18,333.74,333.74,124546.0
14:14,334.12,334.29,334.05,334.11,70940.0
14:15,333.84,334.28,333.84,334.13,121679.0
14:16,333.62,333.96,333.39,333.9,236434.0
14:17,333.8,333.88,333.5,333.61,103702.0
14:18,333.78,333.85,333.62,333.8,79234.0
14:19,333.83,333.95,333.67,333.78,86358.0
14:20,334.17,334.25,333.8,333.83,103379.0
14:21,334.02,334.28,333.96,334.17,91416.0
14:22,334.13,334.24,333.98,334.02,60620.0
14:23,334.13,334.26,334.1,334.12,61085.0
14:24,333.85,334.12,333.75,334.11,91566.0
14:25,333.45,333.85,333.4,333.82,129656.0
14:26,332.76,333.53,332.68,333.47,824971.0
14:27,332.6,332.84,332.39,332.76,236683.0
14:28,332.54,332.75,332.38,332.59,211011.0
14:29,333.13,333.15,332.5,332.55,180930.0
14:30,332.71,333.35,332.68,333.09,171377.0
14:31,332.93,333.07,332.67,332.71,121247.0
14:32,333.48,333.57,332.91,332.94,149300.0
14:33,333.8,333.94,333.43,333.51,157387.0
14:34,333.85,333.98,333.66,333.75,99413.0
14:35,333.66,333.92,333.61,333.81,85689.0
14:36,334.02,334.25,333.63,333.63,145151.0
14:37,334.23,334.28,333.95,334.04,137606.0
14:38,334.27,334.33,333.99,334.21,138667.0
14:39,334.39,334.5,334.25,334.27,118694.0
14:40,334.41,334.6,334.34,334.37,143665.0
14:41,334.72,334.75,334.66,334.73,144869.0
14:42,334.27,334.83,334.26,334.74,163591.0
14:43,334.18,334.41,334.02,334.29,146332.0
14:44,334.33,334.44,334.12,334.17,91879.0
14:45,334.55,334.68,334.3,334.33,100824.0
14:46,334.49,334.62,334.39,334.62,68575.0
14:47,334.5,334.51,334.3,334.47,106377.0
14:48,334.21,334.58,334.2,334.48,96904.0
14:49,334.14,334.4,334.12,334.24,103487.0
14:50,334.29,334.45,334.0,334.18,136122.0
14:51,334.24,334.41,334.09,334.23,87853.0
14:52,334.28,334.6,334.25,334.26,98412.0
14:53,333.87,334.32,333.84,334.31,141367.0
14:54,333.89,334.07,333.72,333.87,96803.0
14:55,333.74,334.05,333.62,333.96,100372.0
14:56,334.27,334.3,333.7,333.74,151848.0
14:57,334.5,334.53,334.09,334.28,123223.0
14:58,334.47,334.73,334.36,334.49,154821.0
14:59,334.39,334.51,334.26,334.49,97492.0
15:00,334.77,334.84,334.3,334.39,144737.0
15:01,335.22,335.3,334.72,334.76,265352.0
15:02,334.58,335.25,334.53,335.2,185333.0
15:03,334.73,334.78,334.47,334.55,120247.0
15:04,334.56,334.84,334.5,334.73,81445.0
15:05,334.57,334.66,334.32,334.58,102083.0
15:06,334.55,334.73,334.42,334.64,76197.0
15:07,334.52,334.6,334.27,334.53,83631.0
15:08,334.67,334.7,334.4,334.5,98425.0
15:09,334.32,334.7,334.15,334.67,122584.0
15:10,334.4,334.56,334.23,334.3,100059.0
15:11,334.46,334.57,334.25,334.4,73894.0
15:12,334.29,334.73,334.27,334.43,111809.0
15:13,334.49,334.68,334.0,334.24,166403.0
15:14,334.72,334.95,334.41,334.52,165051.0
15:15,334.65,334.84,334.48,334.71,98460.0
15:16,334.98,335.03,334.56,334.67,151472.0
15:17,334.33,334.91,334.17,334.91,154860.0
15:18,334.35,334.39,334.1,334.39,114054.0
15:19,334.38,334.48,334.12,334.3,108487.0
15:20,334.58,334.58,334.21,334.36,121908.0
15:21,334.28,334.6,334.2,334.54,111202.0
15:22,334.36,334.5,334.08,334.29,119690.0
15:23,334.25,334.37,334.03,334.36,107146.0
15:24,333.82,334.32,333.75,334.27,120256.0
15:25,333.5,333.9,333.4,333.85,195387.0
15:26,333.5,333.65,333.34,333.53,133122.0
15:27,333.5,333.74,333.48,333.49,127679.0
15:28,333.85,334.0,333.45,333.47,168678.0
15:29,333.92,334.08,333.83,333.83,131069.0
15:30,334.18,334.35,333.63,333.95,176175.0
15:31,333.97,334.39,333.94,334.18,112720.0
15:32,334.64,334.68,333.85,333.99,166978.0
15:33,334.5,334.72,334.35,334.6,143255.0
15:34,334.58,334.78,334.35,334.48,141917.0
15:35,334.58,334.8,334.54,334.55,111961.0
15:36,334.68,334.77,334.41,334.65,105653.0
15:37,334.77,334.98,334.6,334.69,117716.0
15:38,334.64,334.81,334.55,334.75,93646.0
15:39,334.27,334.64,333.92,334.63,196218.0
15:40,334.07,334.26,333.77,334.22,177291.0
15:41,333.93,334.17,333.8,333.98,163914.0
15:42,333.57,334.04,333.34,333.94,221777.0
15:43,334.04,334.08,333.45,333.54,187754.0
15:44,334.26,334.51,333.99,334.01,191937.0
15:45,334.88,335.06,334.28,334.28,366830.0
15:46,334.47,334.91,334.36,334.84,122988.0
15:47,334.07,334.47,333.82,334.43,203466.0
15:48,334.1,334.24,333.93,334.09,121765.0
15:49,333.99,334.13,333.84,334.1,120133.0
15:50,334.22,334.55,333.84,333.95,245042.0
15:51,333.67,334.32,333.49,334.18,215402.0
15:52,332.97,333.05,332.79,332.9,391754.0
15:53,333.25,333.39,332.94,332.94,225579.0
15:54,332.77,333.36,332.45,333.26,369907.0
15:55,333.09,333.17,332.67,332.77,372062.0
15:56,333.22,333.5,333.03,333.1,274090.0
15:57,333.21,333.65,333.17,333.21,316047.0
15:58,333.23,333.3,332.94,333.22,309135.0
15:59,332.21,333.23,332.0,333.19,846017.0
