Time,Close,High,Low,Open,Volume
09:30,319.62,321.2,318.9,319.67,3713186.0
09:31,318.44,320.75,318.15,319.56,671895.0
09:32,319.3,319.39,317.77,318.44,549900.0
09:33,319.95,320.45,318.85,319.23,584394.0
09:34,319.73,320.94,319.39,319.99,509999.0
09:35,318.66,319.88,318.5,319.8,479935.0
09:36,319.14,319.82,318.33,319.18,605424.0
09:37,319.61,319.75,318.16,318.56,730912.0
09:38,319.67,320.21,319.41,319.59,425319.0
09:39,319.27,319.91,319.02,319.61,300184.0
09:40,318.47,320.14,318.42,319.24,444448.0
09:41,318.53,318.59,317.95,318.5,447565.0
09:42,318.29,318.84,318.17,318.54,272951.0
09:43,318.21,318.4,317.6,318.27,373992.0
09:44,318.89,319.09,317.9,318.18,323470.0
09:45,319.67,319.67,319.67,319.67,462011.0
09:46,319.12,320.18,318.94,319.65,507959.0
09:47,319.0,319.28,318.9,319.12,208122.0
09:48,318.76,319.27,318.25,319.0,317557.0
09:49,319.0,319.22,318.64,318.74,208123.0
09:50,318.74,319.2,318.6,319.01,217717.0
09:51,318.39,318.87,318.2,318.8,235399.0
09:52,318.17,318.56,317.65,318.39,450987.0
09:53,317.78,318.49,317.72,318.29,220565.0
09:54,317.33,317.82,316.9,317.82,597817.0
09:55,317.56,317.79,317.18,317.31,278154.0
09:56,317.23,317.76,316.74,317.55,409598.0
09:57,317.97,318.07,317.16,317.2,323256.0
09:58,318.11,318.3,317.64,318.0,272411.0
09:59,318.17,318.3,318.04,318.09,143401.0
10:00,317.96,318.3,317.81,318.17,225106.0
10:01,318.73,318.85,317.86,317.96,360351.0
10:02,318.4,318.96,318.37,318.77,241905.0
10:03,318.41,318.64,318.26,318.44,152795.0
10:04,318.31,318.36,318.22,318.27,146744.0
10:05,318.86,319.15,318.14,318.28,420355.0
10:06,319.01,319.31,318.75,318.91,255938.0
10:07,319.08,319.36,318.85,319.04,444407.0
10:08,318.67,319.13,318.5,319.04,180371.0
10:09,318.67,319.01,318.65,318.73,165535.0
10:10,318.86,319.05,318.51,318.68,188638.0
10:11,318.4,318.92,318.3,318.84,198448.0
10:12,318.12,318.44,317.96,318.37,241307.0
10:13,317.76,318.21,317.73,318.13,243316.0
10:14,318.14,318.28,317.62,317.77,223224.0
10:15,318.22,318.47,318.01,318.14,220577.0
10:16,317.89,318.29,317.79,318.22,176560.0
10:17,317.37,317.87,317.06,317.86,361357.0
10:18,317.59,317.6,317.25,317.37,175457.0
10:19,317.58,317.64,317.21,317.59,167958.0
10:20,317.0,317.6,316.42,317.6,436230.0
10:21,317.33,317.4,316.82,316.99,198122.0
10:22,317.04,317.35,316.76,317.3,224402.0
10:23,317.35,317.38,316.64,317.0,197523.0
10:24,317.4,317.66,317.19,317.3,199134.0
10:25,317.02,317.56,316.99,317.34,160109.0
10:26,317.44,317.44,316.88,317.0,155838.0
10:27,317.7,317.91,317.49,317.5,221173.0
10:28,317.36,317.83,317.29,317.67,161592.0
10:29,317.66,317.66,317.35,317.39,110043.0
10:30,317.05,317.51,316.81,317.51,235095.0
10:31,316.27,317.05,316.25,317.05,348604.0
10:32,316.25,316.5,315.8,316.25,469769.0
10:33,316.36,316.61,316.17,316.23,206253.0
10:34,316.34,316.36,316.03,316.36,177316.0
10:35,316.52,316.68,316.35,316.61,275097.0
10:36,316.71,317.0,316.68,316.86,372878.0
10:37,316.82,316.9,316.6,316.72,115762.0
10:38,316.79,316.98,316.56,316.85,134159.0
10:39,316.75,316.84,316.56,316.74,93445.0
10:40,315.61,316.75,315.57,316.7,363340.0
10:41,315.34,315.66,314.3,315.57,886750.0
10:42,314.61,315.42,314.52,315.32,349030.0
10:43,314.39,314.78,314.11,314.65,384482.0
10:44,314.88,315.12,314.32,314.35,303292.0
10:45,315.18,315.45,314.72,314.87,255306.0
10:46,315.32,315.4,315.03,315.18,173952.0
10:47,314.78,315.4,314.73,315.31,193901.0
10:48,314.8,314.99,314.63,314.82,148551.0
10:49,314.99,315.19,314.76,314.79,146717.0
10:50,315.32,315.33,314.87,315.0,150569.0
10:51,314.64,315.31,314.5,315.3,267197.0
10:52,313.97,314.64,313.76,314.64,451044.0
10:53,313.87,314.27,313.82,313.9,223689.0
10:54,314.14,314.18,313.55,313.88,349316.0
10:55,313.79,314.34,313.7,314.12,202271.0
10:56,313.67,313.84,313.5,313.78,263917.0
10:57,313.62,314.0,313.5,313.65,213397.0
10:58,313.2,313.64,313.1,313.63,351007.0
10:59,313.39,313.49,312.98,313.17,296038.0
11:00,313.55,313.72,313.33,313.39,207024.0
11:01,313.66,313.98,313.41,313.54,238959.0
11:02,314.19,314.2,313.7,313.7,237521.0
11:03,313.39,314.15,313.25,314.14,246969.0
11:04,312.96,313.48,312.8,313.37,340752.0
11:05,313.33,313.39,312.7,312.95,329249.0
11:06,313.52,313.6,313.49,313.5,165977.0
11:07,313.67,313.72,313.39,313.51,162548.0
11:08,313.05,313.75,313.05,313.68,204345.0
11:09,313.25,313.28,312.71,313.04,278380.0
11:10,313.5,313.57,313.11,313.22,224617.0
11:11,313.73,313.78,313.35,313.48,179688.0
11:12,313.43,313.75,313.4,313.74,121202.0
11:13,313.4,313.57,313.14,313.47,135287.0
11:14,313.04,313.68,313.02,313.4,183186.0
11:15,313.26,313.35,312.96,313.11,158381.0
11:16,313.55,313.6,313.0,313.23,197382.0
11:17,313.37,313.65,313.2,313.55,106575.0
11:18,313.61,313.88,313.33,313.41,167434.0
11:19,313.25,313.73,313.0,313.61,180878.0
11:20,313.38,313.49,313.11,313.2,140115.0
11:21,312.92,313.38,312.77,313.38,220930.0
11:22,313.7,313.72,312.96,312.96,243144.0
11:23,314.01,314.13,313.56,313.7,277460.0
11:24,314.13,314.2,313.81,313.96,204383.0
11:25,314.08,314.34,314.0,314.13,242677.0
11:26,314.0,314.36,313.9,314.06,213155.0
11:27,313.78,314.05,313.76,314.0,170626.0
11:28,313.76,313.84,313.54,313.79,152910.0
11:29,314.07,314.3,313.73,313.73,220460.0
11:30,314.09,314.12,313.82,314.12,140121.0
11:31,314.04,314.28,314.0,314.06,172274.0
11:32,313.86,314.13,313.75,314.07,169731.0
11:33,313.62,314.0,313.49,313.83,148543.0
11:34,313.63,313.73,313.41,313.61,139629.0
11:35,313.94,313.94,313.5,313.59,115831.0
11:36,314.15,314.23,313.95,313.95,157534.0
11:37,314.36,314.46,314.11,314.17,180478.0
11:38,314.15,314.43,314.09,314.36,110035.0
11:39,314.4,314.47,314.06,314.14,120210.0
11:40,314.35,314.47,314.16,314.36,107179.0
11:41,314.49,314.67,314.34,314.37,155616.0
11:42,314.56,314.6,314.31,314.52,93628.0
11:43,314.85,314.85,314.48,314.55,174979.0
11:44,314.23,314.87,314.14,314.86,234801.0
11:45,314.44,314.47,314.08,314.28,126109.0
11:46,314.43,314.71,314.27,314.42,109331.0
11:47,314.55,314.6,314.31,314.42,96110.0
11:48,314.47,314.69,314.44,314.55,81950.0
11:49,314.6,314.67,314.38,314.44,89940.0
11:50,314.56,314.68,314.4,314.6,89907.0
11:51,313.82,314.56,313.75,314.56,200228.0
11:52,313.89,313.94,313.6,313.8,179221.0
11:53,313.76,313.96,313.74,313.85,93918.0
11:54,313.83,313.92,313.76,313.76,75486.0
11:55,314.02,314.08,313.74,313.83,107899.0
11:56,314.11,314.15,313.8,314.02,102813.0
11:57,314.27,314.3,313.98,314.1,84705.0
11:58,314.28,314.39,314.25,314.28,91148.0
11:59,314.16,314.3,314.07,314.26,85502.0
12:00,314.17,314.32,314.09,314.18,63133.0
12:01,314.3,314.35,314.07,314.15,87689.0
12:02,314.11,314.44,314.11,314.27,118806.0
12:03,314.09,314.15,313.96,314.08,173818.0
12:04,314.29,314.47,314.07,314.12,92906.0
12:05,314.34,314.46,314.26,314.27,75821.0
12:06,314.61,314.74,314.36,314.36,193032.0
12:07,314.63,314.85,314.48,314.59,126143.0
12:08,314.5,314.76,314.31,314.65,112576.0
12:09,314.46,314.66,314.39,314.49,101694.0
12:10,314.6,314.69,314.33,314.45,89076.0
12:11,314.91,314.91,314.49,314.6,119162.0
12:12,314.98,315.0,314.85,314.88,204453.0
12:13,315.22,315.25,314.98,314.99,190584.0
12:14,315.03,315.25,314.85,315.21,145963.0
12:15,315.29,315.32,314.94,315.04,122504.0
12:16,315.09,315.38,315.08,315.26,122377.0
12:17,315.16,315.34,315.11,315.14,114305.0
12:18,315.38,315.46,315.15,315.2,116567.0
12:19,314.92,315.34,314.85,315.32,152235.0
12:20,315.14,315.18,314.64,314.91,140612.0
12:21,315.36,315.4,315.02,315.17,97591.0
12:22,315.2,315.48,315.2,315.36,102399.0
12:23,315.05,315.22,314.95,315.22,92511.0
12:24,314.83,315.06,314.71,315.04,93265.0
12:25,314.7,315.0,314.7,314.86,80881.0
12:26,314.34,314.71,314.14,314.68,182280.0
12:27,314.55,314.6,314.3,314.33,102719.0
12:28,314.48,314.67,314.42,314.52,64541.0
12:29,314.32,314.52,314.31,314.48,72050.0
12:30,314.77,314.8,314.17,314.31,135425.0
12:31,314.72,314.89,314.68,314.74,103034.0
12:32,314.4,314.69,314.3,314.69,83618.0
12:33,314.48,314.61,314.36,314.41,66477.0
12:34,314.57,314.68,314.43,314.5,66107.0
12:35,314.32,314.43,314.3,314.43,71799.0
12:36,314.32,314.43,314.18,314.33,80219.0
12:37,314.0,314.38,313.93,314.31,150657.0
12:38,314.08,314.14,313.78,313.95,143176.0
12:39,314.3,314.34,314.03,314.09,79442.0
12:40,314.09,314.41,314.0,314.26,97827.0
12:41,314.15,314.23,314.0,314.11,88334.0
12:42,314.29,314.39,314.0,314.1,87529.0
12:43,314.19,314.3,314.04,314.27,68813.0
12:44,314.49,314.49,314.11,314.16,99022.0
12:45,314.63,314.75,314.46,314.49,118899.0
12:46,314.54,314.77,314.52,314.64,80837.0
12:47,314.63,314.81,314.46,314.51,106290.0
12:48,314.62,314.79,314.6,314.63,58351.0
12:49,314.64,314.72,314.6,314.64,53274.0
12:50,314.71,314.76,314.6,314.67,62303.0
12:51,314.65,314.88,314.62,314.74,78012.0
12:52,314.36,314.69,314.25,314.6,123972.0
12:53,314.28,314.39,314.16,314.36,88325.0
12:54,313.91,314.4,313.85,314.32,140551.0
12:55,313.99,314.19,313.8,313.9,102993.0
12:56,313.6,314.08,313.41,313.98,285724.0
12:57,313.1,313.63,312.92,313.51,289955.0
12:58,313.07,313.19,312.81,313.05,219599.0
12:59,313.51,313.72,313.0,313.09,236083.0
13:00,314.05,314.06,313.44,313.5,146267.0
13:01,314.08,314.16,313.7,314.04,129849.0
13:02,314.34,314.39,314.34,314.37,147869.0
13:03,314.39,314.53,314.25,314.38,121288.0
13:04,314.18,314.52,314.14,314.39,118939.0
13:05,314.39,314.45,314.03,314.18,82293.0
13:06,314.7,314.75,314.4,314.42,121887.0
13:07,314.64,314.7,314.5,314.68,75075.0
13:08,314.79,315.09,314.6,314.6,184947.0
13:09,314.59,314.86,314.51,314.77,85464.0
13:10,314.42,314.75,314.42,314.62,81314.0
13:11,314.31,314.5,314.2,314.44,97069.0
13:12,314.29,314.4,314.2,314.37,74777.0
13:13,314.39,314.45,314.22,314.28,43282.0
13:14,314.48,314.5,314.24,314.39,39917.0
13:15,313.97,314.52,313.97,314.48,93333.0
13:16,313.89,314.0,313.7,313.97,131608.0
13:17,314.1,314.17,313.85,313.89,66719.0
13:18,314.08,314.32,314.0,314.12,62027.0
13:19,314.25,314.29,313.93,314.05,65151.0
13:20,314.29,314.45,314.2,314.29,63919.0
13:21,314.1,314.26,314.03,314.22,52354.0
13:22,314.15,314.3,314.11,314.12,59232.0
13:23,314.34,314.36,314.1,314.15,58893.0
13:24,313.98,314.36,313.9,314.29,79931.0
13:25,314.05,314.15,313.85,314.01,74571.0
13:26,313.93,314.17,313.91,314.07,52663.0
13:27,313.85,313.97,313.74,313.93,93346.0
13:28,313.87,313.97,313.75,313.81,82025.0
13:29,314.08,314.08,313.84,313.89,94268.0
13:30,314.04,314.2,314.01,314.05,57341.0
13:31,314.22,314.26,313.97,314.01,70963.0
13:32,314.41,314.47,314.05,314.23,87458.0
13:33,314.29,314.43,314.25,314.4,68948.0
13:34,314.35,314.4,314.18,314.31,51844.0
13:35,314.23,314.37,314.2,314.32,55432.0
13:36,314.73,314.75,314.18,314.21,126236.0
13:37,314.73,314.96,314.69,314.75,117033.0
13:38,314.88,314.9,314.73,314.76,54296.0
13:39,314.77,314.98,314.76,314.9,87783.0
13:40,314.61,314.88,314.57,314.75,83517.0
13:41,314.66,314.72,314.5,314.6,59564.0
13:42,314.5,314.76,314.46,314.65,76086.0
13:43,314.45,314.54,314.35,314.49,67204.0
13:44,314.55,314.64,314.4,314.49,51891.0
13:45,314.47,314.62,314.45,314.53,39783.0
13:46,314.29,314.52,314.26,314.46,53950.0
13:47,314.29,314.36,314.16,314.29,61490.0
13:48,314.05,314.29,313.92,314.27,79539.0
13:49,314.09,314.14,313.94,314.06,75396.0
13:50,313.96,314.11,313.79,314.07,119775.0
13:51,313.96,314.1,313.85,313.99,134696.0
13:52,313.95,314.1,313.9,313.91,149618.0
13:53,314.06,314.09,313.9,314.02,52973.0
13:54,314.06,314.11,313.93,314.06,52802.0
13:55,313.73,314.1,313.72,314.09,93648.0
13:56,313.71,313.79,313.6,313.75,112811.0
13:57,313.68,313.71,313.52,313.7,98411.0
13:58,313.74,313.83,313.61,313.66,77345.0
13:59,313.85,314.05,313.79,313.8,86176.0
14:00,313.43,313.94,313.36,313.91,182593.0
14:01,313.73,313.88,313.34,313.4,150992.0
14:02,313.6,313.87,313.51,313.72,64026.0
14:03,313.51,313.69,313.34,313.6,93992.0
14:04,313.75,313.79,313.5,313.54,79738.0
14:05,313.83,313.97,313.68,313.73,113098.0
14:06,314.05,314.08,313.8,313.84,124726.0
14:07,313.98,314.18,313.96,314.06,91209.0
14:08,314.28,314.34,313.92,313.98,156092.0
14:09,314.07,314.38,314.06,314.24,99805.0
14:10,313.94,314.25,313.92,314.07,86944.0
14:11,313.92,314.0,313.74,313.94,86947.0
14:12,314.26,314.28,313.87,313.91,90199.0
14:13,314.19,314.27,314.01,314.26,59849.0
14:14,314.31,314.37,314.06,314.19,83661.0
14:15,314.26,314.44,314.25,314.34,72973.0
14:16,314.2,314.34,314.13,314.28,52029.0
14:17,314.29,314.29,314.03,314.18,84704.0
14:18,314.15,314.45,314.13,314.27,68408.0
14:19,314.14,314.24,314.01,314.15,72449.0
14:20,314.53,314.57,314.16,314.17,136922.0
14:21,314.64,314.67,314.44,314.55,108205.0
14:22,314.8,315.05,314.58,314.61,236001.0
14:23,315.08,315.16,314.79,314.79,168745.0
14:24,315.01,315.24,314.93,315.1,147986.0
14:25,314.95,315.05,314.85,315.02,115355.0
14:26,315.17,315.19,314.85,314.95,107239.0
14:27,314.97,315.17,314.86,315.17,80160.0
14:28,315.02,315.17,314.89,314.98,85974.0
14:29,314.65,315.05,314.54,315.03,128529.0
14:30,314.39,314.64,314.37,314.62,119381.0
14:31,314.46,314.57,314.39,314.4,79189.0
14:32,314.32,314.55,314.27,314.49,78542.0
14:33,314.1,314.37,313.97,314.34,131230.0
14:34,313.9,314.1,313.88,314.08,123261.0
14:35,313.58,313.95,313.52,313.88,194732.0
14:36,313.49,313.61,313.48,313.58,189296.0
14:37,313.48,313.59,313.31,313.51,135415.0
14:38,313.47,313.54,313.28,313.51,108976.0
14:39,313.57,313.66,313.45,313.48,87082.0
14:40,313.32,313.75,313.2,313.63,187348.0
14:41,313.1,313.37,312.97,313.32,221242.0
14:42,313.05,313.2,313.0,313.1,116961.0
14:43,313.36,313.38,313.03,313.03,108016.0
14:44,313.35,313.59,313.3,313.35,102903.0
14:45,313.73,313.75,313.3,313.35,144307.0
14:46,313.77,313.83,313.63,313.71,103930.0
14:47,313.61,313.87,313.59,313.74,84036.0
14:48,313.51,313.62,313.4,313.6,79274.0
14:49,313.46,313.55,313.41,313.51,54103.0
14:50,313.5,313.66,313.45,313.47,66379.0
14:51,313.55,313.57,313.42,313.48,63761.0
14:52,313.34,313.65,313.11,313.53,148107.0
14:53,313.42,313.42,313.18,313.38,63830.0
14:54,313.67,313.69,313.3,313.4,95982.0
14:55,313.42,313.75,313.42,313.64,72987.0
14:56,313.1,313.43,313.1,313.43,127946.0
14:57,312.79,313.08,312.79,313.08,225278.0
14:58,312.48,312.85,312.3,312.8,344055.0
14:59,311.91,312.48,311.9,312.48,414027.0
15:00,312.46,312.55,311.7,311.9,244422.0
15:01,312.52,312.6,312.25,312.44,155468.0
15:02,312.56,312.93,312.41,312.51,186847.0
15:03,312.7,312.87,312.52,312.6,113641.0
15:04,312.96,313.12,312.7,312.73,179271.0
15:05,312.71,313.0,312.68,312.9,110291.0
15:06,312.54,312.77,312.42,312.71,615089.0
15:07,312.21,312.63,312.2,312.55,103961.0
15:08,312.45,312.61,312.21,312.26,118878.0
15:09,312.32,312.48,312.14,312.44,83227.0
15:10,312.39,312.5,312.22,312.43,140528.0
15:11,312.46,312.52,312.3,312.43,197830.0
15:12,312.21,312.5,312.08,312.43,115051.0
15:13,312.07,312.23,311.99,312.17,372872.0
15:14,311.95,312.12,311.88,312.1,129038.0
15:15,311.56,312.03,311.5,311.93,268162.0
15:16,311.12,311.6,311.01,311.56,395665.0
15:17,310.79,311.28,310.71,311.11,369977.0
15:18,310.91,311.14,310.66,310.82,305132.0
15:19,311.24,311.34,310.75,310.93,281376.0
15:20,310.76,311.37,310.73,311.23,198287.0
15:21,310.93,310.93,310.5,310.78,251053.0
15:22,311.23,311.31,310.8,310.93,199728.0
15:23,311.0,311.21,310.94,311.2,148657.0
15:24,310.94,311.14,310.92,310.98,137800.0
15:25,311.19,311.29,310.71,310.94,165571.0
15:26,311.05,311.46,311.0,311.18,210870.0
15:27,311.31,311.39,310.76,311.06,201950.0
15:28,311.22,311.44,311.08,311.34,116884.0
15:29,311.45,311.47,311.12,311.2,134067.0
15:30,311.0,311.49,311.0,311.47,163975.0
15:31,311.01,311.18,310.9,311.08,157899.0
15:32,310.92,311.13,310.82,311.05,146714.0
15:33,311.08,311.18,310.92,310.92,108304.0
15:34,311.11,311.24,310.92,311.06,107255.0
15:35,311.3,311.42,311.1,311.1,113172.0
15:36,311.01,311.33,310.99,311.3,160748.0
15:37,310.89,311.02,310.67,311.02,188971.0
15:38,311.45,311.5,310.83,310.88,442439.0
15:39,311.7,311.75,311.4,311.47,233831.0
15:40,311.64,311.88,311.6,311.68,193335.0
15:41,311.73,311.86,311.54,311.66,151028.0
15:42,311.73,311.92,311.43,311.74,237481.0
15:43,311.8,311.98,311.71,311.75,146930.0
15:44,311.71,311.92,311.66,311.78,138435.0
15:45,311.64,311.82,311.32,311.71,176312.0
15:46,311.5,311.9,311.45,311.62,140276.0
15:47,311.73,311.79,311.5,311.54,88244.0
15:48,312.22,312.29,311.74,311.76,252990.0
15:49,312.05,312.38,312.0,312.25,189759.0
15:50,311.73,312.27,311.68,312.08,183557.0
15:51,311.2,311.74,311.12,311.73,314788.0
15:52,311.27,311.43,311.16,311.16,170091.0
15:53,311.27,311.31,310.9,311.27,204783.0
15:54,311.15,311.31,311.0,311.26,191310.0
15:55,311.41,311.83,311.15,311.15,321521.0
15:56,311.56,311.65,311.29,311.39,169216.0
15:57,311.41,311.63,311.19,311.6,256318.0
15:58,311.35,311.47,311.25,311.4,293847.0
15:59,310.66,311.42,310.66,311.36,744193.0
