Time,Close,High,Low,Open,Volume
09:30,251.89,255.18,251.48,254.86,10276208.0
09:31,249.72,252.49,249.55,251.95,1686685.0
09:32,248.74,251.2,248.55,249.73,1518812.0
09:33,250.27,250.41,248.34,248.79,1321728.0
09:34,248.32,250.38,247.45,250.27,1240084.0
09:35,247.17,248.52,246.66,248.23,1090943.0
09:36,246.9,247.27,245.91,247.23,1171234.0
09:37,249.29,250.1,246.36,246.88,1486728.0
09:38,249.35,250.87,249.0,249.29,1536521.0
09:39,249.0,249.96,248.12,249.3,940251.0
09:40,249.08,249.61,248.4,248.99,578903.0
09:41,249.37,250.2,248.75,249.08,753162.0
09:42,247.78,249.41,247.3,249.35,852761.0
09:43,248.56,248.61,247.51,247.86,614800.0
09:44,248.3,249.35,248.06,248.57,522564.0
09:45,247.54,249.06,247.0,248.16,776486.0
09:46,246.75,248.03,246.63,247.52,731025.0
09:47,245.8,246.8,245.38,246.8,928380.0
09:48,246.1,246.88,245.73,245.73,613994.0
09:49,246.72,247.27,246.01,246.01,634728.0
09:50,245.61,246.82,245.2,246.76,610381.0
09:51,247.74,247.81,245.65,245.73,646640.0
09:52,246.39,247.89,245.32,247.79,780076.0
09:53,246.28,246.77,245.81,246.35,376734.0
09:54,245.43,246.87,244.43,246.33,908582.0
09:55,244.85,245.79,244.44,245.48,511325.0
09:56,246.31,246.35,244.73,244.83,583333.0
09:57,246.2,246.5,245.63,246.25,407179.0
09:58,245.65,246.28,245.12,246.14,377359.0
09:59,246.59,246.71,245.35,245.65,434457.0
10:00,245.84,248.2,244.81,246.63,1032317.0
10:01,245.64,246.31,245.12,245.75,367333.0
10:02,245.64,245.75,244.8,245.7,413257.0
10:03,245.26,246.0,245.05,245.61,341575.0
10:04,246.75,246.82,245.14,245.34,426942.0
10:05,246.22,246.97,246.0,246.74,363765.0
10:06,246.87,247.6,246.28,246.28,584590.0
10:07,247.35,247.46,246.73,246.88,339397.0
10:08,248.43,248.77,247.23,247.32,646897.0
10:09,248.16,248.73,247.82,248.44,393318.0
10:10,248.61,248.74,247.75,248.23,420509.0
10:11,249.52,249.61,248.26,248.62,639187.0
10:12,249.28,249.63,248.92,249.56,446687.0
10:13,248.75,249.49,248.62,249.18,439713.0
10:14,249.1,249.16,248.17,248.74,383963.0
10:15,248.55,249.3,248.48,249.1,344411.0
10:16,249.11,249.2,248.48,248.61,348418.0
10:17,249.76,250.3,249.1,249.1,875681.0
10:18,250.1,250.25,249.5,249.77,434330.0
10:19,250.24,250.35,249.73,250.1,480061.0
10:20,249.96,250.25,249.21,250.19,402245.0
10:21,250.07,250.4,249.43,249.9,1222020.0
10:22,251.44,251.55,249.95,250.03,654669.0
10:23,252.99,252.99,251.28,251.4,737364.0
10:24,252.87,252.99,252.16,252.94,636869.0
10:25,253.92,254.0,252.67,252.88,857756.0
10:26,254.11,254.47,253.82,253.88,782735.0
10:27,254.12,254.7,254.05,254.06,582165.0
10:28,254.97,255.0,253.93,254.11,677709.0
10:29,254.63,255.47,254.56,254.88,804985.0
10:30,255.07,255.15,254.11,254.59,558689.0
10:31,255.84,255.87,255.04,255.07,726378.0
10:32,255.24,255.76,254.93,255.76,437689.0
10:33,255.84,256.2,255.1,255.24,597541.0
10:34,255.99,256.24,255.47,255.83,433166.0
10:35,257.1,257.3,255.61,255.96,1028279.0
10:36,258.0,258.13,256.82,257.11,858862.0
10:37,257.11,258.07,256.8,257.96,760968.0
10:38,256.89,257.25,256.39,257.02,530014.0
10:39,256.72,257.04,256.15,256.88,470160.0
10:40,257.15,257.3,256.05,256.64,595094.0
10:41,256.73,257.7,256.6,257.17,530148.0
10:42,256.21,256.73,255.37,256.73,734119.0
10:43,256.33,256.6,255.88,256.18,346901.0
10:44,256.23,256.42,256.01,256.4,240797.0
10:45,256.27,256.37,255.7,256.22,376572.0
10:46,256.37,256.58,255.9,256.22,284928.0
10:47,257.16,257.48,256.21,256.4,502607.0
10:48,256.85,257.1,256.51,257.06,270569.0
10:49,256.71,257.04,256.4,256.86,264252.0
10:50,256.05,257.08,255.85,256.78,494869.0
10:51,256.29,256.57,255.8,256.0,364344.0
10:52,257.2,257.9,256.28,256.28,733948.0
10:53,256.79,257.7,256.41,257.27,439960.0
10:54,257.02,257.9,256.77,256.82,383341.0
10:55,257.47,257.67,256.5,257.06,396529.0
10:56,257.74,257.9,256.96,257.52,433929.0
10:57,256.96,257.86,256.8,257.69,346426.0
10:58,257.4,257.43,256.77,256.98,289704.0
10:59,257.09,257.6,256.88,257.36,253672.0
11:00,256.51,257.5,255.13,257.19,757926.0
11:01,256.43,257.8,255.63,256.55,568723.0
11:02,256.42,256.89,256.06,256.53,217559.0
11:03,256.86,257.07,256.3,256.5,238300.0
11:04,257.32,257.58,256.8,256.86,326236.0
11:05,256.86,257.4,256.76,257.31,209198.0
11:06,257.36,257.37,256.82,256.88,249546.0
11:07,258.85,258.9,257.35,257.36,710613.0
11:08,259.09,259.44,258.55,258.85,835120.0
11:09,258.43,259.16,258.22,259.1,443057.0
11:10,258.01,258.59,257.6,258.42,481356.0
11:11,258.72,258.78,257.85,258.03,377949.0
11:12,258.62,258.94,258.44,258.69,311133.0
11:13,258.62,258.99,258.45,258.61,251134.0
11:14,259.02,259.44,258.66,258.66,474851.0
11:15,258.69,259.1,258.35,259.05,316174.0
11:16,257.76,258.7,257.68,258.67,340212.0
11:17,257.58,257.91,257.32,257.76,378350.0
11:18,257.55,257.74,257.09,257.58,343943.0
11:19,256.85,257.66,256.3,257.6,465369.0
11:20,257.09,257.15,256.3,256.85,316664.0
11:21,257.52,257.65,256.45,257.1,301010.0
11:22,257.97,258.02,257.57,257.62,361266.0
11:23,257.2,258.09,255.9,257.94,759001.0
11:24,256.91,257.5,256.91,257.04,326944.0
11:25,257.33,257.38,256.47,256.91,421570.0
11:26,255.56,257.36,255.56,257.19,503902.0
11:27,255.21,255.67,254.69,255.56,770069.0
11:28,254.65,255.21,254.34,255.15,463564.0
11:29,254.75,254.9,254.25,254.65,447364.0
11:30,254.8,255.09,254.21,254.75,390241.0
11:31,254.14,254.94,254.13,254.79,283014.0
11:32,253.65,254.31,253.38,254.19,562353.0
11:33,254.18,254.24,253.25,253.58,437344.0
11:34,254.68,254.89,254.03,254.25,402546.0
11:35,253.52,254.74,253.47,254.68,299611.0
11:36,253.73,254.15,253.26,253.52,365487.0
11:37,254.35,254.43,253.67,253.73,223264.0
11:38,254.89,255.1,254.24,254.39,429721.0
11:39,255.28,255.37,254.63,254.89,327510.0
11:40,255.49,255.87,255.05,255.32,365941.0
11:41,255.75,255.91,255.56,255.6,224487.0
11:42,255.3,256.07,255.23,255.73,338342.0
11:43,255.0,255.59,254.94,255.3,255849.0
11:44,254.85,255.11,254.54,254.98,253099.0
11:45,254.81,255.36,254.4,254.89,347069.0
11:46,253.93,254.92,253.7,254.82,289911.0
11:47,253.5,253.96,253.4,253.91,279315.0
11:48,252.7,253.56,252.35,253.53,612381.0
11:49,252.7,253.34,252.61,252.64,315239.0
11:50,253.36,253.42,252.76,252.87,265380.0
11:51,253.18,253.62,253.1,253.36,245305.0
11:52,253.23,253.36,253.0,253.23,181727.0
11:53,253.59,253.69,252.6,253.3,310275.0
11:54,254.0,254.08,253.52,253.59,335695.0
11:55,254.46,254.56,253.9,254.0,274299.0
11:56,254.66,254.72,254.2,254.53,284398.0
11:57,254.56,254.7,254.09,254.6,218255.0
11:58,254.53,254.86,254.44,254.54,193356.0
11:59,254.7,254.74,254.2,254.47,168967.0
12:00,253.98,254.7,253.85,254.66,221721.0
12:01,253.8,254.22,253.6,253.9,211517.0
12:02,253.79,254.25,253.64,253.76,141388.0
12:03,254.45,254.45,253.54,253.92,176927.0
12:04,254.54,254.65,254.12,254.43,163493.0
12:05,254.63,254.77,254.05,254.5,183697.0
12:06,253.86,254.68,253.8,254.68,160592.0
12:07,253.94,254.11,253.49,253.84,204376.0
12:08,253.49,254.07,253.45,253.98,142693.0
12:09,253.2,253.5,253.1,253.49,228605.0
12:10,253.49,253.62,252.96,253.24,257852.0
12:11,253.25,253.91,253.25,253.55,197681.0
12:12,252.74,253.5,252.65,253.25,220153.0
12:13,253.6,253.67,252.66,252.76,178504.0
12:14,253.4,253.7,253.25,253.62,166361.0
12:15,253.2,253.62,253.06,253.38,124958.0
12:16,253.12,253.4,252.85,253.15,140448.0
12:17,253.15,253.25,252.81,253.17,134937.0
12:18,252.62,253.34,252.43,253.17,257521.0
12:19,252.51,252.77,252.3,252.66,218184.0
12:20,252.32,252.63,252.07,252.46,250386.0
12:21,251.9,252.48,251.84,252.28,308171.0
12:22,251.82,252.23,251.68,252.06,223831.0
12:23,252.02,252.18,251.67,251.74,216183.0
12:24,251.81,252.25,251.7,251.97,185050.0
12:25,251.26,251.92,251.25,251.85,332432.0
12:26,251.18,251.5,251.08,251.22,185186.0
12:27,251.49,251.64,251.17,251.18,209417.0
12:28,252.35,252.4,251.35,251.57,319284.0
12:29,252.62,252.74,252.26,252.3,509548.0
12:30,252.9,252.9,252.46,252.62,217723.0
12:31,252.57,252.95,252.25,252.9,199539.0
12:32,252.76,252.83,252.48,252.6,135427.0
12:33,252.85,253.17,252.71,252.79,206576.0
12:34,252.34,252.88,252.2,252.85,212547.0
12:35,252.95,252.95,252.26,252.26,170747.0
12:36,253.56,253.58,252.83,252.83,341595.0
12:37,253.65,253.73,253.31,253.53,229203.0
12:38,253.65,253.76,253.2,253.64,216840.0
12:39,253.57,253.8,253.39,253.67,126636.0
12:40,253.79,253.8,253.3,253.61,158890.0
12:41,253.46,253.85,253.27,253.71,127451.0
12:42,253.52,253.54,253.31,253.43,97659.0
12:43,254.04,254.2,253.51,253.52,294369.0
12:44,254.2,254.34,253.86,254.04,214028.0
12:45,254.29,254.46,253.98,254.2,224459.0
12:46,254.0,254.38,253.8,254.32,168258.0
12:47,254.01,254.32,253.88,254.0,130808.0
12:48,253.43,254.1,253.39,254.05,234357.0
12:49,253.08,253.64,252.9,253.46,272941.0
12:50,253.32,253.61,252.84,253.05,203500.0
12:51,254.04,254.15,253.16,253.3,182278.0
12:52,254.24,254.65,254.02,254.04,248441.0
12:53,254.64,254.7,254.16,254.26,152038.0
12:54,254.6,254.72,254.45,254.68,152533.0
12:55,255.26,255.44,254.45,254.62,383116.0
12:56,255.79,255.92,255.17,255.34,327702.0
12:57,256.42,256.45,255.65,255.78,476276.0
12:58,256.25,256.79,256.17,256.4,367541.0
12:59,256.35,256.47,256.11,256.21,189813.0
13:00,255.46,256.5,254.29,256.3,509562.0
13:01,255.61,255.82,255.25,255.45,150949.0
13:02,255.7,256.01,255.5,255.61,227874.0
13:03,256.1,256.2,255.61,255.64,164016.0
13:04,256.05,256.1,255.8,256.03,120309.0
13:05,256.17,256.24,255.8,256.01,143281.0
13:06,256.27,256.32,255.88,256.23,139730.0
13:07,256.24,256.39,255.91,256.27,139199.0
13:08,256.35,256.68,256.05,256.25,243375.0
13:09,256.36,256.67,256.27,256.44,165169.0
13:10,256.24,256.56,256.21,256.33,159683.0
13:11,256.34,256.5,255.97,256.22,173190.0
13:12,256.64,256.77,256.39,256.39,205231.0
13:13,256.64,256.75,256.3,256.68,135189.0
13:14,257.08,257.13,256.57,256.64,284598.0
13:15,257.01,257.25,256.83,257.08,289222.0
13:16,257.27,257.3,256.85,257.02,201270.0
13:17,257.14,257.34,256.96,257.3,157237.0
13:18,256.76,257.13,256.6,257.1,229365.0
13:19,256.62,257.04,256.46,256.73,227514.0
13:20,256.94,257.04,256.51,256.64,166705.0
13:21,256.9,257.0,256.55,257.0,155547.0
13:22,256.7,256.84,256.52,256.83,94080.0
13:23,256.46,256.79,256.39,256.73,111531.0
13:24,256.87,256.93,256.2,256.43,203346.0
13:25,257.23,257.3,256.56,256.9,207284.0
13:26,256.43,257.26,256.35,257.23,224284.0
13:27,256.65,256.8,256.46,256.46,106094.0
13:28,256.24,256.75,256.2,256.72,127204.0
13:29,255.91,256.39,255.8,256.21,207272.0
13:30,256.09,256.4,255.95,255.99,146262.0
13:31,255.95,256.27,255.74,256.12,145827.0
13:32,256.09,256.36,255.92,255.92,134412.0
13:33,255.38,256.12,255.17,256.12,263321.0
13:34,255.31,255.49,255.17,255.41,149024.0
13:35,255.25,255.67,255.22,255.34,123245.0
13:36,255.41,255.57,255.07,255.26,140377.0
13:37,254.92,255.41,254.79,255.41,242778.0
13:38,255.18,255.26,254.83,254.9,167770.0
13:39,255.41,255.56,254.87,255.16,171785.0
13:40,255.49,255.7,255.3,255.32,170805.0
13:41,255.4,255.59,255.17,255.48,1178734.0
13:42,255.89,255.95,255.39,255.39,183976.0
13:43,256.32,256.4,255.76,255.89,241683.0
13:44,256.62,256.74,256.25,256.33,208742.0
13:45,256.23,256.67,256.12,256.59,185963.0
13:46,256.53,256.69,256.1,256.18,193150.0
13:47,256.27,256.58,256.05,256.52,102453.0
13:48,256.31,256.39,256.14,256.27,95602.0
13:49,256.61,256.68,256.3,256.33,114127.0
13:50,256.6,256.94,256.54,256.64,219456.0
13:51,256.75,256.85,256.33,256.64,139282.0
13:52,257.06,257.16,256.52,256.76,262672.0
13:53,257.24,257.3,256.89,257.07,210627.0
13:54,257.61,257.71,257.12,257.23,304235.0
13:55,257.7,257.75,257.5,257.69,163331.0
13:56,257.84,257.89,257.56,257.73,164703.0
13:57,258.14,258.21,257.73,257.89,377617.0
13:58,257.94,258.23,257.86,258.14,165800.0
13:59,257.53,257.97,257.37,257.94,214180.0
14:00,257.61,257.8,257.4,257.5,158658.0
14:01,257.58,257.73,257.31,257.66,127171.0
14:02,256.76,257.61,256.75,257.61,216859.0
14:03,256.49,256.84,256.31,256.75,219800.0
14:04,257.01,257.16,256.4,256.51,174930.0
14:05,257.17,257.26,256.95,256.97,124388.0
14:06,256.89,257.3,256.84,257.2,114192.0
14:07,256.91,257.05,256.66,256.84,132325.0
14:08,257.22,257.3,256.68,256.85,119931.0
14:09,257.11,257.29,256.98,257.23,100036.0
14:10,257.28,257.32,256.96,257.12,84787.0
14:11,257.83,257.88,257.32,257.32,255541.0
14:12,258.0,258.1,257.81,257.85,197955.0
14:13,257.97,258.09,257.84,257.96,142005.0
14:14,257.49,258.16,256.88,257.95,276632.0
14:15,257.97,258.03,257.32,257.58,177023.0
14:16,257.79,258.12,257.75,257.97,186109.0
14:17,257.6,257.87,257.56,257.77,109903.0
14:18,257.19,257.7,257.1,257.63,149074.0
14:19,257.16,257.54,257.03,257.16,124075.0
14:20,257.82,257.9,257.1,257.16,148556.0
14:21,257.96,258.13,257.81,257.81,174990.0
14:22,257.89,258.19,257.81,258.0,155658.0
14:23,257.15,257.97,257.1,257.9,196143.0
14:24,257.27,257.31,256.96,257.19,180507.0
14:25,256.73,257.27,256.7,257.27,184781.0
14:26,256.51,256.91,256.18,256.74,286642.0
14:27,256.63,256.78,256.41,256.57,117845.0
14:28,256.58,256.8,256.42,256.64,106597.0
14:29,256.5,256.65,256.3,256.54,123249.0
14:30,256.86,256.97,256.52,256.52,157375.0
14:31,257.39,257.45,256.65,256.86,189718.0
14:32,257.52,257.85,257.34,257.37,251337.0
14:33,257.38,257.59,256.91,257.59,157237.0
14:34,257.18,257.36,257.01,257.36,76374.0
14:35,257.2,257.42,257.0,257.21,103912.0
14:36,257.14,257.39,256.96,257.31,95630.0
14:37,257.18,257.62,257.07,257.16,205274.0
14:38,257.38,257.7,257.2,257.2,126560.0
14:39,257.61,257.79,257.32,257.39,146414.0
14:40,257.33,257.65,257.12,257.62,140819.0
14:41,257.39,257.68,257.15,257.28,112848.0
14:42,257.53,257.6,257.13,257.33,98168.0
14:43,257.08,257.53,257.07,257.5,136620.0
14:44,256.51,257.12,256.48,257.08,244660.0
14:45,256.5,256.53,255.91,256.53,362512.0
14:46,256.41,256.79,256.18,256.47,185799.0
14:47,257.06,257.25,256.33,256.33,238677.0
14:48,256.98,257.2,256.94,257.01,120100.0
14:49,257.21,257.31,256.9,257.02,129952.0
14:50,256.75,257.24,256.51,257.17,132740.0
14:51,256.37,256.88,256.33,256.72,134303.0
14:52,256.35,256.63,256.19,256.36,182466.0
14:53,256.09,256.4,256.0,256.36,160450.0
14:54,256.36,256.36,256.0,256.04,134175.0
14:55,256.79,256.85,256.07,256.4,187628.0
14:56,257.23,257.32,256.65,256.73,184414.0
14:57,257.15,257.38,257.05,257.28,151880.0
14:58,257.36,257.57,257.11,257.11,151336.0
14:59,256.67,257.38,256.59,257.37,186334.0
15:00,256.5,257.04,256.37,256.61,196454.0
15:01,256.08,256.66,256.0,256.53,156766.0
15:02,255.71,256.29,255.69,256.08,230289.0
15:03,255.41,255.97,255.41,255.69,302800.0
15:04,255.08,255.62,254.98,255.42,299151.0
15:05,255.11,255.82,255.02,255.04,244327.0
15:06,255.28,255.75,255.1,255.1,199657.0
15:07,255.19,255.32,254.71,255.29,294769.0
15:08,255.3,255.65,255.16,255.2,188485.0
15:09,254.92,255.5,254.84,255.37,172656.0
15:10,255.03,255.32,254.74,254.99,182216.0
15:11,255.35,255.47,254.72,255.05,233887.0
15:12,254.96,255.36,254.86,255.34,160812.0
15:13,254.85,255.16,254.63,254.95,180755.0
15:14,254.62,255.14,254.44,254.84,182267.0
15:15,253.9,254.67,253.76,254.62,351401.0
15:16,254.07,254.27,253.8,253.89,257062.0
15:17,254.01,254.55,253.59,254.07,325015.0
15:18,253.7,254.13,253.6,254.01,190158.0
15:19,253.79,253.99,253.54,253.7,193961.0
15:20,253.28,253.94,253.13,253.75,270942.0
15:21,253.45,253.45,252.91,253.29,298770.0
15:22,252.76,253.4,252.62,253.4,274882.0
15:23,252.59,252.84,252.22,252.73,282505.0
15:24,252.61,252.94,252.55,252.63,244686.0
15:25,252.52,252.75,252.3,252.56,218128.0
15:26,252.71,252.88,252.31,252.52,258116.0
15:27,252.76,252.96,252.35,252.73,253607.0
15:28,252.71,253.25,252.57,252.82,310958.0
15:29,252.38,252.7,252.06,252.7,290354.0
15:30,252.48,252.6,251.91,252.42,326560.0
15:31,253.16,253.28,252.43,252.51,362886.0
15:32,252.68,253.23,252.54,253.16,240769.0
15:33,252.82,253.03,252.45,252.69,201775.0
15:34,251.71,252.9,251.59,252.82,405818.0
15:35,251.01,251.71,250.85,251.57,477079.0
15:36,250.79,251.11,250.48,251.05,406742.0
15:37,250.39,251.05,250.34,250.79,331335.0
15:38,250.49,250.82,250.38,250.39,249227.0
15:39,250.76,250.77,250.34,250.5,241547.0
15:40,251.21,251.29,250.56,250.76,315096.0
15:41,251.11,251.79,251.07,251.19,373212.0
15:42,251.07,251.7,250.81,251.19,292889.0
15:43,251.18,251.46,250.7,251.09,319970.0
15:44,251.42,251.43,251.0,251.21,140461.0
15:45,251.92,251.94,251.33,251.42,283990.0
15:46,251.35,251.94,250.92,251.9,313446.0
15:47,251.39,251.61,251.22,251.33,167760.0
15:48,252.15,252.18,251.34,251.43,273677.0
15:49,252.25,252.4,251.81,252.12,284168.0
15:50,252.66,253.16,252.0,252.39,508561.0
15:51,252.49,252.77,252.28,252.64,274048.0
15:52,252.85,252.99,252.24,252.38,300963.0
15:53,252.78,252.95,252.55,252.92,226049.0
15:54,252.79,253.45,252.63,252.85,380936.0
15:55,252.13,252.93,251.2,252.83,519597.0
15:56,251.48,252.26,251.4,252.14,397060.0
15:57,251.09,251.59,250.85,251.49,401174.0
15:58,251.07,251.22,251.0,251.1,354675.0
15:59,250.79,251.5,250.5,251.09,965374.0
