Time,Close,High,Low,Open,Volume
09:30,306.74,306.74,306.72,306.72,4313237.0
09:31,308.11,308.76,306.59,306.72,611792.0
09:32,306.64,308.18,306.1,308.11,506944.0
09:33,304.76,306.61,304.44,306.52,730845.0
09:34,304.36,304.6,303.51,303.9,568911.0
09:35,304.92,305.82,303.8,304.34,493008.0
09:36,304.43,305.67,304.4,304.86,412137.0
09:37,305.31,305.64,304.27,304.45,343048.0
09:38,305.08,305.45,304.75,305.39,236575.0
09:39,303.98,305.22,303.8,305.0,335632.0
09:40,304.08,304.76,303.6,304.02,334200.0
09:41,303.35,304.31,303.18,304.05,363473.0
09:42,302.8,303.69,302.68,303.38,451838.0
09:43,302.5,303.2,302.31,302.79,321501.0
09:44,302.48,302.76,302.12,302.54,294117.0
09:45,302.86,302.86,302.86,302.86,324048.0
09:46,303.07,303.56,302.76,302.86,322931.0
09:47,301.93,303.49,301.83,303.04,473744.0
09:48,302.93,303.2,302.0,302.0,267355.0
09:49,302.7,303.25,302.65,302.86,267474.0
09:50,302.56,302.93,302.27,302.75,236418.0
09:51,302.81,302.85,302.02,302.5,284438.0
09:52,302.08,302.92,301.99,302.79,261382.0
09:53,301.49,302.14,301.34,302.14,424692.0
09:54,301.65,301.76,301.25,301.52,356894.0
09:55,301.21,301.85,300.87,301.6,595605.0
09:56,301.08,301.5,301.01,301.13,287462.0
09:57,300.41,301.14,300.38,301.06,410627.0
09:58,300.64,300.8,300.34,300.41,373337.0
09:59,300.32,300.8,299.5,300.64,1129473.0
10:00,299.58,300.39,298.89,300.32,737999.0
10:01,298.63,299.64,298.56,299.58,529182.0
10:02,298.42,298.76,298.2,298.61,598932.0
10:03,299.26,299.35,297.82,298.44,812620.0
10:04,300.32,300.79,299.18,299.28,631594.0
10:05,300.32,300.7,299.91,300.34,413189.0
10:06,301.48,301.8,300.13,300.27,497210.0
10:07,301.0,301.91,300.89,301.52,431154.0
10:08,301.41,301.48,300.36,300.98,363248.0
10:09,301.73,301.78,301.21,301.43,294635.0
10:10,302.52,302.73,301.64,301.69,425742.0
10:11,302.41,303.12,302.24,302.5,431254.0
10:12,303.04,303.08,302.21,302.44,306311.0
10:13,302.01,303.05,301.97,303.0,341707.0
10:14,301.78,302.43,301.74,302.05,294829.0
10:15,302.21,302.79,301.73,301.78,228842.0
10:16,302.84,303.0,302.18,302.3,278115.0
10:17,303.3,303.55,302.6,302.83,423825.0
10:18,303.45,303.76,303.23,303.32,311748.0
10:19,302.97,303.55,302.86,303.42,233124.0
10:20,302.96,303.49,302.96,303.0,201024.0
10:21,302.61,303.35,302.41,303.04,281858.0
10:22,302.41,302.72,302.26,302.6,175647.0
10:23,303.4,303.42,302.31,302.41,208689.0
10:24,303.47,303.6,302.9,303.37,248135.0
10:25,303.66,304.11,303.49,303.49,340641.0
10:26,304.3,304.4,303.67,303.72,317681.0
10:27,303.96,304.52,303.91,304.27,300439.0
10:28,304.87,304.9,303.94,303.94,352092.0
10:29,304.55,304.99,304.46,304.9,245183.0
10:30,304.54,304.9,304.35,304.57,231069.0
10:31,304.98,305.1,304.24,304.52,392685.0
10:32,305.06,305.2,304.56,305.0,227780.0
10:33,305.15,305.35,304.72,305.06,244490.0
10:34,305.14,305.38,304.87,305.19,225079.0
10:35,304.54,305.47,304.5,305.2,227942.0
10:36,304.97,305.05,304.33,304.54,282909.0
10:37,305.54,305.58,304.94,305.0,216815.0
10:38,305.26,305.85,305.25,305.56,277174.0
10:39,304.58,305.25,304.5,305.23,240935.0
10:40,304.89,305.19,304.55,304.58,376201.0
10:41,305.23,305.28,304.64,304.94,189223.0
10:42,305.53,305.59,304.89,305.21,168875.0
10:43,305.32,305.56,305.0,305.56,131550.0
10:44,306.08,306.22,305.26,305.54,326385.0
10:45,306.84,306.88,305.53,305.53,521220.0
10:46,306.92,307.17,306.5,306.87,308654.0
10:47,307.31,307.36,306.87,306.9,296606.0
10:48,306.17,307.35,306.07,307.33,357222.0
10:49,305.8,306.3,305.75,306.15,247303.0
10:50,305.17,306.04,305.12,305.8,274679.0
10:51,304.67,305.42,304.56,305.18,329257.0
10:52,304.84,305.01,304.53,304.58,190460.0
10:53,304.57,304.98,304.43,304.88,166915.0
10:54,304.91,305.14,304.55,304.59,162725.0
10:55,305.37,305.63,304.85,304.99,179439.0
10:56,305.29,305.65,305.21,305.46,140920.0
10:57,305.72,305.95,305.31,305.33,157138.0
10:58,305.87,306.13,305.63,305.75,156826.0
10:59,305.47,305.84,305.33,305.84,142378.0
11:00,304.27,305.5,304.21,305.5,283915.0
11:01,304.88,304.88,304.0,304.26,293358.0
11:02,304.81,305.2,304.67,304.83,175362.0
11:03,305.31,305.35,304.65,304.81,192709.0
11:04,305.01,305.59,305.01,305.28,182245.0
11:05,305.38,305.48,304.91,305.0,108902.0
11:06,304.98,305.58,304.83,305.37,146885.0
11:07,305.36,305.48,305.04,305.04,48654.0
11:08,305.55,305.69,305.32,305.49,192942.0
11:09,305.23,305.57,305.13,305.49,108980.0
11:10,305.21,305.37,304.85,305.11,131904.0
11:11,305.67,305.81,305.0,305.15,143802.0
11:12,305.34,305.78,305.3,305.66,99005.0
11:13,305.15,305.45,304.98,305.39,142508.0
11:14,305.21,305.3,304.74,305.14,214239.0
11:15,305.27,305.39,304.87,305.14,162506.0
11:16,304.18,305.39,304.16,305.22,177094.0
11:17,304.37,304.5,303.88,304.18,239649.0
11:18,304.39,304.7,304.26,304.39,139610.0
11:19,304.4,304.48,304.12,304.42,129996.0
11:20,304.89,305.12,304.37,304.37,152480.0
11:21,304.61,305.0,304.4,304.91,86443.0
11:22,304.57,304.69,304.4,304.64,77479.0
11:23,304.76,304.95,304.5,304.58,87973.0
11:24,304.77,304.96,304.66,304.76,71466.0
11:25,305.28,305.5,304.75,304.83,185373.0
11:26,305.13,305.34,304.9,305.29,126168.0
11:27,305.1,305.4,305.01,305.13,104487.0
11:28,304.75,305.35,304.7,305.1,136916.0
11:29,304.86,305.04,304.61,304.76,95447.0
11:30,305.1,305.14,304.75,304.86,85428.0
11:31,304.96,305.28,304.81,305.08,86604.0
11:32,305.14,305.49,304.99,305.0,139970.0
11:33,305.41,305.43,305.1,305.18,78682.0
11:34,305.15,305.58,305.12,305.37,138555.0
11:35,305.86,305.93,305.17,305.22,139356.0
11:36,306.46,306.5,305.7,305.85,221937.0
11:37,306.57,306.69,306.16,306.38,184191.0
11:38,306.93,307.08,306.6,306.6,249938.0
11:39,307.35,307.39,306.96,306.96,223776.0
11:40,307.13,307.55,307.0,307.37,204164.0
11:41,306.9,307.26,306.73,307.1,227924.0
11:42,307.08,307.2,306.77,306.92,114959.0
11:43,307.18,307.24,306.95,307.05,143614.0
11:44,307.85,307.91,307.16,307.2,257749.0
11:45,308.54,308.58,307.86,307.89,333833.0
11:46,308.99,309.11,308.53,308.54,434044.0
11:47,307.92,309.18,307.85,309.05,327088.0
11:48,307.97,308.39,307.8,307.92,248293.0
11:49,307.84,308.27,307.84,307.95,149930.0
11:50,307.41,307.96,307.31,307.82,273380.0
11:51,307.49,307.6,307.22,307.36,158116.0
11:52,307.89,307.92,307.41,307.47,153562.0
11:53,307.68,308.29,307.55,307.92,204024.0
11:54,307.96,308.01,307.49,307.64,130093.0
11:55,307.84,308.06,307.75,307.94,113563.0
11:56,307.9,307.9,307.59,307.88,120104.0
11:57,307.79,308.05,307.62,307.9,121082.0
11:58,308.09,308.16,307.77,307.77,130719.0
11:59,307.88,308.2,307.85,308.06,87666.0
12:00,308.3,308.47,307.65,307.88,182884.0
12:01,308.89,309.09,308.31,308.31,284413.0
12:02,309.09,309.15,308.36,308.89,215515.0
12:03,309.01,309.15,308.64,309.09,182490.0
12:04,308.9,309.31,308.84,309.01,205336.0
12:05,308.71,309.05,308.56,308.95,138848.0
12:06,308.71,309.17,308.48,308.71,172486.0
12:07,308.76,309.22,308.7,308.71,150103.0
12:08,308.52,308.8,308.23,308.77,120813.0
12:09,308.34,308.46,308.13,308.31,137018.0
12:10,307.81,308.54,307.77,308.36,155641.0
12:11,308.06,308.33,307.81,307.87,141727.0
12:12,307.55,308.14,307.53,308.09,129451.0
12:13,307.36,307.62,307.33,307.53,209375.0
12:14,307.48,307.48,307.0,307.34,185928.0
12:15,307.1,307.44,306.99,307.42,151634.0
12:16,306.88,307.17,306.55,307.14,199255.0
12:17,307.26,307.43,306.84,306.86,159221.0
12:18,307.56,307.66,307.27,307.28,160057.0
12:19,307.71,307.73,307.39,307.58,81218.0
12:20,307.66,308.03,307.26,307.69,140278.0
12:21,307.5,307.68,307.11,307.68,116124.0
12:22,307.57,307.72,307.41,307.55,52129.0
12:23,307.21,307.58,307.04,307.55,75012.0
12:24,307.32,307.35,307.04,307.17,74310.0
12:25,307.9,307.94,307.25,307.32,88703.0
12:26,307.97,308.07,307.76,307.9,101736.0
12:27,307.56,307.99,307.56,307.91,78490.0
12:28,307.52,307.66,307.36,307.53,63719.0
12:29,307.18,307.62,307.17,307.51,80503.0
12:30,306.94,307.24,306.85,307.2,122241.0
12:31,306.92,307.05,306.75,306.92,107509.0
12:32,306.6,306.9,306.48,306.9,135820.0
12:33,306.89,307.01,306.59,306.68,76524.0
12:34,306.94,307.16,306.88,306.9,88599.0
12:35,307.05,307.05,306.86,306.96,52499.0
12:36,306.97,307.24,306.8,307.05,80792.0
12:37,306.57,307.12,306.57,306.99,79783.0
12:38,306.57,306.78,306.45,306.54,96491.0
12:39,306.54,306.79,306.4,306.56,86097.0
12:40,306.17,306.57,306.15,306.52,125938.0
12:41,306.14,306.3,305.96,306.16,156240.0
12:42,305.84,306.21,305.8,306.13,139990.0
12:43,305.96,306.0,305.7,305.8,144420.0
12:44,305.67,306.0,305.63,305.9,535498.0
12:45,306.08,306.08,305.5,305.67,196010.0
12:46,306.1,306.24,305.9,306.0,131708.0
12:47,305.83,306.2,305.75,306.11,110557.0
12:48,305.88,306.14,305.81,305.86,62971.0
12:49,305.67,305.97,305.57,305.88,96012.0
12:50,305.24,305.72,305.2,305.7,157821.0
12:51,305.36,305.42,305.15,305.24,110177.0
12:52,305.39,305.5,305.28,305.38,109187.0
12:53,305.08,305.6,305.08,305.39,123448.0
12:54,305.29,305.34,305.05,305.08,115800.0
12:55,305.52,305.56,305.23,305.28,210665.0
12:56,305.13,305.56,305.02,305.48,169304.0
12:57,304.84,305.23,304.66,305.05,216978.0
12:58,304.62,304.84,304.43,304.84,168786.0
12:59,304.11,304.64,303.98,304.61,263895.0
13:00,304.55,304.7,304.07,304.11,220733.0
13:01,304.06,304.56,304.01,304.55,154204.0
13:02,303.61,304.08,303.44,304.07,312866.0
13:03,303.71,303.87,303.33,303.55,205336.0
13:04,303.86,304.26,303.64,303.71,187353.0
13:05,303.64,304.07,303.4,303.84,195901.0
13:06,304.13,304.26,303.5,303.62,157114.0
13:07,304.33,304.67,303.89,304.12,159830.0
13:08,304.81,304.9,304.3,304.38,164523.0
13:09,304.8,304.93,304.59,304.85,107078.0
13:10,304.76,305.0,304.61,304.8,149716.0
13:11,304.61,304.83,304.33,304.69,105345.0
13:12,304.7,304.9,304.6,304.66,78845.0
13:13,303.82,304.74,303.8,304.74,181947.0
13:14,303.77,303.97,303.7,303.79,130594.0
13:15,303.86,303.95,303.66,303.75,114743.0
13:16,303.66,303.88,303.56,303.84,127890.0
13:17,303.07,303.7,302.95,303.66,311614.0
13:18,303.3,303.43,302.96,303.06,158248.0
13:19,303.2,303.42,303.12,303.3,95280.0
13:20,303.58,303.67,303.16,303.18,128234.0
13:21,304.05,304.07,303.51,303.55,157165.0
13:22,303.96,304.14,303.83,303.95,128560.0
13:23,304.06,304.08,303.71,304.02,86108.0
13:24,303.87,304.25,303.82,304.04,119167.0
13:25,303.43,303.88,303.38,303.8,104759.0
13:26,303.06,303.55,303.03,303.44,108830.0
13:27,302.91,303.19,302.83,303.1,149171.0
13:28,303.17,303.19,302.74,302.9,156074.0
13:29,303.24,303.49,303.18,303.19,118107.0
13:30,303.83,304.0,303.0,303.23,172518.0
13:31,303.72,304.05,303.67,303.88,136886.0
13:32,303.65,304.06,303.58,303.72,116246.0
13:33,303.97,304.13,303.5,303.65,95410.0
13:34,303.86,304.15,303.66,304.0,92173.0
13:35,303.56,303.88,303.31,303.86,119738.0
13:36,302.89,303.65,302.74,303.59,158569.0
13:37,302.76,302.91,302.44,302.89,384257.0
13:38,302.82,303.11,302.71,302.75,119611.0
13:39,302.85,303.1,302.77,302.89,109164.0
13:40,303.6,303.65,302.78,302.86,164989.0
13:41,303.77,303.85,303.52,303.55,295231.0
13:42,303.83,304.05,303.7,303.81,121129.0
13:43,303.54,303.94,303.52,303.81,77706.0
13:44,303.82,303.91,303.4,303.55,86009.0
13:45,304.37,304.37,303.69,303.79,163367.0
13:46,303.8,304.44,303.8,304.35,144558.0
13:47,304.09,304.23,303.7,303.85,111764.0
13:48,304.36,304.43,304.02,304.03,1215992.0
13:49,304.38,304.5,304.18,304.36,291053.0
13:50,304.76,304.86,304.33,304.44,175805.0
13:51,304.6,304.69,304.39,304.46,198644.0
13:52,304.45,304.52,304.45,304.49,221483.0
13:53,304.3,304.65,304.26,304.4,74008.0
13:54,304.14,304.44,303.8,304.27,127907.0
13:55,303.57,304.21,303.53,304.17,110585.0
13:56,303.52,303.64,303.34,303.56,108566.0
13:57,303.43,303.66,303.32,303.55,174662.0
13:58,303.27,303.57,303.15,303.41,84766.0
13:59,303.68,303.72,303.2,303.3,181413.0
14:00,303.7,303.83,303.5,303.68,75630.0
14:01,303.29,303.81,303.2,303.7,89406.0
14:02,302.88,303.29,302.85,303.26,153604.0
14:03,302.7,303.03,302.56,302.89,151802.0
14:04,302.6,302.76,302.35,302.68,143440.0
14:05,302.64,302.64,302.41,302.61,118365.0
14:06,302.64,302.85,302.54,302.64,115526.0
14:07,302.29,302.72,302.28,302.64,142879.0
14:08,302.45,302.54,302.29,302.31,90899.0
14:09,302.05,302.66,301.83,302.4,276158.0
14:10,302.16,302.43,301.96,302.02,132290.0
14:11,301.93,302.27,301.85,302.14,145511.0
14:12,301.92,302.04,301.73,301.9,147220.0
14:13,302.07,302.24,301.65,301.94,150534.0
14:14,301.63,302.09,301.38,302.07,204883.0
14:15,302.03,302.13,301.62,301.65,136742.0
14:16,302.1,302.38,301.94,302.12,158686.0
14:17,302.25,302.33,301.89,302.08,113577.0
14:18,302.66,302.76,302.23,302.23,185302.0
14:19,302.59,302.8,302.45,302.69,119758.0
14:20,302.27,302.62,302.23,302.6,138163.0
14:21,302.11,302.29,302.01,302.28,114929.0
14:22,302.43,302.47,302.0,302.1,640471.0
14:23,302.7,302.79,302.17,302.41,127297.0
14:24,303.08,303.11,302.67,302.7,175796.0
14:25,302.74,303.08,302.73,303.06,108112.0
14:26,302.99,303.15,302.6,302.75,145747.0
14:27,303.28,303.41,302.86,303.04,509709.0
14:28,302.87,303.39,302.78,303.28,176105.0
14:29,303.3,303.36,302.88,302.92,107400.0
14:30,303.51,303.59,303.03,303.26,162972.0
14:31,303.67,303.74,303.41,303.55,139949.0
14:32,303.78,303.89,303.59,303.7,124493.0
14:33,303.73,303.86,303.52,303.78,87480.0
14:34,303.62,303.91,303.6,303.71,83508.0
14:35,303.51,303.67,303.21,303.64,114611.0
14:36,303.63,303.73,303.49,303.49,114123.0
14:37,303.2,303.73,303.16,303.63,117513.0
14:38,303.1,303.27,302.95,303.2,105567.0
14:39,303.07,303.37,303.01,303.1,107082.0
14:40,303.11,303.24,302.92,303.06,98005.0
14:41,303.19,303.32,303.06,303.1,63100.0
14:42,303.8,303.88,303.22,303.24,164400.0
14:43,304.28,304.43,303.74,303.79,190375.0
14:44,304.52,304.6,304.22,304.28,151951.0
14:45,304.17,304.6,304.13,304.52,144772.0
14:46,303.93,304.27,303.91,304.14,109396.0
14:47,303.68,304.1,303.6,303.94,149550.0
14:48,303.58,303.96,303.54,303.68,99545.0
14:49,303.59,303.63,303.22,303.63,104402.0
14:50,302.95,303.62,302.9,303.55,165461.0
14:51,302.29,303.03,302.29,302.97,211864.0
14:52,302.38,302.51,302.26,302.3,143096.0
14:53,302.35,302.5,302.2,302.37,122046.0
14:54,302.15,302.42,302.04,302.35,141262.0
14:55,302.38,302.61,302.13,302.18,143360.0
14:56,302.26,302.47,302.03,302.4,165686.0
14:57,302.4,302.42,301.87,302.27,179730.0
14:58,302.77,302.85,302.35,302.37,175479.0
14:59,302.6,302.97,302.51,302.8,136764.0
15:00,302.39,302.9,302.36,302.57,124255.0
15:01,302.62,302.85,302.48,302.49,79797.0
15:02,302.3,302.6,302.1,302.59,123355.0
15:03,301.96,302.42,301.92,302.31,114478.0
15:04,302.05,302.16,301.87,302.0,1.0
15:05,302.28,302.32,301.99,302.05,1.0
15:06,302.31,302.47,302.09,302.25,93474.0
15:07,302.3,302.6,302.24,302.29,109239.0
15:08,302.5,302.64,302.27,302.31,131961.0
15:09,302.33,302.5,302.12,302.47,105180.0
15:10,302.66,302.75,302.1,302.3,89095.0
15:11,302.2,302.77,302.01,302.77,127471.0
15:12,302.14,302.34,302.05,302.21,92100.0
15:13,302.19,302.33,301.7,302.14,223268.0
15:14,301.95,302.23,301.65,302.15,148156.0
15:15,302.04,302.36,301.9,301.9,130514.0
15:16,301.88,302.1,301.78,302.02,137298.0
15:17,301.94,302.06,301.81,301.85,103077.0
15:18,302.3,302.3,301.98,301.98,106412.0
15:19,302.44,302.55,302.22,302.29,290516.0
15:20,301.9,302.62,301.9,302.44,182647.0
15:21,301.53,301.93,301.24,301.9,263219.0
15:22,301.45,301.53,301.16,301.52,201934.0
15:23,302.0,302.09,301.42,301.42,191207.0
15:24,301.77,302.09,301.73,302.0,105225.0
15:25,301.69,301.77,301.44,301.74,120779.0
15:26,301.75,301.96,301.69,301.7,140862.0
15:27,301.88,302.0,301.66,301.78,115173.0
15:28,301.95,302.26,301.85,301.9,178253.0
15:29,301.98,302.08,301.66,301.96,163935.0
15:30,302.21,302.27,301.1,301.89,382664.0
15:31,302.4,302.73,302.15,302.24,208117.0
15:32,302.6,302.75,302.3,302.3,908996.0
15:33,302.49,302.71,302.35,302.6,132030.0
15:34,302.47,302.56,302.25,302.46,132361.0
15:35,302.47,302.8,302.4,302.47,138935.0
15:36,302.39,302.52,302.15,302.51,139492.0
15:37,302.46,302.82,302.36,302.45,137751.0
15:38,302.17,302.57,302.17,302.44,98786.0
15:39,302.35,302.58,301.99,302.15,169372.0
15:40,302.72,302.75,302.23,302.36,249275.0
15:41,302.89,303.03,302.65,302.69,257369.0
15:42,302.95,303.13,302.86,302.89,129393.0
15:43,303.04,303.19,302.9,302.91,119119.0
15:44,302.89,303.12,302.7,303.04,157957.0
15:45,303.13,303.23,302.77,302.88,171253.0
15:46,303.3,303.38,303.0,303.14,154784.0
15:47,303.41,303.59,303.26,303.3,195007.0
15:48,303.05,303.67,303.04,303.4,235060.0
15:49,303.23,303.3,303.04,303.08,132085.0
15:50,303.07,303.31,302.8,303.28,229922.0
15:51,302.76,303.1,302.74,303.07,186275.0
15:52,302.94,303.12,302.56,302.75,216928.0
15:53,302.39,302.96,302.38,302.96,173260.0
15:54,302.82,302.85,302.3,302.39,219514.0
15:55,303.08,303.15,302.36,302.79,340041.0
15:56,303.48,303.58,303.02,303.04,327866.0
15:57,303.35,303.58,303.25,303.49,241903.0
15:58,303.06,303.4,303.0,303.32,381184.0
15:59,302.61,303.08,302.6,303.07,579137.0
