Time,Close,High,Low,Open,Volume
09:30,226.35,226.5,223.89,224.56,11293996.0
09:31,227.7,228.54,225.39,226.5,914151.0
09:32,228.29,229.26,227.28,227.7,964888.0
09:33,228.39,228.74,226.31,228.37,751227.0
09:34,227.85,229.27,227.48,228.39,728882.0
09:35,228.72,229.48,227.21,227.75,702446.0
09:36,228.08,228.78,226.41,228.57,665896.0
09:37,226.45,228.32,226.27,228.09,619255.0
09:38,228.62,228.7,226.07,226.43,691157.0
09:39,230.28,230.39,228.23,228.62,1088967.0
09:40,232.1,232.25,229.72,230.29,1030821.0
09:41,232.08,233.19,231.39,232.13,845695.0
09:42,230.81,232.19,230.44,232.15,676943.0
09:43,229.17,231.62,229.11,230.89,712772.0
09:44,228.73,230.03,228.45,229.13,638049.0
09:45,229.22,230.22,228.58,228.79,601151.0
09:46,229.41,230.13,228.54,229.05,473561.0
09:47,229.44,229.68,228.05,229.44,575887.0
09:48,231.15,231.16,228.64,229.44,627104.0
09:49,232.0,232.33,230.05,231.06,715402.0
09:50,230.89,232.01,230.76,232.01,514441.0
09:51,231.79,231.99,230.53,230.7,429859.0
09:52,231.6,232.78,231.1,231.8,589848.0
09:53,232.25,232.46,231.11,231.54,401228.0
09:54,231.4,232.26,230.41,232.17,474933.0
09:55,231.7,232.1,230.91,231.5,351656.0
09:56,232.21,232.5,231.59,231.73,462795.0
09:57,231.84,232.57,231.03,232.2,382397.0
09:58,232.01,232.48,230.89,231.79,437503.0
09:59,231.52,232.49,231.22,232.01,281925.0
10:00,233.75,233.96,233.39,233.83,1169080.0
10:01,233.91,234.65,233.44,233.69,604950.0
10:02,233.9,234.43,233.6,233.9,436259.0
10:03,233.15,234.65,232.9,233.81,558528.0
10:04,232.5,233.15,232.02,233.14,450659.0
10:05,230.98,232.79,230.66,232.46,668667.0
10:06,231.03,231.24,229.93,230.96,651545.0
10:07,230.35,230.99,229.86,230.96,414412.0
10:08,230.84,231.17,229.99,230.28,362063.0
10:09,230.39,231.23,230.04,230.84,369388.0
10:10,232.09,232.21,230.06,230.38,508931.0
10:11,232.09,232.69,231.35,232.15,435309.0
10:12,231.34,232.48,231.31,232.1,331074.0
10:13,230.49,231.54,230.22,231.39,375296.0
10:14,229.67,230.54,229.12,230.44,546775.0
10:15,230.16,230.77,229.49,229.62,384562.0
10:16,230.99,231.12,229.89,230.16,276931.0
10:17,231.67,232.19,230.72,230.83,427712.0
10:18,231.2,231.96,231.07,231.66,241779.0
10:19,231.73,231.99,230.7,231.15,311281.0
10:20,231.93,232.55,231.29,231.78,401227.0
10:21,231.18,232.78,230.96,231.96,365468.0
10:22,230.71,231.32,229.96,231.27,384589.0
10:23,232.45,233.24,230.61,230.78,626972.0
10:24,232.2,233.34,232.01,232.43,445849.0
10:25,231.76,232.6,231.57,232.19,345140.0
10:26,231.38,232.28,231.03,231.74,393917.0
10:27,230.97,231.42,230.63,231.3,299468.0
10:28,231.12,231.65,230.34,230.9,331688.0
10:29,231.59,232.05,231.06,231.15,290934.0
10:30,232.3,232.42,231.13,231.7,266774.0
10:31,232.79,233.65,231.81,232.29,571139.0
10:32,233.49,233.83,232.6,232.77,402450.0
10:33,233.43,234.06,233.01,233.58,512639.0
10:34,233.76,234.28,233.45,233.46,353985.0
10:35,233.9,234.07,233.31,233.75,329420.0
10:36,233.37,233.98,233.06,233.85,284011.0
10:37,233.13,233.36,232.57,233.29,376668.0
10:38,232.57,233.11,232.11,233.04,297806.0
10:39,232.88,233.13,232.1,232.59,287726.0
10:40,232.4,232.79,231.64,232.74,313647.0
10:41,232.48,232.73,231.95,232.4,252429.0
10:42,232.88,233.09,232.05,232.22,287431.0
10:43,232.78,233.1,232.44,232.9,231408.0
10:44,232.05,232.93,231.95,232.85,258434.0
10:45,232.36,232.53,231.5,232.11,327169.0
10:46,232.67,233.09,232.54,232.57,304919.0
10:47,232.91,233.82,232.71,232.83,358782.0
10:48,231.96,233.15,231.85,232.99,361475.0
10:49,230.62,232.01,230.37,232.01,501150.0
10:50,230.1,231.15,229.9,230.61,519645.0
10:51,229.58,230.36,229.3,230.07,447179.0
10:52,228.0,229.65,227.92,229.45,710813.0
10:53,228.68,228.91,228.08,228.08,409591.0
10:54,228.58,228.84,228.0,228.68,381058.0
10:55,228.68,229.38,228.2,228.62,390004.0
10:56,228.0,228.92,227.71,228.7,370146.0
10:57,228.74,228.84,227.95,228.05,318975.0
10:58,227.97,228.92,227.86,228.74,374990.0
10:59,226.79,227.9,226.76,227.8,565225.0
11:00,227.6,227.85,226.63,226.85,465567.0
11:01,227.86,227.99,227.14,227.6,301808.0
11:02,227.66,228.25,227.41,227.75,285915.0
11:03,228.2,228.38,227.15,227.6,292894.0
11:04,228.95,229.09,227.9,228.14,323041.0
11:05,230.06,230.36,228.77,228.96,470293.0
11:06,230.53,231.07,229.55,230.07,440216.0
11:07,230.14,230.54,229.56,230.49,278791.0
11:08,230.05,230.83,229.78,230.09,306147.0
11:09,230.2,230.33,229.73,229.94,287387.0
11:10,230.18,230.52,229.7,230.29,232353.0
11:11,230.33,230.5,229.81,230.19,207214.0
11:12,229.5,230.39,229.2,230.15,271290.0
11:13,229.44,229.5,228.95,229.41,287172.0
11:14,229.74,230.18,229.1,229.31,199661.0
11:15,231.07,231.13,229.7,229.7,365780.0
11:16,231.09,231.7,231.04,231.07,372804.0
11:17,231.4,231.6,231.02,231.12,269261.0
11:18,231.27,231.6,230.66,231.5,267609.0
11:19,231.29,231.62,230.93,231.28,189991.0
11:20,231.6,231.71,231.12,231.31,239639.0
11:21,231.64,232.18,231.54,231.66,390529.0
11:22,231.58,231.86,231.28,231.67,207778.0
11:23,231.77,232.22,231.5,231.6,208718.0
11:24,232.11,232.15,231.87,231.9,243413.0
11:25,231.77,232.17,231.5,232.07,238760.0
11:26,231.81,231.92,231.46,231.71,168937.0
11:27,231.79,232.13,231.58,231.78,203343.0
11:28,231.24,231.9,231.01,231.81,234861.0
11:29,230.8,231.38,230.71,231.21,191428.0
11:30,231.33,231.39,230.57,230.82,248586.0
11:31,231.07,231.59,231.02,231.35,175142.0
11:32,230.16,231.24,229.8,231.07,314613.0
11:33,229.68,230.28,229.21,230.27,243871.0
11:34,229.67,230.0,229.47,229.66,163166.0
11:35,229.23,230.13,229.1,229.67,266854.0
11:36,229.67,229.95,229.0,229.1,191021.0
11:37,230.03,230.39,229.52,229.68,181948.0
11:38,229.54,230.04,229.47,230.01,182933.0
11:39,228.79,229.65,228.66,229.64,275583.0
11:40,228.84,229.26,228.67,228.79,184751.0
11:41,228.21,228.96,228.01,228.84,370941.0
11:42,228.12,228.38,227.8,228.2,314107.0
11:43,228.18,228.45,227.97,228.08,187817.0
11:44,227.93,228.33,227.43,228.23,279656.0
11:45,229.01,229.17,227.92,227.93,355785.0
11:46,229.26,229.4,228.7,229.01,267809.0
11:47,230.8,231.22,229.18,229.29,567139.0
11:48,231.34,231.34,230.23,230.63,361012.0
11:49,230.65,231.66,230.29,231.19,365166.0
11:50,231.0,231.14,230.14,230.59,214076.0
11:51,230.75,231.21,230.46,230.95,233640.0
11:52,230.9,230.99,230.48,230.71,131789.0
11:53,230.45,231.4,230.41,230.85,186199.0
11:54,229.68,230.59,229.51,230.42,275213.0
11:55,229.15,229.86,229.08,229.68,233991.0
11:56,229.14,229.31,228.75,229.19,261116.0
11:57,229.02,229.33,228.86,229.15,183940.0
11:58,229.09,229.29,228.65,229.02,178837.0
11:59,229.69,229.85,228.85,229.03,178793.0
12:00,229.28,229.89,229.13,229.69,230680.0
12:01,228.97,229.28,228.8,229.24,172416.0
12:02,229.74,229.88,229.0,229.06,201132.0
12:03,229.99,230.57,229.42,229.74,268683.0
12:04,229.85,230.25,229.73,229.94,161252.0
12:05,230.47,230.74,229.66,229.85,230483.0
12:06,230.32,230.89,230.21,230.47,189207.0
12:07,230.57,230.64,230.06,230.32,139650.0
12:08,230.86,231.0,230.41,230.54,185832.0
12:09,231.03,231.3,230.8,230.88,390366.0
12:10,231.16,231.4,230.63,230.99,161781.0
12:11,231.54,231.75,231.14,231.27,243084.0
12:12,232.1,232.12,231.49,231.55,260086.0
12:13,232.68,232.68,232.12,232.14,353107.0
12:14,233.14,233.3,232.59,232.63,438755.0
12:15,233.25,233.83,233.1,233.14,408684.0
12:16,233.06,233.36,232.49,233.3,363231.0
12:17,232.69,233.34,232.65,232.99,278852.0
12:18,232.66,233.1,232.52,232.72,245747.0
12:19,232.66,232.76,232.2,232.62,247578.0
12:20,232.35,232.73,231.91,232.65,234806.0
12:21,232.15,232.68,231.88,232.26,168234.0
12:22,232.52,232.82,232.12,232.16,212821.0
12:23,232.45,232.74,232.0,232.58,160167.0
12:24,232.26,232.74,232.22,232.45,151288.0
12:25,233.17,233.22,232.16,232.39,268084.0
12:26,233.36,233.6,232.99,233.15,288746.0
12:27,233.35,233.65,233.18,233.38,249695.0
12:28,232.59,233.54,232.55,233.22,191716.0
12:29,232.65,232.8,232.31,232.6,162190.0
12:30,232.89,233.09,232.05,232.61,270894.0
12:31,232.67,233.2,232.6,232.82,145555.0
12:32,232.79,232.88,232.41,232.7,147759.0
12:33,232.81,233.16,232.69,232.7,141422.0
12:34,233.26,233.27,232.43,232.79,154780.0
12:35,233.82,233.91,233.22,233.25,245463.0
12:36,233.16,233.83,232.92,233.76,228185.0
12:37,233.01,233.31,232.76,233.16,147940.0
12:38,232.93,233.1,232.39,233.04,152699.0
12:39,233.0,233.27,232.8,232.86,133829.0
12:40,232.57,233.07,232.37,233.01,154544.0
12:41,232.94,232.95,232.17,232.55,138814.0
12:42,232.53,233.07,232.42,232.92,200467.0
12:43,232.5,232.8,232.28,232.53,100534.0
12:44,232.71,232.79,231.9,232.48,218380.0
12:45,232.16,232.9,232.0,232.71,140854.0
12:46,232.47,232.96,231.87,232.18,161652.0
12:47,232.49,232.89,232.24,232.47,171051.0
12:48,232.91,233.14,232.44,232.54,216372.0
12:49,233.34,233.44,232.92,232.93,162156.0
12:50,234.27,234.27,233.3,233.34,358643.0
12:51,233.69,234.38,233.61,234.2,304000.0
12:52,232.86,233.72,232.62,233.66,261427.0
12:53,233.19,233.38,232.47,232.7,205632.0
12:54,233.65,233.7,233.17,233.22,190412.0
12:55,233.79,234.07,233.21,233.69,245593.0
12:56,234.1,234.12,233.67,233.75,184038.0
12:57,234.01,234.25,233.81,234.1,196657.0
12:58,233.4,234.1,233.25,234.04,199845.0
12:59,232.9,233.61,232.66,233.32,209307.0
13:00,233.61,233.62,232.86,232.94,186293.0
13:01,233.54,233.77,233.09,233.54,116639.0
13:02,235.61,236.75,233.48,233.48,1029087.0
13:03,235.62,235.79,234.63,235.57,437596.0
13:04,236.61,236.69,235.33,235.52,424226.0
13:05,235.99,236.71,235.79,236.57,401051.0
13:06,235.35,236.15,235.13,235.92,293918.0
13:07,234.79,235.62,234.32,235.31,416313.0
13:08,234.57,235.34,234.4,234.84,303811.0
13:09,234.16,234.66,233.89,234.61,311495.0
13:10,233.44,234.38,233.11,234.16,349664.0
13:11,233.41,234.2,233.27,233.5,338255.0
13:12,234.82,235.1,233.48,233.49,264744.0
13:13,234.65,235.26,234.34,234.83,297953.0
13:14,235.05,235.06,233.87,234.68,229286.0
13:15,234.95,235.36,234.57,235.07,218995.0
13:16,235.71,236.02,234.86,234.93,385019.0
13:17,235.8,235.98,235.21,235.77,305009.0
13:18,233.12,236.32,232.0,235.7,755586.0
13:19,241.9,242.08,232.3,233.26,1870540.0
13:20,242.79,242.79,237.48,241.88,1242739.0
13:21,243.48,245.5,242.59,242.59,1295080.0
13:22,245.58,245.58,240.75,243.48,928028.0
13:23,246.51,247.84,245.23,245.58,1157055.0
13:24,247.24,248.22,245.63,246.49,970815.0
13:25,249.5,250.0,247.0,247.23,1133874.0
13:26,252.24,252.25,249.13,249.63,1287570.0
13:27,252.48,253.8,251.89,252.1,1110143.0
13:28,246.51,253.52,245.88,252.4,1359576.0
13:29,246.27,248.86,245.05,246.5,899858.0
13:30,248.37,249.39,246.32,246.4,879674.0
13:31,250.69,250.75,247.22,248.49,834259.0
13:32,250.19,251.29,248.12,250.6,598352.0
13:33,249.23,250.37,232.55,250.16,608063.0
13:34,251.52,251.87,248.8,249.23,644371.0
13:35,253.75,255.58,250.36,251.46,1256752.0
13:36,250.7,254.88,250.32,253.7,876805.0
13:37,252.74,254.32,250.17,250.73,742068.0
13:38,251.16,253.83,250.62,252.74,545470.0
13:39,249.66,252.5,249.59,251.15,533011.0
13:40,250.75,250.97,248.17,249.84,643132.0
13:41,250.85,251.78,250.29,250.74,409533.0
13:42,251.3,251.99,249.41,250.91,550201.0
13:43,250.51,251.64,250.05,251.12,465205.0
13:44,249.26,250.95,248.24,250.5,721359.0
13:45,250.01,250.39,248.7,249.28,620981.0
13:46,253.29,253.68,250.0,250.02,929266.0
13:47,252.81,253.81,251.83,253.37,632149.0
13:48,254.22,254.88,252.37,252.88,776896.0
13:49,254.02,254.99,252.56,254.2,607933.0
13:50,252.82,254.35,252.17,254.14,638726.0
13:51,253.43,253.58,251.78,252.82,684460.0
13:52,253.32,254.44,252.98,253.36,589669.0
13:53,253.86,253.98,252.95,253.16,411104.0
13:54,255.22,255.4,252.99,253.76,835535.0
13:55,254.44,255.31,253.69,255.2,576855.0
13:56,256.24,257.0,254.05,254.39,783538.0
13:57,257.95,258.66,256.29,256.5,977584.0
13:58,258.61,259.42,257.62,257.95,727337.0
13:59,260.1,260.56,258.58,258.64,839993.0
14:00,259.95,263.08,259.52,260.16,1272667.0
14:01,260.48,261.72,259.62,259.83,894698.0
14:02,261.08,262.3,258.88,260.6,829041.0
14:03,261.84,262.06,259.81,261.23,641255.0
14:04,260.53,262.62,259.85,261.83,646023.0
14:05,259.87,261.37,259.69,260.56,591220.0
14:06,259.12,260.85,259.08,259.88,585372.0
14:07,258.11,259.93,258.05,259.12,778566.0
14:08,257.39,258.25,256.5,258.11,869767.0
14:09,259.47,259.93,257.12,257.52,583066.0
14:10,259.49,259.97,257.76,259.3,573893.0
14:11,261.04,261.71,259.22,259.4,774375.0
14:12,260.81,261.6,260.31,261.04,521160.0
14:13,260.42,261.42,259.88,260.66,486140.0
14:14,260.27,261.02,259.79,260.46,381237.0
14:15,259.78,260.95,259.11,260.38,441635.0
14:16,261.6,261.66,259.58,259.8,734959.0
14:17,261.4,262.49,260.55,261.61,734395.0
14:18,262.67,262.67,260.66,261.19,425882.0
14:19,260.87,262.99,260.17,262.62,575262.0
14:20,260.62,261.74,259.28,260.73,554207.0
14:21,261.08,261.18,259.67,260.55,378301.0
14:22,262.25,262.66,260.43,261.1,586574.0
14:23,264.08,264.08,262.35,262.45,721726.0
14:24,264.23,264.95,263.63,263.99,688037.0
14:25,265.06,265.69,263.7,264.17,747775.0
14:26,264.58,265.28,264.23,265.01,475534.0
14:27,265.91,265.91,264.5,264.66,404091.0
14:28,265.49,266.89,264.8,265.92,949868.0
14:29,265.09,265.94,264.0,265.54,531856.0
14:30,266.05,266.92,264.96,265.06,602682.0
14:31,265.87,266.99,265.1,266.01,609973.0
14:32,266.21,266.4,265.32,265.85,405438.0
14:33,264.35,266.2,263.86,266.07,540060.0
14:34,263.36,264.52,262.43,264.33,611085.0
14:35,264.34,264.88,262.61,263.39,517681.0
14:36,264.15,265.2,263.35,264.28,521953.0
14:37,265.25,265.4,263.55,264.25,453307.0
14:38,265.15,265.44,264.11,265.25,395825.0
14:39,265.69,266.5,264.91,265.21,491465.0
14:40,265.59,266.35,264.92,265.7,440071.0
14:41,266.05,266.07,264.72,265.8,392350.0
14:42,264.36,266.13,263.64,266.09,531949.0
14:43,264.46,264.85,263.64,264.33,345521.0
14:44,263.45,264.78,262.71,264.47,478991.0
14:45,262.02,264.24,261.87,263.53,612083.0
14:46,263.4,263.75,261.84,262.1,584695.0
14:47,263.59,263.67,262.41,263.47,348055.0
14:48,264.39,264.65,262.6,263.47,463991.0
14:49,263.64,264.46,263.57,264.27,345608.0
14:50,264.35,264.54,263.0,263.7,395452.0
14:51,265.08,265.36,264.35,264.35,595213.0
14:52,266.07,266.39,264.71,265.06,559618.0
14:53,265.02,266.5,264.5,266.11,486038.0
14:54,264.77,265.14,263.61,265.01,433215.0
14:55,264.12,265.0,263.82,264.84,392191.0
14:56,263.5,264.56,263.3,264.04,400357.0
14:57,264.33,264.47,263.44,263.57,344027.0
14:58,263.61,265.15,263.4,264.39,551995.0
14:59,261.81,263.59,261.4,263.59,749374.0
15:00,260.58,262.22,260.22,261.8,720063.0
15:01,260.85,261.67,260.3,260.55,501295.0
15:02,261.91,262.4,260.8,260.8,459240.0
15:03,262.49,263.28,261.91,261.91,375720.0
15:04,263.68,263.78,262.4,262.4,355210.0
15:05,262.87,264.43,262.85,263.64,479905.0
15:06,261.29,263.28,261.04,262.92,390657.0
15:07,260.98,261.31,259.38,261.25,676387.0
15:08,261.31,261.31,260.09,261.15,443743.0
15:09,262.47,262.68,260.36,261.31,514042.0
15:10,263.51,264.15,262.33,262.62,583157.0
15:11,263.36,264.04,263.14,263.61,349920.0
15:12,263.46,263.84,262.8,263.44,396721.0
15:13,264.4,264.68,263.18,263.55,484936.0
15:14,265.61,265.7,264.09,264.32,544288.0
15:15,264.7,265.78,264.53,265.62,447887.0
15:16,264.64,265.0,264.29,264.74,423572.0
15:17,264.79,265.0,263.67,264.68,434368.0
15:18,264.82,265.29,264.11,264.79,349552.0
15:19,266.17,266.17,264.73,264.82,601916.0
15:20,266.9,267.31,265.95,266.11,707880.0
15:21,267.79,267.99,266.72,266.81,2787559.0
15:22,267.23,267.81,266.58,267.79,649196.0
15:23,266.94,267.48,266.67,267.31,400221.0
15:24,266.76,267.16,266.35,266.99,427164.0
15:25,268.4,268.52,266.03,266.83,698665.0
15:26,268.59,268.7,267.91,268.4,512540.0
15:27,268.88,268.89,267.78,268.55,440666.0
15:28,268.46,269.19,268.26,268.76,529869.0
15:29,268.48,269.21,267.82,268.53,580613.0
15:30,269.51,269.62,268.23,268.46,520172.0
15:31,269.71,270.66,269.5,269.56,842311.0
15:32,270.82,270.85,269.55,269.7,500210.0
15:33,269.48,271.0,269.4,270.8,716077.0
15:34,270.34,270.38,268.83,269.58,488725.0
15:35,269.78,270.37,269.51,270.37,407192.0
15:36,269.02,270.0,268.94,269.8,469629.0
15:37,268.28,269.32,268.01,268.93,490687.0
15:38,268.37,268.51,267.2,268.27,585621.0
15:39,269.53,269.73,268.34,268.41,528798.0
15:40,268.73,269.64,268.57,269.57,388220.0
15:41,269.0,269.4,268.58,268.73,345720.0
15:42,269.34,269.62,268.45,268.82,378248.0
15:43,269.75,269.88,269.0,269.31,432979.0
15:44,269.1,269.99,268.74,269.75,465292.0
15:45,268.96,269.4,268.51,269.19,426242.0
15:46,268.76,269.01,268.15,268.92,406646.0
15:47,268.9,268.99,267.46,268.81,526769.0
15:48,269.57,269.9,268.89,268.89,486728.0
15:49,270.9,270.95,269.64,269.64,759256.0
15:50,271.48,271.77,270.91,270.91,979959.0
15:51,271.2,271.53,270.51,271.51,635999.0
15:52,272.05,272.26,271.32,271.38,708753.0
15:53,272.29,272.83,272.0,272.09,879156.0
15:54,273.23,273.9,272.27,272.34,1176337.0
15:55,272.44,274.69,272.24,273.29,1173339.0
15:56,270.75,272.73,270.3,272.4,911849.0
15:57,271.99,272.19,270.72,270.75,863231.0
15:58,271.29,272.41,271.03,272.0,1078940.0
15:59,272.0,272.7,271.19,271.26,1629602.0
