Time,Close,High,Low,Open,Volume
09:30,352.45,352.94,350.71,350.98,2393461.0
09:31,352.74,353.55,352.35,352.37,539649.0
09:32,352.4,352.96,352.18,352.73,124012.0
09:33,352.5,352.82,352.0,352.19,584135.0
09:34,352.02,352.67,351.7,352.52,284841.0
09:35,350.66,352.25,350.1,351.98,475392.0
09:36,350.89,351.37,350.5,350.6,304815.0
09:37,350.64,350.97,350.0,350.96,352117.0
09:38,349.72,351.15,349.67,350.69,316440.0
09:39,350.79,350.87,349.64,349.74,262964.0
09:40,350.41,350.97,350.18,350.71,232730.0
09:41,350.52,350.69,349.93,350.4,204171.0
09:42,350.61,350.81,350.04,350.52,201334.0
09:43,350.29,350.69,350.16,350.64,145246.0
09:44,350.05,350.5,349.51,350.22,315401.0
09:45,349.19,350.41,349.01,349.19,333294.0
09:46,350.12,350.32,349.22,349.22,276276.0
09:47,350.65,350.93,350.06,350.06,491202.0
09:48,351.17,351.55,350.9,350.9,706128.0
09:49,350.75,351.38,350.56,351.19,253477.0
09:50,350.08,350.99,349.6,350.77,342032.0
09:51,350.42,350.65,349.93,350.06,233041.0
09:52,351.13,351.41,350.18,350.38,320938.0
09:53,350.77,351.2,350.58,351.14,269705.0
09:54,351.25,351.38,350.6,350.76,347422.0
09:55,351.84,352.1,351.05,351.29,467683.0
09:56,350.8,351.84,350.71,351.78,283938.0
09:57,351.29,351.75,350.58,350.83,269083.0
09:58,350.73,351.3,350.57,351.26,229293.0
09:59,350.6,350.83,350.21,350.71,313986.0
10:00,350.5,351.13,350.41,350.56,177855.0
10:01,350.99,351.35,350.6,350.63,148420.0
10:02,351.27,351.45,351.0,351.05,138856.0
10:03,350.76,350.89,350.7,350.84,145541.0
10:04,350.17,350.82,350.07,350.76,272633.0
10:05,350.82,350.89,349.57,350.15,336969.0
10:06,350.84,351.16,350.49,350.82,195978.0
10:07,350.3,350.8,350.14,350.78,125697.0
10:08,349.7,350.31,349.51,350.29,216933.0
10:09,348.32,349.74,348.3,349.7,445767.0
10:10,348.93,348.96,348.07,348.32,335212.0
10:11,348.46,349.13,348.38,348.88,218847.0
10:12,349.19,349.28,348.32,348.48,230272.0
10:13,349.42,349.48,348.88,349.19,194848.0
10:14,348.95,349.47,348.72,349.34,159693.0
10:15,348.93,349.38,348.81,348.98,134147.0
10:16,348.78,349.29,348.78,348.98,122258.0
10:17,347.45,348.79,347.3,348.78,496276.0
10:18,347.4,347.77,347.08,347.43,297923.0
10:19,347.15,347.59,347.05,347.4,222024.0
10:20,346.96,347.51,346.91,347.19,267481.0
10:21,346.72,347.27,346.66,346.98,246347.0
10:22,347.05,347.35,346.7,346.72,253247.0
10:23,346.87,347.14,346.32,347.05,286948.0
10:24,346.64,346.89,346.5,346.85,164618.0
10:25,346.32,346.65,346.14,346.65,224341.0
10:26,345.08,346.41,344.91,346.38,525397.0
10:27,345.49,345.9,345.08,345.1,370299.0
10:28,345.33,345.82,345.3,345.51,221104.0
10:29,345.1,345.52,345.03,345.37,269910.0
10:30,345.54,345.87,345.09,345.11,293816.0
10:31,345.28,345.7,344.75,345.53,322243.0
10:32,344.86,345.51,344.65,345.22,311829.0
10:33,345.06,345.58,344.79,344.84,243598.0
10:34,344.26,345.12,344.06,345.03,425355.0
10:35,344.07,344.28,343.61,344.2,425464.0
10:36,343.58,344.22,343.55,344.11,269646.0
10:37,344.13,344.42,343.56,343.58,344659.0
10:38,344.69,344.7,343.83,344.15,286559.0
10:39,345.42,345.48,344.65,344.67,393130.0
10:40,345.75,346.12,345.34,345.4,421898.0
10:41,346.0,346.13,345.69,345.71,258569.0
10:42,346.02,346.09,345.54,345.99,273916.0
10:43,345.62,346.12,345.44,346.03,219773.0
10:44,345.53,345.72,345.26,345.63,191130.0
10:45,345.03,345.62,344.95,345.52,189576.0
10:46,345.02,345.49,345.0,345.07,175739.0
10:47,345.58,345.62,345.0,345.02,157595.0
10:48,345.57,345.74,345.5,345.62,141891.0
10:49,345.19,345.7,345.07,345.57,152200.0
10:50,345.09,345.28,345.0,345.22,137332.0
10:51,344.53,345.2,344.4,345.1,223195.0
10:52,344.84,344.84,344.26,344.53,206379.0
10:53,345.08,345.08,344.7,344.83,130875.0
10:54,345.21,345.24,344.9,345.03,119749.0
10:55,345.7,345.78,345.15,345.25,168543.0
10:56,345.74,345.82,345.46,345.67,150026.0
10:57,345.49,345.8,345.36,345.77,375795.0
10:58,345.12,345.58,345.12,345.44,142744.0
10:59,345.48,345.67,345.06,345.12,378043.0
11:00,345.58,345.88,345.47,345.51,148281.0
11:01,345.58,345.72,345.23,345.53,108331.0
11:02,345.38,345.8,345.3,345.53,128652.0
11:03,344.98,345.52,344.91,345.42,132543.0
11:04,345.19,345.28,345.03,345.03,68955.0
11:05,344.8,345.23,344.72,345.2,152499.0
11:06,344.91,345.19,344.75,344.8,109511.0
11:07,344.9,345.0,344.78,344.89,103280.0
11:08,344.99,345.11,344.81,344.89,80221.0
11:09,345.21,345.33,344.93,344.97,97068.0
11:10,345.08,345.33,344.98,345.24,107033.0
11:11,344.92,345.19,344.86,345.02,89226.0
11:12,344.69,345.1,344.68,344.91,98499.0
11:13,344.89,345.01,344.65,344.73,99895.0
11:14,344.93,345.0,344.76,344.87,74857.0
11:15,344.82,345.01,344.7,344.94,95332.0
11:16,345.21,345.39,344.81,344.85,138443.0
11:17,345.1,345.39,345.06,345.23,93354.0
11:18,344.93,345.17,344.81,345.1,103004.0
11:19,344.61,345.06,344.45,344.95,148291.0
11:20,344.01,344.61,343.91,344.61,250039.0
11:21,344.15,344.43,344.0,344.0,126852.0
11:22,343.8,344.18,343.78,344.16,167465.0
11:23,343.92,344.28,343.77,343.8,190043.0
11:24,344.11,344.14,343.76,343.91,135034.0
11:25,342.54,344.12,342.35,344.11,558102.0
11:26,342.41,342.57,341.82,342.49,417159.0
11:27,342.36,342.44,342.1,342.43,232034.0
11:28,342.26,342.64,342.14,342.36,237096.0
11:29,341.93,342.28,341.61,342.26,384068.0
11:30,342.6,342.65,341.89,341.95,284238.0
11:31,343.11,343.12,342.35,342.65,291709.0
11:32,342.7,343.1,342.61,343.07,193950.0
11:33,342.89,342.99,342.59,342.71,137757.0
11:34,342.41,343.07,342.22,342.88,216141.0
11:35,342.65,342.7,342.14,342.39,172825.0
11:36,342.95,343.04,342.56,342.59,165698.0
11:37,342.85,343.17,342.69,342.95,164104.0
11:38,342.57,342.83,342.5,342.83,146951.0
11:39,342.28,342.59,342.17,342.49,148219.0
11:40,342.15,342.45,342.03,342.29,164166.0
11:41,342.33,342.43,342.02,342.14,159157.0
11:42,341.81,342.32,341.76,342.32,214272.0
11:43,341.46,341.93,341.42,341.81,228489.0
11:44,341.38,341.72,341.31,341.42,269028.0
11:45,341.06,341.35,340.92,341.35,301142.0
11:46,341.06,341.36,340.91,341.08,196486.0
11:47,341.18,341.27,340.93,341.03,212445.0
11:48,341.66,341.68,341.01,341.15,209086.0
11:49,341.24,341.7,341.07,341.62,172803.0
11:50,341.23,341.43,341.18,341.25,134736.0
11:51,341.16,341.35,341.03,341.24,123953.0
11:52,340.48,341.17,340.4,341.14,318210.0
11:53,340.56,340.72,340.27,340.51,294830.0
11:54,340.98,340.99,340.49,340.56,213207.0
11:55,340.86,341.09,340.8,340.97,160724.0
11:56,341.29,341.35,340.6,340.89,253303.0
11:57,341.28,341.49,341.23,341.29,199993.0
11:58,341.52,341.57,341.26,341.28,143824.0
11:59,341.26,341.56,341.15,341.53,163117.0
12:00,341.24,341.37,341.15,341.26,108440.0
12:01,341.47,341.56,341.17,341.24,134938.0
12:02,341.65,341.76,341.4,341.47,162249.0
12:03,341.68,341.81,341.59,341.68,160611.0
12:04,342.12,342.16,341.67,341.69,213993.0
12:05,341.65,342.28,341.59,342.13,211869.0
12:06,341.98,342.14,341.58,341.62,140392.0
12:07,341.83,341.99,341.7,341.98,124976.0
12:08,342.11,342.11,341.87,341.87,94132.0
12:09,342.16,342.26,342.02,342.08,123563.0
12:10,342.27,342.36,342.11,342.16,113614.0
12:11,342.3,342.33,342.17,342.26,91455.0
12:12,342.19,342.37,342.1,342.31,106967.0
12:13,342.4,342.41,342.21,342.22,93211.0
12:14,342.68,342.75,342.33,342.42,155426.0
12:15,342.97,342.97,342.67,342.67,182338.0
12:16,342.86,343.09,342.82,342.97,194200.0
12:17,342.49,343.03,342.43,342.86,181828.0
12:18,342.31,342.57,342.3,342.49,139484.0
12:19,342.04,342.31,342.04,342.3,112180.0
12:20,342.21,342.24,342.03,342.05,100136.0
12:21,342.14,342.23,342.02,342.17,75624.0
12:22,342.12,342.3,342.07,342.17,84400.0
12:23,342.07,342.11,341.85,342.11,151187.0
12:24,342.21,342.25,341.98,342.05,93841.0
12:25,342.55,342.61,342.21,342.23,134651.0
12:26,342.94,342.94,342.48,342.56,121079.0
12:27,342.8,342.97,342.75,342.94,130766.0
12:28,343.18,343.25,342.78,342.78,194305.0
12:29,343.2,343.23,343.03,343.17,145315.0
12:30,342.65,343.36,342.55,343.17,232745.0
12:31,342.63,342.94,342.58,342.67,114643.0
12:32,342.74,342.76,342.44,342.66,96898.0
12:33,342.9,342.96,342.62,342.75,89752.0
12:34,342.89,342.97,342.82,342.9,60206.0
12:35,342.92,342.98,342.82,342.9,71054.0
12:36,342.88,342.9,342.54,342.9,90045.0
12:37,343.06,343.06,342.79,342.88,106615.0
12:38,343.19,343.19,342.94,343.07,80966.0
12:39,343.3,343.37,343.11,343.16,113838.0
12:40,343.16,343.38,343.14,343.3,114397.0
12:41,343.1,343.18,342.94,343.17,82895.0
12:42,343.23,343.25,343.0,343.16,63356.0
12:43,343.27,343.32,343.06,343.23,65707.0
12:44,343.18,343.27,343.08,343.26,56171.0
12:45,343.12,343.24,343.03,343.19,60121.0
12:46,342.89,343.14,342.85,343.12,87804.0
12:47,343.01,343.05,342.72,342.89,85929.0
12:48,342.9,343.06,342.67,342.99,79691.0
12:49,342.89,342.98,342.73,342.91,51876.0
12:50,343.27,343.28,342.71,342.82,108295.0
12:51,343.71,343.79,343.16,343.3,218905.0
12:52,343.85,343.9,343.71,343.73,162207.0
12:53,343.76,343.99,343.72,343.83,139367.0
12:54,343.84,343.87,343.74,343.75,72924.0
12:55,343.76,343.88,343.63,343.83,96700.0
12:56,343.89,344.08,343.73,343.73,128695.0
12:57,343.55,343.93,343.52,343.89,93895.0
12:58,343.73,343.83,343.52,343.55,88131.0
12:59,343.56,343.74,343.41,343.73,147456.0
13:00,343.75,343.94,343.44,343.56,106541.0
13:01,344.05,344.11,343.78,343.81,115986.0
13:02,344.08,344.29,343.94,344.05,154001.0
13:03,344.08,344.23,344.01,344.11,76379.0
13:04,343.95,344.08,343.81,344.05,113274.0
13:05,344.1,344.15,343.87,343.96,71223.0
13:06,343.89,344.23,343.89,344.08,83580.0
13:07,343.75,343.87,343.63,343.87,95588.0
13:08,344.1,344.1,343.77,343.77,63034.0
13:09,344.18,344.28,343.99,344.05,99545.0
13:10,344.1,344.27,344.03,344.19,103206.0
13:11,344.15,344.32,344.0,344.09,95735.0
13:12,343.9,344.15,343.76,344.14,87154.0
13:13,343.82,344.08,343.8,343.89,66195.0
13:14,343.81,343.85,343.65,343.81,84632.0
13:15,343.98,344.05,343.76,343.81,67616.0
13:16,343.93,344.09,343.9,344.0,50416.0
13:17,343.85,344.0,343.79,343.92,62875.0
13:18,343.95,343.96,343.66,343.82,66220.0
13:19,343.93,344.06,343.84,343.96,55206.0
13:20,343.97,344.1,343.89,343.92,65539.0
13:21,343.82,344.02,343.82,343.98,58967.0
13:22,343.89,343.97,343.7,343.8,57462.0
13:23,343.88,344.05,343.84,343.9,101380.0
13:24,343.7,343.9,343.62,343.89,55283.0
13:25,343.02,343.7,342.92,343.68,257046.0
13:26,343.13,343.13,342.9,343.0,99890.0
13:27,343.3,343.38,343.11,343.12,79483.0
13:28,343.46,343.46,343.12,343.3,87747.0
13:29,343.45,343.47,343.3,343.46,80256.0
13:30,343.98,344.0,343.46,343.46,126961.0
13:31,343.92,343.98,343.8,343.95,65308.0
13:32,344.18,344.35,343.86,343.88,164812.0
13:33,344.02,344.4,343.96,344.19,151843.0
13:34,344.08,344.27,344.03,344.04,56329.0
13:35,344.35,344.49,344.12,344.12,120852.0
13:36,344.27,344.38,344.12,344.37,69208.0
13:37,344.16,344.32,344.14,344.26,63116.0
13:38,344.21,344.3,344.09,344.19,76467.0
13:39,344.11,344.28,344.1,344.21,60983.0
13:40,344.11,344.23,344.1,344.13,55675.0
13:41,344.14,344.27,344.1,344.12,52888.0
13:42,344.06,344.25,344.05,344.17,62130.0
13:43,344.15,344.21,344.03,344.08,58392.0
13:44,344.22,344.22,344.03,344.12,48608.0
13:45,344.13,344.25,344.05,344.2,53258.0
13:46,343.86,344.15,343.86,344.11,82665.0
13:47,343.73,343.96,343.73,343.85,62037.0
13:48,343.9,343.94,343.67,343.75,62235.0
13:49,343.8,343.93,343.75,343.9,33394.0
13:50,344.02,344.08,343.77,343.81,71599.0
13:51,344.48,344.6,343.98,344.02,157397.0
13:52,344.79,344.86,344.34,344.48,161042.0
13:53,344.87,344.9,344.7,344.78,97911.0
13:54,345.0,345.0,344.85,344.87,181306.0
13:55,344.84,345.01,344.69,344.99,119603.0
13:56,344.79,344.87,344.73,344.85,73669.0
13:57,344.85,344.87,344.6,344.75,74604.0
13:58,344.83,344.96,344.74,344.87,76511.0
13:59,344.81,344.86,344.65,344.85,57403.0
14:00,344.55,344.83,344.44,344.76,82884.0
14:01,344.72,344.83,344.45,344.55,80991.0
14:02,344.8,344.86,344.58,344.72,62231.0
14:03,344.7,344.94,344.62,344.8,64594.0
14:04,344.67,344.74,344.62,344.7,38628.0
14:05,344.57,344.74,344.5,344.69,67353.0
14:06,344.53,344.63,344.49,344.6,45333.0
14:07,344.71,344.85,344.51,344.55,85234.0
14:08,344.66,344.72,344.52,344.7,50844.0
14:09,344.82,344.93,344.64,344.64,83254.0
14:10,345.02,345.07,344.8,344.85,144524.0
14:11,345.12,345.13,344.8,345.02,115786.0
14:12,344.9,345.21,344.86,345.13,107649.0
14:13,344.8,344.91,344.63,344.89,131357.0
14:14,344.54,344.79,344.41,344.78,115273.0
14:15,344.66,344.68,344.3,344.54,103329.0
14:16,344.69,344.85,344.45,344.65,135362.0
14:17,344.55,344.73,344.55,344.7,78475.0
14:18,344.71,344.8,344.42,344.53,65080.0
14:19,344.72,344.72,344.58,344.68,32765.0
14:20,344.82,344.86,344.67,344.71,61340.0
14:21,344.73,344.86,344.63,344.86,53425.0
14:22,344.67,344.83,344.67,344.7,39737.0
14:23,344.66,344.74,344.6,344.67,49938.0
14:24,344.75,344.79,344.65,344.68,35800.0
14:25,344.7,344.77,344.59,344.77,50122.0
14:26,344.64,344.73,344.59,344.69,30126.0
14:27,344.96,344.98,344.65,344.67,71358.0
14:28,344.89,344.99,344.82,344.95,51827.0
14:29,345.01,345.05,344.79,344.86,95092.0
14:30,345.09,345.21,344.92,345.0,97655.0
14:31,344.79,345.11,344.7,345.08,83847.0
14:32,344.67,344.79,344.56,344.79,110395.0
14:33,344.45,344.71,344.4,344.7,88152.0
14:34,344.28,344.52,344.12,344.43,131720.0
14:35,344.23,344.35,344.17,344.26,68631.0
14:36,344.09,344.43,344.09,344.22,79291.0
14:37,344.14,344.22,343.96,344.1,95396.0
14:38,344.02,344.14,343.97,344.14,156521.0
14:39,344.06,344.16,344.03,344.04,51182.0
14:40,344.45,344.48,344.0,344.08,96131.0
14:41,344.39,344.5,344.31,344.4,63135.0
14:42,344.43,344.57,344.38,344.38,77340.0
14:43,344.35,344.49,344.26,344.43,43565.0
14:44,344.31,344.43,344.22,344.34,35874.0
14:45,344.41,344.44,344.21,344.3,38850.0
14:46,344.35,344.45,344.3,344.4,35770.0
14:47,344.35,344.44,344.3,344.35,28045.0
14:48,344.26,344.4,344.25,344.32,57645.0
14:49,344.04,344.27,344.01,344.27,126430.0
14:50,343.97,344.12,343.86,344.04,104498.0
14:51,343.94,344.06,343.84,343.93,106509.0
14:52,343.79,344.0,343.78,343.93,64933.0
14:53,343.77,343.96,343.75,343.82,70875.0
14:54,343.86,343.91,343.68,343.77,87505.0
14:55,343.84,343.87,343.76,343.86,35654.0
14:56,344.05,344.1,343.82,343.84,92305.0
14:57,344.24,344.27,344.01,344.02,107701.0
14:58,344.22,344.26,344.11,344.26,52233.0
14:59,344.26,344.28,344.11,344.24,51289.0
15:00,344.63,344.66,344.2,344.25,138659.0
15:01,344.74,344.79,344.57,344.65,109250.0
15:02,344.61,344.81,344.58,344.75,83532.0
15:03,344.67,344.7,344.51,344.61,78194.0
15:04,344.58,344.71,344.57,344.64,60539.0
15:05,344.65,344.69,344.5,344.61,129508.0
15:06,344.61,344.77,344.57,344.64,73860.0
15:07,344.55,344.61,344.4,344.59,63033.0
15:08,344.88,344.94,344.57,344.57,116714.0
15:09,345.1,345.13,344.89,344.9,132040.0
15:10,345.47,345.48,345.06,345.08,181612.0
15:11,345.6,345.65,345.44,345.46,190807.0
15:12,345.92,346.0,345.51,345.61,291991.0
15:13,345.88,345.95,345.7,345.92,133567.0
15:14,345.79,345.88,345.58,345.87,119814.0
15:15,345.77,345.87,345.61,345.78,122522.0
15:16,345.83,345.87,345.6,345.77,119713.0
15:17,345.64,345.82,345.55,345.81,101828.0
15:18,345.8,345.89,345.64,345.65,150112.0
15:19,345.71,345.81,345.64,345.8,82492.0
15:20,345.72,345.85,345.66,345.74,78950.0
15:21,345.89,346.0,345.7,345.75,418423.0
15:22,345.67,345.9,345.63,345.89,118502.0
15:23,345.61,345.69,345.45,345.66,118290.0
15:24,345.73,345.89,345.61,345.61,106814.0
15:25,345.73,345.8,345.64,345.74,80785.0
15:26,346.1,346.16,345.74,345.74,210035.0
15:27,346.42,346.43,346.04,346.1,190050.0
15:28,346.25,346.46,346.22,346.43,182725.0
15:29,346.45,346.5,346.25,346.27,163082.0
15:30,346.46,346.5,346.32,346.44,124480.0
15:31,346.6,346.66,346.44,346.48,152845.0
15:32,346.74,346.86,346.55,346.6,206758.0
15:33,346.7,346.87,346.67,346.76,165198.0
15:34,346.46,346.78,346.4,346.7,159590.0
15:35,346.58,346.64,346.38,346.46,113310.0
15:36,346.39,346.59,346.3,346.58,120735.0
15:37,346.42,346.47,346.28,346.39,84764.0
15:38,346.28,346.5,346.2,346.41,95282.0
15:39,346.1,346.29,345.96,346.28,136226.0
15:40,346.29,346.48,346.07,346.09,147506.0
15:41,346.55,346.68,346.29,346.29,134512.0
15:42,346.4,346.55,346.35,346.55,105450.0
15:43,346.21,346.4,346.17,346.4,1019024.0
15:44,346.27,346.3,346.09,346.21,89326.0
15:45,346.41,346.49,346.25,346.27,120288.0
15:46,346.4,346.58,346.35,346.41,108650.0
15:47,346.48,346.56,346.33,346.4,101460.0
15:48,346.43,346.52,346.3,346.47,83713.0
15:49,346.2,346.42,346.17,346.42,94725.0
15:50,346.2,346.5,346.03,346.25,228295.0
15:51,346.28,346.3,346.04,346.18,157454.0
15:52,346.6,346.69,346.24,346.27,217410.0
15:53,346.33,346.62,346.24,346.58,148956.0
15:54,346.41,346.51,346.23,346.36,175942.0
15:55,346.25,346.54,346.13,346.4,323132.0
15:56,346.05,346.28,346.05,346.25,170869.0
15:57,346.15,346.18,345.92,346.09,241541.0
15:58,346.02,346.18,345.95,346.16,191029.0
15:59,345.8,346.07,345.8,346.02,454676.0
