Time,Close,High,Low,Open,Volume
09:30,310.35,310.68,308.01,308.74,6252774.0
09:31,310.83,311.01,308.84,310.34,1031352.0
09:32,310.64,311.47,310.4,310.86,791064.0
09:33,311.16,311.5,310.62,310.66,713815.0
09:34,310.99,311.32,309.92,311.17,671503.0
09:35,312.0,312.1,310.9,310.99,927156.0
09:36,312.29,312.75,311.92,311.98,738557.0
09:37,312.14,312.64,312.1,312.22,612551.0
09:38,311.5,312.42,311.43,312.16,744750.0
09:39,310.71,311.53,310.52,311.53,712034.0
09:40,310.51,311.23,310.33,310.75,535351.0
09:41,311.38,311.59,309.94,310.48,629178.0
09:42,311.01,311.48,310.76,311.35,467481.0
09:43,310.12,311.2,310.07,311.01,372423.0
09:44,309.97,310.2,309.43,310.18,623987.0
09:45,310.55,310.67,309.33,309.93,475153.0
09:46,309.85,310.79,309.63,310.56,340463.0
09:47,309.62,310.24,309.31,309.82,345780.0
09:48,310.12,310.15,309.2,309.56,347775.0
09:49,309.49,310.16,309.42,310.12,379899.0
09:50,310.41,310.45,309.05,309.45,493904.0
09:51,310.11,310.69,310.06,310.38,387235.0
09:52,310.05,310.1,309.44,310.09,328716.0
09:53,310.65,310.65,309.96,310.02,379117.0
09:54,311.18,311.31,310.58,310.61,524228.0
09:55,311.52,311.55,310.83,311.17,452786.0
09:56,311.65,311.89,311.37,311.47,497648.0
09:57,310.66,311.69,310.61,311.62,368124.0
09:58,311.83,312.21,310.66,310.72,516943.0
09:59,311.85,312.28,311.7,311.87,429788.0
10:00,312.69,312.87,311.85,311.93,720685.0
10:01,312.54,312.86,312.35,312.68,444788.0
10:02,313.03,313.32,312.41,312.54,868686.0
10:03,313.11,313.5,312.83,313.05,536047.0
10:04,313.15,313.44,312.89,313.11,366919.0
10:05,313.35,313.38,312.59,313.12,491646.0
10:06,313.67,313.84,313.16,313.36,536571.0
10:07,313.5,313.73,313.0,313.68,434788.0
10:08,313.01,313.78,312.91,313.49,373114.0
10:09,313.0,313.18,312.78,313.03,316147.0
10:10,313.41,313.55,312.78,312.99,306238.0
10:11,313.04,313.8,313.01,313.46,344279.0
10:12,313.03,313.08,312.9,313.02,90117.0
10:13,312.54,313.09,312.19,313.08,607503.0
10:14,312.45,312.69,312.28,312.57,221612.0
10:15,313.36,313.42,312.18,312.43,360650.0
10:16,312.79,313.39,312.73,313.32,226156.0
10:17,312.87,312.98,312.5,312.79,220032.0
10:18,313.17,313.37,312.85,312.9,266812.0
10:19,313.69,313.95,312.94,313.19,420732.0
10:20,313.65,313.87,313.33,313.69,308896.0
10:21,313.99,314.2,313.6,313.62,592729.0
10:22,313.69,314.13,313.67,314.0,399787.0
10:23,313.82,314.04,313.4,313.68,365217.0
10:24,313.86,314.15,313.8,314.14,537424.0
10:25,313.67,314.09,313.51,313.83,428685.0
10:26,313.47,313.81,313.12,313.65,357212.0
10:27,313.64,313.72,313.18,313.44,218676.0
10:28,313.68,313.97,313.53,313.64,197331.0
10:29,313.65,313.91,313.45,313.69,180094.0
10:30,312.97,313.92,312.95,313.68,309180.0
10:31,312.63,313.2,312.56,312.98,298795.0
10:32,312.9,312.95,312.42,312.63,273477.0
10:33,313.08,313.17,312.77,312.9,248668.0
10:34,312.75,313.24,312.58,313.08,237007.0
10:35,313.15,313.42,312.65,312.68,230854.0
10:36,312.61,313.2,312.46,313.19,221105.0
10:37,312.36,312.66,312.13,312.64,280236.0
10:38,312.72,312.74,312.17,312.36,201487.0
10:39,312.45,312.85,312.24,312.7,188378.0
10:40,312.72,312.78,312.2,312.46,168126.0
10:41,312.92,313.11,312.72,312.72,245953.0
10:42,312.62,313.05,312.6,312.92,173369.0
10:43,312.65,312.68,312.15,312.62,226809.0
10:44,312.94,313.1,312.53,312.68,215400.0
10:45,313.38,313.38,312.93,312.95,211256.0
10:46,313.05,313.55,312.96,313.36,251654.0
10:47,313.7,313.79,313.0,313.06,249978.0
10:48,313.63,313.76,313.5,313.68,198084.0
10:49,313.73,313.91,313.54,313.65,202415.0
10:50,314.07,314.14,313.35,313.73,380540.0
10:51,314.3,314.48,313.93,314.08,337993.0
10:52,314.46,314.69,314.2,314.29,341649.0
10:53,314.55,314.65,314.1,314.46,300429.0
10:54,314.1,314.7,314.08,314.54,272730.0
10:55,314.53,314.56,313.96,314.1,245533.0
10:56,314.48,314.85,314.22,314.55,419075.0
10:57,315.04,315.19,314.47,314.49,703992.0
10:58,314.67,315.08,314.6,315.04,386740.0
10:59,315.05,315.2,314.65,314.68,330448.0
11:00,314.84,315.2,314.78,315.05,311188.0
11:01,314.6,315.0,314.55,314.84,635913.0
11:02,314.41,314.88,314.36,314.61,360135.0
11:03,314.39,314.6,314.1,314.37,227258.0
11:04,314.33,314.58,314.22,314.39,138164.0
11:05,314.71,314.84,314.25,314.37,209523.0
11:06,314.7,314.88,314.5,314.71,207798.0
11:07,314.57,314.89,314.5,314.72,154159.0
11:08,315.15,315.18,314.45,314.55,315974.0
11:09,315.13,315.25,314.99,315.18,275247.0
11:10,315.66,315.68,314.96,315.15,446942.0
11:11,315.68,315.75,315.4,315.67,467070.0
11:12,315.85,315.93,315.32,315.69,398967.0
11:13,315.59,315.89,315.51,315.84,218002.0
11:14,315.64,315.95,315.51,315.61,263733.0
11:15,315.91,316.0,315.54,315.59,320753.0
11:16,315.92,315.96,315.61,315.9,209424.0
11:17,315.83,316.19,315.56,315.94,424241.0
11:18,315.98,316.04,315.76,315.85,249926.0
11:19,316.53,316.58,315.92,315.98,531233.0
11:20,316.55,316.88,316.35,316.52,479197.0
11:21,317.58,317.68,316.53,316.53,794167.0
11:22,317.65,317.85,317.13,317.55,542022.0
11:23,317.83,318.08,317.4,317.65,789978.0
11:24,317.92,318.07,317.7,317.84,421180.0
11:25,317.83,317.92,317.65,317.92,115811.0
11:26,318.22,318.33,317.9,318.05,681994.0
11:27,318.6,318.73,318.15,318.18,1248176.0
11:28,318.4,318.69,318.33,318.63,368375.0
11:29,318.44,318.7,318.34,318.42,323349.0
11:30,318.47,318.75,318.05,318.43,831403.0
11:31,318.15,318.48,318.07,318.45,305244.0
11:32,318.75,318.88,317.77,318.1,719962.0
11:33,319.09,319.25,318.52,318.75,580586.0
11:34,319.13,319.32,318.94,319.1,493598.0
11:35,318.71,319.29,318.62,319.19,397996.0
11:36,318.89,319.21,318.66,318.69,383322.0
11:37,319.52,319.55,318.85,318.88,532302.0
11:38,319.25,319.58,319.13,319.53,368521.0
11:39,319.22,319.6,319.18,319.27,332172.0
11:40,319.23,319.26,318.9,319.22,349404.0
11:41,318.86,319.28,318.82,319.23,297945.0
11:42,318.69,318.85,318.45,318.83,407960.0
11:43,318.62,318.81,318.42,318.66,308944.0
11:44,319.67,319.71,318.6,318.65,479166.0
11:45,320.01,320.12,319.53,319.67,802459.0
11:46,320.41,320.55,319.97,320.01,697887.0
11:47,320.17,320.55,320.11,320.41,488778.0
11:48,320.1,320.22,319.8,320.15,428460.0
11:49,320.61,320.64,319.99,320.13,407069.0
11:50,320.76,320.87,320.43,320.61,432739.0
11:51,320.23,320.85,320.23,320.72,395460.0
11:52,319.98,320.28,319.9,320.22,370864.0
11:53,320.24,320.29,319.71,320.0,1367646.0
11:54,319.84,320.48,319.82,320.23,320938.0
11:55,319.62,319.96,319.57,319.84,401274.0
11:56,319.55,319.75,319.38,319.58,310583.0
11:57,319.4,319.66,319.33,319.55,232526.0
11:58,319.72,319.81,319.28,319.41,333822.0
11:59,319.69,320.03,319.67,319.72,293422.0
12:00,319.85,319.88,319.6,319.67,185119.0
12:01,320.34,320.34,319.8,319.83,452112.0
12:02,320.89,320.94,320.28,320.35,418187.0
12:03,320.26,320.86,320.22,320.84,315986.0
12:04,319.86,320.26,319.82,320.25,257402.0
12:05,320.24,320.42,319.87,319.89,211303.0
12:06,320.08,320.33,319.78,320.22,227008.0
12:07,320.1,320.12,319.93,320.07,169632.0
12:08,320.27,320.42,319.91,320.09,270952.0
12:09,320.6,320.74,320.22,320.26,264012.0
12:10,321.14,321.15,320.56,320.58,496804.0
12:11,321.27,321.33,321.08,321.13,472336.0
12:12,322.12,322.32,321.24,321.28,782679.0
12:13,322.06,322.48,321.96,322.15,496722.0
12:14,321.85,322.25,321.78,322.06,397394.0
12:15,322.09,322.2,321.79,321.85,270085.0
12:16,321.83,322.18,321.72,322.08,285950.0
12:17,321.85,322.1,321.79,321.79,212598.0
12:18,321.53,321.89,321.43,321.83,306814.0
12:19,322.05,322.32,321.53,321.55,483313.0
12:20,322.23,322.27,321.82,322.06,357907.0
12:21,322.45,322.72,322.2,322.2,433297.0
12:22,322.28,322.48,322.11,322.43,253623.0
12:23,322.44,322.66,322.28,322.28,318876.0
12:24,323.1,323.14,322.28,322.47,519318.0
12:25,323.39,323.55,323.05,323.12,559247.0
12:26,323.46,323.63,323.12,323.39,405942.0
12:27,323.17,323.57,323.03,323.47,394012.0
12:28,323.25,323.43,322.95,323.15,333691.0
12:29,323.29,323.42,323.11,323.23,217872.0
12:30,322.96,323.3,322.22,323.29,568765.0
12:31,322.86,323.06,322.75,322.93,249676.0
12:32,322.64,323.1,322.57,322.85,246403.0
12:33,322.42,322.8,322.33,322.65,326611.0
12:34,322.63,323.0,322.27,322.43,323654.0
12:35,322.28,322.7,322.16,322.62,296510.0
12:36,322.35,322.44,321.95,322.21,332105.0
12:37,322.68,322.8,322.03,322.36,333579.0
12:38,322.46,322.88,322.24,322.67,317915.0
12:39,322.62,322.79,322.39,322.47,193811.0
12:40,322.17,322.64,321.88,322.61,332156.0
12:41,321.67,322.34,321.66,322.15,333874.0
12:42,321.56,321.95,321.42,321.66,456420.0
12:43,321.82,321.83,321.35,321.56,341206.0
12:44,321.33,321.85,321.28,321.84,208709.0
12:45,321.76,322.24,321.33,321.33,418144.0
12:46,321.85,322.03,321.75,321.79,204976.0
12:47,322.27,322.38,321.82,321.82,292225.0
12:48,321.79,322.48,321.7,322.25,321036.0
12:49,321.36,321.79,321.18,321.79,427304.0
12:50,321.34,321.61,321.25,321.38,235739.0
12:51,320.75,321.34,320.7,321.33,432931.0
12:52,320.88,320.96,320.52,320.77,450764.0
12:53,320.7,320.9,320.45,320.87,301807.0
12:54,320.89,321.06,320.71,320.71,291523.0
12:55,320.35,320.9,320.27,320.88,292450.0
12:56,320.61,320.64,320.23,320.33,437239.0
12:57,320.4,320.7,320.37,320.59,220597.0
12:58,320.7,320.75,320.31,320.39,224732.0
12:59,320.6,320.92,320.51,320.72,213120.0
13:00,320.36,320.65,320.13,320.56,264464.0
13:01,319.9,320.35,319.81,320.35,471702.0
13:02,319.93,320.2,319.72,319.89,400937.0
13:03,319.88,320.33,319.8,319.94,308899.0
13:04,319.79,320.0,319.75,319.88,165455.0
13:05,320.06,320.2,319.72,319.82,275691.0
13:06,319.99,320.13,319.72,320.07,242787.0
13:07,319.66,320.11,319.65,320.02,215110.0
13:08,319.36,319.69,319.23,319.63,582991.0
13:09,319.37,319.53,319.33,319.36,190545.0
13:10,319.17,319.59,319.11,319.39,272148.0
13:11,319.48,319.52,319.04,319.17,288138.0
13:12,318.95,319.5,318.91,319.48,335767.0
13:13,319.08,319.21,318.9,318.95,249221.0
13:14,318.83,319.15,318.76,319.06,247982.0
13:15,318.92,319.0,318.62,318.84,343126.0
13:16,318.44,318.92,318.32,318.9,408118.0
13:17,318.16,318.48,318.13,318.43,329674.0
13:18,318.23,318.33,317.91,318.18,552227.0
13:19,318.16,318.49,318.0,318.21,282797.0
13:20,317.93,318.29,317.84,318.16,319577.0
13:21,317.49,317.94,317.42,317.92,436122.0
13:22,317.3,317.5,317.0,317.5,499338.0
13:23,317.97,318.12,317.28,317.3,524403.0
13:24,318.58,318.65,317.97,317.99,623791.0
13:25,318.6,318.77,318.31,318.59,456506.0
13:26,318.45,318.75,318.4,318.58,255496.0
13:27,318.13,318.55,318.12,318.46,230450.0
13:28,317.91,318.35,317.91,318.14,243955.0
13:29,317.79,318.03,317.77,317.91,208691.0
13:30,318.04,318.19,317.67,317.79,260468.0
13:31,318.16,318.24,317.81,318.04,200818.0
13:32,318.18,318.34,317.98,318.15,230800.0
13:33,318.23,318.25,317.75,318.17,229197.0
13:34,318.22,318.4,318.15,318.24,195065.0
13:35,318.11,318.22,317.89,318.21,170956.0
13:36,317.3,318.13,317.16,318.12,374968.0
13:37,317.88,317.91,317.2,317.28,286703.0
13:38,317.62,317.91,317.56,317.9,177860.0
13:39,318.02,318.06,317.52,317.61,254287.0
13:40,318.22,318.46,318.0,318.04,320033.0
13:41,317.83,318.34,317.7,318.2,259088.0
13:42,317.55,317.91,317.44,317.82,244286.0
13:43,317.57,317.79,317.47,317.53,169769.0
13:44,317.61,317.69,317.45,317.59,134801.0
13:45,317.77,317.97,317.61,317.61,222081.0
13:46,317.76,317.84,317.43,317.75,320707.0
13:47,317.78,317.8,317.39,317.77,185326.0
13:48,317.7,317.95,317.54,317.75,181948.0
13:49,317.57,317.8,317.46,317.69,156357.0
13:50,317.44,317.67,317.3,317.57,215218.0
13:51,317.19,317.49,317.17,317.45,176558.0
13:52,316.87,317.2,316.78,317.18,465680.0
13:53,316.74,316.98,316.62,316.87,279482.0
13:54,316.72,316.84,316.56,316.71,257723.0
13:55,316.75,317.02,316.69,316.72,248082.0
13:56,317.13,317.19,316.74,316.74,250643.0
13:57,317.12,317.31,317.05,317.14,270241.0
13:58,316.98,317.22,316.91,317.12,180230.0
13:59,316.79,316.97,316.5,316.97,251852.0
14:00,316.51,316.89,316.48,316.82,211846.0
14:01,316.49,316.77,316.43,316.55,229478.0
14:02,316.24,316.6,316.18,316.5,324711.0
14:03,315.83,316.34,315.82,316.26,501026.0
14:04,315.73,315.95,315.56,315.86,377216.0
14:05,315.65,315.91,315.5,315.71,383666.0
14:06,315.85,316.09,315.6,315.61,337387.0
14:07,315.95,316.02,315.53,315.84,297335.0
14:08,315.82,316.06,315.6,315.94,243870.0
14:09,315.82,316.0,315.6,315.8,188634.0
14:10,315.53,315.84,315.37,315.82,417841.0
14:11,316.17,316.25,315.52,315.53,375698.0
14:12,316.42,316.48,316.09,316.15,271858.0
14:13,316.48,316.54,316.07,316.44,312876.0
14:14,317.38,317.4,316.46,316.46,512057.0
14:15,317.11,317.39,317.02,317.39,355384.0
14:16,317.1,317.38,317.0,317.13,306449.0
14:17,317.44,317.48,317.06,317.1,229777.0
14:18,317.05,317.46,317.02,317.42,202692.0
14:19,317.18,317.3,316.96,317.03,139740.0
14:20,316.99,317.24,316.96,317.2,181858.0
14:21,317.62,317.68,316.98,317.01,322696.0
14:22,318.03,318.14,317.5,317.65,402099.0
14:23,318.08,318.1,317.9,318.01,272962.0
14:24,318.05,318.16,317.92,318.1,254060.0
14:25,318.03,318.27,317.98,318.05,238265.0
14:26,318.33,318.4,318.02,318.02,499200.0
14:27,318.42,318.58,318.31,318.33,307574.0
14:28,318.08,318.49,318.07,318.42,236568.0
14:29,318.39,318.53,318.07,318.08,194753.0
14:30,318.4,318.51,318.22,318.4,158710.0
14:31,318.02,318.41,317.81,318.4,280186.0
14:32,317.83,318.13,317.72,318.01,256485.0
14:33,317.25,317.81,317.23,317.81,322080.0
14:34,317.08,317.31,316.98,317.25,270918.0
14:35,317.04,317.31,317.01,317.09,234015.0
14:36,316.73,317.09,316.73,317.02,257905.0
14:37,316.91,316.96,316.69,316.74,205954.0
14:38,316.91,317.1,316.86,316.96,217416.0
14:39,316.98,317.01,316.68,316.92,210345.0
14:40,316.77,317.0,316.72,316.99,138857.0
14:41,316.65,316.96,316.56,316.79,180117.0
14:42,316.79,316.88,316.43,316.62,219880.0
14:43,316.64,316.81,316.51,316.79,136156.0
14:44,316.85,316.98,316.58,316.64,151483.0
14:45,316.55,316.89,316.44,316.88,246778.0
14:46,316.73,316.94,316.57,316.57,159932.0
14:47,316.68,316.89,316.63,316.73,114058.0
14:48,316.68,316.87,316.62,316.68,125783.0
14:49,316.64,316.89,316.51,316.68,203544.0
14:50,315.95,316.64,315.95,316.64,388614.0
14:51,315.84,316.08,315.73,315.92,271864.0
14:52,315.43,315.87,315.4,315.8,322081.0
14:53,315.57,315.73,315.38,315.42,248312.0
14:54,315.04,315.59,315.03,315.56,357262.0
14:55,314.91,315.05,314.78,315.04,590602.0
14:56,314.89,315.2,314.87,314.92,381537.0
14:57,314.95,314.99,314.71,314.91,291178.0
14:58,314.89,315.06,314.8,314.95,217519.0
14:59,315.12,315.13,314.81,314.9,254833.0
15:00,314.85,315.12,314.8,315.11,256397.0
15:01,315.09,315.17,314.85,314.87,290370.0
15:02,315.42,315.6,315.0,315.07,336217.0
15:03,315.4,315.61,315.33,315.39,226141.0
15:04,315.25,315.47,315.1,315.4,224118.0
15:05,314.97,315.34,314.9,315.21,280932.0
15:06,315.08,315.31,314.81,314.96,207367.0
15:07,315.08,315.22,314.76,315.08,206794.0
15:08,315.14,315.42,315.06,315.06,189086.0
15:09,315.32,315.37,315.1,315.14,127913.0
15:10,315.83,315.88,315.24,315.34,339634.0
15:11,315.75,316.06,315.7,315.83,306302.0
15:12,315.27,315.77,315.25,315.74,226657.0
15:13,315.22,315.31,314.97,315.25,259071.0
15:14,315.02,315.25,314.96,315.2,168489.0
15:15,315.28,315.41,314.91,315.02,270992.0
15:16,315.6,315.73,315.23,315.31,229488.0
15:17,315.64,315.93,315.59,315.65,205470.0
15:18,315.58,315.68,315.38,315.64,179650.0
15:19,315.83,315.96,315.5,315.58,241847.0
15:20,315.64,315.88,315.62,315.83,140087.0
15:21,315.8,315.85,315.43,315.66,198409.0
15:22,315.68,315.85,315.53,315.78,468884.0
15:23,315.69,315.79,315.45,315.7,174632.0
15:24,315.47,315.77,315.37,315.63,181993.0
15:25,314.16,315.59,313.93,315.48,959076.0
15:26,313.95,314.33,313.73,314.17,739788.0
15:27,313.15,314.07,313.15,313.94,580803.0
15:28,313.39,313.55,312.7,313.18,794455.0
15:29,314.21,314.26,313.29,313.39,570274.0
15:30,314.44,314.47,313.9,314.24,398168.0
15:31,314.4,314.46,314.18,314.44,283596.0
15:32,314.17,314.55,313.95,314.4,279109.0
15:33,314.29,314.29,313.81,314.17,257564.0
15:34,314.2,314.44,313.94,314.23,213677.0
15:35,314.43,314.58,314.13,314.19,232411.0
15:36,314.46,314.52,314.1,314.44,238252.0
15:37,314.67,314.7,314.39,314.46,242751.0
15:38,315.03,315.11,314.61,314.67,328784.0
15:39,315.4,315.68,314.87,315.0,470302.0
15:40,315.37,315.55,315.15,315.45,264226.0
15:41,315.5,315.6,315.27,315.31,184592.0
15:42,315.33,315.49,315.14,315.48,223039.0
15:43,315.31,315.52,315.12,315.32,230969.0
15:44,315.3,315.51,315.12,315.31,201622.0
15:45,315.49,315.66,315.06,315.24,296793.0
15:46,315.38,315.55,315.16,315.5,194618.0
15:47,315.29,315.42,315.14,315.4,164526.0
15:48,315.56,315.61,315.19,315.29,232730.0
15:49,315.39,315.78,315.35,315.57,313614.0
15:50,315.55,315.74,315.3,315.38,305227.0
15:51,315.43,315.57,315.14,315.57,262217.0
15:52,315.57,315.75,315.29,315.43,292655.0
15:53,316.44,316.67,315.52,315.63,620924.0
15:54,316.6,316.77,316.08,316.41,443860.0
15:55,316.0,316.58,315.1,316.56,560862.0
15:56,316.17,316.39,315.91,315.96,448572.0
15:57,316.01,316.4,315.92,316.19,433816.0
15:58,315.96,316.11,315.88,315.98,547640.0
15:59,316.11,316.12,315.88,315.97,907065.0
