Time,Close,High,Low,Open,Volume
09:30,338.0,338.0,338.0,338.0,8158891.0
09:31,335.22,338.74,334.63,338.0,1036440.0
09:32,334.54,335.5,333.41,335.21,951738.0
09:33,333.96,335.07,333.63,334.59,569217.0
09:34,334.38,335.0,333.38,333.97,609750.0
09:35,335.75,335.98,334.36,334.43,586867.0
09:36,335.39,336.0,334.5,335.77,491335.0
09:37,335.56,336.45,334.69,335.29,485567.0
09:38,336.65,336.93,335.23,335.49,528538.0
09:39,336.57,336.81,335.27,336.7,470949.0
09:40,336.55,337.45,336.28,336.57,531763.0
09:41,336.49,337.5,336.29,336.63,462505.0
09:42,336.5,336.65,335.5,336.6,415128.0
09:43,335.96,336.74,335.78,336.44,344105.0
09:44,337.1,337.19,335.54,335.94,362103.0
09:45,336.37,337.19,336.2,337.14,290793.0
09:46,335.87,336.67,335.8,336.36,293145.0
09:47,336.4,336.48,335.44,335.91,379465.0
09:48,336.32,336.5,335.95,336.4,275146.0
09:49,336.96,337.19,336.26,336.27,379980.0
09:50,336.91,337.42,336.51,337.03,422027.0
09:51,336.46,337.17,336.08,336.92,296979.0
09:52,337.05,337.05,336.16,336.42,228418.0
09:53,336.8,337.28,336.53,337.02,284426.0
09:54,336.95,337.0,336.32,336.8,232514.0
09:55,336.93,337.25,336.63,336.97,242770.0
09:56,336.3,336.97,335.9,336.9,418051.0
09:57,337.0,337.82,336.25,336.32,427434.0
09:58,337.92,338.16,336.95,336.95,529690.0
09:59,338.32,338.69,337.87,337.9,449351.0
10:00,338.2,338.5,337.75,338.29,338229.0
10:01,339.16,339.33,337.83,338.19,506230.0
10:02,339.96,339.99,339.11,339.18,552310.0
10:03,338.9,340.09,338.9,339.99,552024.0
10:04,339.33,339.64,338.6,338.93,382017.0
10:05,338.92,339.44,338.82,339.37,265924.0
10:06,340.1,340.26,338.87,338.9,337167.0
10:07,339.48,340.24,339.2,340.1,444489.0
10:08,340.15,340.21,339.46,339.51,275610.0
10:09,341.1,341.29,340.17,340.17,569428.0
10:10,341.38,341.48,340.45,341.06,472017.0
10:11,340.99,341.48,340.76,341.38,317608.0
10:12,340.86,341.18,340.64,341.01,267658.0
10:13,340.53,341.14,340.33,340.85,258392.0
10:14,340.28,340.57,339.98,340.51,308653.0
10:15,341.2,341.3,340.26,340.27,367495.0
10:16,342.33,342.38,341.16,341.2,571276.0
10:17,342.43,343.0,342.08,342.41,504590.0
10:18,342.18,342.78,342.12,342.46,300296.0
10:19,342.27,342.42,341.63,342.19,329098.0
10:20,341.76,342.33,341.59,342.27,247251.0
10:21,341.73,342.15,341.68,341.73,222671.0
10:22,341.45,341.91,341.34,341.7,253240.0
10:23,341.69,341.95,341.15,341.44,230585.0
10:24,341.55,341.77,341.35,341.66,173585.0
10:25,340.95,341.55,340.67,341.5,384182.0
10:26,339.79,340.92,339.55,340.89,558422.0
10:27,339.66,340.13,339.53,339.79,330581.0
10:28,339.49,339.72,338.99,339.68,437313.0
10:29,339.9,340.21,339.42,339.46,277099.0
10:30,339.3,340.13,339.25,339.88,294670.0
10:31,339.69,339.86,339.26,339.32,146496.0
10:32,339.67,340.04,339.48,339.68,186245.0
10:33,340.16,340.24,339.41,339.67,216304.0
10:34,340.27,340.5,340.08,340.2,286073.0
10:35,340.27,340.27,339.76,340.23,177862.0
10:36,339.86,340.26,339.72,340.23,147101.0
10:37,340.1,340.44,339.78,339.87,150136.0
10:38,340.35,340.63,339.99,340.08,195098.0
10:39,339.95,340.64,339.7,340.39,239398.0
10:40,340.18,340.34,339.9,339.92,118371.0
10:41,340.03,340.28,339.7,340.18,149792.0
10:42,339.39,340.08,339.37,340.05,199341.0
10:43,339.07,339.65,338.98,339.36,280628.0
10:44,339.07,339.46,339.0,339.05,179370.0
10:45,339.14,339.5,338.99,339.07,221505.0
10:46,339.07,339.25,338.6,339.16,250340.0
10:47,339.64,340.24,338.94,339.05,374862.0
10:48,339.05,339.68,338.78,339.61,188984.0
10:49,338.99,339.17,338.68,339.03,212163.0
10:50,339.33,339.39,338.5,339.06,215182.0
10:51,339.0,339.94,338.9,339.39,238303.0
10:52,339.41,339.49,338.97,339.04,121295.0
10:53,339.15,339.69,339.15,339.4,148229.0
10:54,339.47,339.53,339.12,339.25,88866.0
10:55,339.92,339.99,339.3,339.4,144740.0
10:56,339.52,340.16,339.44,339.9,221121.0
10:57,339.16,339.68,339.11,339.53,123722.0
10:58,339.06,339.43,338.96,339.1,142891.0
10:59,338.89,339.11,338.73,339.08,141420.0
11:00,338.6,339.16,338.57,338.89,163836.0
11:01,338.88,339.1,338.57,338.59,147418.0
11:02,339.32,339.32,338.95,338.98,150117.0
11:03,339.05,339.33,338.91,339.32,81714.0
11:04,339.34,339.34,339.01,339.09,90949.0
11:05,338.83,339.62,338.81,339.33,188275.0
11:06,338.8,339.06,338.56,338.85,139330.0
11:07,338.82,339.0,338.77,338.81,92017.0
11:08,338.92,339.06,338.44,338.81,215512.0
11:09,338.6,338.97,338.38,338.96,180136.0
11:10,338.89,338.91,338.52,338.61,111611.0
11:11,339.08,339.11,338.8,338.84,139564.0
11:12,338.66,339.44,338.61,339.08,176923.0
11:13,338.79,338.93,338.5,338.64,124792.0
11:14,338.56,338.83,338.47,338.75,121528.0
11:15,338.33,338.81,338.13,338.48,194408.0
11:16,337.93,338.41,337.65,338.36,379326.0
11:17,337.9,337.98,337.63,337.93,158844.0
11:18,338.25,338.34,337.88,337.88,181491.0
11:19,338.26,338.33,338.1,338.2,97185.0
11:20,338.47,338.66,338.21,338.26,202969.0
11:21,338.61,338.66,338.41,338.49,120684.0
11:22,338.28,338.65,338.21,338.61,108624.0
11:23,338.49,338.71,338.22,338.22,125140.0
11:24,337.88,338.5,337.85,338.44,176872.0
11:25,337.8,338.09,337.48,337.85,227519.0
11:26,337.44,337.79,337.37,337.79,230270.0
11:27,337.66,337.66,337.38,337.46,111314.0
11:28,337.39,337.65,337.22,337.63,146363.0
11:29,337.52,337.55,337.31,337.39,100794.0
11:30,337.9,337.9,337.3,337.5,204128.0
11:31,338.08,338.21,337.85,337.9,192152.0
11:32,338.42,338.55,337.96,338.08,191790.0
11:33,338.24,338.55,338.21,338.38,131440.0
11:34,338.05,338.45,338.0,338.3,101957.0
11:35,338.28,338.34,337.87,338.01,147112.0
11:36,338.98,339.02,338.26,338.26,283622.0
11:37,339.04,339.21,338.81,338.95,218613.0
11:38,339.21,339.4,339.01,339.08,195082.0
11:39,339.0,339.34,338.79,339.24,173509.0
11:40,339.0,339.56,338.92,338.95,252390.0
11:41,338.91,339.35,338.85,339.02,155891.0
11:42,338.7,339.19,338.6,338.9,148779.0
11:43,338.99,338.99,338.57,338.67,171683.0
11:44,338.55,338.97,338.43,338.97,140218.0
11:45,338.51,338.74,338.33,338.53,139853.0
11:46,337.98,338.5,337.91,338.49,234830.0
11:47,337.77,338.18,337.5,337.98,255453.0
11:48,337.77,338.0,337.65,337.75,141534.0
11:49,337.28,337.78,337.25,337.74,216934.0
11:50,337.32,337.48,336.88,337.27,362460.0
11:51,337.24,337.45,336.99,337.32,155918.0
11:52,337.83,337.98,337.24,337.27,206909.0
11:53,337.42,337.86,337.35,337.84,133545.0
11:54,337.32,337.46,337.15,337.42,107912.0
11:55,337.41,337.58,337.26,337.34,97327.0
11:56,337.68,337.83,337.39,337.42,138186.0
11:57,337.04,337.83,337.0,337.66,159977.0
11:58,337.1,337.12,336.7,337.03,254269.0
11:59,337.42,337.48,337.06,337.09,136702.0
12:00,337.3,337.6,337.25,337.48,132225.0
12:01,337.23,337.48,337.23,337.29,82439.0
12:02,337.21,337.4,337.06,337.27,87834.0
12:03,337.45,337.54,337.12,337.2,72772.0
12:04,338.03,338.08,337.42,337.44,200863.0
12:05,337.77,338.04,337.65,338.02,134697.0
12:06,337.9,338.06,337.69,337.71,103092.0
12:07,337.73,338.04,337.67,337.93,96660.0
12:08,337.92,338.05,337.7,337.7,91002.0
12:09,337.81,338.03,337.8,337.94,57213.0
12:10,337.98,338.0,334.3,337.81,95980.0
12:11,337.81,337.96,337.68,337.89,80560.0
12:12,337.8,337.93,333.8,337.76,91765.0
12:13,337.57,337.93,337.57,337.79,82563.0
12:14,337.48,337.69,337.38,337.58,117605.0
12:15,337.59,337.76,337.49,337.5,76763.0
12:16,337.95,338.0,337.58,337.58,102788.0
12:17,337.88,338.09,337.82,337.95,99058.0
12:18,337.83,337.98,337.69,337.86,74711.0
12:19,337.47,337.93,337.47,337.82,83618.0
12:20,337.64,337.88,337.34,337.46,122012.0
12:21,337.5,337.66,337.41,337.65,51649.0
12:22,337.43,337.52,337.31,337.5,72822.0
12:23,337.78,337.8,337.41,337.44,76802.0
12:24,337.9,338.05,337.69,337.79,130810.0
12:25,338.12,338.14,337.83,337.92,78232.0
12:26,338.7,338.8,338.05,338.12,242695.0
12:27,338.42,338.8,338.33,338.75,166805.0
12:28,338.59,338.62,338.32,338.4,123376.0
12:29,338.64,338.79,338.51,338.51,116064.0
12:30,338.63,338.76,338.46,338.69,97419.0
12:31,338.04,338.63,337.97,338.61,128321.0
12:32,338.07,338.14,337.81,338.05,102274.0
12:33,337.97,338.18,337.76,338.08,114885.0
12:34,338.11,338.15,337.81,337.97,78479.0
12:35,338.48,338.6,338.0,338.11,95259.0
12:36,338.65,338.74,338.39,338.39,107640.0
12:37,338.52,338.77,338.45,338.62,133213.0
12:38,338.77,338.87,338.51,338.51,89332.0
12:39,338.76,338.94,338.7,338.77,109502.0
12:40,338.86,338.99,338.65,338.8,118820.0
12:41,338.7,338.92,338.45,338.86,116187.0
12:42,338.85,338.88,338.53,338.65,70496.0
12:43,339.07,339.2,338.76,338.82,220443.0
12:44,339.1,339.3,339.0,339.11,139175.0
12:45,338.94,339.12,338.7,339.1,145045.0
12:46,339.21,339.25,338.82,338.9,105750.0
12:47,339.36,339.37,339.16,339.18,143269.0
12:48,339.16,339.38,339.1,339.33,134079.0
12:49,338.9,339.2,338.77,339.18,124032.0
12:50,339.12,339.25,338.9,338.9,93870.0
12:51,339.29,339.35,338.95,339.09,116314.0
12:52,339.37,339.43,339.11,339.27,104728.0
12:53,339.86,339.89,339.26,339.38,225670.0
12:54,339.78,340.17,339.6,339.86,274181.0
12:55,339.69,339.82,339.46,339.82,100723.0
12:56,339.89,340.01,339.66,339.7,137675.0
12:57,339.85,340.04,339.66,339.9,142745.0
12:58,340.09,340.19,339.82,339.86,155715.0
12:59,340.05,340.2,339.93,340.07,140142.0
13:00,339.99,340.06,339.8,340.06,123686.0
13:01,339.99,340.05,339.8,339.95,113453.0
13:02,340.02,340.35,339.95,339.98,167970.0
13:03,339.95,340.23,339.87,340.08,119176.0
13:04,340.23,340.28,339.88,339.94,92978.0
13:05,340.23,340.38,340.15,340.23,144295.0
13:06,340.66,341.0,340.25,340.26,375590.0
13:07,340.98,341.0,340.66,340.66,165675.0
13:08,340.93,341.0,340.86,340.99,309315.0
13:09,340.93,341.01,340.9,340.97,168618.0
13:10,340.71,341.0,340.64,340.95,211546.0
13:11,340.93,341.0,340.7,340.7,154052.0
13:12,341.42,341.44,340.88,340.95,287123.0
13:13,341.46,341.48,341.2,341.42,141833.0
13:14,341.65,341.74,341.32,341.46,180546.0
13:15,341.96,342.27,341.67,341.69,415539.0
13:16,341.95,342.25,341.88,341.94,231311.0
13:17,341.85,341.98,341.54,341.96,208617.0
13:18,341.55,341.87,341.53,341.87,130251.0
13:19,341.58,341.58,341.2,341.57,266278.0
13:20,342.0,342.16,341.41,341.57,264791.0
13:21,342.58,342.73,341.9,342.04,334388.0
13:22,342.58,342.75,342.23,342.58,202654.0
13:23,342.27,342.61,342.25,342.61,170626.0
13:24,342.48,342.48,342.1,342.26,133767.0
13:25,342.33,342.85,342.2,342.48,253055.0
13:26,342.47,342.55,342.29,342.33,137410.0
13:27,342.14,342.45,342.01,342.45,161285.0
13:28,342.04,342.3,341.94,342.18,198922.0
13:29,342.01,342.25,341.91,342.07,152631.0
13:30,342.09,342.32,341.95,342.0,130456.0
13:31,341.37,342.15,334.78,342.09,266999.0
13:32,342.13,342.15,341.35,341.38,218633.0
13:33,341.96,342.37,341.89,342.11,198800.0
13:34,342.12,342.19,341.7,342.01,134652.0
13:35,341.8,342.19,341.65,342.12,128381.0
13:36,341.79,342.0,341.75,341.78,97126.0
13:37,341.8,342.1,341.75,341.82,96052.0
13:38,341.82,341.99,341.6,341.82,127415.0
13:39,341.63,341.84,341.55,341.82,86692.0
13:40,341.81,341.91,341.6,341.67,108877.0
13:41,341.54,341.84,341.34,341.8,129105.0
13:42,341.7,341.7,341.49,341.53,56440.0
13:43,341.71,341.88,341.52,341.7,91169.0
13:44,342.02,342.1,341.68,341.68,130062.0
13:45,342.22,342.33,341.97,342.03,155771.0
13:46,342.14,342.39,342.1,342.25,123825.0
13:47,341.9,342.24,341.82,342.12,91734.0
13:48,341.05,342.0,341.05,341.97,214655.0
13:49,341.25,341.45,341.08,341.1,155528.0
13:50,341.09,341.37,340.82,341.28,188825.0
13:51,341.41,341.41,340.76,341.11,162793.0
13:52,341.08,341.42,340.9,341.42,119530.0
13:53,340.79,341.07,340.71,341.05,133477.0
13:54,340.83,340.92,340.63,340.82,112731.0
13:55,340.83,341.02,340.65,340.85,105122.0
13:56,340.99,341.09,340.78,340.86,82355.0
13:57,340.61,341.0,340.58,340.99,112514.0
13:58,340.76,340.8,340.41,340.6,155230.0
13:59,340.53,340.77,340.34,340.71,108214.0
14:00,340.24,340.59,340.07,340.5,160644.0
14:01,340.27,340.28,340.08,340.23,95911.0
14:02,340.45,340.7,340.18,340.26,175810.0
14:03,340.41,340.56,340.25,340.48,97299.0
14:04,340.53,340.58,340.41,340.44,93792.0
14:05,340.76,340.99,340.44,340.55,174585.0
14:06,340.55,340.88,340.52,340.8,94657.0
14:07,340.33,340.56,340.16,340.51,111284.0
14:08,340.24,340.37,339.96,340.37,172472.0
14:09,340.06,340.3,340.03,340.24,94259.0
14:10,340.14,340.16,339.84,340.03,134853.0
14:11,340.01,340.24,339.93,340.14,91215.0
14:12,339.9,340.08,339.62,339.95,147904.0
14:13,340.0,340.05,339.8,339.9,84917.0
14:14,339.99,340.0,339.82,339.98,82458.0
14:15,339.95,340.09,339.78,339.98,103048.0
14:16,340.1,340.14,339.78,339.89,113057.0
14:17,339.81,340.1,339.71,340.08,79442.0
14:18,339.61,339.88,339.41,339.78,201597.0
14:19,339.52,339.67,339.34,339.6,137792.0
14:20,339.72,339.79,339.4,339.55,142276.0
14:21,339.51,339.8,339.38,339.73,109518.0
14:22,339.63,339.68,339.3,339.51,108992.0
14:23,339.86,339.93,339.6,339.64,137298.0
14:24,339.69,339.91,339.5,339.84,104230.0
14:25,339.98,340.09,339.66,339.69,148685.0
14:26,340.05,340.19,339.82,340.01,129058.0
14:27,339.83,340.17,339.8,340.03,99444.0
14:28,339.9,340.1,339.7,339.87,93538.0
14:29,339.83,340.01,339.7,339.91,66419.0
14:30,340.04,340.04,339.78,339.83,67247.0
14:31,339.84,340.08,339.66,340.05,114422.0
14:32,340.1,340.14,339.73,339.75,87928.0
14:33,340.98,340.98,340.06,340.13,229646.0
14:34,340.83,341.03,340.82,340.97,199588.0
14:35,341.23,341.29,340.74,340.82,457548.0
14:36,341.13,341.43,341.01,341.22,201129.0
14:37,341.26,341.4,341.13,341.17,123506.0
14:38,341.02,341.28,341.0,341.28,95646.0
14:39,341.25,341.27,341.02,341.02,80257.0
14:40,341.2,341.33,341.09,341.25,91717.0
14:41,341.29,341.38,341.11,341.15,100380.0
14:42,341.12,341.3,341.1,341.27,63378.0
14:43,340.68,341.21,340.62,341.1,163066.0
14:44,340.79,341.0,340.61,340.66,107694.0
14:45,340.51,340.99,340.44,340.79,116786.0
14:46,340.35,340.69,340.29,340.49,84741.0
14:47,340.24,340.51,340.2,340.29,89158.0
14:48,340.3,340.36,340.02,340.27,87533.0
14:49,340.42,340.49,340.18,340.29,87934.0
14:50,340.6,340.75,340.36,340.37,113601.0
14:51,340.8,340.84,340.42,340.6,83351.0
14:52,340.73,340.81,340.58,340.78,70039.0
14:53,340.68,340.78,340.62,340.72,53808.0
14:54,340.81,340.9,340.62,340.68,59297.0
14:55,340.97,341.04,340.66,340.83,100014.0
14:56,340.84,341.01,340.81,340.96,66497.0
14:57,340.95,341.22,340.84,340.85,124669.0
14:58,341.02,341.37,340.95,340.97,101106.0
14:59,341.13,341.23,340.93,341.06,69318.0
15:00,341.44,341.63,341.0,341.13,192114.0
15:01,341.18,341.55,341.15,341.45,104099.0
15:02,341.72,341.77,341.15,341.18,179674.0
15:03,342.06,342.07,341.62,341.7,218426.0
15:04,341.61,342.09,341.6,342.04,120546.0
15:05,341.79,341.83,341.6,341.63,79243.0
15:06,341.72,341.98,341.67,341.77,93942.0
15:07,341.44,341.73,341.35,341.7,126704.0
15:08,341.17,341.47,340.9,341.47,159068.0
15:09,341.07,341.18,340.96,341.14,67367.0
15:10,341.25,341.25,340.83,341.07,131459.0
15:11,341.18,341.26,341.11,341.25,68688.0
15:12,341.08,341.26,340.91,341.21,114100.0
15:13,340.89,341.13,340.75,341.06,95207.0
15:14,341.34,341.37,340.85,340.86,110617.0
15:15,341.06,341.31,340.64,341.31,135732.0
15:16,341.27,341.39,341.06,341.07,93699.0
15:17,341.07,341.29,341.01,341.24,79228.0
15:18,341.19,341.22,341.03,341.09,51768.0
15:19,341.06,341.25,341.02,341.17,78287.0
15:20,341.27,341.3,340.9,341.08,104899.0
15:21,341.21,341.5,341.11,341.25,117990.0
15:22,341.5,341.5,341.13,341.21,103395.0
15:23,341.57,341.7,341.4,341.5,155761.0
15:24,341.5,341.61,341.31,341.58,105660.0
15:25,341.37,341.51,341.25,341.49,61203.0
15:26,341.29,341.42,341.2,341.33,67000.0
15:27,341.23,341.33,341.03,341.29,118338.0
15:28,341.39,341.45,341.18,341.21,97706.0
15:29,341.35,341.42,341.06,341.39,90832.0
15:30,341.5,341.58,341.22,341.33,138275.0
15:31,341.68,341.75,341.36,341.49,136612.0
15:32,341.89,341.93,341.55,341.68,144655.0
15:33,341.79,341.92,341.73,341.88,99036.0
15:34,341.74,341.9,341.72,341.8,68279.0
15:35,342.0,342.06,341.67,341.73,149700.0
15:36,342.08,342.18,341.93,341.99,189532.0
15:37,341.86,342.13,341.7,342.1,144944.0
15:38,342.11,342.15,341.83,341.89,161566.0
15:39,342.35,342.45,341.99,342.13,217589.0
15:40,342.42,342.52,342.24,342.37,241050.0
15:41,342.45,342.52,342.16,342.4,204565.0
15:42,342.22,342.49,342.12,342.43,151059.0
15:43,342.12,342.22,341.94,342.22,163906.0
15:44,341.52,342.11,341.43,342.11,194184.0
15:45,341.77,341.78,341.44,341.56,199319.0
15:46,341.83,341.88,341.5,341.76,146336.0
15:47,341.81,342.07,341.8,341.84,175194.0
15:48,342.04,342.18,341.63,341.74,198047.0
15:49,342.05,342.16,341.68,342.05,212735.0
15:50,342.71,342.77,342.06,342.06,381829.0
15:51,342.26,342.76,342.14,342.68,262810.0
15:52,341.99,342.3,341.52,342.23,288503.0
15:53,341.67,341.95,341.44,341.92,209284.0
15:54,341.47,341.91,341.34,341.66,234470.0
15:55,342.02,342.04,341.45,341.47,264051.0
15:56,341.97,342.09,341.71,342.02,257896.0
15:57,342.17,342.22,341.76,341.95,376624.0
15:58,341.79,342.17,341.64,342.16,540732.0
15:59,341.93,342.1,341.65,341.81,607180.0
