Time,Close,High,Low,Open,Volume
09:30,316.6,317.5,316.4,317.3,3097836.0
09:31,315.86,316.8,315.45,316.45,447544.0
09:32,316.29,316.43,315.45,315.83,381475.0
09:33,316.65,317.45,316.0,316.2,348908.0
09:34,316.4,316.7,315.9,316.67,228426.0
09:35,318.08,318.25,316.28,316.36,537597.0
09:36,319.08,319.34,318.44,318.5,626530.0
09:37,319.39,319.54,318.7,319.05,521573.0
09:38,319.99,320.07,319.37,319.38,548924.0
09:39,320.48,320.73,319.87,320.01,562514.0
09:40,320.85,321.36,320.42,320.46,651264.0
09:41,320.7,321.1,320.35,320.88,436808.0
09:42,321.19,321.55,320.41,320.76,518481.0
09:43,321.85,321.94,321.14,321.18,476649.0
09:44,321.83,322.08,321.4,321.8,548817.0
09:45,321.34,322.22,321.11,321.87,434204.0
09:46,321.71,321.82,321.53,321.8,219031.0
09:47,322.84,322.98,321.93,322.11,774374.0
09:48,323.26,323.6,322.73,322.88,678564.0
09:49,322.81,323.4,322.8,323.26,424929.0
09:50,322.8,323.1,322.25,322.86,456975.0
09:51,322.56,322.78,322.05,322.65,589680.0
09:52,322.32,322.46,321.85,322.45,722386.0
09:53,322.04,322.55,321.71,322.3,398648.0
09:54,321.8,322.14,321.42,322.01,339613.0
09:55,322.4,322.62,321.7,321.74,399276.0
09:56,322.23,322.72,321.9,322.4,305082.0
09:57,322.6,322.98,322.1,322.23,317259.0
09:58,323.72,323.92,322.58,322.66,611921.0
09:59,323.85,323.96,323.31,323.73,373238.0
10:00,322.92,324.22,322.88,323.92,546014.0
10:01,322.86,323.02,322.39,322.92,368503.0
10:02,323.67,323.77,322.74,322.89,340477.0
10:03,324.56,324.66,323.36,323.76,602233.0
10:04,324.31,325.09,324.22,324.52,744300.0
10:05,324.35,324.5,323.84,324.26,350848.0
10:06,323.97,324.37,323.85,324.37,279447.0
10:07,324.34,324.67,323.53,323.92,397214.0
10:08,323.97,324.38,323.5,324.36,276799.0
10:09,323.46,324.1,323.33,323.97,282773.0
10:10,323.55,323.65,323.06,323.37,315008.0
10:11,323.86,324.24,323.55,323.57,277576.0
10:12,324.07,324.31,323.83,323.83,262640.0
10:13,323.53,324.17,323.33,324.08,215807.0
10:14,323.49,323.73,323.28,323.52,200006.0
10:15,322.72,323.64,322.69,323.55,335714.0
10:16,323.01,323.29,322.41,322.68,309906.0
10:17,322.74,323.11,322.5,323.05,193244.0
10:18,322.96,323.5,322.76,322.77,247368.0
10:19,322.83,323.04,322.72,322.94,142061.0
10:20,323.27,323.49,322.67,322.75,268947.0
10:21,323.01,323.74,323.01,323.32,207787.0
10:22,323.2,323.24,322.61,323.0,184121.0
10:23,323.52,323.55,322.99,323.2,182445.0
10:24,323.77,323.87,323.29,323.55,227913.0
10:25,323.24,323.83,323.19,323.74,153660.0
10:26,323.19,323.38,323.1,323.11,187516.0
10:27,323.39,323.45,322.8,323.14,156896.0
10:28,323.2,323.51,323.02,323.36,158654.0
10:29,323.37,323.93,323.1,323.2,241757.0
10:30,323.18,323.57,323.11,323.42,148956.0
10:31,323.12,323.25,322.79,323.2,201814.0
10:32,322.91,323.39,322.88,323.08,172330.0
10:33,323.05,323.15,322.89,322.99,149647.0
10:34,323.03,323.23,322.97,323.1,140728.0
10:35,322.74,323.26,322.61,323.03,210071.0
10:36,322.46,322.81,322.25,322.71,258255.0
10:37,323.44,323.48,322.34,322.43,302252.0
10:38,323.3,323.45,323.09,323.4,157238.0
10:39,323.12,323.39,323.09,323.33,126201.0
10:40,322.97,323.26,322.91,323.17,110646.0
10:41,323.2,323.4,322.83,322.96,153380.0
10:42,323.94,324.06,323.61,323.67,431183.0
10:43,323.54,324.04,323.5,323.98,203757.0
10:44,323.21,323.75,323.18,323.55,193351.0
10:45,323.3,323.33,322.95,323.19,171016.0
10:46,323.41,323.7,323.07,323.24,164550.0
10:47,323.16,323.47,323.07,323.42,102879.0
10:48,322.74,323.26,322.65,323.17,245339.0
10:49,323.45,323.55,322.74,322.76,226357.0
10:50,323.23,323.45,323.04,323.4,109574.0
10:51,323.45,323.85,323.09,323.23,221050.0
10:52,323.24,323.33,323.1,323.25,160126.0
10:53,323.04,323.4,323.0,323.24,118984.0
10:54,323.34,323.36,323.0,323.04,89139.0
10:55,323.67,323.68,323.25,323.28,157614.0
10:56,323.45,323.7,323.37,323.64,91731.0
10:57,323.49,323.66,323.3,323.46,86644.0
10:58,323.4,323.57,323.28,323.5,75102.0
10:59,324.01,324.07,323.41,323.41,325054.0
11:00,323.94,324.29,323.78,323.97,265850.0
11:01,324.14,324.27,323.7,323.93,179727.0
11:02,323.74,324.15,323.7,324.11,121718.0
11:03,323.49,323.75,323.37,323.75,136015.0
11:04,324.11,324.17,323.41,323.51,164748.0
11:05,324.1,324.42,324.08,324.14,264399.0
11:06,323.96,324.29,323.93,324.13,132128.0
11:07,324.98,324.98,323.96,323.96,316723.5
11:08,324.74,325.0,324.66,324.98,501319.0
11:09,325.37,325.4,325.15,325.15,488871.0
11:10,325.32,325.37,325.32,325.37,693724.5
11:11,325.27,325.32,325.27,325.32,898578.0
11:12,325.22,325.27,325.22,325.27,1103431.5
11:13,325.3,325.36,325.05,325.17,1308285.0
11:14,324.91,325.3,324.91,325.3,848384.5
11:15,324.81,324.91,324.61,324.91,388484.0
11:16,325.06,325.3,324.95,325.0,187048.0
11:17,324.83,324.86,324.69,324.77,202213.0
11:18,324.6,324.82,324.38,324.77,161123.0
11:19,324.6333333333333,324.6333333333333,324.6,324.6,229416.0
11:20,324.6666666666667,324.6666666666667,324.6333333333333,324.6333333333333,297709.0
11:21,324.57,324.73,324.44,324.7,366002.0
11:22,324.77,325.07,324.58,324.61,254321.0
11:23,324.84,324.84,324.77,324.77,227737.0
11:24,324.65,324.84,324.58,324.84,201153.0
11:25,324.99,325.01,324.61,324.61,163211.0
11:26,325.11,325.11,324.99,324.99,232577.0
11:27,325.12,325.18,324.94,325.11,301943.0
11:28,325.04,325.37,324.8,325.11,183400.0
11:29,324.99,325.04,324.94,325.0,1681.0
11:30,324.83,324.99,324.83,324.99,153462.5
11:31,324.86,324.96,324.81,324.83,305244.0
11:32,325.02,325.24,324.92,324.92,136010.0
11:33,325.11,325.22,324.98,325.04,42025.0
11:34,325.57,325.57,325.11,325.11,462720.6666666667
11:35,326.03000000000003,326.03000000000003,325.57,325.57,883416.3333333334
11:36,326.51,326.69,326.45,326.49,1304112.0
11:37,326.44,326.66,326.36,326.5,195608.0
11:38,326.60333333333335,326.60333333333335,326.44,326.44,387321.3333333334
11:39,326.76666666666665,326.76666666666665,326.60333333333335,326.60333333333335,579034.6666666667
11:40,326.75,326.99,326.5,326.93,770748.0
11:41,327.43,327.5,326.47,326.71,457697.0
11:42,327.38,327.52,327.33,327.4,43771.0
11:43,326.92,327.19,326.85,327.19,491192.0
11:44,327.04,327.05,326.74,326.87,272338.0
11:45,327.0166666666667,327.04,327.0166666666667,327.04,359277.6666666667
11:46,326.99333333333334,327.0166666666667,326.99333333333334,327.0166666666667,446217.3333333334
11:47,327.03,327.1,326.9,326.97,533157.0
11:48,327.16,327.39,326.92,327.05,169213.0
11:49,327.32,327.36,326.99,327.21,115803.0
11:50,327.79,327.96,327.28,327.32,364368.0
11:51,327.91,328.02,327.6,327.75,315430.0
11:52,327.89,327.98,327.68,327.89,170357.0
11:53,328.34,328.39,327.6,327.89,332110.0
11:54,328.66,328.73,328.27,328.34,406073.0
11:55,328.39,329.3,328.32,328.62,663686.0
11:56,327.75,328.45,327.75,328.39,353331.0
11:57,327.1,328.0,326.87,327.8,387283.0
11:58,326.82,327.16,326.62,327.05,363552.0
11:59,326.99,327.1,326.68,326.82,237348.0
12:00,326.26,326.96,325.9,326.93,423429.0
12:01,326.21,326.69,325.89,326.63,537922.0
12:02,326.16,326.42,325.88,326.33,652415.0
12:03,326.21,326.33,325.72,326.15,262065.0
12:04,326.57,326.69,326.46,326.47,216042.0
12:05,326.29,326.62,326.12,326.57,172086.0
12:06,325.77,326.3,325.71,326.29,208974.0
12:07,325.74,325.89,325.58,325.72,181376.0
12:08,325.73,325.77,325.44,325.7,169498.0
12:09,325.61,325.87,325.42,325.8,187940.0
12:10,325.67,325.82,325.36,325.56,174840.0
12:11,325.62,326.06,325.5,325.64,214689.0
12:12,325.56,325.69,325.35,325.61,130902.0
12:13,325.48,325.68,325.31,325.58,129893.0
12:14,325.18,325.48,324.8,325.45,358330.0
12:15,325.47,325.56,325.19,325.19,166108.0
12:16,325.69,326.1,325.52,325.55,257588.0
12:17,325.42,325.7,325.1,325.7,144424.0
12:18,325.57,325.61,325.36,325.41,97696.0
12:19,325.5,325.77,325.46,325.55,100506.0
12:20,326.09,326.15,325.47,325.48,156555.0
12:21,325.82,326.15,325.7,326.14,137794.0
12:22,325.75,325.87,325.6,325.82,66830.0
12:23,325.57,325.84,325.47,325.72,130119.0
12:24,325.48,325.66,325.25,325.53,155380.0
12:25,325.65,325.74,325.4,325.46,131786.0
12:26,325.36,325.84,325.19,325.72,143862.0
12:27,325.05,325.37,324.85,325.35,221736.0
12:28,324.75,325.15,324.68,325.1,200538.0
12:29,324.8,324.92,324.45,324.79,258602.0
12:30,324.83,324.97,324.7,324.75,129125.0
12:31,324.95,325.15,324.77,324.79,160368.0
12:32,324.46,324.97,324.35,324.93,186114.0
12:33,324.57,324.81,324.4,324.45,167980.0
12:34,324.77,324.87,324.48,324.59,127988.0
12:35,324.63,324.89,324.48,324.76,106043.0
12:36,324.44,324.67,324.16,324.61,163350.0
12:37,324.41,324.43,324.06,324.42,167711.0
12:38,324.5,324.59,324.43,324.47,138108.0
12:39,324.51,324.61,324.25,324.53,100404.0
12:40,324.4,324.6,324.2,324.51,106637.0
12:41,324.11,324.47,324.11,324.36,76774.0
12:42,323.85,324.14,323.71,324.14,266836.0
12:43,323.38,323.83,323.14,323.8,348780.0
12:44,323.24,323.45,323.19,323.41,164114.0
12:45,323.39,323.44,323.03,323.23,243191.0
12:46,323.19,323.57,323.04,323.41,204301.0
12:47,323.59,323.68,323.16,323.2,203587.0
12:48,323.17,323.61,323.08,323.61,163746.0
12:49,323.34,323.38,323.07,323.19,112940.0
12:50,323.56,323.59,323.18,323.32,140797.0
12:51,323.61,323.76,323.39,323.52,164592.0
12:52,323.23,323.64,323.21,323.57,120028.0
12:53,323.01,323.27,322.92,323.23,239609.0
12:54,322.76,323.2,322.74,323.0,160674.0
12:55,323.12,323.15,322.7,322.86,181208.0
12:56,323.08,323.21,322.93,323.05,126788.0
12:57,322.97,323.19,322.93,323.07,93836.0
12:58,322.95,323.13,322.85,322.98,97465.0
12:59,322.55,322.96,322.31,322.92,303669.0
13:00,322.43,322.47,322.38,322.41,180330.0
13:01,322.23,322.6,322.02,322.44,228161.0
13:02,321.94,322.19,321.48,322.19,393516.0
13:03,322.0,322.23,321.82,321.94,231481.0
13:04,322.11,322.39,321.99,322.01,174498.0
13:05,322.61,322.66,321.93,322.11,167856.0
13:06,322.65,322.65,322.22,322.58,161696.0
13:07,322.58,322.68,322.41,322.64,137395.0
13:08,322.58,322.74,322.31,322.58,129421.0
13:09,322.97,322.99,322.52,322.61,191489.0
13:10,323.2,323.2,322.89,322.95,218397.0
13:11,323.54,323.59,323.14,323.18,211591.0
13:12,323.73,323.88,323.54,323.56,228500.0
13:13,323.84,323.95,323.6,323.73,177174.0
13:14,323.7,323.83,323.57,323.79,124446.0
13:15,323.99,324.11,323.7,323.75,192841.0
13:16,324.18,324.2,323.88,323.95,165870.0
13:17,323.87,324.17,323.87,324.17,197979.0
13:18,323.78,324.08,323.66,323.84,127005.0
13:19,323.53,323.78,323.48,323.78,166423.0
13:20,323.71,323.74,323.58,323.59,130531.0
13:21,323.19,323.7,323.13,323.63,143328.0
13:22,322.91,323.18,322.75,323.15,177423.0
13:23,322.6,323.03,322.6,322.91,136235.0
13:24,322.8,322.8,322.33,322.65,148399.0
13:25,322.58,322.9,322.51,322.75,133566.0
13:26,322.52,322.81,322.42,322.6,124925.0
13:27,322.33,322.65,322.24,322.52,108041.0
13:28,322.17,322.38,321.8,322.38,515690.0
13:29,321.96,322.16,321.85,322.08,109670.0
13:30,322.14,322.47,321.92,322.04,192208.0
13:31,320.95,322.1,320.91,322.06,439223.0
13:32,320.76,321.05,320.56,320.91,290975.0
13:33,320.48,320.81,320.35,320.73,274020.0
13:34,320.53,320.95,320.43,320.43,231777.0
13:35,320.9,320.93,320.5,320.57,173927.0
13:36,321.33,321.4,320.8,320.86,223783.0
13:37,321.46,321.58,321.2,321.33,206633.0
13:38,321.8,321.8,321.22,321.49,182306.0
13:39,322.08,322.13,321.76,321.76,200012.0
13:40,322.26,322.39,321.91,322.08,169266.0
13:41,322.03,322.32,322.0,322.26,132035.0
13:42,322.4,322.56,322.02,322.08,154014.0
13:43,322.68,322.72,322.39,322.4,133389.0
13:44,322.66,322.87,322.63,322.72,147643.0
13:45,322.67,322.87,322.6,322.68,101703.0
13:46,322.49,322.82,322.4,322.76,146137.0
13:47,322.78,322.78,322.22,322.48,130609.0
13:48,322.84,323.13,322.76,322.76,204399.0
13:49,322.86,322.91,322.75,322.75,355966.0
13:50,322.86,322.95,322.76,322.87,85170.0
13:51,322.99,323.19,322.77,322.86,140117.0
13:52,323.38,323.42,322.91,322.92,124612.0
13:53,323.36,323.62,323.3,323.36,192162.0
13:54,323.53,323.72,323.27,323.34,155457.0
13:55,323.5,323.68,323.35,323.56,131965.0
13:56,323.51,323.73,323.4,323.49,121553.0
13:57,323.22,323.49,323.11,323.49,112538.0
13:58,323.07,323.38,322.95,323.22,145342.0
13:59,323.21,323.45,323.05,323.13,117402.0
14:00,324.62,324.97,323.24,323.32,544036.0
14:01,324.02,324.99,323.9,324.57,323041.0
14:02,322.81,324.08,322.81,324.08,305130.0
14:03,323.39,323.65,322.7,322.79,276085.0
14:04,322.79,324.03,322.72,323.42,270988.0
14:05,323.08,323.28,322.59,322.74,295103.0
14:06,323.36,323.48,322.83,323.03,140252.0
14:07,323.42,323.48,323.1,323.36,125433.0
14:08,323.59,323.98,323.54,323.93,284162.0
14:09,323.68,323.69,323.31,323.57,122475.0
14:10,323.88,323.99,323.42,323.72,129554.0
14:11,324.62,324.69,323.73,323.91,228111.0
14:12,324.15,324.8,324.14,324.66,188566.0
14:13,324.33,324.4,323.93,324.18,145460.0
14:14,324.37,324.65,324.15,324.33,178415.0
14:15,324.51,324.57,323.96,324.3,179616.0
14:16,324.33,324.57,324.2,324.54,130371.0
14:17,324.83,324.93,324.25,324.3,179316.0
14:18,324.52,325.0,324.41,324.87,159876.0
14:19,324.1,324.57,324.01,324.53,142459.0
14:20,324.14,324.15,323.8,324.09,153488.0
14:21,323.97,324.46,323.92,324.08,143984.0
14:22,324.11,324.24,323.7,323.91,150904.0
14:23,323.72,324.26,323.65,324.11,137645.0
14:24,323.46,323.71,322.93,323.71,247691.0
14:25,323.89,323.98,323.22,323.46,172397.0
14:26,323.71,324.0,323.62,323.87,91491.0
14:27,323.76,323.89,323.4,323.73,118925.0
14:28,323.65,323.89,323.48,323.8,97762.0
14:29,323.94,324.08,323.55,323.55,96900.0
14:30,323.51,323.94,323.5,323.88,80817.0
14:31,323.64,323.88,323.48,323.6,107800.0
14:32,324.15,324.2,323.64,323.64,115570.0
14:33,324.76,324.79,324.13,324.19,259182.0
14:34,324.79,325.2,324.69,324.79,378838.0
14:35,323.17,324.92,322.99,324.78,426354.0
14:36,323.36,323.75,323.03,323.13,163723.0
14:37,323.3,323.56,323.01,323.44,131444.0
14:38,324.02,324.1,323.14,323.3,191846.0
14:39,323.53,324.09,323.5,323.99,142211.0
14:40,324.14,324.17,323.25,323.5,192559.0
14:41,324.3,324.3,323.9,324.15,146058.0
14:42,324.57,324.6,324.18,324.28,204777.0
14:43,324.52,324.7,324.37,324.52,139921.0
14:44,324.41,324.6,324.25,324.56,120548.0
14:45,323.94,324.42,323.77,324.42,178156.0
14:46,324.25,324.29,323.69,323.92,145910.0
14:47,324.16,324.52,324.13,324.25,127586.0
14:48,324.06,324.23,323.8,324.16,90382.0
14:49,324.2,324.25,323.9,324.0,56884.0
14:50,324.04,324.25,323.86,324.19,83542.0
14:51,323.85,324.02,323.55,324.02,103128.0
14:52,323.53,323.88,323.43,323.84,107912.0
14:53,322.73,322.91,322.6,322.9,266426.0
14:54,322.94,323.06,322.34,322.72,264110.0
14:55,322.53,322.98,322.38,322.93,170418.0
14:56,321.93,322.65,321.8,322.5,291528.0
14:57,321.33,322.01,321.17,321.92,268344.0
14:58,321.32,321.73,320.57,321.28,431633.0
14:59,321.15,321.54,320.72,321.3,235658.0
15:00,320.57,321.16,320.5,321.16,292062.0
15:01,320.73,320.91,320.09,320.53,356319.0
15:02,321.04,321.29,320.53,320.67,238079.0
15:03,321.02,321.31,320.82,321.03,179596.0
15:04,321.57,321.71,320.9,321.01,224247.0
15:05,321.81,322.15,321.57,321.61,300451.0
15:06,321.94,322.3,321.82,321.82,222356.0
15:07,321.48,322.07,321.21,321.94,191816.0
15:08,321.2,321.5,321.0,321.45,170597.0
15:09,321.33,321.52,321.05,321.2,127399.0
15:10,321.96,321.98,321.25,321.28,151839.0
15:11,321.91,322.22,321.79,321.95,183169.0
15:12,321.6,322.08,321.58,321.88,128289.0
15:13,322.82,323.0,321.46,321.61,354639.0
15:14,322.84,323.19,322.35,322.86,283909.0
15:15,323.14,323.4,322.71,322.75,245297.0
15:16,322.95,323.31,322.62,323.2,158426.0
15:17,322.58,323.14,322.56,322.93,130230.0
15:18,322.81,322.9,322.78,322.86,118765.0
15:19,323.19,323.45,322.75,322.79,162108.0
15:20,323.53,323.71,323.18,323.2,213799.0
15:21,323.7,323.77,323.33,323.56,179169.0
15:22,323.61,323.95,323.53,323.68,156703.0
15:23,323.66,323.85,323.56,323.61,108672.0
15:24,323.43,323.8,323.43,323.67,98433.0
15:25,323.71,323.8,323.21,323.4,199969.0
15:26,323.37,323.87,323.37,323.68,99871.0
15:27,322.84,323.39,322.8,323.39,309141.0
15:28,322.39,322.83,322.26,322.82,224039.0
15:29,322.22,322.56,322.21,322.3,184762.0
15:30,322.8,322.91,321.91,322.21,271780.0
15:31,323.26,323.26,322.76,322.85,176913.0
15:32,323.34,323.52,323.11,323.25,181475.0
15:33,323.55,323.7,323.31,323.37,194241.0
15:34,323.47,323.62,323.23,323.5,154928.0
15:35,323.5,323.55,323.08,323.49,165848.0
15:36,323.4,323.86,323.37,323.54,190546.0
15:37,323.41,323.68,323.35,323.39,108417.0
15:38,323.46,323.64,323.21,323.44,122063.0
15:39,323.48,323.75,323.35,323.46,139586.0
15:40,323.57,323.67,323.4,323.47,97783.0
15:41,324.02,324.1,323.46,323.59,228581.0
15:42,323.72,324.02,323.45,324.02,257462.0
15:43,324.23,324.26,323.66,323.68,204211.0
15:44,324.19,324.26,324.0,324.22,156997.0
15:45,324.16,324.34,324.02,324.13,154825.0
15:46,324.14,324.24,323.72,324.16,177136.0
15:47,324.03,324.15,323.92,324.1,251225.0
15:48,324.19,324.25,323.92,323.97,98623.0
15:49,323.73,324.11,323.63,324.11,140168.0
15:50,322.68,323.72,322.68,323.7,274383.0
15:51,322.76,322.79,322.36,322.7,258586.0
15:52,322.75,323.13,322.13,322.64,332376.0
15:53,323.12,323.27,322.71,322.72,210943.0
15:54,322.76,323.24,322.66,323.15,219966.0
15:55,322.18,323.06,322.09,322.77,326874.0
15:56,322.18,322.36,322.0,322.18,255342.0
15:57,322.04,322.28,321.92,322.2,199259.0
15:58,322.12,322.17,321.8,322.04,282674.0
15:59,322.1,322.2,321.75,322.06,705692.0
