Time,Close,High,Low,Open,Volume
09:30,297.47,298.94,295.82,297.47,21023957.0
09:31,301.55,302.55,298.57,298.95,2536898.0
09:32,297.82,301.68,297.36,301.48,1694472.0
09:33,296.23,298.1,296.16,297.8,1207639.0
09:34,298.61,299.95,295.89,296.28,1337394.0
09:35,297.82,299.43,297.27,298.7,855921.0
09:36,297.9,299.43,297.36,297.77,991181.0
09:37,299.48,299.62,297.85,297.95,657097.0
09:38,299.72,300.24,298.0,299.47,1254921.0
09:39,299.57,300.44,299.06,299.58,921312.0
09:40,299.76,299.79,298.2,299.67,786072.0
09:41,299.85,300.32,299.45,299.75,756951.0
09:42,299.57,300.02,298.47,299.8,745421.0
09:43,299.07,299.85,298.4,299.57,545613.0
09:44,298.8,299.5,297.76,299.06,808086.0
09:45,299.13,299.42,298.83,299.27,660855.0
09:46,299.21,299.4,298.37,299.15,507550.0
09:47,298.29,299.26,297.52,299.23,677385.0
09:48,297.14,298.65,297.04,298.3,709397.0
09:49,298.27,298.31,297.04,297.16,565695.0
09:50,297.75,298.4,297.58,298.18,436415.0
09:51,295.37,297.75,295.37,297.75,1493861.5
09:52,295.85,296.32,295.26,295.37,2551308.0
09:53,295.19,295.83,294.35,295.72,728290.0
09:54,293.49,293.63,293.38,293.6,947546.0
09:55,291.87,294.1,291.67,293.52,1187704.0
09:56,291.69,292.58,291.14,291.82,1024023.0
09:57,292.8,293.63,291.59,291.65,916308.0
09:58,292.56,293.48,292.11,292.86,625438.0
09:59,294.91,294.98,292.31,292.57,857254.0
10:00,295.62,296.38,294.86,294.89,984319.0
10:01,294.67,295.66,294.28,295.59,605679.0
10:02,295.41,295.52,293.02,294.76,750488.0
10:03,294.6,295.5,294.13,295.45,478797.0
10:04,294.7,295.0,294.0,294.59,378801.0
10:05,296.56,296.65,294.1,294.75,627060.0
10:06,296.86,297.5,296.19,296.51,718149.0
10:07,295.91,296.99,295.66,296.87,549770.0
10:08,296.21,296.5,295.2,295.89,401243.0
10:09,295.61,296.29,295.1,296.27,345993.0
10:10,295.71,296.58,295.02,295.54,393429.0
10:11,296.0,296.2,294.9,295.71,419703.0
10:12,295.64,296.18,295.25,296.0,296488.0
10:13,296.11,296.35,295.21,295.68,342189.0
10:14,296.93,296.99,295.65,296.12,410690.0
10:15,296.18,297.42,296.08,296.93,490060.0
10:16,296.87,297.13,296.0,296.09,384739.0
10:17,297.76,298.23,297.0,297.05,608361.0
10:18,296.83,297.22,296.5,297.01,470947.0
10:19,296.7,297.12,296.4,296.8,380300.0
10:20,297.06,297.2,296.4,296.7,318585.0
10:21,296.8,297.28,296.34,297.11,344100.0
10:22,295.88,297.01,295.73,296.89,434797.0
10:23,295.33,296.09,295.12,295.89,513861.0
10:24,296.25,296.35,295.05,295.34,436927.0
10:25,295.43,296.43,294.75,296.23,561133.0
10:26,295.71,295.8,294.5,295.39,438035.0
10:27,295.73,296.06,295.36,295.79,276731.0
10:28,295.19,296.08,295.18,295.62,292150.0
10:29,295.25,295.32,294.31,295.25,452496.0
10:30,295.68,295.88,295.38,295.51,354893.0
10:31,296.14,296.24,295.54,295.6,502413.0
10:32,296.56,296.64,295.5,296.14,382918.0
10:33,297.39,297.51,296.47,296.57,497480.0
10:34,296.65,297.46,296.53,297.41,316779.0
10:35,297.5,297.5,296.1,296.64,448980.0
10:36,297.43,297.74,297.22,297.44,409702.0
10:37,297.71,297.85,296.9,297.49,341392.0
10:38,297.99,298.15,297.63,297.68,446079.0
10:39,299.48,299.48,297.97,298.0,728472.0
10:40,299.11,299.65,298.92,299.42,586894.0
10:41,298.68,299.1,298.47,299.1,410269.0
10:42,298.92,299.0,298.18,298.66,454985.0
10:43,298.73,299.0,298.32,298.88,265015.0
10:44,298.71,299.19,298.35,298.73,321757.0
10:45,299.18,299.38,298.59,298.7,369032.0
10:46,300.48,300.6,299.07,299.12,919417.0
10:47,300.93,301.08,299.83,300.49,759575.0
10:48,300.18,300.95,300.0,300.95,554879.0
10:49,300.27,300.41,300.08,300.09,537706.0
10:50,300.95,301.0,300.07,300.25,461560.0
10:51,301.23,301.48,300.35,300.98,546970.0
10:52,301.25,301.5,300.83,301.26,610599.0
10:53,300.87,301.35,300.61,301.31,467154.0
10:54,301.45,301.62,300.73,300.76,451840.0
10:55,301.4,301.56,301.0,301.45,334708.0
10:56,302.92,302.98,301.35,301.41,999137.0
10:57,302.59,303.0,302.17,302.84,694856.0
10:58,303.29,303.4,302.1,302.6,787959.0
10:59,303.35,303.5,302.55,303.27,649700.0
11:00,304.88,304.88,303.0,303.35,988816.0
11:01,305.34,305.5,304.21,304.85,1236146.0
11:02,304.6,305.39,304.52,305.36,655993.0
11:03,303.97,304.65,303.71,304.59,676177.0
11:04,302.89,304.08,302.54,304.05,701559.0
11:05,303.48,304.19,303.15,303.98,1193278.0
11:06,303.91,303.91,303.48,303.48,1439137.5
11:07,304.06,304.3,303.75,303.91,1684997.0
11:08,303.87,304.59,303.87,304.14,460752.0
11:09,303.99,304.05,303.02,303.89,438032.0
11:10,304.28,304.43,303.49,303.99,215723.0
11:11,303.13,303.96,302.9,303.9,650930.0
11:12,303.92,304.13,302.94,303.03,424016.0
11:13,304.04,304.35,303.65,303.89,289012.0
11:14,304.11,304.15,303.7,304.09,260812.0
11:15,303.6,304.16,303.21,304.08,274317.0
11:16,302.19,303.69,302.12,303.63,462150.0
11:17,302.31,303.05,302.12,302.17,434075.0
11:18,301.39,302.38,301.26,302.31,647641.0
11:19,300.66,301.52,300.54,301.35,631061.0
11:20,299.93,301.0,299.63,300.68,774107.0
11:21,299.94,300.05,299.01,299.98,546027.0
11:22,301.46,301.58,299.4,300.02,643776.0
11:23,301.37,301.58,300.92,301.48,366618.0
11:24,301.93,302.23,301.13,301.45,381547.0
11:25,301.61,302.0,301.44,301.99,339176.0
11:26,301.0,301.59,300.71,301.59,318805.0
11:27,301.43,301.54,300.83,301.01,233498.0
11:28,301.81,301.85,301.22,301.39,201889.0
11:29,301.54,301.97,301.26,301.81,181724.0
11:30,301.12,301.69,300.67,301.54,265132.0
11:31,301.79,302.09,300.89,301.23,298317.0
11:32,301.59,302.0,301.5,301.84,171593.0
11:33,301.07,301.71,301.0,301.57,179232.0
11:34,301.12,301.48,300.8,301.08,242547.0
11:35,300.28,301.19,300.06,301.19,310008.0
11:36,300.4,300.84,300.22,300.28,251220.0
11:37,299.91,300.65,299.59,300.4,450799.0
11:38,299.81,300.37,299.61,299.89,257121.0
11:39,300.33,300.49,299.71,299.75,243540.0
11:40,300.27,300.47,300.03,300.26,173774.0
11:41,300.18,300.66,299.96,300.21,240355.0
11:42,299.76,300.25,299.51,300.2,266616.0
11:43,300.15,300.77,299.76,299.76,272649.0
11:44,300.53,300.66,300.14,300.23,213751.0
11:45,300.93,301.09,300.05,300.52,261499.0
11:46,301.07,301.5,300.61,300.93,309295.0
11:47,300.36,301.06,300.26,301.05,193203.0
11:48,300.45,300.68,299.81,300.33,342106.0
11:49,300.56,300.64,300.0,300.42,168135.0
11:50,300.52,300.86,300.25,300.5,204449.0
11:51,300.21,300.6,299.98,300.0,243366.0
11:52,300.7,300.73,300.1,300.22,221595.0
11:53,300.86,301.14,300.67,300.69,215414.0
11:54,300.28,300.94,300.26,300.9,181211.0
11:55,299.83,300.28,299.5,300.28,347383.0
11:56,299.56,300.28,299.34,299.84,264946.0
11:57,300.1,300.28,299.31,299.57,343416.0
11:58,299.87,300.18,299.78,300.0,165607.0
11:59,300.34,300.59,299.89,299.89,203748.0
12:00,300.38,300.6,300.24,300.36,138555.0
12:01,300.2,300.43,300.05,300.36,137324.0
12:02,300.6,300.75,300.17,300.2,179232.0
12:03,300.93,300.98,300.56,300.58,203963.0
12:04,300.81,300.98,300.42,300.94,135167.0
12:05,300.68,300.98,300.57,300.76,133517.0
12:06,300.8,300.92,300.53,300.67,160138.0
12:07,301.71,301.87,300.78,300.83,415438.0
12:08,302.15,302.15,301.47,301.69,383226.0
12:09,301.76,302.14,301.64,302.13,257567.0
12:10,302.18,302.21,301.23,301.7,284788.0
12:11,302.12,302.5,302.06,302.19,383149.0
12:12,301.88,302.27,301.72,302.27,228615.0
12:13,301.97,302.25,301.7,301.88,189398.0
12:14,301.8,302.0,301.56,301.89,152814.0
12:15,301.15,301.82,301.06,301.82,196187.0
12:16,301.18,301.48,300.93,301.18,219249.0
12:17,300.89,301.18,300.85,301.18,166938.0
12:18,300.96,301.13,300.43,300.88,308806.0
12:19,301.2,301.29,300.79,300.91,152806.0
12:20,301.63,301.84,301.25,301.25,253039.0
12:21,301.22,301.77,301.16,301.66,138573.0
12:22,300.82,301.24,300.48,301.24,217562.0
12:23,300.99,301.1,300.5,300.77,160014.0
12:24,300.85,301.08,300.66,300.99,112369.0
12:25,300.81,300.98,300.45,300.87,185050.0
12:26,300.69,300.87,300.52,300.81,113852.0
12:27,300.48,300.9,300.41,300.69,141496.0
12:28,300.31,300.64,300.1,300.47,201755.0
12:29,300.45,300.5,300.05,300.32,159671.0
12:30,300.78,300.93,300.75,300.83,173928.0
12:31,300.99,301.09,300.56,300.78,157854.0
12:32,300.68,301.13,300.52,301.06,160694.0
12:33,301.11,301.16,300.51,300.68,130369.0
12:34,301.32,301.44,301.01,301.1,166573.0
12:35,301.02,301.52,300.77,301.35,170861.0
12:36,301.09,301.2,300.92,301.02,105641.0
12:37,300.96,301.07,300.71,301.01,112042.0
12:38,301.5,301.65,300.87,300.93,159553.0
12:39,301.33,301.7,301.12,301.47,137034.0
12:40,301.45,301.57,301.12,301.31,125755.0
12:41,301.45,301.55,301.26,301.42,104695.0
12:42,301.37,301.62,301.25,301.45,112991.0
12:43,301.01,301.51,300.82,301.41,177653.0
12:44,301.36,301.46,300.73,300.92,181304.0
12:45,301.24,301.41,301.11,301.35,109702.0
12:46,300.87,301.36,300.87,301.22,126737.0
12:47,301.16,301.23,300.8,300.91,85955.0
12:48,301.99,302.05,301.15,301.21,297381.0
12:49,301.54,302.03,301.35,302.0,160870.0
12:50,300.97,301.74,300.91,301.56,187146.0
12:51,301.09,301.22,300.84,300.94,133491.0
12:52,300.46,301.16,300.41,301.15,197481.0
12:53,300.54,300.73,300.31,300.46,175197.0
12:54,301.01,301.07,300.24,300.48,161617.0
12:55,300.43,300.53,300.26,300.42,151025.0
12:56,300.5,300.67,300.12,300.38,162847.0
12:57,300.87,301.0,300.32,300.45,149353.0
12:58,300.63,300.93,300.53,300.86,118796.0
12:59,300.43,300.7,300.35,300.58,149044.0
13:00,301.15,301.15,300.38,300.43,173617.0
13:01,301.18,301.45,301.13,301.19,148046.0
13:02,300.84,301.3,300.8,301.17,126465.0
13:03,300.85,300.93,300.52,300.89,98669.0
13:04,300.24,300.84,300.23,300.84,149576.0
13:05,299.73,300.27,299.48,300.24,448320.0
13:06,299.67,300.15,299.5,299.73,187866.0
13:07,299.39,299.68,299.13,299.62,289414.0
13:08,300.07,300.28,299.24,299.35,279806.0
13:09,299.92,300.2,299.82,300.07,163091.0
13:10,300.23,300.35,299.96,299.96,170998.0
13:11,300.32,300.42,300.05,300.2,122173.0
13:12,300.12,300.4,300.04,300.27,117318.0
13:13,300.4,300.59,300.08,300.18,178225.0
13:14,300.85,300.98,300.4,300.4,168838.0
13:15,300.7,301.0,300.6,300.86,155800.0
13:16,300.57,300.91,300.43,300.68,113281.0
13:17,300.45,300.83,300.4,300.56,112081.0
13:18,300.54,300.67,300.21,300.45,162852.0
13:19,300.43,300.69,300.38,300.54,139215.0
13:20,300.38,300.46,300.12,300.39,147427.0
13:21,300.13,300.41,300.1,300.35,153541.0
13:22,300.5,300.5,300.12,300.14,121639.0
13:23,300.71,300.8,300.4,300.43,176400.0
13:24,300.56,300.76,300.51,300.69,103027.0
13:25,300.13,300.6,300.05,300.54,159862.0
13:26,299.94,300.2,299.53,300.09,244319.0
13:27,300.1,300.19,299.79,299.97,131736.0
13:28,300.32,300.5,300.08,300.13,149303.0
13:29,300.07,300.39,299.92,300.36,129196.0
13:30,299.95,300.18,299.82,300.06,98934.0
13:31,299.66,299.99,299.66,299.94,149857.0
13:32,299.88,299.9,299.55,299.69,132495.0
13:33,299.51,299.88,299.17,299.87,219852.0
13:34,299.88,299.99,299.45,299.52,172286.0
13:35,300.06,300.22,299.67,299.84,169007.0
13:36,300.15,300.5,300.05,300.12,170495.0
13:37,299.89,300.21,299.75,300.16,121476.0
13:38,300.35,300.5,299.7,299.86,149609.0
13:39,300.25,300.3,300.15,300.17,125688.0
13:40,300.46,300.52,300.13,300.29,92855.0
13:41,300.11,300.47,299.9,300.42,139278.0
13:42,299.83,300.19,299.77,300.1,95759.0
13:43,300.23,300.35,299.51,299.83,186698.0
13:44,300.35,300.44,300.03,300.21,136564.0
13:45,300.95,300.99,300.34,300.34,253458.0
13:46,300.68,301.0,300.62,300.99,151357.0
13:47,300.67,300.72,300.52,300.65,95172.0
13:48,300.68,300.97,300.61,300.65,108087.0
13:49,300.46,300.68,300.24,300.63,117468.0
13:50,300.76,300.88,300.41,300.41,106950.0
13:51,300.49,300.88,300.26,300.76,132042.0
13:52,300.82,301.0,300.43,300.48,135404.0
13:53,300.72,300.97,300.54,300.78,121040.0
13:54,300.91,300.94,300.62,300.62,147736.0
13:55,301.24,301.39,300.68,300.92,228219.0
13:56,301.36,301.42,301.18,301.24,134999.0
13:57,301.3,301.74,301.27,301.36,233936.0
13:58,301.08,301.34,301.03,301.33,129320.0
13:59,300.9,301.23,300.8,301.11,137907.0
14:00,300.76,301.06,300.46,300.93,188854.0
14:01,300.2,300.85,300.1,300.83,169167.0
14:02,300.36,300.47,300.13,300.23,184560.0
14:03,300.15,300.52,300.03,300.43,182415.0
14:04,300.44,300.59,300.0,300.15,160352.0
14:05,300.69,300.7,300.29,300.45,134340.0
14:06,300.44,300.69,300.31,300.65,99024.0
14:07,300.43,300.5,300.25,300.39,83594.0
14:08,300.69,300.72,300.33,300.46,100704.0
14:09,300.64,300.8,300.52,300.68,111566.0
14:10,300.34,300.62,300.21,300.59,126322.0
14:11,300.26,300.52,300.2,300.31,117738.0
14:12,300.24,300.4,300.0,300.25,207783.0
14:13,300.43,300.43,300.17,300.24,117969.0
14:14,300.64,300.78,300.33,300.43,149315.0
14:15,300.81,300.91,300.61,300.67,150371.0
14:16,300.7,300.84,300.51,300.81,105386.0
14:17,300.5,300.95,300.46,300.74,155184.0
14:18,300.7,300.75,300.3,300.53,113113.0
14:19,300.74,300.88,300.62,300.7,86257.0
14:20,300.2,300.76,300.2,300.76,120060.0
14:21,299.73,300.26,299.68,300.23,304772.0
14:22,300.17,300.25,299.5,299.73,305311.0
14:23,300.3,300.34,300.07,300.2,115387.0
14:24,300.32,300.43,300.21,300.31,103110.0
14:25,300.31,300.59,300.22,300.33,114341.0
14:26,300.25,300.33,300.11,300.31,83861.0
14:27,300.21,300.36,300.06,300.22,157238.0
14:28,300.17,300.39,300.01,300.12,230616.0
14:29,300.29,300.38,300.17,300.17,93013.0
14:30,300.13,300.66,300.13,300.31,155132.0
14:31,300.23,300.28,300.08,300.12,120417.0
14:32,300.27,300.3,300.0,300.18,119463.0
14:33,300.31,300.41,300.2,300.28,100847.0
14:34,300.36,300.48,300.24,300.33,107815.0
14:35,300.5,300.54,300.15,300.3,128318.0
14:36,300.43,300.52,300.19,300.48,105730.0
14:37,300.54,300.6,300.36,300.43,115985.0
14:38,300.8,300.88,300.45,300.53,179143.0
14:39,300.57,301.1,300.54,300.82,215882.0
14:40,300.91,300.98,300.41,300.55,148223.0
14:41,300.58,300.92,300.54,300.89,122446.0
14:42,300.49,300.6,300.29,300.58,116606.0
14:43,300.55,300.76,300.43,300.48,89064.0
14:44,300.71,300.83,300.5,300.57,103501.0
14:45,300.64,300.84,300.52,300.7,97532.0
14:46,300.75,300.78,300.58,300.62,88134.0
14:47,300.84,300.95,300.59,300.75,98566.0
14:48,300.84,300.94,300.72,300.84,87925.0
14:49,300.48,300.86,300.4,300.84,135037.0
14:50,300.52,300.67,300.36,300.46,109072.0
14:51,300.3,300.58,300.2,300.52,248513.0
14:52,300.53,300.6,300.1,300.26,165346.0
14:53,300.67,300.8,300.37,300.55,136486.0
14:54,300.75,300.84,300.63,300.71,96432.0
14:55,300.79,300.8,300.64,300.76,90480.0
14:56,300.77,300.85,300.61,300.78,102722.0
14:57,300.79,300.83,300.68,300.76,76710.0
14:58,300.87,300.94,300.67,300.8,114787.0
14:59,300.67,300.94,300.62,300.87,87509.0
15:00,301.53,301.57,301.08,301.1,348322.0
15:01,301.33,301.77,301.0,301.51,293850.0
15:02,301.14,301.35,300.95,301.33,137944.0
15:03,301.1,301.3,301.01,301.16,112287.0
15:04,300.98,301.15,300.77,301.12,146742.0
15:05,301.51,301.66,300.92,300.96,181827.0
15:06,301.55,301.64,301.31,301.49,288438.0
15:07,301.79,302.0,301.41,301.56,297191.0
15:08,301.64,301.88,301.52,301.83,200312.0
15:09,301.17,301.72,301.16,301.61,167224.0
15:10,301.46,301.49,301.04,301.17,188478.0
15:11,301.05,301.5,300.9,301.43,155761.0
15:12,301.51,301.7,300.93,301.04,254980.0
15:13,301.89,301.96,301.46,301.53,199184.0
15:14,301.49,301.99,301.45,301.9,207059.0
15:15,301.11,301.58,301.03,301.52,223009.0
15:16,300.83,301.17,300.79,301.11,206838.0
15:17,300.28,300.83,300.25,300.83,317573.0
15:18,299.72,300.3,299.51,300.3,500816.0
15:19,298.52,299.99,298.48,299.72,576454.0
15:20,297.1,298.56,296.75,298.52,1026848.0
15:21,296.74,297.9,296.56,297.11,596124.0
15:22,297.82,298.0,296.67,296.7,431573.0
15:23,297.88,298.29,297.44,297.82,373739.0
15:24,298.65,298.75,297.58,297.84,431187.0
15:25,298.08,298.61,297.89,298.61,329782.0
15:26,297.54,298.28,297.0,298.02,484624.0
15:27,297.02,297.89,296.84,297.57,419109.0
15:28,297.41,297.75,296.61,297.04,373262.0
15:29,297.99,298.05,297.39,297.44,278222.0
15:30,297.62,298.29,297.3,297.94,291907.0
15:31,297.76,297.92,297.05,297.67,267540.0
15:32,297.5,298.0,297.23,297.76,239921.0
15:33,297.14,297.75,297.01,297.44,271240.0
15:34,296.88,297.8,296.67,297.11,367554.0
15:35,297.4,297.5,296.81,296.88,305294.0
15:36,297.25,297.49,297.0,297.45,229770.0
15:37,297.26,297.83,297.11,297.3,265739.0
15:38,296.6,297.3,296.5,297.26,442454.0
15:39,296.76,297.11,296.34,296.59,381674.0
15:40,296.7,297.25,296.53,296.8,292734.0
15:41,296.13,296.92,296.07,296.66,409635.0
15:42,296.09,296.46,296.0,296.11,395233.0
15:43,296.2,296.46,296.05,296.08,254117.0
15:44,296.32,296.65,296.18,296.28,306415.0
15:45,295.72,296.4,295.62,296.33,539864.0
15:46,295.57,296.26,295.54,295.72,629151.0
15:47,295.17,295.8,295.03,295.45,900986.0
15:48,294.76,295.34,294.51,295.18,1172822.0
15:49,295.04,295.3,294.5,294.76,565854.0
15:50,293.42,295.26,293.14,295.08,1000965.0
15:51,294.61,294.74,293.37,293.4,687917.0
15:52,295.19,295.87,294.52,294.63,815636.0
15:53,295.42,295.55,294.75,295.19,544769.0
15:54,296.64,297.2,295.18,295.42,906050.0
15:55,295.76,297.17,295.65,296.64,636391.0
15:56,295.86,295.94,295.23,295.75,530624.0
15:57,294.77,296.25,294.75,295.83,820035.0
15:58,295.66,295.75,294.65,294.79,996395.0
15:59,295.12,295.69,295.06,295.67,1221619.0
