Time,Close,High,Low,Open,Volume
09:30,356.36,356.36,356.36,356.36,4539156.0
09:31,355.95,357.07,355.15,355.99,476004.0
09:32,355.68,356.26,355.63,355.92,87243.0
09:33,356.43,356.75,355.92,356.24,569770.0
09:34,356.85,356.98,355.76,356.47,367650.0
09:35,354.83,356.96,354.7,356.82,565250.0
09:36,354.48,355.27,354.26,354.76,373567.0
09:37,355.12,355.2,354.18,354.49,320192.0
09:38,354.27,355.22,354.22,355.1,301053.0
09:39,354.42,354.5,353.82,354.27,379744.0
09:40,355.48,355.7,353.96,354.43,434872.0
09:41,355.5,355.82,355.0,355.54,278221.0
09:42,356.21,356.51,355.4,355.53,414290.0
09:43,356.26,356.33,355.7,356.13,225420.0
09:44,356.33,356.48,355.91,356.29,194031.0
09:45,357.91,357.95,356.24,356.3,480913.0
09:46,357.38,358.46,357.0,357.91,571543.0
09:47,357.24,357.46,356.52,357.35,291504.0
09:48,357.38,357.48,356.86,357.18,218484.0
09:49,357.0,357.39,356.66,357.39,233793.0
09:50,356.61,357.19,356.45,357.01,222009.0
09:51,356.13,356.65,356.1,356.54,233078.0
09:52,356.03,356.07,355.58,356.06,257839.0
09:53,356.7,356.82,355.76,355.93,277974.0
09:54,356.62,356.94,356.43,356.64,223639.0
09:55,355.86,356.8,355.82,356.58,221266.0
09:56,356.14,356.14,355.5,355.85,243790.0
09:57,356.21,356.48,355.7,356.05,198348.0
09:58,356.13,356.36,355.81,356.19,128131.0
09:59,355.91,356.41,355.7,356.16,137287.0
10:00,356.94,356.97,355.81,355.91,314871.0
10:01,357.05,357.17,356.5,356.89,335869.0
10:02,357.54,357.74,356.93,357.03,357020.0
10:03,356.88,357.62,356.77,357.6,232234.0
10:04,357.17,357.5,356.8,356.89,219709.0
10:05,357.32,357.59,356.94,357.14,210662.0
10:06,356.93,357.46,356.85,357.3,165073.0
10:07,357.76,357.79,356.66,356.97,276285.0
10:08,357.85,358.25,357.55,357.8,343410.0
10:09,358.0,358.2,357.89,357.94,224505.0
10:10,357.84,358.01,357.45,358.0,245489.0
10:11,357.68,357.95,357.4,357.78,138514.0
10:12,358.78,358.84,357.6,357.75,326295.0
10:13,358.74,359.15,358.64,358.82,456349.0
10:14,358.85,359.06,358.64,358.73,236984.0
10:15,359.58,359.6,358.52,358.8,356932.0
10:16,359.87,360.18,359.56,359.62,551462.0
10:17,360.2,360.2,359.62,359.83,296926.0
10:18,360.31,360.49,359.96,360.18,407540.0
10:19,360.24,360.36,359.94,360.32,231658.0
10:20,361.2,361.25,360.18,360.28,593222.0
10:21,361.18,361.69,361.08,361.16,446983.0
10:22,361.07,361.45,360.72,361.17,351443.0
10:23,360.8,361.11,360.59,361.06,287080.0
10:24,360.7,360.87,360.4,360.81,243619.0
10:25,360.67,360.89,360.11,360.71,275195.0
10:26,360.82,361.12,360.65,360.65,312988.0
10:27,360.75,361.0,360.37,360.83,210631.0
10:28,361.24,361.59,360.5,360.76,331950.0
10:29,361.86,361.95,361.17,361.24,383505.0
10:30,361.43,361.9,361.18,361.83,277866.0
10:31,362.1,362.22,361.33,361.38,361778.0
10:32,362.0,362.18,361.8,362.14,231205.0
10:33,361.63,362.1,361.5,362.03,308177.0
10:34,361.6,361.7,361.31,361.66,215155.0
10:35,361.47,361.93,361.4,361.61,235921.0
10:36,361.37,361.59,361.06,361.51,246820.0
10:37,362.48,362.57,361.38,361.38,413536.0
10:38,362.39,362.76,362.23,362.5,280176.0
10:39,362.56,362.8,362.0,362.38,324376.0
10:40,361.95,362.68,361.5,362.53,286710.0
10:41,362.45,362.5,361.69,361.97,192455.0
10:42,362.56,363.16,362.4,362.42,467862.0
10:43,362.36,362.58,362.12,362.55,183980.0
10:44,362.69,362.79,362.3,362.37,202363.0
10:45,362.44,362.84,362.2,362.7,205237.0
10:46,362.46,362.75,362.05,362.44,245378.0
10:47,362.33,362.6,362.22,362.45,152429.0
10:48,362.09,362.65,361.91,362.37,254627.0
10:49,361.69,362.15,361.39,362.12,306515.0
10:50,361.28,361.7,361.0,361.69,301222.0
10:51,361.46,361.8,361.16,361.24,242624.0
10:52,361.06,361.51,360.9,361.46,251044.0
10:53,360.91,361.32,360.77,361.04,238101.0
10:54,361.3,361.34,360.74,360.85,191226.0
10:55,361.62,361.85,361.22,361.31,312039.0
10:56,361.77,362.0,361.56,361.64,210218.0
10:57,361.34,361.82,361.18,361.81,183396.0
10:58,361.37,361.8,361.25,361.32,131592.0
10:59,361.74,361.79,361.3,361.41,186782.0
11:00,362.04,362.19,361.8,361.8,225941.0
11:01,362.04,362.52,361.94,362.07,200966.0
11:02,361.84,362.12,361.76,362.01,106857.0
11:03,362.3,362.4,361.83,361.86,129602.0
11:04,362.35,362.41,361.94,362.24,128523.0
11:05,363.06,363.42,362.23,362.34,509141.0
11:06,363.19,363.68,363.06,363.14,389958.0
11:07,363.11,363.28,362.75,363.13,221348.0
11:08,362.85,363.29,362.56,363.05,259390.0
11:09,362.6,362.96,362.41,362.87,190695.0
11:10,362.43,362.86,362.33,362.6,166214.0
11:11,361.84,362.4,361.7,362.37,242882.0
11:12,361.69,361.85,361.39,361.77,236050.0
11:13,361.88,362.1,361.6,361.69,218594.0
11:14,361.35,361.94,361.23,361.85,229407.0
11:15,361.64,361.7,361.32,361.4,117230.0
11:16,361.54,361.93,361.48,361.6,157975.0
11:17,361.03,361.52,360.93,361.5,228107.0
11:18,360.67,361.1,360.58,361.0,244326.0
11:19,360.01,360.63,359.81,360.62,377582.0
11:20,359.92,360.09,359.35,360.0,314633.0
11:21,360.07,360.19,359.7,359.95,232806.0
11:22,360.55,360.72,360.04,360.08,265000.0
11:23,360.4,360.65,360.29,360.61,150443.0
11:24,360.11,360.5,360.02,360.4,175436.0
11:25,360.22,360.28,359.55,360.11,220139.0
11:26,360.71,360.74,360.09,360.2,212669.0
11:27,360.95,361.15,360.67,360.7,273762.0
11:28,360.92,360.97,360.5,360.95,304855.0
11:29,360.91,361.18,360.88,360.89,143288.0
11:30,361.45,361.45,360.66,360.88,213890.0
11:31,361.25,361.57,361.12,361.45,453206.0
11:32,360.13,361.27,360.06,361.27,301915.0
11:33,360.35,360.58,360.05,360.13,169704.0
11:34,360.08,360.32,359.62,360.32,508687.0
11:35,360.61,360.62,359.96,360.1,389749.0
11:36,360.11,360.75,360.0,360.61,128723.0
11:37,359.96,360.24,359.6,360.19,176544.0
11:38,360.01,360.15,359.64,359.98,163083.0
11:39,360.03,360.17,359.9,360.11,113341.0
11:40,359.75,360.07,359.58,359.99,126618.0
11:41,359.79,359.89,359.33,359.71,232791.0
11:42,359.94,360.1,359.5,359.81,177165.0
11:43,359.76,360.06,359.63,360.0,120148.0
11:44,359.57,359.91,359.27,359.73,150480.0
11:45,359.99,360.04,359.47,359.51,129789.0
11:46,359.84,360.02,359.58,360.0,105750.0
11:47,359.76,359.86,359.5,359.79,100645.0
11:48,359.77,359.87,359.56,359.68,105017.0
11:49,360.34,360.47,359.63,359.77,204754.0
11:50,360.17,360.64,360.06,360.3,194554.0
11:51,359.91,360.25,359.32,360.14,173424.0
11:52,359.6,360.05,359.47,359.88,134348.0
11:53,359.41,359.78,359.39,359.6,119671.0
11:54,359.76,359.78,359.39,359.43,108803.0
11:55,360.11,360.16,359.76,359.78,112785.0
11:56,359.67,360.24,359.57,360.14,136187.0
11:57,359.14,359.7,358.83,359.65,249724.0
11:58,358.82,359.18,358.55,359.05,235503.0
11:59,358.37,358.88,358.27,358.85,293834.0
12:00,357.83,358.59,357.8,358.38,352166.0
12:01,357.64,357.87,357.25,357.8,278913.0
12:02,357.17,357.68,357.14,357.61,221217.0
12:03,357.47,357.53,357.14,357.14,238370.0
12:04,356.95,357.54,356.74,357.47,306533.0
12:05,357.29,357.47,356.86,356.94,203365.0
12:06,357.5,357.7,357.25,357.27,269918.0
12:07,357.5,357.7,357.27,357.56,166396.0
12:08,357.75,358.0,357.43,357.5,211160.0
12:09,358.01,358.07,357.74,357.76,138568.0
12:10,357.93,358.06,357.73,358.03,126014.0
12:11,357.91,358.05,357.62,357.91,115674.0
12:12,357.5,358.19,357.38,357.91,172232.0
12:13,357.63,357.8,357.36,357.47,112366.0
12:14,357.8,357.87,357.5,357.69,77171.0
12:15,357.81,358.1,357.62,357.8,100597.0
12:16,357.2,357.83,357.09,357.83,169550.0
12:17,356.79,357.18,356.67,357.16,241266.0
12:18,356.76,356.89,356.47,356.77,201989.0
12:19,356.93,357.02,356.65,356.79,292068.0
12:20,357.05,357.22,356.64,356.97,143130.0
12:21,356.69,357.12,356.54,357.03,101547.0
12:22,356.33,356.75,355.95,356.67,276998.0
12:23,356.22,356.4,356.07,356.33,123997.0
12:24,356.27,356.32,356.04,356.27,100212.0
12:25,356.18,356.28,355.92,356.27,123932.0
12:26,356.19,356.5,356.08,356.17,140588.0
12:27,355.75,356.23,355.55,356.2,217635.0
12:28,354.64,355.73,354.21,355.7,486276.0
12:29,354.08,354.6,353.6,354.6,482387.0
12:30,353.43,354.2,352.76,354.02,603312.0
12:31,352.52,353.41,352.49,353.41,312985.0
12:32,350.91,352.62,350.45,352.51,679299.0
12:33,349.62,350.91,349.5,350.91,722936.0
12:34,350.89,351.07,348.9,349.5,846490.0
12:35,350.62,351.01,349.9,350.88,424471.0
12:36,350.89,350.9,349.72,350.67,419876.0
12:37,350.33,351.22,349.92,350.9,380678.0
12:38,348.39,350.46,347.85,350.35,744617.0
12:39,349.32,349.61,348.12,348.37,421824.0
12:40,349.44,349.98,349.3,349.34,329544.0
12:41,350.5,350.56,348.8,349.46,442322.0
12:42,350.72,350.88,349.61,350.43,391849.0
12:43,349.89,350.8,349.72,350.7,316063.0
12:44,349.9,350.07,349.51,349.85,227696.0
12:45,349.76,350.01,349.37,349.96,181424.0
12:46,349.17,349.9,348.73,349.75,326904.0
12:47,348.71,349.49,348.28,349.15,316789.0
12:48,348.99,349.36,348.65,348.69,197677.0
12:49,348.85,349.25,348.52,348.98,186204.0
12:50,347.7,348.83,347.1,348.79,502290.0
12:51,346.94,347.89,346.76,347.61,449483.0
12:52,346.88,347.19,346.58,346.96,366327.0
12:53,346.55,347.0,346.04,347.0,442398.0
12:54,346.37,347.2,346.3,346.58,346925.0
12:55,345.96,346.69,345.75,346.37,394273.0
12:56,345.83,346.53,345.76,346.0,334521.0
12:57,346.58,346.83,345.42,345.87,420270.0
12:58,346.12,346.74,345.75,346.59,307557.0
12:59,346.51,346.73,345.9,346.14,243019.0
13:00,345.53,346.52,345.29,346.52,459366.0
13:01,345.94,346.47,345.36,345.5,325227.0
13:02,346.77,346.9,345.77,345.82,296271.0
13:03,346.79,346.97,346.13,346.81,295663.0
13:04,347.13,347.3,346.67,346.75,398796.0
13:05,347.2,347.5,346.92,347.16,262900.0
13:06,347.58,347.62,346.82,347.22,285501.0
13:07,347.81,348.1,347.51,347.59,354401.0
13:08,348.09,348.11,347.5,347.8,270153.0
13:09,348.44,348.61,348.03,348.06,323727.0
13:10,348.34,348.45,347.79,348.44,280821.0
13:11,348.1,348.32,347.82,348.3,178545.0
13:12,348.9,349.06,348.01,348.1,343085.0
13:13,348.84,348.98,348.68,348.89,179722.0
13:14,348.51,349.05,348.5,348.89,249470.0
13:15,348.69,348.85,347.9,348.55,280664.0
13:16,348.05,348.87,347.95,348.64,204684.0
13:17,347.58,348.13,347.56,348.08,221299.0
13:18,348.2,348.29,347.54,347.64,158891.0
13:19,348.29,348.43,348.0,348.17,132794.0
13:20,347.41,348.47,347.29,348.38,215153.0
13:21,347.66,347.7,347.21,347.39,184576.0
13:22,347.93,348.1,347.42,347.59,133719.0
13:23,348.16,348.54,347.89,347.93,161702.0
13:24,348.15,348.21,347.72,348.15,171100.0
13:25,348.33,348.42,347.9,348.1,136068.0
13:26,347.78,348.35,347.71,348.34,126804.0
13:27,348.29,348.54,347.74,347.82,137165.0
13:28,348.4,348.5,348.2,348.32,95847.0
13:29,348.41,348.52,348.0,348.4,148562.0
13:30,348.3,348.5,347.95,348.38,155614.0
13:31,347.91,348.3,347.88,348.27,99853.0
13:32,348.41,348.62,347.88,347.93,175799.0
13:33,348.94,348.97,348.31,348.45,181059.0
13:34,348.58,349.17,348.5,348.91,266176.0
13:35,349.11,349.38,348.57,348.66,230426.0
13:36,349.21,349.35,348.84,349.1,172819.0
13:37,349.16,349.33,348.92,349.24,178040.0
13:38,349.1,349.39,349.02,349.18,132917.0
13:39,349.35,349.35,348.95,349.06,155096.0
13:40,349.44,349.71,349.07,349.3,194471.0
13:41,349.78,349.81,349.34,349.41,164211.0
13:42,349.67,349.9,349.4,349.85,222472.0
13:43,349.46,349.78,349.3,349.64,139852.0
13:44,348.67,349.53,348.61,349.49,287120.0
13:45,348.56,348.74,348.25,348.69,167223.0
13:46,348.17,348.55,348.08,348.53,143518.0
13:47,348.34,348.41,347.89,348.18,179748.0
13:48,348.39,348.55,348.13,348.36,96958.0
13:49,348.4,348.8,348.32,348.44,153795.0
13:50,348.56,348.83,348.31,348.45,132132.0
13:51,348.64,348.83,348.39,348.6,97967.0
13:52,348.54,348.88,348.45,348.62,84959.0
13:53,348.87,348.92,348.51,348.51,101537.0
13:54,348.87,349.02,348.62,348.9,103443.0
13:55,348.99,349.24,348.81,348.83,131154.0
13:56,348.6,349.1,348.55,348.95,105078.0
13:57,348.28,348.56,347.9,348.55,242667.0
13:58,347.91,348.35,347.73,348.26,140655.0
13:59,347.95,348.0,347.58,347.88,158149.0
14:00,348.83,348.85,347.92,347.95,230214.0
14:01,348.73,349.07,348.63,348.82,140648.0
14:02,349.36,349.47,348.74,348.79,239132.0
14:03,349.35,349.64,349.17,349.39,174492.0
14:04,349.62,349.75,349.35,349.4,217073.0
14:05,349.63,349.74,349.36,349.63,137013.0
14:06,350.25,350.32,349.36,349.63,340939.0
14:07,350.44,350.74,349.96,350.22,354063.0
14:08,349.9,350.57,349.9,350.51,229100.0
14:09,350.13,350.38,349.83,349.89,169040.0
14:10,350.65,350.69,349.91,350.1,234592.0
14:11,350.53,350.72,350.29,350.68,127313.0
14:12,350.45,350.8,350.35,350.55,142077.0
14:13,350.04,350.57,350.02,350.47,121820.0
14:14,350.32,350.43,349.95,350.02,153492.0
14:15,350.88,351.02,350.15,350.3,256975.0
14:16,350.48,350.95,350.3,350.88,179725.0
14:17,350.17,350.73,350.1,350.48,163697.0
14:18,350.53,350.89,349.34,350.17,461088.0
14:19,350.82,350.85,350.06,350.57,245176.0
14:20,350.67,350.96,350.4,350.78,214243.0
14:21,351.23,351.33,350.5,350.7,231082.0
14:22,351.1,351.56,350.9,351.19,296665.0
14:23,351.3,351.66,351.07,351.1,232916.0
14:24,351.59,351.67,351.26,351.29,203505.0
14:25,351.68,351.9,351.46,351.64,188109.0
14:26,351.15,351.69,350.72,351.57,252703.0
14:27,350.89,351.4,350.82,351.14,140859.0
14:28,350.9,351.19,350.86,350.86,87954.0
14:29,350.6,351.0,350.38,350.84,279791.0
14:30,350.91,351.1,350.48,350.63,164986.0
14:31,351.43,351.45,350.83,350.85,150946.0
14:32,351.04,351.43,350.8,351.4,187390.0
14:33,350.67,351.07,350.52,350.99,147978.0
14:34,350.17,350.74,350.07,350.67,255515.0
14:35,350.42,350.52,350.06,350.13,151401.0
14:36,350.26,350.46,350.17,350.42,85468.0
14:37,350.89,351.01,350.19,350.3,304098.0
14:38,350.95,351.15,350.8,350.9,153627.0
14:39,350.58,351.03,350.52,350.98,152365.0
14:40,349.79,350.62,349.5,350.58,255124.0
14:41,349.83,350.03,349.72,349.75,145032.0
14:42,349.45,349.93,349.23,349.76,212220.0
14:43,349.59,349.67,349.15,349.41,198442.0
14:44,349.12,349.63,348.88,349.5,211839.0
14:45,349.21,349.4,348.85,349.08,184867.0
14:46,349.16,349.33,348.92,349.29,136933.0
14:47,349.1,349.7,349.07,349.18,214554.0
14:48,349.01,349.24,348.94,349.11,126993.0
14:49,349.1,349.16,348.45,349.03,214128.0
14:50,349.35,349.49,348.86,349.1,237478.0
14:51,349.29,349.45,349.04,349.33,174378.0
14:52,349.23,349.53,349.05,349.31,160759.0
14:53,349.84,349.85,349.11,349.16,222638.0
14:54,349.79,349.98,349.54,349.82,164433.0
14:55,349.85,350.22,349.76,349.79,227924.0
14:56,349.58,349.83,349.41,349.82,181090.0
14:57,349.92,350.35,349.46,349.51,206365.0
14:58,349.9,350.07,349.75,349.9,142560.0
14:59,350.0,350.1,349.8,349.8,119078.0
15:00,350.36,350.61,349.83,349.98,237869.0
15:01,350.49,350.5,350.21,350.33,145784.0
15:02,351.21,351.22,350.35,350.49,257100.0
15:03,351.3,351.62,351.15,351.2,276746.0
15:04,351.33,351.57,351.28,351.36,143273.0
15:05,351.39,351.73,351.28,351.32,179997.0
15:06,351.5,351.53,351.16,351.39,187383.0
15:07,351.76,351.8,351.35,351.54,173249.0
15:08,351.85,351.97,351.51,351.68,187179.0
15:09,351.19,352.08,351.0,351.85,340160.0
15:10,351.03,351.5,350.95,351.13,204212.0
15:11,350.9,351.27,350.82,351.07,211549.0
15:12,350.79,350.98,350.68,350.85,151679.0
15:13,351.19,351.22,350.55,350.75,173816.0
15:14,350.73,351.25,350.72,351.23,111803.0
15:15,351.05,351.05,350.62,350.74,105410.0
15:16,351.42,351.43,351.02,351.02,141214.0
15:17,351.95,352.15,351.36,351.42,295403.0
15:18,352.29,352.32,351.9,351.96,216504.0
15:19,351.56,352.43,351.54,352.29,264189.0
15:20,351.47,351.74,351.4,351.56,155281.0
15:21,351.61,351.68,351.33,351.43,128107.0
15:22,351.71,351.71,351.42,351.65,114013.0
15:23,352.08,352.11,351.49,351.71,165275.0
15:24,352.02,352.29,351.89,352.1,135096.0
15:25,352.19,352.27,351.98,351.98,117751.0
15:26,352.11,352.25,351.97,352.16,164495.0
15:27,351.76,352.28,351.7,352.09,154241.0
15:28,351.56,351.86,351.27,351.76,196155.0
15:29,351.67,351.88,351.52,351.59,116286.0
15:30,351.02,351.73,350.91,351.67,271505.0
15:31,350.7,351.17,350.56,351.06,305752.0
15:32,351.06,351.1,350.48,350.67,193088.0
15:33,350.89,351.24,350.79,351.09,145963.0
15:34,350.96,351.3,350.76,350.88,136567.0
15:35,351.28,351.47,350.9,351.04,128183.0
15:36,351.35,351.47,350.88,351.3,153569.0
15:37,352.05,352.14,351.34,351.4,257484.0
15:38,351.73,352.22,351.54,352.04,213843.0
15:39,351.5,351.86,351.43,351.74,148927.0
15:40,351.02,351.64,350.85,351.57,168284.0
15:41,351.24,351.75,350.99,351.02,222471.0
15:42,351.19,351.53,350.98,351.2,142192.0
15:43,351.78,351.93,351.05,351.14,251391.0
15:44,351.48,351.77,351.26,351.76,131570.0
15:45,351.76,352.13,351.36,351.43,226041.0
15:46,351.86,351.86,351.39,351.8,149166.0
15:47,352.04,352.23,351.59,351.86,212598.0
15:48,351.8,352.12,351.63,352.06,139786.0
15:49,351.71,352.28,351.67,351.84,196955.0
15:50,349.1,351.86,348.37,351.77,1108738.0
15:51,347.63,349.07,347.16,349.07,745584.0
15:52,346.65,347.7,346.65,347.52,695880.0
15:53,347.2,347.46,346.34,346.73,613853.0
15:54,347.3,347.76,346.45,347.15,533388.0
15:55,346.23,347.46,345.45,347.33,1069995.0
15:56,346.73,347.23,346.24,346.27,557151.0
15:57,347.3,347.62,346.39,346.7,664151.0
15:58,346.84,347.45,346.67,347.3,766052.0
15:59,345.76,346.89,345.73,346.87,2017010.0
