Time,Close,High,Low,Open,Volume
09:30,306.52,309.1,306.18,309.05,3987947.0
09:31,306.25,307.1,305.55,306.58,518196.0
09:32,306.82,307.4,306.07,306.63,824442.0
09:33,307.4,307.71,306.58,306.67,1130689.0
09:34,308.36,308.51,307.25,307.37,437086.0
09:35,309.17,309.87,308.25,308.36,583599.0
09:36,309.7,310.3,308.37,309.15,643957.0
09:37,310.15,310.55,309.51,309.64,539736.0
09:38,309.96,310.4,309.73,310.11,354673.0
09:39,309.82,310.15,309.54,309.9,286558.0
09:40,309.0,309.83,308.78,309.83,376161.0
09:41,308.93,309.21,308.56,309.0,254155.0
09:42,308.67,309.16,308.1,309.02,366466.0
09:43,308.24,308.76,308.07,308.7,285473.0
09:44,307.61,308.26,307.5,308.22,354309.0
09:45,308.38,308.43,307.42,307.62,392853.0
09:46,308.85,308.87,308.06,308.38,317971.0
09:47,308.65,308.95,308.13,308.83,275355.0
09:48,309.12,309.47,308.6,308.67,362632.0
09:49,308.87,309.35,308.67,309.13,218979.0
09:50,307.91,308.87,307.8,308.87,363122.0
09:51,308.04,308.3,307.66,307.88,248810.0
09:52,308.36,308.38,307.45,308.07,285644.0
09:53,308.62,308.82,308.33,308.33,241941.0
09:54,308.46,308.87,308.39,308.62,176654.0
09:55,308.78,308.78,307.89,308.5,246683.0
09:56,307.77,308.79,307.65,308.71,234384.0
09:57,308.29,308.49,308.22,308.39,169662.0
09:58,308.05,308.37,307.78,308.28,141001.0
09:59,308.77,308.97,308.07,308.07,276219.0
10:00,308.84,309.2,308.43,308.82,311004.0
10:01,309.24,309.5,308.72,308.85,323564.0
10:02,310.13,310.23,309.13,309.28,495687.0
10:03,309.96,310.47,309.89,310.18,357303.0
10:04,310.73,310.8,309.82,309.92,469033.0
10:05,311.33,311.41,310.57,310.69,583313.0
10:06,311.75,311.75,311.15,311.35,443317.0
10:07,311.97,312.11,311.71,311.75,467752.0
10:08,311.33,311.98,310.95,311.95,424096.0
10:09,311.13,311.54,311.0,311.38,284215.0
10:10,310.52,311.18,310.12,311.15,373229.0
10:11,311.05,311.12,310.33,310.54,252277.0
10:12,311.69,311.93,311.08,311.08,334084.0
10:13,311.13,311.91,311.0,311.7,342709.0
10:14,311.2,311.47,310.88,311.07,222834.0
10:15,311.49,311.76,311.18,311.18,232975.0
10:16,310.85,311.55,310.82,311.49,219530.0
10:17,310.99,311.28,310.67,310.9,187779.0
10:18,310.73,311.0,310.46,311.0,131784.0
10:19,309.8,310.75,309.8,310.74,322200.0
10:20,310.08,310.1,309.81,309.85,229020.0
10:21,309.62,310.12,309.35,310.08,283630.0
10:22,309.8,309.87,309.5,309.62,159791.0
10:23,309.66,309.9,309.37,309.81,190530.0
10:24,309.32,309.64,309.26,309.64,254810.0
10:25,308.77,309.28,308.7,309.28,332706.0
10:26,309.43,309.45,308.39,308.78,340995.0
10:27,308.59,309.63,308.49,309.42,274182.0
10:28,308.73,308.8,308.19,308.58,255115.0
10:29,309.04,309.13,308.43,308.73,204515.0
10:30,308.39,309.07,308.14,309.06,224229.0
10:31,308.19,308.79,308.15,308.4,183422.0
10:32,308.2,308.5,308.06,308.19,158626.0
10:33,308.22,308.63,308.13,308.2,177798.0
10:34,308.45,308.47,308.19,308.24,142987.0
10:35,307.99,308.38,307.62,308.38,298194.0
10:36,308.04,308.14,307.69,308.06,205027.0
10:37,307.57,308.33,307.5,308.02,260177.0
10:38,307.14,307.54,307.05,307.54,267390.0
10:39,307.16,307.22,306.85,307.18,295903.0
10:40,306.81,307.16,306.72,307.14,244417.0
10:41,306.56,306.83,306.5,306.82,202230.0
10:42,306.53,306.65,306.31,306.57,269699.0
10:43,305.86,306.5,305.78,306.5,403543.0
10:44,306.02,306.31,305.66,305.86,359100.0
10:45,305.45,306.03,305.28,306.03,386217.0
10:46,305.38,305.64,305.31,305.45,289200.0
10:47,305.8,305.86,305.02,305.44,429598.0
10:48,306.47,306.52,305.66,305.8,516354.0
10:49,306.06,306.78,306.02,306.5,331379.0
10:50,304.26,306.26,304.19,306.08,589404.0
10:51,304.42,304.55,303.77,304.22,490709.0
10:52,303.71,304.86,303.68,304.4,393253.0
10:53,303.96,304.1,303.51,303.71,329030.0
10:54,303.57,304.2,303.47,303.96,307625.0
10:55,303.83,303.91,303.0,303.56,369110.0
10:56,303.38,303.9,303.09,303.88,243931.0
10:57,304.1,304.12,303.01,303.42,318922.0
10:58,304.6,304.94,304.06,304.1,474901.0
10:59,304.44,304.97,304.0,304.62,329604.0
11:00,304.39,304.56,304.05,304.44,227811.0
11:01,304.93,305.07,304.17,304.43,301015.0
11:02,304.85,305.2,304.76,304.93,285192.0
11:03,305.16,305.24,304.75,304.85,222371.0
11:04,304.75,305.28,304.68,305.14,228120.0
11:05,303.76,304.96,303.6,304.76,370071.0
11:06,303.94,304.0,303.6,303.74,205412.0
11:07,304.09,304.28,303.6,303.93,241807.0
11:08,304.54,304.71,303.99,304.03,225850.0
11:09,304.88,304.98,304.19,304.6,219327.0
11:10,304.93,305.1,304.45,304.89,191198.0
11:11,305.12,305.2,304.83,304.91,191520.0
11:12,305.25,305.27,304.89,305.12,235747.0
11:13,305.28,305.44,305.12,305.25,198481.0
11:14,305.51,305.59,305.12,305.3,187088.0
11:15,305.85,306.06,305.37,305.5,358738.0
11:16,305.91,306.05,305.6,305.86,231188.0
11:17,305.69,306.01,305.63,305.92,184792.0
11:18,305.34,305.8,305.25,305.67,204813.0
11:19,305.7,305.83,304.96,305.32,224043.0
11:20,306.08,306.32,305.52,305.69,261742.0
11:21,306.23,306.25,305.93,306.15,170788.0
11:22,305.91,306.3,305.85,306.2,142354.0
11:23,306.3,306.47,305.72,305.87,234449.0
11:24,305.99,306.46,305.81,306.32,186155.0
11:25,306.16,306.59,305.96,305.99,225430.0
11:26,306.27,306.49,306.0,306.17,180356.0
11:27,306.38,306.61,306.23,306.35,157240.0
11:28,306.17,306.42,306.12,306.4,121195.0
11:29,306.2,306.31,306.0,306.15,132777.0
11:30,305.96,306.31,305.84,306.13,154905.0
11:31,305.85,306.22,305.62,305.96,133864.0
11:32,306.38,306.38,305.82,305.88,130754.0
11:33,306.31,306.62,306.29,306.33,171902.0
11:34,306.48,306.6,306.3,306.31,123133.0
11:35,306.5,306.74,306.26,306.57,153519.0
11:36,306.39,306.5,306.1,306.48,117808.0
11:37,306.31,306.67,306.21,306.34,126583.0
11:38,306.36,306.56,306.24,306.29,86214.0
11:39,306.41,306.52,306.24,306.39,87504.0
11:40,306.72,306.88,306.4,306.4,161601.0
11:41,306.61,306.78,306.45,306.71,108569.0
11:42,306.66,306.68,306.38,306.61,114728.0
11:43,307.17,307.19,306.59,306.67,269845.0
11:44,307.11,307.36,307.07,307.2,218481.0
11:45,307.33,307.33,307.0,307.14,116277.0
11:46,307.16,307.6,307.11,307.35,202622.0
11:47,306.79,307.18,306.76,307.16,190859.0
11:48,307.11,307.16,306.61,306.79,147085.0
11:49,307.21,307.31,306.9,307.1,113054.0
11:50,307.11,307.28,306.9,307.24,101188.0
11:51,307.32,307.45,307.1,307.13,130858.0
11:52,307.1,307.34,306.95,307.32,121676.0
11:53,307.39,307.52,307.25,307.41,116183.0
11:54,307.73,307.73,307.38,307.39,151925.0
11:55,307.84,307.88,307.64,307.68,141271.0
11:56,307.93,307.99,307.73,307.85,135285.0
11:57,308.4,308.47,307.94,307.94,310086.0
11:58,308.71,308.83,308.38,308.38,301861.0
11:59,308.51,308.85,308.32,308.7,206745.0
12:00,308.21,308.57,308.18,308.53,170755.0
12:01,308.48,308.48,308.1,308.19,175846.0
12:02,308.4,308.46,308.0,308.45,142031.0
12:03,307.83,308.42,307.72,308.4,228752.0
12:04,308.27,308.27,307.83,307.88,119508.0
12:05,308.08,308.37,307.93,308.24,126390.0
12:06,308.02,308.07,307.77,308.05,127042.0
12:07,308.13,308.44,308.03,308.05,137293.0
12:08,307.7,308.12,307.63,308.12,120917.0
12:09,307.84,307.9,307.67,307.72,83129.0
12:10,307.48,308.0,307.33,307.83,188186.0
12:11,307.05,307.55,306.98,307.5,204761.0
12:12,306.96,307.27,306.79,307.05,197146.0
12:13,307.26,307.4,306.92,307.01,156683.0
12:14,307.23,307.3,306.99,307.27,98994.0
12:15,307.14,307.3,307.0,307.29,87442.0
12:16,307.14,307.17,306.96,307.16,78306.0
12:17,307.21,307.25,306.92,307.09,108281.0
12:18,307.28,307.28,307.07,307.23,67480.0
12:19,307.27,307.3,307.07,307.28,69417.0
12:20,307.6,307.75,307.21,307.29,185219.0
12:21,307.93,308.08,307.48,307.6,177344.0
12:22,308.0,308.16,307.88,308.01,118762.0
12:23,308.09,308.2,307.89,307.99,110662.0
12:24,308.09,308.28,307.92,308.09,114939.0
12:25,307.95,308.21,307.93,308.09,95499.0
12:26,307.94,308.13,307.7,307.97,107669.0
12:27,308.64,308.7,307.92,308.01,273689.0
12:28,308.92,308.99,308.46,308.65,198270.0
12:29,308.65,308.94,308.65,308.94,137143.0
12:30,308.47,308.93,308.41,308.67,147679.0
12:31,308.58,308.65,308.42,308.47,81643.0
12:32,308.7,308.75,308.29,308.54,125102.0
12:33,308.14,308.7,308.0,308.7,143710.0
12:34,308.02,308.24,307.99,308.11,92617.0
12:35,308.12,308.3,307.88,308.04,108642.0
12:36,307.84,308.16,307.67,308.12,114999.0
12:37,307.76,307.85,307.5,307.84,111544.0
12:38,308.0,308.03,307.74,307.78,81142.0
12:39,308.21,308.36,307.99,308.02,139695.0
12:40,307.98,308.23,307.82,308.21,77327.0
12:41,308.39,308.42,308.05,308.05,101606.0
12:42,308.48,308.59,308.29,308.36,96832.0
12:43,308.52,308.63,308.46,308.49,77152.0
12:44,308.55,308.77,308.41,308.5,143113.0
12:45,309.25,309.26,308.55,308.56,251966.0
12:46,309.21,309.3,309.03,309.23,157706.0
12:47,309.48,309.61,309.22,309.25,222919.0
12:48,309.57,309.6,309.21,309.48,166625.0
12:49,309.23,309.64,309.1,309.55,173411.0
12:50,309.02,309.25,308.93,309.24,141651.0
12:51,308.95,309.16,308.84,309.05,113617.0
12:52,309.41,309.46,308.93,308.94,159515.0
12:53,309.61,309.73,309.34,309.42,172737.0
12:54,309.53,309.75,309.4,309.63,140121.0
12:55,309.17,309.53,309.11,309.53,122785.0
12:56,309.07,309.25,308.95,309.16,107753.0
12:57,309.11,309.24,309.02,309.09,87399.0
12:58,308.63,309.11,308.55,309.11,201334.0
12:59,308.48,308.68,308.31,308.66,168751.0
13:00,308.11,308.47,308.04,308.44,160230.0
13:01,308.18,308.29,308.03,308.13,102632.0
13:02,307.44,308.17,307.41,308.17,229760.0
13:03,307.17,307.57,307.09,307.48,172437.0
13:04,307.23,307.43,307.03,307.17,270298.0
13:05,307.01,307.25,306.8,307.23,210013.0
13:06,307.14,307.31,306.86,306.98,175787.0
13:07,307.07,307.17,306.82,307.13,151136.0
13:08,307.71,307.72,307.05,307.06,217089.0
13:09,307.82,307.91,307.59,307.69,165459.0
13:10,308.24,308.3,307.72,307.82,206043.0
13:11,308.14,308.26,307.99,308.21,106721.0
13:12,307.7,308.24,307.54,308.13,154725.0
13:13,307.86,307.95,307.67,307.73,67600.0
13:14,308.35,308.35,307.7,307.88,241437.0
13:15,308.12,308.38,308.0,308.32,112589.0
13:16,308.36,308.38,308.06,308.1,77920.0
13:17,308.45,308.49,308.22,308.36,74441.0
13:18,308.48,308.7,308.33,308.44,131987.0
13:19,308.54,308.74,308.44,308.49,112897.0
13:20,308.12,308.53,308.08,308.53,159815.0
13:21,308.24,308.3,308.01,308.12,104390.0
13:22,308.32,308.53,308.2,308.27,95458.0
13:23,308.24,308.4,308.17,308.32,50788.0
13:24,308.28,308.31,307.85,308.26,138911.0
13:25,308.18,308.19,307.92,308.02,84438.0
13:26,308.12,308.19,307.9,308.16,92310.0
13:27,308.3,308.45,308.01,308.09,99105.0
13:28,308.29,308.49,308.12,308.34,91916.0
13:29,308.49,308.49,308.22,308.3,68830.0
13:30,308.23,308.5,308.17,308.48,64777.0
13:31,308.26,308.38,308.21,308.3,30503.0
13:32,307.71,308.3,307.53,308.27,133305.0
13:33,307.7,307.93,307.64,307.71,96421.0
13:34,307.94,307.94,307.49,307.69,112935.0
13:35,307.82,308.08,307.77,307.88,103369.0
13:36,307.96,308.01,307.61,307.79,95710.0
13:37,308.0,308.18,307.87,307.91,83983.0
13:38,308.16,308.19,307.88,308.0,54569.0
13:39,307.93,308.29,307.9,308.09,101250.0
13:40,307.81,308.0,307.72,307.93,92797.0
13:41,307.83,308.0,307.74,307.84,57738.0
13:42,307.64,307.95,307.5,307.83,86951.0
13:43,307.77,307.8,307.49,307.6,95515.0
13:44,307.66,307.93,307.6,307.78,80540.0
13:45,307.82,307.97,307.58,307.66,79201.0
13:46,308.1,308.18,307.83,307.83,100174.0
13:47,307.7,308.17,307.65,308.08,87960.0
13:48,308.03,308.1,307.69,307.69,69968.0
13:49,308.34,308.38,307.91,307.99,109864.0
13:50,308.35,308.46,308.15,308.33,107828.0
13:51,308.5,308.56,308.25,308.42,104854.0
13:52,308.46,308.68,308.42,308.49,112512.0
13:53,308.42,308.48,308.21,308.46,82637.0
13:54,308.36,308.73,308.25,308.38,126403.0
13:55,308.23,308.54,308.18,308.4,80807.0
13:56,308.39,308.41,308.1,308.27,84919.0
13:57,308.46,308.6,308.28,308.36,65945.0
13:58,308.57,308.63,308.4,308.49,67728.0
13:59,308.55,308.65,308.52,308.58,40670.0
14:00,308.89,308.93,308.35,308.53,138960.0
14:01,309.0,309.11,308.84,308.9,151399.0
14:02,309.02,309.18,308.87,308.99,126962.0
14:03,309.23,309.32,309.01,309.02,116563.0
14:04,309.21,309.33,309.08,309.23,94141.0
14:05,309.36,309.43,309.17,309.22,113067.0
14:06,308.99,309.41,308.97,309.4,128643.0
14:07,309.0,309.27,308.98,309.02,100468.0
14:08,309.06,309.2,309.04,309.04,65443.0
14:09,309.01,309.18,308.98,309.06,95894.0
14:10,309.11,309.26,308.95,309.0,108354.0
14:11,308.71,309.12,308.7,309.12,99269.0
14:12,308.82,308.86,308.66,308.7,73654.0
14:13,308.66,308.85,308.66,308.83,57431.0
14:14,308.77,308.8,308.5,308.66,97688.0
14:15,308.85,309.0,308.77,308.77,93231.0
14:16,309.11,309.13,308.75,308.79,103379.0
14:17,309.04,309.35,309.02,309.11,125526.0
14:18,309.32,309.32,308.98,309.03,85302.0
14:19,309.26,309.45,309.15,309.28,91008.0
14:20,309.58,309.74,309.3,309.3,164304.0
14:21,309.87,310.18,309.59,309.59,339694.0
14:22,310.04,310.12,309.75,309.86,122665.0
14:23,309.92,310.09,309.77,310.05,117929.0
14:24,309.64,309.93,309.62,309.92,105387.0
14:25,309.72,309.87,309.61,309.66,95682.0
14:26,309.64,309.79,309.48,309.72,105587.0
14:27,309.72,309.75,309.5,309.61,76511.0
14:28,309.64,309.83,309.57,309.69,98576.0
14:29,309.39,309.62,309.3,309.62,139072.0
14:30,309.48,309.48,309.21,309.39,94785.0
14:31,309.58,309.74,309.43,309.43,103801.0
14:32,309.93,309.97,309.6,309.63,129179.0
14:33,309.6,310.0,309.58,309.93,119829.0
14:34,309.81,309.81,309.57,309.6,87489.0
14:35,309.77,309.96,309.6,309.79,83868.0
14:36,309.62,309.79,309.58,309.77,69830.0
14:37,309.57,309.63,309.44,309.62,65298.0
14:38,309.59,309.77,309.55,309.58,58967.0
14:39,309.73,309.8,309.47,309.62,75413.0
14:40,309.51,309.84,309.43,309.75,95487.0
14:41,309.59,309.73,309.43,309.51,61521.0
14:42,309.32,309.6,309.19,309.6,106293.0
14:43,309.53,309.59,309.32,309.36,91214.0
14:44,309.39,309.62,309.39,309.57,67845.0
14:45,309.43,309.51,309.36,309.42,62669.0
14:46,309.45,309.48,309.25,309.41,73153.0
14:47,309.55,309.67,309.44,309.48,85304.0
14:48,309.74,309.89,309.53,309.57,114516.0
14:49,309.71,309.84,309.6,309.73,66707.0
14:50,309.81,309.92,309.64,309.71,76792.0
14:51,309.96,310.16,309.7,309.82,167596.0
14:52,310.18,310.33,309.94,309.94,146296.0
14:53,310.07,310.26,309.99,310.18,90552.0
14:54,310.04,310.19,309.96,310.05,88145.0
14:55,310.17,310.23,310.01,310.03,81377.0
14:56,309.96,310.21,309.92,310.21,101126.0
14:57,310.03,310.13,309.78,309.96,127766.0
14:58,309.55,310.1,309.53,310.04,129787.0
14:59,309.62,309.65,309.4,309.57,102000.0
15:00,309.61,309.74,309.55,309.61,79266.0
15:01,309.65,309.78,309.54,309.61,73357.0
15:02,309.33,309.78,309.33,309.72,100780.0
15:03,309.41,309.58,309.25,309.36,105738.0
15:04,309.59,309.63,309.3,309.42,75379.0
15:05,309.66,309.7,309.52,309.58,88974.0
15:06,309.58,309.67,309.49,309.66,52550.0
15:07,309.94,309.95,309.48,309.59,109740.0
15:08,309.93,310.04,309.81,309.95,146823.0
15:09,310.02,310.21,309.88,309.91,124864.0
15:10,309.86,310.19,309.83,310.02,105486.0
15:11,310.04,310.07,309.79,309.86,98122.0
15:12,310.12,310.22,309.96,310.05,100165.0
15:13,310.17,310.25,310.08,310.11,93957.0
15:14,310.1,310.19,310.05,310.15,63835.0
15:15,310.44,310.46,310.13,310.14,166737.0
15:16,310.77,310.77,310.37,310.45,171570.0
15:17,310.54,310.83,310.51,310.77,183782.0
15:18,310.55,310.66,310.34,310.54,113474.0
15:19,310.28,310.56,310.09,310.54,152445.0
15:20,310.23,310.35,310.12,310.26,98914.0
15:21,310.1,310.37,310.1,310.23,106104.0
15:22,309.66,310.09,309.66,310.07,152896.0
15:23,309.57,309.73,309.38,309.63,152619.0
15:24,309.79,310.11,309.58,309.59,208191.0
15:25,309.65,309.86,309.56,309.78,94915.0
15:26,309.64,309.74,309.56,309.67,74155.0
15:27,309.02,309.65,309.0,309.61,170576.0
15:28,309.15,309.16,308.94,309.03,131236.0
15:29,308.99,309.14,308.92,309.14,106203.0
15:30,308.8,309.06,308.7,308.96,172294.0
15:31,308.76,308.88,308.57,308.84,136639.0
15:32,308.63,308.89,308.6,308.76,117234.0
15:33,308.53,308.63,308.44,308.6,139967.0
15:34,308.6,308.88,308.5,308.54,144283.0
15:35,308.57,308.79,308.42,308.63,98273.0
15:36,308.84,308.87,308.48,308.53,120516.0
15:37,308.53,308.88,308.48,308.84,113073.0
15:38,308.63,308.76,308.45,308.53,101853.0
15:39,308.66,308.69,308.43,308.61,93840.0
15:40,309.0,309.05,308.66,308.66,174275.0
15:41,308.65,309.01,308.55,308.97,134333.0
15:42,308.94,309.0,308.44,308.69,196618.0
15:43,308.89,308.95,308.77,308.92,113502.0
15:44,308.24,308.94,308.17,308.94,155853.0
15:45,308.71,308.79,308.06,308.21,245036.0
15:46,308.41,308.73,308.41,308.71,103950.0
15:47,308.74,308.77,308.33,308.43,100649.0
15:48,308.64,308.85,308.55,308.76,118583.0
15:49,308.73,308.8,308.61,308.71,84832.0
15:50,309.18,309.53,308.56,308.6,298608.0
15:51,309.38,309.49,309.06,309.19,167123.0
15:52,309.3,309.54,309.2,309.4,123105.0
15:53,309.34,309.48,309.24,309.29,133472.0
15:54,309.88,309.95,309.23,309.36,228045.0
15:55,309.58,309.9,309.13,309.87,255635.0
15:56,309.65,309.67,309.46,309.6,211868.0
15:57,309.69,309.83,309.48,309.63,281118.0
15:58,309.39,309.74,309.39,309.68,250414.0
15:59,309.3,309.4,309.04,309.39,506928.0
