Time,Close,High,Low,Open,Volume
09:30,319.78,320.05,319.4,319.78,2881391.0
09:31,319.42,320.25,318.9,319.77,419986.0
09:32,319.26,319.6,318.84,318.9,292268.0
09:33,318.99,319.5,318.79,319.21,224295.0
09:34,319.93,320.2,318.6,318.99,450448.0
09:35,319.02,320.7,318.73,319.92,469329.0
09:36,319.79,320.04,318.81,319.04,297700.0
09:37,319.39,319.75,319.33,319.75,186652.0
09:38,319.17,319.51,319.04,319.34,179392.0
09:39,319.4,319.6,318.89,319.13,244182.0
09:40,319.85,320.3,319.19,319.26,359005.0
09:41,320.75,320.84,319.84,319.87,339924.0
09:42,321.12,321.37,320.55,320.71,447927.0
09:43,320.51,321.31,320.4,321.15,307216.0
09:44,320.08,320.47,319.89,320.45,259597.0
09:45,319.55,320.77,319.5,320.11,329565.0
09:46,319.71,320.13,319.3,319.53,240478.0
09:47,319.58,319.92,319.4,319.7,185779.0
09:48,318.88,319.75,318.81,319.63,285766.0
09:49,319.25,319.32,318.75,318.89,247418.0
09:50,319.66,320.0,319.0,319.26,372484.0
09:51,319.08,319.76,318.76,319.67,258818.0
09:52,319.07,319.39,318.75,319.04,180120.0
09:53,319.23,319.34,318.96,319.11,117837.0
09:54,318.31,319.25,318.12,319.23,369730.0
09:55,318.5,318.89,318.14,318.35,291154.0
09:56,318.83,318.87,318.48,318.52,151478.0
09:57,318.17,319.04,317.85,318.87,326194.0
09:58,317.89,318.3,317.81,318.18,240215.0
09:59,318.07,318.39,317.84,317.86,178589.0
10:00,318.39,318.61,318.05,318.12,225540.0
10:01,318.68,318.81,318.24,318.39,172625.0
10:02,318.94,319.01,318.66,318.78,190989.0
10:03,318.9,319.15,318.84,318.94,193431.0
10:04,318.6,318.89,318.44,318.89,171303.0
10:05,318.66,318.8,318.4,318.5,141991.0
10:06,318.42,318.76,318.25,318.67,181546.0
10:07,317.8,318.44,317.72,318.42,268758.0
10:08,318.22,318.26,317.64,317.79,281713.0
10:09,317.96,318.33,317.85,318.22,154009.0
10:10,317.5,317.94,317.38,317.9,246875.0
10:11,317.38,318.25,317.33,317.44,316061.0
10:12,317.08,317.41,316.88,317.38,323400.0
10:13,317.82,317.86,316.95,317.06,266580.0
10:14,318.14,318.25,317.81,317.81,230430.0
10:15,317.97,318.25,317.92,318.16,180601.0
10:16,318.19,318.45,317.61,317.92,219740.0
10:17,317.87,318.18,317.86,318.14,127088.0
10:18,317.62,317.92,317.4,317.88,219768.0
10:19,317.79,317.85,317.21,317.62,179922.0
10:20,317.4,317.83,317.34,317.83,121848.0
10:21,317.25,317.51,316.95,317.38,237431.0
10:22,317.01,317.4,316.88,317.26,216487.0
10:23,316.83,317.1,316.6,317.02,247909.0
10:24,317.04,317.17,316.71,316.79,152288.0
10:25,317.23,317.31,316.8,317.03,158250.0
10:26,316.15,317.23,316.14,317.23,291837.0
10:27,316.45,316.56,316.03,316.15,246403.0
10:28,316.35,316.67,316.28,316.41,154198.0
10:29,316.29,316.42,316.16,316.23,246083.0
10:30,315.89,316.48,315.82,316.29,244155.0
10:31,316.09,316.26,315.7,315.88,248972.0
10:32,316.63,316.7,316.03,316.07,228282.0
10:33,316.51,316.65,316.33,316.64,151571.0
10:34,316.89,316.93,316.4,316.54,170582.0
10:35,317.1,317.15,316.7,316.87,206012.0
10:36,317.11,317.4,316.94,317.11,231690.0
10:37,316.64,317.1,316.5,317.1,174914.0
10:38,316.32,316.9,316.25,316.55,148151.0
10:39,316.08,316.39,316.02,316.33,147616.0
10:40,316.52,316.55,315.94,316.08,205759.0
10:41,316.19,316.72,316.15,316.49,142781.0
10:42,315.89,316.25,315.85,316.17,181516.0
10:43,316.29,316.46,315.85,315.88,187402.0
10:44,316.2,316.39,316.01,316.29,129209.0
10:45,315.52,316.2,315.51,316.19,262858.0
10:46,315.33,315.57,315.18,315.54,248729.0
10:47,315.54,315.68,315.18,315.38,225083.0
10:48,315.26,315.63,315.25,315.54,143606.0
10:49,314.85,315.24,314.8,315.23,363031.0
10:50,314.08,314.96,314.02,314.85,359523.0
10:51,313.97,314.1,313.55,314.06,417480.0
10:52,314.08,314.12,313.54,313.94,298172.0
10:53,314.33,314.35,313.91,314.07,296657.0
10:54,314.24,314.44,314.07,314.35,190167.0
10:55,313.92,314.26,313.85,314.24,182588.0
10:56,314.18,314.24,313.8,313.92,203591.0
10:57,313.76,314.11,313.73,314.1,212374.0
10:58,313.43,313.77,313.25,313.76,271094.0
10:59,313.2,313.43,313.1,313.42,227766.0
11:00,313.79,313.95,313.1,313.16,270935.0
11:01,314.14,314.14,313.67,313.76,228784.0
11:02,314.44,314.45,313.96,314.15,263320.0
11:03,314.8,314.89,314.25,314.45,327010.0
11:04,314.53,314.96,314.47,314.79,230791.0
11:05,314.65,314.88,314.49,314.55,197449.0
11:06,313.98,314.66,313.93,314.6,224943.0
11:07,313.9,313.97,313.53,313.96,231529.0
11:08,313.86,314.1,313.59,313.87,187058.0
11:09,313.86,314.02,313.79,313.81,107081.0
11:10,313.46,314.0,313.46,313.9,219062.0
11:11,313.22,313.55,312.9,313.45,357629.0
11:12,313.31,313.39,313.02,313.16,162018.0
11:13,312.98,313.35,312.83,313.28,190124.0
11:14,312.8,312.96,312.75,312.94,215219.0
11:15,312.23,313.08,312.17,312.84,399838.0
11:16,312.23,312.4,311.89,312.27,402911.0
11:17,312.17,312.48,312.11,312.26,199791.0
11:18,312.55,312.8,311.95,312.19,303100.0
11:19,312.55,312.63,312.35,312.54,154032.0
11:20,313.11,313.2,312.5,312.56,268399.0
11:21,312.8,313.23,312.76,313.11,213054.0
11:22,312.07,312.88,312.05,312.8,255560.0
11:23,311.78,312.16,311.68,312.03,350418.0
11:24,311.54,312.01,311.5,311.8,257591.0
11:25,311.72,312.0,311.5,311.54,211292.0
11:26,312.02,312.02,311.7,311.72,186326.0
11:27,312.17,312.18,311.7,312.03,203755.0
11:28,312.6,312.61,312.13,312.15,223876.0
11:29,312.42,312.8,312.36,312.6,187429.0
11:30,311.94,312.51,311.91,312.45,186980.0
11:31,312.78,312.8,311.85,311.94,243457.0
11:32,312.95,313.0,312.7,312.8,212291.0
11:33,312.98,313.1,312.71,312.95,192900.0
11:34,312.69,313.06,312.39,313.0,193765.0
11:35,313.16,313.36,312.67,312.7,207452.0
11:36,313.17,313.25,312.94,313.11,144713.0
11:37,313.04,313.25,312.83,313.14,180243.0
11:38,312.88,313.12,312.73,313.04,170195.0
11:39,313.09,313.09,312.52,312.89,154821.0
11:40,312.98,313.15,312.94,313.0,109612.0
11:41,312.91,313.12,312.88,312.96,89276.0
11:42,312.74,312.98,312.62,312.94,110581.0
11:43,313.0,313.07,312.75,312.77,107024.0
11:44,313.04,313.22,312.93,313.01,137189.0
11:45,312.76,313.08,312.67,313.04,112468.0
11:46,312.51,312.84,312.43,312.76,152109.0
11:47,312.7,312.73,312.26,312.51,127275.0
11:48,312.76,312.88,312.61,312.67,99349.0
11:49,312.51,312.79,312.43,312.77,116093.0
11:50,312.08,312.59,312.07,312.51,167954.0
11:51,312.31,312.4,311.98,312.08,176126.0
11:52,312.21,312.3,312.01,312.27,103499.0
11:53,312.13,312.32,312.1,312.14,105365.0
11:54,311.97,312.24,311.93,312.14,172506.0
11:55,311.86,312.22,311.86,312.02,119113.0
11:56,311.93,312.05,311.73,311.84,167612.0
11:57,312.1,312.16,311.9,311.93,108741.0
11:58,312.04,312.19,311.94,312.09,97583.0
11:59,312.23,312.28,312.01,312.04,120440.0
12:00,312.63,312.73,312.23,312.25,190344.0
12:01,312.61,312.68,312.5,312.63,106294.0
12:02,312.63,312.72,312.53,312.57,111733.0
12:03,312.52,312.63,312.31,312.63,109441.0
12:04,312.19,312.57,312.16,312.52,112822.0
12:05,312.16,312.38,311.93,312.17,134157.0
12:06,312.27,312.48,312.13,312.17,104534.0
12:07,312.52,312.6,312.27,312.27,84723.0
12:08,312.48,312.67,312.32,312.47,104477.0
12:09,312.24,312.65,312.15,312.5,126812.0
12:10,312.21,312.52,312.21,312.24,90125.0
12:11,312.3,312.44,312.02,312.22,132963.0
12:12,312.42,312.5,312.26,312.27,87028.0
12:13,312.59,312.59,312.3,312.44,88583.0
12:14,312.73,312.86,312.51,312.57,168853.0
12:15,313.11,313.11,312.73,312.75,174386.0
12:16,313.25,313.35,313.11,313.14,208267.0
12:17,313.14,313.36,313.08,313.24,154076.0
12:18,313.56,313.59,313.06,313.15,227403.0
12:19,313.77,313.84,313.5,313.57,190949.0
12:20,313.67,314.1,313.67,313.75,310999.0
12:21,313.55,313.92,313.5,313.64,159133.0
12:22,313.35,313.6,313.31,313.55,161377.0
12:23,313.2,313.42,313.2,313.39,119474.0
12:24,313.3,313.4,313.0,313.23,153288.0
12:25,313.55,313.66,313.29,313.3,143088.0
12:26,313.65,313.72,313.38,313.61,594687.0
12:27,313.65,313.75,313.5,313.68,87250.0
12:28,313.82,313.9,313.42,313.64,140274.0
12:29,313.59,313.95,313.58,313.84,123948.0
12:30,313.87,313.93,313.5,313.6,103982.0
12:31,313.81,314.08,313.74,313.86,123602.0
12:32,313.84,313.96,313.75,313.87,77045.0
12:33,313.82,314.0,313.75,313.84,109988.0
12:34,313.74,313.84,313.65,313.77,104533.0
12:35,313.63,313.8,313.6,313.71,81195.0
12:36,313.79,313.9,313.5,313.62,132198.0
12:37,313.78,313.81,313.6,313.8,59941.0
12:38,313.73,313.95,313.55,313.73,101779.0
12:39,313.65,313.75,313.53,313.71,73392.0
12:40,313.46,313.7,313.46,313.66,76676.0
12:41,313.54,313.63,313.43,313.44,72848.0
12:42,313.55,313.68,313.5,313.55,55630.0
12:43,313.22,313.55,313.18,313.55,125408.0
12:44,313.21,313.29,313.12,313.2,82805.0
12:45,312.83,313.25,312.71,313.24,214959.0
12:46,312.37,312.85,312.33,312.79,152244.0
12:47,312.33,312.4,312.01,312.34,164867.0
12:48,312.51,312.6,312.33,312.34,146144.0
12:49,312.78,312.78,312.33,312.52,130910.0
12:50,312.73,312.78,312.45,312.76,130575.0
12:51,312.46,312.74,312.3,312.73,116339.0
12:52,312.49,312.69,312.41,312.48,109786.0
12:53,312.67,312.7,312.3,312.5,89464.0
12:54,312.7,312.83,312.6,312.65,89634.0
12:55,312.94,312.98,312.53,312.72,104347.0
12:56,313.05,313.08,312.89,312.92,100180.0
12:57,312.92,313.1,312.86,313.04,91789.0
12:58,312.92,312.96,312.68,312.94,95888.0
12:59,312.87,312.94,312.77,312.92,51853.0
13:00,312.42,312.86,312.42,312.85,95972.0
13:01,312.34,312.52,312.33,312.44,105594.0
13:02,312.31,312.54,312.2,312.33,162735.0
13:03,312.27,312.43,312.2,312.3,127421.0
13:04,312.14,312.42,312.12,312.24,104494.0
13:05,312.09,312.3,311.82,312.15,243700.0
13:06,312.43,312.44,312.04,312.07,114188.0
13:07,312.15,312.58,312.12,312.4,119002.0
13:08,312.22,312.29,312.0,312.16,72298.0
13:09,312.28,312.35,312.04,312.17,48871.0
13:10,312.27,312.33,312.15,312.26,45452.0
13:11,312.02,312.28,311.99,312.24,89849.0
13:12,311.9,312.08,311.8,312.0,139960.0
13:13,311.94,311.96,311.75,311.88,137793.0
13:14,311.98,312.06,311.89,311.95,98847.0
13:15,311.96,312.15,311.92,312.0,101886.0
13:16,311.71,311.99,311.66,311.96,155203.0
13:17,311.72,311.85,311.67,311.72,89033.0
13:18,310.98,311.8,310.88,311.7,428362.0
13:19,311.1,311.27,310.89,310.99,190005.0
13:20,311.38,311.48,311.0,311.08,144957.0
13:21,311.16,311.44,311.1,311.4,126115.0
13:22,311.08,311.37,311.0,311.15,157955.0
13:23,311.3,311.36,311.0,311.08,100482.0
13:24,311.13,311.35,311.1,311.29,155466.0
13:25,310.94,311.38,310.92,311.14,154078.0
13:26,310.57,310.97,310.47,310.95,332882.0
13:27,310.4,310.58,310.17,310.56,309840.0
13:28,309.72,310.4,309.67,310.4,566735.0
13:29,309.88,310.04,309.59,309.72,361521.0
13:30,309.65,310.13,309.54,309.85,244459.0
13:31,309.69,309.89,309.49,309.65,194749.0
13:32,309.14,309.73,309.12,309.65,260032.0
13:33,309.77,309.77,309.11,309.14,273904.0
13:34,310.21,310.4,309.76,309.78,292450.0
13:35,310.39,310.53,310.16,310.17,219536.0
13:36,311.01,311.11,310.15,310.36,270035.0
13:37,310.99,311.13,310.81,311.03,182699.0
13:38,310.91,311.1,310.83,311.0,183246.0
13:39,311.04,311.38,310.98,311.0,239679.0
13:40,311.22,311.4,311.02,311.03,138530.0
13:41,311.37,311.44,311.13,311.24,134351.0
13:42,311.02,311.55,310.99,311.39,208432.0
13:43,310.94,311.32,310.86,311.07,172979.0
13:44,311.11,311.31,310.93,311.05,84137.0
13:45,311.41,311.58,311.1,311.13,155002.0
13:46,311.51,311.65,311.37,311.42,131908.0
13:47,310.71,311.57,310.56,311.5,214273.0
13:48,310.42,310.87,310.4,310.67,166316.0
13:49,310.29,310.48,310.21,310.42,127116.0
13:50,309.88,310.19,309.85,310.17,179052.0
13:51,309.7,310.18,309.52,309.86,184853.0
13:52,308.84,309.71,308.57,309.68,464106.0
13:53,308.75,309.29,308.71,308.85,267243.0
13:54,308.7,308.8,308.56,308.72,256227.0
13:55,308.69,309.19,308.64,308.69,285457.0
13:56,308.43,308.85,308.39,308.69,267837.0
13:57,308.66,308.8,308.35,308.42,164916.0
13:58,308.1,308.65,307.83,308.65,343861.0
13:59,308.34,308.4,308.0,308.13,229340.0
14:00,308.92,309.08,308.2,308.28,299919.0
14:01,308.69,309.07,308.68,308.92,192372.0
14:02,308.34,308.7,308.27,308.68,164214.0
14:03,308.03,308.37,308.0,308.34,170195.0
14:04,307.88,308.28,307.86,308.06,222719.0
14:05,307.97,308.13,307.86,307.86,171966.0
14:06,307.33,308.15,307.3,307.97,272877.0
14:07,307.19,307.36,306.98,307.3,315313.0
14:08,307.64,307.67,307.11,307.16,256463.0
14:09,307.43,307.78,307.32,307.64,195915.0
14:10,306.88,307.5,306.85,307.45,296175.0
14:11,306.85,307.3,306.8,306.86,216444.0
14:12,307.73,307.86,306.82,306.85,281032.0
14:13,307.19,307.88,307.17,307.74,198993.0
14:14,306.7,306.9,306.66,306.87,195613.0
14:15,306.53,306.88,306.42,306.71,317079.0
14:16,306.36,306.68,306.18,306.55,207715.0
14:17,306.45,306.98,306.44,306.44,231569.0
14:18,306.18,306.4,306.1,306.4,222160.0
14:19,306.91,306.97,306.13,306.21,205209.0
14:20,307.3,307.48,306.65,306.98,388778.0
14:21,308.0,308.1,307.27,307.3,296343.0
14:22,308.23,308.29,307.85,307.99,257536.0
14:23,308.03,308.55,307.86,308.23,277506.0
14:24,308.07,308.25,307.95,307.99,138849.0
14:25,308.28,308.35,307.95,308.03,168764.0
14:26,308.2,308.3,308.07,308.28,122277.0
14:27,308.41,308.6,308.09,308.15,182092.0
14:28,308.49,308.6,308.23,308.38,146751.0
14:29,308.43,308.69,308.35,308.49,154501.0
14:30,308.84,309.1,308.33,308.39,245894.0
14:31,309.4,309.46,308.8,308.8,252994.0
14:32,309.11,309.43,309.06,309.4,194720.0
14:33,309.24,309.37,309.0,309.09,128876.0
14:34,309.5,309.58,309.21,309.26,158541.0
14:35,309.74,309.8,309.3,309.5,184476.0
14:36,309.93,309.99,309.71,309.74,162103.0
14:37,309.91,310.12,309.77,309.95,214864.0
14:38,309.87,310.08,309.74,309.91,117813.0
14:39,309.71,309.88,309.41,309.84,187788.0
14:40,309.67,310.0,309.38,309.72,131086.0
14:41,309.52,309.85,309.48,309.7,113977.0
14:42,309.64,309.67,309.31,309.53,155118.0
14:43,309.47,309.66,309.34,309.64,127120.0
14:44,309.74,309.81,309.39,309.48,128000.0
14:45,309.67,309.8,309.3,309.74,137467.0
14:46,309.81,309.81,309.47,309.67,119685.0
14:47,309.57,310.02,309.47,309.81,178743.0
14:48,309.67,309.78,309.42,309.61,92383.0
14:49,309.5,309.75,309.47,309.66,78356.0
14:50,309.41,309.8,309.31,309.57,95619.0
14:51,309.02,309.49,309.0,309.45,159406.0
14:52,308.86,309.27,308.79,309.04,165012.0
14:53,308.84,308.98,308.78,308.87,81332.0
14:54,309.08,309.09,308.64,308.86,161983.0
14:55,309.05,309.23,308.71,309.11,457134.0
14:56,309.14,309.51,308.95,309.06,147844.0
14:57,308.85,309.19,308.8,309.18,92248.0
14:58,308.88,308.98,308.68,308.87,94737.0
14:59,309.43,309.44,308.86,308.86,113311.0
15:00,310.32,310.34,309.45,309.45,257628.0
15:01,310.77,310.77,310.21,310.32,266734.0
15:02,310.45,310.8,310.35,310.76,194594.0
15:03,310.45,310.77,310.43,310.47,138015.0
15:04,310.68,310.74,310.47,310.49,104724.0
15:05,310.95,310.98,310.53,310.65,178476.0
15:06,310.77,310.97,310.6,310.92,135608.0
15:07,310.6,310.99,310.56,310.75,149229.0
15:08,310.39,310.75,310.35,310.58,142791.0
15:09,310.32,310.52,310.23,310.36,107396.0
15:10,310.15,310.48,310.12,310.3,104277.0
15:11,309.95,310.23,309.85,310.13,180917.0
15:12,309.82,310.08,309.64,309.94,172568.0
15:13,309.91,310.17,309.76,309.82,123179.0
15:14,309.72,309.93,309.5,309.89,132575.0
15:15,310.0,310.12,309.6,309.69,119102.0
15:16,309.66,310.15,309.57,309.96,113711.0
15:17,309.97,310.06,309.67,309.67,96280.0
15:18,310.08,310.4,309.95,309.98,150760.0
15:19,310.2,310.42,309.96,310.08,136593.0
15:20,310.29,310.35,310.03,310.19,116420.0
15:21,309.39,310.39,309.22,310.31,201690.0
15:22,309.27,309.58,309.04,309.38,188891.0
15:23,309.06,309.3,309.01,309.21,126674.0
15:24,309.61,309.66,309.01,309.05,156732.0
15:25,309.71,309.87,309.41,309.64,127498.0
15:26,309.55,309.77,309.38,309.69,101835.0
15:27,310.26,310.33,309.52,309.52,190335.0
15:28,310.26,310.33,310.06,310.27,160437.0
15:29,310.2,310.34,309.9,310.22,147936.0
15:30,310.39,310.75,310.28,310.29,218754.0
15:31,310.56,310.65,310.33,310.38,150841.0
15:32,310.11,310.62,310.05,310.55,119926.0
15:33,310.3,310.31,309.9,310.2,134003.0
15:34,310.24,310.38,309.99,310.26,114176.0
15:35,310.33,310.44,310.16,310.27,103398.0
15:36,310.02,310.5,309.96,310.34,142534.0
15:37,310.18,310.34,310.01,310.04,132600.0
15:38,310.11,310.23,309.84,310.18,116786.0
15:39,309.8,310.08,309.63,310.08,134356.0
15:40,310.07,310.1,309.66,309.81,115697.0
15:41,309.86,310.09,309.78,310.04,112211.0
15:42,310.12,310.18,309.79,309.84,155073.0
15:43,310.18,310.31,310.01,310.11,141350.0
15:44,310.27,310.38,310.13,310.16,116673.0
15:45,310.14,310.51,310.08,310.28,164990.0
15:46,309.83,310.22,309.69,310.14,170315.0
15:47,309.85,310.09,309.71,309.78,137152.0
15:48,309.46,309.91,309.4,309.85,138391.0
15:49,309.38,309.6,309.32,309.49,182481.0
15:50,309.32,310.31,309.18,309.33,392588.0
15:51,308.67,309.37,308.54,309.32,324555.0
15:52,308.67,309.09,308.59,308.67,221550.0
15:53,308.32,308.8,308.12,308.63,286286.0
15:54,308.06,308.93,307.94,308.3,405048.0
15:55,308.56,308.63,307.94,308.06,456249.0
15:56,308.91,309.09,308.53,308.55,250885.0
15:57,308.97,309.06,308.76,308.9,295065.0
15:58,308.71,309.02,308.64,308.97,294051.0
15:59,308.19,308.88,308.18,308.69,860848.0
