Time,Close,High,Low,Open,Volume
09:30,248.05,250.0,247.74,249.86,3320478.0
09:31,248.09,248.82,247.55,248.04,585119.0
09:32,248.9,249.69,247.71,248.01,608545.0
09:33,250.59,251.09,248.84,248.84,653120.0
09:34,250.82,251.2,250.04,250.6,527001.0
09:35,250.6,251.19,249.96,250.94,441892.0
09:36,252.09,252.88,250.52,250.52,813352.0
09:37,252.14,252.7,251.83,252.1,417395.0
09:38,252.44,252.64,252.02,252.14,376168.0
09:39,253.15,253.35,252.42,252.48,507169.0
09:40,253.41,253.75,252.6,253.15,469903.0
09:41,252.41,253.55,252.27,253.39,488039.0
09:42,253.88,254.37,252.29,252.3,580437.0
09:43,253.71,254.3,253.6,253.89,417668.0
09:44,253.28,254.0,253.05,253.72,263078.0
09:45,253.17,253.54,252.75,253.27,278123.0
09:46,253.8,254.28,252.74,253.15,342767.0
09:47,254.43,254.58,253.73,253.91,391284.0
09:48,255.56,255.56,254.4,254.49,634682.0
09:49,254.72,255.57,254.65,255.54,447614.0
09:50,255.07,255.25,254.36,254.75,425470.0
09:51,255.07,255.69,254.83,255.04,367497.0
09:52,255.39,255.39,254.99,255.05,266252.0
09:53,255.08,255.48,255.0,255.35,320301.0
09:54,254.79,255.15,254.39,255.12,391067.0
09:55,255.3,255.75,254.4,254.78,405496.0
09:56,254.97,255.32,254.47,255.26,246164.0
09:57,254.3,255.46,254.28,254.95,266021.0
09:58,254.87,254.97,253.96,254.38,371680.0
09:59,254.59,255.24,254.43,254.88,372675.0
10:00,255.41,255.59,254.1,254.53,466260.0
10:01,255.15,256.67,255.15,255.41,712524.0
10:02,255.04,255.46,254.9,255.16,275006.0
10:03,255.52,255.99,255.0,255.12,308675.0
10:04,255.68,255.94,255.3,255.47,250873.0
10:05,256.4,256.66,255.38,255.62,506022.0
10:06,256.1,256.5,255.86,256.33,271288.0
10:07,256.83,257.1,256.06,256.17,441323.0
10:08,256.45,256.85,256.34,256.82,281468.0
10:09,255.95,256.65,255.7,256.36,361963.0
10:10,255.64,256.26,255.46,255.94,319198.0
10:11,255.96,256.1,255.51,255.62,256591.0
10:12,256.33,256.65,255.98,256.0,274017.0
10:13,256.76,257.45,256.28,256.33,622825.0
10:14,256.49,256.88,255.92,256.76,423846.0
10:15,256.9,256.98,256.17,256.45,233010.0
10:16,257.16,257.56,256.82,256.9,411391.0
10:17,256.51,257.86,256.3,257.07,559047.0
10:18,255.15,256.72,255.12,256.4,597492.0
10:19,254.36,255.25,254.08,255.14,678951.0
10:20,254.54,254.75,253.37,254.27,698908.0
10:21,255.68,255.68,254.32,254.54,469307.0
10:22,256.24,256.59,255.6,255.62,471259.0
10:23,255.58,256.4,255.32,256.27,315974.0
10:24,254.65,255.68,254.65,255.42,288701.0
10:25,254.34,254.99,254.25,254.65,328204.0
10:26,253.79,254.69,253.65,254.34,341950.0
10:27,254.0,254.37,253.41,253.75,306645.0
10:28,254.46,254.96,253.93,253.97,351680.0
10:29,254.11,254.79,254.04,254.53,217722.0
10:30,255.12,255.33,254.15,254.15,312264.0
10:31,254.81,255.14,254.52,255.12,217674.0
10:32,255.25,255.27,254.52,254.82,195120.0
10:33,255.44,255.58,255.15,255.22,237397.0
10:34,255.76,255.98,255.35,255.42,259068.0
10:35,255.33,256.14,255.21,255.71,336736.0
10:36,255.92,256.05,255.26,255.41,180470.0
10:37,255.46,256.12,255.4,255.92,205806.0
10:38,255.23,255.53,254.85,255.51,206400.0
10:39,255.32,255.48,254.97,255.27,140747.0
10:40,255.8,255.8,255.0,255.32,180869.0
10:41,256.37,256.37,255.59,255.78,315815.0
10:42,257.15,257.31,256.31,256.34,490050.0
10:43,258.61,258.7,257.05,257.21,685764.0
10:44,258.21,258.75,257.9,258.62,568741.0
10:45,258.13,258.22,257.43,258.16,377898.0
10:46,257.34,258.19,256.17,258.14,527189.0
10:47,257.52,257.75,257.06,257.35,262459.0
10:48,257.01,257.77,256.92,257.52,268015.0
10:49,256.99,257.3,256.68,257.01,175610.0
10:50,256.34,257.16,256.26,256.99,246729.0
10:51,256.75,257.11,256.25,256.35,204078.0
10:52,256.46,257.1,256.46,256.8,186894.0
10:53,256.81,257.49,256.45,256.55,302116.0
10:54,256.82,257.15,256.7,256.83,122338.0
10:55,257.08,257.23,256.52,256.92,180901.0
10:56,256.98,257.33,256.8,257.1,214142.0
10:57,257.06,257.23,256.72,257.09,164277.0
10:58,256.26,257.09,256.06,257.08,238415.0
10:59,255.8,256.4,255.7,256.23,259374.0
11:00,256.24,256.25,255.54,255.8,203999.0
11:01,256.38,256.61,256.12,256.25,213879.0
11:02,256.57,256.57,256.02,256.4,169925.0
11:03,256.25,256.55,256.05,256.51,82687.0
11:04,256.36,256.45,256.02,256.24,108923.0
11:05,256.25,256.67,255.86,256.45,208484.0
11:06,255.54,256.34,255.45,256.26,202683.0
11:07,255.6,255.7,255.12,255.51,213142.0
11:08,255.49,255.69,255.28,255.62,154896.0
11:09,255.51,255.54,255.03,255.42,199633.0
11:10,255.86,255.88,255.11,255.46,171631.0
11:11,255.4,256.1,255.31,255.76,213087.0
11:12,256.17,256.24,255.3,255.44,187087.0
11:13,255.99,256.42,255.92,256.16,156300.0
11:14,256.44,256.77,255.97,255.97,183205.0
11:15,256.58,256.68,256.3,256.44,124116.0
11:16,256.76,256.88,256.55,256.55,160850.0
11:17,256.9,256.99,256.44,256.72,153079.0
11:18,256.9,257.17,256.83,256.83,192276.0
11:19,256.74,257.09,256.68,256.85,114968.0
11:20,257.55,257.74,256.81,256.81,275116.0
11:21,257.38,257.74,257.06,257.5,188210.0
11:22,257.22,257.85,257.13,257.33,176903.0
11:23,256.6,257.28,256.54,257.24,199644.0
11:24,256.7,257.03,256.61,256.61,141474.0
11:25,255.85,256.79,255.85,256.74,314082.0
11:26,255.82,255.94,255.58,255.84,170285.0
11:27,255.85,256.11,255.7,255.85,126284.0
11:28,255.51,255.9,255.44,255.85,145805.0
11:29,255.23,255.71,255.11,255.46,199886.0
11:30,255.62,255.68,255.03,255.29,190774.0
11:31,256.05,256.07,255.44,255.62,210903.0
11:32,255.75,256.17,255.72,256.01,127827.0
11:33,255.6,255.8,255.4,255.72,128236.0
11:34,255.3,255.59,255.03,255.59,154619.0
11:35,255.12,255.34,254.62,255.3,319653.0
11:36,254.35,255.12,254.29,255.12,218002.0
11:37,254.44,254.55,254.05,254.32,202653.0
11:38,254.52,254.64,254.15,254.44,123223.0
11:39,254.97,255.11,254.56,254.63,205499.0
11:40,254.99,255.07,254.62,254.96,159083.0
11:41,255.2,255.38,254.93,254.99,153178.0
11:42,255.11,255.27,254.94,255.2,89682.0
11:43,254.9,255.33,254.9,255.1,93632.0
11:44,255.01,255.21,254.86,254.9,71047.0
11:45,255.41,255.5,254.91,254.98,131156.0
11:46,255.07,255.47,254.88,255.41,128204.0
11:47,254.8,255.07,254.43,255.05,180979.0
11:48,254.43,254.85,254.34,254.84,134234.0
11:49,254.64,254.7,254.3,254.43,132662.0
11:50,254.43,254.91,254.43,254.69,127679.0
11:51,254.07,254.67,254.05,254.43,174156.0
11:52,255.08,255.27,254.08,254.09,280084.0
11:53,255.75,255.89,255.01,255.05,249790.0
11:54,255.42,255.99,255.27,255.74,191011.0
11:55,255.2,255.44,255.01,255.4,130794.0
11:56,254.8,255.32,254.78,255.21,107453.0
11:57,255.29,255.38,254.73,254.89,139099.0
11:58,255.4,255.44,255.11,255.34,106200.0
11:59,255.49,255.57,255.26,255.46,113959.0
12:00,255.41,255.58,255.32,255.52,68037.0
12:01,255.83,255.86,255.2,255.43,194469.0
12:02,255.66,255.85,255.46,255.77,97944.0
12:03,255.84,256.05,255.61,255.65,176989.0
12:04,256.0,256.0,255.68,255.88,104024.0
12:05,255.93,256.29,255.87,255.9,183721.0
12:06,256.13,256.21,255.81,255.87,92842.0
12:07,255.56,256.12,255.52,256.1,134385.0
12:08,255.6,255.7,255.41,255.6,79795.0
12:09,255.85,255.94,255.58,255.6,71883.0
12:10,256.03,256.04,255.63,255.85,79821.0
12:11,256.01,256.3,255.89,256.0,109404.0
12:12,255.9,256.18,255.72,255.94,71312.0
12:13,255.36,255.95,255.33,255.92,123797.0
12:14,255.67,255.69,255.23,255.48,119914.0
12:15,255.72,255.84,255.51,255.67,84606.0
12:16,255.96,256.14,255.6,255.7,102870.0
12:17,255.42,255.96,255.4,255.91,85547.0
12:18,255.12,255.7,255.05,255.46,129715.0
12:19,255.39,255.46,255.06,255.18,68787.0
12:20,255.24,255.4,254.92,255.4,84996.0
12:21,255.04,255.35,254.92,255.17,69991.0
12:22,255.54,255.57,254.84,255.0,114472.0
12:23,255.74,255.77,255.47,255.56,88414.0
12:24,255.6,255.75,255.46,255.75,50473.0
12:25,255.75,255.84,255.41,255.61,79256.0
12:26,255.43,255.79,255.4,255.78,65877.0
12:27,255.52,255.58,255.02,255.4,95681.0
12:28,255.1,255.56,255.02,255.52,103382.0
12:29,255.22,255.3,255.1,255.1,48545.0
12:30,255.39,255.45,255.09,255.23,69884.0
12:31,255.12,255.45,255.07,255.45,44951.0
12:32,255.56,255.65,255.05,255.12,116878.0
12:33,255.07,255.6,254.95,255.58,136099.0
12:34,254.96,255.13,254.76,255.13,98280.0
12:35,255.01,255.25,254.95,255.0,65567.0
12:36,254.9,255.1,254.85,254.97,45920.0
12:37,254.79,254.96,254.65,254.96,116926.0
12:38,254.79,254.92,254.65,254.82,57925.0
12:39,254.46,254.82,254.4,254.8,110663.0
12:40,254.7,254.73,254.27,254.5,87829.0
12:41,254.4,254.78,254.35,254.7,81183.0
12:42,254.73,254.85,254.29,254.4,116065.0
12:43,254.87,255.14,254.69,254.76,136279.0
12:44,255.02,255.2,254.81,254.91,100262.0
12:45,255.15,255.2,254.86,255.11,74247.0
12:46,255.38,255.46,255.07,255.14,141943.0
12:47,255.42,255.49,255.22,255.39,55284.0
12:48,255.04,255.58,254.84,255.4,161038.0
12:49,254.88,255.06,254.6,254.99,85620.0
12:50,254.72,254.94,254.6,254.85,78558.0
12:51,254.7,254.76,254.41,254.72,74680.0
12:52,254.13,254.75,253.93,254.75,221350.0
12:53,254.02,254.34,254.02,254.14,142673.0
12:54,253.65,254.08,253.55,254.04,199947.0
12:55,252.94,253.61,252.87,253.61,343387.0
12:56,253.16,253.45,252.85,252.94,192893.0
12:57,252.6,253.27,252.5,253.15,268118.0
12:58,252.86,252.96,252.36,252.57,240165.0
12:59,252.68,253.02,252.64,252.81,149502.0
13:00,252.29,252.82,252.22,252.64,203830.0
13:01,252.7,252.84,251.89,252.34,319581.0
13:02,252.61,252.8,252.29,252.78,170062.0
13:03,253.11,253.2,252.55,252.59,231499.0
13:04,252.88,253.15,252.81,253.07,176260.0
13:05,252.94,253.12,252.7,252.93,128537.0
13:06,253.23,253.28,252.9,252.91,161661.0
13:07,253.12,253.35,253.0,253.2,122898.0
13:08,253.14,253.18,252.75,253.12,121280.0
13:09,252.91,253.2,252.76,253.1,117567.0
13:10,252.85,253.05,252.52,252.91,105701.0
13:11,252.92,253.18,252.79,252.79,104015.0
13:12,252.52,253.05,252.46,252.94,116731.0
13:13,252.84,253.09,252.53,252.59,113223.0
13:14,252.88,252.95,252.7,252.83,49270.0
13:15,252.73,253.04,252.61,252.9,92329.0
13:16,252.39,252.91,252.21,252.72,149357.0
13:17,252.51,252.7,252.32,252.35,121369.0
13:18,253.04,253.08,252.3,252.39,140946.0
13:19,252.8,253.14,252.72,253.04,94288.0
13:20,252.91,253.04,252.63,252.77,87659.0
13:21,252.61,252.99,252.56,252.91,83018.0
13:22,252.33,252.66,252.16,252.64,162247.0
13:23,252.05,252.39,251.77,252.32,208958.0
13:24,252.39,252.4,252.01,252.04,105902.0
13:25,251.83,252.49,251.71,252.36,179260.0
13:26,252.24,252.3,251.59,251.8,140494.0
13:27,252.15,252.39,251.99,252.3,112317.0
13:28,252.24,252.4,251.9,252.18,97013.0
13:29,252.15,252.3,252.03,252.24,55630.0
13:30,252.97,252.97,251.92,252.08,191108.0
13:31,252.83,252.98,252.7,252.93,112464.0
13:32,252.64,252.92,252.51,252.86,93316.0
13:33,252.71,253.03,252.56,252.64,128298.0
13:34,252.74,252.96,252.55,252.7,91269.0
13:35,252.71,252.89,252.54,252.65,64736.0
13:36,252.82,252.99,252.27,252.65,130364.0
13:37,253.21,253.23,252.7,252.85,154454.0
13:38,253.17,253.46,253.05,253.23,152620.0
13:39,253.43,253.49,253.15,253.25,111822.0
13:40,253.86,253.93,253.34,253.42,220180.0
13:41,253.6,253.87,253.44,253.8,103855.0
13:42,253.43,253.67,253.39,253.53,104199.0
13:43,253.6,253.8,253.41,253.41,121646.0
13:44,253.59,253.69,253.45,253.68,76979.0
13:45,253.1,253.69,253.04,253.58,169589.0
13:46,253.27,253.47,253.09,253.13,97485.0
13:47,253.23,253.49,253.18,253.33,52386.0
13:48,253.34,253.48,252.95,253.23,126841.0
13:49,253.33,253.48,253.11,253.39,49531.0
13:50,253.22,253.47,253.06,253.29,65942.0
13:51,252.9,253.43,252.81,253.22,78658.0
13:52,252.8,253.02,252.75,252.9,87228.0
13:53,252.26,252.83,252.18,252.81,177170.0
13:54,252.17,252.45,252.14,252.29,99247.0
13:55,252.3,252.5,252.05,252.14,140598.0
13:56,252.28,252.6,252.25,252.3,96013.0
13:57,252.51,252.54,252.17,252.24,75153.0
13:58,252.6,252.87,252.49,252.49,123131.0
13:59,252.67,252.72,252.51,252.69,62027.0
14:00,252.67,252.9,252.52,252.63,135890.0
14:01,252.4,252.76,252.3,252.71,95547.0
14:02,252.36,252.7,252.22,252.39,114228.0
14:03,252.22,252.54,252.02,252.37,143078.0
14:04,252.33,252.47,252.02,252.24,90670.0
14:05,252.13,252.52,251.97,252.33,124903.0
14:06,252.15,252.29,252.02,252.1,110346.0
14:07,252.3,252.33,251.75,252.11,164897.0
14:08,252.22,252.47,252.11,252.37,73996.0
14:09,252.1,252.25,251.92,252.23,98144.0
14:10,251.97,252.3,251.82,252.05,112111.0
14:11,251.76,251.97,251.57,251.91,149883.0
14:12,251.71,251.96,251.54,251.72,98523.0
14:13,251.56,251.93,251.55,251.72,83082.0
14:14,251.5,251.64,251.25,251.56,178444.0
14:15,250.9,251.74,250.9,251.44,214780.0
14:16,251.23,251.48,250.9,250.94,142430.0
14:17,251.2,251.4,251.0,251.35,107852.0
14:18,251.43,251.43,251.16,251.24,88078.0
14:19,251.06,251.44,250.94,251.39,109996.0
14:20,251.1,251.34,250.95,251.06,96165.0
14:21,251.01,251.1,250.84,251.1,99656.0
14:22,251.47,251.56,250.95,251.01,163467.0
14:23,251.52,251.62,251.32,251.49,134297.0
14:24,251.62,251.68,251.39,251.55,99242.0
14:25,251.93,252.12,251.49,251.57,249611.0
14:26,251.9,252.19,251.79,251.97,158926.0
14:27,251.59,252.05,251.44,251.97,150512.0
14:28,251.74,251.9,251.5,251.51,118489.0
14:29,251.92,252.04,251.65,251.79,84549.0
14:30,252.15,252.19,251.82,251.88,119668.0
14:31,252.48,252.55,252.1,252.1,175207.0
14:32,252.52,252.54,252.31,252.43,109770.0
14:33,252.32,252.6,252.21,252.51,104425.0
14:34,252.56,252.63,252.27,252.33,111278.0
14:35,252.56,253.0,252.5,252.6,147976.0
14:36,252.79,252.89,252.57,252.59,99564.0
14:37,252.48,252.78,252.3,252.73,118155.0
14:38,252.26,252.5,252.15,252.4,95522.0
14:39,252.21,252.3,252.12,252.29,97763.0
14:40,252.01,252.33,252.01,252.24,101933.0
14:41,252.47,252.48,252.06,252.09,104586.0
14:42,252.26,252.51,252.15,252.5,91637.0
14:43,252.23,252.32,252.1,252.27,81592.0
14:44,252.46,252.5,252.21,252.21,93434.0
14:45,252.62,252.68,252.39,252.44,102650.0
14:46,252.6,252.99,252.58,252.67,150563.0
14:47,252.52,252.8,252.42,252.6,81118.0
14:48,252.37,252.59,252.2,252.52,104683.0
14:49,252.48,252.53,252.25,252.37,52253.0
14:50,252.48,252.53,252.32,252.46,58554.0
14:51,252.44,252.59,252.19,252.47,81173.0
14:52,252.14,252.51,252.0,252.5,99590.0
14:53,252.36,252.47,252.07,252.14,79513.0
14:54,252.45,252.5,252.22,252.4,63558.0
14:55,252.57,252.62,252.35,252.39,75752.0
14:56,252.49,252.75,252.41,252.55,70714.0
14:57,252.84,252.89,252.43,252.48,105266.0
14:58,252.73,252.88,252.41,252.84,89355.0
14:59,252.36,252.76,252.33,252.74,87761.0
15:00,252.58,252.6,252.14,252.37,89913.0
15:01,252.21,252.59,252.07,252.56,85615.0
15:02,252.31,252.35,252.1,252.21,63322.0
15:03,252.23,252.31,252.15,252.29,54379.0
15:04,252.54,252.65,252.15,252.15,107400.0
15:05,252.66,252.74,252.45,252.5,76987.0
15:06,252.95,252.99,252.53,252.69,139902.0
15:07,252.8,252.98,252.57,252.94,77462.0
15:08,252.81,252.99,252.72,252.79,104256.0
15:09,252.8,252.89,252.65,252.86,56178.0
15:10,252.91,252.99,252.69,252.79,56687.0
15:11,252.5,253.0,252.47,252.91,133264.0
15:12,252.6,252.69,252.4,252.53,68298.0
15:13,253.22,253.28,252.65,252.65,190181.0
15:14,253.38,253.64,253.17,253.23,258985.0
15:15,253.4,253.48,253.21,253.38,108940.0
15:16,253.29,253.5,253.22,253.4,96833.0
15:17,253.32,253.35,253.08,253.29,71810.0
15:18,253.13,253.35,253.08,253.34,72533.0
15:19,253.23,253.32,253.06,253.14,98824.0
15:20,252.93,253.3,252.88,253.25,175587.0
15:21,253.12,253.2,252.88,252.97,91931.0
15:22,253.25,253.32,252.94,253.18,95589.0
15:23,252.93,253.25,252.75,253.25,115243.0
15:24,252.96,253.0,252.76,252.9,81976.0
15:25,252.38,252.94,252.31,252.94,187840.0
15:26,252.12,252.45,252.05,252.45,138285.0
15:27,252.12,252.23,251.96,252.1,165804.0
15:28,252.01,252.12,251.66,252.12,188835.0
15:29,252.13,252.36,251.89,251.97,150160.0
15:30,252.44,252.58,252.09,252.12,138293.0
15:31,252.26,252.65,252.2,252.44,116386.0
15:32,252.6,252.72,252.16,252.29,123509.0
15:33,252.5,252.67,252.4,252.56,82192.0
15:34,252.32,252.53,252.24,252.48,57367.0
15:35,252.47,252.54,252.21,252.29,81583.0
15:36,252.17,252.67,252.07,252.54,114829.0
15:37,252.4,252.52,252.06,252.13,85054.0
15:38,252.33,252.43,252.24,252.36,39377.0
15:39,252.31,252.49,252.2,252.37,66123.0
15:40,252.44,252.56,252.3,252.44,143157.0
15:41,252.56,252.64,252.4,252.52,220190.0
15:42,252.69,252.71,252.5,252.6,297224.0
15:43,252.88,252.95,252.57,252.65,121229.0
15:44,252.79,252.93,252.65,252.88,76622.0
15:45,252.63,252.9,252.52,252.86,86344.0
15:46,252.59,252.74,252.5,252.62,100565.0
15:47,252.75,252.75,252.35,252.52,99058.0
15:48,252.71,252.89,252.6,252.73,122031.0
15:49,252.97,253.0,252.69,252.74,169247.0
15:50,253.34,253.4,252.81,252.99,233116.0
15:51,253.57,253.57,253.13,253.27,188147.0
15:52,253.88,253.88,253.4,253.55,217153.0
15:53,253.82,253.9,253.7,253.87,314062.0
15:54,253.72,253.9,253.53,253.79,219117.0
15:55,253.59,253.85,253.45,253.7,193594.0
15:56,254.02,254.07,253.55,253.6,296630.0
15:57,253.99,254.15,253.92,254.02,228476.0
15:58,253.92,254.08,253.85,254.0,247138.0
15:59,254.12,254.23,253.86,253.97,661036.0
