Time,Close,High,Low,Open,Volume
09:30,175.47,175.64,174.96,175.57,762910.0
09:31,175.73,175.77,175.36,175.44,11169.0
09:32,175.67,175.72,175.39,175.43,40332.0
09:33,175.61,175.68,175.41,175.41,69494.0
09:34,175.6,175.72,175.51,175.6,12937.0
09:35,175.71,175.78,175.56,175.6,12941.0
09:36,175.72,175.81,175.66,175.71,8184.0
09:37,175.82,175.85,175.63,175.7,13312.0
09:38,175.89,175.91,175.73,175.78,18992.0
09:39,175.96,175.98,175.82,175.85,24673.0
09:40,175.89,175.99,175.81,175.96,18728.0
09:41,175.91,175.93,175.8,175.86,11245.0
09:42,175.95,175.96,175.89,175.96,14998.0
09:43,175.68,175.98,175.66,175.98,13691.0
09:44,175.7,175.7,175.62,175.65,5123.0
09:45,175.93,175.96,175.7,175.7,10512.0
09:46,176.09,176.2,175.88,175.91,128381.0
09:47,176.18,176.22,176.07,176.07,19917.0
09:48,176.24,176.3,176.18,176.18,26126.0
09:49,176.3,176.38,176.28,176.28,22112.0
09:50,176.35,176.41,176.31,176.34,18929.0
09:51,176.44,176.45,176.34,176.34,18864.0
09:52,176.49,176.51,176.41,176.48,13410.0
09:53,176.51,176.54,176.45,176.49,25319.0
09:54,176.43,176.51,176.42,176.51,13186.0
09:55,176.31,176.46,176.28,176.42,12310.0
09:56,176.04,176.37,176.01,176.31,14110.0
09:57,176.08,176.08,176.01,176.06,6578.0
09:58,176.05,176.11,176.03,176.08,26956.0
09:59,176.1,176.12,175.96,176.02,12494.0
10:00,176.18,176.18,176.04,176.05,12537.0
10:01,176.02,176.13,176.02,176.13,14526.0
10:02,175.88,176.0,175.86,176.0,12655.0
10:03,175.99,176.01,175.88,175.9,8698.0
10:04,176.02,176.07,175.96,175.98,12677.0
10:05,175.92,176.05,175.88,176.04,16274.0
10:06,175.97,175.99,175.91,175.91,5655.0
10:07,175.97,176.03,175.94,175.99,9567.0
10:08,175.91,175.98,175.91,175.98,9018.0
10:09,175.9,175.93,175.89,175.91,7704.0
10:10,175.93,175.93,175.85,175.9,16283.0
10:11,175.93,175.95,175.87,175.9,14623.0
10:12,175.86,175.95,175.85,175.91,17076.0
10:13,175.85,175.87,175.84,175.85,27763.0
10:14,175.73,175.86,175.69,175.85,23647.0
10:15,175.85,175.85,175.72,175.73,11649.0
10:16,175.84,175.88,175.82,175.87,9330.0
10:17,175.84,175.87,175.8,175.82,12944.0
10:18,175.78,175.87,175.75,175.82,14909.0
10:19,175.62,175.76,175.62,175.76,13114.0
10:20,175.74,175.74,175.61,175.64,9164.0
10:21,175.81,175.81,175.76,175.77,16947.0
10:22,175.89,175.89,175.77,175.81,12172.0
10:23,175.87,175.91,175.82,175.9,7143.0
10:24,175.87,175.95,175.85,175.87,12219.0
10:25,175.9,175.93,175.88,175.88,9521.0
10:26,175.88,175.96,175.88,175.9,12046.0
10:27,175.85,175.89,175.82,175.89,5608.0
10:28,175.88,175.9,175.84,175.84,7151.0
10:29,175.97,175.98,175.88,175.88,8858.0
10:30,175.96,176.02,175.94,175.97,22937.0
10:31,176.02,176.03,175.95,175.95,6548.0
10:32,175.96,176.06,175.96,176.04,12616.0
10:33,176.02,176.07,175.97,175.97,7672.0
10:34,176.04,176.05,176.01,176.02,10267.0
10:35,175.87,176.02,175.87,176.02,16681.0
10:36,175.85,175.88,175.83,175.85,9717.0
10:37,175.89,175.89,175.8,175.85,9875.0
10:38,175.88,175.92,175.86,175.9,5865.0
10:39,175.89,175.9,175.86,175.88,8918.0
10:40,175.84,175.9,175.82,175.89,8447.0
10:41,175.93,175.94,175.84,175.84,7949.0
10:42,175.88,175.97,175.88,175.93,8235.0
10:43,175.85,175.88,175.84,175.88,10779.0
10:44,175.9,175.9,175.85,175.85,15544.0
10:45,175.93,175.93,175.87,175.9,8081.0
10:46,176.07,176.07,175.88,175.93,18430.0
10:47,176.06,176.09,176.02,176.07,14014.0
10:48,176.12,176.12,176.04,176.04,8824.0
10:49,176.17,176.19,176.13,176.13,13142.0
10:50,176.12,176.17,176.1,176.16,8200.0
10:51,176.12,176.17,176.11,176.11,9408.0
10:52,176.16,176.17,176.09,176.11,9319.0
10:53,176.18,176.23,176.17,176.18,13784.0
10:54,176.19,176.2,176.11,176.17,7374.0
10:55,176.16,176.21,176.14,176.2,14750.0
10:56,176.08,176.14,176.07,176.14,7109.0
10:57,176.06,176.08,176.04,176.05,5746.0
10:58,176.05,176.07,176.02,176.05,14686.0
10:59,176.07,176.09,176.05,176.05,5536.0
11:00,176.06,176.12,176.06,176.07,16925.0
11:01,176.07,176.1,176.05,176.06,8831.0
11:02,176.0,176.09,176.0,176.09,8241.0
11:03,175.92,176.01,175.9,175.99,13725.0
11:04,175.92,175.95,175.91,175.93,6984.0
11:05,175.83,175.9,175.76,175.9,14140.0
11:06,175.95,175.97,175.82,175.82,12657.0
11:07,175.91,175.97,175.91,175.94,5847.0
11:08,175.94,176.0,175.92,175.92,17282.0
11:09,175.88,176.02,175.88,175.95,74526.0
11:10,175.95,175.95,175.82,175.87,10548.0
11:11,175.92,175.99,175.9,175.97,9466.0
11:12,175.89,175.91,175.87,175.91,8535.0
11:13,175.87,175.93,175.83,175.88,26915.0
11:14,175.82,175.89,175.8,175.86,40386.0
11:15,175.8,175.8,175.77,175.77,33888.0
11:16,175.76,175.82,175.76,175.8,84024.0
11:17,175.77,175.78,175.74,175.75,30470.0
11:18,175.88,175.89,175.77,175.77,19007.0
11:19,175.85,175.91,175.85,175.89,9509.0
11:20,175.88,175.91,175.86,175.86,5604.0
11:21,175.87,175.9,175.85,175.89,11413.0
11:22,175.82,175.88,175.82,175.88,5074.0
11:23,175.77,175.86,175.75,175.84,31264.0
11:24,175.78,175.81,175.68,175.75,36622.0
11:25,175.68,175.76,175.68,175.76,20274.0
11:26,175.71,175.71,175.68,175.68,6830.0
11:27,175.75,175.77,175.71,175.71,12511.0
11:28,175.73,175.76,175.71,175.76,4482.0
11:29,175.77,175.78,175.72,175.74,7688.0
11:30,175.78,175.8,175.75,175.78,6952.0
11:31,175.81,175.81,175.77,175.77,7735.0
11:32,175.88,175.91,175.82,175.82,14886.0
11:33,175.88,175.91,175.84,175.89,7695.0
11:34,175.88,175.9,175.87,175.88,6109.0
11:35,175.85,175.89,175.84,175.88,7796.0
11:36,175.83,175.86,175.83,175.83,3668.0
11:37,175.79,175.85,175.79,175.83,8458.0
11:38,175.87,175.88,175.79,175.79,8188.0
11:39,175.89,175.95,175.86,175.87,13018.0
11:40,175.79,175.9,175.78,175.9,18614.0
11:41,175.88,175.91,175.78,175.79,9498.0
11:42,175.88,175.9,175.87,175.87,5370.0
11:43,175.92,175.93,175.89,175.89,4837.0
11:44,175.85,175.93,175.84,175.91,8632.0
11:45,175.96,175.96,175.85,175.86,20004.0
11:46,175.97,175.99,175.93,175.97,6488.0
11:47,175.97,176.01,175.96,175.98,9750.0
11:48,175.95,175.99,175.94,175.99,6186.0
11:49,175.93,175.96,175.9,175.94,9315.0
11:50,175.81,175.93,175.81,175.93,7057.0
11:51,175.84,175.86,175.82,175.82,12542.0
11:52,175.84,175.86,175.81,175.83,5918.0
11:53,175.83,175.87,175.83,175.85,5726.0
11:54,175.79,175.85,175.79,175.85,5175.0
11:55,175.79,175.79,175.74,175.79,10692.0
11:56,175.85,175.85,175.79,175.79,4163.0
11:57,175.84,175.87,175.84,175.85,7768.0
11:58,175.8,175.85,175.78,175.85,6237.0
11:59,175.81,175.81,175.77,175.79,5038.0
12:00,175.78,175.81,175.77,175.8,9404.0
12:01,175.73,175.79,175.72,175.78,10558.0
12:02,175.79,175.79,175.71,175.72,9764.0
12:03,175.83,175.83,175.8,175.8,4835.0
12:04,175.95,175.95,175.83,175.83,6070.0
12:05,175.88,175.96,175.88,175.95,32885.0
12:06,175.92,175.92,175.87,175.88,11544.0
12:07,175.94,175.95,175.89,175.89,6063.0
12:08,175.98,175.99,175.95,175.95,8434.0
12:09,175.97,176.0,175.97,176.0,8766.0
12:10,176.03,176.04,175.97,175.98,95087.0
12:11,176.03,176.06,176.02,176.05,7759.0
12:12,176.08,176.08,176.03,176.03,4841.0
12:13,176.07,176.09,176.06,176.09,3992.0
12:14,176.09,176.1,176.06,176.07,6696.0
12:15,176.04,176.1,176.02,176.09,15275.0
12:16,176.09,176.09,176.02,176.02,6870.0
12:17,176.09,176.11,176.08,176.08,4845.0
12:18,176.07,176.09,176.06,176.09,7152.0
12:19,176.1,176.1,176.08,176.08,4050.0
12:20,176.09,176.11,176.09,176.11,6041.0
12:21,176.19,176.26,176.1,176.1,51885.0
12:22,176.23,176.23,176.18,176.2,27697.0
12:23,176.26,176.26,176.23,176.23,8690.0
12:24,176.2,176.27,176.2,176.25,9320.0
12:25,176.25,176.25,176.21,176.21,3707.0
12:26,176.25,176.31,176.24,176.24,9685.0
12:27,176.22,176.27,176.21,176.26,7840.0
12:28,176.17,176.23,176.15,176.23,6245.0
12:29,176.15,176.18,176.15,176.16,6960.0
12:30,176.21,176.21,176.13,176.14,4237.0
12:31,176.21,176.22,176.2,176.21,4045.0
12:32,176.18,176.21,176.15,176.2,9234.0
12:33,176.18,176.18,176.13,176.13,5147.0
12:34,176.11,176.18,176.11,176.16,6375.0
12:35,176.09,176.1,176.07,176.1,6041.0
12:36,176.13,176.13,176.08,176.08,4509.0
12:37,176.15,176.17,176.1,176.15,8060.0
12:38,176.18,176.19,176.17,176.17,5008.0
12:39,176.2,176.2,176.19,176.2,1149.0
12:40,176.18,176.19,176.16,176.19,5050.0
12:41,176.2,176.22,176.2,176.2,3122.0
12:42,176.2,176.21,176.18,176.2,6288.0
12:43,176.21,176.21,176.17,176.18,13095.0
12:44,176.23,176.23,176.2,176.2,2889.0
12:45,176.26,176.26,176.22,176.23,8640.0
12:46,176.28,176.3,176.23,176.26,6529.0
12:47,176.29,176.3,176.28,176.28,4476.0
12:48,176.33,176.35,176.32,176.32,7807.0
12:49,176.36,176.38,176.34,176.35,5233.0
12:50,176.35,176.35,176.3,176.35,4761.0
12:51,176.32,176.36,176.32,176.36,4639.0
12:52,176.29,176.33,176.29,176.32,5844.0
12:53,176.31,176.32,176.28,176.29,6998.0
12:54,176.3,176.3,176.29,176.3,6816.0
12:55,176.31,176.32,176.3,176.3,7598.0
12:56,176.31,176.33,176.27,176.32,10815.0
12:57,176.35,176.35,176.32,176.32,3436.0
12:58,176.4,176.4,176.35,176.37,8495.0
12:59,176.4,176.43,176.4,176.4,7675.0
13:00,176.35,176.38,176.33,176.38,9776.0
13:01,176.35,176.37,176.33,176.33,6027.0
13:02,176.35,176.35,176.34,176.35,4736.0
13:03,176.42,176.42,176.35,176.36,3881.0
13:04,176.42,176.46,176.42,176.43,7238.0
13:05,176.44,176.44,176.4,176.42,8012.0
13:06,176.49,176.51,176.43,176.45,9375.0
13:07,176.49,176.51,176.47,176.5,11205.0
13:08,176.46,176.5,176.46,176.5,8303.0
13:09,176.51,176.51,176.45,176.46,12096.0
13:10,176.44,176.51,176.41,176.5,7971.0
13:11,176.46,176.46,176.43,176.45,12326.0
13:12,176.48,176.49,176.47,176.47,4906.0
13:13,176.45,176.49,176.45,176.49,7742.0
13:14,176.44,176.48,176.44,176.46,6127.0
13:15,176.44,176.45,176.42,176.44,5988.0
13:16,176.44,176.46,176.43,176.44,4046.0
13:17,176.43,176.44,176.4,176.44,6745.0
13:18,176.47,176.47,176.44,176.44,1798.0
13:19,176.51,176.51,176.47,176.47,6133.0
13:20,176.49,176.51,176.49,176.49,9400.0
13:21,176.52,176.52,176.5,176.5,4643.0
13:22,176.5,176.53,176.5,176.52,4799.0
13:23,176.54,176.54,176.48,176.49,6240.0
13:24,176.54,176.54,176.52,176.53,6307.0
13:25,176.57,176.57,176.54,176.54,4832.0
13:26,176.51,176.56,176.5,176.56,6736.0
13:27,176.56,176.57,176.5,176.51,7588.0
13:28,176.55,176.56,176.55,176.56,2539.0
13:29,176.58,176.58,176.55,176.56,4222.0
13:30,176.57,176.61,176.56,176.57,10619.0
13:31,176.59,176.6,176.56,176.57,5344.0
13:32,176.62,176.64,176.57,176.58,21502.0
13:33,176.64,176.67,176.63,176.63,8047.0
13:34,176.63,176.65,176.6,176.65,9970.0
13:35,176.61,176.65,176.6,176.61,11137.0
13:36,176.64,176.64,176.6,176.62,12405.0
13:37,176.65,176.66,176.63,176.63,9386.0
13:38,176.66,176.67,176.65,176.65,6240.0
13:39,176.64,176.66,176.62,176.66,13124.0
13:40,176.68,176.7,176.63,176.64,18608.0
13:41,176.66,176.72,176.65,176.7,12697.0
13:42,176.66,176.66,176.66,176.66,2211.0
13:43,176.59,176.65,176.59,176.65,8801.0
13:44,176.63,176.63,176.58,176.58,3232.0
13:45,176.65,176.65,176.6,176.63,9600.0
13:46,176.68,176.68,176.63,176.64,6069.0
13:47,176.72,176.72,176.67,176.67,7526.0
13:48,176.74,176.75,176.71,176.73,9275.0
13:49,176.76,176.79,176.75,176.75,9405.0
13:50,176.78,176.78,176.76,176.76,5896.0
13:51,176.79,176.8,176.78,176.78,4130.0
13:52,176.84,176.87,176.8,176.8,18110.0
13:53,176.85,176.87,176.85,176.85,7842.0
13:54,176.83,176.85,176.83,176.84,2534.0
13:55,176.83,176.84,176.81,176.84,14678.0
13:56,176.82,176.84,176.8,176.82,6810.0
13:57,176.81,176.84,176.8,176.81,7940.0
13:58,176.76,176.8,176.76,176.8,8936.0
13:59,176.76,176.8,176.76,176.76,6841.0
14:00,176.69,176.77,176.69,176.76,16472.0
14:01,176.75,176.76,176.67,176.68,512815.0
14:02,176.81,176.81,176.74,176.75,7340.0
14:03,176.84,176.92,176.81,176.81,74223.0
14:04,176.75,176.85,176.68,176.85,14013.0
14:05,176.82,176.82,176.74,176.74,5053.0
14:06,176.82,176.83,176.8,176.83,8112.0
14:07,176.84,176.87,176.82,176.82,9340.0
14:08,176.86,176.87,176.84,176.85,4867.0
14:09,176.9,176.9,176.87,176.87,12516.0
14:10,176.86,176.9,176.86,176.9,10148.0
14:11,176.93,176.94,176.87,176.87,7383.0
14:12,176.94,176.94,176.91,176.93,10479.0
14:13,176.96,177.01,176.93,176.94,68878.0
14:14,176.93,176.96,176.92,176.96,6500.0
14:15,176.92,176.94,176.91,176.94,8922.0
14:16,176.97,176.97,176.92,176.93,4524.0
14:17,176.92,176.97,176.92,176.97,8696.0
14:18,176.88,176.89,176.88,176.88,9273.0
14:19,176.9,176.9,176.88,176.88,3086.0
14:20,176.93,176.94,176.89,176.89,6366.0
14:21,176.98,177.0,176.94,176.94,12087.0
14:22,177.0,177.01,176.95,176.96,21084.0
14:23,177.03,177.03,177.0,177.01,4730.0
14:24,177.07,177.09,177.02,177.02,7514.0
14:25,177.05,177.09,177.03,177.08,14707.0
14:26,177.03,177.04,177.02,177.04,5422.0
14:27,177.04,177.1,177.02,177.04,9928.0
14:28,177.01,177.03,177.01,177.03,6148.0
14:29,177.04,177.05,177.0,177.02,9225.0
14:30,177.11,177.11,177.03,177.05,12730.0
14:31,177.11,177.11,177.08,177.1,9227.0
14:32,177.18,177.18,177.11,177.11,9487.0
14:33,177.18,177.21,177.16,177.18,23805.0
14:34,177.1,177.17,177.1,177.17,12635.0
14:35,177.14,177.15,177.11,177.11,6776.0
14:36,177.13,177.14,177.12,177.13,8460.0
14:37,177.13,177.15,177.12,177.12,8391.0
14:38,177.2,177.22,177.12,177.13,11266.0
14:39,177.17,177.22,177.16,177.22,7123.0
14:40,177.16,177.18,177.14,177.16,10759.0
14:41,177.21,177.22,177.17,177.17,8255.0
14:42,177.23,177.24,177.22,177.22,4562.0
14:43,177.25,177.25,177.21,177.21,16749.0
14:44,177.22,177.26,177.22,177.25,10837.0
14:45,177.17,177.23,177.17,177.23,22018.0
14:46,177.17,177.18,177.16,177.18,14887.0
14:47,177.17,177.17,177.14,177.17,10362.0
14:48,177.16,177.18,177.15,177.16,10754.0
14:49,177.16,177.18,177.16,177.16,7077.0
14:50,177.14,177.19,177.12,177.16,20884.0
14:51,177.05,177.13,177.04,177.13,16919.0
14:52,177.07,177.1,177.06,177.06,11200.0
14:53,177.01,177.07,177.0,177.07,24492.0
14:54,176.97,177.02,176.96,177.01,10978.0
14:55,176.96,176.99,176.93,176.95,13865.0
14:56,176.94,176.99,176.94,176.98,15549.0
14:57,176.92,176.95,176.88,176.94,17416.0
14:58,176.99,176.99,176.9,176.9,10000.0
14:59,177.01,177.02,176.97,176.99,13077.0
15:00,176.98,177.04,176.98,177.01,17130.0
15:01,176.93,177.01,176.87,176.98,30811.0
15:02,176.86,176.93,176.85,176.93,12025.0
15:03,176.78,176.86,176.77,176.85,16137.0
15:04,176.87,176.88,176.79,176.79,13579.0
15:05,176.92,176.95,176.86,176.87,33093.0
15:06,176.85,176.9,176.82,176.89,15270.0
15:07,176.76,176.85,176.76,176.85,19523.0
15:08,176.83,176.83,176.76,176.77,22364.0
15:09,176.84,176.86,176.84,176.84,12145.0
15:10,176.86,176.86,176.81,176.85,18578.0
15:11,176.88,176.9,176.85,176.87,21409.0
15:12,176.87,176.9,176.85,176.88,14755.0
15:13,176.84,176.88,176.84,176.87,14587.0
15:14,176.88,176.88,176.82,176.82,22005.0
15:15,176.85,176.87,176.82,176.87,13307.0
15:16,176.87,176.89,176.84,176.84,14384.0
15:17,176.85,176.87,176.85,176.87,12528.0
15:18,176.77,176.87,176.77,176.85,19138.0
15:19,176.77,176.8,176.77,176.78,12769.0
15:20,176.7,176.78,176.67,176.77,27983.0
15:21,176.79,176.79,176.69,176.71,19821.0
15:22,176.81,176.83,176.79,176.79,19897.0
15:23,176.81,176.82,176.77,176.8,13453.0
15:24,176.75,176.81,176.75,176.81,25460.0
15:25,176.81,176.84,176.71,176.76,17694.0
15:26,176.74,176.82,176.74,176.8,15648.0
15:27,176.71,176.76,176.69,176.74,9804.0
15:28,176.73,176.73,176.66,176.71,19983.0
15:29,176.79,176.82,176.72,176.74,27430.0
15:30,176.9,176.9,176.79,176.79,28796.0
15:31,176.83,176.9,176.82,176.9,11338.0
15:32,176.73,176.85,176.69,176.84,21186.0
15:33,176.7,176.77,176.7,176.75,11503.0
15:34,176.78,176.8,176.71,176.71,12499.0
15:35,176.85,176.85,176.76,176.79,16458.0
15:36,176.87,176.88,176.81,176.85,12751.0
15:37,176.87,176.89,176.83,176.86,8124.0
15:38,176.85,176.89,176.84,176.87,11680.0
15:39,176.82,176.85,176.82,176.84,9485.0
15:40,176.89,176.92,176.82,176.89,18139.0
15:41,176.89,176.89,176.8,176.89,15151.0
15:42,176.9,176.91,176.86,176.9,9908.0
15:43,176.86,176.9,176.85,176.89,11954.0
15:44,176.89,176.9,176.86,176.86,12805.0
15:45,176.9,176.93,176.88,176.9,19890.0
15:46,176.91,176.93,176.88,176.9,20985.0
15:47,176.87,176.93,176.85,176.92,20684.0
15:48,176.87,176.9,176.86,176.87,9840.0
15:49,176.85,176.9,176.85,176.86,20746.0
15:50,176.8,176.84,176.71,176.84,79585.0
15:51,176.84,176.89,176.79,176.8,30791.0
15:52,176.85,176.87,176.82,176.84,36901.0
15:53,176.82,176.88,176.81,176.86,24012.0
15:54,176.83,176.86,176.81,176.82,33885.0
15:55,176.83,176.89,176.81,176.85,45098.0
15:56,176.87,176.88,176.8,176.84,59456.0
15:57,176.85,176.88,176.82,176.87,62157.0
15:58,176.7,176.87,176.7,176.85,119350.0
15:59,176.66,176.79,176.6,176.7,370867.0
