Time,Close,High,Low,Open,Volume
09:30,176.84,176.97,176.6,176.97,1206298.0
09:31,176.99,177.06,176.87,176.87,7561.0
09:32,176.99,177.16,176.94,176.95,11641.0
09:33,176.96,177.04,176.84,177.01,8689.0
09:34,176.9,177.0,176.9,176.91,6513.0
09:35,177.1,177.1,176.95,177.01,11159.0
09:36,177.15,177.15,177.03,177.1,10209.0
09:37,177.09,177.18,177.0,177.13,10743.0
09:38,177.14,177.15,177.08,177.13,8023.0
09:39,177.08,177.17,177.08,177.17,8928.0
09:40,177.36,177.36,177.18,177.21,10693.0
09:41,177.24,177.36,177.24,177.34,14327.0
09:42,177.24,177.31,177.22,177.23,9809.0
09:43,177.41,177.41,177.21,177.24,7501.0
09:44,177.48,177.5,177.39,177.4,12362.0
09:45,177.58,177.6,177.42,177.42,10320.0
09:46,177.54,177.64,177.53,177.57,12645.0
09:47,177.58,177.59,177.54,177.55,9790.0
09:48,177.45,177.57,177.37,177.57,29826.0
09:49,177.59,177.6,177.44,177.45,12409.0
09:50,177.6,177.69,177.55,177.58,12047.0
09:51,177.56,177.66,177.56,177.6,11378.0
09:52,177.52,177.65,177.51,177.6,9325.0
09:53,177.57,177.59,177.51,177.54,11287.0
09:54,177.42,177.59,177.42,177.58,10125.0
09:55,177.54,177.56,177.43,177.43,7346.0
09:56,177.38,177.54,177.38,177.49,8165.0
09:57,177.37,177.44,177.33,177.43,7544.0
09:58,177.36,177.38,177.32,177.38,9137.0
09:59,177.29,177.34,177.25,177.34,7258.0
10:00,177.27,177.34,177.25,177.29,14123.0
10:01,177.33,177.35,177.26,177.26,13107.0
10:02,177.38,177.41,177.35,177.35,5627.0
10:03,177.4,177.44,177.36,177.42,9062.0
10:04,177.5,177.51,177.37,177.39,16020.0
10:05,177.43,177.52,177.43,177.5,15756.0
10:06,177.4,177.46,177.39,177.41,7996.0
10:07,177.45,177.46,177.39,177.41,7911.0
10:08,177.46,177.48,177.43,177.43,5069.0
10:09,177.47,177.5,177.46,177.46,4278.0
10:10,177.49,177.55,177.49,177.49,26967.0
10:11,177.51,177.53,177.49,177.49,8881.0
10:12,177.54,177.56,177.51,177.51,6727.0
10:13,177.53,177.54,177.48,177.48,13126.0
10:14,177.43,177.53,177.39,177.53,7751.0
10:15,177.21,177.4,177.21,177.39,7853.0
10:16,177.13,177.24,177.09,177.21,9607.0
10:17,177.01,177.16,176.98,177.16,7633.0
10:18,177.1,177.1,177.02,177.02,6051.0
10:19,177.08,177.1,177.0,177.1,6869.0
10:20,177.21,177.21,177.08,177.08,10160.0
10:21,177.2,177.23,177.2,177.21,8813.0
10:22,177.06,177.17,177.04,177.17,7049.0
10:23,177.02,177.09,177.02,177.06,3956.0
10:24,177.05,177.09,177.0,177.02,10686.0
10:25,176.91,177.08,176.91,177.06,7028.0
10:26,176.89,176.98,176.89,176.95,6633.0
10:27,176.9,176.93,176.9,176.92,5977.0
10:28,176.89,176.93,176.88,176.88,7331.0
10:29,176.89,176.91,176.87,176.89,6234.0
10:30,176.78,176.87,176.78,176.87,6278.0
10:31,176.71,176.8,176.69,176.78,6838.0
10:32,176.69,176.72,176.67,176.71,23403.0
10:33,176.66,176.68,176.6,176.68,16898.0
10:34,176.71,176.73,176.63,176.65,10701.0
10:35,176.56,176.73,176.56,176.73,10675.0
10:36,176.61,176.65,176.57,176.59,58261.0
10:37,176.52,176.6,176.52,176.6,13463.0
10:38,176.38,176.55,176.38,176.53,14847.0
10:39,176.34,176.38,176.32,176.38,11786.0
10:40,176.2,176.28,176.17,176.28,8061.0
10:41,176.2,176.29,176.16,176.22,11469.0
10:42,176.25,176.25,176.18,176.18,6336.0
10:43,176.26,176.27,176.22,176.23,6313.0
10:44,176.23,176.31,176.22,176.27,12350.0
10:45,176.4,176.4,176.23,176.24,15088.0
10:46,176.35,176.39,176.34,176.38,5008.0
10:47,176.39,176.43,176.35,176.35,16060.0
10:48,176.38,176.39,176.34,176.39,2822.0
10:49,176.48,176.48,176.38,176.39,8158.0
10:50,176.49,176.53,176.47,176.49,10885.0
10:51,176.64,176.64,176.5,176.5,6830.0
10:52,176.57,176.63,176.55,176.61,8400.0
10:53,176.47,176.55,176.47,176.55,4776.0
10:54,176.32,176.43,176.32,176.43,7366.0
10:55,176.42,176.45,176.35,176.36,8393.0
10:56,176.43,176.43,176.37,176.4,8922.0
10:57,176.5,176.5,176.45,176.45,2594.0
10:58,176.48,176.51,176.48,176.5,4785.0
10:59,176.49,176.52,176.46,176.46,5945.0
11:00,176.57,176.57,176.45,176.49,9269.0
11:01,176.59,176.62,176.55,176.59,9735.0
11:02,176.64,176.64,176.54,176.59,7285.0
11:03,176.68,176.68,176.64,176.64,5689.0
11:04,176.71,176.73,176.68,176.69,8698.0
11:05,176.7,176.71,176.68,176.71,4229.0
11:06,176.74,176.76,176.7,176.7,11060.0
11:07,176.8,176.84,176.74,176.76,5014.0
11:08,176.83,176.83,176.79,176.8,3906.0
11:09,176.87,176.89,176.83,176.83,6117.0
11:10,176.85,176.85,176.8,176.81,3950.0
11:11,176.91,176.91,176.86,176.86,5141.0
11:12,176.9,176.91,176.88,176.91,6799.0
11:13,176.97,176.99,176.9,176.9,5424.0
11:14,176.95,176.98,176.91,176.98,5600.0
11:15,177.0,177.02,176.96,176.96,9461.0
11:16,176.98,177.03,176.98,177.0,9063.0
11:17,177.01,177.01,176.96,176.97,4912.0
11:18,177.04,177.04,176.99,177.02,4270.0
11:19,177.05,177.07,177.02,177.04,5973.0
11:20,177.05,177.1,177.04,177.06,7105.0
11:21,176.99,177.03,176.99,177.03,6779.0
11:22,176.91,177.0,176.91,176.94,5426.0
11:23,176.93,176.93,176.9,176.9,5863.0
11:24,176.96,176.97,176.9,176.94,7433.0
11:25,176.96,176.99,176.94,176.97,4398.0
11:26,177.0,177.01,176.96,176.96,6885.0
11:27,177.0,177.01,176.97,176.99,7732.0
11:28,176.99,177.01,176.97,176.99,4629.0
11:29,176.95,177.02,176.93,177.0,17248.0
11:30,176.9,176.97,176.88,176.96,7794.0
11:31,176.98,176.98,176.87,176.91,7470.0
11:32,176.87,176.96,176.87,176.96,7058.0
11:33,176.85,176.87,176.85,176.86,6832.0
11:34,176.9,176.9,176.85,176.87,11748.0
11:35,176.91,176.93,176.89,176.91,6690.0
11:36,176.82,176.91,176.82,176.91,5092.0
11:37,176.84,176.84,176.79,176.83,19355.0
11:38,176.89,176.89,176.84,176.84,5769.0
11:39,176.87,176.9,176.87,176.88,4912.0
11:40,176.86,176.96,176.85,176.87,12074.0
11:41,176.83,176.88,176.83,176.87,4738.0
11:42,176.79,176.83,176.78,176.83,6122.0
11:43,176.8,176.82,176.77,176.82,5295.0
11:44,176.77,176.8,176.76,176.77,6256.0
11:45,176.76,176.79,176.75,176.78,4679.0
11:46,176.77,176.78,176.76,176.76,3946.0
11:47,176.74,176.77,176.74,176.76,7050.0
11:48,176.72,176.75,176.71,176.74,6804.0
11:49,176.71,176.72,176.69,176.71,4934.0
11:50,176.69,176.75,176.69,176.72,4819.0
11:51,176.75,176.76,176.73,176.73,2296.0
11:52,176.72,176.75,176.71,176.75,4707.0
11:53,176.71,176.73,176.71,176.73,2240.0
11:54,176.71,176.74,176.71,176.73,5077.0
11:55,176.68,176.7,176.65,176.7,3353.0
11:56,176.68,176.7,176.68,176.7,2487.0
11:57,176.71,176.71,176.68,176.7,6124.0
11:58,176.69,176.71,176.66,176.71,5128.0
11:59,176.7,176.71,176.68,176.69,3234.0
12:00,176.82,176.83,176.77,176.77,5234.0
12:01,176.76,176.82,176.76,176.82,7592.0
12:02,176.79,176.79,176.76,176.76,933.0
12:03,176.8,176.8,176.79,176.79,3694.0
12:04,176.81,176.81,176.71,176.79,8384.0
12:05,176.84,176.84,176.81,176.81,8503.0
12:06,176.81,176.84,176.8,176.82,3274.0
12:07,176.85,176.86,176.81,176.82,11863.0
12:08,176.84,176.84,176.81,176.84,6557.0
12:09,176.86,176.87,176.85,176.85,4563.0
12:10,176.85,176.86,176.84,176.84,2674.0
12:11,176.93,176.93,176.86,176.86,5154.0
12:12,176.98,176.98,176.95,176.95,3456.0
12:13,176.93,176.98,176.93,176.97,4833.0
12:14,176.98,176.99,176.93,176.93,3242.0
12:15,177.0,177.02,176.98,176.99,4707.0
12:16,176.99,177.01,176.99,177.0,2629.0
12:17,177.01,177.02,177.0,177.0,3743.0
12:18,177.05,177.07,177.0,177.0,5637.0
12:19,177.09,177.09,177.08,177.08,929.0
12:20,177.12,177.12,177.09,177.09,5279.0
12:21,177.1,177.12,177.1,177.12,3310.0
12:22,177.14,177.14,177.11,177.11,2335.0
12:23,177.13,177.13,177.09,177.13,6331.0
12:24,177.16,177.18,177.12,177.12,7150.0
12:25,177.17,177.19,177.16,177.18,11428.0
12:26,177.24,177.24,177.2,177.21,4191.0
12:27,177.27,177.29,177.21,177.25,12141.0
12:28,177.28,177.3,177.27,177.27,5403.0
12:29,177.29,177.29,177.26,177.26,4465.0
12:30,177.21,177.26,177.18,177.26,5785.0
12:31,177.12,177.19,177.12,177.18,6167.0
12:32,177.07,177.13,177.06,177.11,3507.0
12:33,177.04,177.07,177.04,177.05,2894.0
12:34,177.02,177.05,177.02,177.04,5436.0
12:35,177.07,177.07,177.01,177.01,4018.0
12:36,177.07,177.07,177.05,177.05,2721.0
12:37,177.07,177.08,177.07,177.08,19243.0
12:38,177.07,177.07,177.04,177.05,2658.0
12:39,177.18,177.18,177.07,177.07,18500.0
12:40,177.14,177.2,177.14,177.17,4756.0
12:41,177.09,177.13,177.09,177.13,1992.0
12:42,177.1,177.1,177.1,177.1,1678.0
12:43,177.03,177.03,177.02,177.02,2137.0
12:44,176.99,177.02,176.99,177.01,3640.0
12:45,177.01,177.01,176.97,176.97,3093.0
12:46,176.94,176.99,176.91,176.99,6220.0
12:47,176.93,176.93,176.9,176.91,3630.0
12:48,176.94,176.96,176.94,176.94,3517.0
12:49,176.98,176.98,176.95,176.96,1992.0
12:50,177.02,177.03,176.99,176.99,9000.0
12:51,176.98,177.04,176.97,177.04,3077.0
12:52,176.94,176.98,176.94,176.97,4192.0
12:53,176.97,177.0,176.92,176.92,2904.0
12:54,177.01,177.01,176.98,176.98,2690.0
12:55,177.0,177.02,177.0,177.02,3900.0
12:56,176.95,177.0,176.94,176.98,4180.0
12:57,176.93,176.96,176.91,176.96,4855.0
12:58,176.95,176.95,176.92,176.92,3250.0
12:59,176.98,176.98,176.94,176.94,2833.0
13:00,176.87,176.96,176.85,176.96,5411.0
13:01,176.92,176.92,176.88,176.88,4364.0
13:02,176.93,176.94,176.92,176.93,3032.0
13:03,176.98,176.98,176.92,176.93,4286.0
13:04,177.1,177.1,176.99,176.99,4493.0
13:05,177.1,177.1,177.06,177.1,3887.0
13:06,177.13,177.13,177.1,177.11,4348.0
13:07,177.14,177.14,177.13,177.13,4169.0
13:08,177.17,177.18,177.15,177.15,4631.0
13:09,177.15,177.17,177.14,177.17,3647.0
13:10,177.11,177.17,177.11,177.15,4019.0
13:11,177.15,177.16,177.12,177.12,6286.0
13:12,177.13,177.18,177.13,177.16,7560.0
13:13,177.2,177.2,177.16,177.16,3062.0
13:14,177.17,177.21,177.17,177.2,32471.0
13:15,177.21,177.23,177.19,177.19,4096.0
13:16,177.15,177.21,177.15,177.18,8207.0
13:17,177.21,177.21,177.15,177.15,6238.0
13:18,177.24,177.25,177.17,177.2,6399.0
13:19,177.24,177.27,177.24,177.27,2588.0
13:20,177.29,177.3,177.26,177.26,6698.0
13:21,177.23,177.3,177.21,177.29,5385.0
13:22,177.18,177.2,177.18,177.2,3935.0
13:23,177.15,177.18,177.14,177.18,4634.0
13:24,177.12,177.15,177.12,177.14,3078.0
13:25,177.13,177.15,177.12,177.12,3860.0
13:26,177.12,177.12,177.1,177.12,5609.0
13:27,177.15,177.17,177.11,177.11,3063.0
13:28,177.14,177.15,177.13,177.15,3929.0
13:29,177.12,177.15,177.12,177.14,3515.0
13:30,177.15,177.15,177.12,177.12,5276.0
13:31,177.12,177.14,177.1,177.13,3346.0
13:32,177.14,177.14,177.11,177.11,3564.0
13:33,177.18,177.19,177.14,177.14,5299.0
13:34,177.15,177.17,177.14,177.17,4240.0
13:35,177.19,177.19,177.13,177.15,6678.0
13:36,177.17,177.2,177.17,177.2,5492.0
13:37,177.13,177.19,177.13,177.17,6965.0
13:38,177.09,177.13,177.09,177.13,2747.0
13:39,177.11,177.11,177.09,177.1,3943.0
13:40,177.11,177.11,177.09,177.09,3153.0
13:41,177.07,177.11,177.06,177.11,5849.0
13:42,177.04,177.05,177.02,177.04,4602.0
13:43,177.02,177.05,177.02,177.04,3564.0
13:44,177.03,177.03,177.0,177.01,6391.0
13:45,176.99,177.01,176.99,177.01,4068.0
13:46,176.99,176.99,176.96,176.98,3401.0
13:47,176.99,177.01,176.97,176.97,2589.0
13:48,176.99,176.99,176.97,176.99,7486.0
13:49,177.01,177.01,176.99,176.99,6518.0
13:50,176.97,176.99,176.96,176.98,3055.0
13:51,176.95,176.99,176.94,176.98,4212.0
13:52,176.99,176.99,176.95,176.95,3632.0
13:53,176.98,177.01,176.98,176.99,4078.0
13:54,176.96,176.99,176.96,176.98,3057.0
13:55,176.94,176.97,176.93,176.97,4161.0
13:56,176.96,176.96,176.94,176.94,2548.0
13:57,176.96,176.98,176.95,176.95,4319.0
13:58,176.95,176.98,176.94,176.97,3388.0
13:59,176.85,176.96,176.82,176.94,37010.0
14:00,176.84,176.88,176.81,176.84,7984.0
14:01,176.85,176.86,176.84,176.85,6269.0
14:02,176.85,176.9,176.83,176.86,13468.0
14:03,176.83,176.88,176.83,176.86,5172.0
14:04,176.82,176.85,176.81,176.85,7158.0
14:05,176.84,176.84,176.8,176.83,7602.0
14:06,176.85,176.88,176.82,176.84,4341.0
14:07,176.85,176.85,176.82,176.85,1941.0
14:08,176.86,176.87,176.85,176.85,1818.0
14:09,176.82,176.85,176.82,176.85,2360.0
14:10,176.8,176.82,176.8,176.81,3555.0
14:11,176.81,176.81,176.8,176.81,2723.0
14:12,176.82,176.82,176.79,176.8,2834.0
14:13,176.82,176.84,176.82,176.83,4112.0
14:14,176.85,176.88,176.82,176.83,8025.0
14:15,176.79,176.84,176.78,176.82,6323.0
14:16,176.8,176.82,176.77,176.77,2356.0
14:17,176.82,176.82,176.79,176.79,2895.0
14:18,176.8,176.83,176.79,176.83,3897.0
14:19,176.76,176.8,176.75,176.79,10447.0
14:20,176.74,176.76,176.71,176.76,8997.0
14:21,176.79,176.79,176.74,176.74,7157.0
14:22,176.82,176.84,176.79,176.79,8063.0
14:23,176.93,176.93,176.83,176.83,6066.0
14:24,176.95,176.96,176.93,176.93,6599.0
14:25,176.98,176.98,176.94,176.94,5400.0
14:26,176.99,176.99,176.97,176.97,3187.0
14:27,177.04,177.04,177.0,177.0,6660.0
14:28,177.03,177.04,177.01,177.03,6532.0
14:29,177.0,177.02,177.0,177.02,8596.0
14:30,176.98,177.0,176.97,177.0,7921.0
14:31,176.94,176.98,176.92,176.98,11919.0
14:32,176.91,176.95,176.9,176.95,6895.0
14:33,176.93,176.94,176.92,176.92,6611.0
14:34,176.91,176.93,176.91,176.91,2348.0
14:35,176.92,176.93,176.91,176.91,2981.0
14:36,176.93,176.93,176.92,176.93,4314.0
14:37,176.9,176.93,176.9,176.93,7172.0
14:38,176.91,176.92,176.91,176.91,4488.0
14:39,176.9,176.92,176.9,176.91,6917.0
14:40,176.92,176.93,176.9,176.9,5916.0
14:41,176.93,176.94,176.92,176.92,5096.0
14:42,176.94,176.95,176.93,176.93,2810.0
14:43,176.97,176.97,176.94,176.94,3290.0
14:44,176.99,176.99,176.96,176.96,3735.0
14:45,177.0,177.03,176.99,176.99,4518.0
14:46,176.92,177.0,176.91,177.0,6298.0
14:47,176.94,176.94,176.92,176.92,4149.0
14:48,176.9,176.94,176.9,176.93,3915.0
14:49,176.88,176.89,176.88,176.89,2528.0
14:50,176.88,176.89,176.88,176.88,1739.0
14:51,176.86,176.88,176.86,176.88,2303.0
14:52,176.86,176.89,176.86,176.86,5524.0
14:53,176.86,176.87,176.81,176.85,7932.0
14:54,176.88,176.88,176.86,176.87,4015.0
14:55,176.79,176.87,176.79,176.87,8367.0
14:56,176.8,176.81,176.77,176.78,8856.0
14:57,176.83,176.85,176.81,176.81,3657.0
14:58,176.81,176.82,176.8,176.82,3780.0
14:59,176.83,176.84,176.81,176.82,6410.0
15:00,176.86,176.89,176.84,176.84,6081.0
15:01,176.85,176.88,176.85,176.86,4973.0
15:02,176.87,176.87,176.85,176.86,3701.0
15:03,176.89,176.9,176.87,176.87,10160.0
15:04,176.9,176.91,176.89,176.89,5303.0
15:05,176.91,176.91,176.89,176.9,6395.0
15:06,176.9,176.94,176.9,176.92,5525.0
15:07,176.95,176.96,176.9,176.9,4764.0
15:08,176.9,176.95,176.9,176.94,7107.0
15:09,176.92,176.92,176.86,176.9,8614.0
15:10,176.87,176.93,176.87,176.93,6787.0
15:11,176.91,176.91,176.87,176.88,5687.0
15:12,176.91,176.93,176.89,176.91,9325.0
15:13,176.82,176.92,176.82,176.92,11379.0
15:14,176.9,176.9,176.82,176.83,18226.0
15:15,176.91,176.94,176.89,176.9,10153.0
15:16,176.94,176.96,176.92,176.92,6876.0
15:17,176.95,176.99,176.94,176.96,14958.0
15:18,176.92,176.95,176.91,176.95,7010.0
15:19,176.86,176.93,176.86,176.92,12783.0
15:20,176.83,176.86,176.83,176.84,5686.0
15:21,176.79,176.85,176.78,176.82,15429.0
15:22,176.83,176.85,176.77,176.79,17531.0
15:23,176.84,176.84,176.81,176.83,6016.0
15:24,176.84,176.85,176.83,176.84,6918.0
15:25,176.87,176.88,176.82,176.84,8799.0
15:26,176.87,176.88,176.86,176.88,6697.0
15:27,176.85,176.88,176.85,176.86,7716.0
15:28,176.89,176.9,176.85,176.86,11524.0
15:29,176.88,176.9,176.88,176.88,9578.0
15:30,176.91,176.92,176.88,176.88,7700.0
15:31,176.88,176.92,176.88,176.9,6902.0
15:32,176.82,176.89,176.82,176.88,9168.0
15:33,176.84,176.84,176.82,176.82,7768.0
15:34,176.82,176.85,176.82,176.83,11385.0
15:35,176.84,176.84,176.82,176.84,5718.0
15:36,176.81,176.84,176.79,176.84,10559.0
15:37,176.84,176.85,176.81,176.83,11413.0
15:38,176.82,176.85,176.8,176.83,13559.0
15:39,176.81,176.85,176.8,176.84,14393.0
15:40,176.85,176.85,176.81,176.82,13022.0
15:41,176.85,176.85,176.83,176.85,11057.0
15:42,176.89,176.89,176.85,176.85,15895.0
15:43,176.85,176.89,176.83,176.89,18987.0
15:44,176.87,176.88,176.84,176.84,14146.0
15:45,176.83,176.88,176.83,176.87,21841.0
15:46,176.88,176.9,176.87,176.89,16963.0
15:47,176.83,176.89,176.83,176.88,11205.0
15:48,176.8,176.84,176.8,176.8,10111.0
15:49,176.82,176.82,176.79,176.81,17974.0
15:50,176.93,177.0,176.82,176.83,27456.0
15:51,176.99,177.01,176.94,176.94,17169.0
15:52,176.98,177.05,176.97,176.99,15052.0
15:53,176.98,176.99,176.94,176.98,16211.0
15:54,176.89,176.98,176.87,176.98,24374.0
15:55,176.87,176.9,176.83,176.9,38142.0
15:56,176.88,176.89,176.86,176.88,28647.0
15:57,176.79,176.88,176.78,176.88,62922.0
15:58,176.67,176.8,176.64,176.79,88961.0
15:59,176.68,176.77,176.58,176.68,155223.0
