Time,Close,High,Low,Open,Volume
09:30,175.88,176.49,175.88,176.37,1128252.0
09:31,175.42,175.91,175.4,175.91,17863.0
09:32,175.37,175.66,175.36,175.66,27894.0
09:33,175.32,175.41,175.32,175.41,37924.0
09:34,175.35,175.43,175.23,175.31,42592.0
09:35,175.21,175.33,175.11,175.28,20438.0
09:36,175.13,175.19,175.02,175.12,13664.0
09:37,174.84,175.09,174.82,175.07,33837.0
09:38,174.87,174.98,174.76,174.84,13116.0
09:39,174.89,174.97,174.81,174.88,10294.0
09:40,174.87,174.92,174.83,174.92,8850.0
09:41,174.86,175.06,174.85,174.9,11545.0
09:42,174.88,174.96,174.83,174.92,10813.0
09:43,174.66,174.88,174.63,174.84,18354.0
09:44,174.85,174.98,174.74,174.74,18714.0
09:45,175.09,175.12,174.85,174.89,11821.0
09:46,174.96,175.1,174.89,175.07,9001.0
09:47,175.07,175.12,174.95,174.95,9375.0
09:48,175.23,175.26,175.14,175.14,8469.0
09:49,175.26,175.26,175.18,175.21,32799.0
09:50,175.35,175.36,175.2,175.26,14500.0
09:51,175.47,175.49,175.23,175.36,9732.0
09:52,175.54,175.57,175.46,175.46,12039.0
09:53,175.62,175.67,175.54,175.59,12694.0
09:54,175.6,175.67,175.49,175.59,13761.0
09:55,175.59,175.61,175.52,175.58,6139.0
09:56,175.66,175.67,175.57,175.59,5420.0
09:57,175.69,175.84,175.69,175.7,10330.0
09:58,175.79,175.79,175.77,175.79,1496.0
09:59,175.68,175.77,175.65,175.76,8407.0
10:00,175.74,175.74,175.65,175.68,9096.0
10:01,175.5,175.69,175.47,175.69,16322.0
10:02,175.45,175.52,175.41,175.46,10756.0
10:03,175.21,175.43,175.18,175.4,11312.0
10:04,175.2,175.27,175.16,175.22,9584.0
10:05,175.18,175.2,175.14,175.2,4647.0
10:06,175.12,175.23,175.06,175.18,12991.0
10:07,175.06,175.19,175.06,175.11,6103.0
10:08,175.12,175.18,175.01,175.07,14667.0
10:09,175.21,175.22,175.07,175.13,62503.0
10:10,175.11,175.19,175.09,175.18,14234.0
10:11,175.26,175.26,175.09,175.09,6863.0
10:12,175.12,175.27,175.11,175.27,11195.0
10:13,174.89,175.08,174.89,175.08,12762.0
10:14,174.85,174.91,174.84,174.91,8530.0
10:15,175.05,175.05,174.85,174.85,10725.0
10:16,175.05,175.07,175.01,175.05,5824.0
10:17,175.15,175.15,175.03,175.06,12557.0
10:18,175.03,175.15,175.03,175.15,7109.0
10:19,175.18,175.18,175.03,175.03,8255.0
10:20,175.18,175.2,175.12,175.16,11357.0
10:21,175.07,175.17,175.01,175.17,12803.0
10:22,175.12,175.17,175.04,175.07,1.0
10:23,175.11,175.11,175.0,175.09,6350.0
10:24,175.05,175.11,175.05,175.1,5254.0
10:25,175.18,175.19,175.06,175.08,4499.0
10:26,175.25,175.29,175.19,175.22,10892.0
10:27,175.28,175.34,175.26,175.26,6380.0
10:28,175.37,175.39,175.25,175.27,6205.0
10:29,175.46,175.48,175.43,175.43,4830.0
10:30,175.4,175.49,175.34,175.46,6698.0
10:31,175.46,175.5,175.42,175.42,6194.0
10:32,175.41,175.46,175.4,175.44,7182.0
10:33,175.4,175.43,175.36,175.43,3381.0
10:34,175.4,175.46,175.36,175.42,7100.0
10:35,175.35,175.42,175.33,175.42,6261.0
10:36,175.38,175.39,175.32,175.34,9904.0
10:37,175.4,175.41,175.35,175.38,6047.0
10:38,175.17,175.4,175.17,175.37,16528.0
10:39,175.33,175.33,175.17,175.18,4967.0
10:40,175.34,175.34,175.25,175.31,8420.0
10:41,175.45,175.46,175.35,175.35,4097.0
10:42,175.46,175.51,175.45,175.48,5177.0
10:43,175.5,175.52,175.42,175.44,4596.0
10:44,175.51,175.54,175.49,175.49,7596.0
10:45,175.44,175.51,175.44,175.51,7851.0
10:46,175.53,175.53,175.49,175.49,4717.0
10:47,175.51,175.54,175.45,175.53,8109.0
10:48,175.52,175.54,175.48,175.49,2809.0
10:49,175.5,175.54,175.46,175.49,4885.0
10:50,175.4,175.49,175.38,175.49,5515.0
10:51,175.58,175.58,175.4,175.4,5367.0
10:52,175.57,175.6,175.53,175.59,6749.0
10:53,175.64,175.64,175.54,175.57,2251.0
10:54,175.62,175.64,175.61,175.64,4639.0
10:55,175.62,175.67,175.6,175.62,5358.0
10:56,175.62,175.65,175.6,175.65,3812.0
10:57,175.6,175.67,175.58,175.63,8070.0
10:58,175.61,175.61,175.54,175.54,6052.0
10:59,175.52,175.61,175.52,175.59,5212.0
11:00,175.54,175.54,175.51,175.52,4230.0
11:01,175.55,175.61,175.53,175.61,4974.0
11:02,175.49,175.55,175.49,175.54,5408.0
11:03,175.61,175.61,175.51,175.51,3690.0
11:04,175.47,175.63,175.47,175.59,6472.0
11:05,175.54,175.54,175.46,175.5,3205.0
11:06,175.59,175.62,175.57,175.62,4419.0
11:07,175.54,175.62,175.54,175.62,4378.0
11:08,175.48,175.52,175.46,175.52,4142.0
11:09,175.44,175.49,175.43,175.48,5807.0
11:10,175.51,175.51,175.44,175.45,3718.0
11:11,175.46,175.47,175.4,175.47,12290.0
11:12,175.5,175.5,175.44,175.47,3270.0
11:13,175.44,175.47,175.44,175.47,2443.0
11:14,175.52,175.56,175.48,175.48,5586.0
11:15,175.53,175.55,175.51,175.52,4213.0
11:16,175.46,175.53,175.46,175.53,4661.0
11:17,175.46,175.49,175.4,175.46,8950.0
11:18,175.48,175.51,175.45,175.45,3538.0
11:19,175.49,175.49,175.46,175.47,5180.0
11:20,175.47,175.54,175.47,175.5,5297.0
11:21,175.44,175.49,175.44,175.49,3922.0
11:22,175.35,175.43,175.35,175.43,4367.0
11:23,175.38,175.41,175.36,175.37,5834.0
11:24,175.4,175.4,175.37,175.37,3300.0
11:25,175.55,175.58,175.41,175.41,5211.0
11:26,175.62,175.62,175.55,175.55,8731.0
11:27,175.56,175.63,175.55,175.6,5917.0
11:28,175.49,175.58,175.47,175.58,6913.0
11:29,175.55,175.56,175.5,175.51,2678.0
11:30,175.46,175.55,175.46,175.54,7666.0
11:31,175.41,175.48,175.38,175.47,5917.0
11:32,175.34,175.42,175.34,175.42,2706.0
11:33,175.34,175.35,175.29,175.33,3243.0
11:34,175.37,175.38,175.33,175.36,3676.0
11:35,175.4,175.42,175.33,175.36,3853.0
11:36,175.45,175.45,175.39,175.39,4684.0
11:37,175.41,175.43,175.38,175.43,2934.0
11:38,175.42,175.42,175.34,175.39,5539.0
11:39,175.39,175.43,175.37,175.42,3656.0
11:40,175.34,175.41,175.31,175.41,2362.0
11:41,175.37,175.37,175.31,175.33,4851.0
11:42,175.4,175.45,175.4,175.43,1923.0
11:43,175.47,175.48,175.41,175.41,4204.0
11:44,175.48,175.51,175.45,175.5,4783.0
11:45,175.51,175.52,175.46,175.52,3356.0
11:46,175.53,175.55,175.51,175.52,2506.0
11:47,175.48,175.51,175.46,175.51,2347.0
11:48,175.44,175.45,175.41,175.45,2440.0
11:49,175.45,175.45,175.42,175.42,2045.0
11:50,175.4,175.44,175.4,175.44,2845.0
11:51,175.44,175.45,175.37,175.38,4507.0
11:52,175.5,175.5,175.46,175.46,2813.0
11:53,175.52,175.52,175.47,175.48,8218.0
11:54,175.53,175.56,175.52,175.54,4659.0
11:55,175.48,175.53,175.48,175.52,2984.0
11:56,175.5,175.5,175.46,175.48,5312.0
11:57,175.52,175.53,175.5,175.5,2454.0
11:58,175.51,175.51,175.48,175.5,3754.0
11:59,175.54,175.56,175.49,175.49,4934.0
12:00,175.57,175.57,175.53,175.54,4579.0
12:01,175.59,175.61,175.57,175.57,7560.0
12:02,175.56,175.63,175.56,175.6,6600.0
12:03,175.55,175.56,175.53,175.55,2965.0
12:04,175.61,175.61,175.55,175.55,3494.0
12:05,175.66,175.68,175.6,175.6,4234.0
12:06,175.62,175.65,175.57,175.65,4635.0
12:07,175.58,175.6,175.58,175.6,2385.0
12:08,175.65,175.65,175.6,175.6,2661.0
12:09,175.62,175.65,175.62,175.64,4545.0
12:10,175.62,175.65,175.62,175.63,1951.0
12:11,175.62,175.65,175.62,175.63,3559.0
12:12,175.62,175.63,175.6,175.63,4808.0
12:13,175.56,175.6,175.56,175.6,3164.0
12:14,175.6,175.6,175.54,175.56,3883.0
12:15,175.56,175.61,175.56,175.6,2283.0
12:16,175.57,175.59,175.55,175.55,3880.0
12:17,175.46,175.54,175.44,175.54,4614.0
12:18,175.41,175.47,175.41,175.46,4006.0
12:19,175.41,175.42,175.4,175.41,4536.0
12:20,175.43,175.44,175.41,175.41,2533.0
12:21,175.42,175.44,175.41,175.42,3241.0
12:22,175.44,175.47,175.41,175.41,9490.0
12:23,175.37,175.43,175.37,175.43,2340.0
12:24,175.37,175.38,175.37,175.38,1197.0
12:25,175.37,175.37,175.36,175.37,3601.0
12:26,175.38,175.4,175.38,175.39,3212.0
12:27,175.44,175.44,175.39,175.4,3776.0
12:28,175.47,175.49,175.41,175.43,10004.0
12:29,175.47,175.49,175.45,175.46,3509.0
12:30,175.54,175.55,175.48,175.49,2931.0
12:31,175.54,175.58,175.52,175.53,4153.0
12:32,175.54,175.57,175.49,175.54,3471.0
12:33,175.51,175.55,175.51,175.54,3202.0
12:34,175.52,175.53,175.51,175.52,1478.0
12:35,175.51,175.53,175.51,175.52,3057.0
12:36,175.55,175.55,175.52,175.52,2621.0
12:37,175.54,175.56,175.54,175.54,1350.0
12:38,175.52,175.54,175.5,175.53,3425.0
12:39,175.52,175.53,175.46,175.53,4465.0
12:40,175.53,175.53,175.5,175.51,2093.0
12:41,175.53,175.54,175.53,175.54,1717.0
12:42,175.46,175.52,175.46,175.52,2348.0
12:43,175.49,175.5,175.46,175.46,2308.0
12:44,175.47,175.51,175.46,175.51,2123.0
12:45,175.48,175.48,175.46,175.46,4088.0
12:46,175.5,175.5,175.46,175.47,3014.0
12:47,175.46,175.52,175.46,175.5,4017.0
12:48,175.48,175.48,175.43,175.47,6362.0
12:49,175.48,175.51,175.46,175.48,5024.0
12:50,175.48,175.51,175.48,175.49,3510.0
12:51,175.52,175.52,175.48,175.48,4095.0
12:52,175.51,175.54,175.51,175.54,4582.0
12:53,175.5,175.51,175.5,175.5,2066.0
12:54,175.48,175.51,175.47,175.49,3223.0
12:55,175.4,175.47,175.38,175.47,4053.0
12:56,175.39,175.4,175.39,175.4,2700.0
12:57,175.45,175.45,175.39,175.4,3335.0
12:58,175.41,175.44,175.41,175.44,4190.0
12:59,175.38,175.41,175.36,175.41,12108.0
13:00,175.37,175.39,175.36,175.39,11365.0
13:01,175.41,175.41,175.36,175.37,2677.0
13:02,175.42,175.44,175.4,175.41,3083.0
13:03,175.49,175.5,175.45,175.45,3728.0
13:04,175.52,175.52,175.47,175.52,4403.0
13:05,175.55,175.56,175.52,175.53,4978.0
13:06,175.59,175.59,175.55,175.56,3691.0
13:07,175.62,175.62,175.57,175.57,3690.0
13:08,175.65,175.65,175.62,175.64,4396.0
13:09,175.62,175.66,175.6,175.63,4986.0
13:10,175.62,175.63,175.58,175.63,3856.0
13:11,175.62,175.63,175.61,175.63,3317.0
13:12,175.65,175.65,175.56,175.6,4387.0
13:13,175.6,175.64,175.59,175.63,1902.0
13:14,175.58,175.62,175.58,175.59,3315.0
13:15,175.57,175.57,175.55,175.55,2442.0
13:16,175.54,175.55,175.54,175.54,875.0
13:17,175.55,175.56,175.52,175.54,2858.0
13:18,175.52,175.56,175.52,175.56,3000.0
13:19,175.54,175.55,175.53,175.53,3265.0
13:20,175.56,175.58,175.53,175.53,2463.0
13:21,175.54,175.55,175.53,175.55,1495.0
13:22,175.5,175.53,175.49,175.53,3022.0
13:23,175.57,175.57,175.5,175.5,2859.0
13:24,175.57,175.59,175.55,175.57,3079.0
13:25,175.56,175.59,175.56,175.56,3326.0
13:26,175.6,175.6,175.54,175.55,2367.0
13:27,175.54,175.6,175.52,175.6,6058.0
13:28,175.55,175.57,175.53,175.54,4348.0
13:29,175.53,175.55,175.53,175.54,2183.0
13:30,175.63,175.63,175.52,175.52,5620.0
13:31,175.59,175.62,175.58,175.62,3951.0
13:32,175.57,175.58,175.54,175.56,8906.0
13:33,175.56,175.59,175.56,175.56,6928.0
13:34,175.51,175.55,175.49,175.55,4730.0
13:35,175.52,175.52,175.49,175.5,3042.0
13:36,175.54,175.54,175.51,175.51,6384.0
13:37,175.57,175.58,175.53,175.54,3280.0
13:38,175.59,175.59,175.54,175.57,12941.0
13:39,175.63,175.63,175.58,175.58,3223.0
13:40,175.7,175.71,175.64,175.64,5850.0
13:41,175.69,175.72,175.69,175.7,3055.0
13:42,175.71,175.72,175.69,175.7,3182.0
13:43,175.7,175.71,175.67,175.69,3574.0
13:44,175.68,175.7,175.68,175.7,1952.0
13:45,175.67,175.69,175.67,175.68,3461.0
13:46,175.72,175.72,175.66,175.66,2757.0
13:47,175.76,175.76,175.74,175.75,3753.0
13:48,175.76,175.79,175.75,175.78,2722.0
13:49,175.75,175.75,175.72,175.74,3386.0
13:50,175.67,175.75,175.64,175.74,6897.0
13:51,175.64,175.66,175.62,175.65,4802.0
13:52,175.66,175.66,175.62,175.63,4533.0
13:53,175.66,175.66,175.65,175.66,2306.0
13:54,175.65,175.67,175.65,175.65,4125.0
13:55,175.7,175.7,175.62,175.64,6480.0
13:56,175.72,175.72,175.69,175.69,2014.0
13:57,175.73,175.73,175.7,175.71,3886.0
13:58,175.74,175.74,175.72,175.73,3187.0
13:59,175.71,175.76,175.71,175.74,6277.0
14:00,175.7,175.72,175.7,175.71,7596.0
14:01,175.62,175.68,175.61,175.68,4546.0
14:02,175.57,175.62,175.54,175.62,9033.0
14:03,175.55,175.6,175.55,175.57,7065.0
14:04,175.52,175.54,175.5,175.54,4157.0
14:05,175.54,175.55,175.51,175.52,5014.0
14:06,175.49,175.53,175.48,175.52,14583.0
14:07,175.45,175.5,175.42,175.5,7919.0
14:08,175.5,175.5,175.43,175.43,7621.0
14:09,175.53,175.53,175.49,175.5,8788.0
14:10,175.51,175.54,175.51,175.53,3739.0
14:11,175.51,175.53,175.48,175.52,15536.0
14:12,175.54,175.54,175.51,175.53,4007.0
14:13,175.5,175.56,175.5,175.54,4267.0
14:14,175.49,175.49,175.42,175.49,12532.0
14:15,175.53,175.53,175.49,175.49,5201.0
14:16,175.57,175.57,175.51,175.52,3517.0
14:17,175.62,175.62,175.57,175.57,5096.0
14:18,175.59,175.65,175.59,175.62,7371.0
14:19,175.61,175.61,175.59,175.6,2950.0
14:20,175.6,175.61,175.6,175.61,3737.0
14:21,175.61,175.65,175.61,175.62,3707.0
14:22,175.68,175.68,175.63,175.63,4105.0
14:23,175.62,175.67,175.62,175.67,4507.0
14:24,175.6,175.63,175.6,175.63,6345.0
14:25,175.67,175.7,175.6,175.6,8699.0
14:26,175.65,175.67,175.64,175.67,5666.0
14:27,175.6,175.66,175.6,175.65,7148.0
14:28,175.59,175.6,175.59,175.6,1821.0
14:29,175.57,175.6,175.57,175.6,10306.0
14:30,175.52,175.58,175.51,175.58,5055.0
14:31,175.51,175.57,175.51,175.52,12644.0
14:32,175.53,175.53,175.5,175.5,3141.0
14:33,175.53,175.54,175.52,175.53,3077.0
14:34,175.57,175.59,175.53,175.53,3877.0
14:35,175.63,175.64,175.56,175.56,6298.0
14:36,175.66,175.66,175.62,175.63,6098.0
14:37,175.67,175.68,175.65,175.65,5629.0
14:38,175.68,175.69,175.64,175.67,7097.0
14:39,175.71,175.72,175.68,175.68,4656.0
14:40,175.73,175.74,175.71,175.74,4800.0
14:41,175.69,175.74,175.67,175.74,21912.0
14:42,175.68,175.68,175.66,175.67,4813.0
14:43,175.67,175.7,175.66,175.69,8472.0
14:44,175.67,175.67,175.66,175.67,5322.0
14:45,175.7,175.7,175.65,175.66,3467.0
14:46,175.67,175.71,175.67,175.71,5718.0
14:47,175.65,175.67,175.65,175.67,6600.0
14:48,175.62,175.65,175.62,175.65,8203.0
14:49,175.65,175.66,175.62,175.62,6635.0
14:50,175.62,175.65,175.62,175.65,9175.0
14:51,175.74,175.74,175.63,175.63,9377.0
14:52,175.77,175.77,175.73,175.75,4915.0
14:53,175.76,175.77,175.74,175.77,7336.0
14:54,175.71,175.75,175.71,175.75,5479.0
14:55,175.65,175.71,175.63,175.71,9407.0
14:56,175.65,175.65,175.63,175.64,5375.0
14:57,175.67,175.68,175.64,175.64,7505.0
14:58,175.68,175.7,175.64,175.67,10983.0
14:59,175.67,175.69,175.66,175.69,3181.0
15:00,175.72,175.72,175.65,175.67,7090.0
15:01,175.68,175.74,175.68,175.72,4237.0
15:02,175.74,175.74,175.68,175.69,4508.0
15:03,175.75,175.76,175.73,175.74,6650.0
15:04,175.75,175.76,175.74,175.74,3861.0
15:05,175.7,175.74,175.68,175.74,8274.0
15:06,175.7,175.71,175.66,175.69,7674.0
15:07,175.71,175.71,175.69,175.69,4025.0
15:08,175.76,175.76,175.69,175.73,10204.0
15:09,175.73,175.77,175.73,175.77,27033.0
15:10,175.7,175.72,175.69,175.72,7611.0
15:11,175.76,175.76,175.71,175.71,6623.0
15:12,175.81,175.83,175.77,175.77,7958.0
15:13,175.79,175.8,175.79,175.8,3474.0
15:14,175.87,175.88,175.79,175.79,8384.0
15:15,175.86,175.88,175.85,175.87,7183.0
15:16,175.89,175.9,175.87,175.87,8352.0
15:17,175.86,175.91,175.85,175.9,13504.0
15:18,175.87,175.88,175.87,175.87,5133.0
15:19,175.91,175.91,175.87,175.87,4013.0
15:20,175.91,175.96,175.9,175.91,23588.0
15:21,175.95,175.96,175.92,175.92,4537.0
15:22,175.96,175.96,175.93,175.94,3882.0
15:23,175.99,176.02,175.96,175.96,10425.0
15:24,175.99,176.0,175.95,176.0,8961.0
15:25,175.95,176.01,175.95,175.99,7402.0
15:26,175.95,175.97,175.9,175.95,15954.0
15:27,175.96,175.98,175.95,175.95,6820.0
15:28,175.95,175.98,175.95,175.96,7107.0
15:29,175.97,176.0,175.94,175.97,13535.0
15:30,175.9,175.96,175.89,175.96,15255.0
15:31,175.89,175.93,175.87,175.9,12827.0
15:32,175.89,175.91,175.87,175.89,8892.0
15:33,175.86,175.89,175.85,175.89,10370.0
15:34,175.82,175.84,175.77,175.84,12305.0
15:35,175.79,175.84,175.77,175.84,14433.0
15:36,175.77,175.79,175.76,175.78,11864.0
15:37,175.73,175.77,175.73,175.77,15365.0
15:38,175.75,175.75,175.71,175.72,9549.0
15:39,175.73,175.75,175.71,175.74,14193.0
15:40,175.73,175.75,175.69,175.71,16458.0
15:41,175.68,175.73,175.68,175.73,18371.0
15:42,175.69,175.71,175.69,175.69,11548.0
15:43,175.66,175.69,175.64,175.68,13043.0
15:44,175.61,175.68,175.61,175.66,12375.0
15:45,175.68,175.68,175.61,175.62,12705.0
15:46,175.68,175.73,175.66,175.68,17150.0
15:47,175.64,175.7,175.62,175.68,15203.0
15:48,175.58,175.64,175.58,175.64,15952.0
15:49,175.52,175.57,175.44,175.57,19804.0
15:50,175.52,175.62,175.44,175.5,38997.0
15:51,175.43,175.52,175.35,175.51,43146.0
15:52,175.37,175.43,175.36,175.43,27562.0
15:53,175.44,175.46,175.39,175.4,23574.0
15:54,175.46,175.47,175.42,175.46,31470.0
15:55,175.66,175.77,175.46,175.46,58509.0
15:56,175.6,175.67,175.6,175.66,43752.0
15:57,175.6,175.62,175.57,175.6,62659.0
15:58,175.54,175.63,175.49,175.6,137719.0
15:59,175.43,175.56,175.27,175.54,264343.0
