Time,Close,High,Low,Open,Volume
09:30,176.89,176.9,176.1,176.5,150502.0
09:31,177.02,177.09,176.86,176.92,54719.0
09:32,176.92,177.1,176.91,177.07,10192.0
09:33,176.36,176.92,176.22,176.92,46236.0
09:34,176.4,176.4,176.29,176.34,7141.0
09:35,176.7,176.73,176.43,176.43,9857.0
09:36,176.92,177.07,176.68,176.74,17101.0
09:37,176.87,176.91,176.76,176.88,7790.0
09:38,176.72,176.85,176.67,176.85,8917.0
09:39,176.93,176.93,176.63,176.72,11207.0
09:40,177.03,177.03,176.91,176.93,13177.0
09:41,176.92,177.0,176.89,176.94,19350.0
09:42,176.8,176.97,176.71,176.97,14799.0
09:43,177.12,177.14,176.8,176.81,15525.0
09:44,177.14,177.23,177.13,177.15,15257.0
09:45,177.02,177.2,177.0,177.17,11984.0
09:46,177.12,177.2,177.01,177.04,15605.0
09:47,177.12,177.17,177.11,177.14,4546.0
09:48,177.19,177.21,177.08,177.08,12415.0
09:49,177.02,177.21,176.96,177.19,18657.0
09:50,177.07,177.17,177.03,177.05,12585.0
09:51,177.14,177.14,177.07,177.08,12164.0
09:52,177.12,177.17,177.01,177.14,7800.0
09:53,177.04,177.14,177.04,177.09,8986.0
09:54,177.03,177.05,176.99,177.02,8507.0
09:55,177.07,177.14,177.03,177.13,11887.0
09:56,177.07,177.1,177.04,177.08,4740.0
09:57,177.13,177.15,177.02,177.1,9702.0
09:58,177.19,177.2,177.06,177.09,14975.0
09:59,177.18,177.2,177.15,177.2,17046.0
10:00,177.11,177.15,177.08,177.11,12811.0
10:01,177.07,177.14,177.0,177.11,16925.0
10:02,177.08,177.16,177.06,177.1,15139.0
10:03,177.07,177.08,177.04,177.07,9610.0
10:04,176.96,177.05,176.94,177.05,13264.0
10:05,177.04,177.1,176.98,176.98,21668.0
10:06,177.03,177.06,176.95,177.03,8285.0
10:07,176.96,177.08,176.96,177.03,15327.0
10:08,177.02,177.02,176.89,176.98,7199.0
10:09,177.04,177.06,176.94,177.02,13528.0
10:10,177.12,177.15,177.03,177.04,18306.0
10:11,177.14,177.14,177.09,177.12,7266.0
10:12,177.12,177.16,177.09,177.12,27708.0
10:13,177.14,177.15,177.11,177.13,6662.0
10:14,177.04,177.13,177.02,177.13,14744.0
10:15,177.02,177.12,177.0,177.05,15477.0
10:16,177.01,177.04,176.9,176.9,7615.0
10:17,177.01,177.03,177.0,177.02,8874.0
10:18,176.98,177.01,176.93,177.0,10701.0
10:19,177.03,177.04,176.98,176.98,12432.0
10:20,177.02,177.05,177.01,177.03,11131.0
10:21,177.0,177.01,176.95,177.01,10965.0
10:22,177.01,177.03,176.97,176.99,6417.0
10:23,177.05,177.09,177.01,177.01,9180.0
10:24,176.98,177.04,176.98,177.04,5407.0
10:25,176.99,177.04,176.94,176.98,7761.0
10:26,177.03,177.04,176.98,176.99,5348.0
10:27,177.08,177.11,177.02,177.02,10043.0
10:28,177.03,177.09,176.97,177.09,19329.0
10:29,176.97,177.03,176.96,177.03,12638.0
10:30,177.06,177.1,176.97,176.97,10832.0
10:31,177.15,177.18,177.06,177.07,10098.0
10:32,177.18,177.18,177.12,177.14,9593.0
10:33,177.17,177.22,177.16,177.19,12876.0
10:34,177.25,177.26,177.17,177.18,12899.0
10:35,177.24,177.25,177.19,177.25,15230.0
10:36,177.36,177.37,177.22,177.23,18753.0
10:37,177.37,177.38,177.33,177.38,8893.0
10:38,177.38,177.38,177.34,177.36,6993.0
10:39,177.39,177.42,177.35,177.38,16767.0
10:40,177.37,177.43,177.36,177.43,10290.0
10:41,177.37,177.39,177.32,177.38,10173.0
10:42,177.28,177.38,177.27,177.38,12570.0
10:43,177.4,177.4,177.3,177.3,7179.0
10:44,177.45,177.46,177.39,177.4,11502.0
10:45,177.55,177.55,177.44,177.46,20619.0
10:46,177.46,177.57,177.44,177.55,16472.0
10:47,177.36,177.47,177.36,177.46,10480.0
10:48,177.37,177.38,177.33,177.37,11017.0
10:49,177.28,177.37,177.28,177.37,8402.0
10:50,177.19,177.28,177.17,177.28,6593.0
10:51,177.15,177.21,177.12,177.18,13108.0
10:52,177.15,177.18,177.12,177.15,9807.0
10:53,177.1,177.15,177.1,177.14,8411.0
10:54,177.16,177.18,177.08,177.08,8387.0
10:55,177.09,177.16,177.04,177.11,26548.0
10:56,176.96,177.07,176.94,177.07,10522.0
10:57,176.91,176.96,176.91,176.96,6999.0
10:58,176.86,176.93,176.84,176.91,16204.0
10:59,176.9,176.95,176.87,176.87,20270.0
11:00,176.87,176.91,176.76,176.9,18478.0
11:01,176.94,176.95,176.85,176.85,13368.0
11:02,176.96,176.96,176.91,176.91,15321.0
11:03,176.92,176.97,176.9,176.95,12221.0
11:04,176.92,176.94,176.9,176.93,3453.0
11:05,176.88,176.93,176.88,176.92,10035.0
11:06,176.95,176.96,176.88,176.9,15837.0
11:07,176.94,176.96,176.93,176.94,6677.0
11:08,176.91,176.95,176.88,176.93,6404.0
11:09,176.96,176.96,176.92,176.92,3385.0
11:10,177.05,177.06,176.94,176.97,15249.0
11:11,176.97,177.08,176.97,177.06,9449.0
11:12,176.97,177.0,176.96,176.99,8374.0
11:13,176.92,176.96,176.92,176.96,6721.0
11:14,176.94,176.97,176.87,176.91,12604.0
11:15,176.95,176.96,176.93,176.94,5591.0
11:16,176.97,176.98,176.94,176.95,6604.0
11:17,176.99,177.01,176.93,176.97,14927.0
11:18,177.13,177.14,177.0,177.0,442200.0
11:19,177.05,177.15,177.05,177.13,13191.0
11:20,177.0,177.07,176.99,177.05,11029.0
11:21,177.07,177.07,177.01,177.01,8126.0
11:22,176.93,177.06,176.93,177.06,11763.0
11:23,176.85,176.93,176.84,176.93,9655.0
11:24,176.96,176.96,176.84,176.85,10611.0
11:25,177.02,177.02,176.95,176.95,9189.0
11:26,177.01,177.03,176.99,177.02,6401.0
11:27,176.98,177.02,176.96,177.01,11640.0
11:28,176.96,176.99,176.95,176.98,12335.0
11:29,176.93,176.98,176.93,176.96,9112.0
11:30,177.01,177.01,176.9,176.92,15462.0
11:31,176.95,177.01,176.95,177.01,6780.0
11:32,176.98,176.98,176.93,176.95,5385.0
11:33,176.88,177.0,176.87,176.98,10851.0
11:34,176.93,176.96,176.86,176.88,11124.0
11:35,176.95,176.96,176.93,176.94,4148.0
11:36,176.87,176.95,176.86,176.95,6350.0
11:37,176.89,176.89,176.85,176.85,6005.0
11:38,176.82,176.88,176.82,176.88,8659.0
11:39,176.86,176.94,176.83,176.83,13044.0
11:40,176.79,176.81,176.75,176.81,7571.0
11:41,176.82,176.83,176.77,176.8,8162.0
11:42,176.79,176.8,176.75,176.8,6654.0
11:43,176.83,176.83,176.76,176.78,7838.0
11:44,176.86,176.86,176.81,176.82,7033.0
11:45,176.81,176.85,176.81,176.85,6231.0
11:46,176.95,176.97,176.82,176.82,12280.0
11:47,176.99,176.99,176.95,176.95,7759.0
11:48,177.01,177.04,176.99,176.99,8044.0
11:49,177.02,177.02,176.97,177.01,8789.0
11:50,176.95,177.02,176.95,177.01,12718.0
11:51,177.04,177.04,176.98,176.98,6157.0
11:52,177.01,177.03,176.98,177.03,8231.0
11:53,176.99,177.01,176.97,177.0,8039.0
11:54,177.01,177.02,176.98,176.99,8354.0
11:55,176.95,177.01,176.95,177.01,10312.0
11:56,177.01,177.01,176.95,176.95,4255.0
11:57,177.01,177.02,177.0,177.01,6134.0
11:58,177.01,177.02,176.99,176.99,3952.0
11:59,176.97,177.02,176.95,177.01,5671.0
12:00,177.04,177.04,176.95,176.96,13090.0
12:01,177.06,177.07,177.04,177.04,2198.0
12:02,177.04,177.1,177.04,177.06,12837.0
12:03,177.08,177.08,177.03,177.03,5742.0
12:04,177.07,177.1,177.06,177.07,6021.0
12:05,177.07,177.09,177.07,177.09,4573.0
12:06,177.08,177.08,177.06,177.07,6404.0
12:07,177.14,177.17,177.09,177.09,12057.0
12:08,177.15,177.15,177.1,177.13,4520.0
12:09,177.21,177.22,177.15,177.15,7721.0
12:10,177.25,177.25,177.16,177.21,11041.0
12:11,177.24,177.24,177.2,177.23,10100.0
12:12,177.26,177.26,177.2,177.23,9177.0
12:13,177.28,177.29,177.24,177.25,6019.0
12:14,177.28,177.28,177.26,177.27,11064.0
12:15,177.29,177.31,177.29,177.31,6267.0
12:16,177.21,177.29,177.21,177.29,8334.0
12:17,177.16,177.21,177.15,177.21,4499.0
12:18,177.18,177.2,177.15,177.15,5838.0
12:19,177.17,177.19,177.14,177.17,6297.0
12:20,177.18,177.2,177.17,177.17,5785.0
12:21,177.14,177.19,177.12,177.19,5220.0
12:22,177.11,177.14,177.05,177.12,7571.0
12:23,177.19,177.2,177.12,177.12,3403.0
12:24,177.2,177.2,177.16,177.19,3832.0
12:25,177.19,177.2,177.18,177.19,2855.0
12:26,177.12,177.17,177.09,177.17,3924.0
12:27,177.12,177.15,177.12,177.13,3892.0
12:28,177.15,177.15,177.11,177.13,6671.0
12:29,177.16,177.16,177.14,177.15,3524.0
12:30,177.16,177.16,177.14,177.14,6582.0
12:31,177.15,177.18,177.14,177.15,4377.0
12:32,177.15,177.23,177.15,177.17,15069.0
12:33,177.16,177.17,177.15,177.15,5297.0
12:34,177.15,177.17,177.14,177.16,6800.0
12:35,177.13,177.14,177.11,177.14,6849.0
12:36,177.08,177.13,177.08,177.13,6521.0
12:37,177.07,177.08,177.06,177.07,6209.0
12:38,177.07,177.1,177.07,177.08,11349.0
12:39,177.14,177.16,177.07,177.07,5419.0
12:40,177.2,177.21,177.14,177.14,8285.0
12:41,177.19,177.21,177.17,177.2,5572.0
12:42,177.16,177.2,177.15,177.19,5849.0
12:43,177.19,177.19,177.15,177.15,2165.0
12:44,177.17,177.19,177.15,177.19,7919.0
12:45,177.21,177.21,177.15,177.18,5296.0
12:46,177.12,177.21,177.12,177.21,10706.0
12:47,177.11,177.12,177.1,177.1,2480.0
12:48,177.15,177.15,177.13,177.13,4493.0
12:49,177.16,177.16,177.15,177.16,3328.0
12:50,177.18,177.2,177.16,177.17,7177.0
12:51,177.18,177.19,177.17,177.18,2699.0
12:52,177.13,177.18,177.13,177.18,3141.0
12:53,177.13,177.14,177.13,177.13,2659.0
12:54,177.13,177.14,177.12,177.13,7646.0
12:55,177.06,177.12,177.06,177.12,4551.0
12:56,177.11,177.12,177.05,177.05,5667.0
12:57,177.12,177.13,177.11,177.11,3453.0
12:58,177.13,177.14,177.13,177.13,2079.0
12:59,177.13,177.15,177.13,177.14,4227.0
13:00,177.18,177.18,177.13,177.13,3926.0
13:01,177.24,177.25,177.2,177.2,8748.0
13:02,177.22,177.24,177.19,177.24,4618.0
13:03,177.2,177.21,177.2,177.21,1056.0
13:04,177.18,177.21,177.16,177.19,5750.0
13:05,177.1,177.2,177.1,177.19,175484.0
13:06,177.09,177.1,177.09,177.1,1360.0
13:07,177.05,177.09,177.05,177.08,7789.0
13:08,177.01,177.05,177.0,177.05,5190.0
13:09,177.03,177.03,177.0,177.02,4013.0
13:10,177.06,177.06,177.02,177.02,3308.0
13:11,177.07,177.09,177.05,177.05,5108.0
13:12,177.03,177.08,177.03,177.08,5385.0
13:13,177.06,177.07,177.0,177.06,24769.0
13:14,177.04,177.07,177.03,177.05,4645.0
13:15,177.09,177.09,177.05,177.05,6062.0
13:16,177.07,177.09,177.07,177.09,11379.0
13:17,177.07,177.08,177.07,177.07,3446.0
13:18,177.05,177.08,177.05,177.08,7387.0
13:19,177.09,177.09,177.06,177.06,1740.0
13:20,177.08,177.1,177.07,177.09,7443.0
13:21,177.07,177.09,177.07,177.09,5378.0
13:22,177.06,177.12,177.06,177.07,10262.0
13:23,177.02,177.05,177.02,177.05,4195.0
13:24,177.02,177.02,176.99,177.02,4926.0
13:25,177.02,177.04,177.01,177.01,5058.0
13:26,177.01,177.03,177.0,177.01,3093.0
13:27,176.93,177.02,176.93,177.01,11008.0
13:28,176.88,176.95,176.88,176.93,5538.0
13:29,176.9,176.93,176.87,176.88,10260.0
13:30,176.87,176.91,176.86,176.91,4530.0
13:31,176.88,176.92,176.85,176.87,11275.0
13:32,176.83,176.87,176.82,176.85,3814.0
13:33,176.78,176.8,176.76,176.8,4671.0
13:34,176.73,176.78,176.73,176.78,9340.0
13:35,176.76,176.78,176.73,176.73,5539.0
13:36,176.71,176.78,176.71,176.77,2669.0
13:37,176.79,176.79,176.72,176.75,7963.0
13:38,176.74,176.79,176.74,176.79,4299.0
13:39,176.76,176.79,176.72,176.74,15385.0
13:40,176.7,176.75,176.7,176.75,2972.0
13:41,176.74,176.76,176.71,176.71,3767.0
13:42,176.74,176.75,176.71,176.74,4482.0
13:43,176.73,176.74,176.71,176.74,4865.0
13:44,176.71,176.74,176.7,176.71,5243.0
13:45,176.7,176.72,176.7,176.72,2793.0
13:46,176.74,176.74,176.7,176.7,5847.0
13:47,176.76,176.76,176.71,176.74,7632.0
13:48,176.76,176.78,176.75,176.76,10339.0
13:49,176.77,176.77,176.71,176.74,12662.0
13:50,176.68,176.77,176.67,176.77,14779.0
13:51,176.72,176.73,176.69,176.7,20006.0
13:52,176.71,176.73,176.7,176.72,3721.0
13:53,176.68,176.7,176.68,176.7,4466.0
13:54,176.63,176.69,176.63,176.68,21444.0
13:55,176.6,176.62,176.6,176.62,3522.0
13:56,176.64,176.65,176.62,176.62,6540.0
13:57,176.71,176.71,176.65,176.65,8906.0
13:58,176.76,176.76,176.71,176.71,11425.0
13:59,176.78,176.79,176.76,176.76,8837.0
14:00,176.76,176.78,176.74,176.78,9453.0
14:01,176.77,176.77,176.74,176.76,4468.0
14:02,176.78,176.78,176.76,176.76,5192.0
14:03,176.81,176.82,176.79,176.79,11931.0
14:04,176.8,176.8,176.78,176.8,6871.0
14:05,176.76,176.82,176.76,176.8,10865.0
14:06,176.81,176.83,176.76,176.76,9909.0
14:07,176.79,176.81,176.74,176.81,9641.0
14:08,176.8,176.8,176.8,176.8,5563.0
14:09,176.81,176.83,176.78,176.81,11937.0
14:10,176.83,176.84,176.81,176.82,6061.0
14:11,176.8,176.82,176.79,176.82,4192.0
14:12,176.78,176.8,176.78,176.8,2315.0
14:13,176.77,176.77,176.74,176.77,8917.0
14:14,176.75,176.78,176.75,176.78,6237.0
14:15,176.7,176.78,176.7,176.76,9833.0
14:16,176.67,176.69,176.62,176.69,9618.0
14:17,176.65,176.68,176.63,176.68,5484.0
14:18,176.57,176.65,176.57,176.65,8738.0
14:19,176.58,176.58,176.57,176.57,4520.0
14:20,176.58,176.59,176.57,176.58,4687.0
14:21,176.53,176.58,176.51,176.58,9612.0
14:22,176.55,176.57,176.54,176.54,9785.0
14:23,176.55,176.56,176.55,176.55,4572.0
14:24,176.51,176.57,176.49,176.55,11143.0
14:25,176.52,176.52,176.46,176.51,14017.0
14:26,176.52,176.56,176.52,176.53,8626.0
14:27,176.48,176.52,176.46,176.52,18798.0
14:28,176.46,176.48,176.45,176.47,6857.0
14:29,176.48,176.52,176.46,176.47,22133.0
14:30,176.51,176.51,176.49,176.49,8690.0
14:31,176.59,176.59,176.5,176.51,12538.0
14:32,176.65,176.66,176.6,176.6,11206.0
14:33,176.7,176.7,176.65,176.65,4553.0
14:34,176.65,176.72,176.65,176.72,8613.0
14:35,176.68,176.68,176.66,176.66,6377.0
14:36,176.72,176.73,176.68,176.69,8248.0
14:37,176.73,176.74,176.67,176.74,9180.0
14:38,176.7,176.71,176.7,176.71,5285.0
14:39,176.71,176.71,176.7,176.7,6411.0
14:40,176.68,176.74,176.68,176.72,6708.0
14:41,176.6,176.71,176.6,176.68,6958.0
14:42,176.61,176.63,176.59,176.59,5085.0
14:43,176.68,176.68,176.62,176.62,5345.0
14:44,176.74,176.74,176.68,176.69,8538.0
14:45,176.78,176.78,176.74,176.74,3939.0
14:46,176.76,176.77,176.74,176.77,4183.0
14:47,176.68,176.77,176.66,176.76,5373.0
14:48,176.64,176.64,176.59,176.64,6931.0
14:49,176.65,176.65,176.63,176.64,11010.0
14:50,176.67,176.68,176.66,176.66,5424.0
14:51,176.65,176.67,176.62,176.67,9483.0
14:52,176.73,176.76,176.66,176.66,12599.0
14:53,176.73,176.75,176.72,176.74,6195.0
14:54,176.69,176.73,176.68,176.73,10810.0
14:55,176.73,176.74,176.69,176.7,5521.0
14:56,176.73,176.74,176.73,176.74,10523.0
14:57,176.69,176.72,176.67,176.72,7527.0
14:58,176.67,176.69,176.67,176.69,4531.0
14:59,176.68,176.71,176.63,176.67,13184.0
15:00,176.63,176.71,176.63,176.7,14522.0
15:01,176.6,176.66,176.6,176.64,8896.0
15:02,176.6,176.64,176.59,176.6,12419.0
15:03,176.61,176.62,176.56,176.6,12534.0
15:04,176.61,176.62,176.58,176.62,7388.0
15:05,176.59,176.6,176.56,176.6,9619.0
15:06,176.62,176.62,176.58,176.59,9071.0
15:07,176.52,176.63,176.51,176.63,15664.0
15:08,176.49,176.54,176.48,176.52,20014.0
15:09,176.58,176.58,176.48,176.49,13355.0
15:10,176.7,176.7,176.59,176.59,12011.0
15:11,176.73,176.73,176.57,176.7,41907.0
15:12,176.7,176.73,176.68,176.72,7719.0
15:13,176.68,176.69,176.64,176.67,6460.0
15:14,176.72,176.73,176.7,176.7,8373.0
15:15,176.82,176.85,176.74,176.74,25132.0
15:16,176.84,176.87,176.81,176.81,16643.0
15:17,176.84,176.84,176.83,176.83,4522.0
15:18,176.86,176.87,176.83,176.84,19483.0
15:19,176.79,176.9,176.76,176.87,17282.0
15:20,176.78,176.85,176.78,176.81,10992.0
15:21,176.86,176.86,176.77,176.78,5658.0
15:22,176.95,176.95,176.85,176.86,11765.0
15:23,176.96,176.97,176.93,176.93,22934.0
15:24,176.93,176.94,176.91,176.92,6661.0
15:25,176.93,176.95,176.91,176.94,5782.0
15:26,176.9,176.93,176.89,176.92,16782.0
15:27,176.91,176.93,176.89,176.9,21936.0
15:28,176.9,176.91,176.89,176.9,39371.0
15:29,176.88,176.91,176.86,176.9,38972.0
15:30,176.87,176.95,176.87,176.89,23633.0
15:31,176.77,176.87,176.77,176.87,9313.0
15:32,176.84,176.85,176.77,176.77,8762.0
15:33,176.82,176.86,176.82,176.85,11028.0
15:34,176.82,176.86,176.81,176.83,17760.0
15:35,176.86,176.88,176.83,176.83,10964.0
15:36,176.88,176.93,176.86,176.87,27087.0
15:37,176.79,176.88,176.79,176.88,10423.0
15:38,176.81,176.85,176.77,176.8,22583.0
15:39,176.77,176.82,176.77,176.82,9733.0
15:40,176.82,176.82,176.77,176.77,12726.0
15:41,176.8,176.84,176.8,176.83,12960.0
15:42,176.77,176.8,176.76,176.79,10403.0
15:43,176.71,176.79,176.71,176.77,17862.0
15:44,176.74,176.74,176.71,176.71,15173.0
15:45,176.7,176.76,176.7,176.75,23278.0
15:46,176.65,176.68,176.61,176.68,22120.0
15:47,176.56,176.66,176.54,176.65,47752.0
15:48,176.37,176.56,176.37,176.56,17220.0
15:49,176.3,176.42,176.3,176.39,14987.0
15:50,176.18,176.32,176.18,176.31,43673.0
15:51,176.2,176.23,176.12,176.18,26977.0
15:52,176.28,176.31,176.22,176.22,21088.0
15:53,176.36,176.37,176.29,176.29,25390.0
15:54,176.44,176.45,176.35,176.37,23738.0
15:55,176.35,176.54,176.35,176.42,55264.0
15:56,176.28,176.39,176.28,176.36,50966.0
15:57,176.28,176.32,176.23,176.29,53639.0
15:58,176.26,176.32,176.19,176.28,94387.0
15:59,176.25,176.36,176.21,176.25,173874.0
