Time,Close,High,Low,Open,Volume
09:30,586.37,587.66,585.91,585.91,28597.0
09:31,588.7,588.74,587.02,587.54,7924.0
09:32,587.74,588.81,587.74,588.75,5397.0
09:33,587.95,588.13,587.7,587.7,2480.0
09:34,588.53,588.61,588.53,588.53,1943.0
09:35,588.93,588.93,587.99,588.4,6330.0
09:36,588.25,588.34,587.81,588.14,5393.0
09:37,588.66,588.67,588.42,588.42,2358.0
09:38,588.42,588.45,588.25,588.43,3870.0
09:39,588.48,588.66,588.48,588.66,5543.0
09:40,589.09,589.28,588.52,588.74,6443.0
09:41,589.39,589.52,588.85,588.96,7733.0
09:42,589.7,589.75,589.17,589.17,9023.0
09:43,589.95,590.0,589.27,589.43,17632.0
09:44,590.2,590.24,589.36,589.69,26241.0
09:45,590.5,590.86,590.28,590.28,7446.0
09:46,591.07,591.17,590.38,590.5,6926.0
09:47,590.62,591.07,590.6,591.06,14290.0
09:48,591.08,591.09,590.62,590.62,9852.0
09:49,591.17,591.42,591.17,591.24,4946.0
09:50,591.66,591.83,591.17,591.17,15610.0
09:51,592.51,592.54,591.64,591.82,8860.0
09:52,592.93,593.24,592.78,592.78,5785.0
09:53,592.0,593.38,591.95,592.93,21503.0
09:54,591.15,591.85,590.89,591.53,15627.0
09:55,591.23,591.32,591.18,591.32,2795.0
09:56,590.43,591.26,590.11,591.0,11484.0
09:57,590.88,590.88,590.24,590.31,3148.0
09:58,590.59,590.77,590.28,590.62,4816.0
09:59,590.54,590.74,590.15,590.27,9507.0
10:00,591.0,591.04,590.54,590.54,7809.0
10:01,590.65,591.62,590.65,590.91,7205.0
10:02,590.97,591.1,590.65,591.1,3553.0
10:03,590.96,590.97,590.86,590.86,1476.0
10:04,590.42,591.01,590.42,590.94,8582.0
10:05,590.85,590.91,590.26,590.26,10486.0
10:06,591.39,591.39,590.62,590.72,6653.0
10:07,591.42,591.42,591.22,591.22,2598.0
10:08,591.78,591.78,590.93,591.34,9922.0
10:09,590.68,591.59,590.68,591.59,6767.0
10:10,590.0,590.52,590.0,590.49,5183.0
10:11,589.64,590.01,589.51,589.97,7285.0
10:12,589.76,589.76,589.76,589.76,14591.0
10:13,589.34,589.93,589.31,589.76,8206.0
10:14,589.48,589.78,589.37,589.48,3130.0
10:15,589.44,589.56,589.44,589.49,2276.0
10:16,590.12,590.22,589.48,589.51,8374.0
10:17,590.0,590.74,590.0,590.12,10567.0
10:18,590.66,590.84,590.28,590.28,4132.0
10:19,590.59,590.75,590.27,590.65,7133.0
10:20,589.98,590.47,589.89,590.34,6737.0
10:21,590.33,590.34,590.13,590.13,2405.0
10:22,590.25,590.6,590.02,590.59,3904.0
10:23,590.16,590.22,590.16,590.22,632.0
10:24,589.83,590.21,589.81,590.15,3110.0
10:25,589.77,589.77,589.77,589.77,2881.0
10:26,589.91,589.91,589.8,589.8,2054.0
10:27,589.58,589.83,589.58,589.83,2347.0
10:28,589.38,589.38,589.31,589.31,1884.0
10:29,589.65,589.83,589.47,589.47,2642.0
10:30,589.78,590.03,589.74,589.83,4884.0
10:31,589.84,590.23,589.83,590.08,7100.0
10:32,589.79,589.8,589.52,589.58,2260.0
10:33,589.79,590.06,589.4,589.46,8011.0
10:34,589.89,590.14,589.88,590.13,3162.0
10:35,589.74,589.91,589.62,589.91,3615.0
10:36,589.95,589.95,589.71,589.72,1378.0
10:37,590.32,590.32,589.74,589.74,3490.0
10:38,590.39,590.61,590.25,590.4,5008.0
10:39,590.04,590.21,590.04,590.21,3363.0
10:40,590.03,590.03,589.73,590.03,1970.0
10:41,589.65,590.04,589.65,590.03,4653.0
10:42,589.97,589.97,589.65,589.65,1338.0
10:43,589.77,590.0,589.66,589.8,3939.0
10:44,590.24,590.24,589.61,589.81,6224.0
10:45,590.19,590.35,590.05,590.22,5614.0
10:46,590.05,590.31,589.8,590.1,6035.0
10:47,590.35,590.35,589.79,589.94,10464.0
10:48,590.1,590.38,589.91,590.36,16309.0
10:49,590.18,590.47,589.91,590.1,9673.0
10:50,590.18,590.4,590.18,590.4,866.0
10:51,590.58,590.72,590.58,590.72,14180.0
10:52,590.76,590.86,590.37,590.5,9398.0
10:53,590.39,590.76,590.33,590.76,8635.0
10:54,590.2,590.58,590.2,590.55,4616.0
10:55,590.52,590.52,590.51,590.52,3558.0
10:56,590.5,590.69,590.5,590.52,2602.0
10:57,590.41,590.45,590.41,590.45,2312.0
10:58,590.25,590.56,590.23,590.56,6835.0
10:59,590.6,590.61,590.28,590.28,6972.0
11:00,590.61,590.73,590.34,590.72,1538.0
11:01,590.63,590.93,590.63,590.66,2316.0
11:02,591.19,591.19,590.98,590.98,2813.0
11:03,591.84,591.85,591.15,591.15,7391.0
11:04,592.1,592.1,591.91,591.93,2519.0
11:05,592.13,592.13,591.99,591.99,1301.0
11:06,592.1,592.25,591.97,592.08,11926.0
11:07,592.05,592.14,591.98,592.14,2381.0
11:08,591.98,592.14,591.94,592.05,3719.0
11:09,592.5,592.5,592.13,592.13,2163.0
11:10,592.15,592.15,592.01,592.15,4115.0
11:11,592.31,592.31,592.15,592.15,1390.0
11:12,592.04,592.31,591.98,591.99,6575.0
11:13,591.82,592.05,591.79,592.05,7486.0
11:14,591.79,592.03,591.63,591.8,6302.0
11:15,592.13,592.13,592.03,592.03,2661.0
11:16,591.94,592.04,591.88,592.04,5020.0
11:17,591.6,592.03,591.54,592.03,6455.0
11:18,591.59,591.88,591.32,591.32,1948.0
11:19,591.27,591.6,591.27,591.59,4203.0
11:20,591.29,591.31,591.06,591.31,3167.0
11:21,591.01,591.22,591.01,591.22,3085.0
11:22,591.23,591.23,591.0,591.05,4197.0
11:23,591.03,591.11,590.85,591.11,5055.0
11:24,591.33,591.33,591.01,591.16,8844.0
11:25,591.34,591.64,591.16,591.33,5100.0
11:26,591.28,591.47,591.11,591.35,4045.0
11:27,591.63,591.63,591.53,591.53,1093.0
11:28,591.64,591.87,591.24,591.58,6499.0
11:29,591.24,591.54,591.24,591.42,1331.0
11:30,591.23,591.54,591.23,591.54,2437.0
11:31,591.12,591.44,591.12,591.38,1471.0
11:32,591.41,591.41,591.38,591.38,1129.0
11:33,591.01,591.39,590.79,591.39,10232.0
11:34,590.46,591.0,590.34,591.0,16396.0
11:35,590.54,590.78,590.18,590.47,17567.0
11:36,590.5,590.5,590.49,590.49,1613.0
11:37,590.59,590.69,590.59,590.69,1651.0
11:38,590.66,590.86,590.6,590.86,2129.0
11:39,590.52,590.66,590.51,590.66,2453.0
11:40,590.35,590.56,590.26,590.5,5938.0
11:41,589.86,590.3,589.71,590.3,4862.0
11:42,590.21,590.36,589.89,589.92,8867.0
11:43,590.17,590.18,590.17,590.18,1431.0
11:44,590.23,590.23,589.84,589.95,6605.0
11:45,590.43,590.43,590.12,590.12,834.0
11:46,590.06,590.43,589.82,590.43,6774.0
11:47,590.09,590.09,590.05,590.05,1358.0
11:48,590.09,590.1,590.09,590.1,1710.0
11:49,590.09,590.09,590.09,590.09,910.0
11:50,589.84,590.09,589.81,590.09,3980.0
11:51,589.45,589.91,589.4,589.91,3960.0
11:52,589.3,589.53,589.3,589.41,3138.0
11:53,589.26,589.37,589.21,589.3,3719.0
11:54,589.24,589.3,589.24,589.29,2435.0
11:55,589.24,589.38,589.24,589.24,747.0
11:56,589.2,589.38,589.11,589.38,2819.0
11:57,589.19,589.2,589.06,589.2,5007.0
11:58,589.21,589.21,589.21,589.21,5219.0
11:59,589.42,589.46,589.28,589.28,4706.0
12:00,589.42,589.42,589.41,589.41,1575.0
12:01,589.5,589.5,589.5,589.5,940.0
12:02,589.38,589.7,589.24,589.37,12023.0
12:03,589.72,589.78,589.48,589.64,2109.0
12:04,589.82,589.83,589.55,589.57,1489.0
12:05,589.53,589.81,589.53,589.81,2630.0
12:06,589.71,589.76,589.53,589.53,1793.0
12:07,589.84,589.84,589.66,589.72,1909.0
12:08,589.81,589.84,589.66,589.74,2540.0
12:09,589.83,589.93,589.71,589.81,2503.0
12:10,589.76,589.92,589.48,589.48,6791.0
12:11,590.05,590.05,589.45,589.45,2379.0
12:12,589.97,590.11,589.86,590.0,3200.0
12:13,590.22,590.25,589.97,589.97,4045.0
12:14,590.07,590.42,590.07,590.42,1061.0
12:15,590.34,590.56,590.24,590.43,6028.0
12:16,590.35,590.35,590.24,590.25,1364.0
12:17,590.44,590.44,590.28,590.28,2574.0
12:18,590.4,590.46,590.4,590.46,1790.0
12:19,590.49,590.49,590.35,590.35,325.0
12:20,590.58,590.69,590.35,590.35,5553.0
12:21,590.59,590.59,590.53,590.53,2323.0
12:22,590.3,590.59,590.19,590.59,5489.0
12:23,590.21,590.39,590.21,590.39,1313.0
12:24,590.38,590.39,590.38,590.39,472.0
12:25,590.59,590.61,590.19,590.19,2626.0
12:26,590.61,590.68,590.48,590.48,3398.0
12:27,590.53,590.61,590.5,590.61,7293.0
12:28,590.32,590.5,590.32,590.5,1921.0
12:29,590.4,590.49,590.39,590.49,1587.0
12:30,590.48,590.48,590.46,590.48,1253.0
12:31,590.16,590.47,590.02,590.47,5533.0
12:32,590.16,590.16,590.16,590.16,1225.0
12:33,590.15,590.15,589.97,589.97,1013.0
12:34,590.34,590.34,589.97,590.15,1931.0
12:35,590.28,590.28,590.11,590.11,1739.0
12:36,590.15,590.25,590.15,590.25,1310.0
12:37,590.15,590.15,590.15,590.15,754.0
12:38,590.15,590.15,589.95,590.15,1541.0
12:39,590.42,590.46,590.15,590.35,4204.0
12:40,589.99,590.53,589.95,590.5,6665.0
12:41,589.99,590.06,589.99,589.99,1219.0
12:42,590.19,590.23,589.99,590.13,3570.0
12:43,590.56,590.56,590.33,590.33,3636.0
12:44,590.66,590.71,590.49,590.57,2554.0
12:45,590.81,591.03,590.7,590.87,3942.0
12:46,590.94,591.15,590.88,590.88,2059.0
12:47,591.19,591.21,590.87,591.08,34425.0
12:48,591.61,591.73,591.14,591.14,27988.0
12:49,591.38,591.58,591.34,591.58,7020.0
12:50,591.15,591.4,591.12,591.4,5308.0
12:51,590.93,591.21,590.9,591.21,3596.0
12:52,590.71,591.17,590.71,591.17,6478.0
12:53,590.74,590.83,590.74,590.8,1620.0
12:54,590.63,590.74,590.63,590.7,2145.0
12:55,590.8,590.8,590.77,590.8,2636.0
12:56,590.78,590.78,590.59,590.73,5473.0
12:57,590.77,590.78,590.77,590.78,1102.0
12:58,590.5,590.77,590.5,590.77,4882.0
12:59,590.58,590.65,590.29,590.29,8851.0
13:00,590.49,590.55,590.31,590.49,2262.0
13:01,590.36,590.83,590.36,590.6,10339.0
13:02,590.73,590.73,590.32,590.46,3620.0
13:03,590.65,590.67,590.47,590.47,7760.0
13:04,590.56,590.84,590.52,590.79,4721.0
13:05,590.55,590.88,590.53,590.71,3319.0
13:06,590.48,590.62,590.37,590.61,6140.0
13:07,590.64,590.69,590.5,590.5,2827.0
13:08,590.57,590.7,590.53,590.57,3882.0
13:09,590.55,590.55,590.42,590.54,1234.0
13:10,590.38,590.55,590.35,590.55,2935.0
13:11,590.29,590.51,590.29,590.32,3592.0
13:12,590.51,590.51,590.51,590.51,1613.0
13:13,590.51,590.51,590.43,590.43,1355.0
13:14,590.4,590.43,590.4,590.42,3834.0
13:15,590.5,590.57,590.35,590.35,3075.0
13:16,590.42,590.48,590.22,590.41,4423.0
13:17,590.0,590.11,590.0,590.11,2006.0
13:18,590.3,590.3,589.87,589.87,6227.0
13:19,590.14,590.29,590.14,590.23,3568.0
13:20,590.43,590.57,590.29,590.29,3047.0
13:21,590.39,590.52,590.39,590.48,3044.0
13:22,590.24,590.37,590.24,590.37,2458.0
13:23,589.99,590.28,589.99,590.25,3740.0
13:24,589.93,590.04,589.93,589.98,1457.0
13:25,589.79,589.93,589.79,589.93,1437.0
13:26,589.85,589.9,589.71,589.9,4627.0
13:27,589.88,589.88,589.88,589.88,1447.0
13:28,589.72,589.8,589.72,589.79,747.0
13:29,589.82,589.82,589.67,589.79,2476.0
13:30,589.76,589.76,589.66,589.66,2477.0
13:31,590.0,590.0,589.76,589.76,2930.0
13:32,589.87,589.92,589.84,589.92,679.0
13:33,590.04,590.04,589.84,589.84,1227.0
13:34,590.23,590.23,590.02,590.02,1564.0
13:35,590.24,590.25,590.11,590.25,2460.0
13:36,590.24,590.35,590.17,590.35,859.0
13:37,589.95,590.06,589.85,590.06,5497.0
13:38,589.91,589.91,589.91,589.91,1338.0
13:39,590.04,590.04,589.91,589.91,883.0
13:40,590.18,590.21,589.91,589.91,2353.0
13:41,590.2,590.21,590.05,590.21,1170.0
13:42,589.68,590.1,589.68,589.99,5943.0
13:43,589.71,589.97,589.62,589.92,3578.0
13:44,589.74,589.84,589.57,589.84,1213.0
13:45,589.92,590.05,589.92,589.92,2109.0
13:46,589.92,589.92,589.74,589.92,2530.0
13:47,590.05,590.05,590.0,590.0,1108.0
13:48,590.09,590.14,590.09,590.09,2472.0
13:49,590.18,590.18,590.12,590.12,958.0
13:50,590.05,590.21,589.97,590.21,4583.0
13:51,589.95,590.01,589.9,589.96,3056.0
13:52,590.06,590.06,589.87,590.04,1031.0
13:53,589.85,589.85,589.85,589.85,1390.0
13:54,589.76,589.99,589.73,589.99,3977.0
13:55,589.52,589.74,589.52,589.66,2200.0
13:56,589.46,589.63,589.46,589.59,2452.0
13:57,589.39,589.52,589.39,589.52,2705.0
13:58,589.18,589.39,588.87,589.39,10698.0
13:59,589.27,589.41,589.23,589.35,3978.0
14:00,589.45,589.45,589.22,589.27,3234.0
14:01,589.6,589.6,589.48,589.48,4982.0
14:02,589.15,589.65,589.15,589.65,4956.0
14:03,588.52,589.15,588.26,589.15,9084.0
14:04,588.68,588.68,588.54,588.54,2004.0
14:05,588.34,588.72,588.13,588.52,3478.0
14:06,588.35,588.74,588.35,588.52,2447.0
14:07,588.35,588.57,588.35,588.54,1870.0
14:08,588.61,588.61,588.5,588.5,1377.0
14:09,588.54,588.77,588.53,588.67,4007.0
14:10,588.53,588.66,588.48,588.53,4667.0
14:11,588.42,588.42,588.42,588.42,338.0
14:12,588.41,588.41,588.35,588.35,1382.0
14:13,588.31,588.39,588.16,588.39,9439.0
14:14,588.36,588.42,588.29,588.29,2310.0
14:15,588.34,588.38,588.18,588.26,2063.0
14:16,588.45,588.45,588.26,588.26,1209.0
14:17,588.57,588.57,588.46,588.51,1471.0
14:18,588.46,588.46,588.44,588.44,1587.0
14:19,588.43,588.62,588.24,588.43,2546.0
14:20,588.59,588.61,588.37,588.38,9643.0
14:21,588.55,588.55,588.55,588.55,9792.0
14:22,588.52,588.55,588.36,588.55,3522.0
14:23,588.52,588.52,588.52,588.52,1421.0
14:24,588.59,588.59,588.59,588.59,846.0
14:25,588.75,588.75,588.41,588.6,3474.0
14:26,588.66,588.82,588.66,588.81,6536.0
14:27,588.7,588.7,588.57,588.57,951.0
14:28,588.79,588.8,588.63,588.8,648.0
14:29,588.83,588.83,588.68,588.68,2571.0
14:30,588.93,589.15,588.92,588.92,6084.0
14:31,589.04,589.05,588.93,588.93,2123.0
14:32,588.97,588.97,588.92,588.93,1601.0
14:33,589.31,589.31,589.05,589.05,1376.0
14:34,589.27,589.33,589.27,589.33,822.0
14:35,589.23,589.3,589.17,589.25,5035.0
14:36,589.46,589.47,589.18,589.18,3980.0
14:37,589.44,589.44,589.31,589.44,6628.0
14:38,589.36,589.44,589.32,589.44,3004.0
14:39,589.53,589.53,589.34,589.4,5937.0
14:40,589.53,589.53,589.45,589.45,1762.0
14:41,589.42,589.45,589.42,589.45,6612.0
14:42,589.42,589.42,589.42,589.42,1098.0
14:43,589.51,589.52,589.37,589.51,3365.0
14:44,589.51,589.51,589.51,589.51,690.0
14:45,589.84,589.84,589.51,589.51,3550.0
14:46,589.85,590.0,589.76,589.82,5944.0
14:47,590.1,590.23,589.84,589.84,6175.0
14:48,590.12,590.12,590.07,590.12,1812.0
14:49,589.91,590.12,589.91,590.12,3546.0
14:50,589.94,590.0,589.82,589.91,2453.0
14:51,590.14,590.14,589.94,589.94,1862.0
14:52,590.12,590.12,590.12,590.12,824.0
14:53,590.18,590.27,590.16,590.18,2979.0
14:54,590.02,590.19,590.02,590.08,2715.0
14:55,590.2,590.2,590.07,590.2,2890.0
14:56,590.24,590.24,590.14,590.2,1843.0
14:57,590.16,590.2,590.16,590.2,2291.0
14:58,590.24,590.36,590.16,590.28,1322.0
14:59,590.17,590.22,590.17,590.22,2212.0
15:00,590.2,590.28,590.17,590.17,1429.0
15:01,590.36,590.39,590.32,590.32,4104.0
15:02,590.37,590.45,590.37,590.45,1123.0
15:03,590.49,590.49,590.37,590.37,3764.0
15:04,590.51,590.51,590.4,590.45,5223.0
15:05,590.53,590.54,590.44,590.54,6682.0
15:06,590.76,590.76,590.53,590.53,1757.0
15:07,590.89,590.89,590.76,590.77,4156.0
15:08,591.16,591.16,590.89,590.96,3932.0
15:09,591.09,591.2,591.01,591.2,5076.0
15:10,591.09,591.09,591.07,591.09,1417.0
15:11,591.14,591.28,591.11,591.15,2445.0
15:12,591.47,591.47,591.23,591.23,2390.0
15:13,591.37,591.48,591.34,591.36,9472.0
15:14,591.36,591.42,591.31,591.41,6826.0
15:15,591.32,591.38,591.27,591.38,4425.0
15:16,591.56,591.56,591.35,591.35,2272.0
15:17,591.35,591.52,591.34,591.41,5072.0
15:18,591.3,591.33,591.19,591.27,3233.0
15:19,591.31,591.31,591.31,591.31,749.0
15:20,591.3,591.31,591.16,591.29,4624.0
15:21,591.32,591.32,591.32,591.32,669.0
15:22,591.24,591.26,591.19,591.23,6137.0
15:23,591.69,591.73,591.28,591.33,3997.0
15:24,591.71,591.71,591.67,591.69,2035.0
15:25,591.72,591.73,591.54,591.71,5478.0
15:26,591.96,591.99,591.85,591.85,3541.0
15:27,592.17,592.19,591.96,591.99,6052.0
15:28,592.3,592.41,592.13,592.13,5234.0
15:29,592.24,592.43,592.18,592.38,7379.0
15:30,592.41,592.41,592.35,592.35,3419.0
15:31,592.7,592.7,592.48,592.48,6087.0
15:32,592.78,592.78,592.52,592.63,5990.0
15:33,592.88,592.91,592.59,592.77,3584.0
15:34,592.96,593.02,592.96,592.99,7604.0
15:35,592.97,593.01,592.75,592.96,17701.0
15:36,592.89,592.99,592.88,592.97,5751.0
15:37,593.05,593.2,592.89,592.9,17265.0
15:38,592.67,593.04,592.6,593.04,11888.0
15:39,592.36,592.66,592.24,592.66,12569.0
15:40,592.7,592.76,592.36,592.46,5085.0
15:41,592.83,593.09,592.7,592.98,5538.0
15:42,593.36,593.36,592.98,593.07,3862.0
15:43,593.21,593.37,593.07,593.23,6458.0
15:44,593.55,593.55,593.25,593.28,8187.0
15:45,593.72,593.88,593.59,593.59,8401.0
15:46,593.62,593.87,593.62,593.72,13851.0
15:47,593.36,593.68,593.26,593.68,14899.0
15:48,593.6,593.68,593.48,593.56,6427.0
15:49,593.83,593.88,593.34,593.66,10030.0
15:50,593.44,593.84,593.2,593.78,24481.0
15:51,593.44,593.51,593.1,593.37,17957.0
15:52,593.18,593.45,593.0,593.45,19267.0
15:53,593.17,593.18,593.01,593.01,14841.0
15:54,592.83,593.32,592.6,593.21,16682.0
15:55,592.11,592.85,592.11,592.82,34716.0
15:56,592.11,592.38,591.86,592.15,43485.0
15:57,592.42,592.61,591.9,592.14,41362.0
15:58,592.18,592.56,592.18,592.42,51330.0
15:59,592.89,592.89,591.96,592.24,112213.0
