Time,Close,High,Low,Open,Volume
09:30,590.06,591.99,589.95,590.82,32925.0
09:31,589.72,590.06,589.72,590.06,2159.0
09:32,590.59,591.02,590.59,590.77,5507.0
09:33,591.47,591.99,591.47,591.48,8855.0
09:34,591.43,591.43,591.43,591.43,793.0
09:35,591.96,592.05,591.51,591.51,3547.0
09:36,591.93,591.93,591.81,591.93,740.0
09:37,591.16,591.84,591.15,591.84,4177.0
09:38,591.0,591.47,590.99,591.37,3632.0
09:39,590.8,590.8,590.0,590.72,1918.0
09:40,591.02,591.02,591.02,591.02,1097.0
09:41,590.57,591.09,590.45,591.07,4147.0
09:42,590.13,590.51,590.0,590.51,7553.0
09:43,590.19,590.44,590.12,590.12,3967.0
09:44,590.58,590.74,590.34,590.54,2618.0
09:45,590.89,591.17,590.82,590.82,3936.0
09:46,590.92,590.92,590.82,590.85,3170.0
09:47,590.46,590.92,590.38,590.92,2381.0
09:48,591.12,591.26,591.1,591.26,2463.0
09:49,591.03,591.2,590.85,591.04,3273.0
09:50,591.71,591.71,590.94,591.03,5246.0
09:51,591.41,591.7,591.18,591.45,4846.0
09:52,591.55,591.75,591.55,591.57,4060.0
09:53,591.56,591.68,591.51,591.55,7332.0
09:54,591.56,591.56,591.55,591.56,5621.0
09:55,591.5,591.64,591.35,591.56,8213.0
09:56,591.62,591.88,591.38,591.75,3834.0
09:57,591.99,592.07,591.53,591.53,5238.0
09:58,592.28,592.28,592.07,592.07,1196.0
09:59,592.27,592.43,591.89,592.22,5063.0
10:00,592.09,592.4,592.09,592.38,3308.0
10:01,591.79,592.02,591.69,591.97,2638.0
10:02,591.97,592.27,591.79,591.79,2449.0
10:03,591.83,592.18,591.83,591.92,3834.0
10:04,592.26,592.27,591.85,591.85,4216.0
10:05,591.99,592.26,591.83,592.26,3435.0
10:06,592.01,592.06,591.95,592.06,3239.0
10:07,591.87,591.93,591.8,591.93,3176.0
10:08,591.74,591.8,591.66,591.8,3113.0
10:09,591.94,592.15,591.73,591.76,1902.0
10:10,592.14,592.14,591.76,591.76,919.0
10:11,592.19,592.67,591.9,591.9,2858.0
10:12,592.16,592.16,592.16,592.16,1232.0
10:13,592.16,592.19,592.16,592.17,1703.0
10:14,592.09,592.09,592.0,592.02,1854.0
10:15,592.57,592.57,592.48,592.48,1511.0
10:16,593.0,593.0,592.65,592.65,2898.0
10:17,592.82,593.1,592.78,593.09,3632.0
10:18,592.7,592.83,592.7,592.83,909.0
10:19,592.68,592.85,592.55,592.85,1226.0
10:20,592.84,592.96,592.84,592.96,1000.0
10:21,592.9,593.11,592.86,592.86,4040.0
10:22,592.82,592.9,592.58,592.9,4942.0
10:23,592.81,592.82,592.71,592.71,1679.0
10:24,592.73,592.8,592.73,592.8,1613.0
10:25,592.3,592.78,592.3,592.66,4397.0
10:26,592.3,592.33,592.3,592.33,1309.0
10:27,592.36,592.58,591.98,592.36,3826.0
10:28,592.34,592.35,592.34,592.35,817.0
10:29,592.27,592.33,592.27,592.33,1618.0
10:30,591.7,592.28,591.65,592.28,3039.0
10:31,591.47,591.99,591.42,591.6,3316.0
10:32,590.97,591.17,590.97,591.17,2367.0
10:33,591.25,591.34,590.97,590.97,4937.0
10:34,591.06,591.06,591.06,591.06,702.0
10:35,591.07,591.36,591.07,591.24,3244.0
10:36,591.35,591.35,591.07,591.07,1201.0
10:37,590.91,591.33,590.91,591.05,5529.0
10:38,590.83,591.07,590.83,591.07,2561.0
10:39,590.77,590.77,590.77,590.77,908.0
10:40,590.72,590.75,590.72,590.73,1424.0
10:41,591.14,591.3,590.95,590.95,1828.0
10:42,590.98,591.17,590.95,591.09,2743.0
10:43,590.98,590.98,590.98,590.98,809.0
10:44,591.02,591.02,591.02,591.02,1060.0
10:45,591.06,591.31,591.04,591.04,4923.0
10:46,590.97,591.08,590.94,591.08,1507.0
10:47,590.98,591.07,590.84,591.07,1318.0
10:48,591.17,591.37,590.86,590.86,5439.0
10:49,591.16,591.3,590.92,591.05,4384.0
10:50,591.15,591.24,590.99,591.24,3329.0
10:51,590.81,590.81,590.81,590.81,2199.0
10:52,590.89,590.89,590.89,590.89,1404.0
10:53,590.96,590.96,590.96,590.96,609.0
10:54,591.07,591.07,590.83,590.83,1563.0
10:55,590.65,590.83,590.65,590.8,4526.0
10:56,590.66,590.66,590.54,590.63,714.0
10:57,590.8,590.83,590.8,590.83,3272.0
10:58,590.87,591.05,590.79,590.8,4642.0
10:59,590.68,590.89,590.68,590.89,2550.0
11:00,590.61,590.63,590.59,590.59,1234.0
11:01,590.52,590.7,590.52,590.6,1460.0
11:02,590.5,590.85,590.5,590.68,3948.0
11:03,590.64,590.7,590.64,590.7,387.0
11:04,590.2,590.64,590.2,590.64,2064.0
11:05,590.39,590.5,590.2,590.2,15649.0
11:06,590.72,590.9,590.57,590.65,4125.0
11:07,590.71,590.79,590.71,590.71,1854.0
11:08,590.33,590.39,590.33,590.39,1086.0
11:09,590.38,590.41,590.38,590.41,2378.0
11:10,590.34,590.35,590.34,590.35,637.0
11:11,590.31,590.36,590.21,590.32,4227.0
11:12,590.4,590.55,590.4,590.49,2222.0
11:13,590.55,590.55,590.47,590.47,1664.0
11:14,590.48,590.66,590.48,590.59,1552.0
11:15,590.48,590.75,590.48,590.75,1967.0
11:16,590.91,590.98,590.57,590.66,5050.0
11:17,590.9,590.91,590.9,590.91,1869.0
11:18,590.9,591.09,590.9,591.09,2859.0
11:19,590.89,590.89,590.79,590.79,1643.0
11:20,590.72,590.94,590.7,590.94,2633.0
11:21,590.7,590.76,590.7,590.76,554.0
11:22,590.72,590.89,590.7,590.89,2456.0
11:23,590.62,590.84,590.62,590.84,2631.0
11:24,590.59,590.59,590.58,590.59,703.0
11:25,590.59,590.59,590.55,590.55,874.0
11:26,590.65,590.65,590.57,590.58,2229.0
11:27,590.53,590.62,590.48,590.58,2086.0
11:28,590.4,590.59,590.4,590.59,1942.0
11:29,590.49,590.51,590.44,590.5,1884.0
11:30,590.49,590.67,590.41,590.41,2575.0
11:31,590.68,590.68,590.68,590.68,452.0
11:32,590.66,590.7,590.66,590.69,1320.0
11:33,590.66,590.66,590.64,590.65,1963.0
11:34,590.77,590.89,590.67,590.89,2576.0
11:35,591.09,591.09,590.89,590.89,1741.0
11:36,591.24,591.29,591.01,591.03,4193.0
11:37,591.25,591.27,591.1,591.12,2738.0
11:38,591.26,591.26,591.2,591.2,1283.0
11:39,591.09,591.16,591.07,591.07,1826.0
11:40,591.32,591.32,591.08,591.09,4161.0
11:41,591.32,591.32,591.32,591.32,756.0
11:42,591.34,591.34,591.08,591.08,1497.0
11:43,591.35,591.35,591.34,591.34,2499.0
11:44,591.35,591.35,591.34,591.34,665.0
11:45,591.35,591.35,591.35,591.35,1771.0
11:46,591.38,591.38,591.36,591.38,1574.0
11:47,591.41,591.41,591.38,591.41,1378.0
11:48,591.41,591.41,591.29,591.36,4194.0
11:49,591.54,591.54,591.41,591.41,2701.0
11:50,591.54,591.54,591.54,591.54,646.0
11:51,591.57,591.57,591.51,591.54,1852.0
11:52,591.75,591.75,591.49,591.67,2524.0
11:53,592.01,592.03,591.79,591.79,4129.0
11:54,592.01,592.01,592.01,592.01,639.0
11:55,592.11,592.2,592.01,592.01,1605.0
11:56,592.16,592.21,592.01,592.01,2102.0
11:57,592.21,592.23,592.01,592.01,2599.0
11:58,592.29,592.29,592.21,592.21,1381.0
11:59,592.22,592.22,592.22,592.22,325.0
12:00,592.22,592.4,592.22,592.4,1020.0
12:01,592.43,592.46,592.38,592.46,1475.0
12:02,592.53,592.6,592.46,592.46,2607.0
12:03,592.53,592.59,592.48,592.59,3357.0
12:04,592.6,592.6,592.53,592.53,1573.0
12:05,592.4,592.6,592.4,592.6,2063.0
12:06,592.55,592.78,592.55,592.78,701.0
12:07,592.46,592.65,592.46,592.65,1492.0
12:08,592.55,592.59,592.37,592.43,1998.0
12:09,592.55,592.55,592.46,592.55,973.0
12:10,592.55,592.55,592.55,592.55,2920.0
12:11,592.55,592.55,592.55,592.55,2169.0
12:12,592.54,592.54,592.54,592.54,1515.0
12:13,592.64,592.64,592.64,592.64,1279.0
12:14,592.75,592.75,592.74,592.74,1043.0
12:15,592.8,592.8,592.8,592.8,1379.0
12:16,592.88,592.88,592.8,592.8,1065.0
12:17,592.76,592.8,592.65,592.8,4276.0
12:18,592.61,592.76,592.59,592.76,2699.0
12:19,592.63,592.63,592.63,592.63,1128.0
12:20,592.63,592.63,592.63,592.63,642.0
12:21,592.76,592.81,592.67,592.67,1048.0
12:22,592.75,592.75,592.75,592.75,1734.0
12:23,592.68,592.72,592.68,592.7,2290.0
12:24,592.62,592.7,592.62,592.65,2845.0
12:25,592.55,592.67,592.55,592.6,3401.0
12:26,592.67,592.67,592.66,592.66,1063.0
12:27,592.74,592.74,592.74,592.74,821.0
12:28,592.65,592.85,592.65,592.85,4531.0
12:29,592.82,592.82,592.82,592.82,814.0
12:30,592.74,592.85,592.73,592.85,1244.0
12:31,592.78,592.79,592.57,592.73,4361.0
12:32,592.59,592.78,592.59,592.78,3895.0
12:33,592.72,592.72,592.72,592.72,589.0
12:34,592.73,592.73,592.73,592.73,532.0
12:35,592.66,592.73,592.66,592.73,1746.0
12:36,592.74,592.74,592.74,592.74,827.0
12:37,592.71,592.72,592.71,592.72,896.0
12:38,592.67,592.7,592.67,592.7,965.0
12:39,592.51,592.51,592.51,592.51,772.0
12:40,592.78,592.83,592.53,592.67,4393.0
12:41,592.72,592.72,592.68,592.68,821.0
12:42,592.79,592.79,592.6,592.63,1774.0
12:43,592.7,592.7,592.7,592.7,567.0
12:44,592.79,592.84,592.63,592.63,3073.0
12:45,593.07,593.07,592.88,592.9,3562.0
12:46,593.04,593.04,592.92,592.92,3404.0
12:47,592.97,592.97,592.75,592.9,2922.0
12:48,592.82,592.97,592.82,592.97,1375.0
12:49,593.19,593.19,593.19,593.19,658.0
12:50,593.04,593.1,593.04,593.1,920.0
12:51,593.23,593.23,593.19,593.19,865.0
12:52,593.4,593.5,593.4,593.48,2088.0
12:53,593.44,593.45,593.24,593.45,4613.0
12:54,593.44,593.44,593.43,593.43,2543.0
12:55,593.39,593.39,593.39,593.39,298.0
12:56,593.34,593.34,593.09,593.21,5538.0
12:57,593.29,593.29,593.26,593.26,1184.0
12:58,593.19,593.28,593.15,593.23,3371.0
12:59,593.09,593.27,593.03,593.19,5558.0
13:00,593.18,593.2,593.14,593.2,4681.0
13:01,593.18,593.18,593.18,593.18,743.0
13:02,593.19,593.19,593.19,593.19,659.0
13:03,593.17,593.17,593.17,593.17,251.0
13:04,593.35,593.35,593.18,593.2,1706.0
13:05,593.48,593.53,593.41,593.41,2950.0
13:06,593.47,593.48,593.37,593.48,1531.0
13:07,593.43,593.48,593.43,593.48,1389.0
13:08,593.31,593.46,593.27,593.42,8727.0
13:09,593.32,593.32,593.32,593.32,990.0
13:10,593.3,593.35,593.3,593.35,350.0
13:11,593.29,593.35,593.18,593.35,1405.0
13:12,593.29,593.34,593.21,593.34,2101.0
13:13,593.29,593.31,593.23,593.3,1746.0
13:14,593.29,593.29,593.25,593.25,1390.0
13:15,593.05,593.24,593.05,593.14,3623.0
13:16,593.1,593.1,593.01,593.01,1477.0
13:17,592.87,592.92,592.87,592.92,996.0
13:18,592.86,592.9,592.75,592.75,4043.0
13:19,592.86,592.86,592.86,592.86,1319.0
13:20,593.0,593.0,592.85,592.85,2189.0
13:21,592.84,593.02,592.84,593.0,1890.0
13:22,592.83,592.83,592.83,592.83,713.0
13:23,592.82,592.92,592.82,592.91,2752.0
13:24,592.82,593.02,592.82,593.0,4792.0
13:25,592.85,592.85,592.83,592.83,946.0
13:26,592.99,592.99,592.96,592.96,1683.0
13:27,592.97,593.08,592.94,592.94,1285.0
13:28,593.08,593.08,592.86,593.03,3716.0
13:29,593.04,593.05,592.93,593.02,2349.0
13:30,593.0,593.02,593.0,593.0,982.0
13:31,592.91,593.0,592.87,593.0,3378.0
13:32,592.85,592.86,592.85,592.86,22772.0
13:33,592.9,592.92,592.9,592.92,1022.0
13:34,593.04,593.04,593.04,593.04,1970.0
13:35,593.01,593.01,593.01,593.01,513.0
13:36,593.0,593.0,593.0,593.0,1033.0
13:37,592.88,593.03,592.79,593.03,2948.0
13:38,592.89,592.89,592.88,592.89,5532.0
13:39,592.87,592.87,592.86,592.87,4357.0
13:40,592.85,592.85,592.85,592.85,3182.0
13:41,592.84,592.84,592.83,592.84,2006.0
13:42,592.82,592.82,592.82,592.82,831.0
13:43,592.87,592.93,592.87,592.93,1340.0
13:44,592.72,592.84,592.71,592.84,2940.0
13:45,592.52,592.74,592.52,592.56,1871.0
13:46,592.52,592.71,592.52,592.63,1283.0
13:47,592.52,592.69,592.52,592.69,695.0
13:48,592.59,592.59,592.52,592.52,1249.0
13:49,592.62,592.62,592.62,592.62,492.0
13:50,592.06,592.5,592.06,592.5,2560.0
13:51,592.15,592.52,592.08,592.3,2062.0
13:52,592.24,592.54,592.1,592.1,1565.0
13:53,592.2,592.22,592.17,592.22,798.0
13:54,592.06,592.17,592.06,592.17,659.0
13:55,591.98,592.16,591.91,592.16,5583.0
13:56,591.99,592.1,591.89,592.01,4221.0
13:57,591.99,592.05,591.87,591.87,2859.0
13:58,592.0,592.09,591.99,592.09,1288.0
13:59,591.87,592.07,591.87,592.07,1011.0
14:00,591.87,592.12,591.87,592.05,2848.0
14:01,592.12,592.15,592.11,592.15,1522.0
14:02,592.14,592.14,592.14,592.14,697.0
14:03,592.27,592.36,592.02,592.02,2780.0
14:04,592.16,592.24,592.16,592.24,909.0
14:05,592.31,592.4,592.2,592.2,3499.0
14:06,592.4,592.4,592.31,592.31,871.0
14:07,592.31,592.31,592.31,592.31,1202.0
14:08,592.31,592.39,592.31,592.39,554.0
14:09,592.31,592.39,592.28,592.39,1778.0
14:10,592.2,592.23,592.11,592.16,2736.0
14:11,592.2,592.2,592.2,592.2,213.0
14:12,592.16,592.22,592.15,592.22,1506.0
14:13,591.87,592.18,591.87,592.18,9003.0
14:14,591.8,591.97,591.8,591.97,1405.0
14:15,591.95,591.96,591.95,591.95,1159.0
14:16,591.92,592.08,591.75,591.76,9700.0
14:17,591.91,592.02,591.86,592.02,1890.0
14:18,591.84,591.9,591.75,591.9,1656.0
14:19,591.84,591.85,591.84,591.85,1527.0
14:20,591.82,591.84,591.82,591.83,504.0
14:21,591.76,591.83,591.76,591.83,1097.0
14:22,591.81,591.84,591.74,591.84,2731.0
14:23,591.81,591.81,591.81,591.81,846.0
14:24,591.79,591.82,591.72,591.72,2504.0
14:25,591.79,591.79,591.79,591.79,865.0
14:26,591.67,591.79,591.66,591.79,2123.0
14:27,591.72,591.72,591.72,591.72,1028.0
14:28,591.72,591.72,591.71,591.71,522.0
14:29,591.78,591.83,591.72,591.72,1911.0
14:30,591.86,591.86,591.74,591.74,2992.0
14:31,592.12,592.12,592.0,592.05,2410.0
14:32,592.16,592.16,592.12,592.12,1969.0
14:33,591.97,592.11,591.97,592.11,2037.0
14:34,592.05,592.05,592.05,592.05,115.0
14:35,592.07,592.08,591.99,591.99,1447.0
14:36,592.08,592.08,592.07,592.07,2403.0
14:37,592.08,592.08,592.07,592.07,1298.0
14:38,592.08,592.08,592.08,592.08,194.0
14:39,592.06,592.07,591.93,592.07,1461.0
14:40,592.06,592.1,592.06,592.06,874.0
14:41,592.06,592.06,592.06,592.06,540.0
14:42,591.91,592.04,591.8,591.95,4976.0
14:43,591.79,591.93,591.79,591.89,7367.0
14:44,591.85,591.87,591.85,591.85,1359.0
14:45,591.9,591.92,591.84,591.84,1614.0
14:46,591.83,591.85,591.76,591.83,1686.0
14:47,591.75,591.89,591.75,591.89,4606.0
14:48,591.75,591.78,591.69,591.78,2500.0
14:49,591.9,591.93,591.7,591.81,2882.0
14:50,591.91,591.91,591.85,591.87,2815.0
14:51,591.89,591.92,591.81,591.92,2081.0
14:52,591.81,591.86,591.66,591.86,4827.0
14:53,591.66,591.8,591.66,591.8,680.0
14:54,591.52,591.65,591.47,591.65,3644.0
14:55,591.41,591.42,591.39,591.42,1700.0
14:56,591.31,591.33,591.22,591.33,2581.0
14:57,591.33,591.38,591.16,591.25,6453.0
14:58,591.65,591.65,591.32,591.33,8748.0
14:59,591.83,591.84,591.6,591.74,5722.0
15:00,591.79,592.06,591.77,591.83,2279.0
15:01,591.91,591.91,591.8,591.8,1288.0
15:02,591.93,592.06,591.83,591.83,1985.0
15:03,592.23,592.23,591.91,591.97,9034.0
15:04,592.3,592.3,592.07,592.16,4817.0
15:05,591.94,592.3,591.94,592.3,4883.0
15:06,591.82,591.83,591.82,591.83,862.0
15:07,591.79,592.09,591.49,592.09,2282.0
15:08,591.84,591.84,591.84,591.84,1041.0
15:09,591.84,591.84,591.84,591.84,1261.0
15:10,591.9,591.9,591.84,591.84,1283.0
15:11,591.97,592.1,591.94,592.0,1828.0
15:12,591.93,591.93,591.93,591.93,1336.0
15:13,591.98,592.06,591.98,592.06,837.0
15:14,592.01,592.06,592.01,592.06,1538.0
15:15,592.01,592.01,591.93,592.01,3308.0
15:16,592.0,592.06,592.0,592.06,2160.0
15:17,591.84,592.0,591.78,592.0,3748.0
15:18,591.84,591.84,591.84,591.84,1027.0
15:19,591.84,591.84,591.84,591.84,894.0
15:20,591.84,591.94,591.83,591.84,3625.0
15:21,591.74,591.86,591.71,591.72,5554.0
15:22,591.79,591.88,591.79,591.88,2105.0
15:23,591.81,591.81,591.81,591.81,1249.0
15:24,591.79,591.82,591.69,591.69,2710.0
15:25,591.74,591.8,591.72,591.78,1774.0
15:26,591.6,591.74,591.6,591.74,4445.0
15:27,591.49,591.6,591.49,591.6,616.0
15:28,591.47,591.58,591.47,591.58,1766.0
15:29,591.62,591.62,591.47,591.55,4299.0
15:30,591.55,591.55,591.46,591.51,3008.0
15:31,591.55,591.55,591.55,591.55,1498.0
15:32,591.38,591.54,591.33,591.54,3138.0
15:33,591.3,591.36,591.3,591.36,1476.0
15:34,591.17,591.22,591.17,591.22,2716.0
15:35,591.16,591.18,591.0,591.17,5941.0
15:36,591.16,591.16,591.0,591.16,1866.0
15:37,591.14,591.16,591.07,591.16,3659.0
15:38,591.04,591.18,591.04,591.14,4844.0
15:39,590.92,591.09,590.92,591.09,3849.0
15:40,590.99,591.15,590.87,590.87,2337.0
15:41,590.99,591.01,590.88,591.01,3439.0
15:42,591.16,591.16,591.01,591.01,5379.0
15:43,591.09,591.19,590.98,591.16,5082.0
15:44,590.62,590.92,590.62,590.92,3982.0
15:45,590.8,590.93,590.65,590.65,9711.0
15:46,590.77,590.93,590.69,590.81,16323.0
15:47,590.76,590.9,590.72,590.77,8948.0
15:48,590.83,590.95,590.75,590.82,8167.0
15:49,590.49,590.76,590.49,590.76,6580.0
15:50,590.21,590.51,590.18,590.51,6990.0
15:51,590.22,590.25,589.93,590.14,21161.0
15:52,590.16,590.25,590.16,590.25,3368.0
15:53,590.37,590.45,590.2,590.21,17642.0
15:54,590.58,590.59,590.34,590.34,10444.0
15:55,590.9,591.22,590.43,590.48,16802.0
15:56,590.85,591.21,590.79,590.96,8578.0
15:57,590.94,591.09,590.78,591.0,25808.0
15:58,590.86,591.12,590.66,590.93,24482.0
15:59,590.47,590.89,589.81,590.86,105022.0
