Time,Close,High,Low,Open,Volume
09:30,590.93,590.93,590.93,590.93,32002.0
09:31,591.41,591.72,591.18,591.72,9966.0
09:32,592.29,592.34,592.06,592.06,1507.0
09:33,592.43,592.43,592.34,592.34,658.0
09:34,592.99,593.0,592.34,592.34,4158.0
09:35,592.86,593.01,592.65,592.78,7943.0
09:36,593.01,593.03,592.84,592.84,2343.0
09:37,593.2,593.32,592.98,592.98,2588.0
09:38,592.93,593.04,592.76,593.0,6312.0
09:39,592.88,593.06,592.85,592.93,5094.0
09:40,593.29,593.32,592.9,592.98,12405.0
09:41,592.53,593.33,592.53,593.29,7082.0
09:42,592.83,592.89,592.58,592.61,1858.0
09:43,592.6,592.74,592.6,592.74,1570.0
09:44,592.66,592.88,592.36,592.6,5221.0
09:45,593.19,593.19,592.9,592.9,1499.0
09:46,593.47,593.47,593.28,593.28,1847.0
09:47,593.66,593.8,593.34,593.49,6622.0
09:48,593.37,593.66,593.3,593.66,4984.0
09:49,593.34,593.42,593.34,593.42,3149.0
09:50,592.82,593.17,592.68,593.14,2576.0
09:51,592.4,592.72,592.4,592.72,2765.0
09:52,592.25,592.4,592.18,592.18,1689.0
09:53,592.47,592.54,592.3,592.3,2030.0
09:54,592.38,592.47,592.38,592.47,1230.0
09:55,592.43,592.61,592.32,592.32,2168.0
09:56,592.44,592.44,592.25,592.25,3320.0
09:57,592.43,592.43,592.43,592.43,16206.0
09:58,592.2983333333333,592.43,592.2983333333333,592.43,13825.833333333334
09:59,592.1666666666666,592.2983333333333,592.1666666666666,592.2983333333333,11445.666666666668
10:00,592.035,592.1666666666666,592.035,592.1666666666666,9065.5
10:01,591.9033333333333,592.035,591.9033333333333,592.035,6685.333333333334
10:02,591.7716666666666,591.9033333333333,591.7716666666666,591.9033333333333,4305.166666666668
10:03,591.64,591.64,591.64,591.64,1925.0
10:04,591.34,591.41,591.34,591.41,2721.0
10:05,590.89,591.14,590.74,591.14,6098.0
10:06,591.02,591.02,590.82,590.82,2138.0
10:07,591.03,591.03,590.78,590.78,2880.0
10:08,590.88,590.88,590.77,590.77,1376.0
10:09,590.9,591.34,590.9,591.07,3570.0
10:10,591.41,591.63,591.21,591.52,6388.0
10:11,591.58,591.69,591.35,591.44,4690.0
10:12,591.7,591.8,591.59,591.67,3466.0
10:13,591.83,591.91,591.82,591.91,2241.0
10:14,591.98,591.98,591.69,591.75,2318.0
10:15,591.54,591.77,591.4,591.77,4736.0
10:16,591.75,591.77,591.41,591.41,2379.0
10:17,591.63,591.71,591.61,591.71,2673.0
10:18,591.61,591.86,591.61,591.64,4759.0
10:19,591.64,591.64,591.53,591.53,3764.0
10:20,591.89,591.89,591.59,591.68,1879.0
10:21,591.9,591.9,591.9,591.9,343.0
10:22,591.88,592.03,591.88,592.01,3246.0
10:23,591.76,591.86,591.76,591.86,764.0
10:24,591.68,591.77,591.58,591.58,2343.0
10:25,592.26,592.39,591.63,591.86,5099.0
10:26,592.49,592.67,592.49,592.64,4530.0
10:27,593.15,593.15,592.72,592.72,7001.0
10:28,593.14,593.15,592.89,592.89,3200.0
10:29,593.12,593.15,593.02,593.1,3243.0
10:30,593.28,593.38,593.28,593.38,836.0
10:31,593.29,593.41,593.29,593.41,854.0
10:32,593.74,593.77,593.2,593.3,4300.0
10:33,593.98,594.08,593.48,593.48,5041.0
10:34,594.35,594.35,593.98,593.98,1546.0
10:35,594.33,594.34,594.11,594.25,7595.0
10:36,594.38,594.56,594.38,594.39,2577.0
10:37,594.38,594.54,594.23,594.38,10485.0
10:38,594.53,594.53,594.37,594.37,5294.0
10:39,594.48,594.61,594.3,594.4,3492.0
10:40,594.72,594.72,594.55,594.55,1690.0
10:41,594.72,594.73,594.72,594.73,1093.0
10:42,594.77,594.8,594.67,594.72,4411.0
10:43,594.82,594.82,594.75,594.75,5800.0
10:44,594.82,594.82,594.82,594.82,163.0
10:45,594.72,594.81,594.72,594.81,2724.0
10:46,594.88,594.95,594.68,594.84,16352.0
10:47,594.78,594.8,594.71,594.8,6191.0
10:48,594.53,594.73,594.41,594.7,12120.0
10:49,594.21,594.53,594.09,594.35,12049.0
10:50,594.09,594.4,594.09,594.4,1663.0
10:51,594.12,594.21,594.12,594.2,1412.0
10:52,594.26,594.26,594.07,594.07,1473.0
10:53,594.62,594.62,594.21,594.27,4601.0
10:54,595.03,595.03,594.85,594.85,4670.0
10:55,595.1,595.1,594.99,594.99,1340.0
10:56,595.34,595.34,595.28,595.28,2980.0
10:57,595.68,595.68,595.17,595.29,4538.0
10:58,595.48,595.75,595.48,595.75,871.0
10:59,595.48,595.72,595.18,595.18,5155.0
11:00,595.57,595.75,595.22,595.54,3431.0
11:01,595.34,595.73,595.31,595.73,5046.0
11:02,595.29,595.29,595.29,595.29,359.0
11:03,595.31,595.37,595.29,595.37,1656.0
11:04,595.28,595.28,595.28,595.28,990.0
11:05,595.35,595.49,595.28,595.28,5535.0
11:06,595.46,595.63,595.42,595.53,4516.0
11:07,595.57,595.77,595.57,595.77,3498.0
11:08,595.57,595.78,595.57,595.57,2028.0
11:09,596.01,596.01,595.8,595.82,5328.0
11:10,596.09,596.09,596.09,596.09,1148.0
11:11,596.07,596.2,596.02,596.1,7932.0
11:12,596.06,596.31,595.95,596.11,14716.0
11:13,595.97,596.06,595.97,596.06,1016.0
11:14,595.82,596.08,595.82,596.08,4037.0
11:15,595.9,595.9,595.73,595.79,6382.0
11:16,595.95,595.95,595.91,595.91,1714.0
11:17,595.66,595.92,595.66,595.92,1186.0
11:18,595.66,595.82,595.66,595.82,2068.0
11:19,595.62,595.62,595.62,595.62,260.0
11:20,595.32,595.64,595.32,595.62,7585.0
11:21,595.28,595.31,595.28,595.31,1535.0
11:22,595.29,595.44,595.0,595.09,5332.0
11:23,595.09,595.09,595.09,595.09,979.0
11:24,595.3,595.3,595.1,595.3,2353.0
11:25,595.3,595.51,595.29,595.51,1261.0
11:26,595.23,595.34,595.23,595.34,1125.0
11:27,595.08,595.29,595.08,595.27,1377.0
11:28,595.09,595.36,595.08,595.35,3626.0
11:29,595.1,595.43,595.08,595.43,5874.0
11:30,595.08,595.11,595.03,595.1,3591.0
11:31,595.1,595.23,595.1,595.19,2496.0
11:32,595.08,595.08,595.08,595.08,691.0
11:33,595.13,595.48,594.78,594.78,4306.0
11:34,595.29,595.29,595.29,595.29,853.0
11:35,595.5,595.5,595.39,595.39,1616.0
11:36,595.54,595.54,595.29,595.29,1237.0
11:37,595.52,595.57,595.5,595.5,1084.0
11:38,595.62,595.73,595.62,595.7,1943.0
11:39,595.68,595.89,595.68,595.89,2154.0
11:40,595.64,595.64,595.49,595.64,1104.0
11:41,595.67,595.67,595.58,595.63,3386.0
11:42,595.66,595.66,595.6,595.63,2917.0
11:43,595.64,595.64,595.61,595.63,2447.0
11:44,595.63,595.63,595.63,595.63,1978.0
11:45,595.63,595.63,595.63,595.63,481.0
11:46,595.83,595.89,595.67,595.74,3374.0
11:47,595.74,595.81,595.74,595.81,1290.0
11:48,595.75,595.82,595.74,595.74,1311.0
11:49,595.73,595.73,595.73,595.73,319.0
11:50,595.62,595.81,595.56,595.76,13526.0
11:51,595.52,595.64,595.52,595.62,9134.0
11:52,595.52,595.64,595.46,595.52,10302.0
11:53,595.41,595.53,595.3,595.49,15279.0
11:54,595.51,595.68,595.47,595.51,4923.0
11:55,595.68,595.68,595.45,595.45,4431.0
11:56,595.72,595.82,595.65,595.78,3831.0
11:57,595.72,595.82,595.72,595.82,2140.0
11:58,595.48,595.62,595.48,595.62,1860.0
11:59,595.62,595.62,595.62,595.62,945.0
12:00,595.46,595.64,595.4,595.4,7118.0
12:01,595.68,595.82,595.56,595.62,2018.0
12:02,595.67,595.67,595.66,595.66,650.0
12:03,595.76,595.83,595.7,595.7,1437.0
12:04,595.85,596.0,595.73,595.73,2224.0
12:05,595.85,595.87,595.77,595.84,1384.0
12:06,595.86,595.86,595.86,595.86,1283.0
12:07,595.85,596.06,595.77,595.85,1143.0
12:08,595.8,595.81,595.8,595.81,1073.0
12:09,595.85,595.93,595.79,595.85,1078.0
12:10,595.95,595.95,595.85,595.85,1292.0
12:11,595.81,595.85,595.81,595.85,1242.0
12:12,595.81,595.84,595.81,595.84,1602.0
12:13,595.81,595.83,595.81,595.83,1961.0
12:14,595.78,595.78,595.78,595.78,664.0
12:15,595.78,595.97,595.65,595.78,18652.0
12:16,595.96,596.1,595.9,596.01,5700.0
12:17,595.99,596.14,595.92,596.14,1880.0
12:18,595.72,596.01,595.72,595.99,9990.0
12:19,595.79,595.79,595.79,595.79,2397.0
12:20,595.91,595.95,595.85,595.88,3870.0
12:21,595.99,595.99,595.93,595.93,1167.0
12:22,596.03,596.03,595.96,595.96,1731.0
12:23,596.02,596.03,595.95,595.99,1480.0
12:24,596.01,596.02,595.94,596.02,1228.0
12:25,596.01,596.01,596.01,596.01,1097.0
12:26,595.99,596.01,595.93,596.01,9790.0
12:27,596.02,596.07,596.02,596.07,2264.0
12:28,596.03,596.04,595.93,595.93,14484.0
12:29,596.0,596.11,596.0,596.03,860.0
12:30,596.09,596.17,595.86,595.86,3821.0
12:31,596.16,596.16,596.12,596.12,676.0
12:32,596.45,596.45,596.26,596.26,2128.0
12:33,596.62,596.64,596.41,596.41,2566.0
12:34,596.67,596.67,596.67,596.67,303.0
12:35,596.66,596.74,596.66,596.73,2846.0
12:36,596.77,596.77,596.65,596.7,1488.0
12:37,596.77,596.77,596.72,596.77,716.0
12:38,596.72,596.83,596.66,596.76,6013.0
12:39,596.72,596.72,596.72,596.72,4216.0
12:40,596.72,596.72,596.71,596.72,1061.0
12:41,596.74,596.83,596.67,596.72,6569.0
12:42,596.73,596.73,596.69,596.69,1847.0
12:43,596.74,596.74,596.7,596.71,3820.0
12:44,596.75,596.79,596.75,596.75,1875.0
12:45,596.65,596.75,596.61,596.75,14289.0
12:46,596.68,596.69,596.58,596.68,5406.0
12:47,596.65,596.72,596.59,596.72,1861.0
12:48,596.61,596.7,596.57,596.65,6191.0
12:49,596.5,596.72,596.5,596.65,21453.0
12:50,596.18,596.59,596.18,596.52,9149.0
12:51,596.11,596.21,596.11,596.21,1303.0
12:52,595.97,596.11,595.97,596.11,850.0
12:53,595.95,596.06,595.73,596.06,3410.0
12:54,595.93,595.93,595.89,595.89,5865.0
12:55,595.84,595.92,595.84,595.92,563.0
12:56,595.7,595.84,595.64,595.84,3516.0
12:57,595.77,595.78,595.76,595.76,1388.0
12:58,595.8,595.81,595.67,595.67,2668.0
12:59,595.88,595.88,595.74,595.88,1447.0
13:00,595.49,595.88,595.49,595.88,4250.0
13:01,595.51,595.59,595.47,595.47,2322.0
13:02,595.48,595.48,595.48,595.48,111.0
13:03,595.35,595.49,595.35,595.48,1631.0
13:04,595.17,595.37,595.14,595.16,1512.0
13:05,595.17,595.37,595.17,595.17,1623.0
13:06,595.44,595.44,595.33,595.33,941.0
13:07,595.26,595.42,595.26,595.31,871.0
13:08,595.33,595.33,595.23,595.27,685.0
13:09,595.42,595.57,595.4,595.4,2357.0
13:10,595.54,595.57,595.39,595.43,2520.0
13:11,595.54,595.54,595.54,595.54,477.0
13:12,595.64,595.79,595.52,595.79,1968.0
13:13,595.63,595.63,595.63,595.63,244.0
13:14,595.63,595.72,595.63,595.64,2128.0
13:15,595.52,595.64,595.51,595.64,1434.0
13:16,595.6,595.66,595.47,595.54,5417.0
13:17,595.28,595.58,595.28,595.58,3733.0
13:18,595.11,595.23,594.96,595.23,1322.0
13:19,595.12,595.23,595.09,595.11,3689.0
13:20,595.22,595.36,595.12,595.12,3822.0
13:21,595.35,595.35,595.35,595.35,580.0
13:22,595.38,595.38,595.23,595.35,2000.0
13:23,595.2,595.2,595.2,595.2,527.0
13:24,594.86,595.21,594.86,595.21,2876.0
13:25,595.2,595.2,594.86,594.86,3210.0
13:26,595.25,595.25,595.25,595.25,371.0
13:27,595.26,595.38,595.26,595.38,510.0
13:28,595.31,595.36,595.31,595.36,1141.0
13:29,595.1,595.1,595.1,595.1,385.0
13:30,595.3,595.31,595.1,595.1,2099.0
13:31,595.3,595.31,595.3,595.31,1572.0
13:32,595.09,595.22,594.95,595.11,4768.0
13:33,595.2,595.21,595.09,595.09,2306.0
13:34,595.41,595.42,595.29,595.29,2124.0
13:35,595.5,595.53,595.39,595.39,1838.0
13:36,595.59,595.64,595.5,595.5,1553.0
13:37,595.78,595.86,595.5,595.5,1818.0
13:38,596.04,596.04,595.9,595.9,589.0
13:39,595.75,595.9,595.75,595.9,2366.0
13:40,595.87,595.97,595.82,595.91,2022.0
13:41,596.03,596.03,595.92,595.92,1330.0
13:42,595.97,596.19,595.87,596.16,5886.0
13:43,595.99,595.99,595.99,595.99,634.0
13:44,595.97,595.97,595.97,595.97,411.0
13:45,596.07,596.07,595.95,595.98,1534.0
13:46,596.14,596.14,596.04,596.05,1266.0
13:47,596.21,596.21,596.13,596.13,997.0
13:48,596.09,596.24,596.05,596.24,2788.0
13:49,595.94,595.94,595.94,595.94,676.0
13:50,596.16,596.16,596.09,596.09,1050.0
13:51,596.1,596.1,596.1,596.1,564.0
13:52,596.3,596.3,596.1,596.1,1236.0
13:53,595.97,596.23,595.97,596.23,3395.0
13:54,596.01,596.12,596.01,596.12,1424.0
13:55,596.22,596.22,596.12,596.12,997.0
13:56,596.12,596.12,596.12,596.12,920.0
13:57,596.11,596.12,596.11,596.12,1785.0
13:58,596.05,596.12,595.97,596.12,6976.0
13:59,596.06,596.11,596.0,596.08,4148.0
14:00,596.07,596.09,596.03,596.03,1319.0
14:01,595.99,595.99,595.9,595.93,769.0
14:02,595.97,595.97,595.97,595.97,811.0
14:03,596.04,596.11,595.97,595.97,2134.0
14:04,596.02,596.03,595.98,595.98,2054.0
14:05,596.01,596.01,596.01,596.01,896.0
14:06,596.0,596.01,596.0,596.01,1339.0
14:07,596.04,596.04,596.04,596.04,1492.0
14:08,596.01,596.01,596.01,596.01,1166.0
14:09,596.0,596.11,596.0,596.11,710.0
14:10,596.13,596.13,596.04,596.06,4359.0
14:11,596.08,596.08,596.08,596.08,453.0
14:12,596.06,596.09,595.96,596.09,5332.0
14:13,596.08,596.08,595.97,595.97,4371.0
14:14,596.05,596.08,595.92,595.95,4440.0
14:15,596.02,596.08,595.87,595.93,4508.0
14:16,596.07,596.07,596.07,596.07,893.0
14:17,595.53,595.88,595.53,595.88,2025.0
14:18,595.58,595.86,595.58,595.78,2016.0
14:19,595.64,595.84,595.64,595.68,2007.0
14:20,595.66,595.77,595.66,595.75,1814.0
14:21,595.5,595.62,595.5,595.62,2579.0
14:22,595.45,595.53,595.45,595.53,1858.0
14:23,595.41,595.44,595.41,595.44,1137.0
14:24,595.43,595.54,595.43,595.54,1751.0
14:25,595.38,595.5,595.38,595.5,2121.0
14:26,595.32,595.47,595.32,595.47,2491.0
14:27,595.24,595.24,595.24,595.24,2239.0
14:28,595.24,595.24,595.24,595.24,1708.0
14:29,595.25,595.25,595.25,595.25,1178.0
14:30,595.26,595.26,595.26,595.26,647.0
14:31,595.09,595.09,595.09,595.09,618.0
14:32,595.28,595.33,595.21,595.25,3619.0
14:33,595.2,595.28,595.17,595.17,3122.0
14:34,595.24,595.24,595.24,595.24,1387.0
14:35,595.28,595.28,595.26,595.28,893.0
14:36,595.26,595.28,595.19,595.28,1329.0
14:37,595.25,595.25,595.15,595.25,1334.0
14:38,595.23,595.24,595.23,595.24,1522.0
14:39,594.99,595.23,594.99,595.23,4082.0
14:40,594.97,595.05,594.97,595.05,1133.0
14:41,595.05,595.05,595.03,595.03,20375.0
14:42,594.99,595.13,594.99,595.1,2535.0
14:43,594.9,595.08,594.9,595.0,3945.0
14:44,594.95,595.04,594.88,594.93,2800.0
14:45,594.99,594.99,594.85,594.87,1654.0
14:46,595.08,595.09,594.95,594.99,1805.0
14:47,595.09,595.14,595.04,595.14,2343.0
14:48,595.08,595.08,595.08,595.08,520.0
14:49,595.06,595.06,595.06,595.06,147.0
14:50,595.03,595.09,595.03,595.07,1538.0
14:51,594.97,594.97,594.94,594.95,2208.0
14:52,594.92,594.98,594.92,594.98,4659.0
14:53,594.91,594.91,594.91,594.91,2182.0
14:54,594.81,594.86,594.77,594.86,4499.0
14:55,594.71,594.81,594.63,594.81,6816.0
14:56,594.89,594.89,594.89,594.89,1140.0
14:57,594.87,594.91,594.87,594.91,1397.0
14:58,594.78,594.78,594.78,594.78,1231.0
14:59,594.71,594.71,594.71,594.71,952.0
15:00,594.66,594.69,594.62,594.69,2592.0
15:01,594.72,594.75,594.61,594.62,1883.0
15:02,594.6,594.6,594.6,594.6,847.0
15:03,594.66,594.66,594.66,594.66,764.0
15:04,594.78,594.78,594.66,594.66,1987.0
15:05,594.84,594.84,594.72,594.74,2253.0
15:06,594.76,594.76,594.76,594.76,504.0
15:07,594.79,594.88,594.79,594.88,3042.0
15:08,594.95,594.95,594.84,594.91,1773.0
15:09,595.0,595.06,594.99,594.99,3382.0
15:10,594.97,594.97,594.97,594.97,817.0
15:11,594.95,595.05,594.95,595.05,1538.0
15:12,595.17,595.18,594.98,594.98,3741.0
15:13,595.22,595.22,595.22,595.22,792.0
15:14,594.82,595.17,594.82,595.17,2628.0
15:15,594.94,594.94,594.81,594.82,1610.0
15:16,594.91,594.97,594.91,594.96,4228.0
15:17,594.86,594.86,594.86,594.86,708.0
15:18,594.91,594.91,594.91,594.91,960.0
15:19,594.85,594.85,594.85,594.85,719.0
15:20,595.07,595.07,594.75,594.85,3216.0
15:21,595.08,595.12,595.05,595.09,4914.0
15:22,594.91,595.04,594.91,595.02,2003.0
15:23,594.9,594.9,594.9,594.9,273.0
15:24,595.12,595.12,594.89,594.89,3079.0
15:25,595.12,595.14,595.1,595.14,2479.0
15:26,595.08,595.12,595.07,595.11,2216.0
15:27,595.04,595.09,595.03,595.08,1953.0
15:28,595.02,595.16,595.0,595.0,4656.0
15:29,595.17,595.17,594.97,594.97,1958.0
15:30,595.23,595.33,595.22,595.33,1807.0
15:31,595.45,595.45,595.28,595.33,2920.0
15:32,595.31,595.44,595.31,595.43,3819.0
15:33,595.52,595.52,595.27,595.36,2369.0
15:34,595.33,595.49,595.32,595.49,5623.0
15:35,595.32,595.32,595.32,595.32,1007.0
15:36,595.05,595.22,595.03,595.22,2851.0
15:37,595.06,595.1,594.93,595.1,7959.0
15:38,595.09,595.09,594.92,594.92,3220.0
15:39,594.9,595.22,594.83,595.1,21467.0
15:40,594.81,594.87,594.78,594.87,2575.0
15:41,594.85,594.87,594.85,594.86,1491.0
15:42,594.84,594.94,594.84,594.94,2777.0
15:43,594.86,594.97,594.86,594.93,4522.0
15:44,594.81,594.88,594.75,594.86,3342.0
15:45,594.76,594.79,594.64,594.79,2161.0
15:46,594.55,594.75,594.5,594.75,2824.0
15:47,594.72,594.72,594.4,594.41,5198.0
15:48,594.65,594.66,594.62,594.66,2187.0
15:49,594.42,594.64,594.4,594.64,3368.0
15:50,594.19,594.63,594.14,594.53,7268.0
15:51,593.79,593.89,593.76,593.89,3485.0
15:52,594.17,594.18,593.67,593.69,10439.0
15:53,594.08,594.32,594.08,594.22,5551.0
15:54,594.48,594.58,594.25,594.25,11279.0
15:55,594.5,594.67,594.41,594.42,22332.0
15:56,594.75,594.82,594.36,594.41,10502.0
15:57,595.22,595.34,594.81,594.81,21942.0
15:58,595.92,596.06,595.09,595.2,59117.0
15:59,595.48,596.01,595.12,595.92,103081.0
