Time,Close,High,Low,Open,Volume
09:30,592.93,593.88,592.46,593.08,28535.0
09:31,593.44,593.49,592.56,592.66,10278.0
09:32,592.91,593.51,592.31,593.41,6379.0
09:33,593.28,593.28,593.28,593.28,669.0
09:34,593.32,593.94,593.32,593.94,14169.0
09:35,593.66,593.66,593.08,593.08,6619.0
09:36,593.62,593.66,593.39,593.47,3189.0
09:37,593.44,593.7,593.18,593.62,10824.0
09:38,594.34,594.51,593.43,593.43,10179.0
09:39,594.65,594.65,594.13,594.34,3038.0
09:40,594.64,595.14,594.55,594.65,7112.0
09:41,594.52,594.52,594.48,594.48,4389.0
09:42,594.69,594.77,594.5,594.5,5842.0
09:43,594.83,594.99,594.62,594.99,2322.0
09:44,594.79,595.11,594.66,594.99,7347.0
09:45,595.09,595.35,594.79,595.11,5002.0
09:46,594.78,595.09,594.78,595.09,1555.0
09:47,594.38,594.78,594.17,594.78,8258.0
09:48,594.67,594.67,594.32,594.66,4030.0
09:49,594.05,594.55,594.05,594.55,3312.0
09:50,595.0,595.0,594.05,594.09,5130.0
09:51,594.82,595.12,594.82,595.03,3000.0
09:52,595.13,595.13,595.11,595.11,1476.0
09:53,595.42,595.42,595.21,595.3,5828.0
09:54,595.65,595.65,595.47,595.47,1803.0
09:55,595.66,596.0,595.66,596.0,1732.0
09:56,595.65,595.98,595.65,595.98,4093.0
09:57,595.78,595.79,595.53,595.53,1841.0
09:58,595.21,595.57,595.15,595.57,8003.0
09:59,595.5,595.51,595.21,595.21,6815.0
10:00,595.65,595.68,595.5,595.68,4592.0
10:01,595.43,595.78,595.43,595.58,10479.0
10:02,594.61,595.55,594.61,595.43,14469.0
10:03,594.62,594.68,594.34,594.59,4748.0
10:04,594.65,594.74,594.49,594.64,2418.0
10:05,594.79,594.89,594.64,594.67,4535.0
10:06,594.84,594.86,594.69,594.84,3843.0
10:07,595.05,595.11,594.69,594.99,6121.0
10:08,594.84,594.97,594.74,594.9,6575.0
10:09,594.67,594.74,594.42,594.74,5507.0
10:10,595.05,595.11,594.66,594.66,4181.0
10:11,594.44,595.07,594.44,595.07,4647.0
10:12,594.02,594.68,594.02,594.68,12736.0
10:13,594.01,594.21,593.99,594.03,2701.0
10:14,593.76,594.18,593.76,594.01,6044.0
10:15,593.84,593.93,593.67,593.93,5956.0
10:16,593.8,593.89,593.67,593.89,12906.0
10:17,593.36,593.87,593.36,593.8,12946.0
10:18,593.28,593.43,592.85,593.1,20992.0
10:19,593.31,593.55,593.05,593.43,6013.0
10:20,592.7,593.18,592.59,593.18,7259.0
10:21,592.59,593.05,592.59,593.05,2650.0
10:22,592.2,592.9,592.02,592.8,13831.0
10:23,592.29,592.47,592.12,592.19,12627.0
10:24,592.49,592.49,592.09,592.29,16402.0
10:25,592.22,592.49,592.22,592.49,1711.0
10:26,591.66,592.24,591.42,592.2,6665.0
10:27,591.72,591.72,591.72,591.72,386.0
10:28,591.42,591.59,591.35,591.59,5400.0
10:29,591.37,591.58,591.37,591.58,2218.0
10:30,591.45,591.78,591.15,591.37,6673.0
10:31,591.52,591.62,591.38,591.58,7102.0
10:32,591.03,591.47,591.03,591.47,8746.0
10:33,591.21,591.43,591.02,591.39,6228.0
10:34,590.92,591.4,590.92,591.16,10043.0
10:35,590.52,590.92,590.52,590.84,6529.0
10:36,590.75,590.75,590.41,590.62,4561.0
10:37,591.21,591.21,590.71,590.84,5079.0
10:38,590.72,590.87,590.71,590.87,2247.0
10:39,590.77,590.77,590.55,590.58,2653.0
10:40,590.25,590.48,590.25,590.48,4362.0
10:41,590.3,590.65,590.14,590.49,4986.0
10:42,589.68,590.04,589.68,590.04,6267.0
10:43,589.41,589.59,589.41,589.59,3472.0
10:44,589.03,589.54,588.99,589.54,5713.0
10:45,588.68,588.71,588.68,588.71,1784.0
10:46,588.73,589.14,588.67,588.87,9843.0
10:47,588.84,588.86,588.61,588.85,2464.0
10:48,588.83,589.01,588.52,589.01,7680.0
10:49,588.31,588.87,588.3,588.83,6905.0
10:50,589.11,589.11,588.37,588.58,7736.0
10:51,588.48,589.05,588.48,589.05,2806.0
10:52,588.78,588.9,588.63,588.65,2746.0
10:53,588.88,589.08,588.78,589.04,3787.0
10:54,588.79,589.06,588.79,588.91,2738.0
10:55,589.68,589.68,588.83,588.86,5869.0
10:56,589.64,590.06,589.5,589.7,8726.0
10:57,589.53,589.65,589.45,589.51,10115.0
10:58,589.39,589.82,589.3,589.57,3253.0
10:59,589.84,589.84,589.55,589.59,1605.0
11:00,589.8,589.84,589.37,589.77,8810.0
11:01,589.84,589.84,589.43,589.62,2653.0
11:02,590.17,590.39,590.04,590.05,6122.0
11:03,590.29,590.29,590.27,590.27,1284.0
11:04,590.16,590.45,590.03,590.45,4452.0
11:05,590.1,590.1,590.08,590.08,1469.0
11:06,589.91,590.27,589.81,590.1,7828.0
11:07,589.39,589.91,589.36,589.81,5563.0
11:08,589.65,589.65,589.33,589.38,4731.0
11:09,589.93,590.07,589.66,589.66,5690.0
11:10,589.85,590.02,589.85,590.02,4314.0
11:11,589.61,589.79,589.46,589.74,8263.0
11:12,589.49,589.51,589.49,589.51,1183.0
11:13,589.67,590.01,589.59,589.59,7507.0
11:14,589.76,589.83,589.65,589.83,5584.0
11:15,589.24,589.56,589.24,589.52,3940.0
11:16,588.97,589.09,588.97,589.06,1867.0
11:17,588.84,588.96,588.81,588.96,2224.0
11:18,588.77,589.12,588.77,588.84,3852.0
11:19,588.8,589.23,588.8,588.99,4357.0
11:20,589.23,589.23,589.09,589.09,2981.0
11:21,589.43,589.56,589.09,589.38,2226.0
11:22,589.13,589.41,589.13,589.41,6803.0
11:23,588.95,589.13,588.95,589.13,3166.0
11:24,588.74,588.94,588.74,588.94,4135.0
11:25,588.74,588.88,588.74,588.88,3410.0
11:26,588.47,588.74,588.35,588.74,5092.0
11:27,588.67,588.67,588.35,588.59,5315.0
11:28,588.36,588.72,588.36,588.52,1785.0
11:29,588.59,588.94,588.48,588.8,5275.0
11:30,588.79,588.89,588.66,588.66,3617.0
11:31,588.89,588.94,588.71,588.92,4530.0
11:32,588.92,588.97,588.81,588.97,3255.0
11:33,588.77,588.92,588.67,588.79,4529.0
11:34,589.0,589.02,588.7,588.87,3311.0
11:35,588.91,588.97,588.91,588.91,1131.0
11:36,589.01,589.08,588.8,588.93,6922.0
11:37,588.86,589.11,588.77,589.11,3456.0
11:38,589.36,589.36,588.85,588.86,6084.0
11:39,589.42,589.59,589.29,589.35,2445.0
11:40,589.64,589.67,589.48,589.64,1599.0
11:41,589.42,590.04,589.42,590.04,6044.0
11:42,589.45,589.64,589.45,589.47,3461.0
11:43,589.47,589.55,589.47,589.49,1491.0
11:44,589.55,589.66,589.36,589.62,2219.0
11:45,589.36,589.59,589.36,589.59,6300.0
11:46,589.46,589.52,589.46,589.52,1607.0
11:47,589.45,589.51,589.34,589.49,3925.0
11:48,589.33,589.45,589.33,589.45,482.0
11:49,589.45,589.54,589.45,589.54,1435.0
11:50,589.56,589.78,589.56,589.61,5479.0
11:51,589.23,589.57,589.23,589.57,4495.0
11:52,589.08,589.23,588.94,589.23,2878.0
11:53,588.98,589.04,588.93,588.93,990.0
11:54,589.1,589.22,588.81,589.02,2613.0
11:55,589.04,589.1,588.93,589.1,1092.0
11:56,589.28,589.37,589.27,589.27,2783.0
11:57,589.38,589.48,589.26,589.28,1812.0
11:58,589.47,589.47,589.47,589.47,434.0
11:59,589.39,589.73,589.29,589.73,5271.0
12:00,589.36,589.41,589.32,589.32,1618.0
12:01,589.42,589.55,589.31,589.55,4128.0
12:02,589.33,589.61,589.33,589.53,2985.0
12:03,589.06,589.3,589.06,589.3,3158.0
12:04,588.73,588.97,588.73,588.95,2491.0
12:05,588.54,588.64,588.54,588.6,1554.0
12:06,588.59,588.59,588.4,588.59,3458.0
12:07,588.59,588.59,588.59,588.59,498.0
12:08,588.59,588.59,588.59,588.59,1804.0
12:09,588.54,588.55,588.54,588.55,911.0
12:10,588.38,588.54,588.38,588.54,886.0
12:11,588.54,588.54,588.39,588.54,1634.0
12:12,588.01,588.54,588.01,588.54,5893.0
12:13,588.14,588.17,588.07,588.17,1843.0
12:14,588.01,588.19,588.01,588.14,4127.0
12:15,588.12,588.23,588.01,588.09,8473.0
12:16,588.03,588.27,588.01,588.23,3008.0
12:17,588.04,588.08,587.84,588.06,5065.0
12:18,587.67,588.0,587.32,588.0,5304.0
12:19,587.57,587.74,587.53,587.71,3470.0
12:20,587.4,587.72,587.4,587.72,1289.0
12:21,587.59,587.59,587.59,587.59,971.0
12:22,587.59,587.79,587.4,587.79,1686.0
12:23,587.7,587.7,587.4,587.6,4982.0
12:24,587.53,587.74,587.33,587.6,7849.0
12:25,587.57,587.78,587.57,587.73,2790.0
12:26,587.63,587.63,587.52,587.52,1818.0
12:27,587.51,587.63,587.51,587.6,2839.0
12:28,587.56,587.64,587.56,587.64,784.0
12:29,587.64,587.74,587.64,587.64,2270.0
12:30,587.64,587.77,587.44,587.64,5321.0
12:31,587.31,587.58,587.3,587.58,3110.0
12:32,587.22,587.41,587.22,587.41,572.0
12:33,587.41,587.41,587.41,587.41,1564.0
12:34,587.32,587.41,587.32,587.41,2746.0
12:35,587.37,587.48,587.33,587.33,4795.0
12:36,587.45,587.46,587.35,587.35,2466.0
12:37,587.1,587.42,587.1,587.4,4563.0
12:38,587.14,587.22,587.1,587.1,1767.0
12:39,587.28,587.39,587.11,587.14,4153.0
12:40,587.42,587.42,587.42,587.42,932.0
12:41,587.32,587.32,587.13,587.13,6208.0
12:42,587.44,587.44,587.28,587.28,2923.0
12:43,587.18,587.33,587.18,587.33,2536.0
12:44,586.8,587.29,586.8,587.29,4217.0
12:45,586.67,586.67,586.29,586.61,7545.0
12:46,586.67,586.74,586.48,586.64,6731.0
12:47,586.66,586.81,586.66,586.68,5917.0
12:48,586.73,586.73,586.59,586.64,3628.0
12:49,586.61,586.8,586.61,586.63,1815.0
12:50,586.53,586.8,586.53,586.76,5498.0
12:51,586.38,586.77,586.38,586.38,8522.0
12:52,586.44,586.44,586.44,586.44,2047.0
12:53,586.4,586.41,586.33,586.41,1103.0
12:54,586.57,586.61,586.4,586.4,3206.0
12:55,586.57,586.63,586.44,586.52,4500.0
12:56,586.47,586.47,586.36,586.44,2762.0
12:57,586.62,586.76,586.47,586.47,4736.0
12:58,587.13,587.41,586.86,586.86,5998.0
12:59,587.38,587.39,587.32,587.39,1909.0
13:00,587.31,587.31,587.31,587.31,792.0
13:01,587.61,587.75,587.61,587.64,2598.0
13:02,587.61,587.62,587.6,587.62,4473.0
13:03,587.37,587.41,587.37,587.41,2042.0
13:04,587.48,587.48,587.26,587.26,1633.0
13:05,587.34,587.57,587.34,587.52,1433.0
13:06,587.43,587.43,587.43,587.43,1012.0
13:07,587.28,587.31,587.22,587.29,3102.0
13:08,587.25,587.36,587.25,587.36,1412.0
13:09,587.26,587.38,587.25,587.38,2150.0
13:10,587.22,587.3,587.22,587.3,829.0
13:11,587.1,587.34,587.06,587.34,3056.0
13:12,587.46,587.46,587.17,587.17,3288.0
13:13,587.62,587.63,587.54,587.54,2851.0
13:14,587.81,587.81,587.53,587.81,1867.0
13:15,587.69,587.78,587.69,587.76,755.0
13:16,587.75,587.8,587.63,587.76,3847.0
13:17,587.72,587.8,587.67,587.67,1575.0
13:18,587.7,587.72,587.62,587.72,2842.0
13:19,587.67,587.8,587.67,587.8,3409.0
13:20,587.48,587.48,587.48,587.48,738.0
13:21,587.44,587.57,587.44,587.57,2503.0
13:22,587.48,587.54,587.48,587.54,1439.0
13:23,587.51,587.51,587.51,587.51,375.0
13:24,587.73,587.76,587.39,587.39,3600.0
13:25,587.84,587.85,587.56,587.56,3037.0
13:26,587.95,587.95,587.74,587.74,2474.0
13:27,587.77,587.87,587.77,587.86,2957.0
13:28,587.75,587.86,587.75,587.84,2332.0
13:29,587.61,587.7,587.61,587.7,1902.0
13:30,587.82,587.82,587.61,587.67,1833.0
13:31,588.03,588.03,587.84,587.84,3187.0
13:32,587.95,587.95,587.95,587.95,908.0
13:33,587.74,587.95,587.7,587.95,15160.0
13:34,587.89,587.89,587.75,587.75,1552.0
13:35,588.18,588.18,587.98,587.98,1599.0
13:36,588.19,588.19,588.14,588.18,1061.0
13:37,588.14,588.29,588.12,588.12,1267.0
13:38,588.28,588.28,588.15,588.15,995.0
13:39,588.04,588.04,588.04,588.04,290.0
13:40,587.98,588.16,587.91,588.16,4228.0
13:41,588.03,588.03,588.03,588.03,156.0
13:42,588.06,588.09,588.03,588.09,1001.0
13:43,587.93,587.99,587.93,587.99,2616.0
13:44,588.15,588.15,588.04,588.04,2247.0
13:45,588.09,588.12,588.09,588.09,1677.0
13:46,588.28,588.28,588.27,588.27,1347.0
13:47,588.0,588.14,588.0,588.14,1170.0
13:48,588.29,588.3,588.0,588.28,1633.0
13:49,588.38,588.38,588.0,588.3,2971.0
13:50,588.41,588.41,588.04,588.23,991.0
13:51,588.52,588.52,588.2,588.42,2029.0
13:52,588.41,588.66,588.41,588.66,1633.0
13:53,588.55,588.61,588.46,588.46,729.0
13:54,588.38,588.52,588.38,588.52,4135.0
13:55,588.45,588.53,588.39,588.39,3227.0
13:56,588.4,588.49,588.39,588.39,844.0
13:57,588.18,588.63,588.15,588.63,4006.0
13:58,588.33,588.33,588.31,588.31,708.0
13:59,588.19,588.44,588.19,588.31,2028.0
14:00,588.4,588.4,588.4,588.4,465.0
14:01,588.21,588.48,588.11,588.4,5493.0
14:02,588.23,588.26,588.23,588.26,996.0
14:03,588.49,588.64,588.19,588.39,5142.0
14:04,588.4,588.48,588.36,588.39,1332.0
14:05,588.6,588.6,588.32,588.46,4968.0
14:06,588.62,588.68,588.43,588.59,3390.0
14:07,588.65,588.76,588.53,588.72,1813.0
14:08,588.76,588.77,588.68,588.77,1931.0
14:09,588.76,588.76,588.68,588.68,2326.0
14:10,588.96,589.01,588.77,588.77,2564.0
14:11,589.0,589.03,588.89,589.02,4327.0
14:12,588.91,588.97,588.81,588.9,3528.0
14:13,588.82,588.91,588.73,588.78,2729.0
14:14,589.32,589.32,588.82,588.82,7053.0
14:15,589.38,589.47,589.2,589.47,4917.0
14:16,589.6,589.6,589.38,589.38,2225.0
14:17,589.57,589.63,589.48,589.61,7683.0
14:18,589.54,589.61,589.54,589.56,1037.0
14:19,589.69,589.7,589.63,589.64,2677.0
14:20,589.66,589.73,589.59,589.7,8188.0
14:21,589.61,589.64,589.54,589.61,2512.0
14:22,589.56,589.58,589.55,589.55,1433.0
14:23,589.86,589.86,589.69,589.71,2309.0
14:24,589.89,590.0,589.77,590.0,3317.0
14:25,589.69,589.73,589.69,589.7,2286.0
14:26,589.7,589.72,589.7,589.7,1274.0
14:27,589.7,589.7,589.7,589.7,262.0
14:28,589.74,589.86,589.74,589.79,2600.0
14:29,589.83,589.89,589.8,589.88,2194.0
14:30,589.75,590.11,589.75,589.94,3651.0
14:31,589.61,589.76,589.61,589.75,4295.0
14:32,589.57,589.78,589.51,589.67,4987.0
14:33,589.58,589.68,589.55,589.63,2779.0
14:34,589.58,589.58,589.58,589.58,571.0
14:35,589.5,589.58,589.5,589.58,1050.0
14:36,589.46,589.54,589.44,589.52,4545.0
14:37,589.46,589.46,589.44,589.45,1286.0
14:38,589.43,589.43,589.43,589.43,1515.0
14:39,589.42,589.52,589.42,589.42,762.0
14:40,589.3,589.52,589.3,589.43,1520.0
14:41,589.42,589.54,589.3,589.39,3969.0
14:42,589.41,589.42,589.41,589.42,1557.0
14:43,589.41,589.41,589.41,589.41,337.0
14:44,589.72,589.72,589.49,589.53,5206.0
14:45,589.67,589.75,589.64,589.75,2871.0
14:46,589.75,589.75,589.44,589.59,10303.0
14:47,589.6,589.7,589.59,589.59,1686.0
14:48,589.6,589.71,589.6,589.63,2598.0
14:49,589.6,589.62,589.6,589.6,824.0
14:50,589.51,589.72,589.51,589.72,4007.0
14:51,589.52,589.62,589.52,589.62,1025.0
14:52,589.62,589.62,589.46,589.53,2910.0
14:53,589.57,589.72,589.57,589.72,420.0
14:54,589.78,589.78,589.61,589.73,4100.0
14:55,589.72,589.77,589.72,589.77,984.0
14:56,589.74,589.74,589.72,589.72,1648.0
14:57,589.86,590.01,589.71,589.71,4699.0
14:58,589.88,589.88,589.76,589.85,1704.0
14:59,589.98,590.07,589.75,589.75,7405.0
15:00,589.81,589.82,589.81,589.81,1065.0
15:01,589.71,589.91,589.71,589.91,2609.0
15:02,589.52,589.69,589.5,589.69,3733.0
15:03,589.32,589.51,589.32,589.35,1668.0
15:04,589.36,589.36,589.14,589.32,1646.0
15:05,589.27,589.37,589.21,589.29,4721.0
15:06,589.22,589.36,589.22,589.26,3478.0
15:07,589.35,589.35,589.28,589.28,592.0
15:08,589.35,589.42,589.27,589.34,4227.0
15:09,589.32,589.36,589.27,589.27,1150.0
15:10,589.37,589.37,589.31,589.32,1949.0
15:11,589.32,589.39,589.31,589.31,2352.0
15:12,589.43,589.51,589.36,589.36,5718.0
15:13,589.6,589.64,589.53,589.53,5510.0
15:14,589.74,589.75,589.56,589.56,2711.0
15:15,589.78,589.79,589.73,589.75,3089.0
15:16,590.09,590.16,589.8,589.8,4438.0
15:17,589.93,590.09,589.93,590.09,4385.0
15:18,590.17,590.32,590.01,590.09,98361.0
15:19,590.15,590.15,590.02,590.14,6658.0
15:20,590.28,590.28,590.08,590.08,3241.0
15:21,590.41,590.51,590.28,590.35,5472.0
15:22,590.97,590.97,590.38,590.4,4909.0
15:23,590.78,590.78,590.73,590.75,3999.0
15:24,591.04,591.12,590.92,590.94,7994.0
15:25,590.83,591.08,590.83,591.08,5983.0
15:26,590.99,591.04,590.91,590.91,5672.0
15:27,591.16,591.16,591.04,591.06,3502.0
15:28,591.16,591.16,591.15,591.15,2151.0
15:29,591.25,591.25,591.04,591.05,3006.0
15:30,591.15,591.24,591.05,591.2,6085.0
15:31,591.53,591.53,591.16,591.16,7242.0
15:32,591.67,591.67,591.58,591.64,3093.0
15:33,591.65,591.68,591.51,591.67,7749.0
15:34,591.54,591.73,591.54,591.68,4473.0
15:35,591.77,591.85,591.65,591.65,7260.0
15:36,591.86,591.98,591.84,591.84,8668.0
15:37,591.66,592.01,591.66,592.0,9392.0
15:38,591.53,591.72,591.44,591.59,15137.0
15:39,591.28,591.57,591.25,591.57,7294.0
15:40,591.43,591.44,591.26,591.35,4469.0
15:41,591.47,591.56,591.4,591.53,7182.0
15:42,591.56,591.67,591.48,591.56,7809.0
15:43,591.45,591.56,591.4,591.56,5087.0
15:44,591.5,591.5,591.3,591.39,2827.0
15:45,591.46,591.54,591.3,591.42,7414.0
15:46,591.39,591.56,591.27,591.52,7586.0
15:47,591.54,591.54,591.39,591.39,6047.0
15:48,591.51,591.58,591.4,591.47,7093.0
15:49,591.5,591.81,591.44,591.47,10886.0
15:50,592.94,592.95,591.59,592.12,14481.0
15:51,592.79,593.03,592.59,592.86,20896.0
15:52,592.61,592.86,592.37,592.81,23720.0
15:53,592.71,592.82,592.57,592.61,17838.0
15:54,592.73,592.91,592.61,592.73,13435.0
15:55,592.58,592.78,592.18,592.78,28040.0
15:56,592.85,592.85,592.48,592.58,21989.0
15:57,592.92,593.1,592.78,592.86,29613.0
15:58,592.92,592.97,592.65,592.95,78811.0
15:59,591.61,593.06,591.57,592.8,183226.0
