Time,Close,High,Low,Open,Volume
09:30,205.23,205.48,204.63,204.63,1172558.0
09:31,205.12,205.59,204.94,205.22,196755.0
09:32,205.1,205.22,204.83,205.15,103438.0
09:33,205.1,205.14,204.92,205.11,67331.0
09:34,204.99,205.25,204.96,205.1,77961.0
09:35,204.75,205.02,204.65,204.99,128477.0
09:36,204.77,204.86,204.62,204.78,138905.0
09:37,204.99,205.16,204.73,204.73,133941.0
09:38,205.35,205.35,204.76,204.93,81743.0
09:39,205.28,205.4,205.12,205.35,86378.0
09:40,205.08,205.48,205.06,205.28,119824.0
09:41,205.02,205.1,204.88,205.07,95446.0
09:42,205.09,205.17,204.8,205.05,84187.0
09:43,205.03,205.12,204.85,205.04,97859.0
09:44,204.93,205.06,204.81,205.01,55164.0
09:45,205.22,205.24,204.89,204.95,88120.0
09:46,205.05,205.24,204.95,205.17,42889.0
09:47,204.67,205.09,204.65,205.04,94078.0
09:48,204.74,204.87,204.5,204.64,127446.0
09:49,204.76,204.81,204.61,204.73,67505.0
09:50,204.56,204.73,204.46,204.73,71056.0
09:51,204.91,204.91,204.39,204.55,83150.0
09:52,205.05,205.27,204.89,204.9,115396.0
09:53,205.02,205.22,204.99,205.07,97943.0
09:54,205.09,205.19,205.02,205.04,51053.0
09:55,205.02,205.17,204.97,205.06,56443.0
09:56,204.99,205.04,204.87,204.95,37266.0
09:57,205.06,205.1,204.93,204.98,38966.0
09:58,204.99,205.1,204.99,205.04,106058.0
09:59,205.04,205.18,204.96,205.01,97960.0
10:00,204.94,205.08,204.88,205.0,69774.0
10:01,204.79,204.94,204.75,204.94,82460.0
10:02,204.85,205.03,204.69,204.8,56298.0
10:03,204.83,204.95,204.77,204.88,32778.0
10:04,204.74,204.85,204.66,204.83,71822.0
10:05,204.85,204.92,204.71,204.74,48849.0
10:06,204.7,204.93,204.67,204.87,67658.0
10:07,204.48,204.7,204.4,204.68,107636.0
10:08,204.19,204.47,204.17,204.47,127822.0
10:09,204.05,204.25,204.05,204.19,90664.0
10:10,204.12,204.26,203.98,204.03,112346.0
10:11,204.08,204.24,204.04,204.13,88666.0
10:12,204.05,204.09,203.88,204.09,132844.0
10:13,204.0,204.22,204.0,204.07,72114.0
10:14,204.04,204.07,203.93,204.01,68264.0
10:15,204.14,204.18,203.93,204.03,50688.0
10:16,203.96,204.21,203.92,204.19,110380.0
10:17,204.23,204.24,203.88,203.94,102063.0
10:18,204.25,204.35,204.17,204.23,78543.0
10:19,204.14,204.3,204.11,204.26,53460.0
10:20,204.37,204.38,204.1,204.12,45867.0
10:21,204.36,204.44,204.34,204.38,62435.0
10:22,204.4,204.49,204.33,204.35,71882.0
10:23,204.42,204.46,204.36,204.43,36106.0
10:24,204.25,204.43,204.21,204.43,48963.0
10:25,204.0,204.33,203.75,204.27,246255.0
10:26,204.12,204.15,203.97,204.01,56338.0
10:27,203.95,204.13,203.93,204.1,56824.0
10:28,203.82,203.99,203.72,203.97,114733.0
10:29,203.84,203.85,203.77,203.8,42550.0
10:30,203.92,203.98,203.77,203.81,90093.0
10:31,203.97,204.02,203.84,203.94,50701.0
10:32,203.86,204.04,203.83,203.96,55495.0
10:33,203.96,203.96,203.79,203.84,54798.0
10:34,203.99,204.02,203.91,203.97,61624.0
10:35,204.04,204.07,203.95,204.0,55276.0
10:36,203.92,204.05,203.88,204.05,62202.0
10:37,204.05,204.06,203.91,203.93,51048.0
10:38,204.1,204.14,203.98,204.07,58161.0
10:39,204.25,204.3,204.1,204.1,70979.0
10:40,204.32,204.35,204.22,204.25,53789.0
10:41,204.23,204.33,204.18,204.32,43149.0
10:42,204.29,204.3,204.19,204.22,49243.0
10:43,204.25,204.27,204.15,204.26,38783.0
10:44,204.26,204.37,204.23,204.23,69480.0
10:45,204.21,204.28,204.12,204.26,103905.0
10:46,204.15,204.24,204.13,204.21,51988.0
10:47,204.2,204.2,204.1,204.16,38157.0
10:48,204.35,204.35,204.2,204.2,59310.0
10:49,204.43,204.45,204.29,204.35,113622.0
10:50,204.34,204.45,204.32,204.4,35740.0
10:51,204.3,204.36,204.18,204.34,38911.0
10:52,204.38,204.42,204.29,204.29,34258.0
10:53,204.37,204.43,204.34,204.37,22087.0
10:54,204.46,204.48,204.35,204.37,28843.0
10:55,204.37,204.48,204.37,204.46,48321.0
10:56,204.33,204.41,204.31,204.39,40208.0
10:57,204.16,204.4,204.09,204.32,101691.0
10:58,204.09,204.19,204.02,204.15,57851.0
10:59,204.07,204.17,204.06,204.09,41165.0
11:00,204.0,204.05,203.85,204.05,88875.0
11:01,204.02,204.05,203.92,204.01,38172.0
11:02,204.07,204.1,203.99,204.01,29619.0
11:03,204.18,204.21,204.04,204.07,42160.0
11:04,204.01,204.18,203.99,204.18,32916.0
11:05,203.99,204.03,203.91,203.99,39128.0
11:06,203.88,204.03,203.85,203.98,79962.0
11:07,203.96,203.99,203.81,203.85,33825.0
11:08,203.91,203.96,203.87,203.95,38406.0
11:09,203.87,203.96,203.86,203.92,68081.0
11:10,203.77,203.88,203.75,203.87,69756.0
11:11,203.88,203.93,203.77,203.79,37340.0
11:12,203.78,203.91,203.77,203.86,44510.0
11:13,203.88,203.92,203.79,203.79,56009.0
11:14,203.87,203.89,203.81,203.85,35259.0
11:15,203.81,203.88,203.76,203.86,49570.0
11:16,203.91,203.95,203.75,203.79,54366.0
11:17,203.96,203.96,203.87,203.88,37332.0
11:18,203.98,204.0,203.9,203.95,84045.0
11:19,204.01,204.05,203.9,203.99,58763.0
11:20,203.97,204.1,203.94,203.99,67143.0
11:21,203.97,203.98,203.92,203.98,33362.0
11:22,203.91,203.99,203.88,203.97,52014.0
11:23,203.84,203.95,203.84,203.91,41001.0
11:24,203.74,203.91,203.74,203.85,97958.0
11:25,203.78,203.82,203.73,203.74,47687.0
11:26,203.87,203.89,203.68,203.76,91040.0
11:27,203.85,203.91,203.78,203.87,36177.0
11:28,203.91,203.91,203.81,203.86,33247.0
11:29,203.91,203.93,203.88,203.89,37179.0
11:30,203.89,203.93,203.8,203.9,64640.0
11:31,203.86,203.9,203.82,203.89,23356.0
11:32,203.75,203.87,203.74,203.84,31684.0
11:33,203.83,203.83,203.68,203.75,50222.0
11:34,203.69,203.82,203.63,203.82,53261.0
11:35,203.7,203.76,203.66,203.7,51783.0
11:36,203.71,203.81,203.68,203.71,57415.0
11:37,203.75,203.8,203.69,203.7,27543.0
11:38,203.58,203.76,203.54,203.75,76956.0
11:39,203.53,203.59,203.38,203.58,254301.0
11:40,203.47,203.55,203.46,203.54,53517.0
11:41,203.39,203.49,203.38,203.49,61749.0
11:42,203.31,203.43,203.29,203.4,76810.0
11:43,203.34,203.35,203.24,203.3,72918.0
11:44,203.29,203.35,203.23,203.34,53125.0
11:45,203.32,203.34,203.23,203.31,56926.0
11:46,203.37,203.45,203.31,203.33,54959.0
11:47,203.43,203.44,203.35,203.36,36445.0
11:48,203.56,203.58,203.41,203.43,53317.0
11:49,203.63,203.63,203.51,203.56,54759.0
11:50,203.72,203.77,203.6,203.63,68073.0
11:51,203.6,203.71,203.54,203.71,34386.0
11:52,203.47,203.61,203.46,203.58,40194.0
11:53,203.37,203.46,203.34,203.46,51174.0
11:54,203.43,203.45,203.31,203.37,47669.0
11:55,203.62,203.62,203.4,203.42,52572.0
11:56,203.69,203.72,203.59,203.62,53145.0
11:57,203.66,203.73,203.6,203.7,48359.0
11:58,203.62,203.66,203.58,203.64,35219.0
11:59,203.52,203.61,203.49,203.61,35480.0
12:00,203.56,203.57,203.48,203.52,29843.0
12:01,203.65,203.65,203.51,203.56,37500.0
12:02,203.65,203.74,203.64,203.65,41529.0
12:03,203.66,203.68,203.63,203.65,32474.0
12:04,203.66,203.68,203.59,203.67,41986.0
12:05,203.59,203.68,203.56,203.65,43541.0
12:06,203.46,203.58,203.42,203.58,30592.0
12:07,203.52,203.52,203.46,203.47,32828.0
12:08,203.48,203.53,203.45,203.49,33187.0
12:09,203.41,203.46,203.36,203.45,48885.0
12:10,203.38,203.47,203.34,203.42,29433.0
12:11,203.41,203.43,203.3,203.37,35703.0
12:12,203.51,203.56,203.4,203.41,41333.0
12:13,203.58,203.62,203.48,203.52,23504.0
12:14,203.53,203.62,203.52,203.59,43156.0
12:15,203.55,203.66,203.54,203.54,75500.0
12:16,203.65,203.68,203.52,203.55,92632.0
12:17,203.74,203.81,203.63,203.64,165293.0
12:18,203.69,203.74,203.67,203.69,49910.0
12:19,203.68,203.74,203.64,203.69,47751.0
12:20,203.76,203.77,203.65,203.66,52748.0
12:21,203.78,203.79,203.7,203.77,43706.0
12:22,203.74,203.82,203.68,203.78,62666.0
12:23,203.76,203.8,203.73,203.74,30108.0
12:24,203.68,203.77,203.66,203.77,29791.0
12:25,203.76,203.79,203.64,203.67,32304.0
12:26,203.85,203.86,203.75,203.77,39642.0
12:27,203.93,203.93,203.82,203.83,43193.0
12:28,203.88,203.95,203.87,203.94,36751.0
12:29,203.88,203.93,203.87,203.89,32757.0
12:30,203.93,203.93,203.85,203.88,39982.0
12:31,203.97,203.97,203.9,203.92,43073.0
12:32,203.91,204.01,203.88,203.98,65126.0
12:33,203.86,203.89,203.82,203.89,28463.0
12:34,203.82,203.85,203.79,203.83,39931.0
12:35,203.83,203.89,203.8,203.82,40244.0
12:36,203.92,203.92,203.84,203.84,25293.0
12:37,203.98,203.99,203.84,203.93,43819.0
12:38,204.08,204.08,203.99,203.99,39855.0
12:39,204.06,204.09,204.03,204.05,29394.0
12:40,204.08,204.11,204.0,204.06,67901.0
12:41,204.08,204.14,204.05,204.1,40246.0
12:42,204.18,204.18,204.07,204.08,56010.0
12:43,204.14,204.18,204.06,204.16,35352.0
12:44,204.16,204.19,204.13,204.13,45367.0
12:45,204.05,204.19,204.04,204.17,51674.0
12:46,204.04,204.06,203.98,204.02,31627.0
12:47,204.1,204.11,204.02,204.07,27571.0
12:48,204.07,204.12,204.04,204.1,26029.0
12:49,204.04,204.08,204.0,204.08,32848.0
12:50,204.04,204.09,204.01,204.04,27834.0
12:51,203.95,204.05,203.91,204.05,38395.0
12:52,203.9,203.97,203.87,203.95,23486.0
12:53,203.9,203.94,203.86,203.91,23899.0
12:54,204.0,204.03,203.85,203.9,32174.0
12:55,204.1,204.13,203.99,203.99,51872.0
12:56,204.04,204.1,204.04,204.1,26200.0
12:57,204.0,204.04,203.95,204.04,61088.0
12:58,204.04,204.04,203.93,204.0,35851.0
12:59,203.95,204.05,203.92,204.04,35642.0
13:00,204.01,204.02,203.9,203.95,36223.0
13:01,204.06,204.16,204.01,204.02,70638.0
13:02,204.09,204.12,204.0,204.04,29965.0
13:03,204.06,204.13,204.03,204.09,52624.0
13:04,204.15,204.15,204.07,204.07,42679.0
13:05,204.18,204.22,204.13,204.13,86785.0
13:06,204.07,204.17,204.04,204.17,55921.0
13:07,204.02,204.09,203.98,204.09,33858.0
13:08,203.97,204.03,203.95,204.03,27211.0
13:09,203.95,203.99,203.92,203.97,32338.0
13:10,203.95,204.0,203.93,203.95,24294.0
13:11,203.96,203.97,203.89,203.95,64766.0
13:12,203.92,203.98,203.92,203.95,31449.0
13:13,203.9,203.93,203.83,203.93,44045.0
13:14,204.0,204.01,203.91,203.92,35184.0
13:15,203.91,204.0,203.9,204.0,22035.0
13:16,203.92,203.97,203.89,203.91,15809.0
13:17,203.91,203.93,203.9,203.93,20092.0
13:18,203.9,203.98,203.89,203.9,27079.0
13:19,203.9,203.93,203.85,203.91,31164.0
13:20,203.86,203.91,203.8,203.9,64182.0
13:21,203.84,203.87,203.8,203.86,29371.0
13:22,203.81,203.86,203.76,203.83,60528.0
13:23,203.85,203.86,203.78,203.82,28410.0
13:24,203.91,203.92,203.83,203.85,31619.0
13:25,203.94,203.96,203.89,203.9,34616.0
13:26,203.96,204.0,203.91,203.94,46283.0
13:27,204.09,204.11,203.95,203.95,68865.0
13:28,203.99,204.11,203.97,204.1,25719.0
13:29,203.97,204.07,203.96,203.99,33310.0
13:30,203.92,203.99,203.9,203.97,20941.0
13:31,203.87,203.97,203.87,203.89,25718.0
13:32,203.77,203.91,203.76,203.87,46044.0
13:33,203.77,203.79,203.67,203.78,56004.0
13:34,203.74,203.79,203.69,203.79,49474.0
13:35,203.75,203.81,203.65,203.74,67994.0
13:36,203.84,203.86,203.71,203.72,61894.0
13:37,203.86,203.9,203.76,203.84,62389.0
13:38,203.9,203.9,203.79,203.86,34680.0
13:39,203.76,203.9,203.74,203.9,35740.0
13:40,203.81,203.82,203.69,203.76,40220.0
13:41,203.89,203.9,203.81,203.82,36810.0
13:42,203.83,203.94,203.82,203.89,44221.0
13:43,203.94,203.95,203.82,203.83,33667.0
13:44,203.92,203.97,203.9,203.93,40638.0
13:45,203.93,203.95,203.88,203.92,31741.0
13:46,203.92,203.93,203.86,203.92,19828.0
13:47,203.88,203.95,203.88,203.91,23387.0
13:48,203.96,203.96,203.87,203.89,23554.0
13:49,203.78,203.96,203.78,203.95,33442.0
13:50,203.8,203.86,203.74,203.77,36769.0
13:51,203.87,203.91,203.82,203.82,26748.0
13:52,203.9,203.91,203.82,203.86,26154.0
13:53,203.93,203.94,203.85,203.9,19188.0
13:54,203.99,203.99,203.87,203.93,32629.0
13:55,203.95,204.01,203.91,203.98,53322.0
13:56,203.88,203.97,203.88,203.96,21558.0
13:57,203.83,203.89,203.82,203.89,26590.0
13:58,203.91,203.93,203.84,203.84,25884.0
13:59,203.88,203.94,203.88,203.91,18201.0
14:00,203.82,203.91,203.81,203.85,28257.0
14:01,203.82,203.88,203.8,203.82,40369.0
14:02,203.85,203.86,203.81,203.84,25445.0
14:03,204.03,204.04,203.84,203.85,49003.0
14:04,204.05,204.11,204.02,204.04,56399.0
14:05,204.1,204.14,204.04,204.05,44725.0
14:06,204.1,204.13,204.07,204.09,30390.0
14:07,204.11,204.13,204.07,204.1,25455.0
14:08,203.96,204.12,203.94,204.12,42627.0
14:09,203.95,203.98,203.91,203.96,30076.0
14:10,204.02,204.07,203.93,203.95,32101.0
14:11,204.09,204.11,204.0,204.01,35994.0
14:12,204.05,204.07,204.02,204.07,17159.0
14:13,204.01,204.06,203.97,204.05,28489.0
14:14,204.0,204.03,203.98,204.01,26484.0
14:15,204.01,204.05,203.99,203.99,22620.0
14:16,203.86,204.02,203.84,204.02,40680.0
14:17,203.84,203.91,203.82,203.84,37208.0
14:18,203.93,203.93,203.79,203.83,37962.0
14:19,203.9,203.95,203.88,203.92,26259.0
14:20,203.87,203.92,203.81,203.9,36198.0
14:21,203.49,203.86,203.43,203.86,140980.0
14:22,203.42,203.58,203.41,203.46,89529.0
14:23,203.66,203.68,203.38,203.42,51795.0
14:24,203.6,203.68,203.59,203.66,33665.0
14:25,203.73,203.8,203.58,203.6,37439.0
14:26,203.56,203.74,203.52,203.73,30092.0
14:27,203.43,203.59,203.42,203.55,60546.0
14:28,203.32,203.47,203.24,203.4,67503.0
14:29,203.31,203.35,203.23,203.25,53854.0
14:30,203.43,203.44,203.24,203.3,55878.0
14:31,203.38,203.48,203.35,203.45,54380.0
14:32,203.31,203.42,203.25,203.4,67100.0
14:33,203.36,203.41,203.3,203.31,33855.0
14:34,203.33,203.39,203.31,203.36,43916.0
14:35,203.47,203.47,203.31,203.33,42745.0
14:36,203.48,203.54,203.42,203.47,41421.0
14:37,203.61,203.62,203.42,203.48,51036.0
14:38,203.65,203.65,203.56,203.6,37217.0
14:39,203.65,203.72,203.65,203.65,43713.0
14:40,203.57,203.68,203.55,203.65,52315.0
14:41,203.38,203.56,203.35,203.56,50726.0
14:42,203.41,203.43,203.34,203.37,44946.0
14:43,203.44,203.49,203.38,203.41,47374.0
14:44,203.52,203.54,203.38,203.44,35088.0
14:45,203.47,203.54,203.45,203.51,32709.0
14:46,203.29,203.49,203.29,203.46,52287.0
14:47,203.31,203.36,203.21,203.28,82594.0
14:48,203.38,203.4,203.28,203.28,38805.0
14:49,203.39,203.45,203.34,203.38,38356.0
14:50,203.49,203.54,203.36,203.38,44277.0
14:51,203.49,203.57,203.42,203.49,41518.0
14:52,203.36,203.5,203.28,203.49,58649.0
14:53,203.44,203.46,203.33,203.35,28308.0
14:54,203.39,203.46,203.38,203.43,23988.0
14:55,203.42,203.46,203.38,203.4,31761.0
14:56,203.34,203.41,203.28,203.41,43220.0
14:57,203.29,203.35,203.21,203.33,88231.0
14:58,203.32,203.38,203.24,203.3,47388.0
14:59,203.23,203.35,203.23,203.3,38949.0
15:00,203.05,203.26,202.94,203.23,158942.0
15:01,202.99,203.05,202.95,203.03,66549.0
15:02,202.9,203.06,202.9,203.05,94192.0
15:03,202.86,202.94,202.84,202.9,86566.0
15:04,202.75,202.86,202.7,202.84,92507.0
15:05,202.8,202.83,202.65,202.77,86692.0
15:06,202.84,202.87,202.74,202.79,66696.0
15:07,202.79,202.85,202.77,202.84,60006.0
15:08,202.91,202.97,202.75,202.77,104203.0
15:09,203.0,203.04,202.91,202.92,65246.0
15:10,202.98,203.06,202.94,203.01,57429.0
15:11,203.06,203.06,202.94,202.99,52557.0
15:12,203.21,203.24,203.05,203.05,137635.0
15:13,203.27,203.29,203.21,203.21,57529.0
15:14,203.3,203.34,203.25,203.29,46013.0
15:15,203.27,203.32,203.21,203.31,42655.0
15:16,203.26,203.28,203.21,203.27,36461.0
15:17,203.32,203.34,203.23,203.26,45267.0
15:18,203.42,203.42,203.29,203.32,37316.0
15:19,203.42,203.48,203.38,203.43,60257.0
15:20,203.54,203.55,203.4,203.42,43319.0
15:21,203.57,203.58,203.53,203.55,41713.0
15:22,203.64,203.64,203.53,203.58,66112.0
15:23,203.68,203.7,203.57,203.63,71549.0
15:24,203.59,203.7,203.57,203.69,59686.0
15:25,203.67,203.7,203.51,203.59,60704.0
15:26,203.69,203.73,203.66,203.66,39848.0
15:27,203.61,203.69,203.59,203.69,47024.0
15:28,203.66,203.67,203.6,203.6,35698.0
15:29,203.52,203.67,203.49,203.65,51932.0
15:30,203.68,203.71,203.51,203.52,60108.0
15:31,203.71,203.76,203.64,203.68,51574.0
15:32,203.74,203.75,203.68,203.72,46965.0
15:33,203.76,203.79,203.71,203.74,47761.0
15:34,203.79,203.85,203.77,203.77,46830.0
15:35,203.9,203.95,203.77,203.79,81257.0
15:36,203.85,203.89,203.71,203.89,55535.0
15:37,203.91,203.91,203.77,203.86,51297.0
15:38,203.79,203.91,203.79,203.9,37985.0
15:39,203.83,203.85,203.78,203.79,51384.0
15:40,203.82,203.9,203.78,203.84,49847.0
15:41,203.88,203.89,203.81,203.81,45355.0
15:42,203.84,203.88,203.77,203.87,49139.0
15:43,203.72,203.85,203.69,203.85,50228.0
15:44,203.71,203.74,203.63,203.72,102476.0
15:45,203.86,203.93,203.74,203.74,88182.0
15:46,203.87,203.91,203.75,203.86,70064.0
15:47,203.9,203.93,203.8,203.88,84472.0
15:48,203.86,203.94,203.83,203.9,68954.0
15:49,203.69,203.94,203.69,203.87,78507.0
15:50,203.81,203.87,203.54,203.68,216339.0
15:51,203.91,203.97,203.81,203.87,168382.0
15:52,203.96,203.96,203.85,203.91,89587.0
15:53,203.78,203.97,203.76,203.96,98954.0
15:54,203.88,203.97,203.76,203.78,139832.0
15:55,203.97,203.98,203.75,203.91,169747.0
15:56,204.1,204.12,203.95,203.98,247782.0
15:57,204.12,204.15,204.03,204.08,292046.0
15:58,204.09,204.18,204.03,204.14,249583.0
15:59,204.13,204.2,204.01,204.08,611467.0
