Time,Close,High,Low,Open,Volume
09:30,222.21,222.37,221.52,221.67,1101363.0
09:31,221.77,222.28,221.72,222.2,123625.0
09:32,221.8,221.95,221.6,221.84,113508.0
09:33,221.66,221.85,221.35,221.77,128066.0
09:34,221.74,221.9,221.35,221.73,126487.0
09:35,221.49,221.75,221.42,221.74,92356.0
09:36,221.36,221.55,221.15,221.47,123423.0
09:37,221.23,221.41,221.21,221.34,106209.0
09:38,221.47,221.51,221.18,221.24,140541.0
09:39,221.32,221.59,221.32,221.44,128467.0
09:40,221.34,221.56,221.34,221.37,135096.0
09:41,221.29,221.56,221.23,221.34,150267.0
09:42,221.38,221.44,221.23,221.27,91932.0
09:43,221.31,221.56,221.23,221.35,110229.0
09:44,221.26,221.4,221.2,221.32,95828.0
09:45,220.95,221.29,220.88,221.25,146556.0
09:46,220.88,221.0,220.79,220.96,115174.0
09:47,220.97,221.1,220.83,220.88,89069.0
09:48,220.64,221.0,220.62,220.98,109242.0
09:49,220.6,220.68,220.54,220.62,112059.0
09:50,220.71,220.76,220.52,220.58,113287.0
09:51,220.95,220.96,220.68,220.73,332109.0
09:52,220.53,220.95,220.5,220.94,158834.0
09:53,220.35,220.39,220.21,220.37,268358.0
09:54,220.48,220.5,220.26,220.35,76620.0
09:55,221.08,221.1,220.46,220.47,213903.0
09:56,220.98,221.21,220.94,221.08,223455.0
09:57,221.0,221.05,220.88,220.96,136158.0
09:58,220.85,221.02,220.84,221.0,166203.0
09:59,220.57,220.91,220.55,220.77,142675.0
10:00,220.14,220.62,220.12,220.56,145055.0
10:01,219.99,220.23,219.89,220.12,233088.0
10:02,220.29,220.49,219.98,219.99,134496.0
10:03,220.35,220.46,220.22,220.3,88702.0
10:04,220.16,220.35,220.08,220.35,83810.0
10:05,220.15,220.27,220.08,220.16,51741.0
10:06,219.87,220.11,219.7,220.11,186144.0
10:07,219.81,219.87,219.72,219.82,114083.0
10:08,220.04,220.06,219.78,219.8,119213.0
10:09,219.92,220.08,219.77,220.04,65552.0
10:10,220.12,220.23,219.87,219.91,114853.0
10:11,220.34,220.41,220.13,220.14,114956.0
10:12,220.31,220.42,220.17,220.36,85360.0
10:13,220.43,220.45,220.29,220.33,86935.0
10:14,220.63,220.67,220.4,220.43,162661.0
10:15,220.43,220.65,220.43,220.64,73408.0
10:16,220.5,220.6,220.4,220.45,141006.0
10:17,220.84,220.85,220.4,220.5,121422.0
10:18,220.93,221.09,220.83,220.83,138681.0
10:19,220.91,220.93,220.86,220.89,47716.0
10:20,220.69,220.94,220.55,220.93,71834.0
10:21,220.59,220.69,220.54,220.68,49019.0
10:22,220.62,220.76,220.59,220.6,27818.0
10:23,220.41,220.61,220.38,220.61,80779.0
10:24,220.31,220.49,220.29,220.49,112546.0
10:25,220.22,220.37,220.2,220.36,144312.0
10:26,220.07,220.24,220.02,220.2,99043.0
10:27,220.07,220.33,220.03,220.06,69760.0
10:28,220.19,220.19,219.94,220.04,89582.0
10:29,220.26,220.26,220.1,220.19,49974.0
10:30,220.32,220.38,220.27,220.27,62426.0
10:31,220.34,220.4,220.26,220.34,53021.0
10:32,220.42,220.47,220.29,220.34,42952.0
10:33,220.47,220.54,220.4,220.43,61796.0
10:34,220.34,220.47,220.33,220.47,31705.0
10:35,220.43,220.43,220.28,220.32,32623.0
10:36,220.7,220.72,220.47,220.47,67234.0
10:37,220.94,220.95,220.57,220.71,167800.0
10:38,220.81,220.94,220.72,220.94,64311.0
10:39,220.7,220.84,220.64,220.8,62646.0
10:40,220.63,220.7,220.62,220.62,116641.0
10:41,220.51,220.7,220.51,220.64,78588.0
10:42,220.62,220.67,220.48,220.5,76223.0
10:43,220.72,220.79,220.6,220.62,62521.0
10:44,220.66,220.74,220.63,220.73,52771.0
10:45,220.65,220.79,220.65,220.66,44170.0
10:46,220.96,220.96,220.61,220.68,60725.0
10:47,221.04,221.07,220.89,220.93,87428.0
10:48,221.06,221.14,221.02,221.04,88697.0
10:49,220.91,221.05,220.91,221.05,77031.0
10:50,221.04,221.04,220.9,220.91,40376.0
10:51,221.11,221.16,221.03,221.03,58179.0
10:52,221.21,221.22,221.08,221.12,61364.0
10:53,221.26,221.33,221.18,221.21,87034.0
10:54,221.24,221.32,221.22,221.27,78672.0
10:55,221.22,221.31,221.16,221.26,78368.0
10:56,221.2,221.23,221.17,221.21,100631.0
10:57,221.14,221.25,221.14,221.21,61804.0
10:58,221.21,221.3,221.09,221.13,71851.0
10:59,221.28,221.3,221.13,221.22,56406.0
11:00,221.36,221.39,221.23,221.27,81175.0
11:01,221.38,221.46,221.33,221.34,74696.0
11:02,221.38,221.47,221.37,221.38,63353.0
11:03,221.42,221.43,221.36,221.37,57774.0
11:04,221.4,221.57,221.3,221.42,138582.0
11:05,221.14,221.49,220.98,221.39,459692.0
11:06,220.97,221.17,220.94,221.13,80319.0
11:07,221.04,221.11,220.9,220.97,61843.0
11:08,221.22,221.23,221.03,221.04,63681.0
11:09,221.09,221.22,221.08,221.21,44912.0
11:10,220.96,221.12,220.91,221.09,48092.0
11:11,220.92,221.01,220.84,220.98,52928.0
11:12,220.94,220.98,220.83,220.91,41079.0
11:13,220.87,220.96,220.86,220.96,64082.0
11:14,220.8,220.86,220.79,220.85,30573.0
11:15,220.96,220.96,220.79,220.82,76840.0
11:16,221.09,221.15,220.96,220.96,60211.0
11:17,221.26,221.26,221.0,221.06,52927.0
11:18,221.21,221.26,221.17,221.26,38552.0
11:19,221.31,221.32,221.18,221.21,41601.0
11:20,221.36,221.41,221.28,221.3,40426.0
11:21,221.49,221.6,221.36,221.36,68881.0
11:22,221.5,221.54,221.47,221.49,37453.0
11:23,221.53,221.59,221.49,221.5,51371.0
11:24,221.61,221.68,221.49,221.54,72103.0
11:25,221.55,221.63,221.53,221.6,29728.0
11:26,221.54,221.64,221.53,221.57,39787.0
11:27,221.72,221.76,221.55,221.55,49787.0
11:28,221.62,221.74,221.6,221.72,44736.0
11:29,221.63,221.75,221.59,221.64,35477.0
11:30,221.6,221.7,221.59,221.63,44876.0
11:31,221.54,221.63,221.49,221.6,54565.0
11:32,221.41,221.57,221.4,221.55,34838.0
11:33,221.37,221.41,221.33,221.41,39379.0
11:34,221.32,221.36,221.25,221.36,46497.0
11:35,221.46,221.51,221.31,221.31,31772.0
11:36,221.48,221.54,221.46,221.48,34309.0
11:37,221.39,221.54,221.37,221.46,29409.0
11:38,221.46,221.46,221.39,221.41,15901.0
11:39,221.46,221.49,221.43,221.46,19906.0
11:40,221.31,221.51,221.23,221.47,74330.0
11:41,221.25,221.32,221.2,221.32,38229.0
11:42,221.28,221.34,221.25,221.3,42796.0
11:43,221.41,221.42,221.23,221.29,41736.0
11:44,221.41,221.48,221.39,221.47,40454.0
11:45,221.44,221.45,221.35,221.41,25563.0
11:46,221.36,221.47,221.36,221.47,23984.0
11:47,221.41,221.48,221.36,221.36,27316.0
11:48,221.51,221.54,221.36,221.4,39031.0
11:49,221.62,221.66,221.5,221.51,54353.0
11:50,221.7,221.7,221.6,221.63,45251.0
11:51,221.71,221.79,221.68,221.7,82365.0
11:52,221.76,221.86,221.71,221.71,68185.0
11:53,221.79,221.81,221.68,221.74,43493.0
11:54,221.75,221.79,221.64,221.79,75094.0
11:55,221.74,221.78,221.72,221.75,47210.0
11:56,221.76,221.79,221.73,221.74,34928.0
11:57,221.93,221.93,221.7,221.77,60606.0
11:58,221.88,221.95,221.86,221.93,76549.0
11:59,222.11,222.12,221.89,221.89,85085.0
12:00,222.04,222.18,222.04,222.1,93430.0
12:01,222.18,222.2,222.03,222.04,76744.0
12:02,221.9,222.22,221.89,222.19,92659.0
12:03,222.02,222.05,221.88,221.9,41747.0
12:04,221.99,222.1,221.99,222.04,26424.0
12:05,221.97,222.03,221.92,222.0,40589.0
12:06,221.93,221.99,221.91,221.98,48339.0
12:07,221.99,221.99,221.93,221.94,25396.0
12:08,221.97,221.98,221.87,221.96,76772.0
12:09,221.95,221.98,221.82,221.98,128149.0
12:10,221.78,221.98,221.76,221.95,49783.0
12:11,221.7,221.82,221.64,221.78,113491.0
12:12,221.63,221.69,221.54,221.69,76179.0
12:13,221.92,221.94,221.59,221.62,199781.0
12:14,221.96,221.99,221.82,221.91,115295.0
12:15,221.91,221.99,221.84,221.95,96692.0
12:16,221.8,221.88,221.76,221.88,60108.0
12:17,221.84,221.89,221.79,221.81,48928.0
12:18,221.96,221.97,221.85,221.86,46339.0
12:19,222.02,222.09,221.93,221.93,100969.0
12:20,221.9,222.04,221.9,222.02,44335.0
12:21,221.9,221.99,221.88,221.9,34982.0
12:22,222.01,222.04,221.91,221.92,41433.0
12:23,222.08,222.08,222.02,222.02,26374.0
12:24,222.16,222.17,222.04,222.07,48318.0
12:25,222.18,222.23,222.14,222.17,44342.0
12:26,222.1,222.21,222.06,222.17,45320.0
12:27,222.08,222.19,222.06,222.16,71220.0
12:28,222.06,222.18,222.06,222.15,97120.0
12:29,222.09,222.12,222.04,222.05,34720.0
12:30,222.04,222.12,221.99,222.09,38686.0
12:31,222.06,222.11,221.99,222.03,31496.0
12:32,221.99,222.09,221.99,222.06,25297.0
12:33,222.02,222.02,221.93,221.99,46900.0
12:34,221.97,222.04,221.94,222.02,78306.0
12:35,221.85,221.99,221.81,221.99,54612.0
12:36,221.87,221.89,221.79,221.84,34307.0
12:37,221.91,221.93,221.82,221.87,45131.0
12:38,221.88,221.99,221.83,221.92,47382.0
12:39,222.01,222.03,221.9,221.9,43015.0
12:40,221.98,222.04,221.97,222.01,21077.0
12:41,221.98,222.03,221.95,221.99,31769.0
12:42,221.99,222.08,221.96,221.96,49373.0
12:43,221.97,222.0,221.94,221.99,50173.0
12:44,222.05,222.07,221.97,221.97,144820.0
12:45,221.96,222.05,221.96,222.05,26419.0
12:46,221.99,222.0,221.95,221.96,47441.0
12:47,221.88,221.99,221.88,221.99,26808.0
12:48,221.87,221.89,221.76,221.88,73778.0
12:49,221.94,221.96,221.84,221.86,29803.0
12:50,222.07,222.09,221.93,221.93,30478.0
12:51,222.02,222.08,222.02,222.08,16416.0
12:52,221.99,222.07,221.97,222.04,27605.0
12:53,222.05,222.08,222.01,222.02,25331.0
12:54,222.07,222.11,222.05,222.07,35087.0
12:55,222.09,222.11,221.96,222.07,38594.0
12:56,222.12,222.13,222.04,222.09,27675.0
12:57,222.12,222.22,222.12,222.13,82444.0
12:58,222.17,222.18,222.08,222.13,37177.0
12:59,222.02,222.17,221.99,222.17,39502.0
13:00,222.16,222.18,222.01,222.02,55043.0
13:01,222.12,222.21,222.11,222.16,54746.0
13:02,222.32,222.32,222.13,222.13,65267.0
13:03,222.4,222.42,222.29,222.32,63128.0
13:04,222.57,222.59,222.4,222.41,132504.0
13:05,222.46,222.56,222.46,222.56,17253.0
13:06,222.54,222.59,222.48,222.59,85991.0
13:07,222.53,222.54,222.47,222.53,29133.0
13:08,222.52,222.55,222.51,222.53,26256.0
13:09,222.55,222.56,222.51,222.52,33772.0
13:10,222.4,222.61,222.38,222.54,42419.0
13:11,222.38,222.49,222.37,222.39,34134.0
13:12,222.36,222.43,222.32,222.38,46066.0
13:13,222.3,222.35,222.29,222.35,71192.0
13:14,222.29,222.36,222.23,222.29,33503.0
13:15,222.29,222.3,222.23,222.28,27830.0
13:16,222.26,222.29,222.21,222.29,30852.0
13:17,222.28,222.32,222.25,222.31,57211.0
13:18,222.29,222.35,222.29,222.34,83570.0
13:19,222.34,222.35,222.29,222.29,43141.0
13:20,222.31,222.44,222.31,222.36,33611.0
13:21,222.31,222.33,222.3,222.32,29890.0
13:22,222.27,222.33,222.17,222.32,53893.0
13:23,222.28,222.3,222.21,222.27,27935.0
13:24,222.36,222.38,222.23,222.28,46425.0
13:25,222.34,222.37,222.3,222.35,34978.0
13:26,222.32,222.41,222.27,222.33,126833.0
13:27,222.38,222.45,222.32,222.32,92898.0
13:28,222.35,222.43,222.34,222.37,33621.0
13:29,222.29,222.37,222.22,222.34,41272.0
13:30,222.41,222.42,222.29,222.29,42132.0
13:31,222.37,222.44,222.33,222.42,32570.0
13:32,222.48,222.49,222.35,222.38,45400.0
13:33,222.51,222.56,222.46,222.48,46885.0
13:34,222.54,222.56,222.5,222.52,59933.0
13:35,222.57,222.58,222.51,222.53,73416.0
13:36,222.54,222.57,222.49,222.57,44484.0
13:37,222.57,222.6,222.53,222.54,43228.0
13:38,222.65,222.68,222.62,222.63,59586.0
13:39,222.58,222.73,222.57,222.65,59276.0
13:40,222.53,222.59,222.49,222.59,51101.0
13:41,222.59,222.62,222.51,222.53,24829.0
13:42,222.64,222.68,222.59,222.59,67150.0
13:43,222.56,222.64,222.49,222.64,35808.0
13:44,222.58,222.62,222.54,222.55,36437.0
13:45,222.52,222.64,222.52,222.59,32316.0
13:46,222.45,222.57,222.4,222.53,61369.0
13:47,222.42,222.48,222.4,222.46,29488.0
13:48,222.36,222.42,222.36,222.42,37586.0
13:49,222.43,222.46,222.36,222.37,28214.0
13:50,222.4,222.5,222.38,222.43,40848.0
13:51,222.4,222.44,222.38,222.38,44264.0
13:52,222.47,222.47,222.4,222.41,30936.0
13:53,222.42,222.47,222.39,222.46,39398.0
13:54,222.45,222.48,222.38,222.4,16693.0
13:55,222.59,222.6,222.46,222.46,39928.0
13:56,222.68,222.7,222.6,222.6,37021.0
13:57,222.71,222.71,222.6,222.67,56590.0
13:58,222.75,222.79,222.7,222.7,37444.0
13:59,222.67,222.78,222.62,222.75,51064.0
14:00,222.54,222.67,222.51,222.66,39977.0
14:01,222.57,222.6,222.54,222.54,34697.0
14:02,222.57,222.65,222.49,222.57,54885.0
14:03,222.54,222.6,222.53,222.57,58713.0
14:04,222.58,222.61,222.54,222.54,32012.0
14:05,222.62,222.63,222.59,222.59,28081.0
14:06,222.61,222.64,222.6,222.61,19519.0
14:07,222.63,222.71,222.61,222.61,37676.0
14:08,222.71,222.73,222.64,222.64,42473.0
14:09,222.65,222.74,222.65,222.72,32297.0
14:10,222.73,222.73,222.66,222.66,23415.0
14:11,222.72,222.77,222.71,222.72,35279.0
14:12,222.7,222.76,222.69,222.73,24284.0
14:13,222.7,222.75,222.69,222.7,21177.0
14:14,222.71,222.77,222.69,222.69,20068.0
14:15,222.66,222.72,222.65,222.71,32799.0
14:16,222.71,222.76,222.62,222.66,49609.0
14:17,222.76,222.76,222.7,222.7,26498.0
14:18,222.72,222.77,222.7,222.77,23142.0
14:19,222.59,222.74,222.57,222.7,40502.0
14:20,222.59,222.65,222.58,222.59,36852.0
14:21,222.57,222.68,222.57,222.62,73258.0
14:22,222.55,222.72,222.55,222.65,109663.0
14:23,222.52,222.55,222.48,222.55,43281.0
14:24,222.54,222.59,222.51,222.51,41942.0
14:25,222.6,222.6,222.53,222.54,26818.0
14:26,222.69,222.69,222.6,222.62,32109.0
14:27,222.7,222.72,222.66,222.68,33469.0
14:28,222.61,222.73,222.61,222.71,41952.0
14:29,222.6,222.61,222.54,222.6,30252.0
14:30,222.6,222.6,222.54,222.6,22833.0
14:31,222.57,222.59,222.55,222.59,22519.0
14:32,222.53,222.6,222.53,222.58,52686.0
14:33,222.53,222.6,222.52,222.53,32864.0
14:34,222.48,222.52,222.44,222.51,138272.0
14:35,222.58,222.6,222.47,222.48,30434.0
14:36,222.57,222.6,222.56,222.59,18003.0
14:37,222.5,222.59,222.49,222.55,25209.0
14:38,222.47,222.56,222.47,222.5,38896.0
14:39,222.54,222.54,222.47,222.47,27999.0
14:40,222.63,222.66,222.54,222.58,32371.0
14:41,222.57,222.62,222.56,222.62,21071.0
14:42,222.56,222.58,222.54,222.58,42258.0
14:43,222.51,222.56,222.5,222.55,43809.0
14:44,222.45,222.52,222.44,222.51,32046.0
14:45,222.38,222.43,222.36,222.43,32078.0
14:46,222.46,222.48,222.37,222.37,25338.0
14:47,222.49,222.5,222.43,222.47,36213.0
14:48,222.46,222.51,222.45,222.49,21124.0
14:49,222.42,222.47,222.41,222.46,19397.0
14:50,222.29,222.43,222.29,222.43,34861.0
14:51,222.2,222.31,222.19,222.28,45931.0
14:52,222.13,222.2,222.1,222.19,47392.0
14:53,222.12,222.14,222.08,222.13,26852.0
14:54,222.2,222.25,222.12,222.12,41057.0
14:55,222.18,222.22,222.18,222.21,22093.0
14:56,222.12,222.19,222.11,222.19,28563.0
14:57,222.17,222.18,222.1,222.12,28270.0
14:58,222.24,222.24,222.15,222.18,27849.0
14:59,222.13,222.24,222.12,222.24,31615.0
15:00,222.24,222.25,222.12,222.13,30749.0
15:01,222.16,222.24,222.15,222.23,18687.0
15:02,222.21,222.22,222.15,222.16,25028.0
15:03,222.21,222.23,222.18,222.21,30733.0
15:04,222.23,222.23,222.18,222.21,21649.0
15:05,222.23,222.25,222.21,222.23,24048.0
15:06,222.25,222.25,222.19,222.23,21152.0
15:07,222.18,222.28,222.18,222.24,39656.0
15:08,222.2,222.21,222.16,222.17,27338.0
15:09,222.26,222.28,222.2,222.21,48430.0
15:10,222.23,222.29,222.22,222.26,37066.0
15:11,222.22,222.24,222.19,222.22,20125.0
15:12,222.2,222.22,222.18,222.21,21614.0
15:13,222.19,222.21,222.15,222.2,44836.0
15:14,222.2,222.23,222.18,222.18,27680.0
15:15,222.24,222.24,222.17,222.21,28183.0
15:16,222.2,222.26,222.17,222.24,28648.0
15:17,222.2,222.21,222.18,222.2,31706.0
15:18,222.08,222.2,222.07,222.2,62093.0
15:19,222.01,222.1,221.97,222.09,98453.0
15:20,222.02,222.07,222.0,222.0,48557.0
15:21,222.0,222.06,222.0,222.01,26633.0
15:22,221.97,221.99,221.93,221.99,34550.0
15:23,222.02,222.02,221.96,221.96,27597.0
15:24,222.0,222.04,221.99,222.02,32764.0
15:25,222.04,222.04,221.98,221.99,29925.0
15:26,222.1,222.11,222.04,222.05,28851.0
15:27,222.09,222.09,222.04,222.08,21321.0
15:28,222.05,222.1,222.04,222.1,46103.0
15:29,222.06,222.11,222.04,222.04,37210.0
15:30,221.95,222.05,221.95,222.05,46345.0
15:31,221.96,222.0,221.92,221.97,49657.0
15:32,222.04,222.05,221.94,221.96,43058.0
15:33,222.07,222.08,222.01,222.05,39860.0
15:34,222.31,222.31,222.05,222.07,101786.0
15:35,222.3,222.38,222.26,222.3,79323.0
15:36,222.34,222.34,222.27,222.29,42377.0
15:37,222.29,222.34,222.27,222.34,45682.0
15:38,222.3,222.32,222.27,222.3,26931.0
15:39,222.32,222.36,222.27,222.3,49472.0
15:40,222.32,222.34,222.28,222.32,31219.0
15:41,222.38,222.46,222.32,222.32,86835.0
15:42,222.38,222.4,222.32,222.37,49603.0
15:43,222.4,222.41,222.35,222.38,33997.0
15:44,222.35,222.41,222.33,222.4,32709.0
15:45,222.37,222.43,222.32,222.35,62213.0
15:46,222.34,222.37,222.3,222.36,55880.0
15:47,222.37,222.38,222.34,222.34,39859.0
15:48,222.38,222.42,222.27,222.36,78466.0
15:49,222.35,222.39,222.34,222.38,51880.0
15:50,222.14,222.33,221.75,222.33,282581.0
15:51,222.05,222.14,222.03,222.14,73914.0
15:52,222.03,222.05,221.88,222.04,84859.0
15:53,222.13,222.13,222.0,222.02,85912.0
15:54,222.08,222.19,221.96,222.14,186279.0
15:55,222.08,222.27,222.04,222.1,171051.0
15:56,222.16,222.17,222.02,222.08,125716.0
15:57,222.25,222.26,222.12,222.17,134492.0
15:58,222.25,222.28,222.2,222.25,148091.0
15:59,222.28,222.33,222.14,222.26,453564.0
