Time,Close,High,Low,Open,Volume
09:30,230.73,230.8,230.12,230.14,1138102.0
09:31,230.41,230.78,229.9,230.7,163535.0
09:32,230.46,230.85,230.19,230.65,213888.0
09:33,230.5,230.91,230.48,230.6,264241.0
09:34,230.19,230.51,230.15,230.51,141046.0
09:35,230.19,230.34,230.1,230.22,83545.0
09:36,229.92,230.26,229.92,230.21,110635.0
09:37,229.93,230.06,229.66,229.9,131351.0
09:38,230.15,230.15,229.87,229.93,89322.0
09:39,230.13,230.38,230.02,230.15,128838.0
09:40,230.01,230.27,229.88,230.12,109753.0
09:41,229.73,230.18,229.73,230.01,112867.0
09:42,229.48,229.76,229.27,229.74,170941.0
09:43,229.4,229.58,229.39,229.46,81666.0
09:44,229.45,229.56,229.36,229.4,64788.0
09:45,229.54,229.56,229.32,229.45,164813.0
09:46,229.31,229.68,229.2,229.52,144412.0
09:47,229.49,229.56,229.27,229.33,85889.0
09:48,229.62,229.74,229.49,229.5,83527.0
09:49,229.37,229.7,229.31,229.63,92593.0
09:50,229.07,229.5,228.97,229.39,183265.0
09:51,228.82,229.1,228.8,229.06,137561.0
09:52,228.47,228.83,228.46,228.77,173494.0
09:53,228.6,228.62,228.33,228.46,194123.0
09:54,228.62,228.83,228.58,228.58,119764.0
09:55,228.67,228.8,228.54,228.63,83817.0
09:56,228.85,228.88,228.73,228.73,87962.0
09:57,228.53,229.0,228.53,228.84,109926.0
09:58,228.59,228.74,228.49,228.52,112080.0
09:59,228.75,228.76,228.59,228.59,61138.0
10:00,229.01,229.05,228.69,228.75,94995.0
10:01,229.23,229.23,228.85,228.99,93027.0
10:02,229.18,229.24,229.05,229.22,96235.0
10:03,229.25,229.28,229.01,229.18,64144.0
10:04,229.3,229.35,229.22,229.27,63696.0
10:05,229.19,229.34,229.14,229.32,46743.0
10:06,229.29,229.39,229.24,229.24,43846.0
10:07,229.49,229.53,229.3,229.32,77114.0
10:08,229.35,229.62,229.35,229.49,83091.0
10:09,229.28,229.39,229.23,229.35,65392.0
10:10,229.43,229.56,229.25,229.27,89515.0
10:11,229.27,229.48,229.16,229.43,78597.0
10:12,229.18,229.35,229.18,229.29,53736.0
10:13,229.35,229.37,229.15,229.17,65925.0
10:14,229.44,229.53,229.36,229.4,57728.0
10:15,229.44,229.54,229.35,229.43,57305.0
10:16,229.84,229.85,229.41,229.45,93041.0
10:17,230.02,230.03,229.83,229.83,111909.0
10:18,230.0,230.02,229.98,230.0,74783.0
10:19,229.59,230.01,229.59,230.01,70740.0
10:20,229.7,229.75,229.59,229.6,48371.0
10:21,229.98,230.01,229.7,229.71,73258.0
10:22,230.05,230.18,229.97,229.98,90644.0
10:23,230.17,230.18,230.01,230.04,41041.0
10:24,230.23,230.27,230.1,230.17,96884.0
10:25,230.34,230.41,230.24,230.25,70755.0
10:26,230.37,230.48,230.31,230.35,47103.0
10:27,230.48,230.49,230.34,230.37,35730.0
10:28,230.31,230.49,230.27,230.49,73700.0
10:29,230.29,230.45,230.23,230.29,51927.0
10:30,230.24,230.35,230.04,230.24,56522.0
10:31,230.21,230.32,230.2,230.24,40142.0
10:32,230.26,230.29,230.18,230.18,35806.0
10:33,230.35,230.4,230.27,230.29,48473.0
10:34,230.29,230.38,230.29,230.36,38899.0
10:35,230.3,230.44,230.26,230.29,34488.0
10:36,230.1,230.35,230.09,230.28,32088.0
10:37,230.26,230.34,230.06,230.09,40022.0
10:38,230.2,230.26,230.18,230.23,24720.0
10:39,230.2,230.34,230.2,230.2,30110.0
10:40,230.21,230.37,230.2,230.21,28425.0
10:41,230.22,230.29,230.2,230.24,72184.0
10:42,230.01,230.24,229.99,230.24,52632.0
10:43,229.93,230.17,229.93,230.02,62984.0
10:44,229.76,229.93,229.75,229.93,70733.0
10:45,229.66,229.8,229.65,229.73,78248.0
10:46,229.48,229.67,229.44,229.67,63150.0
10:47,229.45,229.61,229.35,229.46,76777.0
10:48,229.58,229.63,229.43,229.46,51846.0
10:49,229.63,229.66,229.52,229.63,43643.0
10:50,229.87,229.87,229.61,229.63,51208.0
10:51,229.73,229.88,229.68,229.87,42517.0
10:52,230.07,230.07,229.73,229.75,58071.0
10:53,230.08,230.1,230.01,230.07,54056.0
10:54,230.05,230.09,229.96,230.09,37133.0
10:55,230.17,230.18,230.01,230.01,36885.0
10:56,230.22,230.26,230.16,230.18,39960.0
10:57,230.35,230.38,230.23,230.23,67642.0
10:58,230.35,230.36,230.27,230.36,46892.0
10:59,230.51,230.54,230.3,230.33,114668.0
11:00,230.55,230.58,230.45,230.5,44709.0
11:01,230.55,230.6,230.45,230.54,60368.0
11:02,230.62,230.7,230.52,230.58,59289.0
11:03,230.64,230.67,230.58,230.61,31347.0
11:04,230.65,230.67,230.59,230.63,38394.0
11:05,230.26,230.63,230.24,230.63,44647.0
11:06,230.18,230.31,230.15,230.26,41490.0
11:07,230.43,230.45,230.18,230.2,50102.0
11:08,230.4,230.5,230.4,230.44,36349.0
11:09,230.6,230.61,230.39,230.41,29840.0
11:10,230.57,230.6,230.47,230.6,34628.0
11:11,230.61,230.75,230.56,230.57,37924.0
11:12,230.58,230.65,230.55,230.61,30729.0
11:13,230.6,230.65,230.5,230.6,25908.0
11:14,230.58,230.61,230.52,230.6,26072.0
11:15,230.57,230.65,230.55,230.59,36406.0
11:16,230.52,230.57,230.49,230.51,71968.0
11:17,230.47,230.5,230.42,230.44,107529.0
11:18,230.54,230.54,230.4,230.46,28752.0
11:19,230.57,230.57,230.49,230.54,40816.0
11:20,230.61,230.62,230.52,230.56,38478.0
11:21,230.59,230.62,230.46,230.61,44379.0
11:22,230.59,230.65,230.57,230.59,32015.0
11:23,230.68,230.68,230.53,230.58,42824.0
11:24,230.73,230.76,230.65,230.66,59462.0
11:25,230.3,230.75,230.3,230.74,50980.0
11:26,230.31,230.33,230.23,230.26,30198.0
11:27,230.35,230.38,230.23,230.29,25137.0
11:28,230.29,230.37,230.27,230.36,22968.0
11:29,230.16,230.27,230.1,230.26,51429.0
11:30,230.12,230.22,230.12,230.18,19556.0
11:31,230.13,230.17,230.06,230.12,22852.0
11:32,230.07,230.17,230.07,230.13,22034.0
11:33,230.13,230.15,230.07,230.07,25546.0
11:34,230.15,230.16,230.1,230.12,25743.0
11:35,230.12,230.17,230.07,230.13,30025.0
11:36,230.1,230.17,230.09,230.1,29024.0
11:37,230.31,230.31,230.09,230.1,55053.0
11:38,230.48,230.49,230.29,230.3,26053.0
11:39,230.49,230.52,230.47,230.48,26236.0
11:40,230.4,230.53,230.4,230.5,24281.0
11:41,230.4,230.45,230.36,230.39,22580.0
11:42,230.4,230.43,230.3,230.41,22217.0
11:43,230.4,230.42,230.31,230.38,30323.0
11:44,230.41,230.46,230.4,230.43,17103.0
11:45,230.47,230.54,230.4,230.4,32096.0
11:46,230.53,230.53,230.43,230.48,24584.0
11:47,230.47,230.54,230.45,230.52,18550.0
11:48,230.44,230.5,230.43,230.46,31965.0
11:49,230.52,230.52,230.4,230.44,20632.0
11:50,230.55,230.59,230.51,230.51,26137.0
11:51,230.44,230.55,230.4,230.55,39749.0
11:52,230.51,230.55,230.44,230.46,16325.0
11:53,230.5,230.54,230.48,230.5,13596.0
11:54,230.49,230.52,230.46,230.49,22126.0
11:55,230.35,230.49,230.35,230.48,29189.0
11:56,230.42,230.45,230.34,230.34,21660.0
11:57,230.36,230.43,230.35,230.43,18208.0
11:58,230.3,230.37,230.25,230.36,33869.0
11:59,230.36,230.37,230.27,230.29,16948.0
12:00,230.32,230.38,230.28,230.35,20889.0
12:01,230.32,230.38,230.27,230.36,16599.0
12:02,230.34,230.4,230.31,230.32,16108.0
12:03,230.43,230.43,230.3,230.34,17097.0
12:04,230.39,230.49,230.34,230.42,34966.0
12:05,230.35,230.38,230.31,230.38,681003.0
12:06,230.3,230.35,230.3,230.34,16158.0
12:07,230.29,230.35,230.24,230.32,25336.0
12:08,230.35,230.35,230.25,230.29,23737.0
12:09,230.38,230.42,230.34,230.34,20238.0
12:10,230.43,230.43,230.32,230.39,27037.0
12:11,230.5,230.51,230.41,230.41,23962.0
12:12,230.45,230.54,230.45,230.51,46614.0
12:13,230.25,230.47,230.25,230.46,79014.0
12:14,230.28,230.31,230.2,230.25,22761.0
12:15,230.34,230.37,230.25,230.25,25354.0
12:16,230.29,230.34,230.27,230.34,26608.0
12:17,230.41,230.42,230.28,230.29,21281.0
12:18,230.38,230.4,230.32,230.39,22629.0
12:19,230.4,230.4,230.34,230.38,24564.0
12:20,230.44,230.48,230.38,230.41,24961.0
12:21,230.51,230.54,230.45,230.45,52495.0
12:22,230.43,230.58,230.43,230.51,49845.0
12:23,230.42,230.45,230.36,230.45,18588.0
12:24,230.39,230.43,230.38,230.42,17443.0
12:25,230.32,230.41,230.26,230.39,22611.0
12:26,230.28,230.37,230.27,230.33,20458.0
12:27,230.31,230.33,230.27,230.29,18809.0
12:28,230.36,230.41,230.27,230.32,28213.0
12:29,230.3,230.37,230.28,230.36,21800.0
12:30,230.35,230.37,230.3,230.3,22309.0
12:31,230.28,230.37,230.23,230.35,22015.0
12:32,230.21,230.27,230.2,230.27,25176.0
12:33,230.17,230.25,230.13,230.2,38813.0
12:34,230.15,230.21,230.15,230.16,22987.0
12:35,230.2,230.21,230.15,230.15,26289.0
12:36,230.14,230.22,230.12,230.2,34036.0
12:37,230.21,230.22,230.01,230.12,54307.0
12:38,230.25,230.29,230.18,230.2,21713.0
12:39,230.13,230.26,230.12,230.25,37996.0
12:40,230.29,230.32,230.12,230.12,32843.0
12:41,230.26,230.32,230.25,230.3,15307.0
12:42,230.23,230.27,230.18,230.26,31815.0
12:43,230.19,230.26,230.18,230.23,27902.0
12:44,230.2,230.26,230.18,230.19,30435.0
12:45,230.29,230.29,230.17,230.21,24151.0
12:46,230.03,230.29,230.02,230.29,25830.0
12:47,229.85,230.05,229.83,230.04,79299.0
12:48,229.82,229.86,229.74,229.85,602246.0
12:49,229.88,229.88,229.76,229.8,21962.0
12:50,229.98,230.0,229.8,229.85,35321.0
12:51,229.97,230.0,229.96,229.96,21476.0
12:52,229.93,230.0,229.93,229.96,23301.0
12:53,229.93,229.99,229.93,229.93,14120.0
12:54,229.99,230.0,229.93,229.93,22362.0
12:55,230.09,230.09,229.98,229.99,26620.0
12:56,230.04,230.11,230.01,230.05,21980.0
12:57,229.97,230.03,229.95,230.03,20378.0
12:58,230.02,230.04,229.95,229.98,38882.0
12:59,230.09,230.1,229.98,230.02,30677.0
13:00,230.2,230.22,230.08,230.12,42095.0
13:01,230.37,230.37,230.16,230.19,48745.0
13:02,230.35,230.43,230.32,230.37,40314.0
13:03,230.37,230.37,230.32,230.35,20503.0
13:04,230.46,230.48,230.36,230.37,27750.0
13:05,230.47,230.49,230.4,230.46,26591.0
13:06,230.44,230.48,230.43,230.46,20544.0
13:07,230.4,230.46,230.38,230.46,27649.0
13:08,230.34,230.46,230.34,230.42,22096.0
13:09,230.43,230.44,230.32,230.35,23433.0
13:10,230.46,230.5,230.39,230.42,22331.0
13:11,230.49,230.51,230.44,230.46,26475.0
13:12,230.5,230.51,230.46,230.5,18124.0
13:13,230.54,230.59,230.49,230.5,31369.0
13:14,230.54,230.57,230.52,230.54,21903.0
13:15,230.56,230.57,230.53,230.57,18307.0
13:16,230.71,230.71,230.56,230.56,64266.0
13:17,230.71,230.75,230.67,230.71,33850.0
13:18,230.71,230.74,230.69,230.71,29436.0
13:19,230.77,230.77,230.7,230.73,32378.0
13:20,230.81,230.85,230.77,230.77,56576.0
13:21,230.78,230.85,230.77,230.82,39767.0
13:22,230.79,230.86,230.75,230.77,34408.0
13:23,230.74,230.81,230.71,230.8,84776.0
13:24,230.71,230.76,230.71,230.74,15721.0
13:25,230.81,230.85,230.71,230.72,32568.0
13:26,230.76,230.8,230.76,230.79,19325.0
13:27,230.81,230.82,230.77,230.78,17545.0
13:28,230.79,230.82,230.78,230.81,22439.0
13:29,230.82,230.83,230.77,230.8,20880.0
13:30,230.95,230.95,230.8,230.8,64414.0
13:31,231.09,231.1,230.93,230.96,177661.0
13:32,231.07,231.15,231.05,231.08,33804.0
13:33,230.93,231.09,230.93,231.08,25287.0
13:34,230.9,230.96,230.88,230.92,17793.0
13:35,230.8,230.96,230.8,230.9,23925.0
13:36,230.84,230.87,230.8,230.8,20435.0
13:37,230.82,230.89,230.81,230.85,76330.0
13:38,230.71,230.79,230.67,230.79,33560.0
13:39,230.59,230.68,230.57,230.68,46104.0
13:40,230.63,230.64,230.54,230.54,22859.0
13:41,230.57,230.66,230.56,230.61,23854.0
13:42,230.55,230.62,230.55,230.58,20525.0
13:43,230.52,230.59,230.5,230.56,22530.0
13:44,230.55,230.57,230.51,230.52,13756.0
13:45,230.54,230.58,230.51,230.58,15761.0
13:46,230.58,230.6,230.54,230.59,14674.0
13:47,230.55,230.59,230.51,230.59,13233.0
13:48,230.55,230.57,230.51,230.51,12024.0
13:49,230.55,230.56,230.51,230.53,10257.0
13:50,230.54,230.58,230.54,230.55,16774.0
13:51,230.62,230.62,230.54,230.55,15732.0
13:52,230.56,230.62,230.55,230.62,20979.0
13:53,230.61,230.61,230.56,230.57,13028.0
13:54,230.6,230.61,230.58,230.61,19078.0
13:55,230.57,230.6,230.55,230.59,20039.0
13:56,230.54,230.54,230.49,230.54,19541.0
13:57,230.57,230.59,230.54,230.55,16280.0
13:58,230.48,230.57,230.48,230.57,47788.0
13:59,230.49,230.51,230.46,230.48,12819.0
14:00,230.46,230.54,230.4,230.48,23577.0
14:01,230.57,230.59,230.46,230.47,20676.0
14:02,230.62,230.62,230.55,230.6,15818.0
14:03,230.62,230.71,230.57,230.62,32088.0
14:04,230.66,230.68,230.63,230.63,16984.0
14:05,230.7,230.73,230.65,230.68,19738.0
14:06,230.68,230.75,230.66,230.72,26122.0
14:07,230.73,230.73,230.62,230.67,36532.0
14:08,230.66,230.76,230.65,230.73,33632.0
14:09,230.63,230.67,230.57,230.66,28664.0
14:10,230.63,230.67,230.6,230.61,22593.0
14:11,230.64,230.64,230.6,230.63,25991.0
14:12,230.72,230.73,230.62,230.65,29032.0
14:13,230.54,230.74,230.52,230.73,29686.0
14:14,230.52,230.56,230.5,230.55,26907.0
14:15,230.56,230.59,230.5,230.52,28720.0
14:16,230.57,230.58,230.51,230.55,18148.0
14:17,230.6,230.6,230.55,230.57,32956.0
14:18,230.59,230.61,230.54,230.6,1.0
14:19,230.62,230.69,230.59,230.59,24974.0
14:20,230.62,230.65,230.61,230.63,21238.0
14:21,230.57,230.63,230.57,230.62,25280.0
14:22,230.65,230.68,230.52,230.57,35281.0
14:23,230.63,230.67,230.62,230.65,23736.0
14:24,230.69,230.7,230.62,230.63,13931.0
14:25,230.72,230.76,230.68,230.7,50033.0
14:26,230.7,230.75,230.7,230.71,25825.0
14:27,230.6,230.7,230.59,230.69,28940.0
14:28,230.57,230.59,230.52,230.57,27035.0
14:29,230.6,230.62,230.55,230.56,21721.0
14:30,230.71,230.71,230.57,230.59,40702.0
14:31,230.83,230.83,230.68,230.7,33103.0
14:32,230.82,230.86,230.79,230.84,32619.0
14:33,230.82,230.84,230.8,230.82,19242.0
14:34,230.8,230.82,230.78,230.81,21925.0
14:35,230.84,230.88,230.8,230.81,34204.0
14:36,230.94,230.94,230.85,230.86,29993.0
14:37,230.91,230.94,230.88,230.94,23911.0
14:38,230.93,230.93,230.88,230.9,18411.0
14:39,230.9,230.94,230.88,230.93,24405.0
14:40,230.87,230.94,230.86,230.9,31736.0
14:41,230.87,230.88,230.81,230.87,27408.0
14:42,230.96,230.97,230.86,230.86,27180.0
14:43,231.05,231.06,230.96,230.97,51242.0
14:44,231.04,231.09,231.03,231.05,43972.0
14:45,231.08,231.09,231.06,231.08,29539.0
14:46,230.99,231.12,230.97,231.1,59811.0
14:47,230.98,231.01,230.94,231.0,71810.0
14:48,230.88,231.0,230.88,230.99,38201.0
14:49,231.0,231.01,230.88,230.88,28514.0
14:50,231.03,231.05,230.95,230.99,41548.0
14:51,231.08,231.08,231.01,231.03,41450.0
14:52,231.07,231.15,231.07,231.07,45916.0
14:53,231.05,231.09,231.02,231.07,33914.0
14:54,231.02,231.07,231.02,231.05,29328.0
14:55,231.11,231.12,231.03,231.03,27060.0
14:56,231.15,231.18,231.1,231.11,69173.0
14:57,231.15,231.16,231.1,231.15,32345.0
14:58,231.12,231.17,231.12,231.15,35953.0
14:59,231.14,231.17,231.1,231.12,26924.0
15:00,231.13,231.17,231.12,231.14,41000.0
15:01,231.16,231.18,231.12,231.14,30348.0
15:02,231.2,231.21,231.16,231.16,41722.0
15:03,231.33,231.34,231.21,231.21,67994.0
15:04,231.37,231.38,231.32,231.33,47305.0
15:05,231.32,231.37,231.27,231.37,39357.0
15:06,231.3,231.35,231.26,231.34,37359.0
15:07,231.34,231.34,231.27,231.31,30360.0
15:08,231.4,231.44,231.35,231.35,69124.0
15:09,231.38,231.43,231.38,231.42,44749.0
15:10,231.39,231.41,231.34,231.39,32634.0
15:11,231.32,231.39,231.26,231.39,46471.0
15:12,231.23,231.33,231.2,231.31,61263.0
15:13,231.28,231.3,231.21,231.23,39723.0
15:14,231.22,231.29,231.21,231.29,38840.0
15:15,231.24,231.26,231.19,231.22,41277.0
15:16,231.28,231.33,231.24,231.25,34202.0
15:17,231.21,231.28,231.17,231.28,30934.0
15:18,231.27,231.27,231.2,231.2,34197.0
15:19,231.23,231.26,231.23,231.26,23159.0
15:20,231.24,231.27,231.24,231.24,22269.0
15:21,231.2,231.23,231.16,231.23,82857.0
15:22,231.2,231.24,231.18,231.2,31362.0
15:23,231.23,231.23,231.19,231.21,29441.0
15:24,231.15,231.23,231.14,231.23,31777.0
15:25,231.13,231.15,231.12,231.14,30130.0
15:26,231.08,231.13,231.08,231.13,29947.0
15:27,231.28,231.29,231.06,231.07,83680.0
15:28,231.26,231.29,231.24,231.28,35059.0
15:29,231.32,231.32,231.25,231.26,39668.0
15:30,231.33,231.36,231.23,231.32,52404.0
15:31,231.29,231.34,231.28,231.33,46286.0
15:32,231.27,231.3,231.24,231.3,46185.0
15:33,231.32,231.32,231.25,231.26,57570.0
15:34,231.35,231.38,231.32,231.33,44323.0
15:35,231.45,231.45,231.3,231.37,66842.0
15:36,231.52,231.55,231.4,231.44,109621.0
15:37,231.69,231.72,231.46,231.49,91635.0
15:38,231.64,231.68,231.52,231.56,107432.0
15:39,231.58,231.65,231.58,231.62,123229.0
15:40,231.62,231.62,231.53,231.57,77634.0
15:41,231.55,231.64,231.55,231.62,66595.0
15:42,231.58,231.6,231.52,231.55,60275.0
15:43,231.6,231.64,231.59,231.59,44358.0
15:44,231.62,231.64,231.58,231.6,35076.0
15:45,231.63,231.69,231.59,231.61,65972.0
15:46,231.67,231.68,231.6,231.62,54706.0
15:47,231.62,231.64,231.6,231.64,56300.0
15:48,231.55,231.65,231.53,231.62,46675.0
15:49,231.58,231.62,231.54,231.55,53267.0
15:50,231.57,231.7,231.55,231.6,168389.0
15:51,231.57,231.63,231.54,231.58,58346.0
15:52,231.56,231.58,231.48,231.57,149872.0
15:53,231.6,231.61,231.52,231.57,97023.0
15:54,231.81,231.82,231.59,231.61,178240.0
15:55,231.84,231.9,231.74,231.77,167951.0
15:56,231.73,231.86,231.72,231.85,122500.0
15:57,231.63,231.76,231.63,231.74,127647.0
15:58,231.59,231.65,231.59,231.63,179117.0
15:59,231.42,231.59,231.42,231.59,431035.0
