Time,Close,High,Low,Open,Volume
09:30,229.85,229.85,228.87,229.1,1020976.0
09:31,229.82,230.3,229.71,229.81,438819.0
09:32,230.0,230.06,229.91,229.91,21794.0
09:33,230.37,230.5,230.11,230.13,221202.0
09:34,230.6,230.77,230.32,230.39,131294.0
09:35,230.18,230.71,230.09,230.61,149598.0
09:36,230.8,230.8,230.01,230.15,148017.0
09:37,230.54,230.86,230.24,230.78,160222.0
09:38,230.26,230.68,230.25,230.53,100509.0
09:39,230.49,230.51,230.19,230.26,77719.0
09:40,230.65,230.66,230.41,230.49,82034.0
09:41,230.27,230.65,230.26,230.65,78536.0
09:42,230.4,230.57,230.23,230.28,99659.0
09:43,229.84,230.4,229.83,230.4,105819.0
09:44,229.64,229.96,229.52,229.85,113604.0
09:45,229.11,229.11,229.11,229.11,147767.0
09:46,229.22,229.46,229.08,229.1,105661.0
09:47,229.14,229.4,229.04,229.11,160624.0
09:48,229.06,229.34,229.01,229.12,215587.0
09:49,228.57,229.07,228.57,229.06,130079.0
09:50,228.4,228.7,228.19,228.58,135625.0
09:51,228.14,228.4,228.04,228.38,166656.0
09:52,228.52,228.54,228.02,228.12,82450.0
09:53,228.35,228.5,228.22,228.5,67015.0
09:54,228.78,228.83,228.35,228.35,80458.0
09:55,229.04,229.1,228.66,228.81,75845.0
09:56,228.74,229.09,228.72,229.0,83232.0
09:57,229.07,229.17,228.72,228.75,66156.0
09:58,228.93,229.18,228.9,229.07,67045.0
09:59,229.13,229.17,228.88,228.94,43259.0
10:00,229.06,229.28,228.99,229.13,95866.0
10:01,229.38,229.42,229.12,229.13,64658.0
10:02,229.4,229.45,229.28,229.4,72174.0
10:03,229.41,229.44,229.34,229.44,74456.0
10:04,229.08,229.43,229.03,229.4,104443.0
10:05,229.24,229.41,229.02,229.06,102028.0
10:06,229.62,229.7,229.19,229.23,90028.0
10:07,229.55,229.64,229.45,229.62,56048.0
10:08,229.8,229.8,229.51,229.51,94290.0
10:09,229.58,229.82,229.58,229.78,62412.0
10:10,229.8,229.87,229.56,229.58,85720.0
10:11,229.88,229.95,229.71,229.81,53605.0
10:12,229.95,229.97,229.78,229.89,48025.0
10:13,230.04,230.11,229.88,229.93,85250.0
10:14,230.05,230.12,229.97,230.02,64825.0
10:15,229.87,230.03,229.8,230.03,60505.0
10:16,230.03,230.08,229.75,229.84,42252.0
10:17,229.96,230.09,229.91,229.99,50438.0
10:18,230.13,230.18,229.85,229.97,77787.0
10:19,230.04,230.18,229.98,230.12,46311.0
10:20,230.15,230.23,230.07,230.07,56820.0
10:21,230.35,230.5,230.14,230.14,166170.0
10:22,230.39,230.51,230.35,230.35,72760.0
10:23,230.37,230.51,230.28,230.35,37439.0
10:24,230.48,230.51,230.28,230.35,45855.0
10:25,230.25,230.5,230.25,230.46,40738.0
10:26,230.11,230.34,230.08,230.26,51449.0
10:27,230.29,230.38,230.09,230.16,50148.0
10:28,230.04,230.34,230.02,230.31,42158.0
10:29,230.0,230.06,229.92,230.04,42040.0
10:30,230.07,230.15,229.99,230.0,29186.0
10:31,230.08,230.09,229.96,230.08,26357.0
10:32,230.26,230.29,230.04,230.09,35802.0
10:33,230.43,230.53,230.25,230.26,76442.0
10:34,230.38,230.46,230.29,230.43,43224.0
10:35,230.2,230.4,230.17,230.39,39344.0
10:36,230.24,230.29,230.14,230.21,36933.0
10:37,230.25,230.38,230.2,230.2,26890.0
10:38,230.2,230.3,230.18,230.24,17918.0
10:39,230.35,230.35,230.21,230.21,21843.0
10:40,230.49,230.58,230.32,230.34,132031.0
10:41,230.65,230.69,230.43,230.49,71275.0
10:42,230.84,230.85,230.6,230.68,105473.0
10:43,230.86,231.09,230.81,230.84,244869.0
10:44,230.83,230.91,230.74,230.89,74366.0
10:45,230.59,230.83,230.57,230.82,47359.0
10:46,230.73,230.77,230.57,230.6,49398.0
10:47,230.9,231.01,230.64,230.73,152408.0
10:48,230.78,230.95,230.78,230.88,39647.0
10:49,230.77,230.88,230.7,230.78,126199.0
10:50,230.79,230.85,230.74,230.8,39236.0
10:51,230.97,231.05,230.78,230.78,68482.0
10:52,231.15,231.17,230.97,231.01,67260.0
10:53,231.05,231.23,230.95,231.15,111581.0
10:54,231.25,231.27,231.02,231.06,99183.0
10:55,231.35,231.43,231.25,231.26,127993.0
10:56,231.34,231.4,231.28,231.35,47678.0
10:57,231.51,231.56,231.34,231.34,94949.0
10:58,231.41,231.54,231.41,231.52,58075.0
10:59,231.44,231.45,231.35,231.4,61099.0
11:00,231.43,231.51,231.29,231.44,65325.0
11:01,231.57,231.58,231.43,231.43,87369.0
11:02,231.71,231.73,231.57,231.57,106558.0
11:03,231.79,231.89,231.71,231.72,111359.0
11:04,231.88,231.91,231.76,231.8,112218.0
11:05,231.71,231.87,231.64,231.87,104869.0
11:06,231.9,231.95,231.7,231.7,88682.0
11:07,232.04,232.1,231.87,231.92,325348.0
11:08,232.07,232.09,231.84,232.03,104963.0
11:09,232.24,232.28,232.06,232.06,98516.0
11:10,232.45,232.48,232.22,232.24,203583.0
11:11,232.48,232.5,232.37,232.45,116469.0
11:12,232.65,232.66,232.44,232.48,137779.0
11:13,232.54,232.65,232.5,232.65,93465.0
11:14,232.52,232.57,232.44,232.55,99721.0
11:15,232.36,232.63,232.34,232.53,125675.0
11:16,232.5,232.53,232.32,232.38,78574.0
11:17,232.64,232.67,232.46,232.49,77076.0
11:18,232.67,232.68,232.53,232.63,75646.0
11:19,232.52,232.68,232.51,232.67,75444.0
11:20,232.37,232.6,232.24,232.52,102758.0
11:21,232.35,232.53,232.35,232.36,51981.0
11:22,232.18,232.34,232.07,232.33,100258.0
11:23,231.95,232.19,231.93,232.16,100318.0
11:24,231.88,231.95,231.85,231.95,54247.0
11:25,231.82,232.03,231.77,231.88,132838.0
11:26,231.78,231.89,231.66,231.79,56400.0
11:27,231.7,231.79,231.66,231.78,43488.0
11:28,231.74,231.77,231.66,231.7,47132.0
11:29,231.71,231.74,231.61,231.73,44894.0
11:30,231.97,231.98,231.68,231.69,75221.0
11:31,232.14,232.15,231.89,231.99,60062.0
11:32,232.11,232.14,232.03,232.14,51839.0
11:33,232.16,232.16,232.03,232.08,47413.0
11:34,232.21,232.25,232.13,232.16,39721.0
11:35,232.31,232.34,232.19,232.19,44732.0
11:36,232.27,232.31,232.17,232.3,35354.0
11:37,232.26,232.29,232.23,232.27,27151.0
11:38,232.12,232.26,232.05,232.26,48278.0
11:39,231.93,232.1,231.88,232.1,49656.0
11:40,232.0,232.02,231.93,231.94,67780.0
11:41,231.93,232.0,231.88,231.99,47257.0
11:42,231.97,231.99,231.88,231.93,40645.0
11:43,231.9,232.03,231.87,231.95,75358.0
11:44,231.93,231.94,231.87,231.91,21239.0
11:45,231.79,231.92,231.76,231.92,34648.0
11:46,231.82,231.85,231.75,231.81,28205.0
11:47,231.82,231.88,231.77,231.85,22060.0
11:48,231.85,231.9,231.79,231.83,27438.0
11:49,231.79,231.85,231.74,231.84,23245.0
11:50,231.83,231.87,231.79,231.79,19222.0
11:51,231.86,231.89,231.73,231.81,33508.0
11:52,231.63,231.89,231.63,231.87,29358.0
11:53,231.52,231.65,231.5,231.64,44077.0
11:54,231.61,231.62,231.51,231.51,25209.0
11:55,231.63,231.66,231.6,231.61,56128.0
11:56,231.68,231.69,231.59,231.62,25996.0
11:57,231.71,231.73,231.63,231.69,25666.0
11:58,231.7,231.74,231.67,231.71,22253.0
11:59,231.58,231.75,231.58,231.7,37761.0
12:00,231.58,231.63,231.52,231.58,27992.0
12:01,231.49,231.62,231.49,231.54,32579.0
12:02,231.51,231.54,231.48,231.5,37654.0
12:03,231.57,231.61,231.46,231.51,34024.0
12:04,231.62,231.64,231.53,231.54,32862.0
12:05,231.57,231.66,231.5,231.65,32093.0
12:06,231.72,231.72,231.54,231.54,34514.0
12:07,231.74,231.79,231.66,231.71,45084.0
12:08,231.77,231.82,231.67,231.74,71488.0
12:09,231.81,231.84,231.76,231.77,53253.0
12:10,231.76,231.82,231.73,231.81,45173.0
12:11,231.81,231.82,231.77,231.78,20514.0
12:12,231.81,231.82,231.74,231.8,35492.0
12:13,231.86,231.9,231.76,231.81,44189.0
12:14,231.99,232.01,231.86,231.86,135543.0
12:15,232.09,232.1,232.0,232.0,43267.0
12:16,232.26,232.26,232.09,232.09,44853.0
12:17,232.16,232.26,232.09,232.26,36375.0
12:18,232.1,232.22,232.08,232.17,35017.0
12:19,232.19,232.22,232.1,232.11,42246.0
12:20,232.29,232.3,232.19,232.19,45694.0
12:21,232.24,232.34,232.23,232.29,45357.0
12:22,232.2,232.29,232.19,232.25,28640.0
12:23,232.24,232.26,232.15,232.19,37449.0
12:24,232.33,232.34,232.25,232.25,36343.0
12:25,232.42,232.42,232.3,232.33,57188.0
12:26,232.47,232.47,232.35,232.4,60877.0
12:27,232.44,232.52,232.44,232.47,59597.0
12:28,232.59,232.64,232.45,232.46,109601.0
12:29,232.43,232.61,232.41,232.59,41360.0
12:30,232.23,232.49,232.21,232.45,56853.0
12:31,232.22,232.3,232.15,232.23,45986.0
12:32,232.31,232.33,232.18,232.22,27814.0
12:33,232.43,232.44,232.28,232.31,30978.0
12:34,232.35,232.45,232.31,232.44,35402.0
12:35,232.46,232.48,232.37,232.38,44102.0
12:36,232.48,232.48,232.4,232.45,26199.0
12:37,232.5,232.53,232.45,232.48,31492.0
12:38,232.48,232.52,232.45,232.51,25920.0
12:39,232.47,232.49,232.42,232.49,27540.0
12:40,232.4,232.49,232.37,232.48,28197.0
12:41,232.32,232.4,232.26,232.4,32803.0
12:42,232.32,232.39,232.32,232.33,20756.0
12:43,232.34,232.38,232.28,232.36,22167.0
12:44,232.34,232.34,232.29,232.34,17396.0
12:45,232.29,232.34,232.26,232.33,23083.0
12:46,232.26,232.3,232.22,232.29,22313.0
12:47,232.23,232.3,232.18,232.26,32040.0
12:48,232.2,232.28,232.13,232.25,61354.0
12:49,232.21,232.24,232.17,232.19,23091.0
12:50,232.19,232.24,232.18,232.2,52028.0
12:51,232.32,232.33,232.18,232.19,46318.0
12:52,232.32,232.36,232.29,232.31,24946.0
12:53,232.3,232.33,232.27,232.32,21746.0
12:54,232.26,232.31,232.21,232.3,25962.0
12:55,232.03,232.26,232.03,232.26,37905.0
12:56,232.05,232.09,231.99,232.03,33525.0
12:57,231.92,232.05,231.92,232.05,30122.0
12:58,231.95,231.99,231.92,231.93,69676.0
12:59,231.84,231.93,231.79,231.93,37475.0
13:00,231.65,231.84,231.55,231.84,55770.0
13:01,231.7,231.71,231.61,231.65,40844.0
13:02,231.72,231.79,231.69,231.7,32943.0
13:03,231.79,231.84,231.71,231.73,33431.0
13:04,231.89,231.91,231.79,231.8,23604.0
13:05,231.85,231.94,231.83,231.91,22092.0
13:06,231.74,231.87,231.73,231.85,25269.0
13:07,231.73,231.79,231.72,231.74,31553.0
13:08,231.87,231.87,231.73,231.73,21381.0
13:09,231.91,231.92,231.85,231.86,29889.0
13:10,231.81,231.91,231.8,231.91,13993.0
13:11,231.91,231.93,231.8,231.81,21260.0
13:12,231.9,231.94,231.87,231.92,23047.0
13:13,231.87,231.93,231.87,231.9,22339.0
13:14,231.96,231.96,231.85,231.88,30373.0
13:15,231.86,231.96,231.85,231.96,18977.0
13:16,231.84,231.86,231.79,231.85,32126.0
13:17,231.83,231.88,231.81,231.84,27480.0
13:18,231.8,231.87,231.76,231.83,458808.0
13:19,231.74,231.8,231.72,231.79,18742.0
13:20,231.59,231.76,231.58,231.75,77607.0
13:21,231.63,231.68,231.6,231.6,35324.0
13:22,231.63,231.66,231.57,231.63,51275.0
13:23,231.68,231.68,231.58,231.64,50553.0
13:24,231.68,231.75,231.67,231.67,35821.0
13:25,231.62,231.68,231.62,231.67,27437.0
13:26,231.64,231.68,231.64,231.65,16320.0
13:27,231.7,231.7,231.64,231.65,18528.0
13:28,231.65,231.69,231.63,231.68,21959.0
13:29,231.68,231.7,231.64,231.65,24264.0
13:30,231.71,231.8,231.68,231.68,32465.0
13:31,231.78,231.78,231.68,231.71,29073.0
13:32,231.85,231.92,231.82,231.83,38594.0
13:33,231.7,231.88,231.7,231.84,28009.0
13:34,231.61,231.74,231.59,231.71,44242.0
13:35,231.74,231.74,231.58,231.59,33993.0
13:36,231.67,231.74,231.62,231.74,17495.0
13:37,231.64,231.71,231.64,231.67,13950.0
13:38,231.68,231.68,231.62,231.63,11194.0
13:39,231.72,231.72,231.68,231.68,20376.0
13:40,231.73,231.75,231.67,231.71,18101.0
13:41,231.84,231.84,231.72,231.72,29241.0
13:42,231.89,231.93,231.83,231.85,520195.0
13:43,231.84,231.96,231.84,231.89,98946.0
13:44,231.83,231.85,231.73,231.85,57255.0
13:45,231.95,231.95,231.84,231.84,21291.0
13:46,232.05,232.07,231.95,231.95,55286.0
13:47,231.92,232.04,231.88,232.04,17594.0
13:48,231.95,231.96,231.9,231.91,22489.0
13:49,231.93,231.96,231.93,231.94,13947.0
13:50,232.05,232.05,231.93,231.94,32382.0
13:51,232.09,232.14,232.04,232.04,28332.0
13:52,232.12,232.14,232.07,232.08,33539.0
13:53,232.13,232.14,232.08,232.14,17030.0
13:54,232.03,232.12,232.02,232.12,24490.0
13:55,232.05,232.11,232.01,232.04,25928.0
13:56,232.07,232.1,232.05,232.05,19114.0
13:57,232.04,232.09,232.02,232.07,21694.0
13:58,232.04,232.05,231.99,232.03,35213.0
13:59,232.07,232.09,232.03,232.04,16046.0
14:00,232.07,232.12,232.06,232.06,20569.0
14:01,232.13,232.15,232.06,232.07,19630.0
14:02,232.08,232.12,232.07,232.12,24456.0
14:03,232.11,232.14,232.06,232.07,31126.0
14:04,232.16,232.2,232.08,232.11,26733.0
14:05,232.16,232.2,232.14,232.15,30627.0
14:06,232.16,232.19,232.12,232.16,25943.0
14:07,232.18,232.2,232.15,232.16,26192.0
14:08,232.16,232.19,232.12,232.19,18371.0
14:09,232.13,232.19,232.12,232.17,43865.0
14:10,232.13,232.17,232.11,232.13,23643.0
14:11,232.18,232.2,232.1,232.13,40735.0
14:12,232.15,232.2,232.13,232.19,26148.0
14:13,232.18,232.18,232.15,232.15,23695.0
14:14,232.2,232.21,232.17,232.18,30318.0
14:15,232.11,232.24,232.11,232.22,30484.0
14:16,232.2,232.2,232.1,232.12,25784.0
14:17,232.16,232.21,232.16,232.2,21581.0
14:18,232.14,232.14,232.09,232.13,547454.0
14:19,232.13,232.16,232.12,232.15,23437.0
14:20,232.13,232.13,232.11,232.13,20223.0
14:21,232.1,232.14,232.1,232.13,18972.0
14:22,232.01,232.1,232.01,232.1,31583.0
14:23,232.05,232.06,232.01,232.01,23541.0
14:24,231.97,232.05,231.97,232.05,31529.0
14:25,231.99,232.0,231.95,231.98,37155.0
14:26,231.87,232.02,231.85,232.0,43617.0
14:27,231.93,231.96,231.89,231.89,26405.0
14:28,231.93,231.97,231.91,231.94,25334.0
14:29,232.02,232.03,231.93,231.93,38724.0
14:30,232.1,232.13,232.03,232.03,40812.0
14:31,232.09,232.12,232.07,232.09,33342.0
14:32,232.18,232.18,232.09,232.09,43097.0
14:33,232.16,232.2,232.15,232.17,31308.0
14:34,232.09,232.17,232.09,232.15,21976.0
14:35,232.07,232.1,232.02,232.09,26191.0
14:36,231.98,232.1,231.97,232.07,43136.0
14:37,232.05,232.08,231.98,231.98,26944.0
14:38,232.07,232.08,232.01,232.05,36151.0
14:39,232.13,232.16,232.06,232.06,66618.0
14:40,232.15,232.18,232.12,232.13,18437.0
14:41,232.11,232.15,232.09,232.15,24301.0
14:42,232.04,232.12,232.04,232.11,28858.0
14:43,232.02,232.1,232.01,232.05,30619.0
14:44,232.0,232.03,231.98,232.02,24508.0
14:45,231.97,232.01,231.93,232.01,30210.0
14:46,231.93,231.99,231.88,231.98,36764.0
14:47,231.96,231.98,231.92,231.94,25076.0
14:48,232.03,232.04,231.95,231.95,37623.0
14:49,232.01,232.05,231.99,232.03,29232.0
14:50,231.91,232.01,231.9,232.01,69046.0
14:51,231.97,231.97,231.9,231.91,40596.0
14:52,231.92,231.99,231.91,231.97,28362.0
14:53,231.97,231.99,231.91,231.93,31155.0
14:54,231.93,232.02,231.92,231.97,56158.0
14:55,231.89,231.96,231.86,231.93,40695.0
14:56,231.92,231.93,231.87,231.88,35342.0
14:57,231.93,231.96,231.91,231.92,26511.0
14:58,231.88,231.96,231.87,231.93,33420.0
14:59,231.85,231.9,231.84,231.88,31733.0
15:00,231.82,231.92,231.82,231.85,50140.0
15:01,231.74,231.81,231.73,231.81,56110.0
15:02,231.86,231.87,231.74,231.74,39214.0
15:03,231.82,231.85,231.74,231.85,35092.0
15:04,231.75,231.86,231.74,231.82,26326.0
15:05,231.71,231.77,231.67,231.76,45166.0
15:06,231.73,231.74,231.68,231.71,19962.0
15:07,231.79,231.79,231.74,231.74,16438.0
15:08,231.74,231.8,231.74,231.79,54243.0
15:09,231.75,231.79,231.74,231.75,43085.0
15:10,231.75,231.79,231.73,231.75,26477.0
15:11,231.71,231.76,231.68,231.74,34238.0
15:12,231.76,231.76,231.69,231.7,23160.0
15:13,231.78,231.79,231.76,231.76,30716.0
15:14,231.74,231.78,231.73,231.77,57813.0
15:15,231.73,231.75,231.7,231.74,27345.0
15:16,231.68,231.73,231.66,231.73,45772.0
15:17,231.67,231.68,231.6,231.67,56869.0
15:18,231.71,231.71,231.66,231.67,32940.0
15:19,231.68,231.71,231.68,231.71,28366.0
15:20,231.67,231.72,231.66,231.7,35514.0
15:21,231.81,231.81,231.67,231.68,59138.0
15:22,231.87,231.87,231.8,231.81,38308.0
15:23,231.9,231.91,231.86,231.86,61921.0
15:24,231.79,231.91,231.78,231.9,27742.0
15:25,231.74,231.82,231.74,231.79,38484.0
15:26,231.73,231.78,231.72,231.75,109206.0
15:27,231.74,231.75,231.7,231.73,55362.0
15:28,231.68,231.74,231.67,231.73,40432.0
15:29,231.61,231.67,231.6,231.67,31353.0
15:30,231.57,231.6,231.56,231.6,68842.0
15:31,231.7,231.7,231.58,231.58,51279.0
15:32,231.62,231.7,231.62,231.7,33754.0
15:33,231.6,231.62,231.57,231.61,28674.0
15:34,231.62,231.63,231.59,231.6,68177.0
15:35,231.58,231.62,231.57,231.62,65869.0
15:36,231.57,231.61,231.57,231.58,45656.0
15:37,231.55,231.58,231.54,231.57,43769.0
15:38,231.57,231.57,231.51,231.55,50846.0
15:39,231.59,231.6,231.49,231.58,40587.0
15:40,231.63,231.64,231.57,231.58,85632.0
15:41,231.55,231.65,231.55,231.63,47559.0
15:42,231.6,231.6,231.55,231.56,52345.0
15:43,231.57,231.6,231.55,231.6,45954.0
15:44,231.65,231.66,231.54,231.58,66124.0
15:45,231.74,231.79,231.65,231.66,125694.0
15:46,231.76,231.8,231.73,231.74,76910.0
15:47,231.76,231.82,231.7,231.74,85227.0
15:48,231.82,231.82,231.75,231.76,51459.0
15:49,231.8,231.87,231.78,231.82,61615.0
15:50,231.7,231.88,231.63,231.82,139821.0
15:51,231.74,231.75,231.65,231.68,106193.0
15:52,231.74,231.78,231.7,231.74,81027.0
15:53,231.71,231.76,231.67,231.75,93736.0
15:54,231.71,231.83,231.63,231.71,201139.0
15:55,231.4,231.71,231.38,231.7,258270.0
15:56,231.55,231.56,231.4,231.4,191749.0
15:57,231.59,231.68,231.53,231.56,212642.0
15:58,231.72,231.73,231.56,231.58,231688.0
15:59,231.56,231.75,231.5,231.72,655822.0
