Time,Close,High,Low,Open,Volume
09:30,191.28,191.75,190.95,191.48,1586452.0
09:31,191.23,191.64,190.94,191.28,198942.0
09:32,190.84,191.32,190.75,191.32,158423.0
09:33,190.92,190.98,190.77,190.83,99043.0
09:34,190.93,191.12,190.92,190.95,182836.0
09:35,191.12,191.25,190.76,190.9,176234.0
09:36,191.22,191.24,190.9,191.11,105799.0
09:37,191.2,191.27,191.02,191.18,119725.0
09:38,190.68,191.25,190.42,191.14,232741.0
09:39,190.51,190.66,190.35,190.63,85465.0
09:40,190.51,190.7,190.26,190.49,120007.0
09:41,190.52,190.68,190.31,190.52,64400.0
09:42,190.22,190.64,190.21,190.56,101051.0
09:43,190.33,190.47,190.21,190.24,114531.0
09:44,190.08,190.42,190.06,190.34,101375.0
09:45,189.98,190.2,189.93,190.05,160372.0
09:46,190.14,190.22,189.85,189.98,142463.0
09:47,190.15,190.19,190.03,190.14,87811.0
09:48,189.86,190.15,189.82,190.13,94783.0
09:49,189.82,189.97,189.72,189.85,102133.0
09:50,189.76,189.94,189.68,189.82,137770.0
09:51,190.0,190.0,189.73,189.78,113510.0
09:52,190.08,190.1,189.87,189.97,143442.0
09:53,189.93,190.21,189.86,190.08,69442.0
09:54,190.05,190.07,189.91,189.91,96248.0
09:55,190.26,190.28,189.96,190.04,78565.0
09:56,190.29,190.35,190.15,190.25,97798.0
09:57,190.51,190.53,190.2,190.33,114230.0
09:58,190.06,190.51,190.02,190.5,112377.0
09:59,190.21,190.26,190.0,190.05,64237.0
10:00,190.29,190.33,189.96,190.18,104579.0
10:01,190.57,190.62,190.27,190.27,88405.0
10:02,190.62,190.66,190.52,190.57,76319.0
10:03,190.46,190.63,190.44,190.63,47297.0
10:04,190.21,190.52,190.14,190.46,58220.0
10:05,190.4,190.42,190.13,190.25,52890.0
10:06,190.35,190.5,190.31,190.42,51286.0
10:07,190.35,190.59,190.3,190.35,79803.0
10:08,190.23,190.38,190.03,190.36,93151.0
10:09,190.13,190.24,189.96,190.24,90119.0
10:10,189.92,190.14,189.91,190.12,69757.0
10:11,189.49,190.0,189.43,189.96,146263.0
10:12,189.23,189.55,189.16,189.5,117043.0
10:13,189.2,189.3,189.11,189.23,96829.0
10:14,189.36,189.42,189.14,189.18,91751.0
10:15,189.39,189.5,189.32,189.34,64262.0
10:16,189.59,189.6,189.3,189.39,56013.0
10:17,189.71,189.72,189.5,189.61,87455.0
10:18,189.86,190.0,189.7,189.73,99514.0
10:19,189.95,189.95,189.74,189.85,52792.0
10:20,189.99,190.05,189.81,189.94,70423.0
10:21,189.98,190.02,189.88,189.97,47306.0
10:22,189.77,190.18,189.73,189.99,88357.0
10:23,189.68,189.91,189.55,189.77,70388.0
10:24,189.69,189.85,189.62,189.64,46874.0
10:25,190.01,190.07,189.66,189.69,60879.0
10:26,190.02,190.05,189.93,190.02,57095.0
10:27,190.27,190.28,190.05,190.07,70372.0
10:28,190.23,190.3,190.1,190.26,58130.0
10:29,190.27,190.33,190.19,190.24,46494.0
10:30,190.23,190.32,190.19,190.27,43848.0
10:31,190.15,190.27,190.09,190.23,75536.0
10:32,190.43,190.49,190.16,190.16,88633.0
10:33,190.45,190.5,190.35,190.43,62832.0
10:34,190.3,190.49,190.28,190.45,50404.0
10:35,190.15,190.38,190.12,190.31,34164.0
10:36,189.97,190.11,189.79,190.11,96982.0
10:37,189.89,189.96,189.71,189.96,61087.0
10:38,189.8,189.87,189.74,189.87,51391.0
10:39,189.69,189.98,189.66,189.83,61591.0
10:40,189.94,189.97,189.61,189.67,72102.0
10:41,190.07,190.09,189.92,189.95,68246.0
10:42,189.95,190.15,189.87,190.1,55513.0
10:43,189.77,190.05,189.75,189.95,44962.0
10:44,189.85,189.99,189.55,189.76,114621.0
10:45,189.71,189.97,189.69,189.85,59015.0
10:46,189.9,189.9,189.56,189.66,92754.0
10:47,189.67,190.0,189.66,189.88,51042.0
10:48,189.65,189.8,189.58,189.68,42550.0
10:49,189.6,189.65,189.47,189.65,63422.0
10:50,189.67,189.7,189.48,189.6,78182.0
10:51,189.96,189.96,189.66,189.66,71725.0
10:52,189.9,190.09,189.86,189.98,70897.0
10:53,189.55,190.0,189.45,189.9,56064.0
10:54,189.43,189.55,189.14,189.55,102652.0
10:55,188.95,189.46,188.89,189.46,119910.0
10:56,188.91,189.37,188.87,188.93,78729.0
10:57,189.22,189.33,188.92,188.95,62066.0
10:58,189.17,189.37,189.11,189.22,92079.0
10:59,189.17,189.34,188.82,189.16,76187.0
11:00,189.22,189.35,188.97,189.12,50551.0
11:01,189.5,189.5,189.18,189.24,48851.0
11:02,189.32,189.56,189.1,189.49,66041.0
11:03,189.12,189.36,189.02,189.33,42134.0
11:04,189.08,189.19,189.0,189.07,50871.0
11:05,189.41,189.42,189.08,189.1,39586.0
11:06,189.46,189.47,189.32,189.41,50231.0
11:07,189.79,189.81,189.45,189.46,103839.0
11:08,189.9,189.91,189.78,189.81,38449.0
11:09,190.05,190.07,189.85,189.9,81873.0
11:10,190.24,190.25,190.03,190.06,83843.0
11:11,190.22,190.28,190.16,190.25,67457.0
11:12,190.26,190.33,190.18,190.22,62101.0
11:13,190.43,190.44,190.2,190.24,52433.0
11:14,190.63,190.71,190.43,190.43,88361.0
11:15,190.59,190.71,190.57,190.62,70823.0
11:16,190.56,190.64,190.5,190.62,77145.0
11:17,190.49,190.59,190.43,190.53,50745.0
11:18,190.59,190.6,190.41,190.49,78351.0
11:19,190.61,190.63,190.54,190.6,65478.0
11:20,190.94,191.0,190.6,190.61,181165.0
11:21,190.81,191.0,190.62,190.93,87715.0
11:22,190.88,190.95,190.79,190.81,60991.0
11:23,191.08,191.09,190.89,190.89,87669.0
11:24,191.26,191.27,190.97,191.09,115324.0
11:25,191.28,191.34,191.17,191.28,89341.0
11:26,191.38,191.4,191.27,191.34,63298.0
11:27,191.48,191.48,191.31,191.36,99343.0
11:28,191.69,191.72,191.44,191.5,206392.0
11:29,191.66,191.94,191.52,191.67,339923.0
11:30,191.5,191.65,191.25,191.65,131082.0
11:31,191.63,191.7,191.52,191.52,76929.0
11:32,191.85,191.93,191.64,191.64,101245.0
11:33,191.82,191.95,191.76,191.87,63404.0
11:34,191.79,191.86,191.66,191.8,109306.0
11:35,191.84,191.9,191.78,191.78,75228.0
11:36,191.83,191.95,191.82,191.82,45682.0
11:37,191.93,191.98,191.81,191.81,75188.0
11:38,191.72,191.95,191.68,191.94,65444.0
11:39,192.05,192.06,191.73,191.76,191325.0
11:40,192.13,192.24,192.05,192.07,103392.0
11:41,192.45,192.49,192.15,192.17,171791.0
11:42,192.67,192.78,192.45,192.46,189358.0
11:43,192.67,192.77,192.45,192.65,159090.0
11:44,192.67,192.75,192.53,192.73,111169.0
11:45,192.67,192.97,192.67,192.68,152242.0
11:46,192.7,193.0,192.65,192.7,122461.0
11:47,192.82,192.87,192.59,192.68,134965.0
11:48,192.85,193.06,192.75,192.8,237377.0
11:49,192.93,192.96,192.74,192.85,118714.0
11:50,192.89,193.04,192.69,192.91,107607.0
11:51,192.7,192.87,192.58,192.87,100898.0
11:52,192.66,192.75,192.56,192.72,88609.0
11:53,192.72,192.78,192.56,192.69,52589.0
11:54,192.73,192.85,192.68,192.7,67045.0
11:55,192.56,192.75,192.45,192.74,102329.0
11:56,192.46,192.61,192.21,192.56,102631.0
11:57,192.49,192.54,192.45,192.45,44493.0
11:58,192.41,192.55,192.4,192.51,42441.0
11:59,192.34,192.46,192.31,192.44,54761.0
12:00,192.37,192.43,192.29,192.33,54829.0
12:01,192.27,192.4,192.24,192.38,53138.0
12:02,192.21,192.31,192.18,192.29,70626.0
12:03,192.31,192.31,192.12,192.21,88659.0
12:04,192.23,192.36,192.17,192.3,76166.0
12:05,192.16,192.31,192.16,192.24,50814.0
12:06,192.32,192.32,192.17,192.2,61328.0
12:07,192.51,192.56,192.32,192.32,87615.0
12:08,192.53,192.54,192.37,192.5,67330.0
12:09,192.83,192.83,192.48,192.53,73686.0
12:10,192.8,192.9,192.77,192.82,73214.0
12:11,192.66,192.86,192.65,192.82,40526.0
12:12,192.9,192.96,192.63,192.67,67077.0
12:13,192.99,193.0,192.79,192.9,56464.0
12:14,193.14,193.14,192.97,192.98,151945.0
12:15,193.03,193.2,193.0,193.12,99839.0
12:16,193.09,193.17,192.92,193.0,204880.0
12:17,192.94,193.18,192.86,193.07,123336.0
12:18,193.08,193.08,192.96,192.96,47277.0
12:19,193.11,193.15,193.01,193.05,53037.0
12:20,193.19,193.29,193.12,193.12,84886.0
12:21,192.94,193.25,192.93,193.17,97589.0
12:22,192.76,192.96,192.71,192.95,74973.0
12:23,192.97,193.05,192.78,192.78,79729.0
12:24,193.15,193.19,192.93,192.98,46369.0
12:25,193.08,193.16,192.95,193.14,46349.0
12:26,192.85,193.1,192.84,193.08,46769.0
12:27,192.94,193.03,192.85,192.85,36434.0
12:28,193.01,193.1,192.95,192.95,41013.0
12:29,193.0,193.05,192.91,193.0,49986.0
12:30,192.89,193.04,192.89,193.0,27570.0
12:31,193.01,193.05,192.89,192.9,66930.0
12:32,193.02,193.15,192.98,193.03,56829.0
12:33,193.1,193.2,192.94,193.01,57605.0
12:34,193.13,193.19,193.08,193.11,35382.0
12:35,193.12,193.16,193.05,193.1,37139.0
12:36,193.03,193.14,192.96,193.14,49935.0
12:37,193.19,193.19,192.95,193.02,46399.0
12:38,193.33,193.33,193.14,193.18,62838.0
12:39,193.27,193.43,193.26,193.33,88409.0
12:40,193.17,193.27,193.17,193.27,35730.0
12:41,193.18,193.19,193.06,193.18,39845.0
12:42,193.12,193.23,193.12,193.16,37446.0
12:43,193.49,193.5,193.13,193.13,77754.0
12:44,193.49,193.53,193.42,193.5,53177.0
12:45,193.51,193.53,193.29,193.5,80029.0
12:46,193.49,193.53,193.42,193.52,62347.0
12:47,193.55,193.55,193.38,193.51,50023.0
12:48,193.61,193.64,193.54,193.55,44934.0
12:49,193.57,193.68,193.57,193.62,38617.0
12:50,193.61,193.61,193.51,193.57,45821.0
12:51,193.8,193.82,193.6,193.6,128039.0
12:52,193.88,193.95,193.78,193.82,163619.0
12:53,194.01,194.02,193.86,193.88,195926.0
12:54,194.02,194.13,193.9,194.01,190371.0
12:55,194.13,194.16,194.0,194.0,104286.0
12:56,194.16,194.2,194.04,194.13,112980.0
12:57,194.11,194.17,193.98,194.16,98084.0
12:58,194.23,194.23,194.11,194.12,96903.0
12:59,194.25,194.32,194.16,194.23,134782.0
13:00,194.14,194.33,194.11,194.25,80114.0
13:01,194.0,194.16,193.95,194.16,112970.0
13:02,193.95,194.12,193.94,194.05,116413.0
13:03,193.95,194.05,193.85,193.96,93472.0
13:04,193.82,194.01,193.79,193.95,118948.0
13:05,193.87,193.89,193.69,193.82,94864.0
13:06,193.81,193.99,193.81,193.89,95517.0
13:07,193.98,194.03,193.84,193.84,45634.0
13:08,193.88,194.01,193.82,194.0,38051.0
13:09,193.7,193.88,193.68,193.86,45362.0
13:10,193.77,193.77,193.63,193.71,64024.0
13:11,193.74,193.77,193.57,193.76,47453.0
13:12,193.61,193.79,193.61,193.74,44453.0
13:13,193.61,193.71,193.6,193.61,41294.0
13:14,193.55,193.59,193.44,193.59,46304.0
13:15,193.46,193.6,193.45,193.55,26561.0
13:16,193.54,193.63,193.41,193.47,53977.0
13:17,193.62,193.63,193.51,193.53,21745.0
13:18,193.56,193.61,193.51,193.61,27972.0
13:19,193.51,193.6,193.51,193.56,27642.0
13:20,193.39,193.54,193.38,193.52,50549.0
13:21,193.51,193.51,193.38,193.43,40167.0
13:22,193.75,193.75,193.5,193.5,64123.0
13:23,193.86,193.87,193.72,193.74,56372.0
13:24,193.87,193.92,193.85,193.87,63696.0
13:25,193.73,193.87,193.71,193.87,40075.0
13:26,193.69,193.77,193.62,193.71,49975.0
13:27,193.61,193.71,193.58,193.66,65334.0
13:28,193.72,193.73,193.57,193.61,57426.0
13:29,193.76,193.79,193.6,193.72,50117.0
13:30,193.7,193.78,193.66,193.78,41214.0
13:31,193.83,193.85,193.66,193.69,51515.0
13:32,193.87,193.92,193.85,193.85,51104.0
13:33,193.66,193.88,193.63,193.87,46391.0
13:34,193.57,193.67,193.49,193.67,67149.0
13:35,193.42,193.56,193.37,193.56,107965.0
13:36,193.5,193.51,193.4,193.42,34209.0
13:37,193.57,193.61,193.48,193.51,56193.0
13:38,193.75,193.77,193.56,193.56,37885.0
13:39,193.68,193.77,193.59,193.77,53071.0
13:40,193.43,193.7,193.39,193.67,54959.0
13:41,193.27,193.44,193.25,193.44,66538.0
13:42,193.28,193.3,193.15,193.26,89139.0
13:43,193.27,193.37,193.27,193.29,43449.0
13:44,193.32,193.34,193.2,193.27,43878.0
13:45,193.26,193.35,193.2,193.31,42354.0
13:46,193.09,193.29,193.08,193.27,41997.0
13:47,193.27,193.27,193.05,193.09,49462.0
13:48,193.23,193.28,193.14,193.26,39358.0
13:49,193.32,193.37,193.22,193.24,48592.0
13:50,193.52,193.53,193.31,193.31,75784.0
13:51,193.56,193.58,193.43,193.51,61136.0
13:52,193.55,193.61,193.52,193.58,78921.0
13:53,193.55,193.67,193.52,193.56,35234.0
13:54,193.62,193.66,193.45,193.56,41229.0
13:55,193.48,193.68,193.46,193.62,41098.0
13:56,193.27,193.53,193.27,193.51,32460.0
13:57,193.13,193.35,193.12,193.28,52968.0
13:58,193.03,193.2,192.95,193.13,68683.0
13:59,192.93,193.05,192.93,193.03,46291.0
14:00,193.04,193.04,192.88,192.93,53859.0
14:01,193.0,193.12,192.93,193.04,44831.0
14:02,193.02,193.09,192.94,193.0,40379.0
14:03,192.84,193.08,192.84,192.99,43094.0
14:04,192.9,192.93,192.78,192.86,41865.0
14:05,193.08,193.08,192.93,192.93,46297.0
14:06,193.06,193.12,193.01,193.08,50583.0
14:07,193.16,193.21,193.04,193.05,31431.0
14:08,193.2,193.25,193.15,193.16,41785.0
14:09,193.21,193.28,193.15,193.2,31275.0
14:10,193.21,193.31,193.21,193.23,59534.0
14:11,193.09,193.3,193.04,193.23,52603.0
14:12,193.09,193.19,193.07,193.1,28762.0
14:13,193.12,193.19,193.06,193.06,35399.0
14:14,193.11,193.18,193.11,193.11,30118.0
14:15,193.24,193.26,193.06,193.1,48896.0
14:16,193.2,193.29,193.18,193.24,34783.0
14:17,193.23,193.36,193.22,193.22,50710.0
14:18,193.28,193.31,193.23,193.23,26851.0
14:19,193.34,193.36,193.27,193.27,36588.0
14:20,193.32,193.38,193.3,193.35,36364.0
14:21,193.41,193.41,193.32,193.33,38502.0
14:22,193.36,193.44,193.31,193.41,48065.0
14:23,193.14,193.42,193.14,193.36,48134.0
14:24,193.19,193.2,193.07,193.14,45532.0
14:25,193.38,193.4,193.19,193.19,54242.0
14:26,193.29,193.41,193.29,193.37,57755.0
14:27,193.43,193.44,193.28,193.28,31860.0
14:28,193.29,193.42,193.29,193.41,27087.0
14:29,193.07,193.29,193.07,193.29,54076.0
14:30,193.18,193.24,193.05,193.09,37141.0
14:31,193.22,193.23,193.1,193.16,40144.0
14:32,193.36,193.38,193.15,193.21,40064.0
14:33,193.48,193.48,193.36,193.38,35384.0
14:34,193.52,193.53,193.46,193.47,64988.0
14:35,193.66,193.66,193.51,193.51,57095.0
14:36,193.65,193.68,193.57,193.65,51127.0
14:37,193.63,193.7,193.61,193.67,44484.0
14:38,193.71,193.72,193.64,193.65,52863.0
14:39,193.6,193.71,193.58,193.71,41951.0
14:40,193.77,193.78,193.6,193.6,58157.0
14:41,193.87,193.87,193.75,193.79,52790.0
14:42,193.82,193.9,193.82,193.85,51528.0
14:43,193.79,193.84,193.72,193.81,53632.0
14:44,193.75,193.82,193.74,193.81,38828.0
14:45,193.63,193.77,193.63,193.73,42499.0
14:46,193.63,193.68,193.53,193.64,49982.0
14:47,193.58,193.66,193.55,193.63,50925.0
14:48,193.57,193.64,193.55,193.59,33247.0
14:49,193.5,193.6,193.49,193.58,28778.0
14:50,193.38,193.5,193.37,193.5,31811.0
14:51,193.36,193.38,193.27,193.37,57381.0
14:52,193.57,193.57,193.32,193.36,53039.0
14:53,193.67,193.68,193.52,193.56,46640.0
14:54,193.56,193.69,193.53,193.68,34453.0
14:55,193.56,193.61,193.52,193.57,35313.0
14:56,193.47,193.59,193.46,193.56,35780.0
14:57,193.51,193.52,193.43,193.5,25606.0
14:58,193.42,193.57,193.41,193.52,32520.0
14:59,193.43,193.57,193.43,193.43,43758.0
15:00,193.18,193.44,193.18,193.43,57750.0
15:01,193.25,193.29,193.16,193.18,324674.0
15:02,193.21,193.25,193.11,193.23,69514.0
15:03,193.4,193.43,193.17,193.2,44287.0
15:04,193.37,193.5,193.35,193.39,58083.0
15:05,193.3,193.38,193.27,193.36,36612.0
15:06,193.29,193.35,193.15,193.33,55936.0
15:07,193.27,193.34,193.24,193.3,47808.0
15:08,193.18,193.26,193.16,193.25,69420.0
15:09,193.16,193.27,193.11,193.17,42603.0
15:10,193.12,193.19,193.03,193.16,47341.0
15:11,193.37,193.4,193.11,193.13,82792.0
15:12,193.4,193.48,193.32,193.37,49317.0
15:13,193.41,193.43,193.29,193.4,32936.0
15:14,193.35,193.44,193.33,193.4,53553.0
15:15,193.38,193.43,193.29,193.34,45063.0
15:16,193.38,193.46,193.38,193.39,38739.0
15:17,193.45,193.47,193.34,193.4,38847.0
15:18,193.48,193.48,193.41,193.45,32505.0
15:19,193.59,193.59,193.41,193.47,65173.0
15:20,193.77,193.98,193.57,193.59,151909.0
15:21,194.02,194.09,193.74,193.77,205771.0
15:22,194.18,194.19,193.98,194.03,174242.0
15:23,194.02,194.21,193.97,194.18,96945.0
15:24,194.03,194.1,193.96,194.01,65496.0
15:25,194.19,194.22,194.02,194.06,75575.0
15:26,194.05,194.23,194.05,194.19,159070.0
15:27,193.92,194.06,193.87,194.06,112275.0
15:28,193.94,193.97,193.85,193.9,82070.0
15:29,193.92,193.96,193.85,193.93,88787.0
15:30,193.97,193.97,193.85,193.93,91951.0
15:31,194.04,194.04,193.88,193.96,78347.0
15:32,193.96,194.09,193.96,194.05,88999.0
15:33,193.97,194.04,193.94,193.99,101515.0
15:34,194.13,194.13,193.92,193.96,85058.0
15:35,193.83,194.2,193.73,194.14,135687.0
15:36,193.73,193.79,193.55,193.78,143299.0
15:37,193.6,193.78,193.56,193.71,61881.0
15:38,193.35,193.59,193.35,193.59,87985.0
15:39,193.44,193.5,193.33,193.35,80444.0
15:40,193.28,193.47,193.25,193.44,149102.0
15:41,193.16,193.29,193.15,193.28,118484.0
15:42,193.06,193.24,193.0,193.18,87361.0
15:43,193.02,193.08,192.97,193.06,105062.0
15:44,193.02,193.09,192.99,193.02,64312.0
15:45,192.82,193.04,192.76,193.03,117637.0
15:46,192.78,192.83,192.69,192.83,90583.0
15:47,192.95,192.95,192.65,192.78,119897.0
15:48,192.87,192.99,192.87,192.96,101616.0
15:49,192.9,192.9,192.81,192.86,113548.0
15:50,192.24,192.95,192.22,192.91,272471.0
15:51,192.33,192.37,192.1,192.25,185911.0
15:52,192.19,192.41,192.15,192.33,131070.0
15:53,192.14,192.25,192.06,192.17,164172.0
15:54,192.04,192.13,191.92,192.13,303648.0
15:55,192.02,192.21,191.86,192.08,326399.0
15:56,192.13,192.16,191.87,192.01,244958.0
15:57,192.17,192.24,192.04,192.12,266452.0
15:58,192.18,192.3,192.09,192.16,307924.0
15:59,192.13,192.22,192.01,192.18,763375.0
