Time,Close,High,Low,Open,Volume
09:30,184.45,184.69,183.85,184.57,1760744.0
09:31,184.51,184.87,184.4,184.44,127980.0
09:32,184.51,184.98,184.37,184.56,172822.0
09:33,185.09,185.14,184.4,184.54,178771.0
09:34,184.93,185.1,184.69,185.01,119558.0
09:35,185.32,185.35,184.85,184.97,132993.0
09:36,185.51,185.57,185.23,185.32,100123.0
09:37,185.54,185.71,185.46,185.51,116158.0
09:38,185.53,185.7,185.43,185.56,145019.0
09:39,185.86,185.87,185.49,185.49,122877.0
09:40,185.91,185.95,185.65,185.83,113814.0
09:41,186.1,186.16,185.85,185.89,198448.0
09:42,186.06,186.27,185.93,186.1,161354.0
09:43,186.17,186.22,186.02,186.1,96164.0
09:44,186.16,186.31,186.08,186.15,138686.0
09:45,186.04,186.18,185.95,186.18,87065.0
09:46,185.79,186.17,185.67,186.04,172964.0
09:47,185.55,185.81,185.51,185.81,100456.0
09:48,185.8,185.8,185.55,185.58,84472.0
09:49,185.5,185.88,185.5,185.82,65289.0
09:50,185.17,185.52,185.14,185.52,119776.0
09:51,185.08,185.19,184.83,185.19,137049.0
09:52,185.07,185.19,185.02,185.08,79433.0
09:53,184.93,185.09,184.91,185.09,57570.0
09:54,184.95,184.98,184.79,184.93,86907.0
09:55,184.88,185.07,184.73,184.96,151649.0
09:56,185.19,185.28,184.87,184.9,102517.0
09:57,185.01,185.23,184.91,185.19,84608.0
09:58,185.1,185.12,184.9,185.02,136741.0
09:59,185.0,185.17,184.95,185.12,90533.0
10:00,184.81,185.09,184.63,185.01,124377.0
10:01,185.24,185.25,184.81,184.84,154839.0
10:02,185.12,185.32,185.12,185.23,131465.0
10:03,185.07,185.18,185.0,185.13,92157.0
10:04,185.14,185.23,185.01,185.07,61777.0
10:05,185.15,185.28,185.0,185.13,109331.0
10:06,185.09,185.2,185.01,185.17,55600.0
10:07,184.9,185.1,184.8,185.1,84716.0
10:08,185.24,185.27,184.9,184.9,72456.0
10:09,185.4,185.44,185.27,185.29,84808.0
10:10,185.51,185.57,185.26,185.39,75546.0
10:11,185.63,185.64,185.41,185.51,54889.0
10:12,185.74,185.81,185.63,185.63,92622.0
10:13,185.94,185.96,185.75,185.75,64649.0
10:14,185.87,186.02,185.79,185.91,86491.0
10:15,186.06,186.1,185.82,185.84,51672.0
10:16,186.2,186.2,186.05,186.05,91033.0
10:17,186.22,186.4,186.08,186.2,91053.0
10:18,186.23,186.27,186.12,186.25,33244.0
10:19,186.46,186.56,186.23,186.24,90218.0
10:20,186.58,186.66,186.47,186.49,79441.0
10:21,186.85,186.88,186.59,186.6,98155.0
10:22,186.78,186.95,186.74,186.85,85166.0
10:23,186.93,187.03,186.78,186.79,125440.0
10:24,186.75,186.96,186.7,186.89,70816.0
10:25,186.74,186.9,186.7,186.76,85630.0
10:26,186.72,186.84,186.71,186.76,50784.0
10:27,186.62,186.75,186.56,186.74,77983.0
10:28,186.41,186.66,186.37,186.64,92252.0
10:29,186.65,186.67,186.42,186.42,78631.0
10:30,186.74,186.81,186.61,186.67,80345.0
10:31,186.52,186.76,186.47,186.73,62618.0
10:32,186.67,186.81,186.49,186.5,72451.0
10:33,186.76,186.79,186.65,186.66,41516.0
10:34,186.96,187.12,186.75,186.76,105060.0
10:35,187.1,187.12,186.82,186.96,57290.0
10:36,186.66,187.13,186.65,187.12,70485.0
10:37,186.71,186.74,186.63,186.69,46894.0
10:38,186.83,186.95,186.7,186.72,31985.0
10:39,186.91,186.93,186.76,186.83,59128.0
10:40,186.82,186.98,186.77,186.92,34894.0
10:41,186.84,186.89,186.71,186.81,30615.0
10:42,186.74,186.88,186.71,186.84,54301.0
10:43,186.66,186.79,186.62,186.77,32380.0
10:44,186.74,186.77,186.63,186.63,22300.0
10:45,186.95,186.99,186.75,186.75,81406.0
10:46,187.0,187.07,186.94,186.94,55629.0
10:47,186.99,187.05,186.95,187.01,56279.0
10:48,186.9,187.05,186.88,186.99,46220.0
10:49,186.7,186.92,186.66,186.89,57804.0
10:50,186.49,186.72,186.38,186.72,77752.0
10:51,186.35,186.46,186.23,186.46,87350.0
10:52,186.3,186.39,186.26,186.35,52942.0
10:53,186.43,186.49,186.28,186.29,68704.0
10:54,186.46,186.49,186.36,186.42,46381.0
10:55,186.37,186.52,186.3,186.48,35970.0
10:56,186.46,186.52,186.33,186.37,33836.0
10:57,186.47,186.49,186.4,186.44,25652.0
10:58,186.36,186.48,186.27,186.46,38793.0
10:59,186.45,186.49,186.24,186.33,49573.0
11:00,186.4,186.5,186.3,186.4,53081.0
11:01,186.54,186.58,186.38,186.38,63448.0
11:02,186.38,186.54,186.32,186.54,32677.0
11:03,186.49,186.49,186.39,186.41,52441.0
11:04,186.51,186.58,186.48,186.5,39104.0
11:05,186.55,186.56,186.46,186.52,46547.0
11:06,186.56,186.6,186.51,186.57,31411.0
11:07,186.43,186.63,186.4,186.55,39002.0
11:08,186.38,186.49,186.34,186.43,63010.0
11:09,186.26,186.46,186.22,186.38,56877.0
11:10,186.3,186.35,186.18,186.24,35978.0
11:11,186.53,186.56,186.31,186.32,43516.0
11:12,186.53,186.53,186.4,186.5,70600.0
11:13,186.5,186.57,186.49,186.51,22573.0
11:14,186.43,186.51,186.4,186.51,23511.0
11:15,186.4,186.47,186.36,186.4,26780.0
11:16,186.2,186.43,186.19,186.42,35273.0
11:17,186.35,186.37,186.18,186.2,33505.0
11:18,186.43,186.48,186.36,186.38,20792.0
11:19,186.47,186.53,186.39,186.43,37790.0
11:20,186.51,186.54,186.46,186.48,26610.0
11:21,186.51,186.56,186.49,186.51,27364.0
11:22,186.54,186.57,186.47,186.47,24668.0
11:23,186.69,186.71,186.51,186.52,50978.0
11:24,186.67,186.71,186.63,186.69,31915.0
11:25,186.73,186.77,186.59,186.69,31551.0
11:26,186.66,186.74,186.58,186.74,25464.0
11:27,186.69,186.77,186.67,186.67,24455.0
11:28,186.8,186.81,186.57,186.68,48407.0
11:29,186.81,186.83,186.79,186.8,27414.0
11:30,186.68,186.84,186.62,186.81,35421.0
11:31,186.57,186.71,186.57,186.68,25254.0
11:32,186.56,186.63,186.52,186.6,28118.0
11:33,186.69,186.71,186.52,186.55,30939.0
11:34,186.77,186.8,186.67,186.72,24716.0
11:35,186.77,186.9,186.74,186.79,109822.0
11:36,186.83,186.83,186.75,186.77,43700.0
11:37,186.73,186.82,186.65,186.82,35092.0
11:38,186.83,186.85,186.71,186.74,35390.0
11:39,186.86,186.88,186.77,186.85,39613.0
11:40,186.82,186.9,186.79,186.87,37206.0
11:41,186.63,186.84,186.62,186.82,32116.0
11:42,186.47,186.64,186.39,186.62,48354.0
11:43,186.38,186.49,186.35,186.47,31154.0
11:44,186.41,186.42,186.34,186.37,39103.0
11:45,186.34,186.43,186.27,186.39,47352.0
11:46,186.31,186.37,186.24,186.35,47658.0
11:47,186.39,186.44,186.32,186.32,49299.0
11:48,186.5,186.55,186.38,186.38,23579.0
11:49,186.51,186.56,186.46,186.49,17459.0
11:50,186.49,186.56,186.48,186.51,35061.0
11:51,186.28,186.49,186.28,186.49,35388.0
11:52,186.22,186.33,186.21,186.31,22900.0
11:53,186.21,186.31,186.17,186.24,49003.0
11:54,186.27,186.31,186.23,186.23,17226.0
11:55,186.28,186.32,186.23,186.25,21626.0
11:56,186.23,186.29,186.17,186.26,21743.0
11:57,186.32,186.37,186.21,186.21,36092.0
11:58,186.26,186.39,186.24,186.31,21701.0
11:59,186.17,186.26,186.14,186.26,27194.0
12:00,186.21,186.25,186.15,186.16,40796.0
12:01,186.34,186.34,186.05,186.2,54399.0
12:02,186.25,186.37,186.21,186.33,49706.0
12:03,186.21,186.27,186.19,186.26,17427.0
12:04,186.38,186.43,186.22,186.22,37113.0
12:05,186.35,186.35,186.25,186.33,26121.0
12:06,186.26,186.35,186.21,186.33,16844.0
12:07,186.39,186.4,186.29,186.32,15009.0
12:08,186.4,186.4,186.2,186.39,40114.0
12:09,186.36,186.39,186.3,186.39,44746.0
12:10,186.4,186.4,186.27,186.35,33718.0
12:11,186.76,186.76,186.38,186.38,139535.0
12:12,187.02,187.09,186.77,186.77,100949.0
12:13,187.5,187.61,187.03,187.04,165136.0
12:14,187.72,187.93,187.5,187.5,123616.0
12:15,187.29,187.75,187.29,187.73,82235.0
12:16,186.99,187.36,186.92,187.31,74351.0
12:17,187.01,187.09,186.84,186.99,50210.0
12:18,186.96,187.08,186.88,187.0,36114.0
12:19,187.02,187.19,186.91,186.96,79439.0
12:20,186.67,187.09,186.61,187.05,103859.0
12:21,186.6,186.69,186.4,186.69,54394.0
12:22,186.49,186.63,186.41,186.56,31031.0
12:23,186.52,186.56,186.35,186.5,34557.0
12:24,186.3,186.53,186.18,186.52,57921.0
12:25,186.34,186.5,186.22,186.26,33272.0
12:26,186.48,186.53,186.33,186.36,30662.0
12:27,186.4,186.53,186.34,186.45,26354.0
12:28,186.41,186.55,186.35,186.38,32097.0
12:29,186.4,186.45,186.37,186.41,34927.0
12:30,186.43,186.5,186.32,186.38,31744.0
12:31,186.45,186.5,186.39,186.46,22844.0
12:32,186.52,186.53,186.39,186.47,28666.0
12:33,186.63,186.72,186.52,186.52,33540.0
12:34,186.62,186.66,186.53,186.64,25271.0
12:35,186.52,186.63,186.48,186.63,27490.0
12:36,186.53,186.57,186.48,186.53,18098.0
12:37,186.47,186.57,186.42,186.53,20262.0
12:38,186.64,186.76,186.46,186.46,61570.0
12:39,186.58,186.64,186.51,186.64,36275.0
12:40,186.62,186.68,186.55,186.57,16488.0
12:41,186.6,186.69,186.58,186.62,25903.0
12:42,186.48,186.6,186.45,186.6,29851.0
12:43,186.36,186.5,186.3,186.49,41778.0
12:44,186.2,186.4,186.15,186.38,56859.0
12:45,186.18,186.25,186.09,186.2,62597.0
12:46,186.14,186.24,186.0,186.18,44717.0
12:47,186.17,186.25,186.09,186.19,36268.0
12:48,186.15,186.17,186.07,186.12,36999.0
12:49,186.02,186.17,186.01,186.14,40826.0
12:50,185.98,186.07,185.93,186.02,49065.0
12:51,185.92,185.98,185.85,185.98,52386.0
12:52,185.9,185.94,185.88,185.93,18687.0
12:53,185.88,185.97,185.88,185.9,22047.0
12:54,185.93,186.0,185.87,185.88,32720.0
12:55,185.84,186.0,185.83,185.94,33359.0
12:56,185.76,185.87,185.72,185.84,38941.0
12:57,185.68,185.77,185.64,185.74,108074.0
12:58,185.63,185.71,185.59,185.67,39609.0
12:59,185.57,185.62,185.52,185.6,34292.0
13:00,185.52,185.64,185.37,185.59,111025.0
13:01,185.54,185.6,185.49,185.52,35795.0
13:02,185.82,185.93,185.54,185.54,84772.0
13:03,185.89,185.95,185.79,185.82,71334.0
13:04,185.68,185.9,185.64,185.89,42082.0
13:05,185.84,185.86,185.62,185.63,24325.0
13:06,185.65,185.89,185.6,185.81,28433.0
13:07,185.68,185.73,185.63,185.63,21781.0
13:08,185.81,185.81,185.67,185.67,27835.0
13:09,185.8,185.97,185.79,185.8,67562.0
13:10,185.82,185.85,185.64,185.79,26027.0
13:11,185.74,185.83,185.64,185.79,21234.0
13:12,185.82,185.89,185.73,185.75,25211.0
13:13,185.8,185.83,185.72,185.82,28943.0
13:14,185.79,185.83,185.78,185.8,18971.0
13:15,185.93,185.96,185.77,185.79,32450.0
13:16,185.88,185.96,185.83,185.93,20914.0
13:17,185.87,185.9,185.84,185.89,13287.0
13:18,185.82,185.89,185.82,185.88,12099.0
13:19,185.81,185.86,185.8,185.8,13923.0
13:20,185.63,185.8,185.55,185.8,58166.0
13:21,185.4,185.64,185.38,185.62,71132.0
13:22,185.4,185.48,185.34,185.43,35826.0
13:23,185.32,185.46,185.3,185.36,37526.0
13:24,185.28,185.35,185.26,185.3,40388.0
13:25,185.27,185.31,185.16,185.28,33989.0
13:26,185.29,185.39,185.18,185.27,40390.0
13:27,185.53,185.57,185.21,185.27,32868.0
13:28,185.51,185.51,185.36,185.48,49322.0
13:29,185.54,185.61,185.46,185.51,51238.0
13:30,185.62,185.68,185.51,185.54,47823.0
13:31,185.74,185.78,185.56,185.61,58983.0
13:32,185.79,185.79,185.68,185.76,36723.0
13:33,185.71,185.79,185.69,185.79,32359.0
13:34,185.81,185.85,185.65,185.74,51860.0
13:35,185.84,185.89,185.78,185.82,48552.0
13:36,185.68,185.85,185.64,185.84,33167.0
13:37,185.63,185.7,185.56,185.7,21723.0
13:38,185.54,185.64,185.5,185.64,24707.0
13:39,185.37,185.54,185.36,185.51,32910.0
13:40,185.31,185.38,185.17,185.38,60747.0
13:41,185.21,185.31,185.2,185.3,20303.0
13:42,185.22,185.3,185.17,185.21,30222.0
13:43,185.18,185.22,185.15,185.18,30099.0
13:44,185.06,185.19,185.05,185.16,36387.0
13:45,185.05,185.11,185.01,185.06,37146.0
13:46,185.07,185.12,184.99,185.05,79912.0
13:47,185.13,185.14,185.05,185.08,35812.0
13:48,185.09,185.15,185.08,185.13,23654.0
13:49,185.14,185.15,185.03,185.07,34478.0
13:50,185.29,185.29,185.1,185.14,39554.0
13:51,185.19,185.34,185.14,185.28,52196.0
13:52,185.35,185.35,185.19,185.19,28602.0
13:53,185.39,185.4,185.33,185.39,31055.0
13:54,185.37,185.4,185.29,185.4,24826.0
13:55,185.25,185.37,185.23,185.35,24034.0
13:56,185.28,185.3,185.21,185.27,20160.0
13:57,185.43,185.43,185.27,185.27,26112.0
13:58,185.32,185.43,185.32,185.41,19945.0
13:59,185.32,185.37,185.29,185.33,26649.0
14:00,185.44,185.48,185.3,185.34,29386.0
14:01,185.54,185.56,185.37,185.43,30000.0
14:02,185.73,185.91,185.53,185.56,75506.0
14:03,185.55,185.8,185.53,185.75,42665.0
14:04,185.63,185.68,185.39,185.53,73319.0
14:05,185.52,185.62,185.49,185.62,24692.0
14:06,185.47,185.53,185.38,185.53,30255.0
14:07,185.46,185.48,185.33,185.47,29124.0
14:08,185.47,185.5,185.4,185.42,21588.0
14:09,185.49,185.52,185.45,185.49,191243.0
14:10,185.38,185.54,185.35,185.47,42239.0
14:11,185.4,185.43,185.3,185.38,22438.0
14:12,185.44,185.55,185.4,185.42,26754.0
14:13,185.41,185.48,185.4,185.45,19992.0
14:14,185.49,185.5,185.36,185.42,34338.0
14:15,185.64,185.64,185.5,185.51,21864.0
14:16,185.61,185.7,185.55,185.63,34307.0
14:17,185.68,185.72,185.6,185.6,29036.0
14:18,185.76,185.76,185.66,185.68,27475.0
14:19,185.78,185.81,185.73,185.76,30213.0
14:20,185.68,185.87,185.68,185.79,38402.0
14:21,185.68,185.79,185.67,185.68,28357.0
14:22,185.75,185.76,185.63,185.68,16766.0
14:23,185.79,185.85,185.75,185.76,22449.0
14:24,185.82,185.84,185.78,185.79,16678.0
14:25,185.91,185.94,185.8,185.8,29877.0
14:26,185.85,185.94,185.81,185.91,25761.0
14:27,185.83,185.88,185.79,185.83,35015.0
14:28,185.9,185.94,185.83,185.85,30682.0
14:29,185.93,185.93,185.86,185.91,27501.0
14:30,185.95,185.97,185.88,185.9,34236.0
14:31,185.86,185.95,185.86,185.95,226927.0
14:32,185.81,185.89,185.78,185.87,35105.0
14:33,185.77,185.85,185.75,185.8,26122.0
14:34,185.86,185.87,185.76,185.79,26758.0
14:35,185.79,185.86,185.77,185.83,21364.0
14:36,185.66,185.79,185.66,185.78,38516.0
14:37,185.76,185.83,185.69,185.69,36778.0
14:38,185.84,185.86,185.76,185.77,29759.0
14:39,185.79,185.84,185.76,185.81,28071.0
14:40,185.84,185.93,185.78,185.78,53906.0
14:41,185.87,185.9,185.78,185.85,40525.0
14:42,185.74,185.87,185.73,185.86,28443.0
14:43,185.54,185.74,185.54,185.71,44926.0
14:44,185.54,185.6,185.51,185.55,40843.0
14:45,185.55,185.56,185.5,185.54,42118.0
14:46,185.67,185.67,185.5,185.53,27288.0
14:47,185.63,185.68,185.56,185.68,28242.0
14:48,185.65,185.68,185.63,185.63,16840.0
14:49,185.62,185.71,185.6,185.65,30098.0
14:50,185.56,185.63,185.56,185.61,18689.0
14:51,185.4,185.56,185.37,185.55,41420.0
14:52,185.58,185.6,185.41,185.41,24607.0
14:53,185.59,185.61,185.57,185.59,28813.0
14:54,185.55,185.59,185.54,185.58,22236.0
14:55,185.65,185.66,185.52,185.55,30718.0
14:56,185.75,185.77,185.63,185.65,31280.0
14:57,185.79,185.79,185.72,185.77,36397.0
14:58,185.8,185.85,185.77,185.8,34843.0
14:59,185.86,185.88,185.8,185.81,40809.0
15:00,185.73,185.88,185.71,185.85,29762.0
15:01,185.84,185.87,185.71,185.73,38903.0
15:02,185.88,185.92,185.83,185.85,41073.0
15:03,185.73,185.9,185.73,185.88,33552.0
15:04,185.71,185.75,185.66,185.72,21842.0
15:05,185.65,185.7,185.61,185.69,22459.0
15:06,185.53,185.67,185.51,185.65,50397.0
15:07,185.52,185.54,185.45,185.54,38657.0
15:08,185.55,185.61,185.49,185.49,23826.0
15:09,185.56,185.62,185.54,185.58,18456.0
15:10,185.53,185.6,185.51,185.55,21398.0
15:11,185.54,185.54,185.44,185.54,21060.0
15:12,185.51,185.6,185.5,185.54,19580.0
15:13,185.57,185.59,185.49,185.52,18253.0
15:14,185.61,185.69,185.57,185.59,26702.0
15:15,185.65,185.69,185.6,185.62,36642.0
15:16,185.66,185.7,185.6,185.62,32452.0
15:17,185.68,185.71,185.64,185.67,29511.0
15:18,185.57,185.66,185.55,185.66,24033.0
15:19,185.47,185.55,185.45,185.55,33738.0
15:20,185.51,185.52,185.43,185.46,31149.0
15:21,185.53,185.63,185.47,185.51,40894.0
15:22,185.48,185.55,185.45,185.52,30363.0
15:23,185.45,185.49,185.42,185.48,21161.0
15:24,185.49,185.52,185.45,185.46,29360.0
15:25,185.53,185.57,185.49,185.51,22998.0
15:26,185.43,185.55,185.43,185.54,35397.0
15:27,185.62,185.64,185.38,185.45,37982.0
15:28,185.79,185.79,185.61,185.61,65274.0
15:29,185.73,185.8,185.71,185.77,43070.0
15:30,185.81,185.88,185.66,185.72,54359.0
15:31,185.66,185.86,185.64,185.79,31501.0
15:32,185.7,185.73,185.58,185.65,40305.0
15:33,185.71,185.71,185.63,185.7,35104.0
15:34,185.64,185.7,185.57,185.7,29329.0
15:35,185.58,185.65,185.56,185.63,27446.0
15:36,185.54,185.6,185.54,185.58,57945.0
15:37,185.47,185.57,185.47,185.54,35714.0
15:38,185.38,185.49,185.37,185.47,33634.0
15:39,185.37,185.42,185.35,185.38,52149.0
15:40,185.41,185.45,185.36,185.37,37278.0
15:41,185.52,185.59,185.41,185.41,49933.0
15:42,185.43,185.53,185.37,185.52,40747.0
15:43,185.49,185.55,185.41,185.44,40673.0
15:44,185.51,185.53,185.46,185.5,38458.0
15:45,185.59,185.6,185.49,185.5,53677.0
15:46,185.51,185.58,185.5,185.57,37998.0
15:47,185.59,185.59,185.46,185.51,39767.0
15:48,185.5,185.59,185.48,185.57,30008.0
15:49,185.46,185.51,185.42,185.51,38723.0
15:50,185.37,185.73,185.3,185.49,110276.0
15:51,185.32,185.4,185.29,185.39,67439.0
15:52,185.29,185.36,185.23,185.35,71991.0
15:53,185.36,185.46,185.21,185.26,74154.0
15:54,185.38,185.39,185.25,185.35,71932.0
15:55,185.38,185.45,185.25,185.36,110771.0
15:56,185.4,185.43,185.28,185.4,115234.0
15:57,185.38,185.41,185.29,185.4,109725.0
15:58,185.46,185.48,185.36,185.39,180831.0
15:59,184.98,185.46,184.95,185.45,938410.0
