Time,Close,High,Low,Open,Volume
09:30,210.32,210.64,209.68,209.97,1709543.0
09:31,211.12,211.29,210.31,210.31,242964.0
09:32,211.53,211.59,211.11,211.13,188208.0
09:33,211.22,211.67,211.21,211.51,155116.0
09:34,211.45,211.48,211.06,211.22,106097.0
09:35,211.34,211.55,211.2,211.46,82823.0
09:36,210.98,211.33,210.91,211.33,120107.0
09:37,211.23,211.29,210.98,210.99,116888.0
09:38,211.58,211.58,211.21,211.22,95189.0
09:39,212.01,212.09,211.6,211.6,185218.0
09:40,211.9,212.12,211.59,212.0,164885.0
09:41,211.68,211.95,211.58,211.9,91531.0
09:42,211.75,211.93,211.63,211.68,99899.0
09:43,211.61,211.88,211.53,211.76,85449.0
09:44,211.56,211.65,211.49,211.6,84024.0
09:45,211.15,211.58,211.1,211.58,92519.0
09:46,210.91,211.23,210.91,211.15,84897.0
09:47,210.88,211.06,210.84,210.9,89528.0
09:48,210.8,210.87,210.68,210.87,104544.0
09:49,210.67,210.77,210.56,210.76,87803.0
09:50,210.79,210.81,210.4,210.66,198685.0
09:51,210.86,211.04,210.78,210.79,88942.0
09:52,211.04,211.09,210.76,210.78,61782.0
09:53,210.84,211.18,210.84,211.07,61593.0
09:54,210.87,210.93,210.69,210.82,56392.0
09:55,211.0,211.0,210.76,210.88,47590.0
09:56,211.21,211.21,210.98,210.99,52618.0
09:57,211.08,211.26,211.05,211.19,54533.0
09:58,210.92,211.07,210.9,211.03,53738.0
09:59,211.12,211.13,210.82,210.91,122812.0
10:00,211.23,211.54,211.16,211.16,167611.0
10:01,211.25,211.32,211.08,211.26,47679.0
10:02,211.16,211.32,211.07,211.29,80085.0
10:03,211.27,211.38,211.12,211.13,73777.0
10:04,211.13,211.3,211.06,211.29,59541.0
10:05,211.16,211.21,210.98,211.13,72345.0
10:06,211.24,211.4,211.08,211.15,107368.0
10:07,211.21,211.26,211.02,211.22,80839.0
10:08,211.28,211.43,211.22,211.22,73645.0
10:09,211.0,211.19,210.95,211.09,144428.0
10:10,210.71,210.96,210.68,210.96,215210.0
10:11,210.69,210.88,210.6,210.69,96012.0
10:12,210.61,210.78,210.47,210.7,89157.0
10:13,210.96,210.98,210.56,210.58,95487.0
10:14,210.97,211.09,210.86,210.93,63536.0
10:15,210.67,210.99,210.59,210.97,64321.0
10:16,210.51,210.71,210.51,210.68,44379.0
10:17,210.31,210.53,210.29,210.52,85279.0
10:18,210.58,210.6,210.29,210.29,53818.0
10:19,210.39,210.57,210.36,210.55,412718.0
10:20,210.16,210.41,210.13,210.37,76445.0
10:21,210.24,210.31,209.96,210.18,176178.0
10:22,210.09,210.4,210.08,210.22,103181.0
10:23,210.23,210.27,210.07,210.1,55544.0
10:24,210.14,210.29,210.09,210.23,73257.0
10:25,210.16,210.23,209.94,210.15,85801.0
10:26,210.23,210.33,210.15,210.19,51448.0
10:27,210.12,210.28,210.06,210.23,43625.0
10:28,209.95,210.16,209.86,210.1,80629.0
10:29,209.91,209.98,209.81,209.93,52487.0
10:30,209.93,209.99,209.83,209.87,79077.0
10:31,209.96,210.01,209.86,209.92,54342.0
10:32,210.09,210.11,209.92,209.96,41668.0
10:33,210.19,210.25,210.07,210.1,67889.0
10:34,210.13,210.23,209.98,210.19,56260.0
10:35,210.35,210.37,210.06,210.15,75009.0
10:36,210.32,210.4,210.21,210.36,45298.0
10:37,210.63,210.63,210.35,210.37,95724.0
10:38,210.57,210.65,210.52,210.65,43657.0
10:39,210.68,210.74,210.57,210.58,56344.0
10:40,210.85,210.89,210.63,210.68,73389.0
10:41,210.97,211.02,210.84,210.86,75789.0
10:42,210.9,211.15,210.87,210.98,79215.0
10:43,211.01,211.01,210.79,210.91,51361.0
10:44,211.04,211.07,210.91,210.99,47286.0
10:45,211.09,211.12,211.04,211.08,40540.0
10:46,211.21,211.34,211.08,211.08,62131.0
10:47,211.2,211.31,211.14,211.21,43992.0
10:48,210.99,211.21,210.94,211.19,49301.0
10:49,211.18,211.19,210.93,211.01,42438.0
10:50,210.93,211.18,210.93,211.16,37252.0
10:51,211.11,211.12,210.93,210.95,44324.0
10:52,211.4,211.41,211.12,211.12,52156.0
10:53,211.46,211.61,211.37,211.42,78685.0
10:54,211.56,211.7,211.45,211.5,116871.0
10:55,211.66,211.81,211.53,211.56,79166.0
10:56,211.55,211.72,211.54,211.66,56338.0
10:57,211.51,211.62,211.45,211.57,55762.0
10:58,211.46,211.58,211.46,211.53,41880.0
10:59,211.75,211.8,211.48,211.48,48207.0
11:00,211.66,211.8,211.66,211.75,33256.0
11:01,211.62,211.72,211.59,211.69,35541.0
11:02,211.86,211.86,211.6,211.63,39420.0
11:03,211.81,211.83,211.81,211.82,44283.0
11:04,211.72,211.84,211.67,211.84,536138.0
11:05,211.88,211.9,211.68,211.7,39440.0
11:06,211.93,211.94,211.76,211.91,38621.0
11:07,212.06,212.07,211.94,211.94,46445.0
11:08,212.11,212.16,212.04,212.05,59846.0
11:09,212.1,212.16,212.07,212.12,50262.0
11:10,211.9,212.14,211.9,212.1,74524.0
11:11,212.04,212.06,211.91,211.91,44181.0
11:12,212.15,212.18,212.04,212.1,38992.0
11:13,212.4,212.4,212.12,212.15,81751.0
11:14,212.34,212.4,212.29,212.4,44394.0
11:15,212.25,212.4,212.25,212.35,42532.0
11:16,212.29,212.34,212.24,212.27,45386.0
11:17,212.27,212.34,212.23,212.27,43538.0
11:18,212.35,212.35,212.17,212.27,34927.0
11:19,212.49,212.5,212.34,212.35,53107.0
11:20,212.41,212.54,212.39,212.5,81537.0
11:21,212.55,212.58,212.34,212.4,43579.0
11:22,212.88,212.92,212.52,212.52,92729.0
11:23,212.8,212.94,212.75,212.9,53428.0
11:24,212.7,212.94,212.68,212.81,65995.0
11:25,212.75,212.76,212.6,212.7,41486.0
11:26,212.71,212.78,212.62,212.74,54244.0
11:27,212.92,212.94,212.84,212.84,40599.0
11:28,212.67,212.87,212.67,212.87,56564.0
11:29,212.79,212.82,212.62,212.68,55586.0
11:30,212.8,212.9,212.77,212.78,54153.0
11:31,212.84,212.86,212.72,212.79,39010.0
11:32,212.83,212.93,212.82,212.85,47100.0
11:33,212.91,212.91,212.83,212.86,17820.0
11:34,212.98,212.99,212.81,212.87,39360.0
11:35,212.87,213.08,212.82,212.99,88103.0
11:36,212.94,212.98,212.86,212.87,42688.0
11:37,212.9,212.94,212.87,212.92,19386.0
11:38,212.99,213.05,212.88,212.89,40032.0
11:39,212.92,212.99,212.91,212.97,24459.0
11:40,212.93,212.97,212.82,212.94,33668.0
11:41,213.03,213.04,212.82,212.9,40108.0
11:42,213.05,213.09,212.98,213.04,33254.0
11:43,213.04,213.07,213.01,213.04,27123.0
11:44,212.98,213.08,212.96,213.07,22760.0
11:45,213.05,213.05,212.93,213.0,20929.0
11:46,213.07,213.1,213.01,213.02,21695.0
11:47,213.19,213.19,213.01,213.06,44745.0
11:48,213.13,213.22,213.11,213.2,39687.0
11:49,213.09,213.17,213.02,213.14,34772.0
11:50,213.2,213.24,213.1,213.1,36660.0
11:51,213.24,213.24,213.16,213.19,16414.0
11:52,213.07,213.24,213.05,213.23,41140.0
11:53,213.02,213.09,212.98,213.06,35449.0
11:54,213.06,213.13,213.03,213.04,20977.0
11:55,212.95,213.1,212.93,213.07,36825.0
11:56,213.06,213.08,212.92,212.95,59769.0
11:57,213.16,213.19,212.98,213.07,55429.0
11:58,213.15,213.24,213.12,213.17,79464.0
11:59,213.22,213.32,213.15,213.16,36202.0
12:00,213.23,213.28,213.19,213.2,34194.0
12:01,213.18,213.27,213.15,213.25,31617.0
12:02,213.26,213.35,213.17,213.19,56869.0
12:03,213.19,213.28,213.18,213.26,24388.0
12:04,213.03,213.2,213.01,213.17,36161.0
12:05,213.1,213.12,213.02,213.03,71663.0
12:06,213.28,213.28,213.08,213.09,39136.0
12:07,213.3,213.33,213.26,213.28,37352.0
12:08,213.27,213.31,213.22,213.31,18148.0
12:09,213.4,213.46,213.27,213.27,57873.0
12:10,213.52,213.53,213.39,213.41,55885.0
12:11,213.53,213.56,213.49,213.53,36866.0
12:12,213.63,213.65,213.53,213.54,55019.0
12:13,213.63,213.71,213.6,213.64,68831.0
12:14,213.68,213.71,213.62,213.64,32269.0
12:15,213.65,213.69,213.6,213.68,36866.0
12:16,213.94,213.98,213.65,213.65,109500.0
12:17,213.88,214.04,213.88,213.98,89086.0
12:18,213.98,214.05,213.85,213.88,248863.0
12:19,213.83,214.0,213.8,213.98,77267.0
12:20,213.79,213.87,213.72,213.82,65397.0
12:21,213.74,213.86,213.7,213.79,51196.0
12:22,213.68,213.77,213.64,213.76,41322.0
12:23,213.77,213.79,213.61,213.67,37657.0
12:24,213.76,213.8,213.74,213.77,29161.0
12:25,213.82,213.89,213.77,213.79,25823.0
12:26,213.77,213.83,213.75,213.83,37209.0
12:27,213.88,213.89,213.73,213.78,47090.0
12:28,213.72,213.8,213.71,213.76,45261.0
12:29,213.73,213.75,213.67,213.72,40330.0
12:30,213.84,213.84,213.71,213.75,50141.0
12:31,213.77,213.88,213.76,213.84,31701.0
12:32,213.7,213.79,213.64,213.79,32324.0
12:33,213.68,213.76,213.65,213.7,38665.0
12:34,213.71,213.76,213.68,213.68,44715.0
12:35,213.77,213.82,213.65,213.71,49992.0
12:36,213.57,213.77,213.54,213.75,45403.0
12:37,213.45,213.59,213.42,213.57,38473.0
12:38,213.46,213.47,213.39,213.44,33247.0
12:39,213.39,213.46,213.36,213.46,24253.0
12:40,213.37,213.42,213.28,213.39,178848.0
12:41,213.47,213.47,213.35,213.36,39709.0
12:42,213.54,213.6,213.46,213.47,42276.0
12:43,213.49,213.57,213.47,213.52,22151.0
12:44,213.49,213.5,213.46,213.5,25703.0
12:45,213.55,213.55,213.43,213.51,42085.0
12:46,213.57,213.64,213.51,213.54,41606.0
12:47,213.56,213.57,213.48,213.56,37446.0
12:48,213.53,213.6,213.53,213.55,34363.0
12:49,213.49,213.55,213.46,213.53,24422.0
12:50,213.57,213.58,213.45,213.48,25908.0
12:51,213.63,213.65,213.53,213.54,15206.0
12:52,213.79,213.83,213.64,213.64,41488.0
12:53,213.91,214.0,213.78,213.79,40963.0
12:54,213.81,213.85,213.79,213.84,27593.0
12:55,213.86,213.88,213.76,213.8,34096.0
12:56,213.95,213.96,213.84,213.87,32214.0
12:57,214.01,214.02,213.95,213.95,58277.0
12:58,213.94,214.04,213.9,214.01,43091.0
12:59,213.97,214.01,213.95,213.96,29083.0
13:00,213.94,213.98,213.87,213.96,60365.0
13:01,213.96,213.98,213.88,213.97,36831.0
13:02,213.99,214.02,213.93,213.96,40850.0
13:03,213.92,214.01,213.92,213.99,37323.0
13:04,213.83,214.02,213.82,213.91,37861.0
13:05,213.74,213.84,213.7,213.84,43598.0
13:06,213.65,213.79,213.65,213.73,21493.0
13:07,213.61,213.68,213.55,213.66,32617.0
13:08,213.68,213.69,213.58,213.61,20736.0
13:09,213.57,213.67,213.57,213.63,18045.0
13:10,213.5,213.57,213.27,213.57,50664.0
13:11,213.38,213.51,213.35,213.49,28504.0
13:12,213.35,213.38,213.22,213.38,55498.0
13:13,213.41,213.44,213.37,213.37,23462.0
13:14,213.35,213.44,213.29,213.44,26229.0
13:15,213.19,213.36,213.17,213.35,50438.0
13:16,213.02,213.23,212.97,213.18,94532.0
13:17,213.22,213.25,212.97,212.99,68221.0
13:18,213.19,213.33,213.13,213.21,39322.0
13:19,213.19,213.22,213.11,213.21,26097.0
13:20,213.37,213.37,213.32,213.32,33883.0
13:21,213.5,213.68,213.39,213.39,73932.0
13:22,213.37,213.5,213.35,213.5,34729.0
13:23,213.38,213.46,213.24,213.35,51065.0
13:24,213.56,213.6,213.4,213.4,37668.0
13:25,213.55,213.61,213.48,213.58,26782.0
13:26,213.46,213.57,213.41,213.57,23651.0
13:27,213.38,213.52,213.37,213.46,26714.0
13:28,213.29,213.41,213.26,213.38,23616.0
13:29,213.25,213.34,213.22,213.31,22581.0
13:30,213.35,213.35,213.2,213.22,25278.0
13:31,213.43,213.43,213.31,213.35,20870.0
13:32,213.32,213.43,213.32,213.43,30916.0
13:33,213.3,213.39,213.26,213.32,70376.0
13:34,213.1,213.29,213.1,213.29,31855.0
13:35,213.12,213.2,213.07,213.11,25213.0
13:36,213.07,213.16,213.04,213.1,28939.0
13:37,212.99,213.07,212.97,213.05,29998.0
13:38,213.02,213.06,212.92,212.97,26531.0
13:39,212.98,213.06,212.97,212.99,17951.0
13:40,213.07,213.1,212.95,213.0,23155.0
13:41,213.13,213.16,213.02,213.05,22749.0
13:42,213.18,213.23,213.12,213.12,22213.0
13:43,213.15,213.3,213.12,213.12,25546.0
13:44,213.2,213.2,213.01,213.14,24553.0
13:45,213.28,213.34,213.16,213.2,27824.0
13:46,213.26,213.27,213.19,213.26,11417.0
13:47,213.19,213.29,213.15,213.24,13692.0
13:48,213.16,213.22,213.15,213.17,11494.0
13:49,213.19,213.2,213.13,213.16,17134.0
13:50,213.36,213.36,213.15,213.17,38962.0
13:51,213.49,213.55,213.34,213.38,34619.0
13:52,213.5,213.55,213.46,213.48,26707.0
13:53,213.5,213.54,213.46,213.47,28656.0
13:54,213.41,213.47,213.37,213.47,26389.0
13:55,213.26,213.43,213.22,213.42,29018.0
13:56,213.27,213.35,213.25,213.26,16964.0
13:57,213.24,213.34,213.2,213.26,22801.0
13:58,213.28,213.32,213.17,213.25,14056.0
13:59,213.26,213.28,213.23,213.25,13944.0
14:00,213.36,213.37,213.19,213.24,58334.0
14:01,213.3,213.4,213.27,213.34,31401.0
14:02,213.22,213.32,213.21,213.3,15766.0
14:03,213.01,213.27,212.99,213.25,48782.0
14:04,212.94,213.0,212.64,212.98,100422.0
14:05,212.98,213.22,212.96,212.96,66122.0
14:06,212.99,213.02,212.92,212.98,33957.0
14:07,212.87,213.03,212.82,213.01,31336.0
14:08,212.91,213.01,212.87,212.87,45661.0
14:09,212.96,213.0,212.85,212.93,30656.0
14:10,212.98,213.02,212.91,212.96,54712.0
14:11,213.02,213.02,212.94,212.99,29454.0
14:12,213.13,213.14,213.01,213.01,22473.0
14:13,213.2,213.22,213.09,213.15,35683.0
14:14,213.01,213.21,213.01,213.18,29436.0
14:15,212.87,213.03,212.6,213.02,145701.0
14:16,212.8,212.9,212.76,212.85,24074.0
14:17,212.83,212.95,212.76,212.78,18710.0
14:18,212.95,212.95,212.73,212.84,30277.0
14:19,213.02,213.09,212.93,212.94,50000.0
14:20,213.06,213.13,213.02,213.02,23290.0
14:21,212.91,213.05,212.88,213.05,35902.0
14:22,212.85,212.9,212.82,212.9,22384.0
14:23,212.98,213.01,212.83,212.83,29797.0
14:24,212.88,212.99,212.88,212.97,19966.0
14:25,212.92,212.99,212.85,212.88,19871.0
14:26,212.75,212.93,212.7,212.93,33922.0
14:27,212.56,212.79,212.41,212.77,54646.0
14:28,212.5,212.6,212.47,212.54,41741.0
14:29,212.41,212.55,212.4,212.5,40241.0
14:30,212.41,212.49,212.34,212.4,39617.0
14:31,212.35,212.45,212.27,212.42,41003.0
14:32,212.0,212.35,211.95,212.34,84440.0
14:33,211.95,212.11,211.93,211.99,63110.0
14:34,212.21,212.28,211.91,211.92,57785.0
14:35,212.11,212.26,212.1,212.2,43329.0
14:36,211.85,212.11,211.83,212.1,60151.0
14:37,212.01,212.12,211.85,211.85,50180.0
14:38,212.03,212.03,211.8,212.03,80742.0
14:39,212.01,212.04,211.92,212.01,47199.0
14:40,212.12,212.18,211.83,211.99,69268.0
14:41,212.01,212.25,212.0,212.13,40289.0
14:42,212.11,212.25,211.99,212.01,44077.0
14:43,211.97,212.13,211.94,212.09,39429.0
14:44,211.88,211.93,211.83,211.93,26040.0
14:45,212.1,212.19,211.85,211.88,42094.0
14:46,211.98,212.15,211.97,212.07,56538.0
14:47,211.91,212.12,211.84,211.98,38657.0
14:48,211.78,211.95,211.78,211.88,61922.0
14:49,211.83,211.86,211.7,211.77,75654.0
14:50,211.79,211.9,211.76,211.84,40857.0
14:51,211.92,212.01,211.73,211.83,61550.0
14:52,211.88,211.95,211.84,211.92,32225.0
14:53,211.92,211.93,211.79,211.87,27515.0
14:54,211.99,212.05,211.88,211.88,50437.0
14:55,211.93,212.13,211.91,211.97,44519.0
14:56,211.95,212.01,211.85,211.92,22786.0
14:57,211.69,211.97,211.68,211.96,45261.0
14:58,211.74,211.76,211.67,211.69,34224.0
14:59,211.99,211.99,211.71,211.74,27630.0
15:00,211.91,212.1,211.87,211.96,41943.0
15:01,211.74,211.94,211.71,211.91,44107.0
15:02,211.59,211.77,211.55,211.75,64763.0
15:03,211.85,211.92,211.61,211.61,30005.0
15:04,211.77,211.93,211.76,211.85,30162.0
15:05,211.77,211.8,211.65,211.78,31407.0
15:06,211.73,211.77,211.64,211.77,26682.0
15:07,212.04,212.05,211.71,211.72,56267.0
15:08,212.07,212.13,211.99,212.05,48336.0
15:09,212.18,212.24,212.01,212.07,40568.0
15:10,212.15,212.19,212.06,212.18,41551.0
15:11,211.93,212.15,211.9,212.13,47304.0
15:12,211.98,211.98,211.86,211.94,37249.0
15:13,212.04,212.1,211.93,211.98,47432.0
15:14,212.05,212.2,211.96,212.04,38884.0
15:15,212.05,212.14,211.97,212.09,38932.0
15:16,212.03,212.07,211.96,212.06,35117.0
15:17,211.98,212.07,211.9,212.03,34665.0
15:18,211.99,212.12,211.97,211.98,35292.0
15:19,211.94,211.98,211.85,211.96,54613.0
15:20,212.07,212.12,211.87,211.93,63923.0
15:21,211.9,212.15,211.89,212.09,45098.0
15:22,211.74,211.9,211.69,211.88,43111.0
15:23,211.7,211.77,211.67,211.75,44550.0
15:24,211.65,211.79,211.61,211.7,42714.0
15:25,211.53,211.59,211.48,211.57,68613.0
15:26,211.47,211.57,211.46,211.51,31157.0
15:27,211.44,211.49,211.36,211.49,60890.0
15:28,211.62,211.68,211.45,211.45,46480.0
15:29,211.56,211.67,211.55,211.65,40872.0
15:30,211.74,211.76,211.56,211.58,50715.0
15:31,211.72,211.79,211.66,211.73,47060.0
15:32,211.49,211.74,211.46,211.72,57903.0
15:33,211.32,211.51,211.3,211.47,64383.0
15:34,211.43,211.48,211.31,211.31,55846.0
15:35,211.57,211.58,211.35,211.4,46841.0
15:36,211.84,211.85,211.54,211.54,50092.0
15:37,212.04,212.04,211.85,211.87,59183.0
15:38,212.0,212.07,211.97,212.04,38087.0
15:39,211.99,212.03,211.91,211.99,41924.0
15:40,211.99,212.02,211.86,211.99,77726.0
15:41,211.95,212.11,211.93,212.01,71225.0
15:42,211.81,212.03,211.8,211.98,63732.0
15:43,211.68,211.82,211.66,211.8,55157.0
15:44,211.71,211.72,211.61,211.69,58314.0
15:45,211.5,211.72,211.46,211.71,63230.0
15:46,211.49,211.52,211.37,211.49,71312.0
15:47,211.57,211.73,211.37,211.5,114360.0
15:48,211.86,211.87,211.57,211.59,101705.0
15:49,211.78,211.99,211.78,211.91,65890.0
15:50,211.74,211.99,211.71,211.9,154288.0
15:51,211.7,211.83,211.64,211.77,106652.0
15:52,211.53,211.76,211.43,211.72,132204.0
15:53,211.58,211.58,211.5,211.51,94514.0
15:54,211.75,211.9,211.57,211.57,159898.0
15:55,211.6,211.86,211.54,211.74,191076.0
15:56,211.66,211.82,211.58,211.58,151882.0
15:57,211.71,211.75,211.58,211.65,168900.0
15:58,211.79,211.88,211.69,211.74,276660.0
15:59,212.1,212.28,211.72,211.8,601959.0
