Time,Close,High,Low,Open,Volume
09:30,226.99,227.13,225.9,226.11,1648168.0
09:31,226.31,227.19,226.28,226.94,252204.0
09:32,226.92,226.94,226.21,226.38,237630.0
09:33,226.51,226.92,226.32,226.91,140874.0
09:34,226.23,226.55,226.13,226.52,143525.0
09:35,225.95,226.31,225.72,226.2,154204.0
09:36,226.03,226.19,225.88,225.96,126201.0
09:37,225.93,226.0,225.75,225.86,114209.0
09:38,225.93,226.01,225.77,225.93,80463.0
09:39,226.06,226.15,225.85,225.94,120457.0
09:40,225.62,226.07,225.54,226.07,169445.0
09:41,225.71,225.8,225.46,225.62,144493.0
09:42,226.23,226.33,225.64,225.71,172351.0
09:43,226.33,226.4,226.19,226.21,108286.0
09:44,226.21,226.4,226.2,226.34,116231.0
09:45,226.27,226.34,226.11,226.21,118913.0
09:46,226.23,226.39,226.17,226.27,90927.0
09:47,225.96,226.3,225.86,226.25,118800.0
09:48,226.14,226.15,225.87,225.96,105166.0
09:49,226.11,226.27,226.06,226.12,120341.0
09:50,226.44,226.49,226.03,226.1,138501.0
09:51,226.38,226.46,226.23,226.45,59208.0
09:52,226.44,226.67,226.39,226.39,142290.0
09:53,226.69,226.73,226.39,226.43,106935.0
09:54,226.88,226.95,226.6,226.67,132105.0
09:55,226.59,226.89,226.47,226.89,141448.0
09:56,226.63,226.69,226.49,226.58,95401.0
09:57,226.81,226.81,226.59,226.62,98540.0
09:58,226.75,226.86,226.71,226.79,85936.0
09:59,226.82,226.89,226.67,226.75,79113.0
10:00,226.88,227.03,226.76,226.84,366831.0
10:01,226.9,227.06,226.77,226.87,159774.0
10:02,227.09,227.13,226.9,226.9,163028.0
10:03,226.81,227.09,226.73,227.09,171778.0
10:04,227.05,227.16,227.03,227.06,154082.0
10:05,226.96,227.15,226.91,227.05,146749.0
10:06,226.99,227.2,226.94,226.97,150990.0
10:07,226.93,227.01,226.91,227.0,119755.0
10:08,226.87,226.98,226.76,226.93,100944.0
10:09,226.92,227.0,226.85,226.86,102899.0
10:10,226.96,226.99,226.88,226.92,62904.0
10:11,227.0,227.01,226.93,226.97,108081.0
10:12,226.97,227.01,226.7,226.99,109538.0
10:13,226.91,227.01,226.89,226.98,65780.0
10:14,226.97,227.04,226.76,226.9,115545.0
10:15,227.0,227.11,226.96,226.97,264187.0
10:16,227.0,227.08,226.93,226.99,264488.0
10:17,226.96,227.14,226.85,226.99,176150.0
10:18,226.97,227.03,226.92,226.95,154262.0
10:19,226.92,226.98,226.88,226.97,65305.0
10:20,226.99,227.0,226.84,226.91,79215.0
10:21,226.99,227.01,226.94,226.97,96591.0
10:22,226.93,227.03,226.93,226.99,99815.0
10:23,226.87,226.95,226.74,226.93,79583.0
10:24,226.88,226.94,226.8,226.88,87518.0
10:25,226.65,226.86,226.62,226.86,81112.0
10:26,226.75,226.79,226.6,226.64,103109.0
10:27,226.78,226.84,226.73,226.74,70441.0
10:28,226.66,226.77,226.61,226.76,70698.0
10:29,226.86,226.9,226.67,226.67,65760.0
10:30,226.79,226.84,226.68,226.84,59475.0
10:31,226.61,226.76,226.55,226.76,74164.0
10:32,226.53,226.66,226.42,226.59,106625.0
10:33,226.57,226.62,226.42,226.53,60390.0
10:34,226.76,226.77,226.5,226.55,63516.0
10:35,226.72,226.83,226.59,226.72,88239.0
10:36,226.68,226.9,226.68,226.88,112962.0
10:37,226.53,226.67,226.43,226.67,105080.0
10:38,226.51,226.55,226.43,226.49,65591.0
10:39,226.43,226.66,226.35,226.52,119527.0
10:40,226.22,226.47,226.19,226.43,120062.0
10:41,226.28,226.33,226.08,226.2,97403.0
10:42,226.12,226.3,226.11,226.26,84341.0
10:43,225.86,226.13,225.85,226.11,165051.0
10:44,226.07,226.08,225.86,225.88,109222.0
10:45,226.22,226.26,226.04,226.05,60498.0
10:46,226.26,226.31,226.2,226.23,65011.0
10:47,226.2,226.34,226.14,226.26,67660.0
10:48,226.26,226.32,226.19,226.21,57500.0
10:49,226.24,226.45,226.23,226.26,59213.0
10:50,226.31,226.45,226.25,226.25,62360.0
10:51,226.15,226.33,226.08,226.32,70374.0
10:52,226.18,226.25,226.12,226.14,52698.0
10:53,226.17,226.23,226.08,226.17,56229.0
10:54,226.18,226.2,225.97,226.17,83955.0
10:55,226.04,226.19,226.02,226.18,43898.0
10:56,225.78,226.04,225.77,226.03,78134.0
10:57,225.77,225.94,225.75,225.78,64825.0
10:58,225.62,225.79,225.57,225.78,107993.0
10:59,225.67,225.71,225.59,225.62,65313.0
11:00,225.92,226.03,225.7,225.72,151978.0
11:01,225.95,226.12,225.9,225.91,90607.0
11:02,226.08,226.1,225.95,225.95,73440.0
11:03,226.03,226.14,225.96,226.09,63786.0
11:04,225.93,226.07,225.93,226.05,53682.0
11:05,225.91,225.98,225.83,225.92,59112.0
11:06,225.9,225.9,225.88,225.88,51889.0
11:07,225.75,225.9,225.66,225.9,75626.0
11:08,225.95,225.96,225.64,225.76,70046.0
11:09,225.94,225.98,225.9,225.95,46503.0
11:10,226.04,226.06,225.87,225.92,53185.0
11:11,226.08,226.14,226.01,226.07,49819.0
11:12,226.21,226.21,226.06,226.06,56780.0
11:13,226.18,226.27,226.15,226.21,60248.0
11:14,226.02,226.2,225.99,226.17,82474.0
11:15,226.14,226.17,226.04,226.04,40561.0
11:16,226.11,226.22,226.02,226.13,72896.0
11:17,226.21,226.22,226.09,226.13,40686.0
11:18,226.31,226.37,226.19,226.22,75762.0
11:19,226.35,226.4,226.25,226.31,60224.0
11:20,226.32,226.48,226.32,226.34,72143.0
11:21,226.37,226.4,226.26,226.32,43078.0
11:22,226.38,226.42,226.35,226.37,38969.0
11:23,226.48,226.51,226.34,226.36,72815.0
11:24,226.5,226.58,226.46,226.47,105322.0
11:25,226.44,226.5,226.4,226.5,43493.0
11:26,226.54,226.54,226.43,226.44,68653.0
11:27,226.57,226.59,226.44,226.53,75357.0
11:28,226.58,226.62,226.49,226.6,50112.0
11:29,226.68,226.73,226.59,226.59,63768.0
11:30,226.72,226.72,226.61,226.67,39467.0
11:31,226.52,226.72,226.51,226.71,52569.0
11:32,226.54,226.57,226.38,226.51,86595.0
11:33,226.6,226.62,226.51,226.54,41330.0
11:34,226.54,226.62,226.46,226.59,40551.0
11:35,226.44,226.54,226.4,226.53,33367.0
11:36,226.52,226.56,226.46,226.46,60905.0
11:37,226.71,226.72,226.52,226.54,48129.0
11:38,226.63,226.71,226.62,226.7,27611.0
11:39,226.65,226.66,226.57,226.61,26889.0
11:40,226.64,226.66,226.58,226.65,27763.0
11:41,226.68,226.74,226.66,226.7,67851.0
11:42,226.57,226.69,226.53,226.68,50799.0
11:43,226.64,226.65,226.47,226.56,52913.0
11:44,226.6,226.64,226.58,226.64,29988.0
11:45,226.65,226.65,226.57,226.58,31343.0
11:46,226.71,226.76,226.65,226.65,106390.0
11:47,226.76,226.78,226.68,226.71,37351.0
11:48,226.94,226.98,226.77,226.77,110455.0
11:49,226.97,227.0,226.87,226.94,98562.0
11:50,226.97,227.0,226.94,226.96,58456.0
11:51,226.93,227.0,226.92,226.98,83009.0
11:52,226.96,227.0,226.91,226.95,63030.0
11:53,226.95,226.98,226.94,226.95,44499.0
11:54,226.99,227.01,226.93,226.93,69611.0
11:55,226.99,227.01,226.92,226.99,57883.0
11:56,226.98,227.01,226.91,226.98,137972.0
11:57,226.98,227.03,226.95,226.98,181786.0
11:58,226.98,227.03,226.95,226.99,131717.0
11:59,226.97,227.0,226.96,226.98,74977.0
12:00,227.26,227.27,226.95,226.99,322846.0
12:01,226.99,227.26,226.93,227.25,119699.0
12:02,226.96,227.01,226.9,226.99,47107.0
12:03,226.99,227.06,226.95,226.97,52348.0
12:04,226.99,227.05,226.96,226.99,61037.0
12:05,227.07,227.15,226.99,227.0,111322.0
12:06,226.97,227.12,226.94,227.07,73674.0
12:07,226.79,226.96,226.77,226.96,54943.0
12:08,226.6,226.81,226.48,226.79,95431.0
12:09,226.69,226.73,226.54,226.6,52880.0
12:10,226.76,226.76,226.56,226.68,53595.0
12:11,226.7,226.83,226.69,226.76,94147.0
12:12,226.83,226.85,226.66,226.68,66100.0
12:13,226.79,226.9,226.79,226.84,102229.0
12:14,226.77,226.91,226.65,226.79,98890.0
12:15,226.73,226.78,226.7,226.77,37917.0
12:16,226.77,226.84,226.63,226.73,46847.0
12:17,226.77,226.79,226.68,226.77,46576.0
12:18,226.78,226.82,226.67,226.8,85198.0
12:19,226.76,226.79,226.68,226.77,57937.0
12:20,226.74,226.8,226.62,226.77,42691.0
12:21,226.72,226.78,226.69,226.73,42054.0
12:22,226.75,226.76,226.71,226.72,34699.0
12:23,226.68,226.74,226.63,226.74,83106.0
12:24,226.62,226.7,226.59,226.68,67170.0
12:25,226.57,226.66,226.57,226.61,40406.0
12:26,226.51,226.57,226.48,226.57,84991.0
12:27,226.59,226.59,226.51,226.51,41003.0
12:28,226.55,226.68,226.52,226.6,49269.0
12:29,226.6,226.62,226.54,226.56,50589.0
12:30,226.6,226.62,226.52,226.59,41050.0
12:31,226.65,226.7,226.61,226.61,48982.0
12:32,226.56,226.69,226.55,226.65,56199.0
12:33,226.52,226.65,226.52,226.59,35715.0
12:34,226.34,226.54,226.34,226.52,49497.0
12:35,226.43,226.44,226.4,226.41,56524.0
12:36,226.43,226.46,226.38,226.44,52502.0
12:37,226.27,226.43,226.26,226.43,43032.0
12:38,226.39,226.4,226.25,226.28,38088.0
12:39,226.45,226.47,226.37,226.38,30503.0
12:40,226.35,226.51,226.34,226.44,26531.0
12:41,226.35,226.36,226.19,226.33,57980.0
12:42,226.31,226.4,226.29,226.36,30064.0
12:43,226.16,226.28,226.16,226.28,44656.0
12:44,226.21,226.23,226.15,226.17,56121.0
12:45,226.29,226.34,226.2,226.21,61681.0
12:46,226.4,226.4,226.27,226.29,49996.0
12:47,226.3,226.4,226.3,226.38,44258.0
12:48,226.34,226.37,226.29,226.29,45551.0
12:49,226.35,226.36,226.26,226.33,47233.0
12:50,226.3,226.36,226.25,226.34,44707.0
12:51,226.46,226.47,226.27,226.31,77764.0
12:52,226.43,226.51,226.4,226.46,51821.0
12:53,226.33,226.43,226.27,226.43,31053.0
12:54,226.23,226.35,226.18,226.34,44882.0
12:55,226.21,226.28,226.2,226.22,41520.0
12:56,225.99,226.22,225.97,226.2,97261.0
12:57,225.92,226.03,225.86,225.97,65402.0
12:58,225.92,225.99,225.9,225.93,41674.0
12:59,225.91,225.95,225.87,225.92,41051.0
13:00,226.05,226.11,225.88,225.91,83404.0
13:01,226.09,226.13,225.96,226.04,47623.0
13:02,226.27,226.29,226.24,226.25,76987.0
13:03,226.33,226.35,226.18,226.27,48154.0
13:04,226.22,226.4,226.2,226.33,94197.0
13:05,226.06,226.22,226.02,226.22,62293.0
13:06,225.99,226.07,225.94,226.05,60325.0
13:07,226.01,226.12,225.98,225.99,47600.0
13:08,225.95,226.09,225.94,225.99,45663.0
13:09,225.93,225.98,225.9,225.93,70990.0
13:10,225.85,226.0,225.84,225.94,67577.0
13:11,225.8,225.85,225.77,225.85,66218.0
13:12,225.83,225.85,225.75,225.81,68375.0
13:13,225.87,225.9,225.81,225.83,47625.0
13:14,225.96,225.98,225.83,225.86,50628.0
13:15,225.86,225.96,225.83,225.96,24646.0
13:16,225.9,225.91,225.78,225.83,51586.0
13:17,225.92,225.95,225.87,225.9,24777.0
13:18,225.98,226.02,225.91,225.93,45124.0
13:19,226.06,226.06,225.93,225.98,37782.0
13:20,226.1,226.14,226.04,226.06,39650.0
13:21,225.97,226.09,225.95,226.09,35828.0
13:22,226.1,226.1,225.97,225.97,34054.0
13:23,226.05,226.08,226.03,226.08,27203.0
13:24,225.98,226.1,225.98,226.05,35559.0
13:25,226.0,226.03,225.96,225.99,27042.0
13:26,225.95,226.02,225.91,226.01,26249.0
13:27,225.96,225.96,225.87,225.93,33397.0
13:28,225.97,226.0,225.93,225.95,31008.0
13:29,225.96,225.97,225.9,225.95,47064.0
13:30,226.04,226.07,225.95,225.96,40264.0
13:31,226.1,226.12,226.02,226.03,36789.0
13:32,226.21,226.21,226.05,226.1,40329.0
13:33,226.31,226.31,226.2,226.2,53460.0
13:34,226.31,226.34,226.28,226.31,36501.0
13:35,226.32,226.37,226.29,226.31,47395.0
13:36,226.33,226.34,226.26,226.32,36722.0
13:37,226.24,226.37,226.18,226.33,50629.0
13:38,226.4,226.41,226.24,226.24,46039.0
13:39,226.35,226.46,226.35,226.42,74400.0
13:40,226.3,226.36,226.3,226.35,33045.0
13:41,226.22,226.3,226.18,226.3,31352.0
13:42,226.34,226.35,226.21,226.21,34961.0
13:43,226.42,226.45,226.28,226.34,35675.0
13:44,226.5,226.5,226.41,226.42,32408.0
13:45,226.51,226.51,226.45,226.48,27893.0
13:46,226.46,226.52,226.46,226.5,29082.0
13:47,226.5,226.56,226.44,226.46,29852.0
13:48,226.45,226.51,226.43,226.51,25652.0
13:49,226.37,226.46,226.33,226.44,40098.0
13:50,226.38,226.38,226.33,226.36,23247.0
13:51,226.45,226.46,226.39,226.41,37570.0
13:52,226.52,226.53,226.46,226.46,51894.0
13:53,226.55,226.58,226.5,226.5,22507.0
13:54,226.64,226.64,226.55,226.56,43696.0
13:55,226.61,226.64,226.59,226.64,28014.0
13:56,226.73,226.74,226.61,226.62,44587.0
13:57,226.73,226.77,226.71,226.73,30603.0
13:58,226.75,226.81,226.74,226.74,31952.0
13:59,226.79,226.82,226.75,226.75,41714.0
14:00,226.89,226.93,226.79,226.79,61108.0
14:01,226.94,226.96,226.84,226.88,59493.0
14:02,226.98,227.01,226.91,226.95,154555.0
14:03,226.95,226.99,226.92,226.98,33927.0
14:04,226.91,226.97,226.89,226.94,39528.0
14:05,226.93,226.94,226.87,226.9,48139.0
14:06,226.93,227.04,226.92,226.93,138455.0
14:07,226.93,226.96,226.89,226.93,64135.0
14:08,226.83,226.95,226.81,226.94,57844.0
14:09,226.85,226.86,226.79,226.82,49416.0
14:10,226.88,226.99,226.85,226.86,103513.0
14:11,226.88,226.9,226.84,226.88,41724.0
14:12,226.86,226.9,226.82,226.88,42866.0
14:13,226.77,226.87,226.76,226.86,49588.0
14:14,226.84,226.87,226.76,226.77,39458.0
14:15,226.89,226.9,226.83,226.83,37890.0
14:16,226.88,226.92,226.85,226.9,38870.0
14:17,226.91,226.96,226.84,226.88,76651.0
14:18,226.9,226.94,226.9,226.91,29388.0
14:19,226.78,226.94,226.76,226.92,39266.0
14:20,226.8,226.85,226.77,226.78,29361.0
14:21,226.96,226.97,226.81,226.81,36193.0
14:22,226.96,226.96,226.9,226.96,48404.0
14:23,226.86,226.96,226.83,226.96,21918.0
14:24,226.86,226.88,226.82,226.85,30367.0
14:25,226.93,226.94,226.86,226.87,43866.0
14:26,226.95,226.99,226.92,226.92,43456.0
14:27,226.83,226.95,226.83,226.94,36660.0
14:28,226.86,226.87,226.83,226.84,29251.0
14:29,226.84,226.92,226.83,226.86,35406.0
14:30,226.89,226.92,226.85,226.86,28995.0
14:31,226.87,226.93,226.85,226.88,47235.0
14:32,226.82,226.87,226.79,226.87,35480.0
14:33,226.83,226.85,226.8,226.83,24990.0
14:34,226.84,226.88,226.81,226.84,28617.0
14:35,226.68,226.83,226.66,226.82,48183.0
14:36,226.58,226.62,226.57,226.62,80952.0
14:37,226.84,226.85,226.59,226.59,61280.0
14:38,226.71,226.84,226.69,226.84,71756.0
14:39,226.75,226.8,226.71,226.72,34597.0
14:40,226.8,226.83,226.77,226.78,30181.0
14:41,226.76,226.82,226.73,226.8,27696.0
14:42,226.74,226.77,226.73,226.76,20016.0
14:43,226.71,226.74,226.68,226.74,27063.0
14:44,226.77,226.83,226.7,226.7,33368.0
14:45,226.84,226.85,226.74,226.77,29207.0
14:46,226.82,226.87,226.76,226.84,40917.0
14:47,226.82,226.87,226.82,226.83,27695.0
14:48,226.85,226.86,226.82,226.83,22921.0
14:49,226.8,226.86,226.79,226.85,20954.0
14:50,226.78,226.82,226.78,226.8,22971.0
14:51,226.74,226.81,226.73,226.79,24349.0
14:52,226.68,226.76,226.51,226.74,141003.0
14:53,226.62,226.68,226.59,226.67,51395.0
14:54,226.51,226.63,226.51,226.62,33853.0
14:55,226.51,226.55,226.47,226.5,44071.0
14:56,226.41,226.51,226.36,226.51,47721.0
14:57,226.27,226.38,226.24,226.38,87223.0
14:58,226.26,226.3,226.2,226.26,40373.0
14:59,226.23,226.34,226.21,226.26,39357.0
15:00,226.24,226.29,226.11,226.21,67267.0
15:01,226.31,226.32,226.19,226.24,42127.0
15:02,226.35,226.42,226.3,226.31,32389.0
15:03,226.31,226.4,226.28,226.35,31023.0
15:04,226.32,226.4,226.31,226.31,30197.0
15:05,226.24,226.34,226.24,226.3,41142.0
15:06,226.21,226.24,226.16,226.22,53646.0
15:07,226.21,226.24,226.11,226.21,31407.0
15:08,226.24,226.27,226.2,226.22,31518.0
15:09,226.27,226.27,226.18,226.24,30571.0
15:10,226.31,226.31,226.22,226.26,53092.0
15:11,226.35,226.36,226.25,226.29,75614.0
15:12,226.35,226.36,226.31,226.34,26345.0
15:13,226.37,226.38,226.32,226.35,30440.0
15:14,226.41,226.43,226.33,226.36,44548.0
15:15,226.38,226.46,226.36,226.41,39399.0
15:16,226.45,226.46,226.38,226.38,33552.0
15:17,226.4,226.49,226.38,226.45,33789.0
15:18,226.55,226.56,226.37,226.39,47479.0
15:19,226.61,226.63,226.54,226.55,42589.0
15:20,226.57,226.72,226.56,226.62,95031.0
15:21,226.4,226.59,226.39,226.59,72853.0
15:22,226.37,226.43,226.35,226.39,51880.0
15:23,226.29,226.44,226.25,226.37,51036.0
15:24,226.38,226.4,226.27,226.28,41996.0
15:25,226.4,226.46,226.38,226.39,43168.0
15:26,226.37,226.41,226.34,226.38,32250.0
15:27,226.42,226.43,226.33,226.37,50732.0
15:28,226.33,226.44,226.3,226.43,33406.0
15:29,226.3,226.35,226.28,226.33,57155.0
15:30,226.38,226.38,226.31,226.32,98147.0
15:31,226.39,226.4,226.34,226.37,49809.0
15:32,226.35,226.39,226.32,226.38,44581.0
15:33,226.38,226.41,226.36,226.36,37947.0
15:34,226.5,226.57,226.37,226.38,75366.0
15:35,226.61,226.62,226.5,226.5,57173.0
15:36,226.68,226.7,226.6,226.61,52036.0
15:37,226.72,226.74,226.65,226.69,49425.0
15:38,226.82,226.83,226.71,226.72,53092.0
15:39,226.78,226.84,226.73,226.81,47692.0
15:40,226.93,226.99,226.79,226.79,101804.0
15:41,226.96,227.01,226.93,226.93,80124.0
15:42,227.0,227.02,226.89,226.95,66450.0
15:43,227.03,227.07,226.93,226.99,77582.0
15:44,226.95,227.03,226.92,227.03,82287.0
15:45,226.9,226.99,226.9,226.96,61448.0
15:46,226.77,226.91,226.73,226.91,83595.0
15:47,226.71,226.81,226.68,226.76,89612.0
15:48,226.79,226.82,226.7,226.71,47842.0
15:49,226.68,226.79,226.65,226.79,66168.0
15:50,226.82,226.83,226.6,226.69,119912.0
15:51,226.74,226.89,226.74,226.81,86624.0
15:52,226.83,226.87,226.75,226.76,79616.0
15:53,226.84,226.88,226.77,226.81,73621.0
15:54,226.9,227.15,226.8,226.83,218871.0
15:55,226.66,226.96,226.66,226.91,179102.0
15:56,226.7,226.7,226.6,226.65,148235.0
15:57,226.57,226.71,226.5,226.7,181058.0
15:58,226.52,226.62,226.47,226.58,266507.0
15:59,226.3,226.58,226.25,226.54,810660.0
