Time,Close,High,Low,Open,Volume
09:30,231.95,232.61,231.64,232.5,3706845.0
09:31,232.62,233.29,231.97,231.97,582552.0
09:32,232.81,233.54,232.42,232.6,640526.0
09:33,233.6,233.73,232.82,232.82,200103.0
09:34,233.13,234.06,233.1,234.06,750614.0
09:35,233.27,233.6,233.02,233.15,352076.0
09:36,232.68,233.45,232.65,233.26,324003.0
09:37,232.65,232.9,232.55,232.68,234704.0
09:38,232.16,232.75,232.11,232.64,381615.0
09:39,232.12,232.33,231.91,232.16,321031.0
09:40,232.25,232.37,232.06,232.11,256527.0
09:41,231.82,232.25,231.69,232.24,213099.0
09:42,231.45,231.86,231.43,231.82,198606.0
09:43,231.89,231.92,231.31,231.46,198768.0
09:44,231.93,231.96,231.72,231.86,129824.0
09:45,231.34,232.03,231.27,231.92,188589.0
09:46,231.26,231.4,231.21,231.34,95197.0
09:47,231.28,231.44,231.23,231.35,188170.0
09:48,231.29,231.48,231.25,231.35,281143.0
09:49,231.4,231.58,231.28,231.28,113841.0
09:50,231.73,231.73,231.35,231.4,176048.0
09:51,231.63,231.86,231.63,231.73,139118.0
09:52,231.7,231.89,231.56,231.65,128541.0
09:53,231.65,231.81,231.58,231.68,83958.0
09:54,232.02,232.2,231.71,231.71,161877.0
09:55,232.18,232.28,232.0,232.02,154601.0
09:56,232.24,232.26,232.06,232.19,115503.0
09:57,232.12,232.3,231.94,232.24,134791.0
09:58,231.93,232.14,231.88,232.14,114719.0
09:59,231.68,231.98,231.63,231.98,108652.0
10:00,231.61,231.68,231.25,231.66,122300.0
10:01,231.95,232.0,231.57,231.59,180473.0
10:02,231.85,232.09,231.8,231.95,121955.0
10:03,232.04,232.1,231.85,231.85,80511.0
10:04,232.34,232.39,232.0,232.04,143819.0
10:05,232.15,232.42,232.1,232.33,119037.0
10:06,232.17,232.36,232.08,232.2,126030.0
10:07,232.43,232.45,232.0,232.18,137177.0
10:08,232.46,232.47,232.3,232.43,92046.0
10:09,232.54,232.56,232.35,232.46,116144.0
10:10,232.32,232.69,232.28,232.56,107970.0
10:11,232.4,232.43,232.26,232.32,93722.0
10:12,232.52,232.57,232.35,232.39,92407.0
10:13,232.27,232.56,232.27,232.54,83648.0
10:14,232.29,232.43,232.2,232.29,63002.0
10:15,232.43,232.51,232.26,232.29,97925.0
10:16,232.56,232.59,232.42,232.43,94257.0
10:17,232.37,232.58,232.33,232.55,126725.0
10:18,232.42,232.54,232.38,232.38,75799.0
10:19,232.36,232.49,232.34,232.42,103445.0
10:20,232.17,232.39,232.16,232.34,76835.0
10:21,232.18,232.28,232.0,232.16,122499.0
10:22,232.13,232.19,232.02,232.18,86887.0
10:23,232.35,232.39,232.11,232.11,104073.0
10:24,232.18,232.36,232.07,232.33,90210.0
10:25,231.81,232.19,231.8,232.15,46769.0
10:26,232.09,232.11,231.8,231.81,89190.0
10:27,232.39,232.4,232.09,232.09,91147.0
10:28,232.36,232.41,232.24,232.4,79060.0
10:29,232.23,232.45,232.23,232.35,64673.0
10:30,232.36,232.38,232.19,232.25,60813.0
10:31,232.28,232.44,232.26,232.38,64555.0
10:32,232.14,232.33,232.14,232.28,69718.0
10:33,232.09,232.17,232.02,232.16,113529.0
10:34,231.93,232.12,231.85,232.09,136660.0
10:35,232.24,232.28,231.8,231.93,164523.0
10:36,232.24,232.3,232.19,232.24,97984.0
10:37,232.15,232.32,232.15,232.24,66040.0
10:38,232.14,232.25,232.14,232.15,42949.0
10:39,232.16,232.25,232.11,232.14,70940.0
10:40,232.12,232.24,232.09,232.16,53011.0
10:41,231.95,232.15,231.93,232.1,69452.0
10:42,232.09,232.09,231.91,231.95,79009.0
10:43,231.93,232.07,231.85,232.07,65439.0
10:44,231.94,231.95,231.82,231.94,50700.0
10:45,231.93,231.98,231.82,231.93,63506.0
10:46,231.75,231.91,231.73,231.88,61744.0
10:47,231.57,231.73,231.57,231.73,42181.0
10:48,231.66,231.69,231.52,231.57,81082.0
10:49,231.72,231.75,231.6,231.66,86812.0
10:50,231.43,231.74,231.43,231.72,86995.0
10:51,231.38,231.53,231.32,231.44,85119.0
10:52,231.46,231.5,231.29,231.41,124657.0
10:53,231.59,231.64,231.46,231.46,72992.0
10:54,231.63,231.69,231.58,231.6,47484.0
10:55,231.58,231.65,231.5,231.63,84048.0
10:56,231.62,231.69,231.49,231.58,46088.0
10:57,231.51,231.63,231.5,231.62,65625.0
10:58,231.33,231.55,231.3,231.53,98504.0
10:59,231.45,231.45,231.27,231.31,65464.0
11:00,231.35,231.46,231.31,231.42,77406.0
11:01,231.45,231.51,231.28,231.35,55885.0
11:02,231.67,231.71,231.43,231.47,78492.0
11:03,231.7,231.74,231.59,231.66,49107.0
11:04,231.55,231.71,231.52,231.7,49154.0
11:05,231.49,231.57,231.46,231.55,157437.0
11:06,231.58,231.61,231.45,231.49,40814.0
11:07,231.6,231.69,231.54,231.58,43697.0
11:08,231.51,231.63,231.43,231.6,50357.0
11:09,231.51,231.56,231.46,231.51,70057.0
11:10,231.32,231.59,231.32,231.51,50178.0
11:11,231.58,231.6,231.3,231.32,67116.0
11:12,231.68,231.7,231.55,231.57,61310.0
11:13,231.78,231.79,231.65,231.68,71651.0
11:14,231.69,231.84,231.69,231.77,86824.0
11:15,231.83,231.85,231.68,231.68,97241.0
11:16,231.8,231.83,231.73,231.83,87832.0
11:17,231.9,231.91,231.74,231.81,70838.0
11:18,231.93,231.98,231.85,231.89,106576.0
11:19,231.8,231.92,231.77,231.92,64524.0
11:20,231.83,232.0,231.8,231.8,137589.0
11:21,231.79,231.89,231.78,231.82,73531.0
11:22,231.75,231.86,231.7,231.8,59779.0
11:23,231.59,231.81,231.56,231.75,60040.0
11:24,231.59,231.68,231.58,231.6,43806.0
11:25,231.55,231.69,231.53,231.59,64973.0
11:26,231.43,231.58,231.4,231.55,56253.0
11:27,231.45,231.49,231.42,231.43,44579.0
11:28,231.46,231.5,231.42,231.46,49136.0
11:29,231.4,231.53,231.38,231.45,73072.0
11:30,231.31,231.36,231.3,231.33,94204.0
11:31,231.04,231.3,231.04,231.28,98126.0
11:32,230.93,231.09,230.92,231.04,171101.0
11:33,231.09,231.1,230.91,230.94,69611.0
11:34,231.19,231.23,231.08,231.1,71025.0
11:35,231.25,231.34,231.2,231.2,47074.0
11:36,231.17,231.28,231.17,231.26,257741.0
11:37,230.99,231.15,230.96,231.15,62802.0
11:38,230.87,231.0,230.84,231.0,61168.0
11:39,230.68,230.87,230.65,230.86,95532.0
11:40,230.59,230.78,230.57,230.67,130083.0
11:41,230.63,230.71,230.52,230.62,74918.0
11:42,230.46,230.62,230.36,230.62,107451.0
11:43,230.49,230.56,230.38,230.46,83426.0
11:44,230.42,230.48,230.4,230.48,59190.0
11:45,230.5,230.53,230.4,230.4,55391.0
11:46,230.5,230.62,230.41,230.47,73004.0
11:47,230.48,230.54,230.42,230.49,100155.0
11:48,230.49,230.51,230.36,230.47,60788.0
11:49,230.57,230.59,230.44,230.48,52881.0
11:50,230.61,230.62,230.51,230.56,53991.0
11:51,230.81,230.82,230.59,230.6,73315.0
11:52,230.8,230.86,230.76,230.81,68201.0
11:53,230.93,230.99,230.78,230.8,66261.0
11:54,230.88,230.99,230.88,230.93,44671.0
11:55,230.77,230.94,230.75,230.9,49808.0
11:56,230.67,230.93,230.65,230.79,45578.0
11:57,230.72,230.77,230.65,230.66,40976.0
11:58,230.74,230.77,230.62,230.7,34092.0
11:59,230.64,230.76,230.62,230.75,36407.0
12:00,230.54,230.66,230.51,230.62,45002.0
12:01,230.34,230.56,230.34,230.53,52968.0
12:02,230.34,230.43,230.28,230.34,58507.0
12:03,230.32,230.37,230.25,230.32,55927.0
12:04,230.23,230.32,230.23,230.32,52548.0
12:05,230.39,230.42,230.21,230.24,73560.0
12:06,230.36,230.41,230.34,230.38,64731.0
12:07,230.36,230.38,230.3,230.36,41064.0
12:08,230.38,230.42,230.26,230.35,73109.0
12:09,230.41,230.43,230.35,230.38,88244.0
12:10,230.46,230.48,230.35,230.4,50337.0
12:11,230.44,230.47,230.41,230.46,47166.0
12:12,230.44,230.47,230.38,230.44,100480.0
12:13,230.46,230.5,230.41,230.46,36665.0
12:14,230.52,230.53,230.39,230.46,56942.0
12:15,230.25,230.48,230.22,230.48,60911.0
12:16,230.21,230.27,230.18,230.26,49671.0
12:17,230.04,230.21,230.04,230.2,71845.0
12:18,229.93,230.15,229.92,230.05,141441.0
12:19,230.03,230.03,229.9,229.93,63514.0
12:20,229.99,230.06,229.92,230.01,46398.0
12:21,229.85,229.98,229.85,229.98,73243.0
12:22,229.87,229.93,229.81,229.86,67754.0
12:23,230.01,230.03,229.86,229.87,60040.0
12:24,230.06,230.08,229.91,230.0,73113.0
12:25,230.26,230.27,230.12,230.12,69339.0
12:26,230.32,230.32,230.24,230.26,52796.0
12:27,230.11,230.33,230.11,230.32,42115.0
12:28,230.05,230.16,230.04,230.09,36673.0
12:29,230.01,230.08,229.95,230.05,52248.0
12:30,229.99,230.1,229.98,230.01,33915.0
12:31,230.03,230.04,229.91,229.99,53693.0
12:32,230.16,230.17,230.02,230.04,78392.0
12:33,230.29,230.31,230.1,230.15,60039.0
12:34,230.34,230.37,230.25,230.26,40488.0
12:35,230.31,230.41,230.25,230.39,44450.0
12:36,230.4,230.42,230.29,230.3,39997.0
12:37,230.29,230.4,230.24,230.4,31972.0
12:38,230.3,230.33,230.24,230.29,34444.0
12:39,230.24,230.31,230.23,230.29,38426.0
12:40,230.26,230.27,230.19,230.24,31557.0
12:41,230.22,230.28,230.2,230.27,32993.0
12:42,230.24,230.24,230.14,230.18,36860.0
12:43,230.25,230.26,230.18,230.22,38230.0
12:44,230.11,230.28,230.11,230.25,34532.0
12:45,230.16,230.23,230.11,230.11,37461.0
12:46,230.1,230.16,230.09,230.16,61008.0
12:47,230.15,230.16,230.1,230.11,26476.0
12:48,230.1,230.22,230.09,230.15,40304.0
12:49,230.11,230.14,230.09,230.1,33757.0
12:50,230.16,230.21,230.09,230.11,43040.0
12:51,230.23,230.24,230.13,230.16,39654.0
12:52,230.27,230.31,230.22,230.24,31099.0
12:53,230.25,230.27,230.18,230.27,40235.0
12:54,230.22,230.28,230.21,230.24,27766.0
12:55,230.25,230.25,230.18,230.21,34052.0
12:56,230.26,230.29,230.18,230.23,43071.0
12:57,230.34,230.37,230.24,230.27,42014.0
12:58,230.43,230.46,230.33,230.33,50811.0
12:59,230.52,230.53,230.38,230.43,66407.0
13:00,230.45,230.53,230.43,230.5,55531.0
13:01,230.53,230.53,230.45,230.45,32098.0
13:02,230.58,230.59,230.52,230.53,62393.0
13:03,230.57,230.6,230.48,230.57,41489.0
13:04,230.52,230.62,230.51,230.56,39060.0
13:05,230.47,230.53,230.41,230.53,41723.0
13:06,230.46,230.5,230.45,230.47,40250.0
13:07,230.38,230.45,230.35,230.45,42513.0
13:08,230.5,230.54,230.35,230.38,66534.0
13:09,230.43,230.52,230.4,230.5,52005.0
13:10,230.46,230.51,230.42,230.44,36296.0
13:11,230.33,230.46,230.32,230.46,21335.0
13:12,230.31,230.33,230.27,230.32,59168.0
13:13,230.29,230.34,230.29,230.3,61195.0
13:14,230.24,230.3,230.23,230.28,29840.0
13:15,230.24,230.34,230.21,230.24,53227.0
13:16,230.22,230.27,230.18,230.24,26662.0
13:17,230.11,230.22,230.1,230.22,42483.0
13:18,230.09,230.13,230.07,230.1,151165.0
13:19,230.04,230.1,230.03,230.1,50192.0
13:20,230.06,230.08,230.02,230.04,31511.0
13:21,230.09,230.12,230.02,230.06,36465.0
13:22,229.96,230.1,229.95,230.1,49594.0
13:23,230.03,230.05,229.96,229.97,46533.0
13:24,230.04,230.07,230.01,230.04,31187.0
13:25,230.07,230.1,230.01,230.02,58455.0
13:26,230.19,230.24,230.08,230.08,34032.0
13:27,230.18,230.21,230.1,230.18,46457.0
13:28,230.23,230.25,230.19,230.19,41815.0
13:29,230.19,230.26,230.19,230.23,36882.0
13:30,230.23,230.24,230.17,230.19,30766.0
13:31,230.42,230.42,230.22,230.23,44785.0
13:32,230.49,230.5,230.41,230.41,39465.0
13:33,230.42,230.5,230.35,230.49,37105.0
13:34,230.41,230.46,230.37,230.41,42988.0
13:35,230.48,230.5,230.42,230.43,32886.0
13:36,230.49,230.53,230.43,230.49,27916.0
13:37,230.48,230.54,230.43,230.47,30886.0
13:38,230.48,230.49,230.42,230.46,28987.0
13:39,230.54,230.55,230.46,230.49,33155.0
13:40,230.7,230.71,230.54,230.54,56769.0
13:41,230.63,230.69,230.61,230.69,40320.0
13:42,230.54,230.66,230.54,230.63,37824.0
13:43,230.61,230.62,230.49,230.52,34421.0
13:44,230.57,230.61,230.53,230.61,20226.0
13:45,230.5,230.58,230.49,230.56,29547.0
13:46,230.53,230.53,230.47,230.49,35597.0
13:47,230.46,230.53,230.45,230.53,21038.0
13:48,230.51,230.53,230.46,230.46,42925.0
13:49,230.51,230.57,230.46,230.52,47812.0
13:50,230.48,230.57,230.48,230.5,27701.0
13:51,230.52,230.54,230.45,230.47,37194.0
13:52,230.47,230.51,230.44,230.51,34384.0
13:53,230.38,230.45,230.38,230.44,36124.0
13:54,230.43,230.48,230.38,230.38,31713.0
13:55,230.56,230.59,230.42,230.42,68365.0
13:56,230.61,230.62,230.49,230.55,42854.0
13:57,230.67,230.68,230.58,230.59,47257.0
13:58,230.75,230.75,230.65,230.67,45865.0
13:59,230.83,230.84,230.73,230.74,46157.0
14:00,230.89,230.9,230.79,230.8,43018.0
14:01,230.85,230.9,230.8,230.87,30712.0
14:02,230.88,230.91,230.83,230.85,64399.0
14:03,230.9,230.94,230.7,230.89,116001.0
14:04,230.88,231.01,230.85,230.89,68712.0
14:05,230.68,230.91,230.68,230.9,41536.0
14:06,230.66,230.75,230.6,230.68,48780.0
14:07,230.63,230.67,230.58,230.66,38246.0
14:08,230.62,230.66,230.6,230.63,34500.0
14:09,230.6,230.64,230.58,230.63,30366.0
14:10,230.49,230.6,230.47,230.6,44911.0
14:11,230.37,230.5,230.36,230.48,73852.0
14:12,230.23,230.43,230.23,230.37,73355.0
14:13,230.2,230.35,230.2,230.24,77771.0
14:14,230.23,230.31,230.2,230.2,60075.0
14:15,230.18,230.31,230.15,230.23,58382.0
14:16,230.25,230.29,230.19,230.19,25784.0
14:17,230.24,230.27,230.2,230.25,33514.0
14:18,230.28,230.29,230.2,230.24,36790.0
14:19,230.2,230.28,230.16,230.28,32892.0
14:20,230.27,230.32,230.18,230.19,42623.0
14:21,230.23,230.33,230.23,230.28,57865.0
14:22,230.19,230.26,230.18,230.24,37820.0
14:23,230.43,230.45,230.2,230.2,92025.0
14:24,230.43,230.46,230.36,230.42,67135.0
14:25,230.51,230.52,230.33,230.43,46996.0
14:26,230.4,230.57,230.39,230.5,31913.0
14:27,230.46,230.47,230.34,230.39,38945.0
14:28,230.48,230.49,230.4,230.45,38669.0
14:29,230.41,230.51,230.39,230.48,48088.0
14:30,230.23,230.44,230.23,230.4,55168.0
14:31,230.37,230.42,230.24,230.24,48611.0
14:32,230.26,230.36,230.24,230.36,303388.0
14:33,230.2,230.23,230.19,230.23,41179.0
14:34,230.24,230.37,230.22,230.22,70215.0
14:35,230.19,230.25,230.18,230.24,38890.0
14:36,230.16,230.19,230.09,230.19,45243.0
14:37,230.17,230.24,230.15,230.16,36917.0
14:38,230.29,230.32,230.16,230.16,22894.0
14:39,230.18,230.32,230.18,230.3,28163.0
14:40,230.26,230.26,230.19,230.19,35193.0
14:41,230.3,230.3,230.24,230.26,37624.0
14:42,230.4,230.45,230.28,230.3,49516.0
14:43,230.34,230.42,230.3,230.4,49137.0
14:44,230.3,230.37,230.29,230.35,37744.0
14:45,230.26,230.3,230.23,230.29,30826.0
14:46,230.41,230.44,230.26,230.28,40270.0
14:47,230.27,230.41,230.27,230.41,29882.0
14:48,230.27,230.33,230.25,230.28,19907.0
14:49,230.29,230.32,230.24,230.27,22072.0
14:50,230.43,230.48,230.26,230.29,65643.0
14:51,230.54,230.55,230.43,230.43,38221.0
14:52,230.53,230.56,230.48,230.54,30783.0
14:53,230.52,230.55,230.49,230.53,33701.0
14:54,230.51,230.54,230.49,230.52,30079.0
14:55,230.5,230.53,230.49,230.51,25129.0
14:56,230.54,230.54,230.47,230.51,425251.0
14:57,230.43,230.58,230.25,230.53,118685.0
14:58,230.43,230.46,230.37,230.43,23199.0
14:59,230.49,230.52,230.42,230.45,27383.0
15:00,230.39,230.49,230.38,230.49,33934.0
15:01,230.35,230.47,230.29,230.41,35881.0
15:02,230.35,230.39,230.3,230.35,28992.0
15:03,230.2,230.36,230.09,230.36,50701.0
15:04,230.24,230.29,230.17,230.2,42280.0
15:05,230.26,230.34,230.2,230.23,34964.0
15:06,230.31,230.31,230.17,230.27,43249.0
15:07,230.37,230.37,230.26,230.31,27861.0
15:08,230.41,230.41,230.35,230.38,23153.0
15:09,230.45,230.45,230.38,230.4,37957.0
15:10,230.49,230.5,230.43,230.45,32642.0
15:11,230.49,230.5,230.45,230.48,53328.0
15:12,230.45,230.5,230.4,230.49,45470.0
15:13,230.45,230.47,230.41,230.44,23741.0
15:14,230.49,230.51,230.43,230.46,43455.0
15:15,230.53,230.55,230.5,230.51,30243.0
15:16,230.48,230.55,230.45,230.54,27380.0
15:17,230.6,230.61,230.47,230.48,42247.0
15:18,230.46,230.62,230.41,230.61,45973.0
15:19,230.56,230.57,230.46,230.46,50073.0
15:20,230.57,230.63,230.56,230.56,35399.0
15:21,230.66,230.66,230.57,230.58,47925.0
15:22,230.62,230.66,230.61,230.66,49443.0
15:23,230.66,230.68,230.6,230.62,48429.0
15:24,230.65,230.7,230.64,230.67,32581.0
15:25,230.65,230.68,230.63,230.65,59419.0
15:26,230.64,230.67,230.62,230.66,52057.0
15:27,230.7,230.72,230.63,230.64,81317.0
15:28,230.67,230.74,230.66,230.71,42422.0
15:29,230.76,230.81,230.65,230.66,62275.0
15:30,230.76,230.82,230.72,230.76,70825.0
15:31,230.71,230.77,230.57,230.76,569369.0
15:32,230.81,230.9,230.71,230.72,62938.0
15:33,230.87,230.88,230.79,230.82,60384.0
15:34,230.84,230.88,230.8,230.88,40959.0
15:35,230.85,230.88,230.82,230.83,48211.0
15:36,230.92,230.93,230.86,230.88,46705.0
15:37,230.9,230.91,230.87,230.9,39666.0
15:38,230.9,230.92,230.87,230.9,42662.0
15:39,230.87,230.95,230.86,230.91,71823.0
15:40,230.99,231.01,230.87,230.87,59285.0
15:41,231.07,231.1,230.97,230.99,92015.0
15:42,231.01,231.09,231.0,231.08,125455.0
15:43,230.99,231.01,230.93,231.01,81785.0
15:44,231.06,231.08,230.99,231.0,68882.0
15:45,231.18,231.18,231.07,231.08,98167.0
15:46,231.12,231.24,231.06,231.17,95463.0
15:47,231.11,231.15,231.07,231.11,76692.0
15:48,231.11,231.14,231.08,231.12,71204.0
15:49,231.13,231.15,231.09,231.1,92117.0
15:50,230.95,231.16,230.74,231.14,223084.0
15:51,230.89,231.05,230.8,230.95,149842.0
15:52,230.89,230.92,230.79,230.89,115307.0
15:53,231.09,231.1,230.85,230.89,161045.0
15:54,230.99,231.16,230.82,231.1,263379.0
15:55,230.92,230.99,230.78,230.96,242213.0
15:56,230.89,230.9,230.77,230.81,195710.0
15:57,231.0,231.02,230.86,230.89,298184.0
15:58,230.97,231.04,230.93,231.0,299619.0
15:59,231.06,231.12,230.93,230.97,790218.0
