Time,Close,High,Low,Open,Volume
09:30,221.3,222.78,221.28,222.65,1159725.0
09:31,221.52,222.0,221.22,221.32,211805.0
09:32,221.48,221.66,221.35,221.54,163631.0
09:33,221.63,221.82,221.45,221.46,159760.0
09:34,221.46,221.64,221.33,221.62,204875.0
09:35,221.33,221.46,221.07,221.46,206546.0
09:36,221.8,221.83,221.33,221.34,345645.0
09:37,222.11,222.28,221.79,221.79,184962.0
09:38,221.81,222.23,221.76,222.13,104012.0
09:39,221.7,221.87,221.66,221.79,162604.0
09:40,221.31,221.79,221.3,221.69,202296.0
09:41,221.37,221.46,221.2,221.32,144316.0
09:42,221.4,221.46,221.2,221.37,92752.0
09:43,221.33,221.44,221.28,221.4,128536.0
09:44,221.03,221.35,221.03,221.32,181673.0
09:45,220.87,221.09,220.55,221.07,297000.0
09:46,220.62,220.95,220.54,220.84,220328.0
09:47,221.16,221.19,220.59,220.61,190822.0
09:48,221.69,221.72,221.18,221.18,206356.0
09:49,221.76,221.83,221.49,221.67,156235.0
09:50,221.51,221.93,221.4,221.75,248801.0
09:51,221.39,221.72,221.35,221.58,97569.0
09:52,221.55,221.77,221.31,221.35,101513.0
09:53,221.47,221.64,221.31,221.52,85374.0
09:54,221.66,221.67,221.41,221.47,76553.0
09:55,221.58,221.82,221.58,221.66,150154.0
09:56,221.52,221.66,221.43,221.56,92720.0
09:57,221.41,221.53,221.27,221.48,96059.0
09:58,221.25,221.41,221.14,221.4,78576.0
09:59,220.99,221.29,220.91,221.27,210109.0
10:00,221.09,221.18,220.57,220.96,414036.0
10:01,221.19,221.22,220.89,221.09,136168.0
10:02,221.52,221.57,221.19,221.19,115304.0
10:03,221.68,221.73,221.49,221.51,79892.0
10:04,221.65,221.77,221.55,221.68,128443.0
10:05,221.61,221.8,221.56,221.66,144813.0
10:06,221.47,221.74,221.47,221.59,172373.0
10:07,221.37,221.5,221.35,221.48,71136.0
10:08,221.47,221.6,221.37,221.37,81247.0
10:09,221.45,221.57,221.43,221.47,60773.0
10:10,221.61,221.68,221.39,221.47,144532.0
10:11,221.6,221.82,221.56,221.62,142503.0
10:12,221.82,221.83,221.46,221.6,77375.0
10:13,221.74,221.93,221.7,221.82,71375.0
10:14,221.71,221.81,221.62,221.74,94881.0
10:15,221.43,221.73,221.43,221.69,77586.0
10:16,221.44,221.58,221.37,221.41,85339.0
10:17,221.72,221.72,221.43,221.5,73309.0
10:18,221.76,221.8,221.66,221.71,102308.0
10:19,221.85,221.89,221.73,221.76,96050.0
10:20,221.97,221.98,221.8,221.84,130990.0
10:21,222.32,222.32,221.96,221.96,214956.0
10:22,222.51,222.59,221.7,222.31,201639.0
10:23,222.45,222.54,222.29,222.52,81215.0
10:24,222.43,222.53,222.4,222.45,60084.0
10:25,222.26,222.6,222.26,222.46,81975.0
10:26,222.2,222.31,222.16,222.24,74961.0
10:27,222.26,222.35,222.18,222.19,42560.0
10:28,222.28,222.46,222.23,222.25,40453.0
10:29,222.31,222.38,222.2,222.28,97172.0
10:30,222.0,222.34,221.95,222.3,215751.0
10:31,221.79,222.17,221.76,221.98,84791.0
10:32,221.79,222.04,221.76,221.86,100358.0
10:33,221.79,221.92,221.75,221.75,115925.0
10:34,221.76,221.89,221.66,221.81,89354.0
10:35,221.8,221.87,221.7,221.76,85374.0
10:36,221.83,221.9,221.69,221.81,83089.0
10:37,221.79,221.87,221.72,221.87,45432.0
10:38,221.54,221.79,221.51,221.78,90125.0
10:39,221.3,221.54,221.26,221.53,75006.0
10:40,221.2,221.36,221.16,221.28,79231.0
10:41,221.26,221.37,221.16,221.19,69959.0
10:42,221.28,221.28,221.2,221.25,43718.0
10:43,221.18,221.27,221.14,221.25,57185.0
10:44,221.4,221.45,221.18,221.18,61295.0
10:45,221.3,221.41,221.15,221.4,76271.0
10:46,221.42,221.44,221.2,221.31,70281.0
10:47,221.41,221.51,221.33,221.41,95940.0
10:48,221.38,221.43,221.33,221.39,54946.0
10:49,221.29,221.42,221.25,221.39,68673.0
10:50,221.45,221.5,221.3,221.3,56590.0
10:51,221.43,221.51,221.39,221.43,74338.0
10:52,221.45,221.48,221.35,221.43,50765.0
10:53,221.52,221.54,221.38,221.45,55821.0
10:54,221.61,221.65,221.49,221.51,85608.0
10:55,221.46,221.64,221.45,221.62,36499.0
10:56,221.53,221.54,221.47,221.48,48767.0
10:57,221.65,221.67,221.44,221.52,46866.0
10:58,221.6,221.66,221.56,221.65,47430.0
10:59,221.54,221.67,221.54,221.62,49206.0
11:00,221.79,221.89,221.54,221.54,92394.0
11:01,221.85,221.88,221.74,221.79,57503.0
11:02,221.81,221.89,221.76,221.87,29485.0
11:03,221.61,221.83,221.6,221.81,68739.0
11:04,221.65,221.71,221.59,221.61,46636.0
11:05,221.49,221.65,221.49,221.65,65394.0
11:06,221.48,221.57,221.42,221.51,60182.0
11:07,221.5,221.56,221.44,221.46,42851.0
11:08,221.5,221.54,221.43,221.5,72859.0
11:09,221.46,221.51,221.37,221.48,60151.0
11:10,221.31,221.48,221.31,221.47,49764.0
11:11,221.18,221.3,221.13,221.3,96316.0
11:12,221.06,221.24,221.01,221.18,66446.0
11:13,221.12,221.21,221.06,221.06,67238.0
11:14,221.06,221.17,221.04,221.12,50639.0
11:15,221.2,221.23,221.01,221.07,84319.0
11:16,221.32,221.32,221.21,221.21,58914.0
11:17,221.54,221.54,221.29,221.3,57291.0
11:18,221.53,221.64,221.51,221.57,53916.0
11:19,221.64,221.65,221.51,221.54,88604.0
11:20,221.55,221.69,221.55,221.63,32799.0
11:21,221.71,221.75,221.55,221.57,38986.0
11:22,221.71,221.83,221.67,221.7,45817.0
11:23,222.21,222.21,221.4,221.73,140383.0
11:24,222.0,222.25,221.96,222.22,142190.0
11:25,221.92,221.99,221.82,221.99,50138.0
11:26,221.88,221.97,221.82,221.93,56596.0
11:27,221.68,221.93,221.67,221.88,52515.0
11:28,221.6,221.68,221.58,221.68,46924.0
11:29,221.59,221.66,221.46,221.6,83640.0
11:30,221.82,221.82,221.59,221.59,55045.0
11:31,221.76,221.87,221.67,221.82,47937.0
11:32,221.74,221.83,221.68,221.75,46599.0
11:33,221.95,221.98,221.72,221.74,67104.0
11:34,221.92,221.97,221.86,221.93,62445.0
11:35,221.85,221.96,221.78,221.91,49566.0
11:36,221.84,221.92,221.8,221.85,42845.0
11:37,222.03,222.06,221.85,221.85,122026.0
11:38,222.19,222.24,221.98,222.04,64908.0
11:39,222.25,222.32,222.18,222.19,42829.0
11:40,222.18,222.3,222.17,222.26,44625.0
11:41,222.36,222.4,222.17,222.2,76476.0
11:42,222.32,222.38,222.13,222.38,81503.0
11:43,222.29,222.33,222.26,222.33,26997.0
11:44,222.13,222.28,222.1,222.27,37161.0
11:45,221.99,222.13,221.97,222.12,37912.0
11:46,222.04,222.08,222.0,222.01,34675.0
11:47,222.04,222.09,222.02,222.04,32930.0
11:48,221.99,222.04,221.84,222.03,40572.0
11:49,221.9,222.0,221.88,222.0,29061.0
11:50,221.74,221.95,221.7,221.9,36789.0
11:51,221.68,221.74,221.64,221.7,50682.0
11:52,221.48,221.68,221.48,221.67,60722.0
11:53,221.32,221.46,221.32,221.46,42738.0
11:54,221.34,221.4,221.3,221.32,32029.0
11:55,221.28,221.35,221.24,221.34,55804.0
11:56,221.29,221.38,221.18,221.27,68402.0
11:57,221.32,221.35,221.18,221.28,47932.0
11:58,221.16,221.32,221.16,221.32,39374.0
11:59,221.11,221.2,221.07,221.17,62766.0
12:00,221.04,221.11,220.98,221.11,115885.0
12:01,220.97,221.06,220.92,221.04,74356.0
12:02,221.14,221.17,220.95,220.96,55229.0
12:03,221.28,221.29,221.09,221.13,78092.0
12:04,221.15,221.31,221.11,221.28,58908.0
12:05,221.14,221.2,221.11,221.18,31485.0
12:06,221.08,221.19,221.07,221.12,47422.0
12:07,221.15,221.16,221.04,221.07,41821.0
12:08,221.08,221.15,221.06,221.14,45388.0
12:09,220.93,221.09,220.93,221.07,43088.0
12:10,220.85,220.94,220.85,220.93,49884.0
12:11,220.84,220.97,220.82,220.86,32422.0
12:12,220.97,220.97,220.82,220.85,65026.0
12:13,221.18,221.2,220.95,220.96,46382.0
12:14,221.07,221.16,221.07,221.15,31662.0
12:15,221.13,221.21,221.06,221.08,34621.0
12:16,221.21,221.24,221.14,221.14,32794.0
12:17,221.21,221.23,221.17,221.21,27027.0
12:18,221.21,221.24,221.13,221.21,36549.0
12:19,221.23,221.23,221.18,221.2,37481.0
12:20,221.18,221.25,221.08,221.23,65010.0
12:21,221.14,221.17,221.09,221.17,34665.0
12:22,221.2,221.25,221.13,221.15,31305.0
12:23,221.24,221.24,221.08,221.19,31977.0
12:24,221.22,221.29,221.18,221.25,32957.0
12:25,221.22,221.22,221.15,221.21,26849.0
12:26,221.09,221.22,221.05,221.22,65308.0
12:27,221.15,221.17,221.05,221.09,63687.0
12:28,221.12,221.18,221.12,221.16,30684.0
12:29,221.26,221.26,221.13,221.13,21058.0
12:30,221.56,221.57,221.29,221.3,46356.0
12:31,221.57,221.64,221.52,221.55,41974.0
12:32,221.54,221.62,221.53,221.57,45788.0
12:33,221.49,221.58,221.49,221.51,38559.0
12:34,221.51,221.52,221.41,221.49,30675.0
12:35,221.48,221.57,221.42,221.52,58529.0
12:36,221.6,221.62,221.48,221.5,32770.0
12:37,221.57,221.59,221.43,221.59,24392.0
12:38,221.6,221.7,221.56,221.57,59846.0
12:39,221.65,221.69,221.58,221.58,50211.0
12:40,221.53,221.65,221.53,221.64,41564.0
12:41,221.66,221.67,221.54,221.54,40954.0
12:42,221.45,221.66,221.44,221.66,52419.0
12:43,221.26,221.46,221.24,221.44,55709.0
12:44,221.35,221.41,221.27,221.27,46214.0
12:45,221.36,221.38,221.3,221.35,25674.0
12:46,221.41,221.41,221.27,221.35,33609.0
12:47,221.54,221.58,221.4,221.4,24047.0
12:48,221.49,221.58,221.46,221.55,27408.0
12:49,221.63,221.65,221.49,221.49,27451.0
12:50,221.63,221.71,221.59,221.62,67835.0
12:51,221.66,221.71,221.61,221.63,52701.0
12:52,221.72,221.74,221.59,221.66,47460.0
12:53,221.7,221.73,221.62,221.71,29574.0
12:54,221.6,221.74,221.55,221.71,37367.0
12:55,221.63,221.69,221.6,221.6,36048.0
12:56,221.5,221.64,221.5,221.64,36369.0
12:57,221.37,221.51,221.37,221.49,39458.0
12:58,221.08,221.39,221.08,221.38,69607.0
12:59,221.15,221.16,221.09,221.1,40520.0
13:00,221.19,221.2,221.11,221.16,48503.0
13:01,221.21,221.33,221.16,221.18,55472.0
13:02,221.17,221.25,221.11,221.21,49627.0
13:03,221.16,221.24,221.11,221.19,38163.0
13:04,221.25,221.26,221.14,221.15,46258.0
13:05,221.34,221.36,221.22,221.23,39263.0
13:06,221.38,221.4,221.29,221.35,33216.0
13:07,221.29,221.38,221.26,221.38,30915.0
13:08,221.2,221.29,221.18,221.28,38158.0
13:09,221.29,221.31,221.21,221.21,23517.0
13:10,221.11,221.29,221.1,221.28,42589.0
13:11,221.12,221.15,221.06,221.11,42684.0
13:12,221.1,221.16,221.1,221.12,42056.0
13:13,221.16,221.2,221.01,221.09,73702.0
13:14,221.02,221.16,221.02,221.16,35024.0
13:15,220.92,221.06,220.92,221.01,67736.0
13:16,220.87,220.99,220.8,220.94,73357.0
13:17,220.9,220.92,220.82,220.87,70668.0
13:18,220.92,220.95,220.84,220.9,78442.0
13:19,220.85,220.93,220.82,220.91,39965.0
13:20,220.89,220.9,220.85,220.85,30667.0
13:21,220.84,220.9,220.82,220.88,32933.0
13:22,220.8,220.85,220.78,220.84,40321.0
13:23,220.84,220.87,220.77,220.79,50033.0
13:24,220.83,220.9,220.8,220.85,86469.0
13:25,220.75,220.84,220.75,220.84,63999.0
13:26,220.79,220.81,220.71,220.76,39879.0
13:27,220.9,220.9,220.8,220.8,34366.0
13:28,220.98,220.99,220.88,220.9,38051.0
13:29,220.95,221.0,220.93,220.97,23551.0
13:30,220.96,221.0,220.91,220.95,26227.0
13:31,221.16,221.16,220.94,220.95,45854.0
13:32,221.04,221.17,220.97,221.16,45895.0
13:33,221.07,221.08,221.02,221.04,32413.0
13:34,221.09,221.13,221.04,221.06,36052.0
13:35,221.15,221.16,221.07,221.12,35481.0
13:36,221.23,221.24,221.12,221.15,29081.0
13:37,221.29,221.35,220.5,221.25,53259.0
13:38,221.32,221.34,221.27,221.28,25982.0
13:39,221.29,221.4,221.27,221.32,33534.0
13:40,221.39,221.4,221.31,221.31,31288.0
13:41,221.4,221.46,221.38,221.44,35422.0
13:42,221.3,221.39,221.26,221.39,41358.0
13:43,221.41,221.43,221.31,221.31,30895.0
13:44,221.43,221.45,221.39,221.41,35736.0
13:45,221.57,221.63,221.4,221.43,41540.0
13:46,221.47,221.56,221.47,221.56,34088.0
13:47,221.59,221.62,221.43,221.47,50473.0
13:48,221.54,221.66,221.54,221.57,45241.0
13:49,221.52,221.58,221.51,221.55,28693.0
13:50,221.55,221.59,221.51,221.52,26693.0
13:51,221.42,221.55,221.36,221.55,33116.0
13:52,221.45,221.45,221.37,221.42,28752.0
13:53,221.48,221.51,221.32,221.45,34307.0
13:54,221.49,221.5,221.41,221.49,16265.0
13:55,221.55,221.57,221.46,221.49,34943.0
13:56,221.44,221.61,221.44,221.56,25442.0
13:57,221.4,221.47,221.34,221.45,41595.0
13:58,221.49,221.53,221.39,221.4,48259.0
13:59,221.52,221.54,221.44,221.48,22345.0
14:00,221.52,221.52,221.46,221.5,36303.0
14:01,221.53,221.56,221.5,221.5,23216.0
14:02,221.51,221.57,221.5,221.52,55242.0
14:03,221.48,221.52,221.44,221.52,38718.0
14:04,221.53,221.54,221.47,221.49,28424.0
14:05,221.58,221.58,221.49,221.53,29530.0
14:06,221.52,221.6,221.47,221.59,33567.0
14:07,221.42,221.54,221.42,221.54,30240.0
14:08,221.49,221.49,221.34,221.42,39142.0
14:09,221.47,221.55,221.46,221.5,24653.0
14:10,221.42,221.49,221.42,221.48,37190.0
14:11,221.38,221.44,221.33,221.43,63041.0
14:12,221.41,221.46,221.37,221.38,42257.0
14:13,221.53,221.55,221.41,221.41,44804.0
14:14,221.55,221.6,221.51,221.53,49404.0
14:15,221.51,221.56,221.48,221.54,23654.0
14:16,221.58,221.61,221.51,221.51,36526.0
14:17,221.64,221.65,221.58,221.58,25127.0
14:18,221.59,221.65,221.58,221.64,30022.0
14:19,221.64,221.66,221.56,221.6,33961.0
14:20,221.64,221.69,221.63,221.64,36690.0
14:21,221.66,221.69,221.64,221.65,32004.0
14:22,221.63,221.76,221.63,221.66,50978.0
14:23,221.63,221.65,221.6,221.62,27795.0
14:24,221.75,221.75,221.62,221.62,26746.0
14:25,221.74,221.75,221.71,221.75,24480.0
14:26,221.73,221.78,221.73,221.76,26282.0
14:27,221.7,221.74,221.68,221.73,38938.0
14:28,221.63,221.72,221.62,221.69,30952.0
14:29,221.68,221.71,221.65,221.65,42265.0
14:30,221.58,221.7,221.46,221.7,52279.0
14:31,221.7,221.72,221.63,221.63,29174.0
14:32,221.72,221.73,221.65,221.69,44608.0
14:33,221.73,221.75,221.68,221.69,33487.0
14:34,221.76,221.78,221.68,221.73,48104.0
14:35,221.88,221.89,221.74,221.75,55958.0
14:36,221.84,221.89,221.82,221.86,38986.0
14:37,221.88,221.9,221.84,221.85,43033.0
14:38,221.85,221.92,221.84,221.87,45236.0
14:39,221.93,221.94,221.85,221.85,37590.0
14:40,221.88,221.92,221.87,221.92,48541.0
14:41,221.74,221.88,221.72,221.88,48988.0
14:42,221.67,221.73,221.65,221.73,72125.0
14:43,221.68,221.7,221.66,221.68,24926.0
14:44,221.6,221.72,221.59,221.69,33038.0
14:45,221.54,221.6,221.54,221.6,30730.0
14:46,221.58,221.62,221.53,221.53,36105.0
14:47,221.53,221.63,221.48,221.57,27275.0
14:48,221.6,221.61,221.52,221.53,13515.0
14:49,221.65,221.67,221.6,221.61,25154.0
14:50,221.78,221.78,221.65,221.67,58628.0
14:51,221.74,221.77,221.72,221.77,23686.0
14:52,221.87,221.88,221.74,221.74,26958.0
14:53,221.93,221.96,221.81,221.85,129252.0
14:54,221.9,221.92,221.83,221.92,38882.0
14:55,221.85,221.89,221.78,221.86,33875.0
14:56,221.98,222.0,221.82,221.84,65147.0
14:57,221.85,221.99,221.83,221.96,60897.0
14:58,221.87,221.91,221.82,221.85,50907.0
14:59,221.81,221.88,221.8,221.88,28888.0
15:00,221.85,221.85,221.77,221.81,31257.0
15:01,221.85,221.87,221.82,221.83,27919.0
15:02,221.87,221.89,221.79,221.83,32428.0
15:03,221.81,221.87,221.79,221.87,46916.0
15:04,221.76,221.82,221.73,221.81,47732.0
15:05,221.78,221.79,221.72,221.75,30558.0
15:06,221.79,221.88,221.78,221.78,61450.0
15:07,221.83,221.83,221.76,221.8,29309.0
15:08,221.81,221.83,221.76,221.83,24681.0
15:09,221.82,221.92,221.8,221.8,49719.0
15:10,221.82,221.87,221.81,221.83,40701.0
15:11,221.85,221.88,221.82,221.82,31002.0
15:12,221.75,221.84,221.75,221.84,41093.0
15:13,221.8,221.81,221.77,221.77,36545.0
15:14,221.85,221.89,221.79,221.79,36833.0
15:15,221.91,221.94,221.84,221.86,89378.0
15:16,221.87,221.92,221.84,221.92,42125.0
15:17,221.88,221.93,221.87,221.87,41371.0
15:18,221.87,221.94,221.87,221.88,46763.0
15:19,221.86,221.9,221.81,221.87,43332.0
15:20,221.89,221.9,221.84,221.87,40283.0
15:21,221.87,221.93,221.85,221.89,50566.0
15:22,221.82,221.85,221.79,221.85,26620.0
15:23,221.85,221.88,221.8,221.81,33078.0
15:24,221.96,221.98,221.83,221.85,47850.0
15:25,221.99,222.01,221.96,221.96,63816.0
15:26,221.98,222.0,221.95,221.99,39277.0
15:27,222.05,222.07,221.98,221.98,68501.0
15:28,222.03,222.1,222.0,222.05,48582.0
15:29,222.02,222.03,221.9,222.03,34702.0
15:30,221.93,222.01,221.91,222.01,38604.0
15:31,221.93,221.95,221.9,221.94,28745.0
15:32,221.95,222.06,221.95,221.96,35901.0
15:33,221.9,221.95,221.86,221.94,27685.0
15:34,221.86,221.93,221.86,221.9,19882.0
15:35,221.85,221.89,221.81,221.85,36557.0
15:36,221.89,221.9,221.83,221.85,26109.0
15:37,221.84,221.89,221.83,221.89,27921.0
15:38,221.92,221.92,221.85,221.85,25391.0
15:39,221.99,222.02,221.91,221.92,49798.0
15:40,222.07,222.13,221.95,221.99,52690.0
15:41,221.98,222.07,221.93,222.06,62087.0
15:42,221.96,222.04,221.92,221.98,39122.0
15:43,221.97,222.03,221.96,221.96,37755.0
15:44,222.09,222.12,221.95,221.97,63551.0
15:45,222.03,222.12,222.03,222.1,53165.0
15:46,222.04,222.07,222.0,222.03,40302.0
15:47,222.07,222.1,222.03,222.04,42122.0
15:48,222.14,222.2,222.07,222.08,65931.0
15:49,222.18,222.21,222.11,222.13,67745.0
15:50,222.16,222.23,222.09,222.18,101984.0
15:51,222.06,222.25,222.06,222.16,80785.0
15:52,222.04,222.1,222.01,222.07,91363.0
15:53,221.94,222.09,221.92,222.03,91730.0
15:54,222.05,222.05,221.92,221.97,102096.0
15:55,221.98,222.08,221.92,222.05,136446.0
15:56,221.96,221.98,221.9,221.97,127080.0
15:57,221.9,221.99,221.88,221.96,147241.0
15:58,221.78,221.91,221.76,221.9,232967.0
15:59,221.95,222.06,221.76,221.78,477762.0
