Time,Close,High,Low,Open,Volume
09:30,5965.79,5970.31,5965.79,5969.67,1.0
09:31,5965.84,5965.88,5961.5,5965.88,20852389.0
09:32,5962.76,5967.13,5960.98,5965.61,19551188.0
09:33,5961.46,5962.69,5958.56,5962.69,13861054.0
09:34,5963.53,5964.09,5958.16,5961.64,13264321.0
09:35,5966.08,5966.08,5961.93,5963.22,11654369.0
09:36,5971.97,5973.48,5966.05,5966.3,11296301.0
09:37,5975.35,5975.6,5972.14,5972.16,10835698.0
09:38,5976.94,5977.26,5975.11,5975.71,8905177.0
09:39,5978.99,5978.99,5976.14,5976.53,9214773.0
09:40,5978.26,5979.15,5977.76,5979.15,8995173.0
09:41,5979.39,5979.99,5978.19,5978.19,9320664.0
09:42,5979.08,5980.06,5978.84,5979.28,9221947.0
09:43,5979.58,5981.11,5978.97,5979.03,9421634.0
09:44,5977.93,5979.46,5977.62,5979.46,7187280.0
09:45,5979.46,5980.19,5977.89,5977.89,9651639.0
09:46,5978.85,5979.17,5978.18,5978.62,6786004.0
09:47,5983.23,5983.6,5980.94,5980.94,11929262.0
09:48,5984.48,5984.95,5983.14,5983.17,8387363.0
09:49,5984.56,5985.48,5984.01,5984.56,8527906.0
09:50,5982.62,5984.86,5982.58,5984.6,8531832.0
09:51,5983.95,5985.07,5982.77,5982.77,7502133.0
09:52,5985.38,5986.3,5983.13,5983.68,7825548.0
09:53,5987.35,5987.56,5985.49,5985.49,7359571.0
09:54,5987.92,5988.84,5987.25,5987.34,7199766.0
09:55,5988.14,5988.33,5987.07,5988.17,8148419.0
09:56,5988.34,5988.44,5987.46,5988.23,6851257.0
09:57,5985.87,5988.14,5985.48,5988.14,7216379.0
09:58,5988.39,5988.6,5985.55,5985.86,7318660.0
09:59,5989.87,5989.87,5988.35,5988.43,6965451.0
10:00,5991.31,5995.22,5989.87,5989.87,9737938.0
10:01,5994.51,5994.84,5991.27,5991.27,7768027.0
10:02,5995.45,5996.05,5993.96,5994.44,8991641.0
10:03,5994.59,5995.97,5994.46,5995.54,8202805.0
10:04,5996.31,5996.73,5994.57,5994.57,8692384.0
10:05,5999.75,6000.06,5996.26,5996.26,9199180.0
10:06,6002.01,6002.26,5999.76,5999.76,8050419.0
10:07,6000.75,6002.71,6000.15,6002.08,8497371.0
10:08,6002.24,6002.78,6000.63,6000.86,7863938.0
10:09,6001.12,6002.41,6000.32,6002.23,7507588.0
10:10,5998.15,6001.28,5997.78,6001.08,7241958.0
10:11,5995.07,5998.71,5994.99,5997.91,7580551.0
10:12,5997.47,5998.02,5994.15,5994.92,8717515.0
10:13,5999.19,5999.25,5997.4,5997.4,7630682.0
10:14,5999.69,6000.33,5999.14,5999.14,8251153.0
10:15,5998.07,6000.48,5998.02,5999.65,8355902.0
10:16,5998.98,5999.24,5997.51,5998.06,7020140.0
10:17,5999.73,6000.55,5998.63,5998.86,7494629.0
10:18,6003.82,6004.16,5999.77,5999.77,7439249.0
10:19,6002.69,6004.02,6002.68,6003.81,6524444.0
10:20,6005.29,6005.52,6002.63,6002.63,6985965.0
10:21,6004.64,6005.58,6004.18,6005.29,6178012.0
10:22,6002.65,6004.95,6002.55,6004.65,7769995.0
10:23,6001.9,6003.69,6001.85,6002.66,7225674.0
10:24,6003.04,6003.61,6001.44,6001.81,5794957.0
10:25,6003.14,6003.52,6002.39,6003.16,6525397.0
10:26,6002.55,6003.36,6002.19,6003.13,7499443.0
10:27,6000.3,6000.93,6000.17,6000.93,6594654.0
10:28,6000.64,6000.64,5997.97,6000.0,6675811.0
10:29,5999.65,6001.03,5999.47,6000.63,6055936.0
10:30,5997.92,6000.49,5997.68,5999.74,9961731.0
10:31,5998.43,5998.93,5996.96,5998.06,6784526.0
10:32,5999.87,6000.35,5998.33,5998.46,6486218.0
10:33,6000.53,6000.83,5999.6,5999.7,6441764.0
10:34,6000.39,6000.92,5999.76,6000.49,5895873.0
10:35,5999.49,6000.98,5999.12,6000.37,6377487.0
10:36,5998.48,5999.49,5997.38,5999.49,5980530.0
10:37,5997.31,5999.78,5997.25,5998.68,5844381.0
10:38,5996.61,5997.49,5996.14,5997.41,6049501.0
10:39,5996.56,5997.31,5996.25,5996.86,5700435.0
10:40,5997.1,5997.69,5996.08,5996.5,6700755.0
10:41,5997.17,5997.65,5997.08,5997.41,5869454.0
10:42,5997.5,5997.5,5996.1,5997.17,6295167.0
10:43,5996.81,5998.1,5996.81,5997.5,7581322.0
10:44,5997.5,5997.62,5995.93,5996.87,5492203.0
10:45,5998.69,6000.56,5997.72,5997.74,7624218.0
10:46,5998.04,5998.73,5997.37,5998.73,9936540.0
10:47,5997.38,5998.82,5997.38,5998.19,6642324.0
10:48,5994.62,5997.4,5994.38,5997.4,8617501.0
10:49,5993.98,5994.82,5993.98,5994.64,5674113.0
10:50,5995.41,5995.82,5993.87,5994.07,7912304.0
10:51,5994.41,5995.78,5994.02,5995.33,5921747.0
10:52,5993.46,5994.54,5993.34,5994.36,4902477.0
10:53,5994.53,5994.53,5992.59,5993.39,7120228.0
10:54,5993.36,5994.63,5993.0,5994.57,6033732.0
10:55,5991.76,5992.93,5991.7,5992.93,6029900.0
10:56,5989.75,5992.23,5989.51,5991.83,5858345.0
10:57,5991.04,5991.04,5989.13,5989.79,6435733.0
10:58,5989.74,5991.11,5989.39,5991.11,6054320.0
10:59,5988.53,5989.97,5988.52,5989.72,8193273.0
11:00,5988.94,5989.6,5988.4,5988.61,6454637.0
11:01,5992.72,5993.08,5989.0,5989.0,6862986.0
11:02,5993.4,5993.5,5991.65,5992.73,5811451.0
11:03,5995.58,5995.65,5993.41,5993.42,5383525.0
11:04,5995.44,5996.61,5995.0,5995.52,5606596.0
11:05,5995.92,5996.92,5995.42,5995.42,5130353.0
11:06,5997.51,5997.63,5995.98,5995.98,5080964.0
11:07,5998.74,5998.76,5997.39,5997.39,3192363.0
11:08,5997.75,5998.74,5997.75,5998.74,7211439.0
11:09,5997.86,5998.29,5997.75,5997.75,11230515.0
11:10,5997.6425,5997.86,5997.6425,5997.86,13721582.25
11:11,5997.424999999999,5997.6425,5997.424999999999,5997.6425,16212649.5
11:12,5997.2074999999995,5997.424999999999,5997.2074999999995,5997.424999999999,18703716.75
11:13,5997.26,5997.28,5996.94,5996.99,21194784.0
11:14,5998.47,5998.75,5997.22,5997.22,3590705.0
11:15,5998.8,5998.8,5998.47,5998.47,7997536.0
11:16,5998.86,5998.86,5998.58,5998.8,12404367.0
11:17,5998.53,5999.0,5998.53,5998.98,859790.0
11:18,5999.17,5999.17,5998.53,5998.53,6283976.0
11:19,5999.49,5999.52,5999.14,5999.17,11708162.0
11:20,5998.046666666666,5999.49,5998.046666666666,5999.49,13979980.0
11:21,5996.6033333333335,5998.046666666666,5996.6033333333335,5998.046666666666,16251798.0
11:22,5994.56,5995.66,5994.54,5995.16,18523616.0
11:23,5994.726666666667,5994.726666666667,5994.56,5994.56,17055948.666666668
11:24,5994.893333333333,5994.893333333333,5994.726666666667,5994.726666666667,15588281.333333334
11:25,5994.04,5995.06,5994.0,5995.06,14120614.0
11:26,5992.27,5993.45,5992.27,5993.45,7012759.0
11:27,5990.54,5992.27,5990.54,5992.27,6061973.0
11:28,5991.06,5991.24,5990.37,5990.64,5330177.0
11:29,5990.82,5990.94,5989.98,5990.94,2680198.0
11:30,5989.61,5989.62,5987.64,5987.64,9339885.0
11:31,5989.94,5990.91,5989.51,5990.31,7046041.0
11:32,5989.08,5989.79,5988.83,5989.79,1830528.0
11:33,5989.22,5989.22,5989.08,5989.08,8195824.5
11:34,5989.27,5989.27,5989.2,5989.22,14561121.0
11:35,5987.7,5989.4,5986.36,5989.3,6287825.0
11:36,5987.42,5988.02,5986.75,5987.81,3800000.0
11:37,5988.05,5988.05,5987.42,5987.42,6956333.333333334
11:38,5988.68,5988.68,5988.05,5988.05,10112666.666666668
11:39,5988.16,5989.31,5988.16,5989.31,13269000.0
11:40,5986.95,5987.57,5985.87,5987.28,7149000.0
11:41,5982.74,5986.86,5982.69,5986.86,5877000.0
11:42,5984.11,5984.11,5982.2,5982.44,6319000.0
11:43,5984.46,5985.85,5984.02,5984.02,2651000.0
11:44,5984.31,5985.03,5984.08,5984.71,7061000.0
11:45,5983.26,5984.41,5982.88,5984.37,5919000.0
11:46,5983.69,5983.69,5983.26,5983.26,7224000.0
11:47,5983.59,5983.96,5983.58,5983.69,8529000.0
11:48,5984.34,5984.86,5983.41,5983.5,5302000.0
11:49,5984.83,5984.89,5983.94,5984.24,4537000.0
11:50,5983.72,5985.31,5983.53,5984.92,4274000.0
11:51,5986.53,5986.73,5983.15,5983.78,5232000.0
11:52,5984.03,5987.25,5983.74,5986.57,5747000.0
11:53,5983.8,5985.12,5983.57,5984.01,3966000.0
11:54,5982.44,5983.83,5982.18,5983.8,4135000.0
11:55,5984.76,5984.76,5981.5,5982.46,5290000.0
11:56,5984.3,5986.33,5984.21,5984.72,5699000.0
11:57,5983.81,5984.51,5983.42,5984.3,5217000.0
11:58,5983.54,5984.54,5983.36,5983.84,3923000.0
11:59,5982.61,5983.8,5982.59,5983.8,4119000.0
12:00,5981.91,5982.75,5981.38,5982.52,4780000.0
12:01,5980.64,5982.35,5979.67,5981.92,6176000.0
12:02,5980.28,5980.58,5978.09,5980.58,5333000.0
12:03,5982.76,5982.76,5979.9,5980.24,4674000.0
12:04,5983.19,5983.43,5981.89,5982.9,4562000.0
12:05,5982.06,5983.03,5981.46,5983.03,3765000.0
12:06,5980.58,5983.0,5980.44,5982.07,4895000.0
12:07,5981.97,5981.99,5980.44,5980.59,4044000.0
12:08,5981.03,5982.09,5980.59,5982.06,3662000.0
12:09,5980.62,5981.1,5980.24,5981.1,3471000.0
12:10,5981.25,5981.25,5979.39,5980.43,4972000.0
12:11,5982.07,5982.07,5980.03,5981.29,4851000.0
12:12,5983.92,5983.94,5980.96,5982.11,4636000.0
12:13,5982.84,5983.9,5982.68,5983.9,3521000.0
12:14,5981.43,5983.37,5981.39,5982.78,4613000.0
12:15,5981.71,5982.61,5980.99,5981.42,4060000.0
12:16,5982.68,5982.89,5981.27,5981.81,4316000.0
12:17,5979.6,5982.72,5979.6,5982.72,4902000.0
12:18,5980.83,5980.89,5978.24,5979.62,4775000.0
12:19,5980.23,5981.42,5979.88,5980.93,3547000.0
12:20,5978.8,5978.81,5978.47,5978.51,4343000.0
12:21,5977.78,5978.73,5977.68,5978.73,5105000.0
12:22,5976.23,5977.88,5974.85,5977.82,7538000.0
12:23,5974.89,5976.13,5974.3,5976.13,5766000.0
12:24,5973.94,5974.79,5973.33,5974.79,6680000.0
12:25,5969.94,5974.08,5969.79,5973.92,6527000.0
12:26,5969.24,5970.24,5969.2,5969.85,4997000.0
12:27,5969.01,5971.16,5968.48,5969.25,6458000.0
12:28,5969.07,5970.23,5968.53,5969.0,5716000.0
12:29,5966.51,5969.0,5965.7,5969.0,6074000.0
12:30,5965.96,5966.59,5963.65,5966.59,6626000.0
12:31,5962.75,5965.84,5961.92,5965.84,5428000.0
12:32,5961.23,5962.76,5960.83,5962.76,5108000.0
12:33,5958.56,5961.6,5957.66,5961.32,6190000.0
12:34,5954.92,5958.76,5954.67,5958.5,7910000.0
12:35,5954.77,5954.92,5950.24,5954.92,8699000.0
12:36,5948.58,5955.31,5948.58,5954.84,7998000.0
12:37,5954.08,5954.08,5943.23,5948.43,11319000.0
12:38,5953.6,5956.41,5949.24,5953.85,10199000.0
12:39,5955.53,5956.67,5953.59,5953.65,6941000.0
12:40,5962.89,5962.92,5951.86,5955.63,10042000.0
12:41,5963.72,5965.08,5962.72,5962.89,8087000.0
12:42,5968.86,5969.22,5963.23,5963.71,7075000.0
12:43,5969.08,5972.42,5968.99,5969.15,7247000.0
12:44,5969.82,5970.65,5968.86,5969.09,5362000.0
12:45,5975.57,5976.66,5969.83,5969.83,7093000.0
12:46,5974.54,5976.73,5974.54,5975.64,5309000.0
12:47,5971.07,5975.24,5971.06,5974.54,4965000.0
12:48,5967.06,5970.39,5963.1,5970.39,6978000.0
12:49,5969.79,5970.16,5965.7,5966.88,5494000.0
12:50,5968.44,5970.14,5967.26,5969.87,3995000.0
12:51,5966.93,5968.96,5966.82,5968.39,4222000.0
12:52,5963.17,5967.33,5962.26,5967.07,4688000.0
12:53,5965.39,5969.56,5962.4,5963.06,6680000.0
12:54,5967.77,5967.77,5965.34,5965.34,1846000.0
12:55,5960.13,5967.77,5960.13,5967.77,5574000.0
12:56,5959.78,5960.13,5959.28,5960.13,9302000.0
12:57,5961.54,5966.65,5960.39,5964.28,8005000.0
12:58,5961.15,5964.15,5960.29,5961.77,4598000.0
12:59,5959.35,5962.81,5959.28,5961.53,4898000.0
13:00,5960.64,5960.9,5955.98,5956.77,5286000.0
13:01,5964.29,5965.41,5959.3,5960.56,7324000.0
13:02,5967.7,5967.7,5963.93,5964.04,5142000.0
13:03,5966.26,5969.02,5966.09,5967.65,7062000.0
13:04,5971.15,5972.7,5966.57,5966.64,6110000.0
13:05,5971.08,5976.52,5970.26,5971.19,7244000.0
13:06,5966.65,5972.0,5966.06,5971.1,5400000.0
13:07,5970.56,5970.92,5966.56,5966.67,5008000.0
13:08,5972.52,5973.11,5970.23,5970.52,4089000.0
13:09,5974.88,5975.11,5972.82,5972.82,4100000.0
13:10,5978.12,5978.14,5974.88,5974.98,5148000.0
13:11,5982.59,5982.76,5978.04,5978.04,6147000.0
13:12,5977.87,5982.95,5977.87,5982.68,5244000.0
13:13,5979.13,5979.13,5975.61,5977.85,4706000.0
13:14,5979.67,5981.21,5979.15,5979.52,4182000.0
13:15,5980.78,5981.9,5979.51,5979.51,6232000.0
13:16,5983.15,5983.15,5980.2,5980.72,4785000.0
13:17,5983.36,5984.22,5982.83,5983.03,4293000.0
13:18,5982.78,5983.44,5982.5,5983.4,3533000.0
13:19,5987.19,5987.48,5983.06,5983.06,5538000.0
13:20,5986.91,5987.59,5986.03,5987.19,4049000.0
13:21,5987.64,5987.94,5986.33,5986.43,4741000.0
13:22,5989.65,5990.01,5986.7,5987.55,5679000.0
13:23,5989.53,5989.7,5988.75,5989.66,4006000.0
13:24,5992.48,5993.44,5989.33,5989.55,6182000.0
13:25,5992.23,5993.04,5991.97,5992.47,4165000.0
13:26,5995.09,5995.88,5991.51,5992.3,6701000.0
13:27,5997.42,5998.9,5995.14,5995.14,7353000.0
13:28,6001.21,6001.21,5996.64,5997.31,8593000.0
13:29,6000.78,6002.57,6000.6,6001.26,5441000.0
13:30,6005.3,6007.12,6000.94,6000.94,8307000.0
13:31,6007.57,6008.95,6005.38,6005.38,7870000.0
13:32,6007.58,6008.47,6007.15,6007.77,4484000.0
13:33,6006.46,6008.04,6006.33,6007.61,4850000.0
13:34,6006.31,6008.43,6005.32,6006.56,5630000.0
13:35,6008.03,6008.67,6006.46,6006.46,5626000.0
13:36,6010.15,6010.41,6007.94,6008.12,5951000.0
13:37,6011.28,6011.83,6010.17,6010.17,5806000.0
13:38,6011.09,6011.22,6010.47,6011.21,4409000.0
13:39,6013.03,6014.6,6011.05,6011.05,7056000.0
13:40,6008.89,6013.67,6008.89,6013.06,7185000.0
13:41,6009.95,6010.06,6007.25,6008.74,6293000.0
13:42,6008.2,6010.09,6007.66,6010.03,3952000.0
13:43,6009.82,6009.82,6008.71,6008.88,3349000.0
13:44,6010.53,6010.7,6009.1,6009.76,3823000.0
13:45,6012.64,6013.1,6010.62,6010.62,6897000.0
13:46,6014.31,6014.31,6012.64,6012.64,5572000.0
13:47,6012.3,6014.46,6012.25,6014.16,5168000.0
13:48,6012.21,6012.76,6011.91,6012.3,3849000.0
13:49,6011.37,6012.92,6011.37,6012.19,3743000.0
13:50,6009.26,6011.75,6008.48,6011.38,5753000.0
13:51,6010.42,6010.52,6007.82,6009.2,5269000.0
13:52,6008.07,6010.66,6008.07,6010.56,3859000.0
13:53,6009.29,6009.58,6008.18,6008.18,4260000.0
13:54,6006.31,6009.52,6006.14,6009.28,4466000.0
13:55,6008.39,6008.39,6006.36,6006.36,4046000.0
13:56,6008.92,6010.06,6008.31,6008.37,5508000.0
13:57,6009.79,6010.27,6008.48,6008.93,3409000.0
13:58,6009.55,6010.21,6009.43,6009.75,3491000.0
13:59,6008.71,6009.8,6008.64,6009.53,3495000.0
14:00,6009.88,6009.95,6008.76,6008.76,4815000.0
14:01,6009.0,6010.03,6008.21,6009.81,5175000.0
14:02,6010.54,6010.58,6008.78,6009.0,5290000.0
14:03,6011.67,6011.73,6010.5,6010.5,4583000.0
14:04,6011.96,6012.53,6011.21,6011.62,5323000.0
14:05,6011.93,6012.52,6010.95,6011.99,4782000.0
14:06,6013.96,6014.42,6011.89,6012.12,5740000.0
14:07,6011.57,6014.2,6011.57,6014.01,4931000.0
14:08,6012.65,6013.03,6011.37,6011.56,4329000.0
14:09,6011.41,6012.77,6011.29,6012.57,4596000.0
14:10,6012.36,6012.97,6011.29,6011.36,5481000.0
14:11,6013.38,6013.38,6012.32,6012.44,3714000.0
14:12,6012.85,6013.93,6012.61,6013.48,4264000.0
14:13,6013.73,6013.85,6012.88,6012.88,3517000.0
14:14,6012.23,6013.94,6011.81,6013.72,4743000.0
14:15,6013.44,6013.81,6011.76,6012.09,4958000.0
14:16,6010.82,6013.22,6010.82,6013.22,4380000.0
14:17,6010.47,6010.79,6009.92,6010.76,4659000.0
14:18,6010.62,6010.72,6010.13,6010.72,4188000.0
14:19,6012.9,6012.9,6010.62,6010.74,4528000.0
14:20,6011.7,6013.35,6011.66,6012.97,5237000.0
14:21,6012.22,6012.22,6011.02,6011.69,4502000.0
14:22,6012.66,6012.66,6011.74,6012.24,3605000.0
14:23,6011.51,6012.87,6011.36,6012.68,3330000.0
14:24,6010.1,6011.57,6010.1,6011.48,4154000.0
14:25,6010.12,6010.91,6009.61,6010.15,4461000.0
14:26,6010.48,6010.63,6009.55,6010.13,3887000.0
14:27,6008.98,6010.71,6008.93,6010.47,4350000.0
14:28,6009.01,6009.26,6008.13,6008.86,4516000.0
14:29,6007.63,6009.2,6007.33,6009.03,4793000.0
14:30,6008.96,6008.96,6007.59,6007.59,4629000.0
14:31,6010.15,6010.65,6008.35,6008.8,5263000.0
14:32,6009.3,6010.17,6009.08,6010.17,3733000.0
14:33,6008.33,6009.88,6008.15,6009.14,4449000.0
14:34,6010.28,6010.28,6008.05,6008.37,6014000.0
14:35,6009.47,6010.39,6008.43,6010.39,5325000.0
14:36,6010.49,6010.69,6009.24,6009.46,4076000.0
14:37,6010.38,6010.56,6009.35,6010.56,4298000.0
14:38,6009.35,6010.42,6009.11,6010.37,4557000.0
14:39,6008.79,6010.2,6008.69,6009.29,4458000.0
14:40,6008.92,6009.8,6007.88,6008.83,4586000.0
14:41,6007.28,6009.49,6007.11,6008.85,4471000.0
14:42,6008.06,6008.06,6006.68,6007.24,4233000.0
14:43,6008.5,6008.78,6007.78,6008.13,4351000.0
14:44,6008.96,6009.18,6008.27,6008.37,4808000.0
14:45,6008.68,6009.27,6007.62,6008.92,4913000.0
14:46,6007.3,6007.81,6007.3,6007.61,3898000.0
14:47,6007.72,6007.83,6007.27,6007.27,3271000.0
14:48,6007.16,6007.75,6006.72,6007.75,4424000.0
14:49,6006.98,6007.3,6006.58,6007.2,3584000.0
14:50,6005.58,6007.14,6005.58,6006.96,4471000.0
14:51,6006.87,6006.87,6005.33,6005.61,4509000.0
14:52,6005.55,6007.25,6005.52,6006.88,4068000.0
14:53,6004.74,6005.71,6004.33,6005.57,4846000.0
14:54,6005.62,6005.73,6004.3,6004.75,4160000.0
14:55,6004.86,6005.55,6004.41,6005.55,4176000.0
14:56,6005.67,6005.69,6004.57,6004.79,3552000.0
14:57,6005.81,6006.22,6005.23,6005.69,4484000.0
14:58,6006.31,6006.32,6005.36,6005.77,3742000.0
14:59,6008.38,6008.38,6006.23,6006.41,5704000.0
15:00,6011.94,6011.94,6007.92,6008.41,7084000.0
15:01,6015.92,6017.18,6011.96,6011.96,7721000.0
15:02,6015.47,6017.2,6015.39,6015.94,5008000.0
15:03,6015.05,6015.58,6014.55,6015.48,4018000.0
15:04,6015.82,6015.98,6014.97,6015.1,4719000.0
15:05,6014.68,6015.76,6014.16,6015.76,4579000.0
15:06,6015.37,6015.47,6014.68,6014.68,4771000.0
15:07,6013.71,6015.39,6013.19,6015.39,5190000.0
15:08,6013.05,6013.57,6012.37,6013.57,4686000.0
15:09,6012.72,6013.2,6011.96,6013.01,4832000.0
15:10,6012.03,6013.15,6011.63,6012.75,4500000.0
15:11,6014.04,6014.04,6011.84,6012.07,4694000.0
15:12,6013.44,6014.35,6013.25,6014.01,4947000.0
15:13,6013.63,6014.5,6013.39,6013.47,4623000.0
15:14,6013.18,6013.88,6013.0,6013.88,4153000.0
15:15,6013.13,6014.34,6013.06,6013.15,5159000.0
15:16,6013.53,6013.55,6012.83,6013.12,5068000.0
15:17,6010.53,6013.72,6010.48,6013.6,5775000.0
15:18,6010.84,6011.51,6010.04,6010.56,5525000.0
15:19,6010.59,6011.5,6010.57,6010.73,4511000.0
15:20,6010.07,6011.3,6010.03,6010.61,5789000.0
15:21,6010.38,6010.51,6009.53,6010.04,5987000.0
15:22,6010.99,6011.11,6010.42,6010.42,5221000.0
15:23,6012.98,6013.25,6011.0,6011.0,5843000.0
15:24,6014.05,6014.15,6013.05,6013.05,5164000.0
15:25,6014.47,6014.47,6013.52,6014.02,5456000.0
15:26,6015.19,6015.23,6014.06,6014.51,5145000.0
15:27,6015.96,6015.96,6014.8,6015.15,5135000.0
15:28,6016.27,6016.42,6015.47,6016.05,5577000.0
15:29,6016.07,6016.63,6015.57,6016.4,8778000.0
15:30,6015.46,6016.06,6014.83,6016.06,7800000.0
15:31,6014.69,6016.04,6014.55,6015.49,6423000.0
15:32,6015.35,6015.93,6014.36,6014.63,6572000.0
15:33,6015.89,6016.58,6015.31,6015.31,6888000.0
15:34,6015.47,6015.98,6015.47,6015.93,6264000.0
15:35,6015.9,6016.31,6015.43,6015.43,6826000.0
15:36,6016.21,6017.01,6015.86,6015.86,6995000.0
15:37,6015.13,6016.25,6014.72,6016.19,7735000.0
15:38,6015.71,6015.9,6014.63,6015.1,6717000.0
15:39,6016.25,6016.74,6015.6,6015.61,6622000.0
15:40,6014.91,6016.33,6014.87,6016.33,7096000.0
15:41,6015.72,6016.18,6014.7,6014.83,6882000.0
15:42,6015.68,6016.36,6015.36,6015.81,7220000.0
15:43,6013.65,6015.77,6013.18,6015.75,7830000.0
15:44,6014.55,6014.61,6012.94,6013.6,7367000.0
15:45,6014.5,6014.69,6013.91,6014.5,8868000.0
15:46,6013.57,6014.41,6013.51,6014.41,8873000.0
15:47,6014.76,6015.23,6013.17,6013.59,8724000.0
15:48,6016.08,6016.16,6014.69,6014.69,8598000.0
15:49,6015.51,6016.72,6015.51,6016.08,9867000.0
15:50,6019.08,6020.65,6015.23,6015.51,20562000.0
15:51,6020.65,6021.63,6018.79,6018.99,17055000.0
15:52,6020.88,6021.92,6020.56,6020.95,12945000.0
15:53,6024.61,6024.61,6019.85,6020.76,19376000.0
15:54,6022.42,6025.73,6022.12,6024.98,19318000.0
15:55,6023.98,6023.98,6021.95,6022.11,26125000.0
15:56,6024.84,6025.1,6023.26,6023.86,25431000.0
15:57,6027.18,6027.18,6024.63,6024.75,29096000.0
15:58,6027.79,6028.77,6026.59,6027.11,45542000.0
15:59,6024.75,6028.48,6024.35,6027.86,65635000.0
