Time,Close,High,Low,Open,Volume
09:30,6156.9,6156.97,6150.7,6150.7,1.0
09:31,6157.42,6158.29,6155.1,6158.29,18036033.0
09:32,6155.41,6157.91,6154.21,6157.47,15849214.0
09:33,6157.17,6157.25,6153.57,6155.59,13178790.0
09:34,6154.73,6157.41,6154.73,6157.41,11437462.0
09:35,6154.61,6155.69,6154.11,6154.84,12016811.0
09:36,6156.64,6156.64,6154.38,6154.38,10850115.0
09:37,6159.6,6159.74,6156.21,6156.66,11052868.0
09:38,6159.33,6159.78,6158.59,6159.65,9506877.0
09:39,6159.97,6160.54,6159.52,6159.52,9732712.0
09:40,6158.9,6159.9,6157.53,6159.9,9683775.0
09:41,6159.95,6160.32,6158.29,6159.07,9406278.0
09:42,6160.27,6161.49,6159.98,6159.98,8443665.0
09:43,6160.34,6161.07,6159.95,6160.15,8225026.0
09:44,6160.68,6161.13,6159.3,6160.27,9073406.0
09:45,6160.75,6161.88,6160.56,6160.56,10096944.0
09:46,6160.62,6161.55,6160.62,6160.88,8679332.0
09:47,6161.62,6161.62,6160.45,6160.51,8357732.0
09:48,6161.68,6162.02,6161.2,6161.57,7830925.0
09:49,6161.93,6162.27,6160.83,6161.62,9474080.0
09:50,6162.23,6163.05,6161.97,6161.97,9326074.0
09:51,6163.2,6163.2,6161.75,6162.13,8751099.0
09:52,6164.14,6164.14,6163.5,6163.96,8044790.0
09:53,6164.36,6165.13,6164.18,6164.18,9272988.0
09:54,6165.65,6165.7,6164.33,6164.36,9024620.0
09:55,6167.9,6168.25,6165.49,6165.62,8122567.0
09:56,6169.67,6169.81,6167.81,6167.94,8408801.0
09:57,6168.87,6170.25,6168.63,6169.63,8529800.0
09:58,6168.77,6169.15,6168.43,6168.97,6736622.0
09:59,6166.91,6169.09,6166.88,6168.81,7786739.0
10:00,6172.78,6173.02,6167.14,6167.14,11148758.0
10:01,6173.66,6174.08,6172.5,6172.78,9311992.0
10:02,6173.17,6173.56,6172.31,6173.46,8526130.0
10:03,6174.86,6175.04,6173.12,6173.12,7958959.0
10:04,6174.93,6175.51,6174.43,6174.9,7551842.0
10:05,6175.64,6176.13,6174.79,6174.79,8060956.0
10:06,6175.61,6175.94,6175.33,6175.64,7377186.0
10:07,6174.88,6175.91,6174.51,6175.42,8059086.0
10:08,6176.04,6176.35,6174.62,6174.78,7442553.0
10:09,6173.64,6177.92,6173.64,6176.03,10443124.0
10:10,6175.53,6177.6,6174.08,6174.08,10821308.0
10:11,6177.34,6177.4,6175.2,6175.59,7919082.0
10:12,6178.51,6178.74,6177.02,6177.19,7278378.0
10:13,6177.36,6178.5,6176.86,6178.5,7506985.0
10:14,6175.37,6177.47,6175.37,6177.42,6783720.0
10:15,6175.46,6176.42,6175.14,6175.35,6407140.0
10:16,6173.06,6175.61,6172.38,6175.52,6914708.0
10:17,6172.61,6173.04,6171.9,6173.04,6319203.0
10:18,6172.79,6172.87,6171.75,6172.68,6870934.0
10:19,6173.7,6174.07,6172.82,6172.82,6519615.0
10:20,6174.5,6174.62,6173.31,6173.7,6824789.0
10:21,6176.2,6176.29,6174.62,6174.62,6627440.0
10:22,6175.94,6177.0,6175.78,6176.22,8761218.0
10:23,6173.51,6176.04,6173.4,6176.04,7138871.0
10:24,6172.06,6173.5,6172.04,6173.5,6602525.0
10:25,6170.57,6172.12,6169.61,6172.12,7565762.0
10:26,6172.31,6172.49,6170.59,6170.62,6613494.0
10:27,6171.02,6172.32,6170.71,6172.32,6771242.0
10:28,6171.96,6172.64,6171.05,6171.05,6554943.0
10:29,6173.0,6173.26,6171.47,6171.89,6276012.0
10:30,6172.37,6173.4,6172.03,6173.06,7425951.0
10:31,6171.48,6172.22,6170.03,6172.22,9110990.0
10:32,6172.17,6172.53,6170.46,6171.38,7426520.0
10:33,6171.6,6172.17,6170.97,6172.17,7429799.0
10:34,6171.72,6172.55,6171.07,6171.43,7539396.0
10:35,6171.62,6171.88,6170.52,6171.69,6822085.0
10:36,6172.28,6172.55,6171.06,6171.62,6656061.0
10:37,6174.37,6176.01,6172.4,6172.42,10076515.0
10:38,6177.58,6177.58,6174.32,6174.47,7351118.0
10:39,6176.5,6178.22,6176.5,6178.22,5902033.0
10:40,6176.02,6177.48,6175.88,6176.62,6286324.0
10:41,6176.76,6176.76,6175.4,6176.08,5970535.0
10:42,6177.19,6177.99,6176.86,6176.87,7513779.0
10:43,6178.24,6178.39,6177.18,6177.34,5373538.0
10:44,6177.86,6178.8,6177.26,6178.31,5750696.0
10:45,6178.02,6178.45,6177.43,6177.81,5948858.0
10:46,6177.31,6178.17,6176.99,6178.01,6646990.0
10:47,6177.5,6177.99,6176.97,6177.31,6334173.0
10:48,6177.74,6178.47,6177.44,6177.45,6728575.0
10:49,6178.05,6178.16,6177.13,6177.65,6116197.0
10:50,6177.2,6178.21,6177.13,6178.09,6426660.0
10:51,6174.03,6177.19,6174.03,6177.11,7968379.0
10:52,6174.25,6174.25,6171.91,6174.07,8844900.0
10:53,6175.85,6175.94,6173.63,6174.16,7364591.0
10:54,6175.64,6175.92,6174.85,6175.87,6584111.0
10:55,6172.45,6175.39,6172.36,6175.39,7580623.0
10:56,6172.11,6172.57,6171.44,6172.46,4088166.0
10:57,6171.76,6172.32,6171.53,6171.56,8916411.0
10:58,6171.93,6171.93,6170.4,6171.74,7022656.0
10:59,6172.45,6172.75,6171.76,6171.81,7451571.0
11:00,6171.7,6172.35,6170.54,6172.33,13554270.0
11:01,6171.92,6172.51,6171.56,6171.73,7884197.0
11:02,6172.45,6172.89,6171.62,6171.82,6379991.0
11:03,6173.91,6174.02,6172.41,6172.41,6472254.0
11:04,6174.34,6174.55,6173.84,6174.1,5602969.0
11:05,6174.56,6175.22,6173.93,6174.35,7643196.0
11:06,6176.71,6176.83,6174.48,6174.48,6272245.0
11:07,6176.51,6176.87,6176.25,6176.62,6215975.0
11:08,6176.03,6176.47,6175.87,6176.41,5220746.0
11:09,6175.58,6176.09,6175.17,6175.9,5475584.0
11:10,6176.24,6176.64,6175.61,6175.69,4715894.0
11:11,6176.23,6176.69,6175.98,6176.06,4629750.0
11:12,6177.11,6177.63,6176.28,6176.28,5169328.0
11:13,6176.97,6177.75,6176.9,6176.99,5714166.0
11:14,6176.01,6177.09,6175.83,6176.78,5013852.0
11:15,6175.49,6176.01,6175.03,6175.93,4340102.0
11:16,6173.03,6174.78,6173.03,6174.78,5966020.0
11:17,6173.76,6173.76,6172.13,6173.01,5412117.0
11:18,6173.28,6173.68,6172.84,6173.68,4154409.0
11:19,6174.2,6174.37,6173.38,6173.42,4913218.0
11:20,6172.56,6174.23,6172.45,6174.19,5356764.0
11:21,6174.73,6174.73,6172.68,6172.72,5537140.0
11:22,6176.4,6176.53,6174.94,6174.94,8171818.0
11:23,6176.25,6176.25,6175.9,6176.21,5411932.0
11:24,6176.1,6176.33,6175.45,6176.32,6429000.0
11:25,6176.38,6176.54,6175.7,6176.12,5990305.0
11:26,6176.67,6176.72,6176.21,6176.34,4924324.0
11:27,6176.37,6177.05,6176.32,6176.68,6764442.0
11:28,6177.05,6177.31,6177.03,6177.25,4941275.0
11:29,6176.83,6177.41,6176.48,6177.18,6011550.0
11:30,6177.56,6177.66,6176.89,6176.89,5105406.0
11:31,6178.56,6178.56,6177.28,6177.57,8553659.0
11:32,6179.32,6179.41,6178.48,6178.48,6972000.0
11:33,6179.63,6179.79,6178.94,6179.35,6400000.0
11:34,6180.27,6180.38,6179.3,6179.65,5964000.0
11:35,6180.74,6180.84,6180.29,6180.29,6951000.0
11:36,6181.88,6182.12,6180.69,6180.69,5824000.0
11:37,6181.74,6182.48,6181.69,6181.82,5843000.0
11:38,6181.95,6181.95,6181.03,6181.64,5493000.0
11:39,6182.85,6182.87,6181.94,6181.97,5755000.0
11:40,6183.7,6183.72,6181.88,6182.77,6319000.0
11:41,6183.88,6184.39,6183.65,6183.65,5050000.0
11:42,6183.12,6184.1,6182.69,6183.92,5188000.0
11:43,6183.43,6183.49,6182.82,6183.11,4323000.0
11:44,6184.07,6184.25,6183.32,6183.39,4725000.0
11:45,6182.52,6184.13,6182.45,6184.05,6173000.0
11:46,6183.81,6183.88,6182.52,6182.57,4505000.0
11:47,6183.98,6184.1,6183.42,6184.02,4783000.0
11:48,6184.34,6184.34,6183.75,6184.02,5084000.0
11:49,6184.49,6184.73,6184.1,6184.28,4168000.0
11:50,6183.72,6184.48,6183.42,6184.48,4128000.0
11:51,6182.65,6184.2,6182.65,6183.73,4256000.0
11:52,6182.97,6183.4,6182.94,6182.94,5532000.0
11:53,6183.03,6183.77,6182.82,6183.0,5387000.0
11:54,6183.72,6183.72,6182.8,6183.06,4478000.0
11:55,6184.1,6184.26,6183.64,6183.64,4651000.0
11:56,6183.32,6184.28,6183.08,6184.12,4561000.0
11:57,6183.69,6183.95,6183.04,6183.25,4287000.0
11:58,6183.51,6183.81,6183.19,6183.67,4986000.0
11:59,6182.63,6183.62,6182.57,6183.56,6002000.0
12:00,6181.37,6182.66,6181.37,6182.63,7287000.0
12:01,6180.63,6181.43,6180.6,6181.23,4944000.0
12:02,6182.06,6182.09,6180.64,6180.64,6319000.0
12:03,6182.18,6182.55,6181.67,6181.99,5352000.0
12:04,6182.3,6182.3,6181.09,6182.08,5550000.0
12:05,6183.65,6183.65,6182.16,6182.17,4632000.0
12:06,6184.13,6184.15,6183.62,6183.69,7253000.0
12:07,6183.94,6184.11,6183.32,6184.11,4954000.0
12:08,6183.33,6184.01,6183.12,6183.97,4547000.0
12:09,6183.65,6183.86,6183.17,6183.32,4741000.0
12:10,6184.03,6184.11,6183.56,6183.76,5224000.0
12:11,6184.06,6184.07,6183.54,6184.02,4955000.0
12:12,6185.53,6185.54,6183.84,6184.02,5237000.0
12:13,6185.35,6185.63,6185.14,6185.49,4723000.0
12:14,6184.78,6185.43,6184.69,6185.29,4543000.0
12:15,6184.61,6185.27,6183.91,6184.88,4493000.0
12:16,6183.93,6185.13,6183.93,6184.64,5072000.0
12:17,6184.12,6184.12,6182.7,6183.96,5580000.0
12:18,6183.51,6183.95,6183.33,6183.95,4692000.0
12:19,6182.61,6183.45,6182.27,6183.45,5225000.0
12:20,6183.82,6183.85,6182.16,6182.73,5162000.0
12:21,6184.58,6184.69,6183.56,6183.77,5258000.0
12:22,6184.4,6184.75,6184.31,6184.43,3979000.0
12:23,6183.72,6184.64,6183.72,6184.34,4319000.0
12:24,6183.93,6184.01,6183.55,6183.65,4219000.0
12:25,6185.39,6185.42,6183.63,6183.92,6186000.0
12:26,6185.0,6185.37,6184.31,6185.37,3981000.0
12:27,6185.2,6185.57,6184.94,6184.97,4426000.0
12:28,6186.37,6186.37,6185.24,6185.24,4133000.0
12:29,6186.76,6186.99,6186.35,6186.47,4203000.0
12:30,6186.14,6186.76,6185.95,6186.76,4460000.0
12:31,6187.21,6187.41,6186.16,6186.16,4847000.0
12:32,6187.11,6187.68,6186.99,6187.11,4201000.0
12:33,6187.04,6187.17,6186.38,6187.14,4683000.0
12:34,6186.94,6187.28,6186.89,6187.05,3962000.0
12:35,6186.37,6187.0,6186.09,6187.0,3733000.0
12:36,6185.97,6186.53,6185.62,6186.34,4241000.0
12:37,6186.34,6186.49,6185.83,6186.1,4176000.0
12:38,6186.07,6186.69,6186.07,6186.34,3666000.0
12:39,6185.7,6186.33,6185.05,6186.06,4324000.0
12:40,6185.75,6185.82,6184.7,6185.65,4340000.0
12:41,6185.48,6186.15,6185.38,6185.9,5514000.0
12:42,6184.48,6185.72,6184.31,6185.53,4062000.0
12:43,6183.75,6184.51,6183.58,6184.34,3750000.0
12:44,6183.55,6183.82,6182.88,6183.79,4391000.0
12:45,6183.42,6183.99,6183.23,6183.55,3714000.0
12:46,6182.47,6183.38,6182.37,6183.38,4319000.0
12:47,6182.54,6183.08,6182.44,6182.45,3820000.0
12:48,6181.68,6182.51,6181.68,6182.51,4082000.0
12:49,6181.45,6181.65,6180.51,6181.65,4677000.0
12:50,6181.45,6181.45,6180.33,6181.39,4225000.0
12:51,6182.63,6182.63,6181.05,6181.44,3693000.0
12:52,6182.83,6182.88,6182.29,6182.59,3574000.0
12:53,6182.31,6182.82,6182.16,6182.82,3870000.0
12:54,6181.65,6182.5,6181.53,6182.38,3829000.0
12:55,6181.81,6181.99,6181.29,6181.57,3637000.0
12:56,6183.04,6183.08,6181.65,6181.73,4663000.0
12:57,6183.24,6183.76,6182.87,6183.02,4154000.0
12:58,6182.66,6183.29,6182.29,6183.25,4780000.0
12:59,6183.29,6183.52,6182.86,6182.86,3972000.0
13:00,6181.95,6183.38,6181.29,6183.31,4371000.0
13:01,6181.41,6182.39,6181.16,6182.12,3801000.0
13:02,6179.97,6181.42,6179.85,6181.42,5354000.0
13:03,6180.6,6180.64,6179.15,6179.87,4678000.0
13:04,6180.68,6180.83,6180.34,6180.63,4139000.0
13:05,6180.84,6181.3,6180.61,6180.67,7058000.0
13:06,6180.57,6181.44,6180.44,6180.82,3672000.0
13:07,6181.63,6181.63,6180.42,6180.56,5599000.0
13:08,6181.07,6181.79,6180.89,6181.55,3860000.0
13:09,6181.25,6181.25,6180.75,6181.08,5378000.0
13:10,6182.29,6182.38,6181.19,6181.25,3478000.0
13:11,6181.83,6182.11,6181.5,6182.11,3920000.0
13:12,6181.8,6181.92,6181.46,6181.81,3827000.0
13:13,6182.65,6182.72,6181.85,6181.85,3152000.0
13:14,6182.62,6182.98,6182.21,6182.66,3935000.0
13:15,6181.33,6182.66,6181.32,6182.66,4709000.0
13:16,6181.08,6181.36,6180.77,6181.3,4482000.0
13:17,6180.95,6181.25,6180.89,6181.08,3898000.0
13:18,6179.45,6180.97,6179.34,6180.92,4605000.0
13:19,6180.24,6180.24,6179.34,6179.43,4568000.0
13:20,6179.56,6180.38,6179.06,6180.34,3403000.0
13:21,6179.98,6180.14,6179.12,6179.55,3382000.0
13:22,6178.53,6180.03,6178.49,6179.96,4606000.0
13:23,6176.95,6178.63,6176.83,6178.55,3632000.0
13:24,6178.05,6178.14,6176.52,6177.02,4325000.0
13:25,6177.81,6178.05,6177.42,6178.05,2992000.0
13:26,6178.53,6178.54,6177.58,6177.77,2995000.0
13:27,6177.98,6178.66,6177.65,6178.53,3401000.0
13:28,6177.21,6178.03,6177.02,6178.03,4418000.0
13:29,6177.35,6177.37,6176.75,6177.17,4172000.0
13:30,6178.18,6178.28,6177.48,6177.48,4432000.0
13:31,6179.16,6179.27,6178.24,6178.32,3493000.0
13:32,6177.95,6179.24,6177.74,6179.16,4113000.0
13:33,6176.63,6178.01,6176.21,6177.92,4342000.0
13:34,6176.16,6176.73,6176.04,6176.65,4385000.0
13:35,6175.42,6176.04,6174.63,6176.04,4590000.0
13:36,6175.81,6176.23,6175.3,6175.38,3817000.0
13:37,6176.18,6176.69,6175.81,6175.81,4556000.0
13:38,6176.39,6176.39,6175.49,6176.23,3977000.0
13:39,6177.41,6177.48,6176.47,6176.52,3693000.0
13:40,6177.89,6178.01,6177.22,6177.43,3628000.0
13:41,6178.78,6178.82,6177.92,6177.95,4006000.0
13:42,6178.01,6179.16,6177.94,6178.69,3771000.0
13:43,6176.87,6178.39,6176.86,6177.96,4031000.0
13:44,6171.14,6176.97,6167.68,6176.86,13324000.0
13:45,6167.75,6171.25,6167.68,6171.25,7419000.0
13:46,6163.42,6166.46,6161.05,6166.46,9878000.0
13:47,6165.88,6166.47,6163.15,6163.35,6464000.0
13:48,6162.79,6166.13,6162.47,6165.86,8058000.0
13:49,6162.83,6163.37,6161.61,6162.76,6078000.0
13:50,6161.68,6162.89,6160.09,6162.86,6640000.0
13:51,6162.3,6162.35,6159.89,6161.7,6323000.0
13:52,6165.22,6165.37,6162.24,6162.24,5904000.0
13:53,6163.0,6165.74,6163.0,6165.38,4732000.0
13:54,6162.68,6163.54,6161.7,6163.14,4160000.0
13:55,6159.53,6162.73,6159.42,6162.73,5736000.0
13:56,6159.34,6159.51,6156.76,6159.43,6720000.0
13:57,6162.12,6162.22,6159.21,6159.45,5681000.0
13:58,6163.28,6163.32,6161.64,6162.08,4497000.0
13:59,6165.24,6165.99,6163.32,6163.32,5123000.0
14:00,6163.5,6165.35,6163.41,6165.15,4304000.0
14:01,6162.85,6163.56,6161.99,6163.56,4394000.0
14:02,6164.06,6164.72,6163.13,6163.13,7488000.0
14:03,6165.48,6165.94,6164.29,6164.29,4406000.0
14:04,6163.56,6165.08,6163.34,6165.07,4526000.0
14:05,6165.01,6165.07,6163.53,6163.62,4163000.0
14:06,6166.01,6166.66,6165.08,6165.08,4622000.0
14:07,6164.51,6166.22,6164.47,6166.11,3627000.0
14:08,6163.86,6164.42,6163.48,6164.42,4289000.0
14:09,6164.0,6164.96,6163.84,6163.86,4012000.0
14:10,6164.44,6164.74,6163.92,6164.0,4326000.0
14:11,6162.87,6164.42,6162.71,6164.42,4103000.0
14:12,6160.27,6162.86,6160.12,6162.86,4569000.0
14:13,6158.2,6160.28,6158.14,6160.2,4688000.0
14:14,6159.2,6159.44,6157.94,6158.08,4556000.0
14:15,6158.96,6160.11,6158.84,6159.09,4613000.0
14:16,6158.45,6158.98,6157.76,6158.98,4495000.0
14:17,6159.86,6159.96,6158.26,6158.49,4437000.0
14:18,6155.68,6159.92,6155.68,6159.79,4375000.0
14:19,6154.92,6155.57,6152.08,6155.54,7090000.0
14:20,6153.95,6154.82,6153.11,6154.76,4197000.0
14:21,6154.14,6154.16,6152.31,6153.97,5161000.0
14:22,6152.33,6154.14,6151.19,6154.14,5395000.0
14:23,6154.09,6154.64,6151.81,6152.1,4766000.0
14:24,6153.95,6155.39,6153.76,6153.93,4832000.0
14:25,6155.36,6155.47,6153.76,6153.99,4686000.0
14:26,6153.73,6155.53,6153.68,6155.3,4481000.0
14:27,6152.14,6153.52,6152.05,6153.52,4578000.0
14:28,6149.92,6152.52,6149.92,6152.07,5396000.0
14:29,6147.33,6149.69,6147.28,6149.65,6144000.0
14:30,6143.79,6147.93,6143.79,6147.11,8304000.0
14:31,6144.62,6145.56,6142.51,6143.63,8056000.0
14:32,6148.2,6148.25,6143.39,6144.19,7627000.0
14:33,6146.28,6148.94,6146.28,6148.17,5482000.0
14:34,6147.68,6147.77,6146.13,6146.14,4364000.0
14:35,6147.66,6148.98,6147.0,6147.84,6079000.0
14:36,6144.52,6148.0,6144.52,6147.66,6663000.0
14:37,6143.67,6144.52,6142.96,6144.17,5002000.0
14:38,6141.34,6143.7,6141.34,6143.52,4635000.0
14:39,6139.44,6142.0,6139.39,6141.21,6221000.0
14:40,6137.63,6139.42,6136.64,6139.37,7522000.0
14:41,6137.83,6137.83,6135.0,6137.38,8176000.0
14:42,6134.81,6137.78,6134.76,6137.78,7957000.0
14:43,6135.63,6136.43,6134.03,6134.81,7707000.0
14:44,6140.39,6140.39,6135.45,6135.45,7365000.0
14:45,6143.89,6144.06,6139.76,6140.37,6425000.0
14:46,6144.69,6144.86,6143.64,6143.64,5946000.0
14:47,6142.6,6145.51,6142.09,6144.75,6187000.0
14:48,6141.95,6142.6,6141.95,6142.6,9085500.0
14:49,6140.1,6141.95,6140.1,6141.95,11984000.0
14:50,6137.1,6140.13,6136.64,6140.09,5622000.0
14:51,6137.36,6138.31,6136.74,6137.15,5089000.0
14:52,6132.6,6138.12,6132.41,6137.43,6636000.0
14:53,6135.44,6136.06,6132.35,6132.51,5920000.0
14:54,6135.58,6136.09,6135.31,6135.31,4872000.0
14:55,6132.76,6135.78,6132.73,6135.53,4985000.0
14:56,6133.36,6135.11,6132.67,6132.71,4879000.0
14:57,6135.13,6136.18,6133.26,6133.34,5435000.0
14:58,6135.52,6136.12,6134.1,6134.9,5107000.0
14:59,6135.44,6136.04,6134.66,6135.82,4661000.0
15:00,6136.44,6138.17,6134.19,6135.45,7327000.0
15:01,6135.52,6137.4,6135.38,6136.4,6238000.0
15:02,6137.89,6138.35,6135.75,6135.75,5497000.0
15:03,6138.6,6138.67,6137.13,6137.92,5051000.0
15:04,6140.49,6140.92,6138.6,6138.63,6700000.0
15:05,6139.83,6141.03,6138.82,6140.53,5334000.0
15:06,6142.28,6142.48,6139.85,6139.85,5617000.0
15:07,6142.98,6143.29,6142.21,6142.39,5548000.0
15:08,6142.03,6143.2,6141.87,6143.01,5491000.0
15:09,6141.61,6142.41,6141.22,6142.03,5946000.0
15:10,6143.87,6143.87,6141.53,6141.59,5596000.0
15:11,6145.71,6146.12,6143.79,6143.8,6192000.0
15:12,6144.18,6146.15,6144.11,6145.61,5525000.0
15:13,6145.76,6145.76,6144.24,6144.24,5130000.0
15:14,6146.36,6146.49,6145.58,6145.73,5816000.0
15:15,6146.94,6147.61,6146.46,6146.46,6215000.0
15:16,6147.38,6147.58,6146.39,6146.75,6568000.0
15:17,6145.08,6147.42,6144.45,6147.42,6073000.0
15:18,6143.7,6145.42,6143.7,6145.23,5673000.0
15:19,6144.79,6144.8,6143.62,6143.8,5557000.0
15:20,6145.28,6145.73,6144.72,6144.72,5194000.0
15:21,6145.28,6145.45,6144.81,6145.3,5614000.0
15:22,6147.72,6147.86,6145.77,6145.9,7538000.0
15:23,6147.48,6147.76,6146.66,6147.76,5405000.0
15:24,6148.72,6148.72,6147.49,6147.49,5930000.0
15:25,6150.46,6150.46,6148.01,6148.75,6982000.0
15:26,6149.03,6150.5,6148.8,6150.5,6334000.0
15:27,6149.3,6149.5,6148.91,6148.97,5880000.0
15:28,6147.16,6149.37,6146.86,6149.37,7823000.0
15:29,6147.55,6147.72,6146.91,6147.08,6915000.0
15:30,6149.74,6149.8,6147.57,6147.57,8146000.0
15:31,6150.07,6150.53,6149.63,6149.74,7111000.0
15:32,6150.04,6150.38,6149.21,6150.13,6987000.0
15:33,6150.73,6150.83,6150.04,6150.04,7095000.0
15:34,6150.94,6151.37,6150.75,6150.75,7006000.0
15:35,6149.98,6151.11,6149.2,6150.96,9444000.0
15:36,6151.06,6151.31,6149.91,6149.99,7086000.0
15:37,6151.79,6151.79,6150.52,6151.04,7177000.0
15:38,6152.36,6152.36,6151.32,6151.79,7574000.0
15:39,6152.88,6152.96,6152.26,6152.46,8896000.0
15:40,6155.04,6155.18,6152.96,6152.99,9323000.0
15:41,6153.94,6155.91,6153.85,6155.05,9053000.0
15:42,6154.67,6154.89,6153.52,6153.94,8504000.0
15:43,6155.75,6155.75,6154.76,6154.78,8303000.0
15:44,6155.31,6155.84,6155.03,6155.74,8623000.0
15:45,6156.02,6156.27,6155.25,6155.41,9361000.0
15:46,6157.09,6157.14,6155.55,6155.96,9518000.0
15:47,6157.37,6157.88,6157.15,6157.26,10484000.0
15:48,6159.0,6159.38,6156.85,6157.41,11731000.0
15:49,6155.84,6159.06,6155.35,6159.06,13243000.0
15:50,6159.99,6162.96,6155.48,6155.48,35108000.0
15:51,6161.73,6161.91,6158.27,6159.94,20665000.0
15:52,6161.31,6161.9,6160.15,6161.89,19103000.0
15:53,6164.34,6164.34,6161.31,6161.41,24402000.0
15:54,6166.29,6167.33,6163.22,6164.35,29320000.0
15:55,6169.94,6170.69,6169.05,6169.38,41219000.0
15:56,6172.2,6172.2,6169.87,6170.21,37199000.0
15:57,6173.2,6174.61,6172.37,6172.39,41317000.0
15:58,6173.87,6173.87,6171.52,6173.31,57250000.0
15:59,6171.97,6174.79,6171.73,6173.78,108414000.0
