Time,Close,High,Low,Open,Volume
09:30,5936.74,5943.13,5935.16,5939.96,1.0
09:31,5930.84,5937.27,5930.84,5936.98,16947334.0
09:32,5926.33,5931.2,5925.44,5931.2,14704164.0
09:33,5931.8,5931.93,5925.38,5926.71,16585186.0
09:34,5931.82,5932.63,5930.83,5931.94,13093616.0
09:35,5931.8,5932.65,5930.54,5931.68,13539833.0
09:36,5930.57,5932.72,5929.85,5931.8,13387897.0
09:37,5931.0,5932.67,5929.53,5930.89,11414243.0
09:38,5927.84,5930.56,5926.96,5930.56,11496887.0
09:39,5928.03,5929.15,5927.01,5927.7,10564798.0
09:40,5931.16,5931.16,5927.5,5927.95,11829481.0
09:41,5926.72,5931.29,5925.58,5931.09,10258390.0
09:42,5927.2,5927.83,5926.05,5927.14,9660170.0
09:43,5927.01,5930.3,5926.69,5927.81,12146396.0
09:44,5922.81,5927.68,5922.43,5927.67,9289545.0
09:45,5921.85,5923.7,5921.08,5922.73,9192168.0
09:46,5919.83,5922.73,5919.83,5921.3,12312581.0
09:47,5921.32,5921.55,5918.36,5919.89,11175302.0
09:48,5920.79,5921.29,5918.45,5921.29,10917130.0
09:49,5916.03,5921.19,5915.83,5921.13,11478518.0
09:50,5919.18,5919.31,5914.84,5916.21,10456078.0
09:51,5923.84,5924.33,5917.91,5918.75,9741335.0
09:52,5924.5,5927.11,5924.08,5924.08,8876743.0
09:53,5927.53,5927.53,5924.63,5924.63,9279003.0
09:54,5929.41,5929.41,5927.4,5927.58,7745818.0
09:55,5930.96,5931.07,5929.15,5929.42,5792515.0
09:56,5921.1,5931.07,5921.1,5930.96,11704724.0
09:57,5921.88,5923.06,5920.14,5921.1,17616933.0
09:58,5921.72,5922.33,5919.79,5921.92,5862054.0
09:59,5924.72,5924.78,5921.4,5922.1,7599342.0
10:00,5923.45,5925.26,5922.14,5924.7,9972928.0
10:01,5924.16,5925.54,5922.64,5923.07,8001890.0
10:02,5925.84,5927.54,5922.94,5924.26,7593615.0
10:03,5923.16,5926.19,5923.16,5925.89,4328819.0
10:04,5920.44,5921.91,5920.35,5921.85,11315880.0
10:05,5912.99,5916.96,5912.78,5916.96,9921316.0
10:06,5911.92,5913.04,5910.87,5913.04,9282779.0
10:07,5903.02,5911.15,5902.86,5911.15,11262420.0
10:08,5904.92,5905.25,5901.76,5903.5,9433771.0
10:09,5902.71,5904.74,5901.77,5904.7,7504347.0
10:10,5905.64,5907.08,5902.55,5902.79,8206337.0
10:11,5901.83,5905.56,5900.94,5905.56,8539456.0
10:12,5901.9,5904.03,5900.86,5902.07,7502406.0
10:13,5904.52,5905.32,5901.34,5901.98,8213191.0
10:14,5908.68,5908.73,5904.48,5904.48,8906380.0
10:15,5910.14,5910.14,5907.81,5908.6,4336586.0
10:16,5909.62,5911.27,5908.57,5910.81,10525070.0
10:17,5903.71,5909.92,5903.67,5909.59,7246209.0
10:18,5902.08,5904.21,5901.7,5903.55,6062771.0
10:19,5901.06,5902.0,5898.39,5902.0,6893120.0
10:20,5901.17,5901.32,5898.79,5901.08,6035381.0
10:21,5901.07,5901.16,5897.45,5901.16,7256273.0
10:22,5902.62,5903.19,5899.46,5901.92,7216194.0
10:23,5904.58,5904.61,5900.32,5902.86,5609173.0
10:24,5903.06,5904.24,5901.25,5904.24,5435401.0
10:25,5907.75,5907.9,5902.75,5903.01,7152525.0
10:26,5909.15,5909.62,5907.58,5907.86,7241035.0
10:27,5910.93,5910.93,5909.34,5909.56,5679978.0
10:28,5912.9,5913.6,5910.65,5910.84,6250314.0
10:29,5912.61,5913.42,5911.25,5912.92,6579857.0
10:30,5912.41,5912.78,5910.28,5912.59,5764021.0
10:31,5915.38,5915.41,5912.26,5912.42,6143055.0
10:32,5913.22,5915.8,5912.1,5915.44,7154447.0
10:33,5908.05,5913.2,5908.05,5912.94,7826325.0
10:34,5905.65,5907.93,5905.62,5907.71,6641510.0
10:35,5907.23,5908.27,5905.7,5905.7,6707416.0
10:36,5911.49,5911.94,5907.06,5907.19,5822118.0
10:37,5912.11,5912.11,5910.95,5911.44,5059733.0
10:38,5911.28,5914.33,5911.28,5912.14,5519526.0
10:39,5911.77,5912.02,5910.39,5911.21,4679958.0
10:40,5908.34,5911.72,5908.3,5911.72,5054063.0
10:41,5907.17,5908.68,5907.1,5908.45,5781792.0
10:42,5907.0,5907.46,5905.38,5907.11,6110086.0
10:43,5909.38,5909.84,5906.61,5906.77,5168071.0
10:44,5909.64,5909.84,5906.61,5909.38,5168071.0
10:45,5912.58,5912.58,5908.3,5909.64,8109015.0
10:46,5911.41,5913.1,5910.59,5912.75,7288060.0
10:47,5912.74,5912.82,5911.3,5911.31,4902015.0
10:48,5914.43,5914.53,5912.57,5912.77,4651026.0
10:49,5913.14,5915.06,5912.62,5914.39,5363715.0
10:50,5912.11,5913.73,5911.43,5913.17,4946215.0
10:51,5912.32,5912.92,5911.61,5912.16,6194920.0
10:52,5915.27,5915.27,5912.04,5912.35,6710979.0
10:53,5917.68,5917.68,5915.37,5915.48,6056324.0
10:54,5916.66,5918.73,5916.64,5917.72,5158026.0
10:55,5916.15,5916.74,5915.6,5916.74,4428451.0
10:56,5919.13,5919.13,5915.89,5916.09,5006522.0
10:57,5919.37,5920.51,5918.75,5919.09,5110068.0
10:58,5921.79,5922.09,5919.35,5919.39,6064945.0
10:59,5920.88,5922.19,5920.81,5921.83,5081424.0
11:00,5921.42,5921.42,5919.8,5920.93,6334823.0
11:01,5918.53,5921.49,5918.38,5921.43,5204346.0
11:02,5918.43,5919.47,5918.29,5918.59,3985464.0
11:03,5913.89,5919.01,5913.38,5918.58,6784854.0
11:04,5914.15,5914.43,5911.75,5913.89,5763054.0
11:05,5915.28,5916.09,5913.72,5914.13,5771957.0
11:06,5915.79,5916.26,5915.2,5915.55,4374215.0
11:07,5912.74,5915.54,5912.61,5915.54,4950991.0
11:08,5911.9,5912.89,5911.22,5912.86,4362763.0
11:09,5913.22,5914.45,5911.92,5911.92,6380758.0
11:10,5915.66,5915.69,5911.94,5913.23,4449554.0
11:11,5915.87,5916.98,5915.14,5915.64,4647091.0
11:12,5915.55,5917.77,5915.34,5915.88,5405979.0
11:13,5913.28,5915.9,5913.11,5915.64,4125901.0
11:14,5908.44,5913.2,5908.36,5913.2,6695588.0
11:15,5911.24,5911.24,5908.01,5908.35,5475779.0
11:16,5910.93,5911.15,5909.01,5911.15,3844119.0
11:17,5909.66,5911.0,5909.44,5910.97,4164309.0
11:18,5910.57,5910.57,5908.89,5909.69,5140340.0
11:19,5908.52,5912.16,5908.52,5910.48,5081198.0
11:20,5910.13,5910.29,5908.11,5908.42,4346416.0
11:21,5913.95,5914.02,5909.63,5910.24,5577101.0
11:22,5912.85,5913.94,5912.29,5913.94,4176940.0
11:23,5912.78,5913.58,5912.68,5912.68,4823090.0
11:24,5914.47,5914.5,5912.87,5912.87,4563876.0
11:25,5916.06,5916.11,5914.12,5914.23,5578476.0
11:26,5917.06,5917.57,5915.19,5916.11,5283906.0
11:27,5916.8,5917.44,5916.18,5917.05,2577562.0
11:28,5919.71,5919.83,5916.87,5916.87,5868543.0
11:29,5919.14,5920.44,5918.34,5919.57,4633506.0
11:30,5915.04,5919.61,5914.69,5919.11,5789702.0
11:31,5910.37,5915.18,5910.37,5915.08,5681775.0
11:32,5906.5,5910.51,5906.22,5910.32,6103000.0
11:33,5904.63,5906.99,5904.52,5906.59,4859000.0
11:34,5903.91,5904.67,5901.41,5904.67,6342000.0
11:35,5907.3,5907.3,5903.86,5904.14,5185000.0
11:36,5907.41,5908.05,5906.83,5907.31,4215000.0
11:37,5905.41,5907.56,5904.83,5907.52,5098000.0
11:38,5902.08,5905.69,5901.96,5905.43,4962000.0
11:39,5903.02,5903.36,5901.71,5902.06,4001000.0
11:40,5903.98,5904.51,5901.48,5902.92,5786000.0
11:41,5904.11,5905.45,5903.93,5903.93,4639000.0
11:42,5904.9,5905.48,5903.63,5904.04,4217000.0
11:43,5904.57,5905.43,5904.57,5904.78,3195000.0
11:44,5904.01,5904.53,5903.68,5904.43,3364000.0
11:45,5901.68,5904.33,5901.41,5904.09,4374000.0
11:46,5904.52,5904.52,5901.7,5901.7,5525000.0
11:47,5904.33,5905.72,5903.93,5904.66,4281000.0
11:48,5902.78,5904.24,5902.37,5904.24,4330000.0
11:49,5899.92,5902.85,5899.83,5902.8,3689000.0
11:50,5904.18,5904.18,5899.95,5899.96,4111000.0
11:51,5906.28,5906.98,5904.09,5904.28,5937000.0
11:52,5907.66,5907.66,5906.41,5906.41,3639000.0
11:53,5905.62,5908.15,5905.42,5907.6,5302000.0
11:54,5904.13,5907.33,5904.13,5905.89,5449000.0
11:55,5903.24,5904.11,5903.0,5904.11,3739000.0
11:56,5901.41,5903.92,5901.27,5903.41,4254000.0
11:57,5886.85,5901.41,5886.85,5901.38,10866000.0
11:58,5881.8,5886.9,5879.83,5886.9,10937000.0
11:59,5882.7,5882.7,5878.38,5881.18,7957000.0
12:00,5875.28,5882.93,5873.8,5882.83,9735000.0
12:01,5880.8,5881.87,5875.49,5875.49,6999000.0
12:02,5880.51,5881.3,5879.48,5880.75,4443000.0
12:03,5884.54,5884.88,5880.14,5880.47,6459000.0
12:04,5885.72,5887.54,5884.05,5884.53,5181000.0
12:05,5887.88,5888.09,5885.79,5885.79,4544000.0
12:06,5888.55,5888.55,5885.95,5887.71,4620000.0
12:07,5888.75,5888.84,5887.57,5888.7,3858000.0
12:08,5887.16,5890.0,5887.16,5888.65,4347000.0
12:09,5888.54,5888.98,5887.05,5887.05,3545000.0
12:10,5891.54,5891.54,5888.24,5888.64,4689000.0
12:11,5894.23,5894.47,5892.09,5892.09,5000000.0
12:12,5894.16,5894.26,5893.26,5894.11,3318000.0
12:13,5892.91,5895.7,5892.74,5894.22,4718000.0
12:14,5897.35,5897.53,5892.43,5892.74,4227000.0
12:15,5899.13,5899.79,5897.39,5897.44,4490000.0
12:16,5901.46,5901.47,5899.04,5899.43,3688000.0
12:17,5900.13,5902.63,5900.13,5901.28,4431000.0
12:18,5900.22,5901.41,5899.92,5900.18,3408000.0
12:19,5902.02,5902.49,5900.24,5900.24,3898000.0
12:20,5901.85,5902.91,5901.63,5902.04,3079000.0
12:21,5900.52,5903.21,5900.25,5901.9,4650000.0
12:22,5899.6,5901.56,5898.28,5900.63,4188000.0
12:23,5902.13,5902.16,5899.23,5899.5,3205000.0
12:24,5901.63,5902.83,5901.6,5902.16,3549000.0
12:25,5900.86,5902.21,5900.17,5901.6,3554000.0
12:26,5900.75,5901.1,5900.07,5900.93,3042000.0
12:27,5900.37,5901.17,5900.08,5900.83,3560000.0
12:28,5902.73,5902.92,5899.52,5900.27,6098000.0
12:29,5902.24,5903.65,5902.17,5902.84,4052000.0
12:30,5904.66,5904.8,5901.65,5902.09,3597000.0
12:31,5904.36,5905.74,5904.02,5904.53,3293000.0
12:32,5903.47,5904.59,5903.18,5904.31,2757000.0
12:33,5902.22,5903.56,5902.22,5903.21,3044000.0
12:34,5904.19,5904.46,5902.01,5902.14,3376000.0
12:35,5903.95,5904.37,5903.03,5904.2,3211000.0
12:36,5905.24,5906.94,5903.94,5903.94,6413000.0
12:37,5902.74,5905.89,5902.13,5905.26,4523000.0
12:38,5903.02,5903.44,5902.2,5902.73,3578000.0
12:39,5904.28,5904.66,5902.96,5903.03,3471000.0
12:40,5905.21,5905.61,5904.15,5904.26,3336000.0
12:41,5905.67,5906.26,5904.95,5905.23,2944000.0
12:42,5905.9,5907.8,5905.58,5905.65,3935000.0
12:43,5906.1,5906.29,5904.6,5905.99,3325000.0
12:44,5907.01,5907.42,5906.08,5906.08,3454000.0
12:45,5907.28,5908.1,5906.98,5907.04,4207000.0
12:46,5906.66,5907.39,5905.51,5907.3,3963000.0
12:47,5906.36,5907.07,5906.09,5906.73,2756000.0
12:48,5904.91,5906.77,5904.91,5906.36,3879000.0
12:49,5903.15,5904.63,5903.0,5904.63,3840000.0
12:50,5903.63,5904.21,5902.64,5903.04,3183000.0
12:51,5902.17,5904.1,5902.05,5903.66,3012000.0
12:52,5904.27,5904.27,5901.3,5902.4,4465000.0
12:53,5904.35,5904.37,5903.32,5904.19,3009000.0
12:54,5905.95,5905.95,5903.98,5904.34,3026000.0
12:55,5905.87,5906.07,5905.31,5905.75,2574000.0
12:56,5905.12,5905.89,5904.1,5905.83,5457000.0
12:57,5911.03,5911.1,5905.14,5905.14,7854000.0
12:58,5911.5,5912.63,5911.11,5911.11,4480000.0
12:59,5910.23,5911.71,5910.15,5911.56,4047000.0
13:00,5912.29,5912.29,5909.68,5910.23,4600000.0
13:01,5912.84,5913.41,5912.2,5912.33,2996000.0
13:02,5914.59,5915.43,5912.85,5912.85,5350000.0
13:03,5912.0,5914.86,5911.9,5914.62,3287000.0
13:04,5911.16,5912.1,5910.84,5912.03,3210000.0
13:05,5911.55,5911.84,5910.85,5911.09,3115000.0
13:06,5908.67,5911.57,5908.54,5911.55,6237000.0
13:07,5909.26,5909.58,5907.77,5908.63,3728000.0
13:08,5910.91,5910.94,5909.15,5909.24,3141000.0
13:09,5908.87,5910.86,5908.37,5910.86,3139000.0
13:10,5909.68,5910.13,5908.44,5908.88,2887000.0
13:11,5909.76,5910.87,5909.47,5909.67,3006000.0
13:12,5910.98,5911.09,5909.8,5909.8,3382000.0
13:13,5910.73,5911.57,5910.02,5911.0,3902000.0
13:14,5909.94,5911.45,5909.5,5910.76,3941000.0
13:15,5909.02,5910.54,5908.69,5909.94,5037000.0
13:16,5909.7,5909.86,5908.42,5909.02,3223000.0
13:17,5906.94,5909.74,5905.53,5909.74,4641000.0
13:18,5906.54,5906.93,5905.96,5906.9,3787000.0
13:19,5906.47,5906.8,5904.56,5906.72,4410000.0
13:20,5906.93,5907.7,5906.16,5906.47,4956000.0
13:21,5911.56,5911.65,5906.77,5906.91,4805000.0
13:22,5908.83,5912.04,5908.51,5911.6,5066000.0
13:23,5908.21,5909.0,5907.79,5908.86,2770000.0
13:24,5908.59,5908.75,5908.06,5908.19,2552000.0
13:25,5905.17,5908.92,5905.05,5908.51,5082000.0
13:26,5906.95,5906.95,5903.91,5905.13,5148000.0
13:27,5906.38,5907.08,5905.36,5907.08,3203000.0
13:28,5905.06,5907.39,5905.06,5906.47,5098000.0
13:29,5905.34,5905.88,5904.72,5905.15,3321000.0
13:30,5906.69,5906.69,5904.18,5905.37,5355000.0
13:31,5908.66,5909.32,5906.66,5906.81,4901000.0
13:32,5908.02,5908.5,5906.83,5908.5,3181000.0
13:33,5906.99,5908.42,5906.96,5907.89,3082000.0
13:34,5905.35,5907.02,5904.71,5907.02,3649000.0
13:35,5906.86,5906.89,5905.19,5905.3,3907000.0
13:36,5903.2,5907.86,5903.19,5907.04,5407000.0
13:37,5903.29,5903.94,5902.22,5903.34,3912000.0
13:38,5902.74,5903.76,5902.66,5903.31,3404000.0
13:39,5905.03,5905.19,5902.69,5902.69,3616000.0
13:40,5906.81,5906.81,5904.41,5904.8,4754000.0
13:41,5908.86,5908.99,5906.68,5906.86,3469000.0
13:42,5906.37,5908.93,5905.9,5908.8,3721000.0
13:43,5904.46,5906.75,5904.42,5906.32,3151000.0
13:44,5903.97,5905.7,5903.64,5904.4,3571000.0
13:45,5904.62,5905.69,5903.37,5903.93,4011000.0
13:46,5904.94,5905.09,5903.11,5904.67,5355000.0
13:47,5903.88,5905.18,5903.71,5904.85,2959000.0
13:48,5900.68,5904.01,5900.63,5903.94,5417000.0
13:49,5898.31,5900.67,5898.04,5900.67,5309000.0
13:50,5899.61,5899.61,5898.26,5898.4,3917000.0
13:51,5902.85,5903.19,5899.57,5899.57,5670000.0
13:52,5902.66,5903.23,5902.18,5902.52,3940000.0
13:53,5902.81,5903.29,5901.67,5902.54,3762000.0
13:54,5900.69,5902.99,5900.6,5902.78,3776000.0
13:55,5900.46,5900.67,5898.4,5900.67,5338000.0
13:56,5897.22,5900.25,5897.2,5900.25,3802000.0
13:57,5896.56,5897.56,5896.22,5897.31,3844000.0
13:58,5897.35,5897.72,5896.62,5896.62,5086000.0
13:59,5897.43,5897.98,5897.1,5897.23,3246000.0
14:00,5900.51,5900.51,5897.08,5897.42,5765000.0
14:01,5899.21,5900.74,5898.96,5900.64,4114000.0
14:02,5898.87,5899.93,5898.52,5899.61,4004000.0
14:03,5899.48,5900.22,5898.34,5898.93,3182000.0
14:04,5900.85,5900.91,5899.47,5899.47,3397000.0
14:05,5903.13,5903.15,5900.72,5900.97,5495000.0
14:06,5902.84,5904.03,5902.17,5902.89,5332000.0
14:07,5903.39,5903.48,5902.44,5902.87,4622000.0
14:08,5903.12,5904.32,5903.12,5903.5,4133000.0
14:09,5902.02,5903.25,5901.45,5903.09,4155000.0
14:10,5900.95,5902.6,5900.95,5902.08,4114000.0
14:11,5901.24,5901.55,5900.48,5900.97,2851000.0
14:12,5900.95,5901.46,5900.56,5901.26,3699000.0
14:13,5903.14,5903.23,5899.85,5900.95,4542000.0
14:14,5903.08,5904.21,5903.08,5903.37,3717000.0
14:15,5902.45,5903.39,5901.78,5903.06,3237000.0
14:16,5900.1,5902.89,5900.1,5902.26,3638000.0
14:17,5897.64,5900.06,5897.54,5900.06,4665000.0
14:18,5894.48,5897.68,5893.17,5897.66,6074000.0
14:19,5892.94,5894.6,5892.88,5894.6,3336000.0
14:20,5890.61,5893.01,5889.2,5893.01,5911000.0
14:21,5889.44,5891.09,5889.33,5890.89,4174000.0
14:22,5890.42,5890.42,5888.13,5889.47,5244000.0
14:23,5893.56,5894.26,5890.77,5890.77,4855000.0
14:24,5890.91,5893.47,5890.84,5893.47,5112000.0
14:25,5892.24,5892.29,5890.93,5890.97,3971000.0
14:26,5894.78,5894.78,5892.18,5892.18,3881000.0
14:27,5889.64,5895.2,5889.64,5894.95,5463000.0
14:28,5892.92,5892.92,5889.67,5889.67,4979000.0
14:29,5892.16,5893.43,5891.91,5893.0,3437000.0
14:30,5895.22,5895.22,5891.99,5892.01,7570000.0
14:31,5895.75,5896.15,5894.53,5895.16,4299000.0
14:32,5898.38,5898.47,5895.75,5895.77,4234000.0
14:33,5898.74,5899.14,5897.65,5898.39,3765000.0
14:34,5899.47,5899.81,5898.77,5898.84,3781000.0
14:35,5900.31,5900.59,5899.37,5899.49,3645000.0
14:36,5902.97,5902.97,5900.38,5900.38,4086000.0
14:37,5902.3,5903.1,5901.32,5902.98,3773000.0
14:38,5901.12,5902.34,5901.07,5902.31,2735000.0
14:39,5903.09,5903.17,5901.2,5901.2,3662000.0
14:40,5903.46,5903.46,5902.5,5902.96,3810000.0
14:41,5902.33,5904.59,5902.33,5903.49,4661000.0
14:42,5902.86,5902.9,5901.37,5902.34,4415000.0
14:43,5903.77,5903.83,5902.7,5902.94,3278000.0
14:44,5903.37,5905.16,5903.31,5904.06,3683000.0
14:45,5905.3,5905.33,5903.32,5903.4,3585000.0
14:46,5905.54,5906.22,5905.29,5905.29,3924000.0
14:47,5904.31,5905.61,5903.5,5905.61,4005000.0
14:48,5903.75,5904.35,5903.03,5904.28,3245000.0
14:49,5903.19,5903.78,5902.91,5903.78,3177000.0
14:50,5905.06,5905.86,5903.15,5903.15,4401000.0
14:51,5904.75,5905.61,5904.5,5905.1,3185000.0
14:52,5906.34,5906.48,5904.57,5904.7,3633000.0
14:53,5905.33,5906.37,5905.16,5906.3,3574000.0
14:54,5904.77,5905.54,5904.17,5905.45,3547000.0
14:55,5905.98,5906.03,5904.52,5904.74,3906000.0
14:56,5906.51,5906.63,5906.02,5906.05,3884000.0
14:57,5904.15,5906.73,5904.15,5906.54,4734000.0
14:58,5899.02,5904.24,5898.76,5904.15,8615000.0
14:59,5899.47,5899.99,5896.87,5899.22,8134000.0
15:00,5901.94,5903.08,5898.86,5899.45,5890000.0
15:01,5902.67,5904.16,5901.84,5901.97,5516000.0
15:02,5903.05,5903.4,5902.63,5902.77,3353000.0
15:03,5903.53,5903.64,5902.29,5903.02,3350000.0
15:04,5904.41,5905.36,5903.4,5903.4,4269000.0
15:05,5903.96,5904.49,5902.61,5904.38,5301000.0
15:06,5899.51,5904.03,5897.66,5903.9,10181000.0
15:07,5898.1,5898.89,5896.53,5898.89,6835000.0
15:08,5897.32,5898.26,5896.05,5898.18,5522000.0
15:09,5898.43,5898.47,5897.28,5897.28,3780000.0
15:10,5898.21,5899.26,5898.01,5898.45,3901000.0
15:11,5897.64,5898.16,5896.52,5898.16,5072000.0
15:12,5897.42,5900.08,5897.42,5897.92,6284000.0
15:13,5899.92,5899.98,5896.41,5897.31,5633000.0
15:14,5897.04,5900.1,5897.04,5899.91,4207000.0
15:15,5897.65,5897.71,5895.75,5897.13,5906000.0
15:16,5899.17,5899.17,5897.05,5897.59,4972000.0
15:17,5899.87,5899.93,5898.59,5899.11,4537000.0
15:18,5901.73,5901.85,5899.88,5899.88,5255000.0
15:19,5903.09,5903.17,5902.1,5902.1,5047000.0
15:20,5904.51,5905.06,5902.94,5903.05,5122000.0
15:21,5905.52,5905.89,5904.4,5904.54,4906000.0
15:22,5904.66,5905.47,5904.07,5905.47,4253000.0
15:23,5907.89,5907.89,5904.53,5904.83,6810000.0
15:24,5906.68,5908.09,5906.53,5907.89,5291000.0
15:25,5907.88,5907.88,5906.16,5906.62,5023000.0
15:26,5906.08,5908.52,5905.83,5907.87,5834000.0
15:27,5902.56,5905.9,5902.56,5905.9,5944000.0
15:28,5901.7,5902.57,5901.55,5902.52,5533000.0
15:29,5900.75,5901.74,5900.47,5901.74,6004000.0
15:30,5903.69,5904.12,5900.74,5900.74,7495000.0
15:31,5903.86,5904.72,5903.67,5903.74,5953000.0
15:32,5903.69,5904.09,5902.62,5903.85,6619000.0
15:33,5903.8,5904.61,5903.01,5903.81,5587000.0
15:34,5903.46,5903.83,5902.94,5903.66,5880000.0
15:35,5902.66,5903.81,5902.36,5903.41,6313000.0
15:36,5903.29,5903.79,5901.7,5902.71,6644000.0
15:37,5902.53,5903.86,5902.25,5903.27,7237000.0
15:38,5901.54,5902.59,5900.92,5902.47,6883000.0
15:39,5901.35,5901.82,5900.99,5901.59,6707000.0
15:40,5905.54,5905.86,5901.35,5901.35,8431000.0
15:41,5905.59,5905.79,5904.2,5905.54,6889000.0
15:42,5904.75,5905.89,5904.62,5905.52,6817000.0
15:43,5903.81,5905.17,5903.76,5904.8,6726000.0
15:44,5904.45,5904.69,5903.41,5903.82,8762000.0
15:45,5907.22,5907.23,5904.12,5904.39,9218000.0
15:46,5909.91,5909.93,5906.91,5907.27,7517000.0
15:47,5911.43,5911.47,5908.54,5910.23,9831000.0
15:48,5909.32,5913.76,5909.32,5911.45,12448000.0
15:49,5910.25,5910.86,5907.45,5908.58,11550000.0
15:50,5914.32,5917.77,5910.43,5910.43,18710000.0
15:51,5911.67,5914.7,5909.19,5914.31,16611000.0
15:52,5909.61,5912.38,5908.44,5911.6,12341000.0
15:53,5903.71,5910.17,5903.65,5909.48,13592000.0
15:54,5905.12,5905.12,5901.35,5903.43,17640000.0
15:55,5905.92,5908.18,5904.39,5905.06,25805000.0
15:56,5907.98,5909.76,5905.53,5905.84,22877000.0
15:57,5909.51,5910.46,5907.99,5908.0,26245000.0
15:58,5911.92,5911.92,5909.62,5909.62,32979000.0
15:59,5912.16,5912.49,5906.58,5911.75,64542000.0
