Time,Close,High,Low,Open,Volume
09:30,5930.12,5931.82,5925.54,5925.54,1.0
09:31,5927.82,5930.5,5925.6,5930.32,10990935.0
09:32,5929.44,5930.01,5926.23,5927.82,10156747.0
09:33,5929.9,5930.22,5928.18,5929.57,8361489.0
09:34,5931.16,5931.65,5930.01,5930.01,5588985.0
09:35,5931.11,5931.98,5930.14,5931.51,10973774.0
09:36,5932.9,5932.9,5931.08,5931.21,9247757.0
09:37,5932.94,5933.52,5931.66,5933.05,7660808.0
09:38,5933.48,5933.74,5931.32,5933.02,7268917.0
09:39,5939.12,5939.12,5933.32,5933.38,10574526.0
09:40,5938.62,5939.92,5938.39,5938.98,9460871.0
09:41,5937.26,5938.61,5936.0,5938.54,8736417.0
09:42,5937.88,5938.66,5937.07,5937.55,10394083.0
09:43,5938.25,5938.41,5936.95,5937.94,6994274.0
09:44,5936.73,5938.05,5936.24,5938.05,6337779.0
09:45,5933.71,5937.51,5933.5,5936.86,9014315.0
09:46,5934.1,5934.64,5932.19,5933.69,8698396.0
09:47,5930.32,5934.45,5930.0,5934.05,7112299.0
09:48,5927.07,5930.34,5926.91,5930.34,7222192.0
09:49,5925.18,5927.85,5924.76,5927.21,8634056.0
09:50,5922.2,5925.34,5921.62,5925.21,8266062.0
09:51,5924.22,5924.36,5921.92,5922.22,7417689.0
09:52,5925.53,5926.33,5924.36,5924.36,7178073.0
09:53,5923.41,5926.28,5923.41,5925.6,6751208.0
09:54,5923.1,5923.41,5922.14,5923.37,5943599.0
09:55,5922.96,5924.19,5922.82,5923.16,6239629.0
09:56,5923.36,5923.79,5921.61,5922.95,6321391.0
09:57,5919.05,5923.55,5918.19,5923.34,9650092.0
09:58,5922.05,5922.05,5919.06,5919.06,5417259.0
09:59,5919.95,5922.06,5919.81,5922.04,5742173.0
10:00,5923.56,5923.56,5919.97,5920.24,8125447.0
10:01,5921.02,5923.83,5920.66,5923.67,6906516.0
10:02,5918.94,5921.15,5918.37,5921.01,6077095.0
10:03,5920.81,5920.81,5917.79,5918.82,5213363.0
10:04,5920.78,5921.49,5920.35,5920.84,6080534.0
10:05,5921.15,5921.3,5919.5,5920.55,6683695.0
10:06,5919.11,5921.43,5918.47,5921.2,6115824.0
10:07,5918.79,5919.42,5917.4,5919.42,5498544.0
10:08,5920.74,5921.48,5918.83,5918.83,7305928.0
10:09,5919.76,5921.01,5919.27,5920.62,4284284.0
10:10,5918.05,5918.69,5917.62,5918.1,8409126.0
10:11,5918.24,5919.68,5918.06,5918.13,7130896.0
10:12,5916.55,5918.13,5915.77,5918.11,7219122.0
10:13,5917.76,5918.5,5916.22,5916.56,6066379.0
10:14,5917.35,5918.24,5916.8,5917.55,6269692.0
10:15,5917.28,5917.71,5916.47,5916.94,7370191.0
10:16,5914.66,5918.02,5914.64,5917.29,6886465.0
10:17,5914.44,5914.76,5913.43,5914.76,5913292.0
10:18,5916.38,5917.5,5914.44,5914.52,5992392.0
10:19,5916.0,5916.65,5915.81,5916.32,4331285.0
10:20,5916.59,5916.64,5915.55,5916.02,5298514.0
10:21,5913.1,5916.67,5913.1,5916.6,6683764.0
10:22,5915.05,5915.37,5912.05,5913.2,6124904.0
10:23,5917.05,5917.06,5914.91,5914.91,6007219.0
10:24,5917.6,5918.13,5916.67,5916.93,5997918.0
10:25,5918.08,5918.13,5916.42,5917.53,5937542.0
10:26,5914.19,5918.33,5914.19,5917.99,6490108.0
10:27,5913.96,5914.95,5913.22,5914.19,5466954.0
10:28,5913.59,5914.11,5913.18,5913.94,4321887.0
10:29,5914.32,5914.69,5913.6,5913.62,4352368.0
10:30,5912.59,5914.83,5912.56,5914.28,5647061.0
10:31,5913.08,5913.4,5911.82,5912.69,5514369.0
10:32,5913.13,5913.31,5912.69,5912.98,4430756.0
10:33,5912.04,5913.36,5910.86,5913.13,5523451.0
10:34,5913.4,5913.51,5911.8,5912.01,5500965.0
10:35,5912.43,5913.67,5911.97,5913.41,4851399.0
10:36,5911.8,5912.63,5911.75,5912.47,4335343.0
10:37,5908.61,5911.82,5908.55,5911.79,6255205.0
10:38,5908.22,5908.99,5907.43,5908.64,4476380.0
10:39,5908.79,5909.1,5907.73,5908.15,5327761.0
10:40,5909.82,5909.82,5908.62,5908.86,4475461.0
10:41,5913.3,5913.34,5910.14,5910.25,6093146.0
10:42,5912.8,5913.75,5912.71,5913.35,4687769.0
10:43,5910.66,5912.73,5910.65,5912.73,5334737.0
10:44,5910.59,5911.27,5909.81,5910.53,4972042.0
10:45,5909.23,5910.51,5909.23,5910.51,4414367.0
10:46,5910.54,5910.69,5908.28,5909.22,5463839.0
10:47,5909.35,5910.49,5909.25,5910.46,5102681.0
10:48,5909.88,5909.98,5909.02,5909.41,4516204.0
10:49,5910.03,5910.38,5909.76,5909.94,4893721.0
10:50,5907.07,5910.29,5906.5,5910.02,6177333.0
10:51,5906.26,5908.35,5906.24,5907.06,4218904.0
10:52,5908.3,5908.32,5906.19,5906.29,4741890.0
10:53,5907.97,5908.32,5907.53,5908.32,4269174.0
10:54,5905.74,5908.08,5905.74,5908.08,5002234.0
10:55,5907.09,5907.09,5905.59,5905.77,4349053.0
10:56,5905.87,5907.27,5905.87,5907.1,3631414.0
10:57,5905.9,5906.43,5905.66,5905.91,4705864.0
10:58,5904.71,5906.35,5904.07,5905.87,5974831.0
10:59,5905.45,5905.46,5904.64,5904.73,4705908.0
11:00,5907.44,5907.56,5905.06,5905.29,5399900.0
11:01,5909.12,5909.38,5907.41,5907.49,4879619.0
11:02,5908.44,5909.27,5908.43,5909.16,3546948.0
11:03,5909.7,5909.8,5908.4,5908.41,4544912.0
11:04,5912.44,5912.67,5909.67,5909.67,5041044.0
11:05,5911.92,5912.73,5911.76,5912.43,4606133.0
11:06,5911.49,5912.09,5911.04,5911.92,4331241.0
11:07,5910.47,5911.64,5910.37,5911.52,3707473.0
11:08,5908.2,5910.55,5908.2,5910.45,5063544.0
11:09,5908.77,5908.77,5907.23,5908.12,4566226.0
11:10,5907.12,5908.67,5907.03,5908.67,4100282.0
11:11,5907.2,5907.3,5905.91,5907.13,5029516.0
11:12,5907.59,5907.94,5907.04,5907.1,6473306.0
11:13,5907.83,5907.9,5907.37,5907.68,4216614.0
11:14,5904.0,5907.81,5904.0,5907.72,4897198.0
11:15,5905.02,5905.03,5903.87,5903.87,4771228.0
11:16,5905.44,5906.09,5905.3,5905.84,4763753.0
11:17,5905.78,5905.78,5905.11,5905.43,3874073.0
11:18,5906.57,5906.7,5905.73,5905.73,4430198.0
11:19,5908.08,5908.21,5906.08,5906.57,6899060.0
11:20,5908.72,5908.9,5907.94,5908.2,5036169.0
11:21,5909.93,5909.96,5908.5,5908.66,3948624.0
11:22,5910.73,5911.09,5909.9,5909.9,4309218.0
11:23,5908.45,5910.67,5908.45,5910.67,5629535.0
11:24,5908.16,5908.93,5908.12,5908.39,4087408.0
11:25,5907.18,5908.34,5907.15,5908.18,4907563.0
11:26,5906.81,5907.13,5906.06,5907.13,4754315.0
11:27,5907.27,5907.75,5906.33,5906.75,5083180.0
11:28,5905.74,5907.52,5905.65,5907.27,4704741.0
11:29,5905.83,5906.06,5905.46,5905.8,4862460.0
11:30,5907.0,5907.22,5905.31,5905.81,5328303.0
11:31,5905.96,5907.01,5905.03,5907.01,4275952.0
11:32,5905.29,5906.05,5905.12,5905.86,4996351.0
11:33,5905.69,5905.69,5905.03,5905.2,5341095.0
11:34,5904.22,5905.73,5904.05,5905.72,4077554.0
11:35,5904.08,5904.85,5903.92,5904.29,4678451.0
11:36,5903.4,5904.24,5902.15,5904.15,5026605.0
11:37,5903.29,5903.38,5902.93,5903.32,4099627.0
11:38,5904.02,5904.02,5902.78,5903.33,4605015.0
11:39,5905.49,5906.0,5903.91,5904.02,5068752.0
11:40,5906.57,5906.57,5904.45,5905.45,4090293.0
11:41,5906.79,5906.81,5906.07,5906.51,3550234.0
11:42,5905.27,5907.07,5905.06,5906.78,4477179.0
11:43,5904.14,5905.29,5903.68,5905.29,3525041.0
11:44,5903.65,5904.24,5903.08,5904.12,4398462.0
11:45,5904.54,5904.63,5903.45,5903.6,3901116.0
11:46,5903.4,5904.58,5903.37,5904.58,3369951.0
11:47,5904.16,5904.16,5903.36,5903.48,3015752.0
11:48,5904.51,5904.79,5903.54,5904.1,3742136.0
11:49,5904.7,5904.7,5904.18,5904.36,5358345.0
11:50,5905.81,5905.83,5904.7,5904.7,3499732.0
11:51,5906.12,5906.28,5905.66,5905.88,3253140.0
11:52,5906.06,5906.34,5905.29,5906.25,3392919.0
11:53,5907.72,5907.85,5905.94,5906.02,4111785.0
11:54,5907.28,5907.99,5907.26,5907.82,3277235.0
11:55,5907.32,5907.66,5907.11,5907.29,3121418.0
11:56,5905.07,5907.42,5904.86,5907.27,4309973.0
11:57,5904.51,5905.25,5904.46,5905.09,3127306.0
11:58,5903.21,5904.98,5903.21,5904.55,4356187.0
11:59,5901.97,5903.16,5901.79,5903.16,4963629.0
12:00,5904.21,5904.21,5902.06,5902.06,5765390.0
12:01,5905.67,5905.79,5903.71,5904.19,3340927.0
12:02,5907.06,5907.57,5905.49,5905.49,3480846.0
12:03,5907.35,5907.4,5906.75,5907.1,3145257.0
12:04,5907.05,5907.9,5906.66,5907.46,5958130.0
12:05,5906.89,5907.81,5906.89,5907.04,3916253.0
12:06,5908.37,5908.71,5906.84,5906.93,3684344.0
12:07,5908.93,5909.43,5908.29,5908.29,3752401.0
12:08,5909.34,5909.34,5908.81,5908.95,2987720.0
12:09,5910.45,5910.99,5909.35,5909.35,3392618.0
12:10,5908.69,5910.41,5908.17,5910.41,3517260.0
12:11,5908.94,5909.11,5907.91,5908.55,3154252.0
12:12,5909.25,5909.69,5908.96,5908.96,2794445.0
12:13,5909.37,5909.39,5908.96,5909.31,2601812.0
12:14,5909.21,5909.34,5908.32,5909.25,3419873.0
12:15,5909.27,5910.01,5909.09,5909.16,2744728.0
12:16,5910.7,5910.7,5909.32,5909.33,3162482.0
12:17,5910.85,5911.33,5910.64,5910.64,2880155.0
12:18,5911.16,5911.35,5910.43,5910.82,3700736.0
12:19,5910.43,5911.29,5910.42,5911.18,3481850.0
12:20,5909.27,5910.85,5908.93,5910.4,5693104.0
12:21,5907.76,5909.42,5907.76,5909.27,3586319.0
12:22,5907.57,5908.4,5907.44,5907.69,2955686.0
12:23,5907.77,5908.19,5907.32,5907.49,3012523.0
12:24,5908.1,5908.25,5907.64,5907.72,3140548.0
12:25,5909.68,5909.81,5908.1,5908.12,4350509.0
12:26,5910.26,5910.41,5909.49,5909.53,4449357.0
12:27,5909.81,5910.46,5909.74,5910.26,2886904.0
12:28,5910.34,5910.52,5909.84,5909.84,2891754.0
12:29,5910.46,5911.05,5910.31,5910.31,3860178.0
12:30,5911.03,5911.28,5909.97,5910.43,3035000.0
12:31,5909.62,5911.38,5909.62,5911.05,3512000.0
12:32,5910.25,5910.54,5909.59,5909.59,2814000.0
12:33,5909.37,5910.13,5909.31,5910.1,2942000.0
12:34,5909.54,5910.09,5909.29,5909.44,3205000.0
12:35,5911.12,5911.12,5909.6,5909.6,3162000.0
12:36,5913.65,5913.65,5911.11,5911.11,4619000.0
12:37,5912.88,5913.78,5912.73,5913.6,3242000.0
12:38,5913.22,5913.43,5912.9,5912.95,3241000.0
12:39,5912.85,5913.33,5912.56,5913.05,2790000.0
12:40,5912.14,5913.09,5912.14,5912.86,3433000.0
12:41,5912.09,5912.26,5911.41,5912.25,3352000.0
12:42,5911.96,5912.63,5911.95,5912.04,2832000.0
12:43,5912.25,5912.6,5911.71,5911.75,2566000.0
12:44,5912.43,5912.48,5912.03,5912.25,3285000.0
12:45,5911.54,5912.65,5911.24,5912.41,3344000.0
12:46,5911.92,5912.13,5911.46,5911.49,3114000.0
12:47,5913.32,5913.32,5911.83,5911.89,5401000.0
12:48,5913.24,5913.44,5912.85,5913.33,2454000.0
12:49,5912.86,5913.28,5912.66,5913.25,2527000.0
12:50,5913.14,5913.29,5912.61,5912.87,2604000.0
12:51,5912.17,5913.33,5912.17,5913.2,3460000.0
12:52,5909.73,5912.24,5909.73,5912.17,3362000.0
12:53,5909.43,5909.73,5908.4,5909.73,3552000.0
12:54,5909.0,5909.78,5908.67,5909.43,3030000.0
12:55,5909.46,5909.46,5908.84,5909.12,2392000.0
12:56,5910.88,5910.92,5909.31,5909.4,3218000.0
12:57,5910.72,5911.21,5910.67,5911.04,2209000.0
12:58,5911.8,5911.83,5910.5,5910.73,2456000.0
12:59,5911.21,5911.99,5911.08,5911.8,2599000.0
13:00,5910.68,5911.58,5910.55,5911.15,2853000.0
13:01,5911.51,5911.51,5910.11,5910.58,3644000.0
13:02,5913.81,5914.65,5911.51,5911.51,5274000.0
13:03,5913.85,5914.31,5913.72,5913.72,2847000.0
13:04,5914.59,5914.72,5913.94,5914.02,2802000.0
13:05,5915.1,5915.5,5914.01,5914.53,3461000.0
13:06,5915.58,5915.75,5915.03,5915.14,2519000.0
13:07,5914.63,5915.66,5914.6,5915.58,3276000.0
13:08,5915.27,5915.36,5914.57,5914.64,2530000.0
13:09,5914.46,5915.21,5914.34,5915.21,3073000.0
13:10,5914.97,5914.97,5914.39,5914.5,3169000.0
13:11,5915.61,5916.12,5914.91,5914.91,3594000.0
13:12,5916.19,5916.61,5915.66,5915.66,3761000.0
13:13,5914.35,5916.19,5914.34,5916.15,3381000.0
13:14,5914.51,5914.99,5914.25,5914.34,3261000.0
13:15,5915.94,5915.96,5914.43,5914.51,3126000.0
13:16,5916.9,5916.93,5915.6,5915.95,4626000.0
13:17,5917.03,5917.29,5916.88,5916.94,3239000.0
13:18,5917.03,5917.4,5916.72,5917.02,3158000.0
13:19,5917.02,5917.43,5916.85,5917.02,2882000.0
13:20,5916.52,5917.15,5916.51,5917.02,3421000.0
13:21,5917.28,5917.29,5916.41,5916.53,3580000.0
13:22,5917.28,5917.38,5916.67,5917.17,2997000.0
13:23,5915.52,5917.22,5915.5,5917.22,4183000.0
13:24,5915.47,5915.79,5914.86,5915.48,3468000.0
13:25,5913.56,5915.58,5913.52,5915.47,4209000.0
13:26,5912.5,5913.79,5912.34,5913.56,3656000.0
13:27,5913.55,5913.68,5912.01,5912.46,3638000.0
13:28,5914.1,5914.19,5913.43,5913.5,2908000.0
13:29,5914.24,5914.58,5913.99,5914.16,3587000.0
13:30,5913.61,5914.33,5913.49,5914.26,2539000.0
13:31,5912.66,5913.63,5912.66,5913.57,3806000.0
13:32,5912.26,5912.93,5912.11,5912.8,2730000.0
13:33,5911.18,5912.24,5911.03,5912.24,3413000.0
13:34,5911.44,5911.8,5910.96,5911.16,2570000.0
13:35,5910.46,5911.41,5910.0,5911.41,3551000.0
13:36,5910.28,5911.31,5910.2,5910.58,3253000.0
13:37,5909.4,5910.48,5909.38,5910.25,2807000.0
13:38,5908.83,5909.48,5908.83,5909.45,2808000.0
13:39,5909.55,5909.83,5908.82,5908.86,3029000.0
13:40,5909.72,5910.0,5909.48,5909.55,3096000.0
13:41,5909.36,5909.92,5909.24,5909.72,2866000.0
13:42,5907.17,5909.18,5907.15,5909.12,3593000.0
13:43,5907.72,5908.11,5906.77,5907.07,3452000.0
13:44,5908.39,5908.43,5907.66,5907.77,2426000.0
13:45,5909.1,5909.16,5908.06,5908.38,2672000.0
13:46,5909.68,5909.68,5908.53,5909.07,2762000.0
13:47,5909.82,5910.14,5909.51,5909.67,2690000.0
13:48,5909.44,5909.89,5909.15,5909.77,3062000.0
13:49,5909.87,5910.11,5909.41,5909.46,3213000.0
13:50,5909.03,5909.85,5908.37,5909.85,3307000.0
13:51,5907.95,5909.01,5907.88,5909.0,2583000.0
13:52,5909.11,5909.11,5907.91,5907.99,3317000.0
13:53,5908.77,5909.26,5908.5,5909.11,3234000.0
13:54,5909.39,5909.48,5908.64,5908.76,2766000.0
13:55,5910.94,5910.94,5909.33,5909.47,4783000.0
13:56,5910.44,5911.44,5910.44,5910.92,4924000.0
13:57,5909.67,5910.28,5909.29,5910.28,4998000.0
13:58,5909.28,5909.91,5909.28,5909.8,3026000.0
13:59,5908.95,5909.3,5908.52,5909.3,4952000.0
14:00,5910.52,5910.55,5908.76,5908.9,3828000.0
14:01,5911.08,5911.34,5910.59,5910.69,3934000.0
14:02,5912.86,5912.87,5911.04,5911.06,4590000.0
14:03,5913.45,5913.61,5912.89,5912.89,4126000.0
14:04,5913.91,5914.61,5913.43,5913.43,3873000.0
14:05,5912.92,5914.23,5912.63,5913.91,4505000.0
14:06,5911.49,5912.99,5911.39,5912.93,3316000.0
14:07,5911.94,5912.22,5910.87,5911.52,3069000.0
14:08,5913.2,5913.22,5912.04,5912.07,3223000.0
14:09,5912.44,5913.25,5912.35,5913.22,3819000.0
14:10,5914.78,5915.14,5912.53,5912.53,5850000.0
14:11,5914.9,5915.35,5914.77,5914.77,3720000.0
14:12,5915.52,5915.68,5914.55,5914.92,4141000.0
14:13,5914.94,5915.86,5914.94,5915.45,3690000.0
14:14,5914.75,5915.11,5914.52,5915.01,3657000.0
14:15,5913.91,5914.77,5913.68,5914.77,3200000.0
14:16,5914.06,5914.68,5913.76,5914.02,3165000.0
14:17,5913.27,5914.21,5913.25,5914.02,3159000.0
14:18,5911.63,5913.65,5911.4,5913.3,3986000.0
14:19,5910.72,5911.63,5910.52,5911.63,3684000.0
14:20,5910.48,5911.59,5910.48,5910.72,4325000.0
14:21,5911.21,5911.21,5909.77,5910.33,3786000.0
14:22,5911.03,5911.35,5910.33,5911.25,3355000.0
14:23,5911.43,5911.61,5911.03,5911.03,2857000.0
14:24,5912.5,5912.52,5911.35,5911.41,4460000.0
14:25,5913.22,5913.23,5912.5,5912.55,3743000.0
14:26,5912.7,5913.26,5912.59,5913.24,3545000.0
14:27,5911.98,5912.76,5911.47,5912.72,3615000.0
14:28,5911.06,5911.93,5911.06,5911.93,3413000.0
14:29,5912.25,5912.29,5911.08,5911.12,3675000.0
14:30,5913.85,5914.1,5912.28,5912.34,3962000.0
14:31,5913.48,5914.17,5913.48,5913.84,3985000.0
14:32,5913.48,5913.56,5913.07,5913.45,3757000.0
14:33,5914.37,5914.54,5913.33,5913.52,3740000.0
14:34,5912.55,5914.35,5912.55,5914.35,4652000.0
14:35,5913.33,5913.55,5912.39,5912.5,3427000.0
14:36,5913.63,5913.95,5913.25,5913.27,2981000.0
14:37,5914.48,5914.63,5913.67,5913.79,3843000.0
14:38,5913.46,5914.62,5913.46,5914.48,4040000.0
14:39,5913.83,5913.91,5913.4,5913.44,3225000.0
14:40,5913.97,5914.37,5913.75,5913.77,4248000.0
14:41,5913.7,5914.06,5912.93,5914.0,4002000.0
14:42,5914.22,5914.55,5913.56,5913.63,3968000.0
14:43,5913.64,5914.3,5913.63,5914.2,3487000.0
14:44,5913.41,5913.96,5913.41,5913.66,3277000.0
14:45,5913.4,5913.51,5912.88,5913.35,4126000.0
14:46,5913.61,5913.61,5913.0,5913.4,3185000.0
14:47,5913.3,5913.73,5913.15,5913.68,3712000.0
14:48,5912.75,5913.54,5912.58,5913.25,3716000.0
14:49,5911.35,5912.83,5911.32,5912.82,4099000.0
14:50,5910.66,5911.82,5910.65,5911.39,4311000.0
14:51,5904.5,5910.73,5904.5,5910.68,6765000.0
14:52,5902.47,5904.22,5892.18,5904.22,20821000.0
14:53,5899.83,5905.17,5899.83,5902.46,7655000.0
14:54,5900.21,5901.15,5897.0,5899.84,8683000.0
14:55,5903.47,5903.47,5899.38,5900.24,5166000.0
14:56,5906.66,5907.04,5903.36,5903.36,5489000.0
14:57,5907.72,5907.75,5906.41,5906.67,4061000.0
14:58,5909.31,5909.31,5907.19,5907.76,3763000.0
14:59,5909.42,5910.42,5908.9,5909.3,4486000.0
15:00,5908.35,5909.72,5907.68,5909.35,6011000.0
15:01,5909.6,5909.84,5908.1,5908.45,4143000.0
15:02,5910.09,5910.23,5908.66,5909.49,3799000.0
15:03,5910.77,5910.77,5909.56,5910.12,3215000.0
15:04,5911.84,5911.84,5910.8,5910.8,4763000.0
15:05,5911.99,5912.07,5911.3,5911.87,3663000.0
15:06,5914.19,5914.36,5911.98,5911.98,5565000.0
15:07,5916.15,5916.81,5914.12,5914.24,5696000.0
15:08,5917.31,5918.86,5916.2,5916.2,5932000.0
15:09,5917.13,5917.55,5916.79,5917.24,4136000.0
15:10,5918.16,5918.45,5916.88,5917.06,5414000.0
15:11,5916.79,5918.28,5916.79,5918.1,4594000.0
15:12,5915.41,5916.82,5914.73,5916.38,5756000.0
15:13,5913.28,5916.24,5913.28,5915.4,8647000.0
15:14,5911.22,5914.14,5907.48,5913.27,10911000.0
15:15,5909.05,5912.67,5909.05,5911.37,6895000.0
15:16,5910.0,5910.03,5907.37,5908.98,6007000.0
15:17,5908.0,5910.35,5907.63,5910.35,5521000.0
15:18,5910.29,5910.29,5907.85,5908.12,5336000.0
15:19,5910.01,5910.57,5908.43,5910.29,5569000.0
15:20,5910.18,5910.83,5908.17,5909.97,5354000.0
15:21,5909.03,5910.54,5908.63,5910.33,4690000.0
15:22,5908.36,5909.1,5907.54,5909.1,4627000.0
15:23,5907.58,5908.44,5907.25,5908.44,4234000.0
15:24,5908.09,5908.5,5907.19,5907.69,4913000.0
15:25,5907.47,5908.73,5907.31,5907.99,4997000.0
15:26,5905.74,5907.58,5905.3,5907.44,6668000.0
15:27,5906.63,5907.4,5905.68,5905.68,5074000.0
15:28,5907.2,5907.94,5906.7,5906.7,4888000.0
15:29,5906.81,5907.56,5906.28,5907.21,5547000.0
15:30,5906.13,5907.62,5905.56,5906.78,7163000.0
15:31,5905.61,5906.28,5905.1,5906.14,6439000.0
15:32,5906.17,5906.17,5904.12,5905.55,6630000.0
15:33,5904.89,5906.27,5904.89,5906.17,5487000.0
15:34,5904.03,5904.95,5903.25,5904.91,6516000.0
15:35,5902.51,5904.56,5902.49,5904.45,6776000.0
15:36,5900.24,5902.56,5899.93,5902.56,7412000.0
15:37,5899.75,5900.25,5899.2,5900.11,6160000.0
15:38,5900.26,5901.56,5900.11,5900.16,7475000.0
15:39,5899.43,5900.72,5898.82,5900.72,8263000.0
15:40,5898.11,5899.43,5895.91,5899.32,9835000.0
15:41,5897.87,5898.71,5896.67,5898.09,8403000.0
15:42,5901.11,5901.18,5897.63,5897.95,9283000.0
15:43,5900.23,5901.65,5899.85,5901.13,7125000.0
15:44,5899.07,5900.42,5898.22,5900.24,7550000.0
15:45,5896.96,5899.17,5896.64,5899.07,9013000.0
15:46,5898.05,5898.21,5896.63,5896.66,8337000.0
15:47,5900.86,5901.1,5898.11,5898.11,9569000.0
15:48,5902.06,5902.65,5900.35,5900.35,9581000.0
15:49,5898.3,5901.96,5898.3,5901.86,10979000.0
15:50,5893.64,5898.22,5889.89,5898.22,17642000.0
15:51,5892.8,5893.66,5891.94,5893.42,11318000.0
15:52,5889.09,5892.98,5889.09,5892.47,12198000.0
15:53,5886.91,5889.32,5886.61,5889.11,14045000.0
15:54,5886.55,5886.87,5881.88,5886.87,20669000.0
15:55,5886.55,5886.55,5881.88,5886.39,23435000.0
15:56,5888.55,5890.28,5886.84,5886.84,23805000.0
15:57,5888.76,5889.53,5888.16,5888.49,22859000.0
15:58,5888.03,5889.74,5888.03,5889.04,34182000.0
15:59,5889.5,5891.6,5886.82,5887.77,66956000.0
