Time,Close,High,Low,Open,Volume
09:30,6446.4,6446.68,6442.99,6445.02,1.0
09:31,6446.35,6448.17,6444.91,6446.52,11980942.0
09:32,6447.31,6448.66,6444.94,6446.08,18192219.0
09:33,6448.28,6449.15,6444.96,6445.65,24403496.0
09:34,6450.28,6451.23,6447.38,6448.08,9798527.0
09:35,6449.71,6450.64,6448.4,6450.64,10336149.0
09:36,6449.71,6451.2,6449.19,6449.97,9223338.0
09:37,6448.46,6449.7,6448.11,6449.67,7503749.0
09:38,6447.59,6449.41,6447.04,6448.61,7785590.0
09:39,6449.44,6450.32,6447.39,6447.39,8013922.0
09:40,6448.51,6449.81,6448.08,6449.28,7697500.0
09:41,6445.14,6450.59,6445.13,6448.77,7884482.0
09:42,6444.85,6446.89,6444.37,6445.32,7392578.0
09:43,6446.36,6446.37,6444.87,6444.87,7246133.0
09:44,6448.08,6448.58,6446.33,6446.33,6636426.0
09:45,6451.61,6451.77,6447.73,6447.73,9571073.0
09:46,6452.63,6452.63,6451.07,6451.73,6834146.0
09:47,6452.28,6453.12,6452.08,6452.65,7288902.0
09:48,6453.66,6454.12,6452.49,6452.59,7454287.0
09:49,6451.7,6454.03,6451.66,6453.69,7430398.0
09:50,6449.13,6451.85,6449.13,6451.8,7705158.0
09:51,6445.91,6449.02,6445.35,6449.02,7605741.0
09:52,6445.15,6446.41,6444.78,6446.04,6681428.0
09:53,6447.53,6447.55,6444.58,6445.06,5989783.0
09:54,6446.08,6447.36,6445.81,6447.36,6085239.0
09:55,6446.89,6447.41,6445.13,6446.18,7077708.0
09:56,6445.26,6446.11,6444.85,6445.67,6161475.0
09:57,6444.75,6445.81,6444.44,6445.17,6587944.0
09:58,6441.78,6444.46,6441.78,6444.46,6355346.0
09:59,6443.24,6443.24,6441.78,6441.78,6762268.0
10:00,6444.93,6445.48,6443.8,6443.88,9230387.0
10:01,6446.15,6446.27,6443.99,6444.43,8348748.0
10:02,6445.99,6446.67,6445.39,6446.12,7521461.0
10:03,6448.64,6448.64,6445.89,6446.01,6769258.0
10:04,6448.65,6449.04,6447.98,6448.73,6550341.0
10:05,6449.59,6449.74,6448.28,6448.59,7196196.0
10:06,6449.53,6450.12,6449.13,6449.43,6145956.0
10:07,6449.72,6449.8,6448.59,6449.29,6752317.0
10:08,6447.36,6449.69,6447.36,6449.59,7166533.0
10:09,6447.27,6447.58,6446.8,6447.17,6520920.0
10:10,6447.77,6448.69,6446.67,6447.09,6608726.0
10:11,6446.67,6448.22,6445.45,6447.84,5967133.0
10:12,6447.3,6448.17,6446.72,6446.79,5513763.0
10:13,6448.05,6448.05,6446.83,6447.32,5124960.0
10:14,6448.39,6448.72,6447.73,6448.01,4963108.0
10:15,6447.01,6448.79,6446.6,6448.63,5867219.0
10:16,6449.52,6449.52,6446.81,6446.96,5096263.0
10:17,6449.34,6450.05,6449.12,6449.58,5352322.0
10:18,6449.18,6449.21,6449.08,6449.21,6067105.0
10:19,6448.23,6449.83,6448.23,6449.04,6265976.0
10:20,6448.04,6448.66,6447.8,6448.13,7260225.0
10:21,6450.13,6450.22,6448.09,6448.09,8181350.0
10:22,6451.76,6452.11,6450.21,6450.21,6658479.0
10:23,6452.51,6452.51,6451.11,6451.78,4849592.0
10:24,6454.46,6454.58,6452.3,6452.63,6223992.0
10:25,6454.73,6455.35,6454.16,6454.46,6144371.0
10:26,6454.2,6454.83,6453.66,6454.77,6101049.0
10:27,6454.48,6455.09,6453.95,6454.12,5293815.0
10:28,6448.59,6454.34,6448.59,6454.34,7293839.0
10:29,6446.6,6448.35,6446.6,6448.26,5973553.0
10:30,6444.87,6446.25,6442.87,6446.25,6492271.0
10:31,6446.29,6446.74,6444.78,6444.78,5672060.0
10:32,6447.03,6447.79,6446.09,6446.2,5287375.0
10:33,6448.03,6448.23,6446.49,6447.0,5138344.0
10:34,6448.36,6448.95,6447.97,6447.97,5019254.0
10:35,6449.24,6449.46,6447.67,6448.41,6201519.0
10:36,6448.72,6449.27,6448.29,6449.13,5555381.0
10:37,6450.05,6450.32,6448.31,6448.54,6065344.0
10:38,6449.23,6450.56,6449.23,6450.1,5535412.0
10:39,6448.1,6449.61,6447.9,6449.22,5167627.0
10:40,6448.23,6449.39,6448.06,6448.1,5223016.0
10:41,6449.57,6449.8,6448.1,6448.28,5162806.0
10:42,6447.9,6449.59,6447.63,6449.59,4922070.0
10:43,6448.54,6448.78,6447.8,6447.88,5309748.0
10:44,6446.82,6448.63,6446.82,6448.63,6101837.0
10:45,6445.98,6447.01,6445.98,6446.8,6534381.0
10:46,6442.1,6446.09,6442.09,6446.09,7173285.0
10:47,6440.15,6442.88,6439.68,6442.07,7476516.0
10:48,6442.53,6442.83,6440.28,6440.28,5783236.0
10:49,6443.82,6444.0,6442.02,6442.53,6179400.0
10:50,6445.81,6445.91,6443.71,6443.84,5796171.0
10:51,6445.35,6445.7,6444.43,6445.7,5156599.0
10:52,6448.25,6448.25,6445.38,6445.38,5902820.0
10:53,6449.61,6449.62,6447.9,6448.15,5377592.0
10:54,6449.43,6449.79,6448.98,6449.66,5517881.0
10:55,6449.87,6450.0,6449.32,6449.46,9902608.0
10:56,6447.17,6449.88,6447.02,6449.88,5873218.0
10:57,6448.62,6448.81,6446.98,6447.14,5596644.0
10:58,6446.37,6448.51,6445.86,6448.51,6381502.0
10:59,6448.08,6448.18,6446.3,6446.43,5700547.0
11:00,6448.32,6448.84,6447.77,6448.06,6172628.0
11:01,6448.46,6449.16,6448.06,6448.34,5414811.0
11:02,6449.67,6449.7,6448.48,6448.48,6978164.0
11:03,6448.47,6449.68,6448.1,6449.68,4894498.0
11:04,6449.11,6449.23,6448.44,6448.44,3855445.0
11:05,6447.55,6449.11,6447.07,6449.11,5481803.0
11:06,6447.13,6448.5,6447.13,6447.49,4218048.0
11:07,6447.48,6448.02,6446.83,6447.17,4290231.0
11:08,6447.52,6448.23,6447.2,6447.45,3802733.0
11:09,6448.91,6449.05,6446.88,6447.68,4015418.0
11:10,6447.3,6448.85,6446.96,6448.85,4246345.0
11:11,6446.52,6448.18,6446.5,6447.38,4031216.0
11:12,6445.88,6446.61,6445.66,6446.56,10129649.0
11:13,6445.33,6445.9,6444.6,6445.9,3381513.0
11:14,6444.76,6445.6,6444.68,6445.37,3693625.0
11:15,6444.29,6445.27,6444.25,6444.78,4043279.0
11:16,6443.62,6444.49,6443.37,6444.23,3970225.0
11:17,6444.11,6444.28,6443.86,6444.28,4251351.0
11:18,6444.4,6444.57,6443.58,6444.01,4772613.0
11:19,6445.21,6445.21,6444.3,6444.37,4239838.0
11:20,6446.16,6446.42,6445.1,6445.16,4792723.0
11:21,6446.87,6446.96,6445.45,6446.21,4992068.0
11:22,6447.68,6448.39,6446.89,6446.94,4197769.0
11:23,6446.41,6448.0,6446.01,6447.62,4829818.0
11:24,6446.83,6447.24,6446.58,6446.71,4262249.0
11:25,6445.02,6446.92,6445.0,6446.88,5074957.0
11:26,6444.7,6445.34,6444.4,6445.04,4003796.0
11:27,6445.73,6445.98,6444.26,6444.67,3982705.0
11:28,6444.35,6445.74,6444.33,6445.61,4571500.0
11:29,6443.0,6444.4,6442.38,6444.4,5206613.0
11:30,6442.71,6443.36,6442.42,6443.08,5598820.0
11:31,6443.18,6443.33,6442.36,6442.68,4215626.0
11:32,6442.14,6443.39,6442.14,6443.25,3751400.0
11:33,6442.25,6443.03,6442.11,6442.23,3725518.0
11:34,6443.24,6443.24,6441.95,6442.22,4344711.0
11:35,6441.87,6443.22,6441.79,6443.22,4691799.0
11:36,6441.5,6442.19,6441.31,6441.87,3779008.0
11:37,6443.8,6443.86,6441.36,6441.5,3722086.0
11:38,6445.84,6445.84,6443.51,6443.78,3554903.0
11:39,6444.91,6445.8,6444.78,6445.72,2848302.0
11:40,6444.39,6445.17,6444.39,6444.93,3571445.0
11:41,6443.84,6444.46,6443.68,6444.31,8695880.0
11:42,6443.91,6444.2,6443.31,6443.92,3094073.0
11:43,6443.84,6444.35,6443.78,6443.94,3222351.0
11:44,6444.29,6444.41,6443.7,6443.87,3099665.0
11:45,6445.47,6445.71,6444.16,6444.31,3359462.0
11:46,6445.6,6445.6,6444.23,6445.45,3451556.0
11:47,6445.43,6445.82,6444.97,6445.71,3210034.0
11:48,6445.02,6445.92,6445.02,6445.45,3126669.0
11:49,6445.59,6445.59,6444.6,6445.07,3574655.0
11:50,6445.32,6446.13,6445.18,6445.56,3574806.0
11:51,6444.36,6445.78,6443.96,6445.38,4302902.0
11:52,6444.12,6445.07,6443.87,6444.39,2860385.0
11:53,6444.01,6444.1,6443.41,6443.96,3195665.0
11:54,6444.37,6444.67,6444.0,6444.01,3468018.0
11:55,6442.26,6444.58,6442.26,6444.46,5748111.0
11:56,6443.19,6443.56,6442.11,6442.26,3408295.0
11:57,6443.37,6443.67,6442.96,6443.31,3680808.0
11:58,6443.25,6443.47,6442.91,6443.42,3530551.0
11:59,6443.39,6443.72,6443.19,6443.27,3567534.0
12:00,6443.82,6443.84,6443.17,6443.35,3689409.0
12:01,6444.8,6444.8,6443.61,6444.03,3216654.0
12:02,6444.73,6445.47,6444.73,6444.88,3269762.0
12:03,6444.82,6444.82,6444.35,6444.66,3179809.0
12:04,6443.09,6444.98,6443.07,6444.86,4285897.0
12:05,6444.53,6444.56,6443.01,6443.1,5050381.0
12:06,6443.47,6444.54,6443.47,6444.54,3816501.0
12:07,6442.86,6443.7,6442.78,6443.45,3591556.0
12:08,6443.63,6443.78,6442.71,6442.86,3494284.0
12:09,6444.76,6445.25,6443.45,6443.66,3972835.0
12:10,6445.64,6445.64,6444.65,6444.79,4083351.0
12:11,6446.52,6446.54,6445.29,6445.65,4119947.0
12:12,6446.46,6447.43,6446.41,6446.53,3220347.0
12:13,6444.81,6446.51,6444.68,6446.46,3343003.0
12:14,6444.58,6444.75,6443.99,6444.75,4211957.0
12:15,6444.63,6444.81,6444.32,6444.57,3066288.0
12:16,6443.97,6444.67,6443.73,6444.62,4411967.0
12:17,6444.12,6444.4,6443.84,6443.94,4949337.0
12:18,6444.86,6445.02,6444.08,6444.08,3467235.0
12:19,6446.5,6446.5,6444.9,6444.93,3529000.0
12:20,6446.37,6446.82,6446.37,6446.52,3635000.0
12:21,6447.82,6448.03,6446.21,6446.28,4004000.0
12:22,6447.48,6448.27,6447.17,6447.94,3320000.0
12:23,6448.16,6448.16,6447.32,6447.43,3651000.0
12:24,6447.86,6448.16,6447.54,6448.16,2940000.0
12:25,6447.18,6447.98,6446.8,6447.79,2817000.0
12:26,6446.39,6447.39,6446.33,6447.17,3103000.0
12:27,6446.64,6446.67,6446.1,6446.41,2794000.0
12:28,6447.21,6447.64,6446.37,6446.63,11137000.0
12:29,6446.75,6447.44,6446.42,6447.25,6671000.0
12:30,6448.85,6449.09,6446.74,6446.74,7892000.0
12:31,6447.88,6449.08,6447.62,6448.83,4708000.0
12:32,6448.48,6448.61,6447.61,6447.89,4711000.0
12:33,6447.45,6448.27,6447.38,6448.27,4914000.0
12:34,6445.86,6447.5,6445.74,6447.5,6352000.0
12:35,6444.66,6445.99,6444.66,6445.95,4524000.0
12:36,6442.38,6445.2,6442.3,6444.79,5503000.0
12:37,6440.92,6442.3,6439.96,6442.3,5881000.0
12:38,6441.51,6441.71,6441.0,6441.15,6656000.0
12:39,6441.23,6441.66,6440.78,6441.47,4692000.0
12:40,6442.51,6442.54,6440.85,6441.31,4931000.0
12:41,6442.84,6443.01,6442.18,6442.53,4000000.0
12:42,6441.61,6442.98,6441.51,6442.85,3899000.0
12:43,6440.96,6441.8,6440.96,6441.56,4141000.0
12:44,6441.75,6442.21,6440.69,6440.97,4638000.0
12:45,6442.17,6442.17,6441.29,6441.68,4231000.0
12:46,6440.16,6442.14,6440.09,6442.14,3915000.0
12:47,6439.69,6440.31,6439.49,6440.14,3628000.0
12:48,6438.02,6439.65,6437.7,6439.65,6023000.0
12:49,6439.76,6439.76,6437.84,6438.07,3242000.0
12:50,6441.5,6441.5,6438.65,6439.76,4893000.0
12:51,6441.69,6441.96,6441.29,6441.49,3405000.0
12:52,6440.62,6442.05,6440.58,6441.7,3961000.0
12:53,6439.89,6440.6,6439.82,6440.6,3832000.0
12:54,6440.42,6440.55,6439.82,6439.87,3020000.0
12:55,6440.84,6440.86,6439.97,6440.39,2778000.0
12:56,6440.26,6440.88,6439.99,6440.88,2900000.0
12:57,6440.1,6440.27,6439.37,6440.19,3667000.0
12:58,6440.3,6440.61,6439.89,6440.16,3686000.0
12:59,6440.48,6440.75,6440.15,6440.26,5170000.0
13:00,6442.73,6442.73,6441.9,6442.02,4334000.0
13:01,6443.25,6443.5,6442.55,6442.7,3321000.0
13:02,6443.18,6443.61,6442.95,6443.27,4078000.0
13:03,6444.38,6444.46,6443.2,6443.2,3900000.0
13:04,6444.51,6444.88,6444.36,6444.43,3610000.0
13:05,6444.14,6444.43,6443.52,6444.41,3705000.0
13:06,6444.2,6444.28,6443.85,6444.17,3778000.0
13:07,6444.22,6444.73,6444.09,6444.19,7742000.0
13:08,6442.48,6444.49,6442.33,6444.27,4767000.0
13:09,6443.17,6443.23,6442.32,6442.39,4611000.0
13:10,6443.69,6443.69,6442.95,6443.21,2999000.0
13:11,6444.9,6444.9,6443.66,6443.74,3315000.0
13:12,6444.94,6444.95,6444.48,6444.95,3352000.0
13:13,6445.8,6445.9,6444.9,6444.93,3078000.0
13:14,6445.96,6446.26,6445.79,6445.79,2705000.0
13:15,6445.82,6446.13,6445.63,6445.91,2704000.0
13:16,6446.49,6446.52,6445.77,6445.81,2527000.0
13:17,6446.78,6447.19,6446.37,6446.51,2548000.0
13:18,6446.81,6446.88,6446.39,6446.71,2958000.0
13:19,6446.92,6447.13,6446.87,6446.89,2037000.0
13:20,6446.17,6446.99,6446.01,6446.97,2841000.0
13:21,6445.98,6446.56,6445.88,6446.12,3146000.0
13:22,6445.84,6446.01,6445.27,6446.01,3736000.0
13:23,6445.33,6445.96,6445.19,6445.88,3460000.0
13:24,6445.19,6445.41,6444.63,6445.41,3343000.0
13:25,6446.95,6447.23,6445.15,6445.18,3825000.0
13:26,6446.68,6446.93,6446.29,6446.93,2720000.0
13:27,6446.74,6447.01,6446.54,6446.67,3421000.0
13:28,6447.2,6447.47,6446.81,6446.81,4644000.0
13:29,6447.21,6447.28,6446.95,6447.16,4015000.0
13:30,6449.5,6449.52,6447.25,6447.25,4319000.0
13:31,6453.32,6453.38,6449.42,6449.51,7453000.0
13:32,6453.3,6453.58,6452.98,6453.22,3902000.0
13:33,6450.65,6453.39,6450.65,6453.31,3627000.0
13:34,6450.18,6450.98,6450.17,6450.68,2766000.0
13:35,6448.14,6450.83,6448.14,6450.01,3958000.0
13:36,6447.0,6448.43,6446.98,6448.11,3762000.0
13:37,6447.0,6447.75,6446.8,6446.98,3984000.0
13:38,6446.61,6446.95,6446.26,6446.95,3033000.0
13:39,6444.36,6446.81,6444.27,6446.62,5888000.0
13:40,6444.78,6444.78,6443.71,6444.33,3682000.0
13:41,6443.36,6444.92,6443.34,6444.78,3508000.0
13:42,6443.72,6443.91,6442.97,6443.43,4654000.0
13:43,6443.63,6444.14,6443.02,6443.59,3293000.0
13:44,6444.33,6444.5,6443.61,6443.62,3156000.0
13:45,6443.96,6444.38,6443.42,6444.34,3033000.0
13:46,6444.11,6444.48,6443.91,6443.96,3463000.0
13:47,6443.29,6444.17,6443.02,6444.16,3313000.0
13:48,6444.15,6444.33,6443.34,6443.34,2799000.0
13:49,6443.93,6444.16,6443.65,6444.16,3233000.0
13:50,6442.81,6444.04,6442.81,6444.04,4298000.0
13:51,6443.84,6443.84,6442.51,6442.69,3084000.0
13:52,6443.46,6443.86,6443.29,6443.78,2783000.0
13:53,6443.77,6443.89,6443.3,6443.44,3200000.0
13:54,6443.97,6444.04,6443.71,6443.83,2779000.0
13:55,6443.72,6443.93,6443.21,6443.93,5191000.0
13:56,6443.71,6443.83,6443.0,6443.83,3191000.0
13:57,6444.48,6444.66,6443.68,6443.71,3434000.0
13:58,6443.71,6444.5,6443.71,6444.46,3132000.0
13:59,6443.73,6443.97,6443.37,6443.79,3330000.0
14:00,6441.56,6443.54,6441.28,6443.53,4402000.0
14:01,6442.12,6442.22,6441.45,6441.62,3405000.0
14:02,6442.4,6442.5,6441.67,6442.05,4798000.0
14:03,6442.31,6443.11,6441.72,6442.45,4062000.0
14:04,6442.7,6442.86,6442.28,6442.28,3216000.0
14:05,6443.13,6443.25,6442.52,6442.69,2890000.0
14:06,6444.12,6444.26,6443.03,6443.08,4438000.0
14:07,6444.45,6444.56,6443.62,6444.12,3449000.0
14:08,6444.37,6444.46,6444.04,6444.42,3542000.0
14:09,6444.72,6444.93,6444.33,6444.4,3572000.0
14:10,6445.61,6445.82,6444.59,6444.75,3328000.0
14:11,6445.55,6445.74,6445.39,6445.58,3109000.0
14:12,6444.23,6445.67,6443.99,6445.64,4927000.0
14:13,6442.96,6444.42,6442.96,6444.21,3340000.0
14:14,6442.66,6443.24,6442.63,6442.95,2720000.0
14:15,6442.85,6443.1,6442.63,6442.68,3337000.0
14:16,6442.91,6442.98,6442.29,6442.83,3853000.0
14:17,6442.34,6442.89,6442.03,6442.89,2836000.0
14:18,6441.02,6442.41,6440.58,6442.31,4135000.0
14:19,6442.17,6442.36,6441.05,6441.05,3428000.0
14:20,6441.82,6442.4,6441.8,6442.08,2702000.0
14:21,6441.53,6441.94,6441.31,6441.76,3201000.0
14:22,6443.31,6443.49,6441.43,6441.57,4030000.0
14:23,6443.62,6443.82,6443.29,6443.35,2869000.0
14:24,6443.64,6443.79,6443.43,6443.55,2831000.0
14:25,6444.81,6444.99,6443.77,6443.77,4483000.0
14:26,6444.74,6445.09,6444.7,6444.82,3848000.0
14:27,6443.92,6444.86,6443.92,6444.7,3850000.0
14:28,6442.7,6443.87,6442.49,6443.87,3486000.0
14:29,6443.27,6443.58,6442.77,6442.82,3260000.0
14:30,6443.76,6443.89,6443.23,6443.28,3669000.0
14:31,6445.07,6445.11,6443.48,6443.77,4349000.0
14:32,6445.49,6445.75,6445.33,6445.34,4070000.0
14:33,6445.38,6445.52,6444.72,6445.49,3633000.0
14:34,6445.3,6445.62,6445.15,6445.35,2802000.0
14:35,6445.07,6445.56,6444.9,6445.24,3431000.0
14:36,6446.08,6446.32,6444.97,6445.03,3548000.0
14:37,6446.25,6446.27,6445.79,6446.2,3299000.0
14:38,6445.08,6446.32,6445.05,6446.31,3370000.0
14:39,6444.61,6445.16,6444.13,6445.16,3528000.0
14:40,6444.24,6444.65,6444.06,6444.59,2890000.0
14:41,6443.49,6444.31,6443.29,6444.21,3374000.0
14:42,6444.55,6444.65,6443.37,6443.51,3212000.0
14:43,6445.78,6445.83,6444.5,6444.56,3678000.0
14:44,6446.5,6446.8,6445.82,6445.82,3730000.0
14:45,6446.47,6446.54,6446.27,6446.33,3174000.0
14:46,6446.8,6446.82,6445.83,6446.51,4184000.0
14:47,6447.18,6447.76,6446.78,6446.83,2917000.0
14:48,6446.54,6447.25,6446.53,6447.23,2653000.0
14:49,6446.89,6447.0,6446.46,6446.53,3425000.0
14:50,6448.14,6448.39,6446.89,6446.9,4064000.0
14:51,6448.5,6448.5,6447.9,6448.14,3286000.0
14:52,6449.52,6450.07,6448.74,6448.76,4581000.0
14:53,6450.05,6450.45,6449.53,6449.53,3570000.0
14:54,6449.72,6450.15,6449.69,6450.07,3617000.0
14:55,6450.41,6450.49,6449.64,6449.76,3462000.0
14:56,6450.59,6450.9,6450.37,6450.37,3333000.0
14:57,6450.66,6451.1,6450.3,6450.55,3427000.0
14:58,6450.09,6450.68,6449.91,6450.65,3648000.0
14:59,6449.54,6450.17,6449.32,6450.09,3945000.0
15:00,6449.29,6450.06,6449.29,6449.73,4777000.0
15:01,6449.11,6449.84,6449.11,6449.27,3460000.0
15:02,6449.39,6449.58,6448.83,6449.11,3262000.0
15:03,6450.55,6450.78,6449.4,6449.43,4306000.0
15:04,6450.37,6450.86,6450.3,6450.54,4558000.0
15:05,6449.77,6450.58,6449.56,6450.37,5261000.0
15:06,6449.23,6449.84,6449.1,6449.81,4540000.0
15:07,6449.84,6450.0,6449.24,6449.24,3770000.0
15:08,6450.77,6450.88,6449.82,6449.82,4184000.0
15:09,6449.31,6450.85,6449.21,6450.7,3557000.0
15:10,6449.9,6450.17,6449.3,6449.3,3952000.0
15:11,6448.47,6449.9,6448.35,6449.9,4423000.0
15:12,6447.54,6448.51,6447.54,6448.47,4071000.0
15:13,6447.56,6448.02,6447.52,6447.52,4067000.0
15:14,6447.3,6447.82,6446.85,6447.56,4320000.0
15:15,6448.02,6448.07,6446.58,6447.34,5501000.0
15:16,6449.26,6449.6,6448.09,6448.09,5185000.0
15:17,6447.85,6449.22,6447.85,6449.22,3895000.0
15:18,6448.5,6448.5,6447.76,6447.86,4605000.0
15:19,6449.0,6449.12,6448.38,6448.52,3987000.0
15:20,6448.92,6449.37,6448.92,6449.02,3944000.0
15:21,6448.27,6448.93,6447.73,6448.93,5128000.0
15:22,6448.52,6448.61,6447.83,6448.23,4926000.0
15:23,6448.97,6449.02,6448.35,6448.53,4652000.0
15:24,6448.16,6449.06,6448.1,6449.01,4271000.0
15:25,6447.78,6448.45,6447.76,6448.18,5207000.0
15:26,6447.46,6447.77,6447.26,6447.69,5100000.0
15:27,6448.28,6448.45,6447.38,6447.49,5198000.0
15:28,6447.73,6448.29,6447.54,6448.29,5443000.0
15:29,6447.96,6447.99,6447.62,6447.72,5509000.0
15:30,6447.28,6447.93,6447.19,6447.93,6255000.0
15:31,6447.1,6448.03,6447.1,6447.35,7878000.0
15:32,6447.38,6447.63,6447.01,6447.14,5393000.0
15:33,6447.7,6447.98,6447.25,6447.35,4935000.0
15:34,6447.74,6448.05,6447.6,6447.68,5544000.0
15:35,6449.47,6449.51,6447.82,6447.84,6173000.0
15:36,6450.21,6450.23,6449.39,6449.5,5897000.0
15:37,6450.59,6450.78,6450.0,6450.16,5984000.0
15:38,6449.52,6451.19,6449.22,6450.99,8552000.0
15:39,6448.78,6449.45,6448.78,6449.42,4936000.0
15:40,6449.6,6449.68,6448.73,6448.8,6856000.0
15:41,6449.15,6450.03,6449.04,6449.6,6048000.0
15:42,6448.86,6449.19,6448.36,6449.19,6384000.0
15:43,6449.66,6449.83,6448.84,6448.85,6465000.0
15:44,6450.01,6450.31,6449.61,6449.66,6605000.0
15:45,6451.45,6452.03,6450.02,6450.02,8819000.0
15:46,6452.46,6452.53,6450.96,6451.44,7622000.0
15:47,6452.39,6452.57,6452.08,6452.34,7214000.0
15:48,6450.77,6452.47,6450.56,6452.46,7392000.0
15:49,6450.88,6451.15,6450.72,6450.72,8249000.0
15:50,6449.16,6451.77,6449.1,6451.21,14487000.0
15:51,6448.96,6449.67,6448.62,6449.16,13475000.0
15:52,6449.92,6450.19,6448.75,6448.9,10748000.0
15:53,6450.1,6450.15,6449.58,6449.96,12826000.0
15:54,6453.62,6453.75,6450.24,6450.24,17837000.0
15:55,6452.13,6454.11,6452.09,6453.8,22711000.0
15:56,6452.79,6453.66,6452.12,6452.15,19834000.0
15:57,6452.9,6452.96,6452.31,6452.78,25134000.0
15:58,6451.65,6452.91,6451.56,6452.91,31851000.0
15:59,6449.24,6451.53,6448.15,6451.53,60492000.0
