Time,Close,High,Low,Open,Volume
09:30,5454.61,5459.46,5441.96,5441.96,1.0
09:31,5444.52,5458.53,5444.52,5455.86,16821458.0
09:32,5447.37,5453.0,5443.85,5443.85,18604684.0
09:33,5443.15,5450.22,5443.0,5447.0,13626565.0
09:34,5445.8,5448.71,5441.53,5443.41,13714912.0
09:35,5438.69,5447.42,5438.52,5445.79,13698692.0
09:36,5435.19,5440.88,5433.69,5439.33,13331185.0
09:37,5433.96,5437.6,5433.62,5435.33,12355552.0
09:38,5432.6,5437.97,5431.85,5434.24,11033238.0
09:39,5431.24,5440.62,5431.24,5432.74,10225702.0
09:40,5423.96,5431.33,5423.36,5430.38,12066873.0
09:41,5418.42,5423.39,5418.16,5423.35,10933693.0
09:42,5421.43,5421.47,5416.59,5419.45,10481796.0
09:43,5413.12,5421.45,5412.81,5421.22,11134431.0
09:44,5425.16,5425.28,5411.61,5412.39,11452632.0
09:45,5431.38,5432.87,5425.25,5425.25,13051521.0
09:46,5420.44,5430.69,5420.44,5430.58,10910831.0
09:47,5419.59,5419.85,5411.79,5419.85,10277241.0
09:48,5423.83,5424.88,5419.66,5419.66,9179429.0
09:49,5430.08,5430.08,5420.85,5424.25,9280164.0
09:50,5431.89,5433.8,5429.25,5430.34,9227601.0
09:51,5429.48,5436.45,5429.44,5432.67,9753246.0
09:52,5425.42,5429.36,5422.72,5429.36,8887557.0
09:53,5435.04,5435.27,5421.35,5425.31,8799175.0
09:54,5435.48,5436.68,5430.19,5434.99,7844421.0
09:55,5433.4,5435.67,5430.68,5435.3,6938821.0
09:56,5425.22,5433.66,5424.62,5433.44,7663275.0
09:57,5424.22,5426.56,5423.14,5424.78,6172118.0
09:58,5428.56,5430.28,5424.2,5424.2,6971138.0
09:59,5424.15,5428.43,5422.28,5428.43,7723294.0
10:00,5423.95,5431.14,5423.95,5424.0,9970520.0
10:01,5423.96,5428.37,5420.06,5424.13,8760289.0
10:02,5434.36,5434.36,5423.89,5424.91,8508482.0
10:03,5442.55,5444.5,5434.33,5434.33,11411722.0
10:04,5444.84,5448.05,5442.22,5442.43,9232773.0
10:05,5452.89,5453.13,5443.82,5444.76,10148120.0
10:06,5447.44,5452.55,5446.7,5452.55,8303208.0
10:07,5446.55,5448.91,5444.11,5447.26,7178990.0
10:08,5441.1,5447.92,5441.1,5446.58,7441006.0
10:09,5439.31,5443.46,5438.66,5441.22,6835318.0
10:10,5435.84,5439.28,5432.77,5439.12,8516343.0
10:11,5431.63,5437.8,5431.63,5435.26,7088185.0
10:12,5431.03,5434.1,5429.08,5431.44,7912056.0
10:13,5436.84,5438.86,5431.23,5431.23,6916413.0
10:14,5433.13,5437.46,5433.13,5436.91,6406370.0
10:15,5425.12,5437.34,5422.75,5433.41,9086230.0
10:16,5425.55,5425.79,5422.65,5425.16,6088835.0
10:17,5418.45,5426.8,5418.45,5425.8,6744024.0
10:18,5422.22,5423.42,5418.03,5418.14,6608789.0
10:19,5427.31,5427.84,5421.23,5421.86,7123655.0
10:20,5429.55,5430.01,5426.95,5427.41,5965320.0
10:21,5429.16,5429.89,5424.41,5429.82,7237862.0
10:22,5427.68,5432.19,5426.67,5429.39,6524819.0
10:23,5422.98,5432.08,5422.42,5427.67,7235087.0
10:24,5429.98,5429.98,5420.67,5423.07,6755934.0
10:25,5429.32,5430.89,5426.26,5430.01,6395574.0
10:26,5435.52,5435.52,5428.47,5429.85,7483918.0
10:27,5436.13,5436.32,5433.05,5435.83,6294136.0
10:28,5441.14,5441.23,5436.2,5436.2,8746127.0
10:29,5438.45,5441.68,5437.52,5441.05,5846623.0
10:30,5436.59,5440.69,5434.81,5438.92,7979736.0
10:31,5439.9,5439.9,5435.95,5436.64,6951948.0
10:32,5440.87,5441.46,5438.8,5439.9,6662932.0
10:33,5444.09,5444.51,5440.66,5440.93,6193771.0
10:34,5439.78,5444.26,5439.78,5444.26,8185103.0
10:35,5442.78,5442.78,5437.15,5439.77,7168731.0
10:36,5443.47,5444.77,5442.64,5442.65,6456661.0
10:37,5442.31,5443.54,5440.92,5443.44,6509049.0
10:38,5443.27,5444.42,5442.31,5442.31,5708434.0
10:39,5444.31,5446.0,5443.48,5443.49,5765046.0
10:40,5440.14,5444.87,5439.51,5444.37,6309379.0
10:41,5446.7,5447.18,5440.35,5440.35,6282668.0
10:42,5447.76,5447.76,5444.37,5446.91,6195442.0
10:43,5446.09,5447.81,5442.95,5447.8,5819960.0
10:44,5442.21,5447.13,5442.04,5446.26,6108539.0
10:45,5444.4,5444.64,5441.21,5442.46,6029615.0
10:46,5439.2,5444.49,5439.2,5444.44,5929389.0
10:47,5447.66,5447.78,5438.67,5438.67,8358892.0
10:48,5447.02,5448.4,5447.02,5447.46,6153777.0
10:49,5448.53,5449.49,5446.73,5447.47,7789648.0
10:50,5452.78,5452.82,5447.67,5448.37,8330824.0
10:51,5452.26,5455.28,5452.26,5452.9,5827752.0
10:52,5454.96,5455.03,5450.92,5451.97,6357029.0
10:53,5454.29,5455.78,5454.12,5454.9,4800266.0
10:54,5455.9,5456.2,5453.64,5454.26,4979189.0
10:55,5449.87,5456.1,5449.6,5455.96,6081623.0
10:56,5443.41,5449.23,5443.41,5449.23,7175387.0
10:57,5442.73,5444.72,5442.02,5442.98,5903081.0
10:58,5443.97,5444.89,5440.47,5442.54,6407347.0
10:59,5443.22,5446.69,5442.91,5443.32,6155782.0
11:00,5441.23,5448.0,5441.23,5443.28,12130696.0
11:01,5441.28,5444.15,5439.54,5441.28,9883198.0
11:02,5439.96,5441.83,5439.92,5441.4,4492093.0
11:03,5436.26,5440.61,5435.12,5439.84,6926519.0
11:04,5436.58,5439.29,5436.54,5436.55,9114452.0
11:05,5432.15,5437.53,5432.15,5436.66,5954692.0
11:06,5429.38,5432.13,5427.28,5432.12,7063058.0
11:07,5428.75,5430.91,5426.22,5430.26,6302703.0
11:08,5431.55,5431.91,5428.87,5428.87,6751734.0
11:09,5431.03,5433.11,5430.23,5431.64,6422500.0
11:10,5434.31,5434.91,5430.6,5431.01,6654157.0
11:11,5432.67,5434.98,5430.75,5434.44,6304724.0
11:12,5428.97,5432.72,5428.31,5432.64,5458087.0
11:13,5426.64,5429.62,5426.12,5429.06,5852405.0
11:14,5424.51,5427.53,5423.39,5426.64,5874706.0
11:15,5427.5,5428.07,5422.47,5424.63,7452799.0
11:16,5424.35,5427.57,5423.25,5427.53,5566640.0
11:17,5421.2,5424.3,5420.42,5424.3,5424219.0
11:18,5424.78,5424.78,5420.89,5421.71,5431347.0
11:19,5427.45,5427.48,5424.83,5425.03,4964860.0
11:20,5423.84,5428.15,5422.8,5427.38,8590132.0
11:21,5426.62,5426.95,5423.78,5423.82,6756000.0
11:22,5429.62,5429.83,5424.83,5426.54,6304000.0
11:23,5423.59,5429.81,5423.59,5429.73,6352000.0
11:24,5422.13,5424.7,5422.09,5424.04,4581000.0
11:25,5419.9,5422.09,5419.41,5422.03,5512000.0
11:26,5416.62,5421.13,5416.62,5419.81,5850000.0
11:27,5411.04,5416.61,5410.81,5416.47,8002000.0
11:28,5406.14,5411.08,5406.14,5411.08,9492000.0
11:29,5403.47,5406.91,5403.1,5406.26,9864000.0
11:30,5405.46,5405.54,5400.31,5403.54,8281000.0
11:31,5411.58,5412.27,5404.4,5405.54,7267000.0
11:32,5413.52,5415.32,5411.32,5411.48,6232000.0
11:33,5413.09,5414.11,5412.82,5413.56,4076000.0
11:34,5414.4,5414.52,5412.36,5413.02,4743000.0
11:35,5411.13,5416.34,5410.5,5414.83,6037000.0
11:36,5410.7,5412.44,5410.01,5411.06,5031000.0
11:37,5402.59,5410.58,5402.59,5410.58,8734000.0
11:38,5396.15,5403.41,5395.72,5402.67,7645000.0
11:39,5394.95,5396.96,5394.2,5395.95,5811000.0
11:40,5391.62,5394.98,5391.34,5394.98,6267000.0
11:41,5393.56,5393.91,5387.63,5391.61,7797000.0
11:42,5390.03,5393.29,5389.78,5393.12,4551000.0
11:43,5391.76,5391.76,5388.53,5389.89,5152000.0
11:44,5400.16,5400.16,5391.88,5392.02,7080000.0
11:45,5387.79,5400.06,5387.33,5400.06,8183000.0
11:46,5382.64,5389.28,5382.64,5387.7,6346000.0
11:47,5382.51,5383.95,5379.21,5382.73,7601000.0
11:48,5377.1,5382.59,5377.1,5382.59,6167000.0
11:49,5376.79,5378.07,5375.62,5377.22,5962000.0
11:50,5376.5,5377.84,5375.63,5376.73,5505000.0
11:51,5373.57,5376.2,5370.34,5376.14,8231000.0
11:52,5371.62,5373.76,5370.84,5373.68,5453000.0
11:53,5378.78,5379.73,5370.53,5371.51,7577000.0
11:54,5379.32,5379.7,5376.86,5378.92,4999000.0
11:55,5383.87,5383.87,5378.4,5379.36,6125000.0
11:56,5386.28,5386.99,5383.72,5383.92,6515000.0
11:57,5387.85,5388.18,5385.42,5386.35,4847000.0
11:58,5382.54,5387.82,5381.61,5387.82,5655000.0
11:59,5375.98,5382.4,5375.98,5382.4,5412000.0
12:00,5377.33,5377.56,5372.83,5375.8,6085000.0
12:01,5383.94,5384.34,5377.5,5377.5,6056000.0
12:02,5382.05,5385.27,5382.0,5384.51,4111000.0
12:03,5376.38,5381.85,5375.9,5381.85,4715000.0
12:04,5382.73,5382.84,5376.28,5376.28,4417000.0
12:05,5382.66,5384.68,5381.52,5382.7,4122000.0
12:06,5377.77,5382.51,5376.9,5382.45,4863000.0
12:07,5378.3,5382.71,5377.7,5377.7,5896000.0
12:08,5376.6,5378.32,5374.62,5378.32,4702000.0
12:09,5374.79,5377.96,5373.47,5377.34,3848000.0
12:10,5371.42,5377.76,5371.42,5374.86,5585000.0
12:11,5358.68,5371.67,5358.02,5371.31,11068000.0
12:12,5364.73,5364.93,5358.21,5358.44,6896000.0
12:13,5370.21,5370.69,5364.64,5364.64,6337000.0
12:14,5372.9,5375.49,5367.37,5370.22,6124000.0
12:15,5377.85,5378.59,5372.37,5372.84,4963000.0
12:16,5378.8,5378.89,5374.96,5377.02,4866000.0
12:17,5377.68,5382.61,5377.68,5378.5,5754000.0
12:18,5380.32,5381.14,5373.92,5377.21,8538000.0
12:19,5388.11,5392.32,5380.71,5380.73,12561000.0
12:20,5385.51,5390.33,5385.51,5387.92,8085000.0
12:21,5394.95,5394.95,5385.14,5385.68,7908000.0
12:22,5388.32,5395.14,5388.12,5395.09,6980000.0
12:23,5382.24,5388.53,5382.05,5388.04,6219000.0
12:24,5384.55,5385.77,5379.18,5382.39,6421000.0
12:25,5383.78,5385.08,5380.94,5384.51,6128000.0
12:26,5379.58,5383.22,5378.17,5382.79,6098000.0
12:27,5371.7,5379.78,5371.7,5379.78,6604000.0
12:28,5375.48,5377.96,5370.91,5371.22,6026000.0
12:29,5376.91,5379.21,5375.45,5375.45,3856000.0
12:30,5377.35,5378.8,5373.34,5376.82,6543000.0
12:31,5384.81,5385.09,5377.93,5378.79,6511000.0
12:32,5387.55,5387.77,5384.96,5385.13,5739000.0
12:33,5390.48,5390.59,5386.31,5387.14,5511000.0
12:34,5393.13,5393.13,5390.2,5390.53,5299000.0
12:35,5393.87,5395.42,5392.71,5393.16,6039000.0
12:36,5393.92,5395.52,5393.67,5393.67,5386000.0
12:37,5393.69,5394.51,5391.34,5394.25,5372000.0
12:38,5390.46,5394.29,5390.26,5393.63,4260000.0
12:39,5389.31,5391.62,5388.28,5390.83,4679000.0
12:40,5390.89,5391.11,5388.52,5389.22,4066000.0
12:41,5392.95,5392.95,5390.1,5390.84,4566000.0
12:42,5386.99,5392.99,5386.22,5392.99,5124000.0
12:43,5391.22,5391.56,5385.45,5387.07,4855000.0
12:44,5392.85,5392.85,5388.63,5391.15,3680000.0
12:45,5393.82,5394.82,5392.18,5392.84,3800000.0
12:46,5393.25,5393.99,5390.11,5393.97,4922000.0
12:47,5393.84,5394.14,5392.79,5393.27,2920000.0
12:48,5392.65,5395.87,5391.86,5393.92,4866000.0
12:49,5389.58,5393.41,5389.58,5392.7,4576000.0
12:50,5384.24,5389.45,5384.04,5389.45,5089000.0
12:51,5380.63,5384.17,5379.4,5384.17,5871000.0
12:52,5377.86,5380.58,5377.75,5380.58,3577000.0
12:53,5383.49,5383.68,5375.75,5377.96,5773000.0
12:54,5386.92,5386.98,5382.28,5383.57,3969000.0
12:55,5385.89,5388.14,5385.58,5386.9,4149000.0
12:56,5377.22,5386.22,5377.14,5385.96,5408000.0
12:57,5374.48,5377.27,5374.43,5377.27,4887000.0
12:58,5372.92,5375.67,5372.48,5374.41,4566000.0
12:59,5373.74,5375.1,5372.96,5373.02,3449000.0
13:00,5389.07,5408.08,5372.36,5373.69,39092000.0
13:01,5386.58,5389.39,5383.83,5389.16,7429000.0
13:02,5383.22,5388.05,5381.85,5386.67,5497000.0
13:03,5377.94,5384.9,5377.31,5384.84,4992000.0
13:04,5381.14,5381.87,5377.77,5377.94,3780000.0
13:05,5380.76,5386.44,5380.76,5381.57,5331000.0
13:06,5382.39,5382.43,5377.23,5380.95,4804000.0
13:07,5381.06,5382.45,5379.71,5382.41,3300000.0
13:08,5381.95,5384.66,5376.64,5380.79,6356000.0
13:09,5384.39,5384.71,5380.13,5381.43,2878000.0
13:10,5381.96,5386.84,5380.72,5384.36,4932000.0
13:11,5385.45,5385.96,5382.06,5382.06,3290000.0
13:12,5387.83,5387.93,5382.29,5385.33,4358000.0
13:13,5388.33,5388.69,5385.5,5387.76,4150000.0
13:14,5385.33,5388.25,5383.75,5388.25,3245000.0
13:15,5382.62,5385.66,5381.79,5385.39,3388000.0
13:16,5379.81,5382.68,5379.58,5382.62,3779000.0
13:17,5384.51,5384.51,5379.7,5379.94,3126000.0
13:18,5390.77,5390.81,5384.73,5384.73,4380000.0
13:19,5392.16,5392.16,5389.88,5390.86,3796000.0
13:20,5393.38,5393.68,5390.99,5392.2,4625000.0
13:21,5398.42,5398.73,5393.44,5393.44,5785000.0
13:22,5399.35,5400.92,5397.81,5398.52,5201000.0
13:23,5399.97,5402.11,5398.88,5399.44,4278000.0
13:24,5402.42,5402.88,5399.81,5399.81,4412000.0
13:25,5398.44,5402.81,5397.57,5402.81,4417000.0
13:26,5399.09,5400.04,5397.92,5398.42,4199000.0
13:27,5396.69,5400.79,5394.97,5399.17,5679000.0
13:28,5394.84,5398.07,5393.91,5396.92,4573000.0
13:29,5392.42,5394.74,5389.34,5394.74,7638000.0
13:30,5394.81,5396.0,5391.87,5391.87,6622000.0
13:31,5385.09,5394.89,5384.52,5394.77,8587000.0
13:32,5393.67,5393.71,5384.11,5384.98,5453000.0
13:33,5395.0,5396.56,5391.52,5392.98,7601000.0
13:34,5392.69,5395.18,5392.69,5394.89,3871000.0
13:35,5396.47,5396.47,5392.61,5392.96,3666000.0
13:36,5393.76,5397.88,5393.49,5396.32,4945000.0
13:37,5397.05,5397.26,5392.37,5393.76,4049000.0
13:38,5392.92,5398.8,5392.83,5397.21,3791000.0
13:39,5394.1,5394.1,5391.15,5393.17,3933000.0
13:40,5390.51,5394.26,5389.84,5394.21,3326000.0
13:41,5393.46,5393.81,5390.24,5390.57,3763000.0
13:42,5398.17,5398.17,5393.58,5393.58,4527000.0
13:43,5396.83,5399.33,5396.77,5398.37,3395000.0
13:44,5389.44,5396.85,5389.0,5396.78,4833000.0
13:45,5394.45,5394.45,5387.97,5389.39,4738000.0
13:46,5390.55,5396.09,5390.55,5394.51,4223000.0
13:47,5385.86,5390.47,5385.37,5390.47,3710000.0
13:48,5393.55,5393.55,5386.0,5386.0,4274000.0
13:49,5395.25,5395.45,5392.75,5393.53,3127000.0
13:50,5394.53,5397.47,5394.22,5395.21,4524000.0
13:51,5399.27,5399.27,5394.68,5394.74,5195000.0
13:52,5401.81,5401.81,5399.18,5399.18,5279000.0
13:53,5408.92,5409.34,5401.81,5401.81,7066000.0
13:54,5406.67,5411.4,5406.6,5408.87,5591000.0
13:55,5407.64,5409.99,5406.62,5406.62,4012000.0
13:56,5403.81,5407.84,5402.78,5407.63,3618000.0
13:57,5408.72,5408.88,5403.9,5403.92,3901000.0
13:58,5409.47,5410.01,5408.08,5408.7,4470000.0
13:59,5408.09,5410.33,5408.04,5409.42,3369000.0
14:00,5411.07,5411.17,5407.57,5408.1,3483000.0
14:01,5411.97,5412.85,5410.89,5411.19,4119000.0
14:02,5413.33,5414.26,5412.38,5412.38,4358000.0
14:03,5413.44,5413.9,5411.81,5413.15,4403000.0
14:04,5413.19,5413.89,5412.35,5413.47,3675000.0
14:05,5410.29,5413.91,5408.82,5413.05,6098000.0
14:06,5415.85,5415.85,5410.51,5410.51,4888000.0
14:07,5413.93,5416.04,5413.02,5415.9,3959000.0
14:08,5414.78,5414.78,5412.98,5413.8,4139000.0
14:09,5414.76,5415.05,5413.73,5414.77,3198000.0
14:10,5413.08,5414.94,5413.08,5414.71,3859000.0
14:11,5409.82,5415.24,5409.28,5413.0,5094000.0
14:12,5407.91,5410.11,5407.07,5409.58,3353000.0
14:13,5411.62,5412.57,5408.05,5408.05,4155000.0
14:14,5411.38,5412.15,5409.99,5411.75,3351000.0
14:15,5409.51,5411.46,5409.01,5411.46,3534000.0
14:16,5413.06,5413.06,5409.77,5409.77,4427000.0
14:17,5414.34,5415.11,5413.05,5413.05,4253000.0
14:18,5414.15,5414.74,5413.29,5414.54,2841000.0
14:19,5414.54,5414.54,5410.19,5413.88,5175000.0
14:20,5418.47,5418.51,5414.54,5414.54,4751000.0
14:21,5419.67,5420.15,5418.39,5418.49,4097000.0
14:22,5421.33,5421.43,5419.37,5419.76,3853000.0
14:23,5421.18,5421.46,5420.06,5421.42,3206000.0
14:24,5421.37,5422.07,5421.15,5421.15,3711000.0
14:25,5419.88,5422.35,5419.54,5421.5,4464000.0
14:26,5420.32,5420.53,5418.18,5419.85,4784000.0
14:27,5422.71,5422.71,5420.37,5420.38,3577000.0
14:28,5422.26,5422.78,5421.98,5422.76,3157000.0
14:29,5421.9,5422.29,5421.31,5422.29,3154000.0
14:30,5421.31,5421.66,5419.65,5421.63,4613000.0
14:31,5424.46,5425.16,5421.3,5421.3,5434000.0
14:32,5424.8,5425.35,5424.2,5424.58,3486000.0
14:33,5421.61,5425.06,5421.61,5424.79,5008000.0
14:34,5423.85,5424.67,5421.62,5421.62,4927000.0
14:35,5425.16,5425.18,5423.01,5423.84,4312000.0
14:36,5423.04,5425.16,5423.04,5425.12,4485000.0
14:37,5426.17,5426.86,5422.88,5422.88,5365000.0
14:38,5425.27,5426.53,5424.57,5426.24,5084000.0
14:39,5425.15,5426.11,5424.93,5425.27,3322000.0
14:40,5425.34,5427.31,5425.16,5425.25,4522000.0
14:41,5427.05,5427.06,5425.44,5425.54,2988000.0
14:42,5426.74,5426.98,5425.36,5426.98,4442000.0
14:43,5429.36,5429.44,5426.77,5426.77,4677000.0
14:44,5430.54,5430.96,5429.26,5429.44,4579000.0
14:45,5428.09,5430.6,5427.06,5430.6,6103000.0
14:46,5427.11,5430.63,5427.11,5428.0,5738000.0
14:47,5426.39,5428.37,5426.39,5426.89,4848000.0
14:48,5425.68,5426.03,5423.3,5426.01,4971000.0
14:49,5426.98,5427.26,5425.36,5425.95,4291000.0
14:50,5428.2,5428.2,5425.08,5426.96,4792000.0
14:51,5425.35,5429.13,5425.24,5428.24,4082000.0
14:52,5426.83,5426.83,5423.71,5425.39,4649000.0
14:53,5426.27,5427.26,5424.71,5426.97,3723000.0
14:54,5426.11,5426.52,5425.34,5426.26,4023000.0
14:55,5426.02,5426.16,5423.67,5426.09,4572000.0
14:56,5427.3,5427.38,5425.85,5425.96,4789000.0
14:57,5424.12,5427.39,5424.07,5427.3,5219000.0
14:58,5427.68,5427.8,5424.01,5424.05,4705000.0
14:59,5425.4,5428.11,5423.98,5427.42,5311000.0
15:00,5429.7,5430.02,5425.05,5425.4,6941000.0
15:01,5428.76,5432.13,5428.76,5430.12,5843000.0
15:02,5428.28,5430.73,5428.24,5428.66,4091000.0
15:03,5430.74,5430.95,5428.06,5428.28,3730000.0
15:04,5431.95,5431.96,5430.07,5430.83,5222000.0
15:05,5432.86,5433.0,5431.34,5431.96,4653000.0
15:06,5433.88,5434.64,5432.73,5432.73,4819000.0
15:07,5437.57,5437.83,5434.0,5434.0,5754000.0
15:08,5439.19,5439.21,5437.02,5437.76,6337000.0
15:09,5439.54,5439.63,5437.38,5439.21,6345000.0
15:10,5436.73,5439.83,5436.45,5439.47,6674000.0
15:11,5439.62,5439.62,5436.45,5436.79,4672000.0
15:12,5440.65,5440.65,5438.55,5439.65,4816000.0
15:13,5442.84,5443.7,5440.86,5441.03,5774000.0
15:14,5442.63,5443.49,5441.79,5442.93,5037000.0
15:15,5437.93,5442.31,5437.92,5442.31,6330000.0
15:16,5434.43,5437.92,5433.52,5437.85,6868000.0
15:17,5438.38,5439.53,5433.75,5434.53,6670000.0
15:18,5434.83,5438.42,5432.3,5438.42,6376000.0
15:19,5434.44,5437.47,5434.44,5435.21,5331000.0
15:20,5433.5,5435.06,5432.31,5434.31,5414000.0
15:21,5436.57,5437.44,5433.14,5433.38,6086000.0
15:22,5433.26,5436.78,5433.26,5436.43,5725000.0
15:23,5435.92,5435.93,5433.23,5433.42,5365000.0
15:24,5437.43,5438.87,5435.95,5435.96,6692000.0
15:25,5434.64,5437.43,5434.38,5437.34,6905000.0
15:26,5429.93,5434.66,5429.67,5434.66,7767000.0
15:27,5433.23,5433.25,5429.46,5429.82,6578000.0
15:28,5435.2,5436.1,5432.65,5433.72,7532000.0
15:29,5431.9,5435.2,5431.32,5435.2,6554000.0
15:30,5431.06,5433.88,5429.81,5431.89,8095000.0
15:31,5429.19,5432.38,5428.02,5431.01,8854000.0
15:32,5427.43,5429.38,5425.97,5429.25,8142000.0
15:33,5431.79,5432.77,5427.31,5427.55,7622000.0
15:34,5432.55,5433.08,5431.52,5431.81,7597000.0
15:35,5429.57,5432.9,5427.87,5432.7,9634000.0
15:36,5432.73,5434.57,5429.78,5429.88,8169000.0
15:37,5430.32,5432.73,5429.14,5432.73,6925000.0
15:38,5430.92,5432.08,5429.85,5430.27,6106000.0
15:39,5431.11,5432.27,5430.82,5431.08,6267000.0
15:40,5436.64,5436.71,5430.7,5431.16,9790000.0
15:41,5436.83,5437.48,5435.68,5436.74,7259000.0
15:42,5437.73,5439.56,5436.91,5436.91,8906000.0
15:43,5437.99,5438.45,5435.54,5437.44,8836000.0
15:44,5435.31,5437.9,5434.37,5437.9,8440000.0
15:45,5434.75,5436.07,5432.74,5435.21,8985000.0
15:46,5435.13,5435.57,5432.88,5434.55,8503000.0
15:47,5429.71,5434.8,5429.48,5434.8,9540000.0
15:48,5427.38,5430.6,5427.21,5429.67,8902000.0
15:49,5427.4,5427.77,5422.8,5427.32,13172000.0
15:50,5414.05,5427.31,5414.05,5427.31,19573000.0
15:51,5422.32,5422.36,5411.09,5413.7,17062000.0
15:52,5418.18,5424.28,5418.09,5422.38,14236000.0
15:53,5417.87,5418.47,5415.84,5418.15,15608000.0
15:54,5416.51,5422.34,5415.86,5418.13,19832000.0
15:55,5406.7,5415.98,5406.54,5415.98,27251000.0
15:56,5406.19,5408.48,5406.16,5406.43,22471000.0
15:57,5403.52,5406.03,5402.86,5406.03,27800000.0
15:58,5403.84,5403.86,5402.15,5403.59,36338000.0
15:59,5405.56,5407.14,5403.43,5404.19,75890000.0
