Time,Close,High,Low,Open,Volume
09:30,6362.24,6362.96,6355.22,6355.22,1.0
09:31,6361.38,6363.79,6360.6,6362.03,13811089.0
09:32,6360.78,6362.54,6360.36,6361.4,12247181.0
09:33,6360.59,6361.38,6359.56,6360.44,10205462.0
09:34,6359.92,6360.5,6356.76,6360.38,9036708.0
09:35,6360.93,6361.61,6359.42,6359.91,10883767.0
09:36,6362.11,6362.34,6359.36,6360.84,9355802.0
09:37,6362.37,6362.37,6361.23,6361.94,8924481.0
09:38,6361.02,6363.03,6360.78,6362.55,8772902.0
09:39,6362.09,6363.16,6360.68,6360.97,8538117.0
09:40,6360.83,6362.21,6360.22,6362.21,8667181.0
09:41,6363.75,6364.05,6360.3,6360.84,8316093.0
09:42,6366.0,6366.12,6363.94,6364.02,9569979.0
09:43,6363.82,6366.99,6363.56,6366.04,8890839.0
09:44,6365.43,6365.48,6363.58,6363.87,7223595.0
09:45,6369.77,6370.17,6365.65,6365.65,10034766.0
09:46,6370.23,6370.56,6368.92,6369.96,8459172.0
09:47,6373.1,6373.25,6370.09,6370.23,9099519.0
09:48,6372.33,6373.69,6371.65,6373.18,7615210.0
09:49,6371.03,6372.43,6370.91,6372.43,7431661.0
09:50,6371.38,6371.48,6369.24,6371.11,9301722.0
09:51,6371.88,6373.28,6371.47,6371.47,10313510.0
09:52,6372.42,6373.71,6371.77,6371.92,7588032.0
09:53,6374.85,6374.85,6371.79,6372.49,7780181.0
09:54,6373.31,6375.37,6373.02,6374.95,8558432.0
09:55,6376.6,6376.75,6373.01,6373.33,8309238.0
09:56,6376.06,6377.42,6376.02,6376.66,8746202.0
09:57,6376.71,6377.02,6375.18,6375.99,7446429.0
09:58,6376.61,6377.62,6376.39,6376.61,7930795.0
09:59,6376.35,6377.38,6375.66,6376.67,6836162.0
10:00,6378.02,6378.2,6375.93,6376.41,10644500.0
10:01,6380.94,6381.05,6377.52,6377.8,9065563.0
10:02,6379.49,6381.21,6378.12,6381.21,7728205.0
10:03,6381.18,6381.18,6379.43,6379.44,7357516.0
10:04,6382.25,6382.25,6380.79,6381.23,8019920.0
10:05,6381.74,6382.35,6380.73,6382.14,8934469.0
10:06,6385.07,6385.07,6381.74,6381.74,8183354.0
10:07,6384.46,6385.58,6384.33,6385.09,9817438.0
10:08,6382.79,6384.59,6381.67,6384.59,10382190.0
10:09,6385.86,6385.86,6382.69,6382.69,9782484.0
10:10,6385.49,6386.43,6384.79,6385.88,10005519.0
10:11,6383.34,6385.6,6383.21,6385.6,9780163.0
10:12,6381.13,6383.67,6381.07,6382.98,9770102.0
10:13,6381.46,6381.62,6380.88,6380.89,7420162.0
10:14,6379.81,6382.1,6379.12,6381.6,7798205.0
10:15,6377.22,6377.71,6376.97,6377.64,7357794.0
10:16,6377.05,6378.44,6376.65,6377.21,7327116.0
10:17,6378.95,6379.65,6377.08,6377.08,7536256.0
10:18,6380.41,6380.6,6378.79,6378.88,6378080.0
10:19,6379.77,6380.82,6379.72,6380.57,6195266.0
10:20,6380.25,6380.29,6378.26,6379.77,6541784.0
10:21,6378.54,6380.89,6378.54,6380.24,7031623.0
10:22,6380.0,6380.16,6378.3,6378.3,7220608.0
10:23,6378.52,6380.38,6378.46,6380.12,6494458.0
10:24,6379.42,6380.04,6378.78,6378.78,6275334.0
10:25,6379.19,6379.43,6377.8,6379.43,6584676.0
10:26,6380.24,6380.28,6378.54,6379.11,6448110.0
10:27,6382.67,6383.36,6379.86,6380.21,7174257.0
10:28,6382.05,6382.69,6381.91,6382.52,6216562.0
10:29,6383.08,6383.44,6381.78,6381.94,5839121.0
10:30,6384.99,6384.99,6382.76,6383.13,7793168.0
10:31,6385.56,6385.95,6385.05,6385.05,7216977.0
10:32,6386.43,6386.9,6385.37,6385.68,9895780.0
10:33,6388.18,6388.18,6386.42,6386.54,7773164.0
10:34,6387.67,6388.95,6387.56,6388.29,7863318.0
10:35,6388.39,6388.57,6387.18,6387.71,7007826.0
10:36,6388.28,6388.91,6387.98,6388.44,6797690.0
10:37,6387.98,6388.74,6387.83,6388.39,6451568.0
10:38,6386.66,6387.92,6386.13,6387.92,5687288.0
10:39,6385.72,6387.35,6385.72,6386.85,6285952.0
10:40,6386.06,6386.51,6385.39,6385.71,5992293.0
10:41,6382.46,6385.96,6382.36,6385.96,7700082.0
10:42,6382.7,6383.27,6381.64,6382.48,6664303.0
10:43,6383.88,6384.69,6382.51,6382.71,6062336.0
10:44,6384.12,6384.32,6383.42,6384.01,5409010.0
10:45,6382.49,6384.08,6382.24,6384.08,5188897.0
10:46,6383.52,6383.84,6383.44,6383.84,6017344.0
10:47,6382.82,6383.69,6382.6,6383.53,4801908.0
10:48,6382.0,6383.0,6381.6,6382.98,5065164.0
10:49,6382.94,6383.13,6381.66,6381.89,5724115.0
10:50,6380.67,6383.16,6380.67,6382.93,5606649.0
10:51,6380.02,6381.37,6379.93,6380.62,5880890.0
10:52,6379.04,6380.67,6379.04,6380.03,5577549.0
10:53,6379.29,6379.93,6378.19,6378.82,5782737.0
10:54,6379.59,6380.17,6379.21,6379.21,5987559.0
10:55,6378.53,6379.54,6376.69,6379.54,5552659.0
10:56,6377.64,6379.0,6377.35,6378.4,4986902.0
10:57,6376.96,6377.72,6376.72,6377.63,5208712.0
10:58,6376.45,6376.87,6375.77,6376.87,5646158.0
10:59,6376.77,6377.29,6376.24,6376.55,5355602.0
11:00,6376.53,6377.57,6376.21,6377.0,6890386.0
11:01,6375.11,6376.73,6374.93,6376.4,7297638.0
11:02,6377.72,6377.74,6375.1,6375.1,7165688.0
11:03,6378.29,6378.29,6377.35,6377.7,6680868.0
11:04,6379.19,6379.19,6377.8,6378.32,6114561.0
11:05,6379.51,6379.59,6378.3,6379.1,6056945.0
11:06,6380.87,6381.71,6379.47,6379.47,6304075.0
11:07,6380.9,6381.01,6380.4,6380.86,5886644.0
11:08,6382.79,6382.79,6380.89,6380.89,6673646.0
11:09,6382.18,6383.25,6382.08,6382.77,7073690.0
11:10,6380.71,6382.57,6380.71,6382.17,6385035.0
11:11,6378.29,6380.65,6378.29,6380.43,5763555.0
11:12,6378.32,6378.81,6378.13,6378.13,5639325.0
11:13,6379.3,6379.6,6378.16,6378.42,5763686.0
11:14,6382.02,6382.05,6379.14,6379.28,5763580.0
11:15,6382.21,6382.41,6381.72,6382.04,4943925.0
11:16,6381.07,6382.16,6380.82,6382.16,6003067.0
11:17,6379.98,6381.12,6379.89,6381.08,5087345.0
11:18,6380.51,6381.61,6379.97,6379.97,6075583.0
11:19,6378.62,6380.57,6378.55,6380.53,5975341.0
11:20,6378.04,6379.53,6378.04,6378.68,6128101.0
11:21,6378.31,6378.5,6377.68,6377.97,7180362.0
11:22,6377.33,6379.24,6376.98,6378.59,7036160.0
11:23,6378.13,6378.5,6377.28,6377.32,5350724.0
11:24,6378.8,6379.01,6377.85,6378.02,4747826.0
11:25,6379.07,6379.53,6378.37,6378.79,6659424.0
11:26,6378.37,6379.15,6377.97,6379.15,5647523.0
11:27,6379.22,6379.22,6377.27,6377.62,5242828.0
11:28,6379.64,6380.11,6379.25,6379.25,5422937.0
11:29,6379.0,6379.86,6379.0,6379.64,5271763.0
11:30,6375.95,6379.08,6375.7,6378.92,6086925.0
11:31,6377.16,6377.51,6375.86,6375.9,4891736.0
11:32,6376.05,6377.32,6375.64,6377.18,5102485.0
11:33,6374.64,6375.98,6373.98,6375.98,5349816.0
11:34,6375.24,6375.44,6373.88,6374.74,5171523.0
11:35,6373.15,6375.75,6372.94,6375.35,5564889.0
11:36,6373.05,6373.69,6372.52,6372.88,4712920.0
11:37,6373.16,6374.25,6372.37,6373.1,5593878.0
11:38,6370.12,6373.14,6370.11,6373.14,6080705.0
11:39,6370.98,6371.78,6369.57,6370.09,6125928.0
11:40,6368.29,6371.44,6368.11,6371.01,6426557.0
11:41,6368.15,6370.67,6367.96,6368.25,6317000.0
11:42,6369.44,6370.13,6368.34,6368.34,4996000.0
11:43,6369.61,6370.14,6369.06,6369.37,4917000.0
11:44,6368.27,6370.51,6368.27,6369.57,5274000.0
11:45,6369.32,6369.88,6368.2,6368.22,4653000.0
11:46,6369.26,6369.45,6368.0,6369.14,4738000.0
11:47,6371.64,6371.64,6369.23,6369.23,4586000.0
11:48,6373.37,6373.37,6371.65,6371.65,4914000.0
11:49,6373.91,6374.29,6373.38,6373.4,4453000.0
11:50,6375.05,6375.05,6373.47,6373.83,5059000.0
11:51,6374.0,6375.18,6373.57,6375.05,5104000.0
11:52,6374.95,6374.95,6373.81,6374.03,4458000.0
11:53,6377.32,6377.57,6374.75,6375.04,4960000.0
11:54,6378.56,6378.82,6376.82,6377.23,4743000.0
11:55,6380.32,6380.32,6378.26,6378.61,5547000.0
11:56,6381.57,6381.68,6380.38,6380.38,5258000.0
11:57,6382.11,6382.57,6381.28,6381.58,5883000.0
11:58,6381.09,6382.12,6380.82,6382.1,4545000.0
11:59,6382.14,6382.2,6380.99,6381.22,4197000.0
12:00,6382.01,6382.53,6381.86,6382.11,5045000.0
12:01,6384.19,6384.19,6381.99,6382.1,5063000.0
12:02,6384.88,6384.88,6383.83,6383.85,4168000.0
12:03,6385.68,6385.77,6384.82,6384.82,4460000.0
12:04,6384.67,6385.8,6384.65,6385.65,4013000.0
12:05,6385.62,6385.78,6384.68,6384.68,5366000.0
12:06,6385.07,6385.82,6385.0,6385.59,4210000.0
12:07,6385.64,6385.93,6384.43,6385.1,5043000.0
12:08,6385.68,6385.89,6385.36,6385.56,4008000.0
12:09,6385.66,6385.97,6385.36,6385.66,4493000.0
12:10,6385.02,6385.86,6384.71,6385.6,4793000.0
12:11,6385.79,6386.39,6385.15,6385.15,4807000.0
12:12,6385.81,6385.93,6384.68,6385.8,5098000.0
12:13,6386.03,6386.23,6383.86,6385.87,4756000.0
12:14,6386.09,6386.22,6385.49,6386.01,4644000.0
12:15,6386.32,6386.42,6385.57,6386.08,4219000.0
12:16,6390.34,6390.35,6386.25,6386.25,5808000.0
12:17,6390.25,6391.33,6389.88,6390.32,4955000.0
12:18,6389.59,6391.17,6389.47,6390.19,5523000.0
12:19,6390.63,6390.83,6389.57,6389.6,4457000.0
12:20,6390.36,6390.87,6389.82,6390.78,4403000.0
12:21,6389.82,6391.27,6389.7,6390.43,5595000.0
12:22,6389.6,6390.3,6389.35,6389.83,3835000.0
12:23,6388.63,6389.63,6388.63,6389.53,4425000.0
12:24,6389.04,6389.09,6387.76,6388.42,3686000.0
12:25,6389.71,6389.71,6388.78,6389.05,4514000.0
12:26,6388.7,6389.68,6388.19,6389.57,5672000.0
12:27,6387.62,6389.05,6387.46,6388.71,4086000.0
12:28,6386.63,6387.59,6386.63,6387.59,4114000.0
12:29,6388.21,6388.37,6386.06,6386.24,5306000.0
12:30,6387.4,6388.14,6387.4,6388.08,4306000.0
12:31,6387.61,6388.28,6386.92,6387.37,5251000.0
12:32,6387.49,6387.94,6386.69,6387.59,4442000.0
12:33,6385.88,6387.76,6385.83,6387.55,4711000.0
12:34,6386.41,6386.51,6385.91,6385.91,4057000.0
12:35,6386.81,6386.84,6385.49,6386.45,4988000.0
12:36,6387.19,6387.36,6386.24,6386.75,4800000.0
12:37,6386.16,6387.85,6386.16,6387.13,3534000.0
12:38,6387.21,6387.38,6385.97,6386.0,4123000.0
12:39,6387.59,6387.83,6386.92,6387.23,3779000.0
12:40,6388.43,6388.5,6386.87,6387.69,4475000.0
12:41,6389.27,6389.48,6388.04,6388.51,4577000.0
12:42,6389.94,6390.02,6388.85,6389.28,4045000.0
12:43,6389.61,6390.15,6389.48,6390.1,4547000.0
12:44,6388.53,6389.8,6388.45,6389.53,3994000.0
12:45,6389.52,6389.68,6388.52,6388.58,4323000.0
12:46,6388.07,6389.53,6387.6,6389.53,4722000.0
12:47,6387.15,6388.66,6387.11,6388.1,4374000.0
12:48,6387.35,6387.52,6386.47,6387.37,4220000.0
12:49,6386.8,6387.47,6386.71,6387.28,3994000.0
12:50,6385.37,6386.71,6385.31,6386.7,4223000.0
12:51,6387.54,6387.76,6384.66,6385.35,5099000.0
12:52,6384.98,6387.63,6384.69,6387.51,5229000.0
12:53,6384.63,6385.43,6384.53,6384.92,4915000.0
12:54,6384.06,6384.69,6383.42,6384.61,4715000.0
12:55,6384.65,6385.76,6383.73,6384.06,4747000.0
12:56,6384.84,6385.1,6384.17,6384.69,4277000.0
12:57,6384.92,6385.53,6384.32,6384.7,4149000.0
12:58,6385.08,6385.47,6384.45,6384.95,4462000.0
12:59,6384.46,6384.92,6383.91,6384.92,4389000.0
13:00,6383.54,6384.79,6383.48,6384.39,5402000.0
13:01,6381.12,6383.49,6380.62,6383.49,5512000.0
13:02,6380.53,6381.59,6380.53,6380.92,5585000.0
13:03,6382.21,6382.28,6380.62,6380.62,4229000.0
13:04,6383.04,6383.5,6382.06,6382.16,4579000.0
13:05,6382.68,6383.5,6382.62,6383.06,4320000.0
13:06,6383.49,6384.34,6382.79,6382.79,4168000.0
13:07,6382.72,6383.5,6382.35,6383.5,4721000.0
13:08,6382.98,6382.98,6382.49,6382.78,5369000.0
13:09,6385.51,6385.66,6382.93,6382.97,4531000.0
13:10,6383.45,6385.47,6383.45,6385.47,4613000.0
13:11,6382.53,6383.66,6382.18,6383.46,5601000.0
13:12,6384.98,6384.98,6382.58,6382.77,4632000.0
13:13,6384.52,6384.8,6383.15,6383.59,6702000.0
13:14,6384.06,6384.62,6383.72,6384.41,8772000.0
13:15,6382.27,6384.18,6382.09,6384.02,3852000.0
13:16,6381.88,6382.86,6381.79,6382.17,4045000.0
13:17,6381.87,6382.12,6381.47,6381.9,3739000.0
13:18,6380.67,6381.89,6380.37,6381.76,5390000.0
13:19,6381.42,6381.42,6380.07,6380.59,4619000.0
13:20,6382.25,6382.55,6381.26,6381.49,4549000.0
13:21,6382.44,6382.95,6382.17,6382.56,3489000.0
13:22,6384.6,6385.41,6382.29,6382.52,6516000.0
13:23,6386.63,6386.63,6384.61,6384.63,5357000.0
13:24,6386.11,6386.67,6385.95,6386.54,3900000.0
13:25,6383.87,6386.12,6383.87,6386.12,4192000.0
13:26,6382.48,6383.9,6382.48,6383.77,4466000.0
13:27,6383.1,6383.23,6382.34,6382.35,3809000.0
13:28,6382.71,6383.36,6382.69,6382.99,3499000.0
13:29,6382.45,6383.36,6382.45,6382.83,3513000.0
13:30,6384.65,6384.72,6382.38,6382.52,4439000.0
13:31,6385.35,6386.08,6384.24,6384.63,4561000.0
13:32,6385.0,6385.43,6384.61,6385.37,3827000.0
13:33,6385.69,6385.89,6384.96,6384.96,3586000.0
13:34,6385.53,6385.81,6384.81,6385.71,3998000.0
13:35,6385.3,6386.54,6385.3,6385.51,4092000.0
13:36,6386.05,6386.1,6385.05,6385.21,4287000.0
13:37,6385.92,6386.19,6385.05,6386.13,5011000.0
13:38,6386.63,6386.88,6385.89,6385.93,3820000.0
13:39,6386.91,6387.18,6386.53,6386.61,3836000.0
13:40,6388.3,6388.3,6386.54,6387.0,3993000.0
13:41,6388.83,6388.92,6388.06,6388.37,3925000.0
13:42,6390.05,6390.05,6388.74,6389.08,4128000.0
13:43,6390.71,6390.74,6389.87,6390.1,3462000.0
13:44,6389.82,6390.78,6389.78,6390.68,3461000.0
13:45,6390.43,6390.43,6389.69,6389.8,3762000.0
13:46,6389.21,6390.44,6388.68,6390.4,4260000.0
13:47,6390.36,6390.41,6388.83,6389.22,3354000.0
13:48,6390.44,6390.48,6389.78,6390.43,3107000.0
13:49,6389.9,6391.23,6389.88,6390.47,4415000.0
13:50,6390.42,6390.77,6389.5,6389.85,3411000.0
13:51,6390.11,6390.56,6389.1,6390.36,3767000.0
13:52,6390.22,6390.57,6389.93,6390.11,3596000.0
13:53,6391.21,6391.21,6390.02,6390.17,4410000.0
13:54,6390.79,6391.16,6390.51,6391.16,3750000.0
13:55,6390.59,6390.83,6390.23,6390.83,3311000.0
13:56,6391.53,6391.88,6390.58,6390.75,3816000.0
13:57,6391.75,6392.14,6391.41,6391.51,3666000.0
13:58,6391.63,6391.85,6391.39,6391.72,3404000.0
13:59,6390.62,6391.74,6390.49,6391.57,4203000.0
14:00,6393.01,6393.01,6390.62,6390.62,5212000.0
14:01,6393.73,6393.86,6393.11,6393.12,4171000.0
14:02,6393.17,6393.73,6393.16,6393.73,4350000.0
14:03,6394.73,6394.73,6392.8,6393.04,3890000.0
14:04,6393.83,6394.96,6393.83,6394.7,4153000.0
14:05,6393.67,6394.16,6393.54,6393.88,3673000.0
14:06,6394.6,6394.78,6393.23,6393.73,4242000.0
14:07,6394.47,6394.63,6394.13,6394.63,3567000.0
14:08,6394.54,6395.16,6394.29,6394.61,4459000.0
14:09,6393.32,6394.43,6393.21,6394.43,5127000.0
14:10,6392.67,6393.47,6392.36,6393.44,4738000.0
14:11,6392.53,6393.02,6392.08,6392.63,4415000.0
14:12,6392.92,6393.02,6392.54,6392.54,4225000.0
14:13,6393.55,6393.88,6392.72,6392.89,4355000.0
14:14,6392.26,6393.65,6392.17,6393.59,3563000.0
14:15,6391.71,6392.39,6391.44,6392.25,4153000.0
14:16,6392.75,6393.0,6391.75,6391.85,3756000.0
14:17,6393.86,6393.94,6392.71,6392.73,3489000.0
14:18,6393.44,6393.87,6393.26,6393.86,3413000.0
14:19,6393.3,6393.6,6392.98,6393.37,4016000.0
14:20,6392.53,6393.36,6392.44,6393.32,4457000.0
14:21,6392.81,6393.01,6392.57,6392.59,3442000.0
14:22,6392.46,6393.36,6392.34,6392.84,3770000.0
14:23,6392.95,6392.96,6392.32,6392.61,3927000.0
14:24,6391.59,6393.13,6391.41,6393.0,3137000.0
14:25,6389.58,6391.52,6389.54,6391.52,4026000.0
14:26,6390.09,6390.15,6388.32,6389.35,4670000.0
14:27,6391.02,6391.09,6390.03,6390.03,3991000.0
14:28,6389.92,6391.09,6389.92,6391.08,3522000.0
14:29,6390.6,6390.77,6390.0,6390.0,3500000.0
14:30,6391.43,6391.84,6390.42,6390.64,4625000.0
14:31,6391.4,6392.11,6391.4,6391.41,4747000.0
14:32,6391.7,6391.74,6391.16,6391.5,3562000.0
14:33,6392.78,6392.79,6391.66,6391.7,3757000.0
14:34,6393.01,6393.18,6392.48,6392.79,3497000.0
14:35,6392.92,6393.49,6392.83,6393.14,4583000.0
14:36,6393.07,6393.2,6392.74,6392.94,3350000.0
14:37,6392.87,6393.19,6392.55,6393.14,3691000.0
14:38,6391.72,6392.81,6391.7,6392.8,3947000.0
14:39,6391.25,6391.7,6390.91,6391.7,4197000.0
14:40,6392.02,6392.02,6391.22,6391.36,3231000.0
14:41,6392.13,6392.72,6392.03,6392.03,3777000.0
14:42,6391.6,6392.09,6391.57,6392.09,3758000.0
14:43,6391.15,6391.64,6391.15,6391.56,3634000.0
14:44,6392.22,6392.46,6391.28,6391.28,3590000.0
14:45,6391.54,6392.35,6391.37,6392.24,3701000.0
14:46,6391.21,6391.61,6391.11,6391.52,3854000.0
14:47,6392.54,6392.54,6391.24,6391.24,3027000.0
14:48,6392.71,6392.74,6392.12,6392.48,4868000.0
14:49,6393.14,6393.56,6392.6,6392.69,4337000.0
14:50,6391.96,6393.28,6391.92,6393.21,5709000.0
14:51,6392.41,6392.63,6391.73,6391.77,3992000.0
14:52,6393.4,6393.47,6392.19,6392.33,3844000.0
14:53,6393.65,6393.71,6393.19,6393.39,3638000.0
14:54,6392.51,6393.73,6392.29,6393.73,8020000.0
14:55,6391.49,6392.74,6391.43,6392.6,5353000.0
14:56,6391.83,6392.11,6390.89,6391.43,4795000.0
14:57,6391.71,6392.09,6391.54,6391.8,4724000.0
14:58,6392.11,6392.14,6391.45,6391.68,4830000.0
14:59,6390.82,6392.12,6390.73,6392.08,5054000.0
15:00,6391.47,6391.67,6390.72,6390.91,4705000.0
15:01,6390.75,6391.55,6390.07,6391.46,5375000.0
15:02,6390.03,6390.84,6390.03,6390.73,4290000.0
15:03,6389.74,6390.25,6389.55,6389.95,4712000.0
15:04,6389.88,6389.88,6389.38,6389.66,5441000.0
15:05,6389.61,6389.94,6389.53,6389.79,4989000.0
15:06,6389.72,6389.89,6389.11,6389.63,4503000.0
15:07,6389.59,6389.97,6389.47,6389.75,4787000.0
15:08,6389.45,6389.63,6389.21,6389.6,4592000.0
15:09,6390.27,6390.33,6389.28,6389.35,4436000.0
15:10,6390.09,6390.6,6389.95,6390.28,5207000.0
15:11,6390.92,6390.92,6389.85,6390.15,6169000.0
15:12,6390.35,6391.22,6390.35,6390.88,6342000.0
15:13,6390.21,6390.38,6390.0,6390.29,5114000.0
15:14,6390.62,6390.66,6390.1,6390.18,5065000.0
15:15,6391.32,6391.32,6389.98,6390.6,5064000.0
15:16,6391.63,6392.29,6391.31,6391.35,6256000.0
15:17,6391.58,6391.83,6391.25,6391.54,5016000.0
15:18,6391.99,6392.14,6391.56,6391.61,4737000.0
15:19,6393.45,6393.45,6391.99,6391.99,5127000.0
15:20,6393.77,6394.49,6393.25,6393.48,6578000.0
15:21,6392.81,6393.94,6392.64,6393.82,6032000.0
15:22,6391.93,6392.91,6391.93,6392.73,5291000.0
15:23,6391.97,6393.41,6391.72,6391.9,5966000.0
15:24,6391.51,6392.23,6391.45,6391.88,4838000.0
15:25,6392.13,6392.2,6391.3,6391.45,5410000.0
15:26,6390.87,6392.48,6390.86,6392.18,6131000.0
15:27,6391.03,6391.19,6390.6,6390.89,5290000.0
15:28,6390.96,6391.3,6390.87,6391.0,5710000.0
15:29,6391.02,6391.63,6390.72,6390.97,6007000.0
15:30,6389.7,6390.94,6389.41,6390.93,6820000.0
15:31,6388.06,6389.67,6388.02,6389.67,6221000.0
15:32,6388.79,6389.22,6388.06,6388.06,6166000.0
15:33,6388.75,6389.08,6388.5,6388.86,6037000.0
15:34,6388.24,6388.77,6387.88,6388.75,7027000.0
15:35,6386.59,6388.31,6386.47,6388.29,6934000.0
15:36,6387.28,6387.64,6386.38,6386.56,7582000.0
15:37,6387.39,6387.48,6386.93,6387.22,7835000.0
15:38,6386.94,6387.43,6386.14,6387.43,7321000.0
15:39,6386.73,6387.37,6386.73,6386.92,6389000.0
15:40,6386.29,6386.96,6386.26,6386.63,7972000.0
15:41,6385.61,6385.99,6385.59,6385.83,12038000.0
15:42,6384.93,6385.03,6384.93,6385.03,16104000.0
15:43,6383.99,6385.01,6383.87,6384.99,7276000.0
15:44,6382.84,6383.92,6382.45,6383.84,9207000.0
15:45,6382.66,6382.82,6381.1,6382.82,9210000.0
15:46,6381.37,6382.61,6381.29,6382.61,8211000.0
15:47,6380.77,6381.46,6380.33,6381.4,9011000.0
15:48,6381.78,6381.95,6380.3,6380.82,9840000.0
15:49,6381.79,6382.15,6381.03,6381.97,10409000.0
15:50,6383.43,6383.56,6379.4,6381.72,17330000.0
15:51,6385.02,6385.45,6382.95,6383.43,13606000.0
15:52,6384.99,6385.33,6384.42,6384.98,11900000.0
15:53,6386.42,6386.87,6384.94,6385.06,13757000.0
15:54,6388.95,6388.95,6385.93,6386.32,20301000.0
15:55,6387.98,6388.96,6387.64,6388.85,23553000.0
15:56,6386.91,6388.08,6386.05,6388.08,23349000.0
15:57,6388.41,6388.49,6386.7,6386.97,27342000.0
15:58,6389.35,6389.35,6388.19,6388.35,33397000.0
15:59,6390.19,6390.76,6387.54,6389.22,66853000.0
