Time,Close,High,Low,Open,Volume
09:30,6311.7,6315.61,6310.68,6312.95,1.0
09:31,6314.11,6314.95,6309.83,6311.43,21021839.0
09:32,6312.53,6314.96,6312.53,6314.73,16005492.0
09:33,6311.65,6312.75,6309.19,6312.75,11516163.0
09:34,6309.9,6312.85,6309.41,6311.84,11790944.0
09:35,6311.17,6312.1,6310.02,6310.03,11897198.0
09:36,6308.77,6311.17,6307.9,6311.17,10731070.0
09:37,6309.45,6310.48,6308.82,6308.82,9287951.0
09:38,6308.41,6309.47,6307.73,6309.33,9046004.0
09:39,6309.92,6309.98,6307.03,6308.25,7499834.0
09:40,6309.7,6310.18,6308.95,6309.79,9665165.0
09:41,6310.05,6310.85,6308.9,6309.79,8959593.0
09:42,6308.84,6309.96,6308.68,6309.96,8121028.0
09:43,6308.65,6309.45,6308.22,6308.89,8581247.0
09:44,6307.92,6309.05,6307.74,6308.68,7305446.0
09:45,6308.17,6308.86,6307.4,6307.76,9838575.0
09:46,6309.59,6310.3,6308.02,6308.33,9028863.0
09:47,6311.53,6311.53,6309.45,6309.5,7787846.0
09:48,6312.69,6312.79,6310.37,6311.43,9193514.0
09:49,6311.91,6312.67,6311.45,6312.67,8152358.0
09:50,6312.14,6312.51,6311.47,6311.6,11429107.0
09:51,6311.58,6312.96,6310.42,6311.97,8631881.0
09:52,6306.78,6311.95,6306.65,6311.81,11512850.0
09:53,6308.34,6308.75,6306.2,6306.69,8299317.0
09:54,6307.49,6308.65,6307.25,6308.29,7358748.0
09:55,6307.41,6307.86,6307.1,6307.45,6975032.0
09:56,6307.8,6308.02,6306.92,6307.55,8401485.0
09:57,6307.33,6307.98,6306.68,6307.98,7171603.0
09:58,6307.92,6308.59,6307.13,6307.16,6694885.0
09:59,6307.17,6308.15,6307.17,6307.96,7650990.0
10:00,6311.29,6312.21,6306.66,6306.66,11538336.0
10:01,6311.12,6311.75,6310.76,6311.37,8625542.0
10:02,6309.8,6311.34,6309.8,6311.18,8189017.0
10:03,6307.88,6309.27,6307.54,6309.1,9821940.0
10:04,6306.15,6307.84,6305.05,6307.84,10179225.0
10:05,6304.35,6306.7,6304.13,6306.05,9341017.0
10:06,6303.94,6304.75,6303.76,6304.23,9053236.0
10:07,6304.82,6304.99,6303.93,6303.93,8518130.0
10:08,6306.04,6306.93,6304.85,6304.85,8476387.0
10:09,6304.96,6305.97,6304.44,6305.97,6982424.0
10:10,6304.59,6305.68,6304.15,6305.03,7922913.0
10:11,6303.06,6304.86,6302.94,6304.68,7870737.0
10:12,6303.9,6304.05,6302.75,6303.08,7567177.0
10:13,6302.75,6303.83,6302.11,6303.83,7960243.0
10:14,6300.78,6302.6,6300.52,6302.6,8611385.0
10:15,6300.05,6302.16,6300.03,6300.78,9096501.0
10:16,6298.45,6300.04,6297.65,6300.04,8735168.0
10:17,6297.69,6298.38,6297.0,6298.38,8250619.0
10:18,6298.68,6298.82,6295.95,6297.82,9304409.0
10:19,6300.07,6300.32,6298.43,6298.63,8209712.0
10:20,6300.33,6300.33,6299.08,6299.98,8406273.0
10:21,6301.07,6301.14,6299.07,6300.28,7212196.0
10:22,6298.73,6301.51,6297.45,6301.04,11271319.0
10:23,6299.4,6299.43,6297.3,6298.77,6499676.0
10:24,6296.64,6299.43,6296.29,6299.35,6423050.0
10:25,6295.47,6296.67,6294.85,6296.67,7206144.0
10:26,6293.84,6295.36,6292.79,6295.36,10102743.0
10:27,6296.04,6296.29,6293.48,6293.9,7333097.0
10:28,6295.1,6296.64,6295.1,6296.25,6473079.0
10:29,6293.89,6295.09,6293.66,6295.09,7582666.0
10:30,6293.72,6295.2,6293.51,6293.82,8379102.0
10:31,6294.42,6294.53,6293.61,6293.91,7782482.0
10:32,6296.7,6296.77,6294.41,6294.44,7591635.0
10:33,6297.09,6297.79,6296.6,6296.69,6629424.0
10:34,6297.37,6297.63,6296.78,6297.03,6492890.0
10:35,6297.73,6298.07,6297.32,6297.8,7045332.0
10:36,6297.28,6299.19,6297.13,6297.93,8954370.0
10:37,6294.35,6297.59,6294.35,6297.33,8055259.0
10:38,6295.33,6295.63,6294.16,6294.31,7585983.0
10:39,6294.31,6295.35,6293.96,6295.28,7146997.0
10:40,6294.5,6294.64,6293.12,6294.19,6134137.0
10:41,6293.74,6295.47,6293.74,6294.35,6136141.0
10:42,6293.7,6294.41,6292.72,6293.93,6352449.0
10:43,6293.9,6294.21,6293.45,6293.71,6378567.0
10:44,6295.22,6295.26,6293.88,6293.88,6794633.0
10:45,6295.71,6296.15,6295.25,6295.25,6617072.0
10:46,6294.26,6295.79,6294.24,6295.75,5918378.0
10:47,6294.41,6294.42,6293.31,6294.28,6613889.0
10:48,6294.11,6294.84,6294.04,6294.31,5543399.0
10:49,6294.79,6295.39,6293.86,6294.15,6804166.0
10:50,6296.4,6296.5,6294.34,6294.87,6850364.0
10:51,6295.87,6297.23,6295.79,6296.34,6313533.0
10:52,6297.35,6297.35,6295.63,6296.0,5029561.0
10:53,6296.47,6297.43,6296.41,6297.43,4924034.0
10:54,6295.04,6296.53,6295.04,6296.49,7005110.0
10:55,6296.57,6296.77,6295.0,6295.06,6151238.0
10:56,6297.13,6297.28,6296.47,6296.65,6657749.0
10:57,6295.79,6296.98,6295.62,6296.97,5294713.0
10:58,6294.36,6296.27,6294.22,6295.82,5863561.0
10:59,6292.45,6294.33,6292.24,6294.33,5571895.0
11:00,6291.31,6292.75,6291.19,6292.32,6267889.0
11:01,6292.04,6292.12,6289.57,6291.2,7244222.0
11:02,6292.0,6292.63,6291.29,6291.94,6455865.0
11:03,6293.36,6293.61,6291.58,6292.07,7234108.0
11:04,6292.82,6293.48,6292.1,6293.48,6873463.0
11:05,6292.98,6293.57,6292.41,6292.73,6682510.0
11:06,6294.25,6294.76,6293.03,6293.03,5884587.0
11:07,6295.93,6295.99,6293.96,6294.22,5850639.0
11:08,6295.29,6295.91,6295.28,6295.83,5533127.0
11:09,6295.33,6296.08,6295.31,6296.08,6571147.0
11:10,6296.13,6296.62,6295.14,6295.3,6054214.0
11:11,6293.95,6296.38,6293.95,6296.26,8251512.0
11:12,6293.21,6294.02,6293.13,6293.88,5717948.0
11:13,6293.39,6293.63,6292.56,6293.22,5744506.0
11:14,6293.82,6294.09,6293.45,6293.45,4475178.0
11:15,6293.96,6294.16,6293.63,6293.7,5272947.0
11:16,6295.33,6295.38,6293.88,6294.03,5517339.0
11:17,6296.45,6296.81,6295.51,6295.53,5342431.0
11:18,6296.29,6297.48,6296.02,6296.48,7494000.0
11:19,6293.78,6296.2,6293.78,6296.2,6545000.0
11:20,6295.71,6295.74,6293.82,6293.82,6115000.0
11:21,6293.41,6295.68,6293.37,6295.68,5903000.0
11:22,6293.96,6293.96,6292.28,6293.39,6212000.0
11:23,6293.42,6294.05,6293.17,6293.92,5542000.0
11:24,6293.89,6293.96,6292.83,6293.36,5214000.0
11:25,6294.69,6295.07,6293.78,6293.83,6418000.0
11:26,6295.48,6295.48,6294.04,6294.1,5528000.0
11:27,6296.28,6296.55,6295.28,6295.5,4297000.0
11:28,6296.56,6296.91,6296.13,6296.31,5204000.0
11:29,6296.45,6296.78,6296.28,6296.66,4751000.0
11:30,6297.12,6297.33,6296.46,6296.46,5350000.0
11:31,6299.2,6299.2,6297.52,6297.65,6722000.0
11:32,6299.12,6299.61,6298.93,6299.26,5204000.0
11:33,6299.93,6300.32,6299.07,6299.13,4819000.0
11:34,6298.92,6299.88,6298.9,6299.86,5445000.0
11:35,6299.52,6299.52,6298.54,6298.9,5004000.0
11:36,6298.9,6299.6,6298.77,6299.48,4671000.0
11:37,6298.67,6299.04,6297.82,6298.81,4528000.0
11:38,6298.83,6299.09,6298.51,6298.67,4226000.0
11:39,6298.07,6298.83,6297.75,6298.83,4299000.0
11:40,6296.77,6298.1,6296.38,6298.0,4475000.0
11:41,6297.43,6297.67,6296.73,6296.83,5316000.0
11:42,6297.57,6297.73,6296.86,6297.43,4791000.0
11:43,6297.9,6297.92,6297.08,6297.58,4319000.0
11:44,6298.36,6298.97,6297.82,6297.9,4866000.0
11:45,6297.82,6298.6,6297.16,6298.3,4765000.0
11:46,6298.27,6298.5,6297.8,6297.8,5327000.0
11:47,6299.68,6299.72,6298.21,6298.31,4599000.0
11:48,6300.44,6300.87,6299.59,6299.67,4987000.0
11:49,6300.44,6300.53,6300.06,6300.47,4251000.0
11:50,6301.24,6301.4,6300.23,6300.41,5010000.0
11:51,6301.27,6301.44,6300.77,6301.18,4861000.0
11:52,6301.61,6301.62,6300.88,6301.22,7210000.0
11:53,6301.72,6301.72,6301.28,6301.46,5036000.0
11:54,6301.74,6302.03,6301.65,6301.65,3840000.0
11:55,6300.34,6301.75,6300.18,6301.75,4063000.0
11:56,6299.97,6300.38,6299.15,6300.38,4941000.0
11:57,6300.32,6300.55,6300.0,6300.0,4312000.0
11:58,6301.12,6301.25,6300.13,6300.36,4346000.0
11:59,6301.35,6301.35,6300.78,6301.13,4211000.0
12:00,6301.2,6301.71,6300.78,6301.41,5405000.0
12:01,6300.32,6301.52,6300.32,6301.2,4338000.0
12:02,6300.57,6300.79,6300.21,6300.21,4101000.0
12:03,6299.63,6300.67,6299.63,6300.55,7145000.0
12:04,6298.67,6299.61,6298.67,6299.61,5550000.0
12:05,6298.61,6298.99,6298.39,6298.63,3706000.0
12:06,6297.08,6298.79,6296.99,6298.57,4313000.0
12:07,6296.66,6297.06,6295.3,6297.06,4519000.0
12:08,6297.39,6297.44,6296.62,6296.64,4168000.0
12:09,6297.19,6297.99,6297.19,6297.49,3606000.0
12:10,6297.3,6297.38,6296.86,6297.24,4271000.0
12:11,6296.51,6297.26,6296.38,6297.23,3871000.0
12:12,6296.77,6296.91,6296.19,6296.53,3965000.0
12:13,6297.64,6297.97,6296.85,6296.85,4376000.0
12:14,6297.71,6298.06,6297.56,6297.66,3802000.0
12:15,6296.5,6297.63,6296.5,6297.48,4041000.0
12:16,6296.48,6297.12,6296.28,6296.39,3633000.0
12:17,6297.62,6297.64,6296.15,6296.49,3668000.0
12:18,6297.05,6297.86,6296.73,6297.8,4164000.0
12:19,6296.74,6297.05,6296.43,6296.94,4571000.0
12:20,6295.68,6296.84,6295.6,6296.75,4980000.0
12:21,6293.76,6295.86,6293.41,6295.71,6670000.0
12:22,6294.43,6294.62,6292.25,6293.71,5628000.0
12:23,6293.98,6294.49,6293.82,6294.45,3257000.0
12:24,6293.34,6294.05,6293.1,6293.98,3231000.0
12:25,6291.14,6293.98,6291.11,6293.52,5073000.0
12:26,6287.79,6292.24,6286.7,6291.06,6250000.0
12:27,6288.88,6289.01,6287.17,6287.79,4080000.0
12:28,6288.69,6289.22,6288.26,6288.8,3801000.0
12:29,6289.77,6290.82,6288.67,6288.67,3552000.0
12:30,6289.54,6290.33,6289.39,6289.84,5011000.0
12:31,6288.87,6289.91,6288.79,6289.45,3605000.0
12:32,6289.4,6289.4,6287.98,6288.82,4410000.0
12:33,6287.55,6289.49,6287.46,6289.35,5024000.0
12:34,6287.57,6287.66,6286.79,6287.49,3575000.0
12:35,6287.37,6287.76,6286.98,6287.58,3754000.0
12:36,6286.04,6287.9,6285.86,6287.67,4962000.0
12:37,6286.68,6286.83,6285.83,6286.01,3752000.0
12:38,6288.73,6288.79,6286.6,6286.63,3879000.0
12:39,6289.09,6289.12,6288.52,6288.78,3070000.0
12:40,6291.68,6291.7,6288.92,6289.07,4536000.0
12:41,6292.31,6292.45,6291.19,6291.7,4512000.0
12:42,6292.05,6292.8,6292.04,6292.31,4257000.0
12:43,6292.21,6292.31,6291.75,6292.0,3931000.0
12:44,6292.2,6292.67,6292.16,6292.23,4689000.0
12:45,6293.27,6293.67,6292.26,6292.26,3586000.0
12:46,6291.8,6293.47,6291.55,6293.25,5088000.0
12:47,6291.2,6292.23,6291.2,6292.05,3141000.0
12:48,6289.71,6291.0,6289.57,6291.0,3437000.0
12:49,6291.17,6291.55,6289.72,6289.72,4320000.0
12:50,6292.3,6292.3,6290.99,6291.15,3760000.0
12:51,6293.61,6293.66,6292.33,6292.33,4702000.0
12:52,6293.59,6293.96,6293.33,6293.79,4652000.0
12:53,6291.18,6293.59,6291.17,6293.59,5060000.0
12:54,6291.49,6291.84,6291.09,6291.09,4208000.0
12:55,6289.64,6291.61,6289.64,6291.56,4842000.0
12:56,6289.38,6290.19,6289.34,6289.62,4223000.0
12:57,6287.69,6289.24,6287.5,6289.24,4480000.0
12:58,6286.29,6287.66,6285.7,6287.63,4336000.0
12:59,6287.25,6287.25,6286.18,6286.21,4564000.0
13:00,6287.57,6288.48,6287.13,6287.21,4731000.0
13:01,6285.68,6287.85,6285.68,6287.58,3714000.0
13:02,6285.93,6286.05,6285.27,6285.62,5873000.0
13:03,6286.86,6286.86,6285.6,6285.73,5603000.0
13:04,6287.21,6287.83,6286.63,6286.88,4616000.0
13:05,6288.59,6288.66,6286.8,6287.24,4376000.0
13:06,6289.09,6289.75,6288.48,6288.6,4005000.0
13:07,6289.32,6289.77,6289.01,6289.08,4044000.0
13:08,6288.33,6289.34,6288.05,6289.34,3190000.0
13:09,6288.59,6288.6,6287.51,6288.29,4661000.0
13:10,6286.43,6288.58,6286.2,6288.58,4237000.0
13:11,6287.89,6287.96,6285.95,6286.33,4430000.0
13:12,6289.69,6289.69,6287.87,6287.87,2903000.0
13:13,6291.68,6291.69,6289.77,6289.77,3806000.0
13:14,6292.42,6292.42,6291.56,6291.67,3431000.0
13:15,6290.96,6292.75,6290.47,6292.38,5176000.0
13:16,6291.35,6291.37,6290.32,6290.69,4789000.0
13:17,6291.35,6291.64,6291.22,6291.32,3208000.0
13:18,6289.61,6291.42,6289.61,6291.32,4562000.0
13:19,6289.18,6289.78,6289.01,6289.64,3225000.0
13:20,6289.08,6289.25,6288.32,6289.25,4089000.0
13:21,6288.66,6289.24,6288.66,6289.08,4440000.0
13:22,6288.52,6288.86,6288.01,6288.63,3388000.0
13:23,6290.18,6290.27,6288.48,6288.57,4055000.0
13:24,6290.01,6291.06,6289.65,6290.2,4077000.0
13:25,6290.43,6291.01,6289.74,6289.95,3047000.0
13:26,6289.19,6290.75,6288.48,6290.37,3799000.0
13:27,6289.96,6290.03,6289.19,6289.19,3091000.0
13:28,6290.24,6290.37,6289.93,6290.03,3162000.0
13:29,6289.84,6291.05,6289.84,6290.29,3695000.0
13:30,6291.02,6291.21,6289.93,6289.93,4157000.0
13:31,6292.89,6292.89,6290.59,6290.95,3603000.0
13:32,6292.7,6292.97,6292.5,6292.9,3372000.0
13:33,6293.39,6293.46,6292.74,6292.74,3786000.0
13:34,6293.71,6293.71,6293.33,6293.43,3481000.0
13:35,6293.38,6293.83,6292.62,6293.68,4244000.0
13:36,6293.35,6293.39,6292.42,6293.3,3934000.0
13:37,6293.61,6293.9,6293.35,6293.35,4305000.0
13:38,6293.96,6294.14,6293.48,6293.63,3747000.0
13:39,6294.79,6294.85,6293.87,6293.94,3886000.0
13:40,6294.78,6295.59,6294.7,6294.81,3794000.0
13:41,6295.04,6295.19,6294.48,6294.83,3810000.0
13:42,6294.79,6295.14,6294.57,6295.02,3953000.0
13:43,6294.32,6295.52,6294.32,6294.79,5068000.0
13:44,6292.81,6294.33,6292.74,6294.33,4957000.0
13:45,6292.22,6292.79,6291.36,6292.79,3854000.0
13:46,6290.41,6292.65,6290.38,6292.21,4574000.0
13:47,6289.86,6290.4,6289.45,6290.4,4070000.0
13:48,6291.35,6291.43,6289.83,6289.83,3336000.0
13:49,6290.95,6291.51,6290.71,6291.4,3208000.0
13:50,6289.07,6291.12,6289.05,6290.93,5070000.0
13:51,6288.94,6289.2,6288.5,6289.07,3622000.0
13:52,6290.11,6290.38,6288.7,6288.83,3978000.0
13:53,6289.97,6290.4,6289.97,6290.15,3131000.0
13:54,6290.11,6290.11,6289.66,6289.95,3800000.0
13:55,6289.4,6290.18,6289.39,6290.12,3396000.0
13:56,6290.31,6290.31,6288.98,6289.5,3817000.0
13:57,6290.53,6290.79,6290.2,6290.29,3673000.0
13:58,6290.94,6291.26,6290.65,6290.66,4009000.0
13:59,6291.16,6291.6,6291.01,6291.01,3368000.0
14:00,6291.82,6291.94,6290.92,6291.13,4650000.0
14:01,6293.09,6293.09,6291.75,6291.82,5750000.0
14:02,6292.98,6293.28,6292.33,6293.14,4496000.0
14:03,6293.13,6293.25,6293.0,6293.2,4067000.0
14:04,6293.87,6293.87,6293.14,6293.14,3529000.0
14:05,6294.37,6294.37,6293.8,6293.87,4007000.0
14:06,6294.41,6294.56,6294.18,6294.27,3768000.0
14:07,6293.34,6294.47,6293.34,6294.47,4015000.0
14:08,6292.06,6293.19,6291.98,6293.19,5074000.0
14:09,6292.41,6292.61,6291.59,6291.85,4184000.0
14:10,6291.21,6292.38,6291.15,6292.38,4234000.0
14:11,6290.78,6291.36,6290.71,6291.18,3799000.0
14:12,6289.62,6290.72,6289.1,6290.63,4787000.0
14:13,6290.71,6290.88,6289.4,6289.69,3990000.0
14:14,6289.99,6290.81,6289.99,6290.81,3808000.0
14:15,6288.6,6290.09,6288.6,6289.97,4323000.0
14:16,6289.78,6289.78,6287.53,6288.57,4972000.0
14:17,6290.06,6290.23,6289.85,6289.94,4380000.0
14:18,6290.49,6290.75,6289.92,6290.09,3566000.0
14:19,6290.71,6290.73,6290.27,6290.46,3351000.0
14:20,6291.67,6291.73,6290.72,6290.74,3760000.0
14:21,6292.5,6292.5,6291.59,6291.66,5134000.0
14:22,6292.67,6292.87,6292.54,6292.68,3546000.0
14:23,6293.76,6293.79,6292.6,6292.62,4240000.0
14:24,6293.74,6294.2,6293.67,6293.82,3803000.0
14:25,6293.21,6294.01,6293.05,6293.81,4636000.0
14:26,6292.29,6293.34,6292.21,6293.28,3863000.0
14:27,6292.44,6292.8,6292.24,6292.32,3886000.0
14:28,6291.61,6292.42,6291.25,6292.42,6537000.0
14:29,6291.53,6291.59,6291.02,6291.51,4163000.0
14:30,6293.46,6293.46,6291.51,6291.58,4272000.0
14:31,6292.77,6293.93,6292.76,6293.49,5097000.0
14:32,6290.92,6292.72,6290.92,6292.72,4827000.0
14:33,6291.58,6291.58,6290.82,6290.93,4382000.0
14:34,6291.62,6291.71,6291.27,6291.59,3549000.0
14:35,6291.84,6291.96,6291.3,6291.63,4875000.0
14:36,6291.94,6292.33,6291.76,6291.81,3485000.0
14:37,6291.24,6291.91,6291.1,6291.91,3924000.0
14:38,6292.06,6292.06,6291.16,6291.24,4122000.0
14:39,6292.27,6292.74,6292.03,6292.03,3977000.0
14:40,6292.2,6292.36,6292.08,6292.29,4220000.0
14:41,6293.59,6293.59,6291.99,6292.19,4369000.0
14:42,6293.76,6293.82,6293.36,6293.59,3402000.0
14:43,6294.26,6294.32,6293.73,6293.73,3706000.0
14:44,6293.71,6294.3,6293.23,6294.3,3896000.0
14:45,6293.55,6294.17,6293.55,6293.75,2956000.0
14:46,6292.97,6293.86,6292.96,6293.56,3981000.0
14:47,6292.88,6293.08,6292.46,6292.93,3433000.0
14:48,6294.06,6294.1,6292.88,6292.9,3308000.0
14:49,6294.03,6294.11,6293.79,6294.09,3197000.0
14:50,6293.36,6294.16,6293.36,6294.04,3216000.0
14:51,6293.24,6293.41,6292.91,6293.41,4148000.0
14:52,6293.25,6293.53,6293.12,6293.21,3645000.0
14:53,6292.74,6293.38,6292.74,6293.23,3814000.0
14:54,6293.12,6293.34,6292.73,6292.78,4172000.0
14:55,6292.28,6293.11,6292.1,6293.04,5132000.0
14:56,6291.45,6292.55,6291.43,6292.27,4039000.0
14:57,6291.65,6292.09,6291.16,6291.43,3910000.0
14:58,6292.17,6292.19,6291.56,6291.7,3098000.0
14:59,6292.26,6292.44,6291.82,6292.17,4284000.0
15:00,6292.91,6293.0,6292.25,6292.25,4686000.0
15:01,6293.83,6293.99,6293.01,6293.01,4669000.0
15:02,6292.26,6293.83,6292.21,6293.83,4601000.0
15:03,6291.81,6292.25,6291.67,6292.22,4770000.0
15:04,6291.6,6292.07,6291.41,6291.84,3476000.0
15:05,6292.18,6292.19,6291.48,6291.48,3669000.0
15:06,6291.72,6292.27,6291.48,6292.2,5271000.0
15:07,6291.57,6291.76,6291.15,6291.71,4433000.0
15:08,6291.79,6292.14,6291.35,6291.56,5942000.0
15:09,6292.21,6292.42,6291.61,6291.74,4269000.0
15:10,6291.31,6292.19,6291.14,6292.18,4856000.0
15:11,6290.91,6291.78,6290.85,6291.32,5150000.0
15:12,6291.74,6291.74,6290.98,6291.17,5292000.0
15:13,6291.83,6291.96,6291.4,6291.72,5590000.0
15:14,6292.21,6292.21,6291.53,6291.87,4085000.0
15:15,6293.29,6293.38,6292.08,6292.17,4372000.0
15:16,6294.2,6294.21,6293.94,6294.14,4830000.0
15:17,6293.8,6294.25,6293.56,6294.17,4466000.0
15:18,6294.32,6294.45,6293.69,6293.82,5075000.0
15:19,6295.5,6295.53,6294.3,6294.35,4715000.0
15:20,6295.99,6295.99,6295.38,6295.47,4589000.0
15:21,6295.35,6296.22,6295.05,6296.06,5945000.0
15:22,6295.8,6295.8,6295.28,6295.33,5462000.0
15:23,6295.96,6296.4,6295.76,6295.77,6149000.0
15:24,6295.38,6296.41,6295.38,6295.98,5776000.0
15:25,6294.03,6295.3,6293.57,6295.3,6678000.0
15:26,6293.94,6294.49,6293.94,6294.1,5824000.0
15:27,6293.49,6294.08,6293.49,6293.95,5450000.0
15:28,6294.45,6294.45,6293.54,6293.54,5489000.0
15:29,6294.17,6294.78,6294.08,6294.38,6484000.0
15:30,6294.14,6294.71,6294.09,6294.18,6511000.0
15:31,6292.92,6294.13,6292.82,6294.13,9710000.0
15:32,6292.15,6292.91,6292.06,6292.91,6420000.0
15:33,6291.95,6292.32,6291.88,6292.18,5191000.0
15:34,6291.39,6292.0,6291.33,6292.0,6286000.0
15:35,6291.25,6292.21,6291.25,6291.39,6469000.0
15:36,6291.84,6291.89,6291.08,6291.29,6229000.0
15:37,6291.92,6292.13,6291.34,6291.89,6642000.0
15:38,6292.29,6292.55,6291.91,6291.91,5712000.0
15:39,6291.85,6292.86,6291.82,6292.6,6175000.0
15:40,6291.78,6292.19,6291.25,6291.78,7638000.0
15:41,6291.68,6292.0,6291.58,6291.85,7258000.0
15:42,6292.35,6292.35,6291.57,6291.66,7000000.0
15:43,6291.36,6292.47,6291.36,6292.32,6983000.0
15:44,6291.73,6291.73,6290.93,6291.28,7409000.0
15:45,6291.18,6291.76,6291.1,6291.73,7653000.0
15:46,6291.35,6291.45,6290.57,6290.65,8124000.0
15:47,6291.78,6291.78,6290.93,6291.34,8857000.0
15:48,6292.11,6292.53,6291.74,6291.78,7834000.0
15:49,6293.61,6293.74,6292.16,6292.16,10957000.0
15:50,6294.25,6294.92,6293.23,6293.51,17648000.0
15:51,6294.58,6295.3,6293.9,6294.27,13531000.0
15:52,6295.04,6295.21,6294.09,6294.53,11746000.0
15:53,6295.48,6295.87,6294.86,6295.0,13457000.0
15:54,6296.44,6296.44,6295.14,6295.44,18984000.0
15:55,6296.85,6297.06,6295.27,6296.43,25368000.0
15:56,6297.56,6298.16,6296.8,6296.8,23548000.0
15:57,6296.02,6297.48,6295.17,6297.46,27348000.0
15:58,6295.09,6296.27,6294.79,6296.04,40744000.0
15:59,6296.68,6296.94,6295.09,6295.15,70819000.0
