Time,Close,High,Low,Open,Volume
09:30,5537.85,5537.85,5529.22,5529.22,1.0
09:31,5538.55,5541.15,5536.54,5537.77,13534714.0
09:32,5538.53,5543.09,5538.53,5539.08,13772099.0
09:33,5534.14,5538.38,5532.58,5538.38,11562883.0
09:34,5531.17,5534.25,5530.37,5533.84,10025799.0
09:35,5534.39,5534.84,5530.0,5531.22,11539467.0
09:36,5534.39,5536.17,5530.07,5534.4,10463880.0
09:37,5534.08,5535.2,5531.44,5535.08,8638749.0
09:38,5537.45,5537.45,5533.87,5534.02,7538951.0
09:39,5532.48,5537.57,5532.48,5537.57,7884504.0
09:40,5539.88,5539.88,5531.65,5531.94,8721542.0
09:41,5544.75,5544.75,5539.55,5539.55,9863960.0
09:42,5546.88,5548.17,5544.11,5544.86,8361393.0
09:43,5548.78,5549.43,5546.01,5546.97,8002922.0
09:44,5549.5,5550.46,5548.05,5548.72,8728215.0
09:45,5549.44,5551.64,5549.1,5549.85,10201121.0
09:46,5552.69,5552.78,5549.4,5549.65,9797864.0
09:47,5552.22,5553.66,5552.2,5552.85,8520978.0
09:48,5548.58,5552.77,5548.43,5552.21,7944810.0
09:49,5544.48,5549.73,5539.56,5549.29,12471694.0
09:50,5541.89,5545.18,5539.73,5544.5,8434598.0
09:51,5539.04,5541.67,5538.81,5541.67,7612697.0
09:52,5541.02,5542.25,5537.63,5539.07,7792052.0
09:53,5536.34,5541.79,5536.1,5540.8,8043653.0
09:54,5535.35,5536.9,5534.98,5536.44,6494397.0
09:55,5531.99,5535.37,5531.5,5535.37,7019612.0
09:56,5531.23,5532.81,5530.72,5531.77,7912382.0
09:57,5527.06,5531.25,5527.06,5531.04,6602601.0
09:58,5521.68,5527.17,5521.68,5527.04,7480242.0
09:59,5521.57,5522.92,5520.34,5521.89,8325938.0
10:00,5515.82,5521.47,5514.84,5521.47,11151903.0
10:01,5517.0,5517.86,5515.88,5516.14,8901871.0
10:02,5520.32,5520.89,5515.98,5517.22,8385582.0
10:03,5524.35,5524.8,5520.4,5520.4,6690766.0
10:04,5527.77,5527.77,5524.49,5524.49,6439400.0
10:05,5528.6,5530.2,5527.7,5528.13,8782602.0
10:06,5526.21,5529.93,5523.62,5528.68,8495101.0
10:07,5524.82,5529.16,5524.79,5526.15,7658803.0
10:08,5527.73,5527.73,5524.83,5524.83,5928871.0
10:09,5529.04,5529.26,5527.25,5527.81,6140657.0
10:10,5529.84,5530.09,5526.92,5529.08,5797022.0
10:11,5524.79,5529.78,5524.61,5529.78,6111836.0
10:12,5527.26,5528.53,5523.89,5524.92,7053113.0
10:13,5526.72,5527.91,5525.62,5527.25,5737253.0
10:14,5526.81,5528.83,5526.31,5526.72,5796290.0
10:15,5528.6,5529.26,5525.83,5526.29,6277945.0
10:16,5529.52,5530.83,5527.24,5528.7,6530356.0
10:17,5529.8,5531.78,5529.04,5529.51,5763449.0
10:18,5530.56,5531.96,5529.01,5529.72,6107652.0
10:19,5530.16,5530.6,5528.93,5530.6,5805194.0
10:20,5533.45,5533.45,5529.7,5530.31,6967485.0
10:21,5535.13,5535.57,5533.52,5533.69,6605845.0
10:22,5533.01,5535.83,5533.01,5535.16,6086809.0
10:23,5529.39,5532.82,5528.35,5532.82,8004064.0
10:24,5537.81,5537.81,5529.42,5529.42,6401887.0
10:25,5536.64,5538.65,5536.23,5538.06,5161178.0
10:26,5531.52,5536.65,5530.72,5536.54,8459377.0
10:27,5532.27,5532.27,5529.13,5531.48,5553724.0
10:28,5530.92,5532.28,5530.06,5532.26,4166961.0
10:29,5528.02,5531.57,5526.92,5530.89,5989389.0
10:30,5523.7,5529.1,5523.7,5527.83,7437022.0
10:31,5518.48,5522.83,5518.17,5522.83,10532081.0
10:32,5519.3,5520.01,5516.48,5518.57,7071901.0
10:33,5521.47,5521.96,5519.52,5519.52,5321071.0
10:34,5524.17,5524.89,5521.63,5521.63,4681833.0
10:35,5525.56,5525.81,5524.13,5524.13,4544706.0
10:36,5529.64,5529.64,5523.77,5525.68,5245863.0
10:37,5532.02,5532.15,5529.67,5529.9,4884831.0
10:38,5533.2,5533.49,5530.72,5531.91,4590395.0
10:39,5531.35,5533.63,5531.09,5533.14,5145176.0
10:40,5530.23,5532.3,5530.03,5531.36,4791746.0
10:41,5522.61,5530.34,5521.29,5530.33,6835000.0
10:42,5529.31,5529.47,5522.62,5522.79,4835256.0
10:43,5531.56,5531.56,5528.57,5529.37,4875666.0
10:44,5532.11,5533.24,5531.52,5531.59,3953917.0
10:45,5534.15,5534.47,5531.39,5532.06,5307656.0
10:46,5535.32,5535.6,5533.15,5534.42,4358906.0
10:47,5534.83,5536.33,5534.68,5535.15,4507168.0
10:48,5535.1,5535.23,5533.94,5534.77,4425102.0
10:49,5535.22,5535.63,5533.71,5535.08,5121478.0
10:50,5530.75,5535.31,5530.75,5535.31,6403389.0
10:51,5532.65,5532.65,5528.04,5530.25,7243434.0
10:52,5528.76,5533.34,5528.07,5532.71,6297266.0
10:53,5524.83,5528.73,5524.83,5528.73,5360160.0
10:54,5526.56,5526.91,5524.86,5525.05,4516487.0
10:55,5526.86,5527.87,5525.81,5526.64,4721199.0
10:56,5526.47,5527.24,5523.74,5526.87,6513416.0
10:57,5525.4,5526.49,5522.94,5526.49,5527257.0
10:58,5522.5,5526.82,5522.5,5525.47,5762605.0
10:59,5523.41,5524.87,5521.92,5522.42,5254568.0
11:00,5523.86,5526.57,5523.34,5523.34,7726400.0
11:01,5527.62,5527.67,5523.73,5523.74,6549395.0
11:02,5526.4,5527.71,5525.18,5527.56,4697301.0
11:03,5525.08,5526.54,5524.41,5526.41,4659521.0
11:04,5524.14,5526.48,5523.41,5524.92,4657535.0
11:05,5523.26,5525.16,5523.19,5524.1,4513706.0
11:06,5519.2,5523.45,5519.2,5523.23,6027568.0
11:07,5517.57,5519.81,5517.57,5519.05,5425256.0
11:08,5515.39,5518.17,5515.09,5517.49,4832509.0
11:09,5512.31,5515.79,5511.37,5515.49,6466976.0
11:10,5509.37,5513.95,5509.37,5512.21,7132774.0
11:11,5515.39,5515.39,5508.85,5509.3,6386257.0
11:12,5515.96,5516.66,5514.64,5515.22,4242524.0
11:13,5518.34,5518.37,5515.08,5515.97,4721285.0
11:14,5516.68,5519.75,5516.68,5518.36,5011786.0
11:15,5513.45,5516.66,5511.84,5516.66,6829863.0
11:16,5510.88,5513.54,5510.77,5513.32,4843285.0
11:17,5509.79,5512.03,5508.87,5510.9,6156364.0
11:18,5509.57,5509.62,5508.58,5509.59,4296072.0
11:19,5508.43,5509.54,5508.25,5509.54,4568204.0
11:20,5507.84,5508.97,5506.36,5508.49,6215939.0
11:21,5502.05,5507.96,5500.78,5507.9,7808723.0
11:22,5498.37,5502.02,5498.37,5502.02,5544978.0
11:23,5499.53,5499.92,5496.69,5498.77,7011521.0
11:24,5497.29,5499.73,5496.64,5499.5,5358118.0
11:25,5492.76,5497.11,5492.55,5497.11,6770195.0
11:26,5492.98,5495.65,5492.4,5492.95,7386761.0
11:27,5490.87,5494.11,5490.87,5493.11,5478161.0
11:28,5488.44,5492.91,5488.44,5490.56,6909023.0
11:29,5489.36,5489.9,5487.99,5488.51,5435358.0
11:30,5492.2,5492.2,5488.8,5489.22,5797834.0
11:31,5494.02,5494.31,5490.52,5492.33,7260831.0
11:32,5495.12,5495.42,5493.53,5494.23,5206420.0
11:33,5495.1,5495.7,5493.6,5494.89,5101488.0
11:34,5492.03,5495.36,5491.33,5495.26,5149511.0
11:35,5491.46,5492.08,5489.0,5492.08,5610136.0
11:36,5496.0,5496.16,5491.46,5491.6,5604476.0
11:37,5497.43,5498.09,5495.23,5495.88,6067221.0
11:38,5497.25,5497.79,5496.07,5497.43,4160460.0
11:39,5498.16,5498.16,5495.63,5497.27,4332936.0
11:40,5500.29,5501.11,5498.15,5498.16,4995499.0
11:41,5500.65,5502.17,5499.84,5500.63,4071426.0
11:42,5501.44,5502.26,5500.2,5500.71,3872183.0
11:43,5499.17,5501.4,5499.17,5501.34,4051584.0
11:44,5494.41,5499.54,5494.23,5499.23,5288590.0
11:45,5494.5,5495.78,5493.44,5494.39,4978258.0
11:46,5495.08,5496.01,5492.44,5494.34,4189949.0
11:47,5493.9,5494.99,5492.91,5494.99,2735929.0
11:48,5492.1,5495.24,5491.98,5494.0,3123722.0
11:49,5492.17,5493.36,5492.06,5492.06,3579141.0
11:50,5493.36,5493.36,5491.0,5492.18,3689100.0
11:51,5492.81,5493.39,5491.58,5493.39,3629602.0
11:52,5498.95,5498.95,5492.68,5492.74,4317235.0
11:53,5499.85,5500.23,5498.29,5498.79,4185000.0
11:54,5494.59,5499.76,5494.22,5499.76,3963000.0
11:55,5495.42,5497.21,5493.46,5494.59,3492000.0
11:56,5491.82,5495.33,5491.62,5494.91,3732000.0
11:57,5489.76,5492.16,5489.44,5491.86,3919000.0
11:58,5493.27,5493.58,5489.55,5489.96,4323000.0
11:59,5492.24,5493.17,5491.66,5493.17,3129000.0
12:00,5489.89,5493.16,5489.73,5492.25,3877000.0
12:01,5484.56,5491.6,5484.56,5489.92,4770000.0
12:02,5484.53,5486.97,5484.49,5484.49,3474000.0
12:03,5484.79,5484.81,5483.77,5484.01,3757000.0
12:04,5483.96,5485.23,5483.77,5484.75,3222000.0
12:05,5483.15,5484.1,5481.04,5484.02,6717000.0
12:06,5482.31,5483.7,5481.05,5483.7,3355000.0
12:07,5478.87,5482.35,5478.73,5482.29,3779000.0
12:08,5479.99,5480.41,5478.72,5478.91,3662000.0
12:09,5479.77,5480.55,5479.17,5479.93,3624000.0
12:10,5479.7,5480.07,5478.37,5479.75,4122000.0
12:11,5479.16,5480.28,5477.6,5479.69,4427000.0
12:12,5477.99,5479.34,5477.95,5479.07,3172000.0
12:13,5478.46,5478.87,5476.92,5477.77,4168000.0
12:14,5479.31,5479.39,5477.63,5478.57,4332000.0
12:15,5484.32,5484.32,5479.35,5479.35,5376000.0
12:16,5484.24,5484.57,5483.55,5484.49,3992000.0
12:17,5485.43,5486.68,5484.2,5484.22,3837000.0
12:18,5484.48,5485.64,5484.27,5485.45,2775000.0
12:19,5485.02,5485.51,5483.8,5484.41,3322000.0
12:20,5484.63,5485.56,5484.52,5485.07,2913000.0
12:21,5481.8,5484.53,5481.8,5484.51,3817000.0
12:22,5479.82,5481.56,5479.36,5481.56,3961000.0
12:23,5482.15,5482.15,5479.4,5479.71,3871000.0
12:24,5482.73,5483.97,5482.5,5482.5,3443000.0
12:25,5481.18,5482.87,5480.83,5482.73,3168000.0
12:26,5478.61,5481.1,5478.57,5481.1,3208000.0
12:27,5476.04,5478.55,5476.04,5478.55,3698000.0
12:28,5477.95,5477.95,5475.02,5475.83,3592000.0
12:29,5477.34,5478.94,5477.13,5478.29,3707000.0
12:30,5482.56,5482.56,5477.37,5477.37,4709000.0
12:31,5483.1,5483.17,5481.88,5482.53,4024000.0
12:32,5483.03,5484.08,5482.98,5483.25,2797000.0
12:33,5481.05,5483.1,5480.4,5483.02,4163000.0
12:34,5480.14,5481.85,5479.34,5480.94,3025000.0
12:35,5485.39,5485.42,5480.25,5480.25,4045000.0
12:36,5485.47,5486.86,5484.95,5485.6,3635000.0
12:37,5480.99,5485.55,5480.81,5485.52,5483000.0
12:38,5482.15,5482.36,5479.95,5480.95,2961000.0
12:39,5484.3,5484.74,5481.85,5482.14,3947000.0
12:40,5484.89,5484.97,5483.05,5484.34,2883000.0
12:41,5485.87,5486.49,5484.96,5484.96,2851000.0
12:42,5484.13,5486.25,5484.07,5485.89,3050000.0
12:43,5487.52,5487.59,5483.5,5484.05,3350000.0
12:44,5486.71,5487.83,5486.58,5487.51,2782000.0
12:45,5486.46,5487.06,5485.78,5486.81,2910000.0
12:46,5487.87,5487.89,5486.41,5486.41,3542000.0
12:47,5489.46,5490.18,5487.57,5487.97,3404000.0
12:48,5491.42,5491.51,5489.43,5489.43,3289000.0
12:49,5491.33,5491.44,5490.43,5491.44,3597000.0
12:50,5489.96,5491.48,5489.53,5491.48,3882000.0
12:51,5486.25,5489.99,5486.25,5489.99,4063000.0
12:52,5485.22,5486.2,5484.82,5486.07,3140000.0
12:53,5483.23,5485.31,5483.09,5485.31,3341000.0
12:54,5484.78,5485.82,5482.97,5483.22,3345000.0
12:55,5481.27,5484.26,5481.25,5484.24,3686000.0
12:56,5479.06,5481.03,5478.25,5481.01,5820000.0
12:57,5480.07,5480.16,5477.61,5479.19,3603000.0
12:58,5480.68,5480.68,5479.37,5480.13,2800000.0
12:59,5481.95,5482.05,5480.64,5480.7,2744000.0
13:00,5484.41,5484.45,5481.82,5481.95,4104000.0
13:01,5485.41,5485.47,5484.11,5484.32,3285000.0
13:02,5481.32,5485.37,5480.93,5485.37,3743000.0
13:03,5483.92,5483.92,5480.98,5481.25,2968000.0
13:04,5482.24,5485.44,5482.07,5483.9,4195000.0
13:05,5481.6,5482.19,5480.86,5482.19,3300000.0
13:06,5482.95,5484.67,5481.21,5481.45,3343000.0
13:07,5479.36,5482.88,5479.29,5482.88,4568000.0
13:08,5479.78,5480.07,5478.51,5479.37,2916000.0
13:09,5477.32,5479.85,5477.32,5479.82,2974000.0
13:10,5474.96,5477.3,5473.39,5477.3,4952000.0
13:11,5474.8,5475.02,5473.54,5475.02,3181000.0
13:12,5475.19,5475.33,5474.19,5474.8,3358000.0
13:13,5475.08,5476.66,5474.47,5475.14,3990000.0
13:14,5472.29,5475.07,5472.11,5475.04,3316000.0
13:15,5474.02,5474.15,5469.61,5472.21,4783000.0
13:16,5475.41,5477.26,5473.92,5474.03,5510000.0
13:17,5475.45,5476.56,5474.85,5475.52,2943000.0
13:18,5477.46,5477.52,5474.76,5475.36,3037000.0
13:19,5477.95,5478.27,5477.23,5477.45,2786000.0
13:20,5476.17,5478.29,5475.12,5477.96,3226000.0
13:21,5475.75,5476.34,5474.55,5476.14,2652000.0
13:22,5474.58,5475.72,5474.28,5475.72,3232000.0
13:23,5474.95,5474.99,5473.65,5474.58,4399000.0
13:24,5475.79,5476.02,5474.87,5475.09,2941000.0
13:25,5475.67,5476.91,5475.31,5475.62,3501000.0
13:26,5479.72,5479.72,5475.64,5475.65,5042000.0
13:27,5478.98,5480.22,5478.95,5479.85,4509000.0
13:28,5474.41,5479.29,5474.18,5479.02,5486000.0
13:29,5471.48,5474.43,5471.18,5474.43,4816000.0
13:30,5470.22,5471.83,5470.2,5471.44,4085000.0
13:31,5468.64,5471.96,5468.64,5470.22,4670000.0
13:32,5469.97,5470.21,5468.77,5468.8,3465000.0
13:33,5470.27,5470.96,5470.27,5470.3,3086000.0
13:34,5473.41,5473.46,5469.63,5470.26,3965000.0
13:35,5472.48,5473.71,5471.79,5473.4,3600000.0
13:36,5473.74,5473.74,5470.71,5472.34,3592000.0
13:37,5474.06,5474.06,5472.16,5473.82,3359000.0
13:38,5476.54,5476.54,5474.08,5474.08,3313000.0
13:39,5478.32,5478.36,5476.51,5476.55,2983000.0
13:40,5479.67,5479.67,5478.13,5478.31,3572000.0
13:41,5480.99,5481.34,5479.91,5479.91,4034000.0
13:42,5477.52,5481.31,5477.51,5480.96,4259000.0
13:43,5480.14,5480.24,5476.35,5477.49,3961000.0
13:44,5481.97,5482.3,5480.22,5480.22,3205000.0
13:45,5482.81,5482.87,5481.54,5482.06,3096000.0
13:46,5484.35,5484.42,5482.78,5482.78,3516000.0
13:47,5485.47,5486.31,5483.94,5484.39,4107000.0
13:48,5486.62,5486.72,5485.42,5485.49,3115000.0
13:49,5484.97,5486.79,5484.66,5486.67,3694000.0
13:50,5486.89,5487.08,5484.9,5484.9,3050000.0
13:51,5486.81,5487.8,5486.79,5486.93,3490000.0
13:52,5487.7,5488.0,5486.43,5486.78,3764000.0
13:53,5488.48,5489.75,5487.49,5487.62,3868000.0
13:54,5489.11,5489.49,5488.48,5488.48,2768000.0
13:55,5488.94,5489.41,5488.5,5489.06,2894000.0
13:56,5489.99,5490.17,5489.05,5489.05,3995000.0
13:57,5490.96,5490.96,5489.86,5489.97,3786000.0
13:58,5494.43,5494.43,5490.89,5490.95,4457000.0
13:59,5494.25,5495.67,5493.86,5494.41,5234000.0
14:00,5495.38,5495.85,5493.57,5494.38,4660000.0
14:01,5494.83,5495.8,5493.31,5495.4,4916000.0
14:02,5494.06,5496.2,5493.91,5495.09,4553000.0
14:03,5494.28,5494.66,5493.58,5494.07,4172000.0
14:04,5495.34,5495.51,5494.13,5494.13,3114000.0
14:05,5495.43,5496.43,5495.24,5495.34,3896000.0
14:06,5495.91,5496.45,5495.4,5495.41,3565000.0
14:07,5495.38,5496.36,5495.38,5495.85,3313000.0
14:08,5497.68,5497.93,5495.4,5495.4,4034000.0
14:09,5495.77,5497.75,5495.28,5497.68,3792000.0
14:10,5492.68,5495.83,5491.74,5495.7,4843000.0
14:11,5494.34,5494.38,5493.35,5493.35,3289000.0
14:12,5492.15,5494.74,5492.15,5494.28,4135000.0
14:13,5494.02,5494.05,5491.72,5491.72,3398000.0
14:14,5494.8,5495.43,5493.42,5493.95,3799000.0
14:15,5496.67,5496.73,5494.85,5494.85,4830000.0
14:16,5492.75,5496.6,5492.61,5496.6,4112000.0
14:17,5492.37,5493.5,5492.33,5492.71,2986000.0
14:18,5493.97,5494.07,5491.82,5492.3,4169000.0
14:19,5493.25,5493.99,5493.08,5493.99,2522000.0
14:20,5493.94,5494.94,5493.28,5493.28,3844000.0
14:21,5494.12,5494.17,5492.27,5493.91,4959000.0
14:22,5494.16,5494.63,5492.99,5494.32,3451000.0
14:23,5496.9,5496.9,5494.21,5494.21,4435000.0
14:24,5500.03,5500.17,5496.95,5496.95,5540000.0
14:25,5500.33,5500.48,5499.6,5500.11,3426000.0
14:26,5500.23,5500.78,5499.57,5500.29,3546000.0
14:27,5504.52,5504.53,5500.24,5500.24,4633000.0
14:28,5504.29,5505.13,5503.82,5504.52,3977000.0
14:29,5502.94,5504.3,5501.59,5504.25,4251000.0
14:30,5503.37,5503.73,5502.75,5502.8,3170000.0
14:31,5503.95,5504.23,5503.15,5503.37,3340000.0
14:32,5502.91,5504.04,5502.91,5503.98,3096000.0
14:33,5500.46,5503.53,5500.31,5502.94,4336000.0
14:34,5499.24,5500.64,5498.68,5500.48,4246000.0
14:35,5500.01,5500.89,5498.18,5499.23,4326000.0
14:36,5502.75,5502.8,5500.1,5500.1,3157000.0
14:37,5502.94,5503.77,5502.7,5502.72,2672000.0
14:38,5503.32,5503.69,5502.62,5502.95,2958000.0
14:39,5503.27,5504.06,5502.78,5503.31,3788000.0
14:40,5505.19,5505.67,5503.28,5503.28,3934000.0
14:41,5504.93,5505.39,5503.71,5505.18,4228000.0
14:42,5504.38,5504.86,5503.12,5504.86,3481000.0
14:43,5503.45,5504.67,5503.44,5504.57,3577000.0
14:44,5503.32,5503.6,5502.73,5503.42,2907000.0
14:45,5501.92,5503.53,5501.1,5503.34,3785000.0
14:46,5504.61,5504.71,5502.33,5502.33,4068000.0
14:47,5505.17,5505.17,5503.69,5504.7,3237000.0
14:48,5505.57,5506.39,5505.27,5505.27,3237000.0
14:49,5503.94,5505.73,5503.64,5505.53,3504000.0
14:50,5506.35,5506.68,5503.98,5503.98,4031000.0
14:51,5506.53,5506.53,5505.68,5506.41,3041000.0
14:52,5507.28,5507.31,5505.83,5506.48,3407000.0
14:53,5504.59,5507.28,5504.31,5507.28,3590000.0
14:54,5506.82,5507.61,5504.67,5504.67,4350000.0
14:55,5504.95,5507.2,5504.32,5506.8,4136000.0
14:56,5505.19,5506.22,5504.8,5505.01,3519000.0
14:57,5504.92,5505.17,5504.05,5505.15,3846000.0
14:58,5505.4,5505.75,5504.84,5504.88,3306000.0
14:59,5505.01,5506.21,5504.86,5505.4,3582000.0
15:00,5505.38,5507.45,5504.54,5504.96,5881000.0
15:01,5508.89,5508.99,5505.24,5505.25,4764000.0
15:02,5511.19,5511.72,5508.89,5508.9,4643000.0
15:03,5512.15,5512.15,5510.26,5511.27,5327000.0
15:04,5511.42,5512.35,5511.04,5512.11,4290000.0
15:05,5511.94,5511.94,5510.11,5511.44,4434000.0
15:06,5512.56,5513.38,5511.88,5511.92,4815000.0
15:07,5513.88,5515.03,5512.57,5512.57,5173000.0
15:08,5515.15,5515.71,5513.57,5513.9,4123000.0
15:09,5516.06,5516.29,5514.85,5515.11,4374000.0
15:10,5515.4,5516.55,5515.11,5516.07,4710000.0
15:11,5514.75,5516.6,5514.55,5515.34,5023000.0
15:12,5513.08,5515.95,5512.86,5514.66,5020000.0
15:13,5512.39,5513.08,5512.0,5513.08,4470000.0
15:14,5515.69,5515.7,5512.12,5512.41,5036000.0
15:15,5516.52,5516.98,5515.07,5515.7,4611000.0
15:16,5517.18,5517.18,5516.0,5516.51,4080000.0
15:17,5517.36,5517.61,5516.94,5517.01,4910000.0
15:18,5518.61,5518.7,5516.96,5517.36,4887000.0
15:19,5518.75,5519.11,5518.47,5518.61,5693000.0
15:20,5519.45,5520.59,5518.07,5518.68,6814000.0
15:21,5522.07,5522.34,5519.64,5519.64,5621000.0
15:22,5523.88,5524.59,5522.04,5522.09,5716000.0
15:23,5525.37,5525.37,5523.65,5523.96,5090000.0
15:24,5524.79,5525.46,5522.72,5525.46,5123000.0
15:25,5523.7,5524.7,5522.27,5524.7,5586000.0
15:26,5523.95,5524.77,5523.86,5524.13,4511000.0
15:27,5523.89,5524.41,5523.56,5523.89,4898000.0
15:28,5524.08,5524.4,5522.57,5523.91,5181000.0
15:29,5523.42,5524.05,5522.09,5524.05,5217000.0
15:30,5522.7,5523.74,5522.1,5523.39,6471000.0
15:31,5523.42,5524.33,5521.71,5522.83,6976000.0
15:32,5524.0,5524.13,5521.72,5523.47,6292000.0
15:33,5525.81,5525.98,5524.0,5524.02,5859000.0
15:34,5524.73,5525.81,5524.52,5525.81,5671000.0
15:35,5526.09,5526.62,5517.45,5524.75,22628000.0
15:36,5523.29,5526.16,5523.13,5526.0,6609000.0
15:37,5522.96,5523.66,5520.63,5523.33,8394000.0
15:38,5523.12,5523.62,5522.3,5523.1,5365000.0
15:39,5523.05,5523.12,5521.48,5523.12,5832000.0
15:40,5523.76,5524.3,5521.22,5522.95,7896000.0
15:41,5525.26,5525.55,5523.57,5523.67,7113000.0
15:42,5524.76,5525.42,5524.23,5525.2,6969000.0
15:43,5524.57,5525.46,5524.44,5524.79,6327000.0
15:44,5524.97,5525.04,5524.02,5524.49,7400000.0
15:45,5527.77,5527.98,5524.85,5525.01,8543000.0
15:46,5528.34,5528.94,5526.88,5527.79,8446000.0
15:47,5528.43,5528.73,5527.81,5528.37,7490000.0
15:48,5527.23,5528.57,5526.88,5528.41,7928000.0
15:49,5528.75,5529.18,5527.22,5527.22,10251000.0
15:50,5536.26,5536.71,5528.8,5528.8,17882000.0
15:51,5534.32,5537.07,5533.95,5536.42,12790000.0
15:52,5538.94,5539.65,5534.06,5534.45,13494000.0
15:53,5538.78,5539.48,5538.08,5539.0,12800000.0
15:54,5537.19,5539.54,5536.21,5538.93,18181000.0
15:55,5536.89,5537.39,5533.49,5537.22,23198000.0
15:56,5534.98,5536.55,5534.58,5536.45,20555000.0
15:57,5536.31,5536.52,5535.24,5535.24,23304000.0
15:58,5534.2,5536.29,5534.2,5536.29,30418000.0
15:59,5528.64,5534.31,5527.24,5534.31,68008000.0
