Time,Close,High,Low,Open,Volume
09:30,5487.78,5492.74,5475.54,5492.74,1.0
09:31,5486.43,5489.03,5481.4,5489.03,25094092.0
09:32,5491.66,5491.66,5481.84,5485.95,26449409.0
09:33,5497.12,5499.53,5491.45,5491.45,23828087.0
09:34,5494.35,5497.94,5492.92,5496.95,21452467.0
09:35,5487.64,5494.61,5485.49,5493.85,26115650.0
09:36,5488.38,5489.33,5482.51,5488.96,20875194.0
09:37,5488.3,5490.37,5483.07,5488.11,18592863.0
09:38,5492.96,5492.96,5487.97,5488.78,18143638.0
09:39,5496.28,5497.05,5492.1,5492.48,18180955.0
09:40,5487.27,5496.6,5487.05,5496.6,22688318.0
09:41,5489.67,5491.46,5483.23,5487.09,21620993.0
09:42,5487.06,5489.0,5478.86,5489.0,19864541.0
09:43,5480.69,5489.76,5480.28,5488.0,17524158.0
09:44,5483.98,5487.22,5479.97,5480.69,18379753.0
09:45,5477.17,5484.19,5477.17,5484.0,18681994.0
09:46,5481.07,5483.83,5476.12,5477.73,16580894.0
09:47,5473.32,5481.37,5473.09,5480.66,15516274.0
09:48,5478.37,5478.37,5471.34,5473.4,15224338.0
09:49,5472.92,5478.36,5471.76,5478.36,13551180.0
09:50,5483.2,5486.44,5472.58,5472.87,15569530.0
09:51,5485.23,5488.42,5481.09,5484.53,16760779.0
09:52,5486.31,5491.69,5484.41,5485.42,15539414.0
09:53,5480.04,5486.69,5480.04,5486.22,15182310.0
09:54,5476.51,5479.7,5474.7,5479.62,14831875.0
09:55,5473.7,5480.55,5473.24,5476.07,15212821.0
09:56,5467.52,5473.18,5466.88,5473.18,15426177.0
09:57,5464.83,5467.45,5463.96,5467.45,14004850.0
09:58,5469.96,5469.96,5463.38,5465.1,12752041.0
09:59,5471.04,5475.84,5470.22,5470.53,16348676.0
10:00,5466.79,5471.47,5460.89,5469.93,22261909.0
10:01,5467.53,5470.48,5463.98,5467.07,13219178.0
10:02,5461.85,5468.69,5461.72,5466.83,12605145.0
10:03,5455.03,5462.92,5455.03,5462.92,15142834.0
10:04,5452.11,5455.77,5450.86,5454.85,13729608.0
10:05,5457.89,5457.89,5451.9,5452.43,14240932.0
10:06,5453.94,5459.22,5453.94,5457.23,13922663.0
10:07,5455.47,5455.47,5449.14,5453.96,13707578.0
10:08,5451.84,5459.13,5451.84,5455.39,13084991.0
10:09,5450.28,5452.82,5449.06,5451.82,13062530.0
10:10,5447.46,5451.69,5447.45,5450.14,13454832.0
10:11,5445.86,5447.83,5444.62,5447.13,13274521.0
10:12,5444.27,5448.05,5443.36,5446.04,13507706.0
10:13,5443.95,5445.25,5440.74,5444.18,14569001.0
10:14,5445.96,5446.33,5443.86,5443.86,14333430.0
10:15,5452.46,5453.09,5447.06,5447.06,15339604.0
10:16,5450.91,5453.31,5448.41,5451.78,13495506.0
10:17,5451.92,5453.56,5450.75,5451.52,13336216.0
10:18,5445.22,5451.64,5445.22,5451.64,13138357.0
10:19,5444.3,5447.27,5444.27,5444.99,10984578.0
10:20,5441.33,5444.09,5440.88,5443.35,13219146.0
10:21,5441.56,5441.56,5437.35,5441.22,13314024.0
10:22,5440.04,5443.9,5440.04,5441.08,11776689.0
10:23,5440.04,5441.2,5439.02,5439.5,11706774.0
10:24,5439.74,5441.08,5436.66,5439.53,11906000.0
10:25,5451.62,5451.62,5439.13,5439.48,16703000.0
10:26,5449.29,5453.36,5449.29,5451.64,12947000.0
10:27,5453.06,5455.87,5447.51,5449.29,15377000.0
10:28,5448.5,5452.62,5447.69,5452.62,12012000.0
10:29,5451.8,5452.2,5448.24,5448.24,11637000.0
10:30,5453.79,5455.38,5450.39,5451.23,14468000.0
10:31,5453.83,5454.01,5451.09,5453.68,12365000.0
10:32,5458.47,5458.47,5452.15,5453.91,11918000.0
10:33,5452.06,5458.32,5451.11,5457.94,13424000.0
10:34,5447.88,5451.65,5446.84,5451.65,14068000.0
10:35,5446.84,5449.63,5445.76,5447.46,13111000.0
10:36,5445.22,5447.45,5444.16,5446.06,12369000.0
10:37,5443.27,5447.19,5443.27,5444.73,14631000.0
10:38,5442.52,5445.25,5441.34,5442.83,13112000.0
10:39,5443.21,5443.77,5442.26,5442.31,10567000.0
10:40,5439.27,5444.45,5439.27,5442.78,12230000.0
10:41,5445.84,5446.06,5437.67,5439.05,12796000.0
10:42,5440.17,5447.36,5439.89,5445.73,11680000.0
10:43,5440.21,5440.57,5438.22,5440.09,10233000.0
10:44,5442.13,5443.13,5437.56,5439.63,11185000.0
10:45,5433.37,5442.37,5433.37,5442.11,13750000.0
10:46,5433.97,5435.06,5432.06,5433.37,13700000.0
10:47,5431.73,5434.67,5431.57,5434.23,12033000.0
10:48,5431.03,5431.79,5429.26,5431.59,12181000.0
10:49,5428.31,5433.9,5427.66,5431.44,14395000.0
10:50,5424.33,5429.23,5424.01,5428.21,14426000.0
10:51,5424.01,5426.51,5423.97,5424.5,11796000.0
10:52,5425.81,5425.89,5422.78,5423.81,11503000.0
10:53,5422.57,5426.75,5422.57,5425.79,10131000.0
10:54,5426.23,5426.26,5421.59,5422.9,12728000.0
10:55,5428.67,5428.9,5424.99,5426.29,11324000.0
10:56,5425.48,5429.02,5425.18,5428.57,11905000.0
10:57,5427.55,5428.79,5424.09,5425.45,10807000.0
10:58,5424.77,5427.83,5424.38,5427.49,9603000.0
10:59,5421.98,5424.39,5421.31,5424.39,10180000.0
11:00,5423.88,5425.97,5420.44,5421.74,12647000.0
11:01,5422.72,5424.96,5422.68,5424.49,9593000.0
11:02,5423.93,5424.76,5421.88,5422.81,9456000.0
11:03,5423.32,5424.17,5420.74,5423.81,9864000.0
11:04,5426.36,5426.42,5423.05,5423.35,9577000.0
11:05,5418.74,5426.91,5418.31,5426.5,12213000.0
11:06,5420.3,5423.17,5418.54,5419.01,11566000.0
11:07,5416.32,5420.57,5415.66,5420.11,12796000.0
11:08,5420.09,5420.77,5415.83,5416.06,10770000.0
11:09,5421.0,5421.06,5418.16,5420.06,11543000.0
11:10,5424.96,5424.96,5420.81,5420.99,10934000.0
11:11,5435.94,5438.3,5424.98,5424.98,15456000.0
11:12,5438.27,5438.69,5435.49,5435.78,12033000.0
11:13,5438.49,5440.45,5436.31,5438.36,13756000.0
11:14,5434.89,5440.18,5434.84,5438.72,11173000.0
11:15,5440.07,5441.0,5434.58,5434.91,11812000.0
11:16,5441.59,5443.87,5439.11,5439.69,12838000.0
11:17,5442.02,5442.15,5439.31,5441.64,10783000.0
11:18,5443.59,5443.99,5441.8,5442.0,10451000.0
11:19,5442.57,5444.01,5441.11,5443.63,9818000.0
11:20,5439.63,5443.63,5439.19,5442.36,10531000.0
11:21,5434.76,5439.58,5434.06,5439.58,10448000.0
11:22,5435.95,5436.09,5432.65,5434.68,8831000.0
11:23,5439.77,5440.52,5435.94,5435.94,9483000.0
11:24,5439.82,5441.79,5437.22,5439.87,9036000.0
11:25,5442.52,5442.52,5438.54,5439.71,9408000.0
11:26,5445.46,5446.86,5442.56,5442.63,11315000.0
11:27,5444.68,5445.02,5442.42,5445.02,8881000.0
11:28,5441.91,5447.14,5441.91,5444.62,9883000.0
11:29,5438.42,5441.83,5438.02,5441.83,9297000.0
11:30,5442.18,5442.18,5437.21,5438.29,10691000.0
11:31,5437.75,5442.95,5437.75,5442.17,10162000.0
11:32,5442.78,5444.57,5437.4,5438.05,9905000.0
11:33,5443.74,5443.74,5439.92,5442.76,8681000.0
11:34,5448.71,5450.33,5443.74,5443.74,11494000.0
11:35,5443.78,5449.33,5443.33,5448.67,10491000.0
11:36,5447.35,5447.92,5441.38,5443.83,9831000.0
11:37,5453.07,5453.29,5446.96,5447.0,8859000.0
11:38,5454.46,5454.97,5451.34,5453.08,10599000.0
11:39,5455.78,5455.78,5450.82,5454.59,10023000.0
11:40,5457.31,5459.32,5455.63,5455.63,10198000.0
11:41,5460.66,5461.33,5457.2,5457.2,10650000.0
11:42,5461.33,5463.21,5460.07,5460.82,8316000.0
11:43,5459.1,5461.73,5459.1,5461.23,8886000.0
11:44,5459.53,5459.54,5456.4,5458.74,10412000.0
11:45,5452.16,5461.8,5452.1,5459.66,10759000.0
11:46,5451.9,5456.32,5451.82,5452.45,8729000.0
11:47,5448.94,5452.11,5448.84,5452.11,7345000.0
11:48,5452.81,5453.83,5448.43,5448.75,9387000.0
11:49,5452.21,5456.01,5450.86,5452.94,7626000.0
11:50,5446.24,5452.24,5446.06,5452.2,9659000.0
11:51,5443.16,5446.47,5442.99,5446.13,7037000.0
11:52,5443.63,5443.71,5442.35,5443.25,5640000.0
11:53,5447.05,5447.34,5442.64,5443.6,7458000.0
11:54,5453.98,5453.98,5446.83,5447.12,7925000.0
11:55,5453.95,5457.07,5453.79,5453.92,8124000.0
11:56,5455.96,5455.96,5453.21,5453.74,5881000.0
11:57,5456.98,5459.08,5455.59,5455.68,7415000.0
11:58,5460.61,5463.79,5457.4,5457.45,9185000.0
11:59,5455.79,5460.78,5455.74,5460.77,7400000.0
12:00,5461.57,5461.98,5455.34,5455.8,7311000.0
12:01,5462.88,5463.78,5461.26,5461.26,7451000.0
12:02,5464.09,5464.93,5461.88,5462.43,6860000.0
12:03,5461.51,5467.82,5461.51,5464.15,10049000.0
12:04,5459.07,5462.04,5457.76,5461.36,7289000.0
12:05,5466.38,5466.6,5459.57,5459.57,7090000.0
12:06,5461.65,5466.72,5461.51,5466.09,7071000.0
12:07,5462.24,5463.1,5460.22,5461.64,7796000.0
12:08,5461.84,5463.37,5460.44,5462.29,6822000.0
12:09,5457.83,5461.92,5457.4,5461.92,6969000.0
12:10,5459.42,5459.69,5457.72,5457.85,6187000.0
12:11,5464.42,5464.54,5459.69,5459.69,6864000.0
12:12,5466.27,5469.41,5464.88,5464.88,8752000.0
12:13,5470.57,5471.46,5465.74,5466.3,7596000.0
12:14,5470.84,5472.54,5468.48,5470.46,7225000.0
12:15,5469.58,5472.37,5469.27,5470.82,6410000.0
12:16,5472.68,5472.68,5469.35,5469.51,7201000.0
12:17,5472.22,5473.36,5469.26,5472.66,8468000.0
12:18,5474.58,5474.63,5471.49,5472.11,7783000.0
12:19,5476.96,5477.25,5474.08,5474.59,6334000.0
12:20,5475.96,5476.95,5472.72,5476.95,7733000.0
12:21,5475.31,5478.63,5474.68,5476.05,7070000.0
12:22,5477.68,5479.83,5474.88,5475.13,7591000.0
12:23,5476.56,5478.34,5475.88,5477.63,6619000.0
12:24,5476.86,5477.16,5473.91,5476.57,7910000.0
12:25,5470.84,5477.23,5470.07,5477.09,8977000.0
12:26,5469.37,5470.27,5467.41,5470.27,8991000.0
12:27,5471.29,5471.35,5468.41,5469.31,7269000.0
12:28,5475.44,5475.59,5471.23,5471.23,6462000.0
12:29,5479.06,5479.15,5475.71,5475.71,5919000.0
12:30,5473.3,5483.05,5473.3,5479.14,9345000.0
12:31,5468.86,5473.22,5468.26,5473.22,6651000.0
12:32,5472.82,5472.82,5468.81,5468.85,6696000.0
12:33,5466.95,5473.24,5466.79,5473.03,5926000.0
12:34,5463.54,5467.21,5463.13,5466.99,8085000.0
12:35,5462.72,5464.4,5462.03,5463.13,7080000.0
12:36,5461.86,5463.55,5461.21,5462.77,6867000.0
12:37,5465.22,5465.33,5461.13,5461.13,5405000.0
12:38,5461.89,5465.93,5461.89,5465.43,5822000.0
12:39,5463.22,5463.24,5460.55,5461.76,5873000.0
12:40,5466.57,5466.63,5463.19,5463.19,6382000.0
12:41,5470.91,5473.64,5466.39,5466.52,8206000.0
12:42,5475.92,5475.92,5471.14,5471.14,7245000.0
12:43,5476.42,5477.3,5475.66,5475.75,5897000.0
12:44,5466.73,5477.27,5466.31,5476.66,8770000.0
12:45,5464.71,5468.02,5464.59,5466.81,7080000.0
12:46,5462.95,5465.01,5462.62,5464.45,5324000.0
12:47,5463.16,5465.0,5462.57,5462.97,5555000.0
12:48,5467.42,5467.42,5462.27,5463.27,6320000.0
12:49,5469.64,5469.64,5467.43,5467.71,5031000.0
12:50,5460.7,5469.83,5460.7,5469.83,7699000.0
12:51,5460.0,5460.64,5457.8,5460.14,6913000.0
12:52,5461.61,5462.13,5459.9,5459.96,5231000.0
12:53,5456.73,5462.64,5456.73,5461.63,6421000.0
12:54,5454.51,5456.76,5453.94,5456.76,6685000.0
12:55,5453.2,5454.5,5452.04,5454.5,7667000.0
12:56,5455.76,5456.08,5451.45,5453.33,6724000.0
12:57,5452.33,5456.16,5452.07,5455.8,5987000.0
12:58,5453.74,5454.14,5452.31,5452.38,5749000.0
12:59,5454.9,5456.38,5452.62,5453.7,6492000.0
13:00,5460.48,5460.48,5454.84,5454.87,7343000.0
13:01,5458.23,5461.6,5457.2,5460.5,6540000.0
13:02,5457.67,5458.74,5456.16,5458.01,6078000.0
13:03,5453.55,5457.92,5453.02,5457.92,6131000.0
13:04,5455.62,5456.27,5453.56,5453.95,6126000.0
13:05,5455.01,5458.76,5454.57,5455.62,5350000.0
13:06,5459.53,5459.53,5454.97,5455.22,6543000.0
13:07,5462.68,5462.87,5459.66,5459.71,5910000.0
13:08,5455.21,5463.69,5455.21,5462.76,7985000.0
13:09,5454.54,5455.28,5454.17,5454.99,5066000.0
13:10,5451.58,5454.49,5451.57,5454.49,6360000.0
13:11,5455.62,5456.16,5450.59,5451.58,5881000.0
13:12,5453.74,5456.69,5453.24,5455.82,5499000.0
13:13,5459.08,5459.08,5452.99,5453.83,6849000.0
13:14,5455.42,5458.97,5454.86,5458.97,5892000.0
13:15,5455.19,5455.91,5453.97,5455.45,5733000.0
13:16,5455.34,5456.75,5455.34,5455.59,5171000.0
13:17,5452.4,5455.18,5452.16,5455.09,6289000.0
13:18,5451.65,5453.12,5451.61,5452.28,6787000.0
13:19,5451.3,5452.27,5450.3,5451.59,5270000.0
13:20,5447.83,5454.8,5447.69,5451.4,7703000.0
13:21,5445.31,5447.93,5445.31,5447.88,6282000.0
13:22,5441.76,5445.56,5441.74,5445.18,7374000.0
13:23,5443.83,5444.02,5440.69,5441.69,7117000.0
13:24,5444.35,5444.35,5442.24,5443.85,5398000.0
13:25,5446.58,5446.58,5443.47,5444.66,6430000.0
13:26,5443.08,5447.08,5442.76,5446.76,5805000.0
13:27,5444.91,5444.91,5442.81,5443.21,5131000.0
13:28,5442.57,5445.17,5442.5,5444.96,5316000.0
13:29,5443.09,5444.46,5441.81,5442.59,5615000.0
13:30,5443.17,5445.84,5442.51,5443.34,6167000.0
13:31,5440.99,5443.25,5440.93,5442.97,5269000.0
13:32,5440.46,5442.39,5440.46,5440.98,6065000.0
13:33,5441.24,5443.64,5440.59,5440.74,5772000.0
13:34,5446.29,5446.31,5441.27,5441.27,6564000.0
13:35,5450.53,5450.77,5446.29,5446.43,5897000.0
13:36,5448.13,5451.13,5447.4,5450.64,5775000.0
13:37,5451.0,5451.0,5447.25,5448.21,5598000.0
13:38,5454.22,5454.22,5450.94,5451.0,5650000.0
13:39,5452.17,5455.28,5452.11,5454.78,7537000.0
13:40,5452.76,5453.67,5451.88,5452.28,6011000.0
13:41,5453.92,5454.03,5450.15,5452.83,5799000.0
13:42,5450.74,5454.69,5449.98,5453.66,6085000.0
13:43,5453.39,5454.22,5450.71,5450.71,4751000.0
13:44,5455.63,5455.84,5453.15,5453.15,5344000.0
13:45,5456.43,5456.49,5455.01,5455.57,4855000.0
13:46,5457.05,5457.05,5454.52,5456.42,5322000.0
13:47,5453.52,5457.72,5453.52,5457.03,5835000.0
13:48,5449.62,5453.75,5449.54,5453.75,6302000.0
13:49,5449.55,5450.59,5448.97,5449.64,5329000.0
13:50,5447.12,5450.46,5447.12,5449.65,5320000.0
13:51,5445.84,5447.63,5445.37,5447.14,5750000.0
13:52,5446.63,5449.5,5446.07,5446.07,6525000.0
13:53,5445.57,5446.72,5444.39,5446.6,4769000.0
13:54,5447.22,5447.69,5444.81,5445.44,5544000.0
13:55,5444.16,5447.23,5444.16,5447.23,5072000.0
13:56,5445.21,5445.28,5441.8,5443.55,6096000.0
13:57,5441.19,5445.7,5441.12,5445.22,5715000.0
13:58,5440.61,5442.28,5440.24,5441.14,5082000.0
13:59,5439.37,5440.78,5439.08,5440.74,5660000.0
14:00,5443.56,5445.27,5439.18,5439.36,8127000.0
14:01,5443.3,5443.88,5441.49,5443.43,5627000.0
14:02,5439.66,5443.3,5439.58,5443.3,6982000.0
14:03,5439.81,5441.91,5439.55,5439.75,5939000.0
14:04,5438.79,5439.93,5438.58,5439.81,5201000.0
14:05,5435.7,5439.16,5435.45,5438.73,7098000.0
14:06,5436.34,5436.61,5434.34,5435.84,6474000.0
14:07,5434.18,5436.77,5434.18,5436.51,6998000.0
14:08,5434.11,5435.57,5434.07,5434.16,6729000.0
14:09,5435.84,5436.04,5433.2,5434.07,6565000.0
14:10,5435.25,5436.4,5434.74,5435.78,7798000.0
14:11,5432.85,5435.22,5432.85,5435.22,6679000.0
14:12,5430.93,5432.86,5430.88,5432.79,7997000.0
14:13,5430.33,5432.75,5430.33,5430.82,7806000.0
14:14,5428.25,5430.32,5427.69,5430.21,7511000.0
14:15,5430.94,5430.94,5428.0,5428.17,6890000.0
14:16,5428.95,5430.65,5428.16,5430.65,5990000.0
14:17,5427.57,5428.77,5427.06,5428.68,6896000.0
14:18,5425.01,5428.22,5425.01,5427.71,6213000.0
14:19,5426.87,5427.48,5424.22,5424.99,6886000.0
14:20,5424.68,5427.92,5424.52,5426.82,6771000.0
14:21,5427.68,5428.4,5424.65,5424.73,7170000.0
14:22,5430.72,5430.72,5427.65,5427.65,7571000.0
14:23,5431.97,5433.29,5431.05,5431.05,7626000.0
14:24,5427.55,5432.03,5427.44,5431.76,7179000.0
14:25,5429.2,5429.22,5427.18,5427.39,6050000.0
14:26,5426.12,5429.7,5426.08,5429.33,6066000.0
14:27,5426.6,5427.36,5425.84,5426.06,7359000.0
14:28,5425.63,5427.17,5425.15,5426.44,6064000.0
14:29,5427.81,5427.87,5424.95,5425.49,5847000.0
14:30,5425.69,5430.34,5425.06,5427.83,8780000.0
14:31,5421.18,5425.69,5420.61,5425.69,9241000.0
14:32,5424.44,5424.67,5420.93,5421.36,7219000.0
14:33,5429.45,5433.48,5424.51,5424.51,16171000.0
14:34,5423.77,5429.27,5423.22,5429.27,6753000.0
14:35,5426.05,5426.08,5423.81,5423.94,6262000.0
14:36,5427.74,5428.14,5425.38,5426.04,6148000.0
14:37,5431.37,5431.37,5427.46,5427.56,7481000.0
14:38,5430.75,5433.32,5430.11,5431.3,7244000.0
14:39,5432.89,5434.62,5430.59,5430.7,7270000.0
14:40,5434.77,5435.37,5431.56,5432.84,8612000.0
14:41,5438.7,5438.7,5433.91,5434.88,7310000.0
14:42,5434.9,5439.58,5434.41,5438.65,8183000.0
14:43,5436.38,5439.18,5434.58,5434.89,7219000.0
14:44,5439.75,5440.78,5436.7,5436.7,6970000.0
14:45,5435.86,5440.02,5435.86,5440.02,7338000.0
14:46,5435.48,5436.58,5434.78,5435.85,7099000.0
14:47,5439.18,5440.12,5434.49,5435.31,9097000.0
14:48,5441.31,5442.02,5438.74,5438.74,12845000.0
14:49,5441.99,5442.11,5439.58,5441.29,13651000.0
14:50,5438.4,5443.2,5438.36,5442.06,14103000.0
14:51,5441.97,5442.79,5437.89,5438.38,11922000.0
14:52,5441.28,5443.07,5438.87,5441.85,9403000.0
14:53,5440.88,5442.25,5440.6,5441.31,12793000.0
14:54,5438.21,5441.09,5436.78,5440.96,12823000.0
14:55,5433.72,5440.3,5433.72,5438.09,12920000.0
14:56,5434.51,5434.62,5432.6,5433.79,10810000.0
14:57,5437.03,5437.03,5434.05,5434.1,10454000.0
14:58,5436.72,5438.5,5434.65,5437.03,10124000.0
14:59,5439.34,5439.86,5436.54,5436.54,10073000.0
15:00,5435.36,5439.17,5433.52,5439.17,12126000.0
15:01,5436.84,5438.57,5434.17,5435.02,10617000.0
15:02,5439.07,5439.64,5435.2,5436.95,10505000.0
15:03,5437.9,5439.83,5437.02,5439.01,10270000.0
15:04,5435.67,5438.01,5434.18,5438.01,9679000.0
15:05,5439.69,5439.69,5435.58,5435.58,8836000.0
15:06,5437.14,5440.21,5436.22,5439.93,10185000.0
15:07,5438.26,5439.94,5436.45,5436.7,10445000.0
15:08,5436.94,5439.69,5436.94,5438.29,9118000.0
15:09,5434.96,5437.25,5434.85,5437.04,8419000.0
15:10,5432.03,5437.27,5431.99,5434.88,10717000.0
15:11,5432.16,5432.46,5428.74,5432.46,11491000.0
15:12,5432.26,5433.48,5431.48,5431.82,10411000.0
15:13,5434.16,5435.43,5432.05,5432.27,11509000.0
15:14,5430.28,5435.06,5430.28,5434.23,12616000.0
15:15,5423.61,5430.07,5423.61,5429.99,13001000.0
15:16,5417.58,5423.74,5417.5,5423.62,12675000.0
15:17,5409.83,5417.33,5409.83,5417.33,13299000.0
15:18,5416.43,5416.43,5406.75,5409.7,15449000.0
15:19,5415.54,5419.52,5413.95,5416.47,13475000.0
15:20,5416.45,5420.41,5415.58,5415.59,11101000.0
15:21,5415.7,5417.15,5414.07,5416.94,10516000.0
15:22,5410.16,5416.03,5409.54,5415.85,11619000.0
15:23,5414.96,5415.77,5408.95,5410.2,11915000.0
15:24,5414.83,5416.39,5414.41,5414.82,10772000.0
15:25,5412.72,5414.64,5410.92,5414.64,12635000.0
15:26,5417.75,5418.25,5412.07,5412.9,13145000.0
15:27,5412.22,5418.89,5412.15,5417.91,11283000.0
15:28,5411.22,5413.01,5409.11,5412.02,13788000.0
15:29,5410.82,5412.45,5409.42,5411.43,11143000.0
15:30,5406.24,5412.19,5406.09,5410.72,15622000.0
15:31,5406.77,5407.66,5404.88,5406.13,13112000.0
15:32,5404.64,5409.09,5402.62,5406.55,15773000.0
15:33,5407.21,5407.86,5404.25,5404.81,13860000.0
15:34,5404.16,5407.0,5403.01,5407.0,15715000.0
15:35,5402.99,5404.57,5400.92,5404.05,14738000.0
15:36,5401.17,5403.91,5401.17,5402.98,12763000.0
15:37,5406.21,5406.24,5400.6,5401.33,15093000.0
15:38,5404.94,5406.61,5404.03,5406.0,13579000.0
15:39,5407.42,5407.84,5404.96,5404.99,14027000.0
15:40,5407.19,5408.14,5404.72,5407.22,15671000.0
15:41,5407.04,5408.35,5405.61,5407.41,15557000.0
15:42,5408.38,5408.38,5405.72,5407.14,13780000.0
15:43,5413.29,5413.43,5408.43,5408.43,16117000.0
15:44,5414.64,5415.93,5411.81,5413.34,14992000.0
15:45,5406.63,5415.72,5406.63,5414.68,17564000.0
15:46,5404.08,5406.5,5403.58,5406.5,16524000.0
15:47,5402.92,5405.6,5402.53,5404.36,17379000.0
15:48,5404.08,5404.44,5401.84,5402.98,17115000.0
15:49,5401.46,5404.05,5399.04,5404.05,18988000.0
15:50,5399.31,5401.38,5397.06,5401.38,29619000.0
15:51,5401.88,5405.21,5399.71,5399.71,26346000.0
15:52,5403.54,5403.73,5396.7,5401.37,24751000.0
15:53,5401.77,5405.68,5401.77,5403.32,24405000.0
15:54,5405.61,5405.61,5398.09,5401.81,33283000.0
15:55,5403.51,5405.52,5401.35,5405.52,44520000.0
15:56,5400.22,5404.5,5399.67,5403.69,38515000.0
15:57,5398.41,5401.32,5397.95,5400.23,43704000.0
15:58,5398.96,5400.05,5398.02,5398.02,52616000.0
15:59,5394.89,5398.59,5390.83,5398.59,114654000.0
