Time,Close,High,Low,Open,Volume
09:30,5671.95,5672.06,5663.6,5663.6,1.0
09:31,5668.4,5672.98,5668.25,5671.63,15731135.0
09:32,5666.24,5669.57,5665.15,5668.32,14130047.0
09:33,5664.69,5667.49,5663.15,5666.67,12537372.0
09:34,5664.86,5666.19,5663.68,5664.6,14669248.0
09:35,5666.21,5668.11,5664.49,5664.68,13082748.0
09:36,5666.61,5667.61,5666.06,5666.3,11183242.0
09:37,5667.06,5667.07,5665.24,5666.87,10208882.0
09:38,5661.53,5667.25,5661.28,5667.25,10292805.0
09:39,5658.72,5662.01,5658.43,5661.82,10062523.0
09:40,5665.14,5666.54,5658.74,5658.74,12071713.0
09:41,5666.61,5667.22,5663.02,5665.18,10547237.0
09:42,5664.63,5667.72,5664.54,5666.53,12690843.0
09:43,5666.76,5666.95,5664.29,5664.29,9696661.0
09:44,5665.54,5666.86,5665.16,5666.84,9596702.0
09:45,5662.72,5665.67,5662.43,5665.54,9608283.0
09:46,5662.66,5664.67,5662.62,5662.62,10238107.0
09:47,5660.76,5662.72,5660.11,5662.72,8872074.0
09:48,5656.28,5660.92,5656.28,5660.92,10064640.0
09:49,5655.31,5656.9,5653.6,5656.76,10892286.0
09:50,5654.71,5655.64,5653.83,5655.33,8784909.0
09:51,5658.71,5658.9,5655.28,5655.28,9599913.0
09:52,5655.57,5658.71,5653.79,5658.71,9185168.0
09:53,5656.08,5657.08,5654.92,5655.8,7570199.0
09:54,5656.63,5657.09,5655.77,5656.07,7470753.0
09:55,5658.59,5658.92,5655.63,5656.6,7208782.0
09:56,5661.5,5661.66,5658.49,5658.55,9441928.0
09:57,5663.53,5663.62,5661.24,5661.48,8069285.0
09:58,5658.03,5663.65,5657.45,5663.62,9258613.0
09:59,5658.86,5659.16,5657.1,5657.71,7051223.0
10:00,5661.53,5661.86,5657.52,5659.53,9652162.0
10:01,5664.39,5664.49,5661.41,5661.41,8358116.0
10:02,5664.0,5665.24,5663.29,5664.72,8604752.0
10:03,5663.52,5664.59,5663.52,5663.96,7348900.0
10:04,5661.3,5664.41,5660.75,5663.25,7300202.0
10:05,5660.23,5661.55,5659.39,5661.44,8143239.0
10:06,5659.27,5660.21,5657.8,5660.18,7467258.0
10:07,5657.27,5659.51,5657.04,5659.3,8182555.0
10:08,5652.86,5657.24,5650.27,5657.1,9102379.0
10:09,5652.36,5653.04,5650.42,5652.98,7328760.0
10:10,5651.24,5652.28,5649.99,5652.28,7606155.0
10:11,5645.16,5651.67,5645.16,5651.36,9456996.0
10:12,5643.02,5645.57,5641.26,5645.18,7803683.0
10:13,5644.42,5646.08,5642.53,5643.14,8458728.0
10:14,5645.73,5647.57,5644.22,5644.47,8332730.0
10:15,5647.23,5647.69,5645.0,5645.73,6302006.0
10:16,5649.15,5649.15,5646.36,5647.19,6379619.0
10:17,5651.79,5651.82,5649.22,5649.22,7223888.0
10:18,5651.57,5653.13,5651.49,5651.84,6757561.0
10:19,5652.25,5652.28,5649.09,5651.64,7617644.0
10:20,5653.34,5653.88,5651.75,5652.63,7191961.0
10:21,5657.57,5657.57,5652.93,5653.34,7210476.0
10:22,5655.18,5661.06,5655.18,5657.66,10667325.0
10:23,5654.1,5657.8,5652.71,5654.98,8204132.0
10:24,5655.85,5656.37,5653.17,5654.05,6647429.0
10:25,5659.39,5660.0,5655.26,5655.89,7361663.0
10:26,5660.16,5660.17,5658.97,5659.57,6665790.0
10:27,5661.69,5662.22,5660.0,5660.14,6468240.0
10:28,5661.3,5662.62,5659.5,5661.88,6977577.0
10:29,5661.57,5661.75,5660.44,5661.18,6538004.0
10:30,5661.53,5662.44,5661.01,5661.82,8854042.0
10:31,5661.03,5662.2,5660.4,5661.53,6957937.0
10:32,5664.99,5665.92,5661.07,5661.13,9139341.0
10:33,5667.75,5667.75,5665.12,5665.12,6661567.0
10:34,5665.24,5668.53,5665.24,5667.67,9745588.0
10:35,5663.22,5666.24,5663.19,5664.92,9909658.0
10:36,5659.26,5663.19,5658.36,5663.19,7730687.0
10:37,5657.86,5659.25,5654.71,5659.25,7058791.0
10:38,5656.7,5658.16,5655.63,5657.81,5179392.0
10:39,5654.64,5657.7,5654.64,5656.9,6277242.0
10:40,5656.47,5656.47,5652.9,5654.76,6651678.0
10:41,5656.42,5657.54,5655.82,5656.45,5617071.0
10:42,5655.02,5656.7,5653.96,5656.4,6841083.0
10:43,5653.46,5656.39,5653.46,5655.15,5776626.0
10:44,5656.62,5656.65,5650.47,5653.66,7356634.0
10:45,5654.77,5657.62,5654.66,5656.52,6019155.0
10:46,5653.25,5654.58,5651.62,5654.58,6475001.0
10:47,5651.84,5653.99,5651.84,5653.1,6974396.0
10:48,5651.83,5652.83,5650.38,5651.85,5272260.0
10:49,5650.91,5651.86,5649.04,5651.86,5469783.0
10:50,5653.02,5653.11,5650.16,5650.87,5537191.0
10:51,5657.03,5657.17,5652.77,5653.01,6614348.0
10:52,5658.17,5659.05,5657.16,5657.2,6879034.0
10:53,5647.39,5658.97,5647.04,5658.18,9062622.0
10:54,5643.71,5647.63,5640.02,5647.63,11730175.0
10:55,5636.48,5644.16,5635.44,5643.98,8995786.0
10:56,5639.58,5643.6,5635.38,5636.41,8434417.0
10:57,5643.87,5645.55,5639.46,5639.74,6155932.0
10:58,5644.47,5645.13,5643.4,5644.02,4980460.0
10:59,5642.87,5646.46,5638.79,5644.27,10185278.0
11:00,5645.36,5646.42,5638.94,5642.72,8308221.0
11:01,5645.98,5646.42,5644.09,5645.1,5076270.0
11:02,5643.07,5647.12,5642.1,5646.24,6722517.0
11:03,5642.04,5643.98,5640.23,5643.55,6036454.0
11:04,5639.98,5641.48,5639.29,5641.48,4537917.0
11:05,5646.23,5646.42,5639.55,5640.08,6524359.0
11:06,5649.17,5649.57,5645.4,5646.23,6920569.0
11:07,5652.05,5652.21,5648.4,5649.07,6355682.0
11:08,5654.19,5654.35,5652.16,5652.16,5303816.0
11:09,5654.75,5655.04,5653.6,5654.11,4827874.0
11:10,5656.55,5656.78,5654.48,5654.48,5497693.0
11:11,5655.98,5656.8,5655.31,5656.49,4068886.0
11:12,5654.67,5656.74,5654.46,5656.04,5151607.0
11:13,5657.19,5657.26,5654.75,5654.81,5010250.0
11:14,5659.45,5660.25,5657.15,5657.15,7284510.0
11:15,5659.44,5661.47,5659.16,5659.9,5431553.0
11:16,5660.3,5660.31,5659.34,5659.41,4861531.0
11:17,5660.97,5661.77,5660.33,5660.35,5665518.0
11:18,5663.17,5663.17,5660.41,5661.05,4650597.0
11:19,5662.64,5663.23,5662.43,5663.16,5152151.0
11:20,5668.25,5668.97,5662.72,5662.72,9607053.0
11:21,5667.78,5669.95,5665.43,5669.68,8611986.0
11:22,5670.91,5671.74,5667.67,5667.67,5999963.0
11:23,5673.5,5673.7,5670.91,5670.99,5466000.0
11:24,5676.53,5676.73,5672.76,5673.46,6354000.0
11:25,5678.4,5678.59,5676.27,5676.6,7786000.0
11:26,5679.36,5680.05,5678.79,5678.79,6988000.0
11:27,5680.19,5680.19,5679.14,5679.56,5778000.0
11:28,5684.34,5684.44,5680.06,5680.06,7811000.0
11:29,5678.53,5686.72,5678.53,5684.36,15745000.0
11:30,5676.31,5678.9,5673.13,5678.9,10306000.0
11:31,5676.19,5680.0,5675.84,5676.35,7587000.0
11:32,5680.75,5682.0,5676.19,5676.19,7228000.0
11:33,5682.0,5683.08,5680.59,5680.59,6477000.0
11:34,5682.83,5683.17,5680.77,5681.98,4621000.0
11:35,5684.25,5685.2,5682.72,5682.72,5605000.0
11:36,5684.81,5685.99,5684.24,5684.24,5037000.0
11:37,5685.49,5685.72,5684.4,5684.86,5137000.0
11:38,5682.61,5685.93,5682.39,5685.7,5817000.0
11:39,5688.96,5688.96,5682.72,5682.72,8001000.0
11:40,5694.08,5695.52,5689.1,5689.1,9119000.0
11:41,5701.2,5701.3,5694.06,5694.06,11161000.0
11:42,5705.65,5707.71,5701.14,5701.14,10822000.0
11:43,5708.71,5709.95,5702.81,5705.92,10611000.0
11:44,5708.12,5709.46,5707.95,5709.0,5775000.0
11:45,5709.04,5711.39,5707.33,5708.15,7663000.0
11:46,5709.12,5712.42,5708.55,5708.79,7110000.0
11:47,5708.12,5709.36,5707.25,5708.62,6781000.0
11:48,5709.83,5711.76,5708.25,5708.25,6589000.0
11:49,5710.54,5710.89,5708.81,5709.91,6577000.0
11:50,5709.51,5711.27,5708.42,5710.46,7398000.0
11:51,5704.71,5709.65,5704.4,5709.65,9192000.0
11:52,5701.34,5704.69,5701.21,5704.65,7464000.0
11:53,5704.64,5704.64,5701.18,5701.18,6768000.0
11:54,5705.71,5706.17,5704.14,5704.26,5579000.0
11:55,5702.17,5705.66,5699.79,5705.56,6684000.0
11:56,5702.53,5702.78,5698.99,5702.28,5934000.0
11:57,5701.33,5703.56,5701.2,5702.61,5175000.0
11:58,5701.08,5702.25,5701.01,5701.23,4015000.0
11:59,5700.97,5702.17,5700.41,5701.2,5548000.0
12:00,5704.65,5704.67,5700.63,5700.9,5423000.0
12:01,5705.27,5706.15,5704.25,5704.65,5634000.0
12:02,5704.86,5705.34,5704.01,5705.34,4313000.0
12:03,5704.85,5704.85,5702.42,5704.78,4781000.0
12:04,5706.18,5706.33,5704.92,5704.92,4708000.0
12:05,5706.43,5706.78,5705.48,5706.2,4555000.0
12:06,5706.36,5706.92,5705.8,5706.45,4616000.0
12:07,5707.44,5707.77,5706.39,5706.39,4864000.0
12:08,5706.66,5707.52,5706.09,5707.48,5443000.0
12:09,5709.19,5709.19,5706.56,5706.7,4619000.0
12:10,5708.34,5710.41,5708.2,5709.37,5325000.0
12:11,5704.92,5708.42,5704.87,5708.37,4831000.0
12:12,5709.22,5709.53,5704.15,5704.94,6288000.0
12:13,5709.39,5709.73,5707.25,5709.17,5650000.0
12:14,5709.6,5709.91,5708.9,5709.25,3835000.0
12:15,5710.42,5710.67,5709.64,5709.68,4882000.0
12:16,5712.27,5713.75,5710.45,5710.51,7833000.0
12:17,5711.03,5713.06,5710.58,5712.23,5106000.0
12:18,5711.63,5711.98,5710.92,5710.92,5038000.0
12:19,5711.64,5712.01,5711.52,5711.68,5137000.0
12:20,5711.72,5713.83,5711.62,5711.62,6146000.0
12:21,5709.27,5712.36,5709.27,5711.8,5622000.0
12:22,5708.34,5709.26,5707.85,5709.18,5058000.0
12:23,5709.57,5710.27,5707.85,5708.45,5357000.0
12:24,5709.7,5709.91,5708.53,5709.58,3648000.0
12:25,5709.82,5709.94,5708.64,5709.83,4586000.0
12:26,5706.58,5709.91,5706.48,5709.91,4958000.0
12:27,5706.82,5708.07,5706.46,5706.46,3881000.0
12:28,5706.13,5707.8,5705.95,5706.72,5127000.0
12:29,5704.83,5706.32,5704.62,5706.16,4177000.0
12:30,5704.64,5706.22,5704.64,5704.84,5951000.0
12:31,5705.89,5706.11,5704.57,5704.7,3963000.0
12:32,5706.66,5707.76,5706.01,5706.01,4399000.0
12:33,5707.69,5707.71,5705.88,5706.61,3906000.0
12:34,5707.31,5708.63,5706.87,5707.7,3824000.0
12:35,5707.44,5707.91,5707.06,5707.36,3627000.0
12:36,5707.64,5708.21,5706.87,5707.52,5853000.0
12:37,5708.28,5708.58,5706.66,5707.64,5121000.0
12:38,5710.64,5710.64,5708.08,5708.42,4075000.0
12:39,5710.93,5711.41,5710.6,5710.6,4280000.0
12:40,5709.68,5711.25,5709.59,5710.93,4816000.0
12:41,5710.07,5710.14,5709.33,5709.67,3689000.0
12:42,5709.97,5710.58,5709.89,5710.11,4196000.0
12:43,5714.05,5714.05,5709.73,5709.94,5468000.0
12:44,5714.3,5714.87,5713.65,5714.0,4884000.0
12:45,5714.09,5714.3,5712.09,5714.3,4917000.0
12:46,5713.75,5714.14,5712.51,5714.02,3978000.0
12:47,5713.89,5713.95,5713.16,5713.76,3717000.0
12:48,5715.91,5715.91,5713.93,5713.93,4725000.0
12:49,5716.92,5717.32,5715.81,5715.88,4028000.0
12:50,5716.97,5717.13,5716.08,5716.8,4945000.0
12:51,5719.44,5719.5,5717.02,5717.1,5486000.0
12:52,5718.82,5720.1,5718.82,5719.39,4410000.0
12:53,5718.93,5718.93,5718.27,5718.8,4041000.0
12:54,5718.99,5719.6,5718.52,5718.93,4138000.0
12:55,5719.08,5719.18,5718.2,5718.97,4229000.0
12:56,5718.61,5719.11,5717.95,5719.04,4178000.0
12:57,5718.64,5718.79,5718.11,5718.59,5185000.0
12:58,5718.56,5718.82,5718.35,5718.67,3283000.0
12:59,5718.19,5719.35,5717.56,5718.66,4750000.0
13:00,5717.06,5718.83,5717.06,5718.27,4529000.0
13:01,5716.14,5717.16,5715.7,5717.06,4065000.0
13:02,5714.59,5716.82,5714.28,5716.2,4942000.0
13:03,5714.93,5715.35,5714.08,5714.17,3965000.0
13:04,5713.48,5715.07,5713.29,5715.06,4614000.0
13:05,5712.88,5713.48,5711.52,5713.48,5100000.0
13:06,5712.32,5713.11,5711.72,5713.01,3911000.0
13:07,5714.92,5714.96,5712.24,5712.25,4213000.0
13:08,5713.59,5714.94,5713.1,5714.91,3715000.0
13:09,5711.41,5713.56,5711.41,5713.56,3215000.0
13:10,5711.2,5711.48,5709.6,5711.32,4103000.0
13:11,5710.92,5711.31,5709.39,5711.22,4481000.0
13:12,5709.44,5710.85,5708.4,5710.84,4565000.0
13:13,5710.72,5710.93,5709.43,5709.43,4220000.0
13:14,5709.71,5710.89,5709.11,5710.8,3405000.0
13:15,5709.36,5710.82,5709.25,5709.72,3454000.0
13:16,5709.43,5710.42,5708.4,5709.37,4310000.0
13:17,5709.48,5709.79,5708.99,5709.44,3326000.0
13:18,5708.86,5709.62,5708.58,5709.57,3084000.0
13:19,5709.53,5709.6,5708.73,5709.0,3591000.0
13:20,5706.88,5709.53,5706.88,5709.44,4315000.0
13:21,5706.96,5708.53,5706.51,5706.91,3991000.0
13:22,5710.03,5710.03,5706.88,5706.88,4586000.0
13:23,5711.95,5712.15,5710.02,5710.02,4070000.0
13:24,5712.83,5712.86,5711.84,5711.96,3454000.0
13:25,5710.05,5712.8,5709.72,5712.8,3913000.0
13:26,5710.75,5710.84,5709.75,5710.11,3205000.0
13:27,5709.54,5710.67,5709.33,5710.67,5298000.0
13:28,5711.04,5711.07,5709.38,5709.64,3598000.0
13:29,5709.18,5711.08,5708.06,5711.03,4863000.0
13:30,5709.36,5709.42,5708.55,5709.1,4131000.0
13:31,5710.13,5710.13,5709.08,5709.31,4048000.0
13:32,5710.2,5710.79,5710.04,5710.15,3589000.0
13:33,5706.72,5710.22,5706.17,5710.12,5033000.0
13:34,5703.5,5706.78,5703.37,5706.69,5354000.0
13:35,5702.2,5703.67,5701.25,5703.67,5816000.0
13:36,5702.33,5703.4,5701.79,5702.32,3881000.0
13:37,5704.02,5704.5,5701.67,5702.19,4089000.0
13:38,5705.75,5705.9,5703.86,5703.92,3981000.0
13:39,5705.19,5705.83,5704.21,5705.69,3194000.0
13:40,5703.92,5705.47,5703.53,5705.21,3939000.0
13:41,5703.25,5703.94,5703.09,5703.86,3291000.0
13:42,5704.05,5704.07,5702.31,5703.3,4508000.0
13:43,5704.9,5705.28,5704.04,5704.04,3156000.0
13:44,5704.56,5704.88,5704.05,5704.88,3150000.0
13:45,5703.6,5705.03,5703.21,5704.58,3120000.0
13:46,5701.21,5703.73,5701.18,5703.66,5036000.0
13:47,5701.43,5701.53,5700.02,5701.18,5181000.0
13:48,5701.74,5701.79,5700.45,5701.47,3491000.0
13:49,5703.24,5703.33,5701.75,5701.75,3483000.0
13:50,5703.25,5703.25,5700.98,5703.11,4167000.0
13:51,5704.08,5704.08,5702.85,5703.23,3333000.0
13:52,5704.45,5704.77,5703.67,5704.12,3911000.0
13:53,5704.45,5705.52,5704.42,5704.42,3823000.0
13:54,5704.79,5704.86,5703.11,5704.42,3470000.0
13:55,5701.58,5704.8,5701.45,5704.8,4107000.0
13:56,5698.4,5701.87,5698.39,5701.44,4426000.0
13:57,5696.39,5699.13,5696.39,5698.44,4205000.0
13:58,5694.9,5697.18,5694.41,5696.32,5015000.0
13:59,5694.44,5695.57,5694.33,5695.34,3984000.0
14:00,5695.5,5695.5,5692.98,5694.38,4848000.0
14:01,5695.87,5696.35,5694.67,5695.6,5029000.0
14:02,5694.31,5696.46,5694.29,5695.85,4011000.0
14:03,5692.72,5695.45,5692.64,5694.24,4187000.0
14:04,5693.46,5693.46,5692.04,5692.7,3785000.0
14:05,5694.56,5694.65,5693.46,5693.46,3758000.0
14:06,5694.9,5695.29,5694.11,5694.66,3601000.0
14:07,5696.82,5697.07,5694.71,5694.88,3468000.0
14:08,5698.3,5698.54,5696.81,5696.81,3430000.0
14:09,5699.1,5699.5,5698.01,5698.4,3932000.0
14:10,5700.39,5701.01,5699.02,5699.07,5629000.0
14:11,5698.06,5700.54,5696.96,5700.35,5004000.0
14:12,5699.34,5700.16,5698.11,5698.11,3813000.0
14:13,5700.45,5700.96,5699.33,5699.39,3879000.0
14:14,5700.49,5701.26,5700.36,5700.39,3571000.0
14:15,5701.58,5701.66,5699.71,5700.37,4299000.0
14:16,5702.48,5703.62,5701.71,5701.71,4608000.0
14:17,5702.92,5703.41,5702.45,5702.48,4283000.0
14:18,5702.44,5703.15,5702.42,5702.85,3123000.0
14:19,5702.5,5702.7,5701.87,5702.34,4877000.0
14:20,5703.47,5703.68,5702.45,5702.51,4170000.0
14:21,5703.81,5703.89,5703.29,5703.43,3574000.0
14:22,5702.22,5703.85,5702.04,5703.81,4445000.0
14:23,5698.56,5702.3,5698.52,5702.22,5650000.0
14:24,5698.45,5698.82,5697.71,5698.61,4806000.0
14:25,5700.22,5700.62,5698.01,5698.44,4863000.0
14:26,5697.47,5700.21,5697.47,5700.21,4624000.0
14:27,5698.96,5699.07,5697.25,5697.49,3967000.0
14:28,5697.73,5699.05,5697.69,5698.96,3357000.0
14:29,5697.3,5698.12,5697.09,5697.77,3831000.0
14:30,5699.6,5700.17,5697.24,5697.27,4316000.0
14:31,5701.99,5702.04,5699.41,5699.49,4969000.0
14:32,5704.22,5704.22,5701.61,5701.92,5287000.0
14:33,5706.22,5706.24,5704.31,5704.31,5102000.0
14:34,5706.21,5706.61,5706.06,5706.21,4215000.0
14:35,5706.55,5706.58,5706.08,5706.08,3832000.0
14:36,5707.26,5707.32,5706.66,5706.67,4360000.0
14:37,5706.49,5707.38,5706.49,5707.26,4194000.0
14:38,5706.49,5707.14,5706.13,5706.56,3907000.0
14:39,5705.17,5706.65,5704.91,5706.53,4287000.0
14:40,5705.53,5706.58,5705.19,5705.19,5406000.0
14:41,5706.71,5706.71,5705.51,5705.54,3788000.0
14:42,5707.69,5707.85,5706.65,5706.68,4828000.0
14:43,5707.31,5707.64,5706.89,5707.58,3804000.0
14:44,5707.51,5707.99,5707.23,5707.26,3626000.0
14:45,5706.8,5707.48,5706.0,5707.48,4699000.0
14:46,5707.18,5707.23,5706.45,5706.92,4125000.0
14:47,5706.61,5707.09,5706.04,5707.08,4662000.0
14:48,5705.25,5706.7,5705.07,5706.7,3688000.0
14:49,5705.39,5706.06,5705.31,5705.31,3828000.0
14:50,5702.33,5705.14,5702.28,5705.14,6138000.0
14:51,5701.45,5702.4,5700.8,5702.4,4266000.0
14:52,5704.05,5704.05,5701.39,5701.43,4425000.0
14:53,5705.23,5705.29,5702.68,5704.03,5067000.0
14:54,5703.38,5705.54,5703.06,5705.16,3653000.0
14:55,5703.46,5703.89,5702.57,5703.4,4034000.0
14:56,5701.64,5704.23,5701.62,5703.2,4298000.0
14:57,5701.45,5701.49,5700.77,5701.49,4398000.0
14:58,5700.91,5702.26,5700.91,5702.11,4258000.0
14:59,5700.65,5702.18,5700.65,5700.84,4799000.0
15:00,5697.1,5700.83,5697.1,5700.67,5391000.0
15:01,5696.55,5697.76,5695.91,5696.74,5564000.0
15:02,5696.47,5696.57,5695.52,5696.57,3899000.0
15:03,5699.84,5699.87,5696.34,5696.39,5024000.0
15:04,5700.26,5700.66,5699.59,5699.78,4086000.0
15:05,5698.92,5700.25,5698.92,5700.18,3956000.0
15:06,5696.0,5698.83,5695.46,5698.77,5105000.0
15:07,5695.56,5697.35,5695.49,5696.39,4284000.0
15:08,5695.38,5695.99,5694.87,5695.57,4837000.0
15:09,5695.98,5697.06,5695.28,5695.37,5653000.0
15:10,5695.01,5696.08,5694.3,5695.76,4802000.0
15:11,5695.35,5695.81,5694.92,5695.01,5362000.0
15:12,5696.14,5697.27,5695.28,5695.28,4718000.0
15:13,5695.94,5696.46,5695.07,5696.15,5628000.0
15:14,5696.35,5696.45,5694.78,5695.91,4328000.0
15:15,5696.64,5697.34,5695.3,5696.31,4745000.0
15:16,5696.2,5697.84,5696.2,5696.71,4943000.0
15:17,5696.1,5696.26,5694.93,5696.04,4775000.0
15:18,5696.33,5697.18,5695.94,5696.04,4805000.0
15:19,5699.29,5699.41,5695.04,5696.15,6856000.0
15:20,5703.45,5706.45,5699.05,5699.41,12812000.0
15:21,5708.98,5709.26,5703.31,5703.33,10612000.0
15:22,5708.23,5709.07,5705.67,5708.99,7502000.0
15:23,5706.67,5709.19,5705.96,5708.59,6834000.0
15:24,5706.53,5708.0,5706.44,5706.84,5112000.0
15:25,5709.57,5709.57,5706.53,5706.69,7825000.0
15:26,5706.28,5710.26,5706.28,5709.54,7546000.0
15:27,5705.13,5706.28,5703.99,5706.28,6508000.0
15:28,5707.29,5707.48,5705.04,5705.39,6064000.0
15:29,5707.19,5707.66,5706.91,5707.19,6914000.0
15:30,5707.72,5707.9,5706.69,5707.23,7440000.0
15:31,5706.01,5707.75,5705.68,5707.75,7802000.0
15:32,5704.29,5706.56,5704.19,5706.22,6200000.0
15:33,5702.95,5705.39,5702.72,5704.32,6774000.0
15:34,5703.61,5704.42,5702.49,5702.99,6587000.0
15:35,5698.43,5703.99,5698.43,5703.76,8651000.0
15:36,5698.86,5699.38,5696.93,5698.41,7935000.0
15:37,5699.72,5700.46,5698.71,5698.81,6401000.0
15:38,5697.66,5699.77,5697.66,5699.77,6841000.0
15:39,5696.62,5697.92,5696.51,5697.5,7601000.0
15:40,5694.47,5696.81,5693.82,5696.72,8433000.0
15:41,5694.03,5696.38,5693.87,5694.48,7845000.0
15:42,5693.2,5695.09,5693.01,5694.0,7512000.0
15:43,5692.8,5693.75,5692.11,5693.25,7850000.0
15:44,5692.62,5693.4,5692.11,5692.82,7842000.0
15:45,5687.12,5692.61,5685.63,5692.61,11762000.0
15:46,5686.66,5687.37,5684.57,5687.25,9407000.0
15:47,5687.38,5687.43,5684.44,5686.38,9690000.0
15:48,5685.93,5687.7,5685.93,5687.68,8831000.0
15:49,5686.53,5686.87,5685.21,5685.89,10577000.0
15:50,5676.25,5686.59,5676.24,5686.59,19670000.0
15:51,5676.52,5678.08,5672.93,5676.16,17747000.0
15:52,5673.48,5676.07,5672.19,5676.07,14946000.0
15:53,5673.7,5673.74,5671.93,5673.35,15872000.0
15:54,5671.71,5674.55,5671.65,5673.95,20602000.0
15:55,5665.59,5672.07,5663.69,5671.56,28457000.0
15:56,5665.69,5666.02,5663.37,5666.02,27477000.0
15:57,5665.77,5666.48,5663.24,5665.69,29241000.0
15:58,5665.2,5666.8,5664.57,5665.49,38970000.0
15:59,5663.86,5665.65,5662.55,5665.37,71659000.0
