Time,Close,High,Low,Open,Volume
09:30,6007.38,6008.53,5999.67,5999.67,1.0
09:31,6002.76,6009.22,6001.53,6007.58,35277590.0
09:32,6004.98,6008.79,6002.78,6002.78,15489972.0
09:33,6003.16,6005.08,6002.62,6005.08,22658731.0
09:34,6006.4,6006.4,6001.53,6002.83,12377569.0
09:35,6008.63,6009.86,6006.56,6006.56,13293967.0
09:36,6008.61,6011.57,6008.45,6008.91,11364844.0
09:37,6010.83,6011.54,6008.76,6008.76,9742133.0
09:38,6012.85,6012.95,6010.46,6010.47,9698222.0
09:39,6014.83,6015.12,6012.92,6012.92,9008439.0
09:40,6016.18,6017.07,6014.76,6014.76,9044899.0
09:41,6015.78,6017.32,6015.66,6016.08,7835856.0
09:42,6015.72,6016.34,6014.85,6015.33,9278285.0
09:43,6015.36,6016.15,6013.45,6015.6,7686812.0
09:44,6017.03,6018.2,6015.78,6015.78,7026654.0
09:45,6012.93,6018.2,6012.93,6017.12,8876756.0
09:46,6010.29,6012.93,6010.29,6012.7,9581582.0
09:47,6010.82,6010.99,6009.82,6010.2,9319643.0
09:48,6006.63,6011.82,6006.57,6010.93,7765933.0
09:49,6004.05,6006.62,6003.71,6006.55,7416716.0
09:50,6001.42,6004.29,5999.95,6004.09,7727808.0
09:51,6001.28,6002.0,6000.99,6001.54,5008995.0
09:52,6002.77,6003.17,5999.78,6000.11,11095374.0
09:53,5998.24,6002.67,5997.84,6002.67,6942947.0
09:54,6000.97,6002.14,5998.91,5998.91,6117648.0
09:55,6000.61,6001.82,6000.53,6001.21,7170818.0
09:56,6000.88,6001.28,5999.74,6000.74,6595987.0
09:57,6000.38,6000.87,5999.08,6000.87,6777052.0
09:58,5998.75,6000.34,5998.56,6000.21,6463890.0
09:59,5996.85,5998.69,5995.89,5998.69,6733723.0
10:00,5998.06,5999.07,5995.83,5996.94,9201317.0
10:01,5997.85,5999.24,5996.38,5998.07,7768381.0
10:02,5997.58,5999.0,5997.33,5997.79,8711076.0
10:03,5997.22,5997.22,5995.71,5996.78,7257951.0
10:04,5998.7,5999.0,5997.1,5997.1,7585587.0
10:05,5996.78,5999.38,5996.78,5998.75,8358450.0
10:06,5995.28,5996.71,5993.96,5996.71,8298414.0
10:07,5993.56,5995.24,5993.41,5995.24,7449212.0
10:08,5991.74,5993.75,5991.25,5993.6,7020551.0
10:09,5993.89,5994.24,5991.71,5991.9,6743545.0
10:10,5993.52,5994.08,5992.15,5993.8,6841136.0
10:11,5991.46,5993.51,5990.29,5993.42,7607329.0
10:12,5993.57,5993.57,5990.72,5991.35,7068891.0
10:13,5995.1,5995.36,5993.27,5993.5,7305983.0
10:14,5994.65,5995.17,5994.06,5995.17,6463021.0
10:15,5994.01,5995.07,5992.62,5994.75,8086582.0
10:16,5993.24,5993.38,5992.41,5993.33,7524185.0
10:17,5993.13,5993.39,5991.07,5993.18,6947071.0
10:18,5996.29,5996.42,5993.14,5993.27,6543815.0
10:19,5996.3,5996.95,5995.88,5996.32,6091233.0
10:20,5996.58,5996.98,5995.06,5996.29,6363127.0
10:21,5996.49,5997.47,5996.46,5996.49,7917820.0
10:22,5995.18,5996.5,5993.31,5996.47,6743315.0
10:23,5990.04,5995.11,5989.94,5995.06,7076035.0
10:24,5982.69,5989.99,5982.48,5989.99,8509594.0
10:25,5981.58,5982.6,5977.31,5982.6,9953560.0
10:26,5979.63,5981.44,5978.28,5981.44,7460364.0
10:27,5982.72,5982.77,5978.62,5979.37,7359465.0
10:28,5986.81,5986.81,5982.79,5982.79,6795637.0
10:29,5985.23,5985.81,5985.03,5985.49,6207860.0
10:30,5982.85,5985.21,5982.74,5985.21,6169114.0
10:31,5983.6,5984.07,5982.67,5982.9,6302336.0
10:32,5984.01,5985.61,5983.7,5983.7,5719467.0
10:33,5984.37,5984.58,5983.16,5983.98,5870124.0
10:34,5981.63,5984.47,5981.6,5984.41,5025523.0
10:35,5983.24,5983.26,5981.26,5981.61,6357190.0
10:36,5983.77,5984.96,5982.84,5983.3,6872162.0
10:37,5986.39,5986.67,5983.69,5983.8,5407911.0
10:38,5987.62,5987.66,5986.45,5986.45,5663371.0
10:39,5986.43,5987.79,5986.11,5987.55,5562763.0
10:40,5979.44,5988.87,5978.91,5986.39,11049793.0
10:41,5974.92,5980.06,5974.1,5979.34,11552305.0
10:42,5973.4,5974.89,5971.83,5974.89,8343000.0
10:43,5975.35,5975.85,5972.43,5973.36,6473000.0
10:44,5976.32,5977.03,5972.91,5973.96,7869000.0
10:45,5972.03,5976.27,5971.59,5976.27,7706000.0
10:46,5974.04,5974.05,5970.5,5972.02,8146000.0
10:47,5971.29,5974.21,5971.29,5973.9,6549000.0
10:48,5972.52,5972.52,5969.61,5971.22,6768000.0
10:49,5972.53,5973.54,5972.04,5972.75,6109000.0
10:50,5966.5,5972.59,5966.43,5972.59,8352000.0
10:51,5966.13,5966.52,5963.79,5966.52,7732000.0
10:52,5968.33,5968.94,5965.74,5965.91,6991000.0
10:53,5967.27,5970.11,5967.27,5968.28,8163000.0
10:54,5964.49,5967.2,5963.72,5967.19,8835000.0
10:55,5967.5,5967.57,5963.81,5964.63,7666000.0
10:56,5968.69,5968.69,5966.47,5966.93,7373000.0
10:57,5969.71,5969.82,5967.61,5968.62,6303000.0
10:58,5969.26,5971.42,5968.73,5969.64,7205000.0
10:59,5967.57,5969.36,5966.9,5969.36,5970000.0
11:00,5961.26,5967.56,5960.78,5967.56,10095000.0
11:01,5961.7,5962.69,5961.55,5962.51,6601000.0
11:02,5961.83,5963.21,5960.13,5961.9,6229000.0
11:03,5960.45,5963.55,5960.24,5961.77,5890000.0
11:04,5960.45,5961.41,5959.18,5960.57,5225000.0
11:05,5966.98,5966.98,5959.55,5960.23,7250000.0
11:06,5965.83,5967.52,5964.77,5966.92,6281000.0
11:07,5966.39,5966.39,5963.68,5965.83,4792000.0
11:08,5965.98,5966.66,5965.39,5966.39,4354000.0
11:09,5966.5,5966.5,5965.55,5965.93,5069000.0
11:10,5969.64,5969.88,5966.02,5966.55,5695000.0
11:11,5971.64,5971.78,5969.24,5969.51,6075000.0
11:12,5970.99,5971.6,5970.5,5971.52,5474000.0
11:13,5972.44,5972.61,5970.91,5971.04,5442000.0
11:14,5974.79,5974.79,5971.74,5972.5,5976000.0
11:15,5974.38,5974.97,5973.86,5974.82,5560000.0
11:16,5974.93,5975.17,5974.35,5974.35,2665000.0
11:17,5977.38,5977.38,5974.93,5974.93,7646000.0
11:18,5977.79,5977.79,5977.15,5977.38,12627000.0
11:19,5976.9825,5977.79,5976.9825,5977.79,15576500.0
11:20,5976.175,5976.9825,5976.175,5976.9825,18526000.0
11:21,5975.3675,5976.175,5975.3675,5976.175,21475500.0
11:22,5974.78,5975.23,5974.56,5974.56,24425000.0
11:23,5975.2,5975.2,5974.27,5974.39,2675000.0
11:24,5976.45,5976.45,5976.27,5976.32,7088000.0
11:25,5977.79,5977.79,5976.38,5976.48,3989000.0
11:26,5978.15,5978.15,5977.79,5977.79,7256000.0
11:27,5977.46,5978.24,5977.46,5978.15,10523000.0
11:28,5977.21,5977.54,5977.1,5977.51,784000.0
11:29,5974.83,5975.79,5974.82,5975.79,9359000.0
11:30,5977.71,5978.51,5976.05,5976.05,7675000.0
11:31,5978.75,5978.75,5977.71,5977.71,10011333.333333334
11:32,5979.79,5979.79,5978.75,5978.75,12347666.666666668
11:33,5981.29,5981.47,5980.83,5980.83,14684000.0
11:34,5981.83,5982.29,5981.42,5981.42,6815000.0
11:35,5980.97,5982.47,5980.96,5982.01,5414000.0
11:36,5982.31,5982.47,5982.31,5982.36,7412000.0
11:37,5983.49,5983.82,5982.3,5982.3,5317000.0
11:38,5984.13,5984.23,5983.29,5983.29,4370000.0
11:39,5986.43,5986.43,5983.93,5984.12,7541000.0
11:40,5986.74,5986.95,5986.05,5986.41,4792000.0
11:41,5986.94,5986.96,5986.72,5986.74,1754000.0
11:42,5984.64,5984.93,5984.44,5984.93,6854000.0
11:43,5986.55,5986.8,5985.21,5985.35,6996000.0
11:44,5986.8,5986.81,5986.58,5986.58,951000.0
11:45,5983.95,5986.8,5983.95,5986.8,6591500.0
11:46,5983.87,5984.02,5983.74,5983.95,12232000.0
11:47,5985.19,5985.43,5982.36,5983.88,4988000.0
11:48,5983.72,5985.2,5983.54,5985.16,2490000.0
11:49,5982.0,5983.72,5982.0,5983.72,6055500.0
11:50,5981.87,5982.0,5981.8,5982.0,9621000.0
11:51,5979.74,5981.86,5979.74,5981.86,4367000.0
11:52,5980.11,5980.82,5979.39,5979.64,3695000.0
11:53,5976.87,5980.1,5976.38,5980.1,4880000.0
11:54,5973.51,5976.78,5973.31,5976.78,5106000.0
11:55,5974.08,5974.31,5972.71,5973.35,4366000.0
11:56,5972.81,5974.02,5971.64,5974.01,4613000.0
11:57,5971.25,5972.62,5971.22,5972.62,4823000.0
11:58,5970.75,5971.6,5970.31,5971.39,3996000.0
11:59,5970.46,5971.12,5970.02,5970.78,5218000.0
12:00,5969.81,5971.53,5969.23,5970.6,5780000.0
12:01,5968.85,5971.25,5968.83,5969.76,4822000.0
12:02,5969.61,5970.44,5968.67,5968.81,3461000.0
12:03,5970.62,5970.7,5968.75,5969.74,5239000.0
12:04,5970.4,5970.59,5968.6,5970.59,3851000.0
12:05,5971.19,5971.88,5969.7,5970.26,4182000.0
12:06,5969.28,5971.51,5969.24,5971.23,5587000.0
12:07,5970.6,5970.83,5969.09,5969.36,3632000.0
12:08,5971.21,5971.37,5970.84,5971.1,3522000.0
12:09,5973.44,5973.44,5970.8,5971.2,5928000.0
12:10,5975.07,5975.18,5972.82,5973.35,4097000.0
12:11,5976.57,5976.66,5974.99,5975.15,3933000.0
12:12,5973.84,5976.71,5973.81,5976.49,3904000.0
12:13,5971.64,5973.85,5971.14,5973.85,5687000.0
12:14,5969.81,5971.61,5969.2,5971.61,3658000.0
12:15,5969.51,5970.56,5968.75,5969.82,3644000.0
12:16,5967.88,5968.35,5967.88,5967.89,2274000.0
12:17,5968.26,5968.44,5966.19,5967.39,5077000.0
12:18,5968.7,5968.89,5967.61,5968.27,3402000.0
12:19,5971.24,5971.24,5969.09,5969.09,3350000.0
12:20,5969.97,5971.55,5969.69,5971.28,3689000.0
12:21,5970.33,5971.02,5968.9,5969.95,4237000.0
12:22,5971.31,5971.36,5969.64,5970.42,3243000.0
12:23,5968.49,5971.26,5967.73,5971.25,4650000.0
12:24,5972.73,5972.73,5968.49,5968.53,4177000.0
12:25,5971.46,5973.3,5970.55,5972.56,3857000.0
12:26,5972.42,5972.7,5971.39,5971.51,2853000.0
12:27,5974.21,5974.36,5971.72,5972.35,3868000.0
12:28,5972.22,5974.36,5972.17,5974.2,3538000.0
12:29,5972.83,5972.88,5971.64,5972.28,3509000.0
12:30,5974.17,5974.28,5972.82,5972.82,2975000.0
12:31,5974.89,5974.92,5973.07,5974.11,4741000.0
12:32,5975.21,5976.48,5974.89,5974.93,3742000.0
12:33,5974.98,5975.42,5974.81,5975.19,3367000.0
12:34,5975.52,5976.16,5975.04,5975.04,4581000.0
12:35,5977.01,5977.01,5975.01,5975.53,3970000.0
12:36,5977.69,5978.06,5976.95,5976.95,3360000.0
12:37,5978.2,5978.34,5977.1,5977.55,3303000.0
12:38,5977.86,5977.88,5977.69,5977.76,3341000.0
12:39,5978.2,5978.67,5977.93,5977.93,2939000.0
12:40,5977.2,5978.23,5976.67,5978.21,3310000.0
12:41,5976.58,5977.86,5976.54,5977.27,2630000.0
12:42,5974.64,5977.17,5974.58,5976.62,3461000.0
12:43,5974.51,5974.6,5973.05,5974.57,3800000.0
12:44,5975.78,5975.82,5974.09,5974.52,2709000.0
12:45,5977.35,5977.44,5974.99,5975.85,3761000.0
12:46,5977.3,5978.64,5977.22,5977.43,3251000.0
12:47,5975.04,5977.31,5975.04,5977.31,4000000.0
12:48,5974.08,5975.14,5973.69,5974.98,4393000.0
12:49,5973.74,5974.81,5973.69,5974.02,3456000.0
12:50,5975.62,5976.0,5973.53,5973.8,3314000.0
12:51,5974.53,5975.55,5973.57,5975.55,5963000.0
12:52,5975.85,5976.08,5974.4,5974.52,3129000.0
12:53,5977.51,5977.6,5975.04,5975.84,3443000.0
12:54,5978.6,5978.93,5977.62,5977.62,3025000.0
12:55,5978.29,5979.44,5978.1,5978.51,3080000.0
12:56,5978.59,5978.73,5977.69,5978.25,6486000.0
12:57,5979.72,5980.09,5978.57,5978.57,2825000.0
12:58,5979.53,5980.34,5979.51,5979.81,4834000.0
12:59,5976.41,5979.95,5973.63,5979.48,10143000.0
13:00,5980.55,5980.55,5975.57,5976.38,5605000.0
13:01,5980.27,5981.23,5980.04,5980.54,3238000.0
13:02,5979.69,5980.31,5978.81,5980.26,2991000.0
13:03,5977.31,5979.67,5977.27,5979.55,3505000.0
13:04,5974.64,5977.41,5974.54,5977.31,3693000.0
13:05,5972.69,5974.66,5972.51,5974.66,3947000.0
13:06,5971.74,5972.78,5971.48,5972.75,3066000.0
13:07,5972.58,5972.63,5971.58,5971.68,3508000.0
13:08,5973.91,5974.28,5972.59,5972.59,3815000.0
13:09,5974.17,5974.68,5973.74,5973.92,4120000.0
13:10,5974.7,5974.7,5973.08,5974.14,3402000.0
13:11,5974.62,5974.99,5974.21,5974.64,3749000.0
13:12,5977.13,5977.13,5974.5,5974.55,3702000.0
13:13,5977.78,5978.02,5977.11,5977.11,3668000.0
13:14,5977.36,5978.07,5977.15,5977.84,4298000.0
13:15,5979.74,5981.44,5977.35,5977.38,7328000.0
13:16,5977.38,5980.05,5977.38,5979.88,4947000.0
13:17,5973.25,5977.39,5973.05,5977.39,5430000.0
13:18,5972.01,5973.57,5971.91,5973.37,3583000.0
13:19,5971.54,5972.82,5971.51,5972.15,3620000.0
13:20,5971.74,5972.55,5970.27,5971.62,4352000.0
13:21,5970.67,5971.75,5970.5,5971.71,2963000.0
13:22,5971.16,5971.58,5970.53,5970.68,2662000.0
13:23,5968.43,5971.15,5968.27,5971.15,4565000.0
13:24,5969.21,5969.42,5968.47,5968.57,2832000.0
13:25,5969.12,5969.84,5969.01,5969.16,3856000.0
13:26,5966.63,5969.28,5966.53,5969.16,3905000.0
13:27,5963.68,5963.77,5963.56,5963.75,5390000.0
13:28,5960.33,5963.72,5959.77,5963.69,6008000.0
13:29,5959.68,5961.07,5959.64,5960.21,5639000.0
13:30,5958.37,5959.66,5956.15,5959.66,7127000.0
13:31,5959.69,5959.76,5956.64,5958.37,4284000.0
13:32,5959.03,5959.66,5958.06,5959.54,3353000.0
13:33,5957.14,5959.01,5956.99,5959.01,3529000.0
13:34,5958.46,5958.82,5956.98,5957.13,3790000.0
13:35,5958.03,5959.92,5957.95,5958.55,4280000.0
13:36,5956.03,5958.07,5955.65,5958.07,5165000.0
13:37,5955.4,5956.01,5952.56,5956.01,6025000.0
13:38,5954.97,5955.54,5954.03,5955.21,3522000.0
13:39,5953.87,5954.74,5953.19,5954.74,3695000.0
13:40,5956.53,5956.53,5953.8,5953.8,3526000.0
13:41,5958.44,5958.44,5955.96,5956.58,3813000.0
13:42,5961.39,5961.83,5958.4,5958.48,4749000.0
13:43,5960.91,5962.17,5960.71,5961.33,4597000.0
13:44,5958.42,5961.16,5958.4,5960.91,3965000.0
13:45,5959.02,5960.0,5958.0,5958.08,3158000.0
13:46,5959.85,5960.55,5958.95,5958.95,3791000.0
13:47,5958.73,5960.04,5958.73,5959.78,3997000.0
13:48,5958.01,5959.06,5957.4,5958.64,3195000.0
13:49,5958.42,5958.42,5957.39,5957.98,3367000.0
13:50,5959.87,5959.97,5958.41,5958.44,3274000.0
13:51,5960.54,5961.31,5959.48,5959.79,3181000.0
13:52,5959.99,5960.66,5959.1,5960.46,4890000.0
13:53,5961.21,5961.27,5958.74,5959.98,3393000.0
13:54,5960.89,5961.51,5960.52,5961.22,2687000.0
13:55,5961.38,5961.61,5960.89,5960.96,3234000.0
13:56,5962.13,5963.03,5961.65,5961.68,3836000.0
13:57,5963.14,5963.17,5962.04,5962.09,2978000.0
13:58,5963.75,5964.03,5962.98,5963.12,2837000.0
13:59,5963.91,5964.05,5963.6,5963.78,3359000.0
14:00,5963.83,5964.84,5963.02,5963.9,3838000.0
14:01,5964.89,5965.03,5963.75,5963.87,3755000.0
14:02,5964.75,5965.99,5964.75,5964.92,4323000.0
14:03,5964.36,5964.81,5964.14,5964.77,3344000.0
14:04,5966.96,5967.23,5964.18,5964.27,4132000.0
14:05,5966.0,5966.99,5965.83,5966.99,3663000.0
14:06,5966.18,5967.29,5965.95,5965.95,4240000.0
14:07,5966.77,5967.32,5966.2,5966.24,3656000.0
14:08,5966.13,5967.36,5965.76,5966.8,3661000.0
14:09,5966.6,5966.6,5965.65,5966.14,3608000.0
14:10,5967.01,5967.69,5966.55,5966.55,4313000.0
14:11,5967.46,5967.49,5966.43,5966.99,3294000.0
14:12,5967.26,5967.69,5967.0,5967.5,3591000.0
14:13,5967.39,5967.75,5966.84,5967.29,3538000.0
14:14,5967.6,5968.02,5967.21,5967.34,3333000.0
14:15,5968.15,5968.43,5967.5,5967.55,3429000.0
14:16,5968.24,5968.39,5967.4,5968.18,3705000.0
14:17,5970.86,5970.93,5968.34,5968.34,4469000.0
14:18,5972.77,5972.82,5970.93,5970.93,4483000.0
14:19,5976.07,5976.07,5972.58,5972.74,5757000.0
14:20,5975.09,5976.48,5975.09,5976.1,4440000.0
14:21,5975.36,5975.95,5975.01,5975.14,3188000.0
14:22,5974.01,5975.52,5974.01,5975.32,3268000.0
14:23,5974.98,5975.5,5973.97,5973.97,4481000.0
14:24,5975.86,5975.96,5974.98,5974.98,3260000.0
14:25,5974.95,5975.97,5974.89,5975.88,3712000.0
14:26,5975.28,5975.31,5974.53,5974.92,4170000.0
14:27,5974.65,5975.57,5974.48,5975.3,2952000.0
14:28,5972.79,5974.59,5972.45,5974.59,4284000.0
14:29,5972.21,5973.78,5971.61,5972.83,4010000.0
14:30,5973.33,5973.78,5972.25,5972.25,4564000.0
14:31,5972.17,5973.56,5971.72,5973.36,4230000.0
14:32,5975.27,5975.28,5972.28,5972.28,4522000.0
14:33,5974.47,5975.48,5974.39,5975.22,5076000.0
14:34,5974.41,5975.58,5974.41,5974.49,4176000.0
14:35,5973.99,5974.56,5973.19,5974.45,3641000.0
14:36,5974.31,5975.03,5973.58,5973.93,3669000.0
14:37,5971.1,5974.33,5971.1,5974.22,4539000.0
14:38,5971.52,5971.76,5970.75,5970.83,3142000.0
14:39,5971.81,5972.53,5971.47,5971.55,3203000.0
14:40,5970.74,5971.95,5970.12,5971.76,4167000.0
14:41,5971.57,5971.63,5970.75,5970.75,3611000.0
14:42,5971.93,5972.46,5971.51,5971.52,4208000.0
14:43,5969.14,5972.0,5969.14,5972.0,4473000.0
14:44,5969.97,5970.28,5969.0,5969.13,4053000.0
14:45,5969.97,5969.97,5968.9,5969.94,3173000.0
14:46,5971.5,5971.5,5970.01,5970.01,3813000.0
14:47,5970.29,5971.51,5970.23,5971.51,3156000.0
14:48,5969.21,5970.4,5969.14,5970.28,3142000.0
14:49,5969.47,5969.68,5968.8,5969.26,3409000.0
14:50,5968.33,5969.47,5968.33,5969.47,3662000.0
14:51,5968.48,5968.65,5967.94,5968.33,3395000.0
14:52,5967.73,5968.58,5967.61,5968.43,3601000.0
14:53,5967.45,5967.87,5966.85,5967.77,3286000.0
14:54,5967.91,5968.71,5967.45,5967.49,4207000.0
14:55,5966.92,5967.89,5966.73,5967.82,4512000.0
14:56,5958.25,5966.89,5958.09,5966.89,8407000.0
14:57,5959.94,5961.48,5958.23,5958.39,6115000.0
14:58,5959.25,5960.73,5959.04,5959.85,6641000.0
14:59,5959.43,5959.43,5958.2,5959.24,4749000.0
15:00,5959.46,5959.74,5957.59,5959.36,6428000.0
15:01,5961.59,5962.54,5959.5,5959.5,5469000.0
15:02,5961.5,5963.27,5961.44,5961.48,4149000.0
15:03,5960.08,5961.64,5960.08,5961.59,4365000.0
15:04,5960.89,5961.19,5959.72,5960.09,4317000.0
15:05,5960.96,5960.96,5959.07,5960.71,5050000.0
15:06,5961.59,5962.83,5960.9,5960.94,4914000.0
15:07,5960.07,5962.06,5959.67,5961.62,4820000.0
15:08,5959.62,5960.47,5959.55,5960.11,3996000.0
15:09,5960.0,5960.71,5959.43,5959.61,5104000.0
15:10,5960.45,5960.59,5959.2,5960.09,4088000.0
15:11,5960.41,5960.83,5960.08,5960.33,4304000.0
15:12,5961.48,5962.01,5960.16,5960.16,5140000.0
15:13,5961.33,5962.76,5961.02,5961.49,6039000.0
15:14,5960.38,5961.33,5959.79,5961.33,4382000.0
15:15,5959.33,5960.55,5958.6,5960.46,4624000.0
15:16,5959.58,5960.59,5959.3,5959.3,4758000.0
15:17,5960.59,5960.64,5959.5,5959.62,4938000.0
15:18,5960.63,5961.14,5960.25,5960.74,4536000.0
15:19,5961.46,5961.91,5960.49,5960.7,4660000.0
15:20,5961.47,5962.21,5961.05,5961.44,4716000.0
15:21,5959.86,5961.53,5959.3,5961.46,5381000.0
15:22,5959.57,5960.55,5959.15,5959.9,5293000.0
15:23,5961.07,5961.65,5959.34,5959.56,5298000.0
15:24,5961.04,5962.67,5960.89,5961.14,4616000.0
15:25,5960.23,5961.58,5960.21,5961.03,5246000.0
15:26,5959.33,5960.29,5958.16,5960.29,6416000.0
15:27,5958.38,5959.31,5958.24,5959.3,4921000.0
15:28,5957.35,5958.82,5956.62,5958.32,6157000.0
15:29,5958.39,5958.94,5957.25,5957.35,6106000.0
15:30,5960.18,5960.58,5958.43,5958.44,6853000.0
15:31,5960.45,5961.04,5959.44,5960.33,7784000.0
15:32,5959.84,5961.37,5959.52,5960.71,7092000.0
15:33,5959.61,5960.17,5959.1,5960.15,6662000.0
15:34,5960.75,5960.99,5959.35,5959.59,7640000.0
15:35,5959.54,5961.23,5959.48,5960.82,7077000.0
15:36,5959.68,5960.39,5959.34,5959.68,6315000.0
15:37,5959.54,5959.71,5958.01,5959.71,6821000.0
15:38,5961.21,5962.11,5959.56,5959.69,7683000.0
15:39,5959.17,5961.17,5959.09,5961.17,6495000.0
15:40,5958.56,5959.26,5957.18,5959.0,8957000.0
15:41,5958.96,5959.54,5958.72,5958.72,7343000.0
15:42,5959.28,5959.45,5958.96,5959.06,8120000.0
15:43,5959.5,5960.31,5959.18,5959.25,8516000.0
15:44,5960.41,5960.96,5959.37,5959.78,8314000.0
15:45,5961.04,5961.19,5958.8,5960.52,10891000.0
15:46,5959.88,5960.99,5959.73,5960.99,8641000.0
15:47,5959.94,5960.16,5958.74,5959.7,9637000.0
15:48,5960.35,5961.56,5959.88,5959.88,10841000.0
15:49,5958.87,5960.9,5958.87,5960.37,11492000.0
15:50,5962.04,5963.61,5958.8,5958.8,28484000.0
15:51,5963.34,5964.9,5961.88,5962.1,18953000.0
15:52,5963.97,5964.66,5963.27,5963.43,16452000.0
15:53,5965.28,5965.28,5963.98,5963.98,19270000.0
15:54,5965.89,5967.73,5963.97,5965.58,30571000.0
15:55,5970.43,5973.24,5965.85,5965.85,40464000.0
15:56,5969.31,5972.69,5969.31,5970.61,31989000.0
15:57,5965.35,5969.3,5965.23,5969.25,38143000.0
15:58,5966.25,5966.43,5965.36,5965.43,48959000.0
15:59,5968.34,5969.01,5962.21,5965.93,112018000.0
