Time,Close,High,Low,Open,Volume
09:30,6265.66,6267.32,6262.27,6263.4,1.0
09:31,6268.57,6269.98,6265.63,6265.71,18111947.0
09:32,6266.19,6269.33,6265.97,6268.88,14557741.0
09:33,6265.89,6265.89,6264.34,6264.69,12502799.0
09:34,6266.62,6266.62,6264.0,6266.08,10774361.0
09:35,6267.4,6267.91,6265.29,6266.63,11714295.0
09:36,6265.6,6267.38,6264.59,6267.33,10237749.0
09:37,6269.21,6269.4,6265.75,6265.75,9106261.0
09:38,6268.76,6270.13,6268.03,6269.26,9187369.0
09:39,6268.77,6269.6,6268.52,6268.99,8287966.0
09:40,6271.6,6271.75,6268.18,6268.87,9002137.0
09:41,6274.79,6274.85,6271.83,6272.08,9088831.0
09:42,6275.64,6276.83,6274.89,6274.89,11180042.0
09:43,6275.37,6276.89,6275.03,6275.69,8670228.0
09:44,6277.0,6277.37,6275.58,6275.74,7567227.0
09:45,6276.88,6278.32,6276.53,6276.94,9697714.0
09:46,6277.14,6278.07,6276.57,6276.93,8537776.0
09:47,6276.32,6277.51,6275.99,6277.2,8590725.0
09:48,6277.75,6277.96,6276.36,6276.36,7974486.0
09:49,6280.49,6280.49,6277.75,6277.92,8546785.0
09:50,6280.62,6281.61,6279.93,6280.58,8071422.0
09:51,6280.49,6281.22,6279.65,6280.63,8449756.0
09:52,6282.47,6282.63,6280.19,6280.38,9730662.0
09:53,6282.69,6283.19,6282.03,6282.4,9400499.0
09:54,6282.1,6283.41,6282.1,6282.62,8719462.0
09:55,6279.41,6282.95,6278.74,6282.06,12639814.0
09:56,6280.3,6280.38,6278.51,6279.19,8842135.0
09:57,6280.32,6280.85,6279.6,6280.15,8967270.0
09:58,6280.03,6280.65,6279.91,6280.4,7693919.0
09:59,6278.89,6279.96,6277.98,6279.96,8644831.0
10:00,6280.22,6280.44,6278.65,6278.97,9578782.0
10:01,6282.15,6282.79,6280.12,6280.28,10233959.0
10:02,6282.6,6282.75,6281.68,6282.12,9962749.0
10:03,6282.69,6283.01,6282.05,6282.74,8663655.0
10:04,6282.69,6282.95,6282.06,6282.63,7254629.0
10:05,6281.68,6282.92,6281.68,6282.7,9244841.0
10:06,6280.46,6282.07,6280.26,6281.55,8934365.0
10:07,6281.54,6281.54,6279.55,6280.49,7556995.0
10:08,6283.05,6283.05,6281.55,6281.62,7986131.0
10:09,6282.73,6283.21,6282.51,6283.09,7659595.0
10:10,6283.12,6283.53,6282.8,6282.8,7521054.0
10:11,6279.87,6283.15,6279.35,6283.15,8767751.0
10:12,6282.28,6282.48,6279.89,6279.95,9027887.0
10:13,6283.23,6283.3,6281.8,6282.51,7913963.0
10:14,6283.27,6283.49,6282.53,6283.29,7284578.0
10:15,6282.06,6283.54,6281.65,6283.08,8822780.0
10:16,6280.67,6282.11,6279.84,6281.96,8882069.0
10:17,6279.22,6280.68,6278.74,6280.58,11979203.0
10:18,6277.78,6279.25,6277.64,6279.21,15076337.0
10:19,6276.51,6277.97,6276.51,6277.81,8811131.0
10:20,6275.88,6276.38,6274.81,6276.38,8708053.0
10:21,6276.88,6276.96,6274.85,6275.94,7121186.0
10:22,6273.87,6277.1,6273.87,6276.63,7932713.0
10:23,6272.36,6273.81,6271.82,6273.73,8319919.0
10:24,6271.96,6272.27,6270.49,6272.27,7079309.0
10:25,6272.26,6272.46,6271.24,6271.89,6772548.0
10:26,6274.43,6274.49,6271.74,6272.35,8412600.0
10:27,6274.03,6275.11,6273.77,6274.28,7948343.0
10:28,6273.29,6274.93,6273.25,6274.11,6956541.0
10:29,6275.66,6275.8,6272.93,6273.21,6992598.0
10:30,6276.55,6276.55,6275.36,6275.73,7449445.0
10:31,6276.68,6277.12,6276.24,6276.48,6561757.0
10:32,6278.99,6279.11,6276.72,6276.72,5998154.0
10:33,6278.79,6279.11,6278.32,6279.01,7218654.0
10:34,6278.5,6279.4,6278.35,6278.73,8720121.0
10:35,6277.88,6278.53,6277.38,6278.36,6108977.0
10:36,6277.87,6278.72,6277.62,6277.76,7247697.0
10:37,6274.88,6278.23,6274.79,6277.94,8020666.0
10:38,6272.35,6275.08,6271.93,6274.83,7128458.0
10:39,6273.38,6273.45,6272.23,6272.48,5455038.0
10:40,6274.42,6274.61,6273.3,6273.36,5992606.0
10:41,6274.37,6274.48,6273.59,6274.44,5490031.0
10:42,6275.55,6275.91,6273.87,6274.42,6930889.0
10:43,6275.38,6276.37,6275.38,6275.68,6617687.0
10:44,6275.99,6276.21,6275.18,6275.41,5683776.0
10:45,6274.96,6276.66,6274.96,6275.95,5951702.0
10:46,6276.38,6276.46,6274.67,6274.78,5296382.0
10:47,6277.14,6277.22,6275.77,6276.15,5665561.0
10:48,6278.33,6278.33,6276.94,6277.23,6291438.0
10:49,6280.14,6280.27,6278.21,6278.44,6112249.0
10:50,6279.6,6280.45,6279.6,6280.23,6321634.0
10:51,6278.8,6280.2,6278.8,6279.6,6665990.0
10:52,6279.38,6279.5,6278.71,6278.85,5542962.0
10:53,6279.27,6279.77,6278.79,6279.42,7026661.0
10:54,6280.22,6280.45,6279.25,6279.35,6425836.0
10:55,6280.17,6280.48,6279.55,6280.24,6100712.0
10:56,6279.75,6280.77,6279.2,6280.19,9344290.0
10:57,6280.18,6280.39,6279.52,6279.83,5806817.0
10:58,6279.96,6280.29,6279.18,6280.2,5874339.0
10:59,6279.62,6280.36,6279.36,6280.05,6141626.0
11:00,6281.09,6281.11,6279.53,6279.61,8701807.0
11:01,6281.08,6281.16,6280.29,6281.16,6975916.0
11:02,6280.72,6281.24,6280.52,6281.1,6395791.0
11:03,6280.98,6281.34,6280.73,6280.73,6076123.0
11:04,6282.01,6282.14,6280.89,6280.89,5489743.0
11:05,6284.67,6284.67,6281.76,6282.08,7484393.0
11:06,6286.16,6286.74,6284.7,6284.74,6587994.0
11:07,6284.54,6286.38,6284.54,6286.2,7361399.0
11:08,6285.18,6285.63,6284.68,6284.68,5667737.0
11:09,6285.35,6285.8,6284.91,6285.1,6487854.0
11:10,6284.91,6286.05,6284.54,6285.37,7736024.0
11:11,6284.91,6285.19,6284.37,6284.96,6694946.0
11:12,6284.76,6285.13,6284.34,6284.92,6694478.0
11:13,6285.17,6285.64,6284.62,6284.71,6775972.0
11:14,6284.63,6285.38,6284.41,6285.13,6735125.0
11:15,6285.47,6285.47,6284.63,6284.63,6166956.0
11:16,6284.6,6285.57,6284.6,6285.49,5964450.0
11:17,6284.01,6284.85,6284.01,6284.65,6283414.0
11:18,6283.85,6284.5,6283.72,6283.99,5558125.0
11:19,6284.74,6285.77,6283.55,6283.85,7075310.0
11:20,6285.01,6285.69,6284.77,6284.9,7179653.0
11:21,6284.04,6285.08,6283.34,6285.03,5620244.0
11:22,6285.91,6285.96,6283.96,6284.19,5337620.0
11:23,6286.49,6286.58,6285.56,6285.99,5613005.0
11:24,6287.2,6287.2,6286.06,6286.47,4832263.0
11:25,6288.01,6288.26,6287.31,6287.31,5463665.0
11:26,6287.64,6288.09,6286.76,6287.99,6143833.0
11:27,6288.18,6288.18,6287.62,6287.65,4605245.0
11:28,6287.24,6288.22,6287.09,6288.21,5323573.0
11:29,6287.81,6287.81,6287.08,6287.23,4720275.0
11:30,6287.46,6287.75,6287.07,6287.75,5551736.0
11:31,6287.06,6287.94,6286.94,6287.45,5973000.0
11:32,6287.77,6288.75,6286.96,6287.05,6462000.0
11:33,6287.94,6288.37,6287.57,6287.82,4892000.0
11:34,6287.56,6288.21,6287.23,6287.9,5472000.0
11:35,6287.73,6287.98,6287.24,6287.46,5801000.0
11:36,6289.42,6289.46,6287.59,6287.74,5862000.0
11:37,6289.43,6290.19,6289.31,6289.48,5613000.0
11:38,6290.89,6291.02,6289.43,6289.43,4547000.0
11:39,6290.94,6291.02,6290.33,6290.8,4927000.0
11:40,6291.82,6291.82,6291.04,6291.06,4567000.0
11:41,6292.67,6292.9,6292.45,6292.72,4851000.0
11:42,6292.57,6292.82,6292.11,6292.51,5520000.0
11:43,6291.2,6292.95,6291.14,6292.59,4440000.0
11:44,6291.83,6291.88,6291.24,6291.25,4136000.0
11:45,6292.12,6292.37,6291.68,6291.84,6169000.0
11:46,6292.12,6292.3,6291.72,6292.3,5724000.0
11:47,6291.98,6292.29,6291.57,6292.29,5805000.0
11:48,6291.13,6292.0,6290.51,6292.0,4253000.0
11:49,6290.45,6291.28,6290.45,6291.2,4387000.0
11:50,6290.61,6290.68,6289.62,6290.45,4993000.0
11:51,6291.72,6291.92,6290.71,6290.71,5354000.0
11:52,6291.38,6291.91,6291.38,6291.7,4716000.0
11:53,6292.18,6292.21,6291.17,6291.42,5307000.0
11:54,6291.95,6292.23,6291.65,6292.23,4413000.0
11:55,6292.29,6292.29,6291.68,6291.95,5590000.0
11:56,6292.46,6292.46,6291.88,6292.35,6511000.0
11:57,6293.26,6293.28,6292.41,6292.48,4249000.0
11:58,6293.72,6293.72,6292.94,6293.26,4566000.0
11:59,6293.51,6293.69,6293.18,6293.65,5180000.0
12:00,6292.31,6293.44,6292.03,6293.44,5857000.0
12:01,6292.62,6293.17,6292.38,6292.38,5188000.0
12:02,6293.85,6293.89,6292.63,6292.65,5065000.0
12:03,6293.94,6294.11,6293.68,6293.85,4414000.0
12:04,6295.05,6295.14,6294.0,6294.11,6420000.0
12:05,6294.5,6295.46,6294.4,6295.07,4477000.0
12:06,6294.16,6294.6,6293.56,6294.44,6426000.0
12:07,6294.6,6294.78,6294.07,6294.28,4731000.0
12:08,6295.37,6295.41,6294.22,6294.63,4001000.0
12:09,6295.63,6296.12,6295.3,6295.3,4435000.0
12:10,6294.99,6296.07,6294.99,6295.6,4594000.0
12:11,6293.55,6295.05,6293.54,6295.05,4977000.0
12:12,6293.11,6293.99,6292.77,6293.54,5576000.0
12:13,6292.82,6293.16,6292.42,6293.16,4023000.0
12:14,6292.76,6293.12,6292.56,6292.86,4016000.0
12:15,6292.3,6292.9,6292.06,6292.79,4154000.0
12:16,6292.49,6292.84,6292.27,6292.32,3710000.0
12:17,6290.74,6292.43,6290.58,6292.37,6218000.0
12:18,6289.58,6291.24,6289.58,6290.77,5380000.0
12:19,6289.07,6289.75,6289.02,6289.61,5485000.0
12:20,6289.56,6289.87,6288.97,6289.1,5915000.0
12:21,6290.07,6290.25,6289.56,6289.56,5957000.0
12:22,6290.81,6290.83,6290.03,6290.08,4425000.0
12:23,6292.56,6292.56,6290.64,6290.87,4961000.0
12:24,6292.2,6292.76,6292.06,6292.61,5232000.0
12:25,6292.44,6292.71,6291.67,6292.26,7813000.0
12:26,6291.87,6292.76,6291.87,6292.52,4628000.0
12:27,6290.31,6291.81,6290.17,6291.81,4446000.0
12:28,6289.13,6289.51,6289.13,6289.46,3643000.0
12:29,6289.63,6290.14,6289.24,6289.29,5292000.0
12:30,6288.52,6290.02,6288.4,6289.69,4762000.0
12:31,6289.24,6289.31,6288.24,6288.64,5536000.0
12:32,6289.81,6289.85,6289.0,6289.25,4248000.0
12:33,6289.95,6290.4,6289.77,6289.77,4221000.0
12:34,6289.37,6289.91,6289.37,6289.83,4310000.0
12:35,6289.9,6289.93,6289.17,6289.37,3820000.0
12:36,6288.88,6289.9,6288.81,6289.9,4544000.0
12:37,6288.06,6289.14,6287.85,6289.12,4107000.0
12:38,6289.02,6289.02,6287.99,6287.99,3531000.0
12:39,6286.9,6289.0,6286.73,6289.0,6018000.0
12:40,6287.53,6287.55,6286.33,6287.01,4165000.0
12:41,6288.92,6289.18,6287.43,6287.59,4920000.0
12:42,6288.62,6289.0,6288.25,6288.87,3819000.0
12:43,6289.39,6289.45,6288.53,6288.64,3314000.0
12:44,6289.06,6289.61,6289.06,6289.34,3691000.0
12:45,6288.45,6289.18,6288.26,6289.05,4714000.0
12:46,6288.12,6288.68,6287.69,6288.46,4651000.0
12:47,6289.26,6289.26,6288.03,6288.16,3966000.0
12:48,6289.0,6289.52,6288.73,6289.25,4916000.0
12:49,6288.36,6289.09,6287.95,6288.99,4893000.0
12:50,6289.69,6289.7,6288.32,6288.37,4265000.0
12:51,6289.42,6289.82,6289.23,6289.68,4180000.0
12:52,6289.17,6289.59,6289.11,6289.44,3917000.0
12:53,6288.44,6289.89,6288.44,6289.09,4559000.0
12:54,6287.83,6288.65,6287.54,6288.59,3458000.0
12:55,6288.4,6288.43,6287.87,6287.87,3079000.0
12:56,6287.56,6288.55,6287.41,6288.44,4805000.0
12:57,6289.04,6289.23,6287.57,6287.6,3655000.0
12:58,6289.26,6289.95,6288.9,6288.95,3286000.0
12:59,6289.65,6289.69,6289.27,6289.27,3406000.0
13:00,6289.74,6289.76,6289.15,6289.76,4062000.0
13:01,6289.7,6290.39,6289.11,6289.75,5061000.0
13:02,6289.78,6290.17,6289.45,6289.64,4611000.0
13:03,6290.09,6290.2,6289.5,6289.82,3785000.0
13:04,6290.37,6290.75,6290.08,6290.08,4938000.0
13:05,6289.2,6290.34,6288.92,6290.34,4153000.0
13:06,6289.23,6289.7,6288.86,6289.25,4135000.0
13:07,6288.81,6289.46,6288.68,6289.27,3712000.0
13:08,6289.16,6289.32,6288.83,6288.85,4214000.0
13:09,6289.33,6289.33,6288.62,6289.16,3091000.0
13:10,6288.6,6289.37,6288.6,6289.28,3476000.0
13:11,6288.93,6289.14,6288.09,6288.59,3643000.0
13:12,6289.41,6289.57,6288.77,6288.82,3769000.0
13:13,6289.01,6289.6,6288.85,6289.38,3790000.0
13:14,6289.75,6289.91,6288.99,6288.99,3732000.0
13:15,6289.31,6290.13,6289.2,6289.74,3429000.0
13:16,6290.42,6290.42,6289.32,6289.32,3533000.0
13:17,6291.0,6291.16,6290.41,6290.46,3782000.0
13:18,6291.25,6291.32,6290.64,6290.99,3855000.0
13:19,6291.47,6291.53,6290.95,6291.15,3958000.0
13:20,6290.94,6291.49,6290.71,6291.49,4231000.0
13:21,6291.2,6291.55,6290.89,6290.94,4228000.0
13:22,6291.52,6291.55,6290.77,6291.21,4079000.0
13:23,6290.8,6291.65,6290.74,6291.47,4741000.0
13:24,6290.85,6291.22,6290.56,6290.78,3743000.0
13:25,6291.58,6291.58,6290.83,6290.83,4419000.0
13:26,6291.54,6291.73,6291.35,6291.53,3979000.0
13:27,6289.78,6291.71,6289.69,6291.49,5471000.0
13:28,6290.2,6290.24,6287.9,6289.74,4913000.0
13:29,6291.26,6291.33,6290.22,6290.22,3458000.0
13:30,6291.8,6292.39,6291.28,6291.32,4463000.0
13:31,6292.54,6292.79,6291.64,6291.81,5118000.0
13:32,6291.96,6293.04,6291.49,6292.56,5514000.0
13:33,6291.43,6291.96,6291.16,6291.96,4984000.0
13:34,6292.39,6292.43,6291.18,6291.41,3681000.0
13:35,6292.26,6292.83,6292.07,6292.4,4128000.0
13:36,6292.98,6293.09,6291.79,6292.1,4423000.0
13:37,6293.07,6293.11,6292.64,6293.02,3595000.0
13:38,6293.4,6293.72,6292.86,6293.04,4078000.0
13:39,6293.48,6293.54,6293.0,6293.29,3986000.0
13:40,6293.92,6294.41,6293.47,6293.47,3846000.0
13:41,6293.93,6294.45,6293.89,6294.0,4205000.0
13:42,6294.3,6294.59,6293.89,6293.97,3947000.0
13:43,6294.94,6294.94,6294.01,6294.33,4015000.0
13:44,6294.76,6295.27,6294.73,6294.98,4143000.0
13:45,6293.48,6294.85,6293.18,6294.68,4832000.0
13:46,6294.31,6294.57,6293.39,6293.53,4443000.0
13:47,6293.83,6293.86,6293.59,6293.7,4445000.0
13:48,6293.96,6294.45,6293.92,6293.93,5111000.0
13:49,6294.14,6294.34,6293.7,6294.03,4020000.0
13:50,6294.15,6294.3,6293.88,6294.19,2955000.0
13:51,6294.22,6294.25,6293.51,6294.17,3972000.0
13:52,6294.45,6294.69,6294.11,6294.23,3754000.0
13:53,6294.89,6294.89,6294.2,6294.4,3879000.0
13:54,6294.74,6294.87,6294.45,6294.75,3783000.0
13:55,6294.7,6295.49,6294.7,6294.78,4999000.0
13:56,6294.97,6295.1,6294.45,6294.72,3791000.0
13:57,6295.2,6295.26,6294.84,6294.98,4123000.0
13:58,6295.19,6295.51,6295.03,6295.15,3377000.0
13:59,6295.49,6295.56,6295.14,6295.2,4096000.0
14:00,6295.68,6295.86,6294.8,6295.43,4339000.0
14:01,6295.65,6295.67,6294.79,6295.67,6034000.0
14:02,6294.85,6295.73,6294.82,6295.7,5264000.0
14:03,6295.11,6295.12,6294.61,6294.83,5645000.0
14:04,6295.07,6295.53,6294.81,6295.08,5011000.0
14:05,6294.89,6295.29,6294.59,6295.03,4632000.0
14:06,6294.44,6294.89,6294.17,6294.89,5066000.0
14:07,6294.21,6294.51,6293.72,6294.48,4068000.0
14:08,6295.07,6295.14,6294.04,6294.08,4236000.0
14:09,6294.72,6295.26,6294.67,6295.12,3822000.0
14:10,6294.56,6295.09,6294.56,6294.73,3157000.0
14:11,6293.64,6294.56,6293.4,6294.56,4855000.0
14:12,6293.46,6293.99,6293.33,6293.65,4922000.0
14:13,6293.32,6294.35,6293.18,6293.47,4646000.0
14:14,6292.88,6293.35,6292.77,6293.35,4211000.0
14:15,6293.07,6293.11,6292.21,6292.85,4389000.0
14:16,6294.37,6294.49,6293.02,6293.11,3724000.0
14:17,6293.92,6294.55,6293.81,6294.55,3607000.0
14:18,6293.58,6293.97,6293.14,6293.91,3848000.0
14:19,6295.87,6295.93,6293.57,6293.57,4843000.0
14:20,6296.1,6296.25,6295.72,6295.8,4570000.0
14:21,6295.55,6296.01,6295.09,6295.96,5073000.0
14:22,6296.08,6296.17,6295.53,6295.53,4808000.0
14:23,6296.23,6296.46,6296.04,6296.05,3652000.0
14:24,6298.53,6298.53,6296.16,6296.18,4712000.0
14:25,6298.21,6298.73,6297.88,6298.49,4248000.0
14:26,6298.79,6298.8,6298.03,6298.18,4867000.0
14:27,6299.18,6299.18,6298.79,6298.84,5245000.0
14:28,6299.55,6299.58,6298.9,6299.24,4233000.0
14:29,6299.9,6299.96,6299.52,6299.52,5059000.0
14:30,6300.15,6300.15,6299.52,6299.81,4992000.0
14:31,6298.67,6300.41,6298.43,6300.18,5558000.0
14:32,6299.16,6299.42,6298.71,6298.71,4946000.0
14:33,6298.74,6299.44,6298.73,6299.15,5345000.0
14:34,6298.94,6299.25,6298.71,6298.75,3702000.0
14:35,6297.97,6298.99,6297.9,6298.95,4369000.0
14:36,6297.65,6297.99,6297.41,6297.98,5426000.0
14:37,6298.57,6298.64,6297.53,6297.69,3631000.0
14:38,6299.23,6299.39,6298.49,6298.56,4872000.0
14:39,6299.02,6299.28,6298.89,6299.16,4175000.0
14:40,6299.02,6299.26,6298.99,6299.0,4493000.0
14:41,6298.97,6299.03,6298.53,6299.03,5599000.0
14:42,6299.29,6299.31,6298.69,6299.04,4622000.0
14:43,6299.27,6299.59,6299.23,6299.29,3892000.0
14:44,6299.11,6299.42,6299.05,6299.29,3929000.0
14:45,6298.79,6299.34,6298.67,6299.11,4039000.0
14:46,6299.67,6299.73,6298.74,6298.79,5325000.0
14:47,6300.17,6300.17,6299.36,6299.65,4627000.0
14:48,6300.3,6300.42,6299.91,6300.25,4718000.0
14:49,6300.7,6300.7,6300.26,6300.32,4526000.0
14:50,6301.89,6301.92,6300.82,6300.82,5126000.0
14:51,6300.82,6301.74,6300.45,6301.74,4350000.0
14:52,6300.04,6300.84,6300.0,6300.78,4882000.0
14:53,6300.2,6300.38,6299.99,6300.05,4238000.0
14:54,6300.37,6300.52,6300.15,6300.24,4743000.0
14:55,6300.73,6301.27,6300.35,6300.36,5409000.0
14:56,6301.3,6301.34,6300.59,6300.72,4455000.0
14:57,6301.1,6301.24,6300.74,6301.18,5218000.0
14:58,6300.47,6301.02,6300.18,6301.01,5034000.0
14:59,6300.41,6300.65,6300.38,6300.47,4449000.0
15:00,6301.23,6301.46,6300.37,6300.43,4912000.0
15:01,6302.38,6302.39,6301.07,6301.18,5103000.0
15:02,6303.28,6303.34,6302.43,6302.43,5020000.0
15:03,6304.49,6304.69,6303.26,6303.29,4975000.0
15:04,6304.15,6304.55,6304.04,6304.51,4984000.0
15:05,6303.7,6304.22,6303.39,6304.12,4698000.0
15:06,6303.39,6303.68,6303.27,6303.52,4395000.0
15:07,6303.09,6303.65,6302.97,6303.35,4723000.0
15:08,6302.86,6303.34,6302.84,6303.1,4825000.0
15:09,6303.6,6303.66,6302.99,6302.99,5484000.0
15:10,6302.76,6303.61,6302.7,6303.57,5339000.0
15:11,6303.41,6303.41,6302.69,6302.75,5527000.0
15:12,6303.25,6303.8,6303.25,6303.43,5209000.0
15:13,6303.39,6303.58,6303.14,6303.31,5475000.0
15:14,6303.48,6303.56,6302.98,6303.38,6067000.0
15:15,6303.55,6304.06,6303.49,6303.71,5476000.0
15:16,6303.6,6303.85,6302.88,6303.5,5355000.0
15:17,6302.65,6303.69,6302.65,6303.61,6192000.0
15:18,6302.57,6302.76,6302.29,6302.58,6102000.0
15:19,6302.01,6302.26,6301.79,6302.26,5786000.0
15:20,6301.64,6302.0,6301.42,6301.93,6489000.0
15:21,6301.91,6301.95,6301.31,6301.58,5009000.0
15:22,6301.99,6302.12,6301.23,6301.94,6301000.0
15:23,6301.18,6302.0,6301.18,6301.99,5120000.0
15:24,6301.94,6302.14,6301.11,6301.16,5512000.0
15:25,6301.23,6301.9,6301.19,6301.9,5872000.0
15:26,6300.68,6301.39,6300.68,6301.2,6336000.0
15:27,6300.9,6301.03,6300.55,6300.67,7150000.0
15:28,6301.11,6301.19,6300.78,6300.87,5591000.0
15:29,6300.39,6301.07,6300.1,6301.07,5977000.0
15:30,6301.39,6301.74,6300.28,6300.5,7889000.0
15:31,6303.06,6303.06,6301.42,6301.42,6701000.0
15:32,6302.84,6303.23,6302.27,6303.07,6834000.0
15:33,6302.6,6303.13,6302.55,6303.02,6052000.0
15:34,6301.86,6302.61,6301.25,6302.61,7561000.0
15:35,6302.39,6302.46,6301.68,6301.83,7495000.0
15:36,6302.19,6302.45,6301.95,6302.35,7197000.0
15:37,6302.06,6302.16,6301.55,6302.16,6765000.0
15:38,6302.35,6302.42,6301.57,6302.05,6627000.0
15:39,6302.17,6302.46,6302.11,6302.45,6934000.0
15:40,6301.62,6302.37,6301.58,6302.26,7639000.0
15:41,6301.12,6301.61,6300.73,6301.61,7061000.0
15:42,6300.47,6301.18,6299.99,6301.1,7384000.0
15:43,6299.64,6300.43,6299.64,6300.4,7505000.0
15:44,6299.44,6299.83,6299.32,6299.7,8243000.0
15:45,6299.17,6299.61,6298.66,6299.5,8934000.0
15:46,6300.39,6300.7,6298.91,6299.14,8702000.0
15:47,6301.42,6301.88,6300.55,6300.96,14359500.0
15:48,6302.44,6303.05,6302.19,6302.77,20017000.0
15:49,6302.97,6302.97,6302.08,6302.42,12722000.0
15:50,6298.33,6302.93,6297.48,6302.93,19672000.0
15:51,6299.6,6299.71,6297.31,6298.17,16408000.0
15:52,6301.37,6301.87,6299.52,6299.52,13921000.0
15:53,6301.63,6302.67,6300.65,6301.35,15172000.0
15:54,6300.68,6303.54,6299.91,6301.84,23708000.0
15:55,6300.69,6301.02,6297.89,6300.54,27139000.0
15:56,6300.22,6300.66,6298.42,6300.66,25797000.0
15:57,6300.84,6301.05,6299.4,6300.26,31074000.0
15:58,6302.54,6303.19,6299.24,6300.78,45351000.0
15:59,6299.02,6302.43,6296.86,6302.43,82866000.0
