Time,Close,High,Low,Open,Volume
09:30,5487.88,5491.85,5485.33,5489.73,1.0
09:31,5483.3,5490.07,5482.94,5487.77,14303014.0
09:32,5476.57,5483.47,5475.8,5483.47,12876671.0
09:33,5485.92,5485.92,5476.38,5476.38,13106765.0
09:34,5487.62,5487.74,5485.48,5486.28,11349197.0
09:35,5492.57,5493.48,5487.41,5487.41,11724767.0
09:36,5494.75,5494.75,5491.07,5492.37,10393015.0
09:37,5495.93,5496.16,5493.01,5495.02,10020283.0
09:38,5494.88,5496.54,5494.27,5495.57,9489699.0
09:39,5494.5,5496.75,5494.33,5495.49,9461901.0
09:40,5495.01,5498.47,5494.16,5494.33,8930806.0
09:41,5491.69,5495.22,5490.67,5495.22,9390316.0
09:42,5486.19,5491.7,5486.13,5491.66,9593359.0
09:43,5483.6,5487.39,5483.6,5485.88,9296081.0
09:44,5483.03,5484.14,5481.78,5483.57,7674530.0
09:45,5486.76,5487.27,5482.76,5483.04,10635611.0
09:46,5478.07,5487.3,5477.63,5487.15,9814435.0
09:47,5474.62,5480.68,5473.69,5478.48,9100849.0
09:48,5475.28,5477.16,5473.76,5474.54,7695324.0
09:49,5473.55,5477.58,5473.27,5475.02,9390466.0
09:50,5476.89,5476.93,5472.79,5473.68,8245414.0
09:51,5471.43,5478.15,5468.55,5477.21,11415859.0
09:52,5468.03,5471.68,5468.03,5471.63,2997145.0
09:53,5466.02,5467.45,5465.23,5467.05,13265470.0
09:54,5468.78,5470.23,5465.94,5466.04,7907656.0
09:55,5472.61,5472.61,5468.69,5468.73,7640460.0
09:56,5469.83,5472.72,5469.83,5472.48,8208734.0
09:57,5468.08,5469.58,5466.26,5469.39,7500600.0
09:58,5471.85,5471.87,5467.45,5468.0,6353820.0
09:59,5466.22,5471.79,5466.22,5471.79,8407968.0
10:00,5478.13,5478.62,5466.75,5466.75,14119371.0
10:01,5480.27,5483.65,5478.29,5478.29,8397831.0
10:02,5482.55,5484.03,5480.13,5480.24,8314095.0
10:03,5476.75,5482.61,5475.81,5482.61,7490766.0
10:04,5475.12,5481.96,5474.69,5476.72,9316444.0
10:05,5477.57,5478.42,5474.37,5474.73,9263285.0
10:06,5482.12,5482.29,5477.88,5477.93,8854286.0
10:07,5487.59,5487.95,5482.15,5482.22,9039640.0
10:08,5487.3,5488.81,5486.93,5487.13,8480091.0
10:09,5492.91,5493.93,5487.29,5487.85,8941957.0
10:10,5494.05,5494.86,5490.55,5492.96,10277982.0
10:11,5492.85,5494.68,5491.17,5494.18,8617122.0
10:12,5496.08,5497.12,5492.82,5492.82,8308794.0
10:13,5492.93,5496.4,5492.93,5496.3,8438327.0
10:14,5494.24,5494.24,5489.73,5492.27,7501286.0
10:15,5490.85,5494.98,5490.85,5494.13,8134056.0
10:16,5488.1,5491.76,5488.07,5491.05,7640213.0
10:17,5494.95,5494.95,5486.44,5488.17,8218195.0
10:18,5488.39,5495.4,5488.37,5495.14,8372756.0
10:19,5485.91,5489.09,5485.87,5488.55,6141397.0
10:20,5483.16,5487.22,5480.97,5486.06,8316193.0
10:21,5473.19,5484.98,5473.19,5482.95,8856479.0
10:22,5464.33,5474.07,5462.99,5473.01,9941050.0
10:23,5466.34,5466.75,5459.24,5463.89,9922222.0
10:24,5471.12,5471.65,5466.81,5466.86,7001351.0
10:25,5468.45,5471.09,5464.76,5471.09,7050017.0
10:26,5465.03,5469.65,5462.96,5468.45,6764804.0
10:27,5463.98,5465.73,5462.3,5465.12,6332072.0
10:28,5460.24,5463.66,5458.04,5463.63,7663520.0
10:29,5463.9,5464.69,5460.25,5460.25,6393297.0
10:30,5462.49,5467.2,5462.49,5463.84,7862177.0
10:31,5457.73,5462.04,5455.86,5462.04,7908794.0
10:32,5462.79,5463.28,5457.67,5457.72,7175719.0
10:33,5466.9,5466.9,5463.2,5463.37,9564534.0
10:34,5468.91,5470.98,5466.93,5467.03,8227055.0
10:35,5468.34,5470.48,5467.96,5468.98,5827928.0
10:36,5469.5,5471.96,5468.36,5468.36,6643946.0
10:37,5471.45,5472.31,5468.1,5469.35,5820866.0
10:38,5472.93,5472.93,5468.96,5471.44,7348619.0
10:39,5475.58,5476.2,5472.96,5472.96,6804641.0
10:40,5481.01,5481.01,5474.44,5475.76,6929095.0
10:41,5481.18,5483.03,5479.89,5481.34,8018507.0
10:42,5480.7,5480.97,5479.73,5480.93,5691849.0
10:43,5481.43,5482.33,5480.5,5480.81,5378054.0
10:44,5484.95,5485.26,5481.55,5481.66,7976285.0
10:45,5484.13,5484.93,5481.72,5484.93,6484085.0
10:46,5482.07,5485.91,5481.69,5484.56,7575029.0
10:47,5481.25,5482.58,5480.55,5481.99,4805632.0
10:48,5483.52,5483.63,5480.82,5481.16,6434927.0
10:49,5485.09,5485.54,5482.18,5483.45,6683084.0
10:50,5480.95,5485.3,5480.93,5485.3,5702621.0
10:51,5481.83,5483.3,5480.24,5481.0,5175070.0
10:52,5482.44,5483.63,5481.48,5481.72,5823289.0
10:53,5486.44,5486.77,5482.37,5482.42,6247337.0
10:54,5483.24,5486.69,5482.29,5486.23,5816592.0
10:55,5482.01,5483.64,5481.66,5483.19,5887464.0
10:56,5478.01,5484.47,5477.63,5482.11,6708132.0
10:57,5477.82,5477.88,5473.86,5477.88,6626526.0
10:58,5475.5,5478.09,5475.5,5477.71,5640267.0
10:59,5481.62,5481.62,5475.31,5475.51,6860839.0
11:00,5477.9,5482.42,5477.02,5481.67,5883104.0
11:01,5479.39,5480.39,5477.77,5477.77,4570178.0
11:02,5481.16,5481.21,5478.35,5479.41,4482153.0
11:03,5482.95,5483.66,5480.1,5480.95,5660060.0
11:04,5485.11,5485.64,5482.62,5482.83,4665302.0
11:05,5486.0,5486.0,5483.23,5484.95,4940794.0
11:06,5486.33,5486.7,5485.18,5486.07,4781389.0
11:07,5485.7,5486.86,5484.94,5486.39,5011558.0
11:08,5485.02,5486.96,5485.02,5485.71,4699311.0
11:09,5485.3,5485.54,5484.26,5484.83,3864013.0
11:10,5489.5,5489.69,5484.37,5485.38,5312008.0
11:11,5488.67,5490.69,5487.64,5489.41,5175044.0
11:12,5488.44,5489.78,5488.19,5488.76,4393720.0
11:13,5489.39,5489.42,5486.86,5488.43,5549125.0
11:14,5490.03,5490.71,5489.42,5489.47,5082033.0
11:15,5488.51,5491.07,5488.25,5490.02,4909232.0
11:16,5484.83,5489.06,5484.83,5488.46,5901282.0
11:17,5482.3,5484.79,5480.78,5484.79,5893813.0
11:18,5486.65,5486.65,5481.78,5481.89,5256800.0
11:19,5486.41,5486.68,5485.35,5486.68,4382368.0
11:20,5489.06,5489.06,5486.17,5486.37,5238730.0
11:21,5490.24,5490.37,5489.16,5489.16,4256849.0
11:22,5491.21,5491.44,5489.47,5490.11,5206962.0
11:23,5491.18,5492.27,5490.66,5491.2,4587186.0
11:24,5491.32,5491.71,5491.0,5491.18,5269831.0
11:25,5487.91,5491.45,5487.68,5491.29,5947275.0
11:26,5487.48,5488.43,5486.69,5487.94,5026829.0
11:27,5488.56,5489.08,5487.37,5487.49,3725635.0
11:28,5484.36,5488.61,5484.36,5488.55,6425005.0
11:29,5482.45,5484.4,5482.24,5484.08,5972177.0
11:30,5483.66,5483.66,5480.89,5482.33,5063160.0
11:31,5485.45,5485.45,5482.59,5483.68,4407788.0
11:32,5485.13,5485.71,5482.69,5485.29,4696743.0
11:33,5485.18,5485.47,5482.87,5484.62,5464927.0
11:34,5484.54,5485.38,5482.61,5485.01,4920783.0
11:35,5481.31,5484.23,5481.27,5484.14,5478805.0
11:36,5479.46,5481.34,5478.72,5481.34,6078000.0
11:37,5479.56,5480.58,5477.67,5479.43,5642000.0
11:38,5476.12,5479.8,5475.4,5479.51,5108000.0
11:39,5479.57,5479.64,5475.82,5476.07,4916000.0
11:40,5483.16,5483.16,5479.03,5479.52,4652000.0
11:41,5484.6,5485.79,5483.08,5483.08,5727000.0
11:42,5483.52,5485.65,5483.52,5484.65,4732000.0
11:43,5477.66,5483.21,5477.64,5483.21,5410000.0
11:44,5477.29,5478.7,5476.47,5477.72,4513000.0
11:45,5477.77,5477.77,5475.56,5477.25,4899000.0
11:46,5477.36,5477.76,5477.0,5477.69,4156000.0
11:47,5478.95,5479.24,5476.42,5477.41,5329000.0
11:48,5480.11,5480.21,5478.99,5478.99,5001000.0
11:49,5481.05,5481.13,5479.91,5480.19,4372000.0
11:50,5484.44,5484.83,5481.03,5481.03,4951000.0
11:51,5484.53,5486.2,5483.86,5484.44,5455000.0
11:52,5486.08,5486.08,5483.98,5484.57,4437000.0
11:53,5486.52,5486.68,5485.6,5486.28,5481000.0
11:54,5487.81,5488.33,5485.93,5486.61,4413000.0
11:55,5488.04,5488.41,5486.48,5487.91,4140000.0
11:56,5489.07,5489.36,5487.84,5488.01,4293000.0
11:57,5488.28,5489.77,5487.74,5489.03,4105000.0
11:58,5490.02,5490.64,5488.1,5488.26,3784000.0
11:59,5488.38,5490.07,5488.38,5490.02,4179000.0
12:00,5489.09,5489.53,5488.01,5488.36,5162000.0
12:01,5491.25,5491.25,5488.85,5489.21,5445000.0
12:02,5490.79,5491.29,5490.23,5491.23,4265000.0
12:03,5489.71,5492.03,5489.51,5490.82,4109000.0
12:04,5490.05,5490.05,5488.02,5489.79,4309000.0
12:05,5491.8,5491.8,5488.03,5490.14,4368000.0
12:06,5489.91,5492.81,5489.77,5491.93,4237000.0
12:07,5490.36,5491.01,5488.43,5489.86,4481000.0
12:08,5492.03,5492.34,5489.26,5490.22,4504000.0
12:09,5491.33,5492.19,5491.0,5492.17,3212000.0
12:10,5491.83,5492.11,5490.72,5491.36,3992000.0
12:11,5490.96,5492.14,5490.54,5491.86,4547000.0
12:12,5493.65,5493.65,5490.98,5490.98,4189000.0
12:13,5492.96,5494.17,5492.96,5493.68,3211000.0
12:14,5493.38,5493.71,5492.97,5493.03,3990000.0
12:15,5493.7,5493.92,5492.27,5493.66,4694000.0
12:16,5494.75,5494.75,5493.53,5493.76,4147000.0
12:17,5493.48,5495.29,5492.8,5494.77,5445000.0
12:18,5493.78,5493.87,5492.29,5493.51,3531000.0
12:19,5494.77,5495.19,5493.5,5493.88,3600000.0
12:20,5495.28,5496.02,5494.48,5494.84,4428000.0
12:21,5494.38,5495.51,5494.1,5495.34,3539000.0
12:22,5497.97,5497.97,5494.62,5494.62,3862000.0
12:23,5500.3,5500.63,5497.95,5498.07,4811000.0
12:24,5501.89,5501.96,5500.35,5500.35,4376000.0
12:25,5502.54,5502.54,5501.06,5501.94,4000000.0
12:26,5501.18,5502.61,5500.81,5502.61,4696000.0
12:27,5502.52,5502.58,5501.24,5501.24,3771000.0
12:28,5502.79,5502.96,5502.22,5502.56,4169000.0
12:29,5501.73,5502.91,5501.12,5502.8,5223000.0
12:30,5500.24,5501.96,5500.24,5501.75,5022000.0
12:31,5500.88,5501.32,5500.19,5500.2,4459000.0
12:32,5502.66,5502.99,5500.9,5500.9,4770000.0
12:33,5502.25,5502.82,5501.86,5502.7,3577000.0
12:34,5503.22,5503.22,5501.27,5502.48,3990000.0
12:35,5505.1,5505.27,5503.4,5503.4,4647000.0
12:36,5504.87,5505.62,5503.92,5505.11,6630000.0
12:37,5503.66,5505.27,5503.42,5504.93,4367000.0
12:38,5504.9,5505.62,5503.64,5503.72,4031000.0
12:39,5504.92,5505.76,5504.45,5504.89,4810000.0
12:40,5506.59,5506.59,5504.74,5504.91,4799000.0
12:41,5507.36,5508.11,5506.6,5506.6,5248000.0
12:42,5506.46,5507.1,5505.47,5507.1,4459000.0
12:43,5508.33,5508.46,5506.52,5506.52,4396000.0
12:44,5508.89,5509.08,5508.2,5508.35,4857000.0
12:45,5507.44,5509.01,5507.08,5508.97,4826000.0
12:46,5505.71,5507.73,5505.54,5507.41,4163000.0
12:47,5500.6,5505.56,5500.6,5505.56,6311000.0
12:48,5501.5,5501.64,5498.49,5500.61,5716000.0
12:49,5503.66,5503.9,5501.62,5501.67,4076000.0
12:50,5502.85,5503.72,5500.6,5503.72,4787000.0
12:51,5504.79,5505.07,5502.64,5502.99,4130000.0
12:52,5505.63,5506.53,5504.41,5504.7,3241000.0
12:53,5505.67,5506.43,5504.93,5505.67,3565000.0
12:54,5507.75,5507.77,5505.59,5505.74,3227000.0
12:55,5507.69,5507.87,5506.59,5507.76,3419000.0
12:56,5508.53,5508.58,5507.72,5507.78,3660000.0
12:57,5508.6,5509.54,5508.6,5508.76,4655000.0
12:58,5508.43,5509.22,5508.19,5508.56,4545000.0
12:59,5509.44,5509.49,5508.47,5508.51,4113000.0
13:00,5509.73,5509.84,5508.66,5509.44,4173000.0
13:01,5510.07,5510.07,5508.98,5509.75,4256000.0
13:02,5508.73,5510.99,5508.73,5510.15,4758000.0
13:03,5508.55,5508.71,5506.51,5508.63,4650000.0
13:04,5509.5,5510.97,5508.65,5508.65,4378000.0
13:05,5511.36,5511.42,5509.47,5509.5,3897000.0
13:06,5512.61,5512.88,5511.13,5511.34,3957000.0
13:07,5514.92,5515.11,5512.49,5512.49,4827000.0
13:08,5514.55,5515.36,5514.48,5514.86,3790000.0
13:09,5514.52,5514.52,5513.25,5514.46,3813000.0
13:10,5515.19,5515.98,5514.23,5514.49,3804000.0
13:11,5516.03,5516.4,5514.76,5515.27,4217000.0
13:12,5515.32,5517.1,5515.32,5515.89,4006000.0
13:13,5516.62,5516.84,5515.25,5515.25,4364000.0
13:14,5518.02,5518.02,5516.51,5516.51,5023000.0
13:15,5515.81,5518.09,5515.26,5518.03,5372000.0
13:16,5517.26,5517.26,5515.86,5515.86,4175000.0
13:17,5519.82,5519.82,5517.18,5517.32,6124000.0
13:18,5519.7,5520.52,5519.5,5519.81,4097000.0
13:19,5520.82,5520.88,5519.28,5519.28,4898000.0
13:20,5523.05,5523.11,5520.88,5520.88,4677000.0
13:21,5522.78,5523.1,5522.67,5523.09,4583000.0
13:22,5521.78,5522.93,5521.73,5522.75,5046000.0
13:23,5522.78,5522.89,5520.48,5521.41,6702000.0
13:24,5523.66,5525.41,5522.65,5522.78,6194000.0
13:25,5524.55,5525.11,5522.94,5523.53,4705000.0
13:26,5525.71,5525.85,5524.37,5524.54,4717000.0
13:27,5527.13,5527.14,5525.25,5525.68,4813000.0
13:28,5526.91,5528.11,5526.53,5527.19,5868000.0
13:29,5527.71,5527.75,5526.81,5526.87,4550000.0
13:30,5521.48,5527.83,5521.13,5527.66,7548000.0
13:31,5520.65,5522.03,5520.47,5522.0,4781000.0
13:32,5524.18,5524.18,5520.74,5520.74,4752000.0
13:33,5526.71,5527.4,5524.34,5524.34,4673000.0
13:34,5523.99,5526.67,5523.06,5526.56,5182000.0
13:35,5524.52,5525.42,5523.75,5524.02,4419000.0
13:36,5525.79,5525.99,5524.43,5524.43,4816000.0
13:37,5524.86,5526.13,5524.58,5525.62,4223000.0
13:38,5511.75,5524.51,5507.35,5524.51,20998000.0
13:39,5507.36,5512.64,5506.15,5510.82,8892000.0
13:40,5508.11,5508.14,5503.44,5507.35,7611000.0
13:41,5514.39,5515.47,5507.17,5508.14,6777000.0
13:42,5509.53,5514.04,5508.04,5514.04,6105000.0
13:43,5507.09,5509.46,5506.6,5509.46,4733000.0
13:44,5508.58,5509.04,5505.58,5507.26,4440000.0
13:45,5504.54,5509.0,5504.45,5508.7,5249000.0
13:46,5503.81,5505.27,5503.14,5504.11,5497000.0
13:47,5503.07,5503.72,5499.12,5503.72,6839000.0
13:48,5501.34,5503.5,5500.84,5503.03,4453000.0
13:49,5503.01,5503.01,5497.44,5501.39,8647000.0
13:50,5496.12,5504.16,5495.43,5503.08,6362000.0
13:51,5499.02,5499.3,5496.58,5496.58,5070000.0
13:52,5492.74,5499.35,5492.15,5499.1,6164000.0
13:53,5494.54,5495.09,5492.67,5493.49,4797000.0
13:54,5492.86,5494.5,5492.25,5494.5,3681000.0
13:55,5490.8,5494.17,5490.42,5492.94,5199000.0
13:56,5488.93,5491.16,5486.29,5490.35,6194000.0
13:57,5489.74,5489.81,5487.49,5489.34,4294000.0
13:58,5493.99,5494.02,5488.8,5489.79,4999000.0
13:59,5496.31,5496.45,5493.95,5493.95,4874000.0
14:00,5494.93,5497.05,5494.19,5496.38,5426000.0
14:01,5495.32,5495.35,5493.85,5494.93,3406000.0
14:02,5499.47,5499.47,5495.21,5495.21,4836000.0
14:03,5503.95,5504.88,5499.57,5499.57,7004000.0
14:04,5502.68,5504.58,5501.42,5504.34,5733000.0
14:05,5502.82,5503.9,5502.43,5502.74,3994000.0
14:06,5505.07,5505.13,5502.49,5502.64,4232000.0
14:07,5505.18,5506.67,5505.03,5505.33,4863000.0
14:08,5507.45,5507.45,5505.25,5505.25,4053000.0
14:09,5509.2,5509.8,5507.32,5507.41,4248000.0
14:10,5507.87,5511.2,5507.85,5509.19,5096000.0
14:11,5506.69,5509.35,5506.68,5507.85,4077000.0
14:12,5508.14,5508.19,5505.75,5506.69,3756000.0
14:13,5507.6,5508.52,5507.06,5507.98,3031000.0
14:14,5507.24,5508.78,5507.24,5507.59,3561000.0
14:15,5507.63,5507.7,5505.99,5507.22,4294000.0
14:16,5509.19,5509.36,5507.67,5507.71,3462000.0
14:17,5509.96,5509.96,5507.53,5509.2,3813000.0
14:18,5510.62,5510.86,5509.71,5509.93,2654000.0
14:19,5510.72,5511.65,5509.85,5510.62,3274000.0
14:20,5511.03,5511.03,5509.02,5510.73,3774000.0
14:21,5514.78,5514.78,5510.97,5511.21,6050000.0
14:22,5516.6,5517.67,5514.86,5514.86,5938000.0
14:23,5518.37,5518.37,5516.49,5516.62,3709000.0
14:24,5518.03,5518.62,5517.57,5518.28,4763000.0
14:25,5518.7,5519.0,5517.18,5517.99,5224000.0
14:26,5517.95,5518.77,5516.63,5518.77,5221000.0
14:27,5514.43,5518.32,5514.43,5518.15,5520000.0
14:28,5515.75,5515.94,5512.64,5514.33,5409000.0
14:29,5515.35,5516.8,5515.35,5515.73,4476000.0
14:30,5514.89,5516.63,5514.89,5515.37,4338000.0
14:31,5515.44,5516.19,5514.63,5515.04,4367000.0
14:32,5517.05,5517.65,5515.62,5515.62,4454000.0
14:33,5516.52,5517.08,5516.35,5517.05,3069000.0
14:34,5516.4,5516.56,5515.92,5516.53,3418000.0
14:35,5519.62,5519.67,5516.25,5516.6,5322000.0
14:36,5519.95,5519.95,5517.62,5519.54,4294000.0
14:37,5520.07,5520.31,5519.66,5519.98,3418000.0
14:38,5521.13,5522.4,5520.07,5520.07,5250000.0
14:39,5521.37,5521.58,5520.28,5521.1,3973000.0
14:40,5522.9,5523.07,5521.34,5521.34,3819000.0
14:41,5522.84,5523.81,5522.66,5522.86,4517000.0
14:42,5523.66,5524.21,5522.86,5522.86,3472000.0
14:43,5524.62,5524.62,5523.67,5523.74,4379000.0
14:44,5523.81,5525.23,5523.46,5524.8,5637000.0
14:45,5523.54,5524.35,5523.2,5523.88,4025000.0
14:46,5523.75,5524.29,5523.48,5523.63,3971000.0
14:47,5523.38,5524.11,5523.38,5523.92,3404000.0
14:48,5523.7,5523.7,5521.88,5523.37,4350000.0
14:49,5522.85,5523.81,5522.59,5523.72,3690000.0
14:50,5520.51,5522.91,5520.46,5522.91,4338000.0
14:51,5516.5,5520.63,5516.26,5520.47,5662000.0
14:52,5512.92,5516.64,5512.92,5516.41,4294000.0
14:53,5518.0,5518.0,5511.85,5512.8,6408000.0
14:54,5521.6,5521.63,5518.03,5518.04,4123000.0
14:55,5519.29,5521.81,5519.05,5521.71,4386000.0
14:56,5515.1,5519.83,5514.98,5519.4,4433000.0
14:57,5516.96,5517.16,5515.05,5515.16,3389000.0
14:58,5518.51,5518.88,5516.94,5516.96,3581000.0
14:59,5516.42,5518.49,5516.27,5518.46,4068000.0
15:00,5516.67,5517.8,5515.16,5516.32,4644000.0
15:01,5518.78,5519.02,5516.65,5516.65,4424000.0
15:02,5519.83,5520.59,5518.67,5518.75,3625000.0
15:03,5521.51,5521.52,5519.23,5519.78,3985000.0
15:04,5522.08,5522.8,5521.35,5521.43,4402000.0
15:05,5523.22,5523.22,5521.6,5522.06,5524000.0
15:06,5522.76,5523.71,5522.68,5523.37,3828000.0
15:07,5522.74,5523.15,5522.19,5522.84,4089000.0
15:08,5520.24,5522.62,5519.88,5522.62,5348000.0
15:09,5521.34,5521.68,5519.96,5520.31,3888000.0
15:10,5521.15,5521.89,5520.24,5521.28,4286000.0
15:11,5517.94,5521.22,5517.92,5521.22,5441000.0
15:12,5517.64,5518.83,5517.33,5517.33,4458000.0
15:13,5515.19,5517.6,5515.19,5517.39,5674000.0
15:14,5516.76,5516.96,5514.99,5515.15,5025000.0
15:15,5513.86,5516.95,5513.84,5516.89,4549000.0
15:16,5517.69,5517.69,5513.59,5513.93,5056000.0
15:17,5520.0,5520.07,5517.64,5517.64,5043000.0
15:18,5519.21,5520.02,5518.68,5520.02,4789000.0
15:19,5516.99,5519.49,5516.99,5519.25,4795000.0
15:20,5518.39,5518.39,5516.45,5516.91,5213000.0
15:21,5522.29,5522.3,5518.25,5518.37,5947000.0
15:22,5521.76,5522.59,5521.29,5522.47,4754000.0
15:23,5521.79,5522.38,5521.22,5521.73,4954000.0
15:24,5522.0,5522.11,5521.63,5521.76,4641000.0
15:25,5520.23,5522.14,5520.13,5522.09,5629000.0
15:26,5519.76,5520.16,5519.04,5520.16,5383000.0
15:27,5518.7,5520.03,5518.59,5519.78,5109000.0
15:28,5514.85,5518.95,5514.11,5518.81,7648000.0
15:29,5514.42,5515.98,5513.98,5514.89,5264000.0
15:30,5510.59,5514.41,5508.63,5514.41,10056000.0
15:31,5511.61,5513.22,5510.73,5510.76,7112000.0
15:32,5511.74,5512.88,5509.26,5511.52,8315000.0
15:33,5514.2,5515.01,5511.46,5511.68,5845000.0
15:34,5513.35,5514.57,5513.35,5514.16,5278000.0
15:35,5513.52,5515.37,5508.35,5512.99,15797000.0
15:36,5512.28,5515.68,5512.28,5513.66,7469000.0
15:37,5511.6,5513.34,5511.26,5512.24,7059000.0
15:38,5511.64,5512.57,5510.62,5511.49,7058000.0
15:39,5509.79,5511.63,5509.54,5511.63,6141000.0
15:40,5508.63,5511.28,5508.34,5509.8,6411000.0
15:41,5507.04,5508.8,5506.16,5508.59,7801000.0
15:42,5512.4,5512.71,5507.0,5507.0,7691000.0
15:43,5513.56,5513.77,5512.19,5512.58,6561000.0
15:44,5513.07,5513.74,5512.86,5513.57,6327000.0
15:45,5512.79,5513.76,5511.43,5513.07,9699000.0
15:46,5510.07,5512.97,5510.01,5512.91,7864000.0
15:47,5509.72,5510.85,5508.51,5510.16,9019000.0
15:48,5511.89,5512.48,5509.77,5509.77,8363000.0
15:49,5511.82,5512.19,5510.08,5511.69,11020000.0
15:50,5518.73,5518.73,5511.81,5511.81,16667000.0
15:51,5518.43,5519.61,5516.94,5518.87,13341000.0
15:52,5520.82,5520.85,5518.17,5518.33,12349000.0
15:53,5524.36,5524.68,5520.16,5520.75,14950000.0
15:54,5524.19,5526.66,5523.84,5524.23,19119000.0
15:55,5523.4,5524.14,5519.67,5524.14,26118000.0
15:56,5524.53,5526.34,5523.53,5523.53,21993000.0
15:57,5525.29,5525.75,5523.86,5524.5,24850000.0
15:58,5525.72,5525.87,5524.85,5525.07,33933000.0
15:59,5523.52,5527.1,5523.52,5525.22,66590000.0
