Time,Close,High,Low,Open,Volume
09:30,6298.96,6302.04,6295.29,6295.29,1.0
09:31,6297.56,6299.75,6295.98,6299.48,18115827.0
09:32,6296.76,6300.07,6295.23,6298.28,16242868.0
09:33,6293.83,6296.89,6293.61,6296.89,13898996.0
09:34,6290.18,6294.93,6290.18,6293.81,12261886.0
09:35,6291.62,6292.51,6290.04,6290.4,11870014.0
09:36,6293.21,6293.21,6291.06,6291.64,12980862.0
09:37,6290.52,6291.61,6289.78,6291.0,10495341.0
09:38,6289.09,6290.54,6288.07,6290.54,10821028.0
09:39,6286.62,6290.15,6286.62,6289.17,10473689.0
09:40,6282.84,6286.55,6279.96,6286.55,12869159.0
09:41,6283.1,6283.86,6281.29,6282.94,10928104.0
09:42,6285.73,6286.09,6281.58,6283.19,10364056.0
09:43,6284.38,6287.04,6283.41,6285.93,10215049.0
09:44,6285.44,6286.29,6283.07,6284.46,9547419.0
09:45,6287.23,6287.55,6284.2,6285.57,12107292.0
09:46,6283.66,6287.17,6283.66,6287.17,9991140.0
09:47,6280.59,6284.02,6279.94,6283.7,10758754.0
09:48,6283.26,6283.29,6280.8,6280.97,11574185.0
09:49,6281.05,6283.48,6280.69,6283.33,9323666.0
09:50,6284.63,6284.64,6280.54,6280.83,10010956.0
09:51,6283.88,6284.75,6282.36,6284.75,9247068.0
09:52,6284.17,6284.88,6283.72,6284.04,8228586.0
09:53,6282.51,6284.75,6282.09,6284.04,8067332.0
09:54,6282.43,6282.64,6280.85,6282.47,8928708.0
09:55,6283.79,6284.09,6282.42,6282.51,9315540.0
09:56,6283.07,6284.44,6282.84,6283.95,9034797.0
09:57,6281.15,6283.35,6280.96,6282.71,10478556.0
09:58,6279.09,6281.29,6278.7,6280.82,8339898.0
09:59,6278.01,6279.33,6277.17,6279.08,8339573.0
10:00,6276.92,6279.71,6276.7,6277.99,11566492.0
10:01,6277.9,6278.92,6276.5,6277.27,10238309.0
10:02,6277.41,6279.01,6277.41,6277.95,8884749.0
10:03,6276.02,6278.23,6275.72,6277.51,9903588.0
10:04,6275.76,6275.88,6274.79,6274.79,7343059.0
10:05,6277.53,6277.99,6275.17,6275.87,10177350.0
10:06,6279.82,6280.15,6277.71,6277.71,8586650.0
10:07,6280.09,6280.24,6278.37,6279.99,9236937.0
10:08,6278.57,6279.89,6277.29,6279.89,9197294.0
10:09,6279.14,6279.9,6278.32,6278.47,8994507.0
10:10,6279.44,6279.95,6278.83,6279.12,8726390.0
10:11,6282.48,6282.48,6279.53,6279.53,9350028.0
10:12,6282.48,6283.06,6281.28,6282.58,8274879.0
10:13,6282.34,6282.8,6281.46,6282.51,7935881.0
10:14,6283.83,6283.83,6282.36,6282.38,7476960.0
10:15,6284.47,6285.24,6283.56,6283.63,7629239.0
10:16,6283.19,6284.54,6282.61,6284.54,8481135.0
10:17,6279.47,6283.63,6278.94,6283.25,8760240.0
10:18,6280.16,6280.41,6278.96,6279.57,7144214.0
10:19,6282.23,6282.27,6279.74,6280.3,8752037.0
10:20,6282.63,6282.63,6280.27,6282.39,8046475.0
10:21,6282.29,6283.0,6281.84,6282.91,8255840.0
10:22,6282.65,6283.17,6282.23,6282.34,8733771.0
10:23,6281.99,6282.65,6280.12,6282.65,7957962.0
10:24,6281.74,6282.12,6280.83,6282.12,7403591.0
10:25,6276.92,6281.81,6276.74,6281.62,10434229.0
10:26,6277.26,6277.36,6275.73,6276.52,8406442.0
10:27,6277.04,6277.83,6276.46,6277.31,7389922.0
10:28,6276.48,6277.69,6276.3,6276.92,9587012.0
10:29,6276.73,6278.19,6276.49,6276.6,7098228.0
10:30,6276.43,6276.93,6275.44,6276.65,11153351.0
10:31,6273.08,6276.82,6273.08,6276.82,8414929.0
10:32,6274.2,6274.2,6270.18,6273.07,7789840.0
10:33,6274.93,6275.88,6273.52,6274.16,6942194.0
10:34,6275.04,6275.24,6273.99,6274.83,6804316.0
10:35,6274.05,6275.66,6273.51,6275.36,11728862.0
10:36,6273.07,6276.08,6273.03,6275.9,16653408.0
10:37,6271.09,6273.14,6270.41,6273.14,9078474.0
10:38,6272.2,6272.2,6270.39,6271.18,6755438.0
10:39,6271.98,6273.35,6271.26,6272.07,6203980.0
10:40,6271.05,6272.53,6270.62,6272.06,7953380.0
10:41,6271.83,6271.83,6270.05,6270.49,7572312.0
10:42,6271.37,6271.86,6270.53,6271.72,6980966.0
10:43,6268.68,6271.7,6268.68,6271.53,7045350.0
10:44,6270.29,6270.65,6268.6,6268.6,6652066.0
10:45,6272.76,6272.77,6270.22,6270.39,5367036.0
10:46,6273.53,6273.73,6272.41,6272.78,6004162.0
10:47,6273.84,6274.65,6273.59,6273.59,5681529.0
10:48,6272.74,6273.99,6272.06,6272.7,6256933.0
10:49,6272.84,6272.98,6271.76,6272.57,5766047.0
10:50,6271.43,6273.79,6271.43,6272.95,5796591.0
10:51,6266.45,6271.45,6266.3,6271.42,7538249.0
10:52,6265.21,6266.35,6264.84,6266.35,6315734.0
10:53,6264.91,6265.68,6264.43,6264.91,5473590.0
10:54,6264.54,6265.09,6262.1,6264.72,6850041.0
10:55,6262.38,6264.5,6262.28,6264.5,6177713.0
10:56,6260.86,6262.47,6260.79,6262.47,7799792.0
10:57,6261.99,6262.93,6260.75,6260.75,5377149.0
10:58,6259.84,6261.9,6259.33,6261.9,5456179.0
10:59,6259.29,6259.97,6259.14,6259.95,5702865.0
11:00,6260.87,6262.56,6259.42,6259.42,7758250.0
11:01,6262.13,6262.79,6260.34,6260.73,6276170.0
11:02,6263.78,6263.78,6261.94,6262.06,5585553.0
11:03,6263.75,6264.93,6263.15,6263.8,5756634.0
11:04,6264.02,6264.84,6263.51,6263.83,6075705.0
11:05,6266.03,6266.28,6264.04,6264.04,5663037.0
11:06,6266.91,6266.98,6266.79,6266.89,6385476.0
11:07,6266.48,6267.11,6266.22,6267.03,5022891.0
11:08,6269.49,6269.49,6266.34,6266.54,6003082.0
11:09,6268.31,6269.35,6268.31,6269.35,5886664.0
11:10,6267.47,6268.39,6267.35,6267.95,6105623.0
11:11,6268.76,6269.06,6266.89,6267.34,5337159.0
11:12,6268.39,6269.34,6268.36,6268.85,5890446.0
11:13,6268.01,6268.83,6267.87,6268.51,5685497.0
11:14,6264.05,6267.88,6264.05,6267.88,6126450.0
11:15,6264.78,6265.06,6263.63,6263.72,6000206.0
11:16,6264.53,6265.14,6262.85,6264.75,6426915.0
11:17,6264.14,6264.64,6263.6,6264.62,5416084.0
11:18,6264.21,6264.45,6263.24,6264.14,4938989.0
11:19,6264.65,6264.81,6263.13,6263.94,4805809.0
11:20,6265.47,6266.75,6264.35,6264.72,5627047.0
11:21,6266.16,6266.25,6264.39,6265.44,5121000.0
11:22,6269.2,6269.36,6266.26,6266.26,5388000.0
11:23,6270.57,6270.63,6269.04,6269.17,4988000.0
11:24,6271.1,6271.51,6270.56,6270.56,6014000.0
11:25,6271.68,6272.2,6270.35,6271.07,7176000.0
11:26,6270.68,6271.94,6270.3,6271.72,6065000.0
11:27,6272.09,6272.14,6270.47,6270.81,5434000.0
11:28,6271.59,6272.31,6271.12,6272.1,5896000.0
11:29,6272.43,6273.08,6271.75,6271.77,5492000.0
11:30,6272.87,6273.02,6271.77,6272.36,6012000.0
11:31,6271.36,6273.13,6271.36,6272.93,6733000.0
11:32,6269.14,6271.23,6269.14,6271.23,6319000.0
11:33,6267.25,6269.37,6267.12,6269.13,5845000.0
11:34,6268.12,6268.17,6266.73,6267.19,5703000.0
11:35,6267.45,6268.3,6266.95,6268.3,4563000.0
11:36,6267.14,6268.47,6267.14,6267.49,4865000.0
11:37,6269.35,6269.45,6266.71,6267.2,5624000.0
11:38,6268.66,6269.81,6268.32,6269.37,4771000.0
11:39,6269.21,6269.48,6268.01,6268.57,4034000.0
11:40,6269.28,6269.72,6268.55,6269.2,4687000.0
11:41,6269.85,6269.96,6268.93,6269.31,4307000.0
11:42,6271.31,6271.4,6269.86,6269.86,4113000.0
11:43,6272.69,6272.69,6271.15,6271.41,4529000.0
11:44,6271.58,6272.83,6271.58,6272.83,4455000.0
11:45,6271.73,6271.94,6271.15,6271.58,4537000.0
11:46,6272.16,6272.37,6271.65,6271.69,4183000.0
11:47,6273.23,6273.23,6272.06,6272.21,4388000.0
11:48,6274.2,6274.25,6273.1,6273.33,4763000.0
11:49,6274.0,6274.56,6273.6,6274.33,4158000.0
11:50,6273.9,6274.04,6273.1,6273.94,4429000.0
11:51,6272.9,6274.07,6272.86,6273.94,3602000.0
11:52,6270.94,6272.9,6270.83,6272.9,4983000.0
11:53,6269.59,6271.18,6269.59,6270.89,4444000.0
11:54,6269.73,6270.41,6269.58,6269.58,4264000.0
11:55,6267.66,6269.72,6267.66,6269.65,5228000.0
11:56,6267.97,6267.98,6266.45,6267.64,4910000.0
11:57,6268.33,6268.68,6267.82,6267.87,4563000.0
11:58,6269.15,6269.48,6268.41,6268.41,6178000.0
11:59,6268.94,6269.32,6268.75,6269.12,4162000.0
12:00,6270.34,6270.36,6268.69,6269.0,5250000.0
12:01,6268.83,6270.28,6268.55,6270.26,4229000.0
12:02,6268.02,6269.05,6267.88,6268.69,3923000.0
12:03,6268.38,6268.66,6267.78,6267.98,4330000.0
12:04,6269.83,6269.87,6268.56,6268.56,4774000.0
12:05,6269.83,6270.15,6268.97,6269.77,4361000.0
12:06,6270.24,6270.31,6269.68,6269.78,4912000.0
12:07,6268.08,6270.2,6268.08,6270.14,4933000.0
12:08,6264.94,6268.26,6264.57,6268.06,5039000.0
12:09,6263.88,6265.07,6263.64,6264.82,5839000.0
12:10,6263.09,6263.88,6261.51,6263.88,5593000.0
12:11,6263.45,6263.68,6262.92,6263.07,4038000.0
12:12,6263.03,6263.6,6262.72,6263.36,4167000.0
12:13,6265.18,6265.18,6263.0,6263.0,4277000.0
12:14,6264.44,6265.33,6264.01,6265.11,3875000.0
12:15,6264.31,6264.64,6263.97,6264.45,3291000.0
12:16,6266.59,6266.65,6264.42,6264.42,4208000.0
12:17,6265.95,6266.63,6265.88,6266.52,3690000.0
12:18,6266.48,6266.99,6266.02,6266.02,4647000.0
12:19,6264.84,6266.51,6264.51,6266.47,4605000.0
12:20,6265.42,6265.59,6263.95,6264.83,3887000.0
12:21,6266.1,6266.17,6264.82,6265.44,4129000.0
12:22,6267.53,6267.61,6266.05,6266.05,3893000.0
12:23,6267.58,6267.66,6267.15,6267.55,3767000.0
12:24,6265.75,6267.47,6265.75,6267.47,4122000.0
12:25,6265.09,6265.88,6265.08,6265.82,4826000.0
12:26,6262.77,6265.04,6262.77,6265.04,5807000.0
12:27,6263.48,6263.65,6262.74,6262.8,4332000.0
12:28,6263.45,6264.11,6263.39,6263.39,5408000.0
12:29,6263.54,6263.73,6262.78,6263.45,4393000.0
12:30,6264.72,6264.77,6263.58,6263.59,4669000.0
12:31,6266.12,6266.21,6264.8,6264.8,4792000.0
12:32,6265.39,6266.63,6265.28,6266.06,4538000.0
12:33,6264.47,6265.89,6264.47,6265.44,4268000.0
12:34,6263.69,6264.66,6263.63,6264.33,3970000.0
12:35,6263.74,6263.79,6263.65,6263.76,3712000.0
12:36,6262.97,6263.51,6262.43,6263.51,5214000.0
12:37,6259.89,6263.0,6259.66,6263.0,4908000.0
12:38,6260.94,6261.07,6259.68,6259.93,4010000.0
12:39,6261.37,6261.44,6260.78,6260.94,3755000.0
12:40,6260.5,6261.64,6260.43,6261.36,3648000.0
12:41,6260.85,6260.85,6259.47,6260.44,4375000.0
12:42,6262.62,6263.2,6260.93,6260.93,4220000.0
12:43,6261.01,6262.58,6261.0,6262.56,3316000.0
12:44,6262.44,6262.44,6260.84,6260.94,3870000.0
12:45,6264.16,6264.22,6262.35,6262.42,3924000.0
12:46,6263.99,6264.7,6263.68,6264.06,4633000.0
12:47,6264.02,6264.27,6263.17,6263.93,3817000.0
12:48,6264.06,6264.8,6263.82,6264.14,3318000.0
12:49,6263.13,6264.01,6263.03,6263.91,4451000.0
12:50,6263.17,6263.33,6262.73,6263.19,3238000.0
12:51,6263.5,6263.65,6262.53,6263.14,4407000.0
12:52,6264.2,6264.27,6263.16,6263.54,4432000.0
12:53,6263.44,6264.25,6263.07,6264.25,3610000.0
12:54,6260.39,6263.57,6260.19,6263.5,5500000.0
12:55,6260.71,6261.57,6260.02,6260.34,4904000.0
12:56,6256.5,6260.68,6255.57,6260.51,7193000.0
12:57,6252.69,6256.29,6251.79,6256.29,7297000.0
12:58,6253.47,6254.04,6252.28,6252.88,4711000.0
12:59,6253.24,6254.04,6252.52,6253.42,4363000.0
13:00,6256.26,6256.55,6252.93,6253.14,5060000.0
13:01,6256.73,6256.76,6255.33,6256.44,3963000.0
13:02,6256.52,6257.47,6256.02,6256.63,4611000.0
13:03,6256.03,6256.47,6254.97,6256.46,4876000.0
13:04,6255.69,6256.42,6255.57,6256.05,3351000.0
13:05,6256.32,6256.6,6254.99,6255.7,3497000.0
13:06,6255.73,6256.54,6255.46,6256.4,4141000.0
13:07,6255.04,6255.92,6255.0,6255.83,3603000.0
13:08,6255.25,6256.41,6254.82,6255.06,4378000.0
13:09,6253.76,6255.13,6253.76,6255.13,3259000.0
13:10,6255.02,6255.13,6253.73,6253.73,4142000.0
13:11,6255.01,6255.91,6254.0,6254.81,4363000.0
13:12,6255.41,6256.06,6254.95,6255.0,4067000.0
13:13,6255.43,6255.8,6255.2,6255.42,3956000.0
13:14,6254.53,6255.64,6253.86,6255.49,3837000.0
13:15,6252.39,6254.88,6252.39,6254.55,4526000.0
13:16,6251.87,6252.17,6250.98,6252.17,4343000.0
13:17,6253.96,6254.11,6251.71,6251.71,4837000.0
13:18,6254.21,6255.18,6253.89,6253.97,4415000.0
13:19,6255.21,6255.5,6253.8,6254.17,3850000.0
13:20,6256.79,6256.9,6255.27,6255.29,4927000.0
13:21,6255.33,6256.77,6255.3,6256.77,3733000.0
13:22,6257.06,6257.18,6255.38,6255.38,3716000.0
13:23,6257.89,6257.94,6257.09,6257.09,3975000.0
13:24,6258.18,6258.85,6257.91,6257.92,4066000.0
13:25,6257.24,6258.33,6257.15,6258.16,3064000.0
13:26,6257.39,6257.77,6256.94,6257.32,3245000.0
13:27,6257.76,6257.76,6256.45,6257.29,3476000.0
13:28,6258.73,6259.19,6257.85,6257.86,4462000.0
13:29,6259.47,6259.48,6258.68,6258.78,3574000.0
13:30,6259.93,6261.07,6259.4,6259.41,5113000.0
13:31,6260.03,6260.62,6259.57,6259.93,4210000.0
13:32,6259.81,6260.24,6259.74,6260.05,3745000.0
13:33,6260.48,6260.75,6259.78,6259.86,3571000.0
13:34,6261.43,6261.43,6260.56,6260.56,3802000.0
13:35,6262.06,6262.24,6261.22,6261.42,3683000.0
13:36,6263.52,6263.54,6261.97,6262.06,4082000.0
13:37,6263.41,6264.3,6263.34,6263.56,3633000.0
13:38,6263.89,6263.94,6263.13,6263.42,3750000.0
13:39,6264.06,6264.4,6263.97,6263.98,3859000.0
13:40,6262.94,6264.33,6262.87,6264.03,5135000.0
13:41,6261.35,6262.69,6260.95,6262.69,4538000.0
13:42,6261.21,6262.18,6260.86,6261.41,3899000.0
13:43,6260.66,6261.12,6260.23,6261.12,3149000.0
13:44,6261.64,6261.64,6260.59,6260.69,3904000.0
13:45,6262.03,6262.1,6261.49,6261.68,3581000.0
13:46,6262.0,6262.57,6261.82,6262.02,3526000.0
13:47,6262.61,6262.69,6261.71,6261.92,3818000.0
13:48,6262.93,6263.09,6262.3,6262.64,3699000.0
13:49,6261.78,6262.97,6261.7,6262.94,4783000.0
13:50,6260.93,6261.8,6260.56,6261.8,4354000.0
13:51,6262.58,6262.62,6261.02,6261.02,3693000.0
13:52,6263.92,6264.02,6262.4,6262.4,4196000.0
13:53,6264.31,6264.34,6263.46,6263.69,4225000.0
13:54,6265.07,6265.1,6264.05,6264.33,4144000.0
13:55,6264.73,6265.2,6264.63,6265.19,3832000.0
13:56,6264.97,6265.2,6264.47,6264.65,4415000.0
13:57,6265.09,6265.35,6264.64,6264.96,3435000.0
13:58,6266.03,6266.27,6265.0,6265.0,3874000.0
13:59,6266.81,6266.9,6265.87,6265.98,4497000.0
14:00,6264.98,6267.44,6264.98,6266.81,6091000.0
14:01,6265.47,6265.59,6264.3,6264.94,5392000.0
14:02,6265.92,6266.0,6265.3,6265.37,4711000.0
14:03,6266.57,6267.1,6265.55,6265.83,4621000.0
14:04,6266.64,6267.14,6266.64,6266.65,4284000.0
14:05,6265.89,6266.58,6265.45,6266.58,5006000.0
14:06,6266.98,6267.47,6265.8,6265.8,4755000.0
14:07,6267.55,6267.61,6267.07,6267.07,4225000.0
14:08,6267.86,6267.99,6267.38,6267.61,4453000.0
14:09,6267.95,6268.0,6267.54,6267.76,5012000.0
14:10,6268.07,6268.24,6267.84,6267.96,4902000.0
14:11,6268.24,6268.28,6267.61,6267.98,4522000.0
14:12,6269.15,6269.23,6268.23,6268.26,4462000.0
14:13,6268.45,6269.16,6268.43,6269.16,3749000.0
14:14,6268.69,6268.93,6268.43,6268.49,4284000.0
14:15,6269.3,6269.62,6268.69,6268.69,5438000.0
14:16,6268.69,6269.53,6268.6,6269.3,5043000.0
14:17,6269.06,6269.26,6268.31,6268.62,6479000.0
14:18,6269.16,6269.63,6269.04,6269.04,5050000.0
14:19,6267.08,6269.27,6267.08,6269.18,5211000.0
14:20,6267.98,6268.4,6267.04,6267.04,3786000.0
14:21,6268.72,6268.72,6267.98,6267.98,3901000.0
14:22,6268.75,6269.2,6268.42,6268.81,3968000.0
14:23,6268.66,6269.08,6268.49,6268.79,3850000.0
14:24,6268.73,6269.01,6268.63,6268.73,4273000.0
14:25,6267.21,6269.06,6267.21,6268.73,4819000.0
14:26,6267.73,6267.73,6267.0,6267.18,3870000.0
14:27,6267.06,6267.97,6267.01,6267.66,4964000.0
14:28,6266.82,6267.53,6266.74,6267.06,5175000.0
14:29,6267.1,6267.47,6266.83,6266.83,4640000.0
14:30,6268.4,6268.4,6267.08,6267.08,6359000.0
14:31,6268.74,6268.91,6268.16,6268.41,5456000.0
14:32,6269.17,6269.22,6268.7,6268.76,5259000.0
14:33,6268.98,6269.48,6268.85,6269.23,4722000.0
14:34,6268.99,6269.44,6268.91,6268.96,5073000.0
14:35,6266.52,6269.0,6266.4,6269.0,5469000.0
14:36,6265.52,6266.23,6265.42,6266.23,6063000.0
14:37,6267.31,6267.31,6265.24,6265.5,7738000.0
14:38,6266.7,6267.26,6266.23,6267.25,4205000.0
14:39,6266.63,6267.05,6266.46,6266.78,4515000.0
14:40,6266.6,6267.68,6266.39,6266.53,4680000.0
14:41,6264.99,6266.79,6264.77,6266.61,5854000.0
14:42,6265.2,6265.78,6264.92,6264.93,4542000.0
14:43,6265.3,6265.34,6264.43,6265.23,4989000.0
14:44,6265.15,6265.85,6265.15,6265.35,4516000.0
14:45,6265.29,6265.31,6264.21,6264.89,4721000.0
14:46,6265.95,6266.2,6264.93,6265.22,5106000.0
14:47,6265.94,6266.41,6265.87,6265.97,4902000.0
14:48,6266.15,6266.44,6265.75,6265.96,4447000.0
14:49,6265.46,6266.16,6265.43,6266.14,3598000.0
14:50,6265.7,6266.08,6265.46,6265.46,4025000.0
14:51,6264.04,6266.05,6264.01,6265.76,5080000.0
14:52,6262.24,6264.17,6259.79,6264.07,6624000.0
14:53,6261.2,6262.19,6260.86,6262.19,4290000.0
14:54,6261.11,6261.68,6260.69,6261.2,3517000.0
14:55,6259.37,6261.07,6258.97,6261.07,5683000.0
14:56,6257.22,6259.26,6256.86,6259.26,4636000.0
14:57,6254.31,6257.0,6254.19,6257.0,5687000.0
14:58,6255.06,6255.1,6253.88,6254.3,5947000.0
14:59,6253.76,6255.58,6253.72,6255.01,6097000.0
15:00,6255.33,6255.33,6251.61,6253.75,7156000.0
15:01,6256.67,6256.67,6254.88,6255.38,4888000.0
15:02,6257.51,6258.28,6256.63,6256.63,5515000.0
15:03,6255.87,6257.57,6255.83,6257.52,6208000.0
15:04,6257.3,6257.72,6256.02,6256.02,4675000.0
15:05,6255.46,6257.25,6255.46,6257.25,4650000.0
15:06,6254.87,6255.5,6254.23,6255.5,5537000.0
15:07,6255.02,6255.19,6254.28,6254.97,6246000.0
15:08,6256.28,6256.55,6254.97,6254.97,5199000.0
15:09,6255.97,6256.31,6255.24,6256.31,5003000.0
15:10,6255.65,6255.76,6255.6,6255.76,5389000.0
15:11,6256.85,6256.99,6255.22,6255.73,6269000.0
15:12,6257.02,6257.27,6256.34,6256.97,4872000.0
15:13,6256.65,6257.0,6256.4,6257.0,4713000.0
15:14,6256.59,6256.84,6256.1,6256.49,5007000.0
15:15,6254.69,6257.09,6254.69,6256.61,5473000.0
15:16,6256.05,6256.05,6254.25,6254.75,5910000.0
15:17,6255.92,6256.55,6255.72,6256.1,5461000.0
15:18,6256.86,6256.95,6255.57,6256.04,6275000.0
15:19,6257.72,6257.98,6256.85,6257.07,5470000.0
15:20,6257.65,6258.47,6257.59,6257.72,5979000.0
15:21,6256.0,6257.63,6255.9,6257.61,8080000.0
15:22,6257.0,6257.04,6255.66,6255.94,6332000.0
15:23,6255.23,6257.16,6254.98,6257.06,5783000.0
15:24,6256.28,6256.4,6255.16,6255.16,6202000.0
15:25,6255.7,6256.23,6255.66,6256.23,6861000.0
15:26,6254.31,6256.41,6254.19,6255.71,6842000.0
15:27,6254.13,6254.41,6253.01,6254.29,6324000.0
15:28,6253.6,6254.28,6252.89,6254.1,5825000.0
15:29,6254.05,6254.37,6253.34,6253.53,7048000.0
15:30,6254.78,6255.38,6254.08,6254.08,8456000.0
15:31,6255.51,6255.56,6254.69,6254.86,6037000.0
15:32,6255.57,6255.94,6255.18,6255.49,6459000.0
15:33,6254.38,6255.57,6254.31,6255.5,7424000.0
15:34,6253.36,6254.45,6253.36,6254.39,7718000.0
15:35,6253.04,6254.13,6252.93,6253.35,7340000.0
15:36,6254.25,6254.32,6253.02,6253.04,7441000.0
15:37,6253.3,6254.3,6253.17,6254.28,6420000.0
15:38,6255.23,6255.25,6252.9,6253.29,7342000.0
15:39,6255.08,6255.51,6254.75,6255.22,6974000.0
15:40,6256.85,6256.85,6255.06,6255.09,7159000.0
15:41,6257.7,6258.01,6256.77,6256.77,7467000.0
15:42,6258.27,6258.27,6257.08,6257.69,7650000.0
15:43,6257.67,6258.43,6257.63,6258.3,7206000.0
15:44,6257.36,6257.79,6256.32,6257.7,8912000.0
15:45,6255.65,6257.73,6255.65,6257.34,8319000.0
15:46,6255.33,6255.64,6254.64,6255.64,9027000.0
15:47,6255.32,6255.84,6255.14,6255.34,9342000.0
15:48,6256.51,6256.62,6255.11,6255.29,9455000.0
15:49,6258.21,6258.49,6256.46,6256.46,12684000.0
15:50,6253.77,6258.37,6252.58,6258.05,18318000.0
15:51,6252.11,6254.25,6252.11,6253.56,14183000.0
15:52,6252.45,6253.56,6251.85,6251.95,14338000.0
15:53,6252.25,6252.63,6250.86,6252.36,15517000.0
15:54,6251.62,6252.75,6251.45,6252.21,19479000.0
15:55,6249.8,6254.34,6249.8,6251.7,29731000.0
15:56,6250.18,6250.39,6248.89,6249.93,25077000.0
15:57,6247.55,6250.27,6246.81,6250.16,29614000.0
15:58,6247.28,6247.89,6246.24,6247.44,41689000.0
15:59,6243.1,6247.88,6242.45,6247.17,81925000.0
