Time,Close,High,Low,Open,Volume
09:30,5987.56,5990.1,5984.27,5987.93,1.0
09:31,5983.95,5988.16,5983.19,5987.45,11497284.0
09:32,5983.94,5985.48,5983.38,5983.83,9308825.0
09:33,5983.34,5984.21,5981.87,5984.21,10432167.0
09:34,5981.82,5983.5,5980.68,5983.23,6781242.0
09:35,5985.86,5985.86,5981.91,5981.91,7573771.0
09:36,5985.16,5985.21,5983.52,5983.52,7398378.0
09:37,5987.65,5988.3,5984.46,5984.82,6345586.0
09:38,5987.14,5988.73,5986.94,5987.54,5703849.0
09:39,5987.65,5988.45,5987.09,5987.43,6078170.0
09:40,5987.04,5988.17,5986.19,5987.83,7128712.0
09:41,5988.26,5988.57,5986.58,5986.98,6616438.0
09:42,5985.93,5988.3,5985.8,5988.3,6791123.0
09:43,5987.53,5987.53,5985.96,5985.96,6240428.0
09:44,5988.09,5989.45,5987.55,5987.61,6041619.0
09:45,5988.66,5988.66,5987.64,5987.99,5763552.0
09:46,5989.39,5989.39,5988.98,5989.28,4600113.0
09:47,5992.28,5992.35,5990.16,5990.62,9371669.0
09:48,5993.2,5993.28,5992.05,5992.43,8208640.0
09:49,5994.74,5995.07,5993.25,5993.25,6122347.0
09:50,5996.35,5996.35,5994.63,5994.89,6894423.0
09:51,5996.66,5997.39,5996.25,5996.51,6175592.0
09:52,5998.64,5999.17,5996.62,5996.62,7180963.0
09:53,6000.45,6000.82,5998.69,5998.71,7361203.0
09:54,5998.12,6001.54,5997.28,6000.53,7518760.0
09:55,5998.82,5998.82,5997.96,5998.16,7702443.0
09:56,5998.47,5999.55,5998.47,5998.82,6785800.0
09:57,5998.37,5999.38,5998.26,5998.56,5794828.0
09:58,5998.93,5999.17,5998.21,5998.22,6455044.0
09:59,5997.97,5999.88,5997.97,5999.05,6655944.0
10:00,5995.12,5998.74,5995.06,5997.91,8105050.0
10:01,5994.66,5995.61,5994.51,5995.08,7188661.0
10:02,5998.83,5998.83,5994.59,5994.61,8230700.0
10:03,6001.93,6002.17,5998.36,5998.76,7259731.0
10:04,6002.49,6003.7,6001.88,6002.13,6876310.0
10:05,6001.3,6002.3,6000.45,6002.3,7360008.0
10:06,6000.95,6001.68,6000.3,6001.44,6904234.0
10:07,6001.25,6001.79,6000.14,6001.0,6888660.0
10:08,6004.4,6004.4,6001.24,6001.29,6476824.0
10:09,6002.79,6005.0,6002.64,6004.38,6548508.0
10:10,6001.81,6003.39,6001.4,6002.99,6542349.0
10:11,6003.27,6003.36,6001.67,6001.8,5711496.0
10:12,6005.26,6005.26,6003.06,6003.06,6536007.0
10:13,6006.77,6006.8,6005.14,6005.14,6074837.0
10:14,6007.34,6007.94,6006.72,6006.72,5995288.0
10:15,6006.92,6008.11,6006.6,6007.32,8131853.0
10:16,6008.61,6008.71,6006.69,6006.77,6713855.0
10:17,6009.38,6009.43,6008.51,6008.62,6402923.0
10:18,6011.35,6011.7,6009.47,6009.47,6267264.0
10:19,6010.55,6011.51,6010.39,6011.47,5719215.0
10:20,6014.31,6014.82,6010.22,6010.45,7898023.0
10:21,6012.29,6014.65,6012.29,6014.3,6981571.0
10:22,6013.25,6013.75,6012.27,6012.27,5651351.0
10:23,6012.53,6013.19,6011.66,6013.19,5659793.0
10:24,6013.53,6014.1,6012.59,6012.59,5953761.0
10:25,6014.46,6015.32,6013.51,6013.51,6494580.0
10:26,6016.24,6016.24,6015.15,6015.15,6126040.0
10:27,6015.97,6016.81,6015.93,6016.3,5854580.0
10:28,6015.61,6016.68,6015.57,6015.95,6054769.0
10:29,6014.61,6016.35,6014.55,6015.54,5210985.0
10:30,6014.73,6015.26,6014.29,6014.45,6500175.0
10:31,6016.75,6016.75,6014.8,6014.8,5868994.0
10:32,6016.28,6016.91,6016.19,6016.64,5451597.0
10:33,6015.91,6016.7,6015.8,6016.25,5482114.0
10:34,6017.74,6018.23,6016.08,6016.08,7924918.0
10:35,6017.74,6018.17,6016.86,6017.81,7477945.0
10:36,6017.35,6018.05,6017.05,6017.68,6589683.0
10:37,6016.08,6017.62,6015.98,6017.4,6963534.0
10:38,6018.01,6018.18,6015.61,6016.08,6841792.0
10:39,6017.5,6018.25,6017.48,6018.1,5280619.0
10:40,6014.83,6017.96,6014.83,6017.61,6194756.0
10:41,6014.81,6015.11,6013.67,6014.67,6278926.0
10:42,6017.56,6017.56,6016.57,6016.6,5901323.0
10:43,6017.33,6017.97,6017.13,6017.58,5994470.0
10:44,6016.53,6017.17,6015.3,6017.17,5489839.0
10:45,6017.65,6018.09,6016.65,6016.65,6159253.0
10:46,6017.03,6017.69,6016.96,6017.65,5676710.0
10:47,6017.27,6017.29,6016.79,6017.05,4940717.0
10:48,6014.61,6017.45,6014.59,6017.29,6307668.0
10:49,6014.8,6014.99,6013.23,6014.49,5286667.0
10:50,6015.65,6016.25,6014.64,6014.77,4974639.0
10:51,6014.41,6015.99,6014.41,6015.62,4913343.0
10:52,6012.54,6013.46,6012.49,6013.42,5445221.0
10:53,6012.4,6013.3,6012.29,6012.54,4814703.0
10:54,6012.65,6012.91,6012.18,6012.46,4368397.0
10:55,6012.22,6012.94,6012.15,6012.47,5396337.0
10:56,6013.34,6013.39,6011.93,6012.27,5237044.0
10:57,6014.21,6014.27,6013.11,6013.44,4504498.0
10:58,6013.94,6014.21,6013.33,6014.19,4684182.0
10:59,6015.06,6015.19,6013.94,6013.94,6085282.0
11:00,6014.95,6015.22,6014.6,6014.92,5292616.0
11:01,6014.13,6015.07,6013.95,6014.96,5270363.0
11:02,6014.19,6014.41,6013.99,6014.26,4856548.0
11:03,6013.92,6014.49,6013.01,6014.2,4194476.0
11:04,6015.02,6015.12,6013.91,6013.97,4871373.0
11:05,6014.71,6015.02,6014.33,6014.98,4517343.0
11:06,6011.77,6014.76,6011.77,6014.71,5536543.0
11:07,6011.24,6011.77,6011.24,6011.77,7046462.5
11:08,6011.84,6011.84,6011.23,6011.24,8556382.0
11:09,6011.82,6011.83,6011.43,6011.61,3440044.0
11:10,6011.59,6011.82,6011.59,6011.82,7621026.5
11:11,6011.36,6011.59,6011.36,6011.59,11802009.0
11:12,6011.129999999999,6011.36,6011.129999999999,6011.36,15982991.5
11:13,6010.66,6010.9,6010.47,6010.9,20163974.0
11:14,6010.72,6010.72,6010.66,6010.66,14049588.5
11:15,6010.1,6010.72,6010.09,6010.72,7935203.0
11:16,6009.9,6009.92,6009.61,6009.63,3421273.0
11:17,6010.02,6010.25,6009.84,6009.84,6341292.0
11:18,6010.04,6010.04,6009.47,6009.9,3318787.0
11:19,6009.443333333334,6010.04,6009.443333333334,6010.04,6003042.0
11:20,6008.846666666666,6009.443333333334,6008.846666666666,6009.443333333334,8687297.0
11:21,6008.16,6008.42,6008.07,6008.25,11371552.0
11:22,6008.06,6008.7,6007.78,6008.59,5900637.0
11:23,6007.54,6008.06,6007.54,6008.06,8529504.5
11:24,6007.5,6007.59,6007.39,6007.54,11158372.0
11:25,6006.76,6007.5,6006.76,6007.5,4201092.0
11:26,6007.17,6007.17,6006.76,6006.76,8342308.0
11:27,6008.47,6008.51,6007.17,6007.17,12483524.0
11:28,6006.68,6008.49,6006.14,6008.41,5289850.0
11:29,6006.73,6006.82,6006.73,6006.82,133754.0
11:30,6009.01,6009.01,6006.73,6006.73,6448441.0
11:31,6009.34,6009.42,6009.01,6009.01,12763128.0
11:32,6008.17,6009.45,6008.03,6009.32,5774769.0
11:33,6007.79,6008.27,6007.51,6008.24,1967354.0
11:34,6007.293333333333,6007.79,6007.293333333333,6007.79,7633512.333333333
11:35,6006.796666666667,6007.293333333333,6006.796666666667,6007.293333333333,13299670.666666666
11:36,6005.98,6006.43,6005.96,6006.3,18965829.0
11:37,6006.74,6006.81,6005.76,6006.02,4481138.0
11:38,6007.163333333333,6007.163333333333,6006.74,6006.74,9000423.0
11:39,6007.586666666667,6007.586666666667,6007.163333333333,6007.163333333333,13519708.0
11:40,6006.01,6008.49,6004.7,6008.01,18038993.0
11:41,6007.29,6007.42,6005.96,6005.97,4930992.0
11:42,6007.24,6007.46,6007.18,6007.46,298433.0
11:43,6004.28,6005.07,6004.07,6005.07,6527650.0
11:44,6005.54,6005.54,6003.34,6003.71,6247768.0
11:45,6006.006666666666,6006.006666666666,6005.54,6005.54,8546313.333333334
11:46,6006.473333333333,6006.473333333333,6006.006666666666,6006.006666666666,10844858.666666668
11:47,6007.09,6007.11,6006.94,6006.94,13143404.0
11:48,6007.06,6007.12,6006.65,6006.89,4396080.0
11:49,6007.87,6008.17,6006.85,6007.06,4025229.0
11:50,6008.86,6008.91,6007.35,6007.87,4532591.0
11:51,6010.67,6010.67,6008.83,6008.92,4593247.0
11:52,6010.89,6010.99,6010.4,6010.59,3952090.0
11:53,6010.03,6011.0,6009.49,6010.9,4244600.0
11:54,6010.77,6010.9,6009.45,6010.03,3701964.0
11:55,6009.73,6011.15,6009.68,6010.72,4193609.0
11:56,6009.46,6010.24,6009.46,6009.76,3975465.0
11:57,6006.78,6009.64,6006.71,6009.45,4504860.0
11:58,6003.45,6006.74,6003.45,6006.7,5298204.0
11:59,6003.4,6003.83,6002.71,6003.39,4248245.0
12:00,6001.14,6003.42,6001.14,6003.42,6249460.0
12:01,6003.08,6004.22,6002.31,6003.5,9695324.0
12:02,6005.02,6005.02,6003.47,6003.59,13141187.0
12:03,6005.51,6005.62,6004.93,6004.93,4108140.0
12:04,6005.91,6005.96,6005.89,6005.96,5391968.0
12:05,6005.41,6005.98,6005.22,6005.93,4344999.0
12:06,6004.47,6005.52,6004.3,6005.5,3687978.0
12:07,6005.18,6005.76,6004.56,6004.56,4186798.0
12:08,6007.41,6007.44,6004.89,6005.29,4284158.0
12:09,6008.35,6008.91,6007.7,6007.7,4049365.0
12:10,6007.23,6008.76,6007.23,6008.36,4360971.0
12:11,6007.5,6008.4,6006.63,6007.15,4469605.0
12:12,6008.05,6008.3,6007.49,6007.59,3973781.0
12:13,6008.67,6009.0,6007.99,6008.09,3290807.0
12:14,6007.76,6008.68,6007.76,6008.68,3288506.0
12:15,6008.23,6008.53,6007.58,6007.81,3951721.0
12:16,6006.06,6008.02,6005.8,6007.86,4901740.0
12:17,6005.1,6006.08,6004.56,6006.01,3750000.0
12:18,6006.21,6006.72,6005.25,6005.25,3966000.0
12:19,6005.1,6006.66,6005.01,6006.25,3628000.0
12:20,6007.04,6007.12,6005.04,6005.1,4100000.0
12:21,6006.13,6006.99,6006.13,6006.99,3525000.0
12:22,6005.87,6006.4,6005.87,6006.14,3221000.0
12:23,6005.52,6005.76,6005.01,6005.76,4087000.0
12:24,6005.64,6005.68,6004.67,6005.49,3805000.0
12:25,6006.01,6006.2,6005.52,6005.7,3116000.0
12:26,6003.81,6006.02,6003.37,6006.0,4910000.0
12:27,6003.29,6003.8,6002.28,6003.8,4265000.0
12:28,6000.89,6003.33,6000.78,6003.33,3910000.0
12:29,6001.4,6001.51,6000.64,6000.95,3746000.0
12:30,6002.01,6002.21,6000.75,6001.38,4351000.0
12:31,6003.2,6003.53,6001.91,6002.02,3461000.0
12:32,6001.72,6003.46,6001.6,6003.28,3592000.0
12:33,6001.61,6002.21,6001.45,6001.76,3455000.0
12:34,6002.8,6003.39,6001.67,6001.67,3587000.0
12:35,6001.79,6002.98,6001.74,6002.82,2920000.0
12:36,6002.0,6002.12,6001.64,6001.82,2972000.0
12:37,6001.6,6002.13,6000.9,6002.0,3006000.0
12:38,6001.86,6001.86,6001.11,6001.11,2999000.0
12:39,6003.0,6003.0,6001.83,6001.87,3178000.0
12:40,6002.51,6003.63,6002.23,6002.97,3396000.0
12:41,6003.1,6003.48,6002.16,6002.53,3198000.0
12:42,6002.28,6003.05,6002.16,6003.05,2854000.0
12:43,6002.08,6002.25,6001.72,6002.25,3116000.0
12:44,6003.17,6003.2,6001.51,6002.09,3347000.0
12:45,6004.03,6004.1,6003.29,6003.29,3367000.0
12:46,6003.64,6004.47,6003.61,6004.01,3655000.0
12:47,6003.09,6004.01,6003.03,6003.58,3283000.0
12:48,6001.68,6003.16,6001.61,6003.15,3375000.0
12:49,6001.72,6002.06,6001.5,6001.66,3218000.0
12:50,6005.01,6005.01,6001.56,6001.77,4283000.0
12:51,6006.24,6006.98,6004.92,6005.12,3585000.0
12:52,6004.12,6006.28,6004.06,6006.28,3919000.0
12:53,6003.22,6004.1,6002.98,6004.07,3033000.0
12:54,6002.04,6003.28,6001.81,6003.19,2737000.0
12:55,6002.78,6003.01,6001.75,6001.96,3531000.0
12:56,6002.45,6003.49,6002.45,6002.7,3418000.0
12:57,6002.31,6002.51,6001.7,6002.51,7577000.0
12:58,6003.09,6003.3,6002.24,6002.3,6255000.0
12:59,6001.7,6001.81,6001.22,6001.25,8026500.0
13:00,6000.32,6000.32,6000.2,6000.2,9798000.0
13:01,6001.81,6001.82,6000.3,6000.36,4167000.0
13:02,6001.1,6001.9,6000.53,6001.9,3982000.0
13:03,6001.89,6002.1,6001.13,6001.21,3728000.0
13:04,6002.16,6003.03,6001.78,6001.78,3021000.0
13:05,6002.5,6002.5,6001.82,6002.25,2979000.0
13:06,6002.29,6002.75,6001.42,6002.72,4862000.0
13:07,6001.15,6002.36,6000.7,6002.35,5031000.0
13:08,6001.35,6001.73,6000.9,6001.16,3831000.0
13:09,6002.16,6002.2,6001.18,6001.4,3930000.0
13:10,6002.57,6003.0,6002.23,6002.23,4293000.0
13:11,6002.72,6003.2,6002.34,6002.73,3839000.0
13:12,6001.5,6002.72,6001.09,6002.72,3513000.0
13:13,6000.06,6001.9,5999.81,6001.62,3738000.0
13:14,6000.23,6000.68,5999.99,6000.11,3293000.0
13:15,6002.19,6002.32,6000.36,6000.36,3957000.0
13:16,6001.77,6002.15,6001.39,6002.14,4177000.0
13:17,6000.87,6002.23,6000.82,6001.9,3963000.0
13:18,6001.37,6001.45,6000.83,6000.9,3129000.0
13:19,6001.11,6001.97,6001.03,6001.36,3578000.0
13:20,6000.84,6000.98,6000.81,6000.91,3334000.0
13:21,5998.56,6000.85,5998.53,6000.85,3797000.0
13:22,5998.19,5998.6,5997.86,5998.6,3524000.0
13:23,5997.06,5998.13,5997.04,5998.13,3634000.0
13:24,5997.11,5997.11,5996.15,5996.92,4048000.0
13:25,5997.32,5997.79,5996.71,5997.11,4123000.0
13:26,5997.56,5997.59,5996.88,5997.34,3275000.0
13:27,5997.05,5997.71,5996.99,5997.58,3395000.0
13:28,5995.87,5997.03,5995.05,5997.01,4851000.0
13:29,5994.77,5995.9,5994.77,5995.9,3010000.0
13:30,5994.75,5996.2,5994.26,5994.76,3891000.0
13:31,5990.54,5994.73,5989.25,5994.73,6412000.0
13:32,5989.66,5990.44,5989.0,5990.44,4114000.0
13:33,5987.99,5989.69,5987.13,5989.69,4420000.0
13:34,5989.87,5990.3,5987.55,5987.92,4535000.0
13:35,5988.25,5990.01,5987.2,5989.85,4568000.0
13:36,5990.48,5990.48,5987.69,5988.31,4080000.0
13:37,5992.69,5992.79,5990.33,5990.48,4208000.0
13:38,5993.66,5993.85,5992.67,5992.69,3399000.0
13:39,5994.43,5994.47,5993.23,5993.68,3714000.0
13:40,5994.24,5994.48,5993.53,5994.47,3847000.0
13:41,5995.6,5995.65,5994.28,5994.28,3580000.0
13:42,5997.68,5997.79,5995.56,5995.61,3561000.0
13:43,5998.77,5998.77,5997.77,5997.77,3045000.0
13:44,5998.7,5999.11,5998.48,5998.72,3233000.0
13:45,5998.91,5999.54,5998.73,5998.73,3663000.0
13:46,6000.86,6000.86,5998.84,5998.89,3185000.0
13:47,6001.5,6001.82,6000.81,6000.81,3653000.0
13:48,6003.17,6003.22,6001.61,6001.61,4113000.0
13:49,6000.97,6002.05,6000.97,6002.02,4956000.0
13:50,5999.52,6001.38,5999.49,6001.0,3860000.0
13:51,6002.25,6002.27,5999.57,5999.57,4277000.0
13:52,6003.51,6003.56,6002.34,6002.34,3599000.0
13:53,6003.87,6004.66,6003.47,6003.47,4642000.0
13:54,6004.01,6004.58,6003.87,6003.87,3505000.0
13:55,6003.42,6003.83,6003.2,6003.83,3281000.0
13:56,6004.74,6005.27,6003.43,6003.43,4012000.0
13:57,6003.91,6004.76,6003.79,6004.76,3303000.0
13:58,6002.06,6003.91,6001.67,6003.91,3474000.0
13:59,6002.29,6002.87,6001.66,6002.02,4406000.0
14:00,6010.29,6014.55,6001.44,6001.44,14072000.0
14:01,6006.8,6011.35,6006.8,6010.35,5982000.0
14:02,5998.14,6006.83,5998.14,6006.83,6388000.0
14:03,5999.35,6001.13,5997.89,5997.97,4395000.0
14:04,5993.43,6001.19,5993.43,5999.46,5665000.0
14:05,5994.22,5995.83,5991.8,5993.29,6912000.0
14:06,5997.87,5997.87,5993.7,5994.4,4546000.0
14:07,5998.53,5998.53,5996.32,5997.8,4035000.0
14:08,5998.28,6001.25,5998.13,6001.04,5903000.0
14:09,5996.69,5998.08,5995.69,5998.08,4215000.0
14:10,5996.31,5996.72,5994.39,5996.72,4029000.0
14:11,5999.32,5999.32,5996.17,5996.46,4733000.0
14:12,5997.74,6000.04,5997.74,5999.31,3833000.0
14:13,5998.37,5998.46,5996.2,5997.66,4430000.0
14:14,6000.51,6000.97,5997.68,5998.32,5333000.0
14:15,6000.35,6000.55,5998.39,6000.53,4112000.0
14:16,5999.47,6001.27,5999.46,6000.15,3919000.0
14:17,6002.7,6002.74,5999.49,5999.52,3732000.0
14:18,6000.25,6002.61,6000.25,6002.61,4663000.0
14:19,5997.47,6000.09,5997.47,6000.09,3646000.0
14:20,5997.15,5997.69,5995.94,5997.55,4344000.0
14:21,5996.4,5998.3,5996.4,5997.25,3488000.0
14:22,5996.8,5996.99,5995.45,5996.32,4827000.0
14:23,5995.4,5996.82,5995.29,5996.65,3737000.0
14:24,5996.15,5996.54,5993.61,5995.41,5089000.0
14:25,6000.24,6000.24,5995.98,5996.28,4570000.0
14:26,5999.77,6000.93,5999.77,6000.28,4024000.0
14:27,6000.61,6000.61,5998.48,5999.79,3596000.0
14:28,5997.9,6000.77,5997.62,6000.58,4806000.0
14:29,5999.65,6000.68,5997.96,5997.96,4532000.0
14:30,5997.8,5999.89,5997.72,5999.08,4365000.0
14:31,6000.53,6000.7,5997.66,5997.84,4056000.0
14:32,6005.9,6005.9,6000.55,6000.55,5728000.0
14:33,6007.06,6007.27,6005.77,6005.93,4950000.0
14:34,6007.67,6008.3,6007.13,6007.13,5596000.0
14:35,5997.04,6007.6,5996.71,6007.59,9419000.0
14:36,6000.61,6001.38,5996.54,5997.13,5247000.0
14:37,5999.46,6000.81,5999.11,6000.6,3626000.0
14:38,6005.37,6005.37,5999.11,5999.42,6128000.0
14:39,6003.43,6005.52,6003.43,6005.51,5016000.0
14:40,6006.65,6006.87,6002.16,6003.46,6064000.0
14:41,6010.96,6010.96,6006.59,6006.67,5275000.0
14:42,6012.53,6013.25,6011.12,6011.16,5966000.0
14:43,6010.6,6012.5,6010.14,6012.47,4877000.0
14:44,6010.36,6011.56,6010.15,6010.62,4704000.0
14:45,6004.18,6010.28,6004.0,6010.28,6069000.0
14:46,6004.48,6004.48,6001.08,6004.19,5709000.0
14:47,6004.29,6005.88,6003.78,6004.82,4985000.0
14:48,6001.74,6004.4,6000.78,6004.23,4717000.0
14:49,6001.38,6002.38,6000.83,6001.77,4211000.0
14:50,5998.63,6001.48,5997.79,6001.45,5058000.0
14:51,5998.82,5998.88,5995.37,5998.63,5997000.0
14:52,5995.97,5998.76,5995.97,5998.76,4232000.0
14:53,5990.89,5992.72,5990.4,5992.72,7717000.0
14:54,5992.09,5992.11,5988.77,5991.1,7015000.0
14:55,5987.69,5992.09,5986.74,5992.09,6195000.0
14:56,5983.2,5987.9,5981.87,5987.66,7526000.0
14:57,5978.43,5982.84,5977.06,5982.77,8035000.0
14:58,5979.51,5982.1,5973.92,5978.51,11125000.0
14:59,5978.61,5980.26,5975.98,5979.31,6506000.0
15:00,5974.66,5978.6,5973.66,5978.6,9013000.0
15:01,5978.19,5979.18,5971.89,5974.35,8171000.0
15:02,5980.41,5981.31,5976.82,5978.19,5991000.0
15:03,5981.17,5982.63,5980.49,5980.49,5812000.0
15:04,5986.99,5987.36,5981.37,5981.37,6015000.0
15:05,5985.66,5989.27,5985.51,5986.85,6338000.0
15:06,5985.05,5987.78,5984.76,5985.65,4587000.0
15:07,5982.5,5985.99,5981.47,5985.18,5374000.0
15:08,5981.93,5982.42,5980.73,5982.41,3787000.0
15:09,5979.91,5980.79,5978.91,5980.76,5658000.0
15:10,5980.29,5980.29,5978.57,5980.06,4563000.0
15:11,5982.75,5982.88,5980.35,5980.4,5751000.0
15:12,5978.5,5982.78,5978.5,5982.71,7026000.0
15:13,5989.49,5989.68,5975.64,5978.4,12842000.0
15:14,5990.13,5993.22,5988.97,5989.33,6981000.0
15:15,5988.17,5990.28,5986.5,5990.19,6949000.0
15:16,5987.7,5988.18,5984.68,5988.12,5085000.0
15:17,5984.94,5988.47,5984.86,5987.36,5255000.0
15:18,5986.66,5986.66,5985.54,5985.58,5056000.0
15:19,5988.69,5988.83,5985.59,5986.4,7049000.0
15:20,5989.37,5989.44,5987.84,5988.61,5071000.0
15:21,5992.28,5992.32,5989.42,5989.43,5701000.0
15:22,5992.96,5994.84,5991.88,5992.31,7136000.0
15:23,5993.8,5994.45,5992.93,5992.93,5484000.0
15:24,5992.17,5994.81,5992.17,5993.84,6160000.0
15:25,5990.45,5992.0,5987.86,5992.0,8680000.0
15:26,5987.9,5990.84,5987.57,5990.56,4519000.0
15:27,5983.51,5987.91,5983.5,5987.79,6188000.0
15:28,5977.66,5983.21,5977.02,5983.21,8435000.0
15:29,5975.81,5977.51,5975.66,5977.41,5862000.0
15:30,5978.41,5978.98,5973.52,5975.82,10726000.0
15:31,5982.31,5982.31,5978.42,5978.42,6218000.0
15:32,5984.11,5984.69,5981.59,5982.47,6340000.0
15:33,5984.88,5984.89,5983.03,5983.82,5974000.0
15:34,5984.66,5985.3,5984.1,5984.7,5396000.0
15:35,5986.9,5986.95,5983.25,5984.64,7432000.0
15:36,5988.19,5989.47,5987.2,5987.2,7055000.0
15:37,5989.14,5989.69,5988.16,5988.16,6460000.0
15:38,5988.22,5990.09,5987.22,5989.21,6850000.0
15:39,5988.12,5988.8,5987.2,5988.1,7113000.0
15:40,5989.05,5989.63,5988.07,5988.1,7187000.0
15:41,5989.74,5989.9,5988.69,5989.06,6852000.0
15:42,5988.34,5989.83,5986.16,5989.83,9670000.0
15:43,5992.2,5992.2,5987.87,5988.22,8259000.0
15:44,5993.35,5993.35,5991.77,5992.19,7659000.0
15:45,5991.44,5993.7,5990.47,5993.4,10316000.0
15:46,5990.12,5991.37,5988.87,5991.37,8984000.0
15:47,5991.49,5991.52,5990.37,5991.43,9265000.0
15:48,5991.65,5991.7,5990.36,5991.4,8147000.0
15:49,5989.6,5992.01,5989.55,5991.83,10511000.0
15:50,5987.16,5992.82,5987.16,5989.67,21805000.0
15:51,5984.81,5987.1,5983.09,5987.1,14842000.0
15:52,5985.24,5986.34,5982.57,5984.66,15738000.0
15:53,5986.31,5986.91,5984.09,5984.62,15936000.0
15:54,5982.05,5986.07,5982.05,5986.07,20783000.0
15:55,5982.31,5985.48,5980.93,5981.95,29469000.0
15:56,5983.73,5984.12,5981.18,5982.31,25180000.0
15:57,5980.35,5983.62,5979.8,5983.62,28906000.0
15:58,5978.48,5981.28,5978.19,5980.28,43179000.0
15:59,5980.33,5981.28,5977.39,5978.61,83417000.0
