Time,Close,High,Low,Open,Volume
09:30,6011.37,6013.37,6007.53,6009.9,1.0
09:31,6009.63,6011.86,6009.28,6011.86,12348747.0
09:32,6004.75,6009.5,6004.62,6009.5,11167634.0
09:33,6006.5,6007.66,6004.82,6004.82,9844982.0
09:34,6006.13,6009.28,6005.64,6007.11,9669824.0
09:35,6006.04,6006.76,6004.91,6006.76,9605461.0
09:36,6005.0,6006.45,6003.88,6006.44,9178350.0
09:37,6005.91,6006.51,6004.3,6005.02,8931815.0
09:38,6012.13,6013.23,6006.05,6006.05,10342944.0
09:39,6011.8,6013.98,6011.55,6011.92,7265777.0
09:40,6013.55,6013.9,6011.82,6011.93,8471494.0
09:41,6013.91,6014.16,6011.95,6013.51,7122979.0
09:42,6014.4,6014.47,6013.28,6013.98,6897858.0
09:43,6016.42,6017.0,6014.03,6014.51,7148617.0
09:44,6016.38,6016.71,6015.11,6016.71,6826534.0
09:45,6013.75,6016.87,6013.46,6016.47,8278316.0
09:46,6014.5,6015.1,6013.75,6013.75,7466349.0
09:47,6014.95,6016.03,6014.14,6014.79,7563413.0
09:48,6016.15,6016.78,6014.17,6014.87,8581994.0
09:49,6017.83,6017.99,6015.72,6016.48,7234461.0
09:50,6017.46,6018.92,6016.7,6018.04,6528824.0
09:51,6017.34,6017.74,6015.88,6017.35,7712478.0
09:52,6019.71,6019.71,6017.05,6017.21,6702164.0
09:53,6019.63,6020.09,6019.18,6019.81,6497531.0
09:54,6019.7,6021.2,6019.53,6019.53,6659437.0
09:55,6014.02,6019.6,6013.45,6019.6,7993550.0
09:56,6017.52,6018.02,6016.81,6017.15,6263341.0
09:57,6017.33,6018.23,6017.22,6017.52,5917330.0
09:58,6015.54,6017.57,6014.45,6017.46,7213067.0
09:59,6017.24,6017.34,6015.63,6015.71,8156902.0
10:00,6016.57,6018.49,6015.78,6017.63,8907807.0
10:01,6018.82,6018.91,6016.45,6016.45,8127868.0
10:02,6018.29,6019.67,6018.29,6018.77,7677024.0
10:03,6016.56,6019.03,6016.32,6018.21,6881830.0
10:04,6017.72,6017.83,6016.01,6016.53,6093490.0
10:05,6017.38,6019.03,6016.68,6017.66,7840579.0
10:06,6018.29,6018.29,6016.06,6017.43,6981300.0
10:07,6023.86,6025.02,6018.8,6018.8,8738016.0
10:08,6023.56,6023.9,6021.93,6023.79,6525917.0
10:09,6023.26,6024.47,6023.11,6024.09,7795401.0
10:10,6023.69,6024.88,6023.11,6023.3,6954871.0
10:11,6023.66,6023.85,6022.87,6023.63,6935384.0
10:12,6024.95,6025.56,6023.57,6023.62,7247602.0
10:13,6025.08,6025.72,6024.69,6024.92,5250534.0
10:14,6027.56,6027.76,6024.97,6025.22,5580015.0
10:15,6028.74,6029.34,6028.45,6029.34,6503561.0
10:16,6028.38,6028.79,6027.15,6028.77,6848362.0
10:17,6031.6,6031.87,6028.29,6028.5,7491540.0
10:18,6030.15,6032.09,6029.75,6031.61,6681054.0
10:19,6031.1,6031.49,6030.05,6030.05,5679415.0
10:20,6031.47,6032.01,6031.04,6031.14,6346680.0
10:21,6031.44,6032.11,6030.48,6031.5,7453086.0
10:22,6031.4,6031.86,6030.69,6031.44,5958651.0
10:23,6032.65,6033.41,6031.47,6031.47,5755040.0
10:24,6031.85,6032.69,6031.45,6032.69,5731153.0
10:25,6029.98,6031.94,6029.21,6031.94,5962938.0
10:26,6032.55,6032.55,6029.82,6029.95,5995344.0
10:27,6034.18,6034.28,6032.86,6032.87,5826660.0
10:28,6034.58,6034.91,6033.08,6033.39,6116202.0
10:29,6033.85,6034.66,6033.7,6034.43,5580301.0
10:30,6033.98,6034.44,6033.48,6033.89,5518574.0
10:31,6034.32,6034.92,6033.85,6033.85,7472280.0
10:32,6033.32,6034.32,6032.47,6034.32,6979396.0
10:33,6034.72,6034.84,6033.15,6033.43,5794730.0
10:34,6035.15,6036.0,6034.72,6034.72,5435118.0
10:35,6034.14,6035.17,6034.07,6035.09,5227602.0
10:36,6035.32,6035.32,6033.54,6034.09,6409353.0
10:37,6038.83,6038.83,6035.13,6035.21,7332553.0
10:38,6037.87,6039.21,6037.68,6038.77,5148108.0
10:39,6037.91,6038.25,6037.71,6038.08,5311570.0
10:40,6039.71,6040.0,6037.92,6037.92,6496971.0
10:41,6039.26,6040.1,6038.79,6039.72,6091785.0
10:42,6037.76,6039.51,6037.76,6039.01,6828319.0
10:43,6039.36,6039.53,6037.77,6037.77,5731290.0
10:44,6038.83,6039.33,6038.42,6039.33,5210784.0
10:45,6038.6,6039.06,6038.32,6038.85,5025167.0
10:46,6038.52,6039.75,6038.5,6038.59,5110883.0
10:47,6040.05,6040.05,6038.54,6038.54,4878148.0
10:48,6039.57,6040.5,6039.57,6039.99,5252946.0
10:49,6039.81,6039.9,6039.49,6039.57,5325417.0
10:50,6039.25,6039.81,6037.85,6039.81,7250848.0
10:51,6037.83,6039.59,6037.53,6039.21,5286629.0
10:52,6038.03,6038.45,6037.57,6037.72,5008039.0
10:53,6037.93,6038.68,6037.66,6037.93,5720214.0
10:54,6038.03,6038.54,6037.42,6038.02,5839501.0
10:55,6038.39,6038.44,6037.69,6037.9,4928101.0
10:56,6037.98,6038.54,6037.83,6038.54,5684437.0
10:57,6036.75,6038.4,6036.58,6037.95,5313115.0
10:58,6036.8,6037.72,6036.78,6036.92,5269370.0
10:59,6035.71,6036.58,6035.24,6036.58,5292709.0
11:00,6037.92,6037.98,6035.7,6035.7,4992935.0
11:01,6040.46,6040.46,6037.41,6037.91,5345657.0
11:02,6044.07,6044.21,6040.28,6040.8,7463762.0
11:03,6042.91,6044.67,6042.56,6043.99,7583826.0
11:04,6044.01,6044.01,6042.72,6042.82,4488168.0
11:05,6043.49,6044.17,6042.86,6044.01,5219068.0
11:06,6043.35,6044.17,6042.95,6043.51,5989629.0
11:07,6040.93,6043.32,6040.5,6043.32,5509046.0
11:08,6041.51,6041.66,6040.92,6041.12,3733899.0
11:09,6040.89,6041.62,6040.58,6041.44,5394719.0
11:10,6040.14,6041.05,6039.15,6041.05,4621691.0
11:11,6041.11,6041.11,6039.98,6040.17,4750201.0
11:12,6040.88,6041.82,6040.88,6041.12,5382430.0
11:13,6040.25,6040.92,6039.74,6040.87,4704468.0
11:14,6040.89,6041.4,6039.52,6040.2,6116715.0
11:15,6041.67,6041.76,6040.59,6040.85,4535289.0
11:16,6039.31,6041.97,6039.18,6041.76,5063219.0
11:17,6036.1,6039.63,6035.79,6039.33,6143308.0
11:18,6034.03,6037.18,6034.03,6036.19,6302748.0
11:19,6035.84,6036.42,6033.92,6034.09,4873985.0
11:20,6036.36,6036.51,6034.87,6035.76,4925158.0
11:21,6035.12,6036.25,6034.77,6036.25,4495336.0
11:22,6030.56,6032.84,6030.12,6032.75,6779014.0
11:23,6032.21,6032.21,6025.61,6030.53,11613748.0
11:24,6028.89,6032.35,6028.61,6032.3,5197659.0
11:25,6029.13,6029.13,6026.89,6028.84,5050466.0
11:26,6030.27,6030.31,6028.93,6029.11,5273302.0
11:27,6027.57,6030.39,6027.26,6030.26,5487878.0
11:28,6029.79,6029.93,6027.05,6027.57,5240024.0
11:29,6032.68,6032.86,6029.7,6029.78,5329609.0
11:30,6034.39,6034.44,6032.12,6032.71,4499611.0
11:31,6032.82,6034.35,6032.82,6034.33,4452723.0
11:32,6029.29,6033.3,6029.29,6032.68,5921324.0
11:33,6030.37,6030.85,6029.27,6029.27,4078620.0
11:34,6031.59,6031.83,6029.63,6030.39,4454634.0
11:35,6032.81,6033.33,6031.61,6031.61,3218905.0
11:36,6032.53,6034.06,6032.48,6032.79,4602113.0
11:37,6030.98,6032.57,6030.48,6032.54,4825470.0
11:38,6030.69,6031.09,6029.82,6030.96,4618667.0
11:39,6030.63,6031.36,6030.07,6030.72,4358343.0
11:40,6031.23,6031.44,6030.29,6030.6,4110812.0
11:41,6033.7,6033.72,6031.1,6031.26,4755838.0
11:42,6033.4,6033.53,6031.6,6031.75,6920173.0
11:43,6033.1,6033.35,6032.1,6032.23,9084507.0
11:44,6032.8,6033.16,6032.6,6032.72,11248842.0
11:45,6029.74,6032.75,6029.69,6032.68,4103898.0
11:46,6029.69,6030.9,6029.56,6029.65,5221730.0
11:47,6029.44,6029.74,6028.96,6029.7,3607528.0
11:48,6028.13,6029.53,6027.87,6029.53,3571197.0
11:49,6028.95,6029.42,6028.17,6028.2,3957599.0
11:50,6027.58,6029.34,6027.58,6028.95,3797705.0
11:51,6028.76,6028.94,6026.8,6026.99,4234465.0
11:52,6030.21,6030.51,6028.72,6028.72,4008137.0
11:53,6029.68,6030.64,6029.53,6030.3,4228732.0
11:54,6031.14,6031.14,6029.36,6029.73,4117430.0
11:55,6031.79,6031.92,6031.06,6031.16,3972537.0
11:56,6032.91,6033.21,6031.66,6031.66,5667816.0
11:57,6031.16,6032.93,6030.85,6032.93,4131822.0
11:58,6033.5,6033.5,6031.15,6031.15,3347517.0
11:59,6033.53,6034.07,6033.3,6033.44,3442708.0
12:00,6035.43,6035.81,6032.61,6033.57,6445461.0
12:01,6036.69,6036.96,6035.41,6035.41,5180998.0
12:02,6035.64,6036.85,6035.53,6036.72,4591989.0
12:03,6033.75,6036.02,6033.58,6035.59,4504031.0
12:04,6030.33,6034.0,6028.8,6033.91,6492124.0
12:05,6031.84,6032.43,6029.99,6030.4,4222000.0
12:06,6033.52,6034.3,6031.48,6031.89,4647000.0
12:07,6032.17,6034.0,6029.85,6033.49,8285000.0
12:08,6033.29,6033.57,6032.06,6032.15,4211000.0
12:09,6035.58,6036.42,6033.27,6033.27,5155000.0
12:10,6035.77,6037.01,6035.61,6035.61,3530000.0
12:11,6037.24,6037.68,6036.95,6037.68,3927000.0
12:12,6038.37,6038.96,6037.3,6037.3,3241000.0
12:13,6038.17,6040.1,6037.54,6038.3,6849000.0
12:14,6038.27,6038.32,6037.55,6038.19,3091000.0
12:15,6038.84,6039.5,6038.25,6038.29,3327000.0
12:16,6039.64,6039.84,6038.66,6038.86,3021000.0
12:17,6038.06,6039.64,6037.81,6039.64,4162000.0
12:18,6036.06,6038.62,6036.06,6038.16,4276000.0
12:19,6036.79,6037.75,6036.2,6036.2,3752000.0
12:20,6036.89,6037.57,6036.5,6036.81,3079000.0
12:21,6037.57,6037.62,6036.5,6036.99,3635000.0
12:22,6035.37,6037.61,6035.37,6037.58,4614000.0
12:23,6032.57,6035.53,6032.55,6035.45,5080000.0
12:24,6032.29,6032.56,6031.26,6032.53,3795000.0
12:25,6033.18,6033.22,6032.28,6032.28,4257000.0
12:26,6033.25,6033.28,6032.14,6033.22,3210000.0
12:27,6036.39,6036.39,6032.87,6033.31,6072000.0
12:28,6038.32,6038.38,6036.13,6036.25,4170000.0
12:29,6038.86,6039.81,6038.66,6039.13,4417000.0
12:30,6036.93,6038.85,6036.02,6038.85,4212000.0
12:31,6031.06,6038.18,6030.57,6036.98,7822000.0
12:32,6034.82,6034.83,6030.84,6031.14,5243000.0
12:33,6036.47,6036.47,6034.99,6034.99,3871000.0
12:34,6036.81,6037.97,6036.7,6036.85,3250000.0
12:35,6038.81,6038.82,6036.86,6036.94,3290000.0
12:36,6039.08,6039.08,6038.09,6038.73,4560000.0
12:37,6038.07,6039.71,6037.91,6039.13,4379000.0
12:38,6038.93,6039.04,6037.39,6038.0,3360000.0
12:39,6041.61,6041.91,6038.72,6038.82,4869000.0
12:40,6041.01,6041.69,6039.97,6041.55,4999000.0
12:41,6041.19,6041.5,6040.68,6041.04,3858000.0
12:42,6041.0,6041.51,6040.85,6041.14,4028000.0
12:43,6039.82,6040.96,6039.16,6040.95,5806000.0
12:44,6040.18,6040.46,6039.36,6039.84,4233000.0
12:45,6040.34,6041.12,6040.23,6040.23,5141000.0
12:46,6039.62,6040.34,6039.38,6040.27,4238000.0
12:47,6037.78,6039.56,6037.78,6039.56,4799000.0
12:48,6038.82,6039.02,6037.11,6037.8,4564000.0
12:49,6037.46,6038.89,6037.42,6038.89,3704000.0
12:50,6037.0,6037.44,6035.5,6037.44,4330000.0
12:51,6035.72,6037.19,6035.18,6036.96,4140000.0
12:52,6036.25,6036.25,6035.02,6035.88,3017000.0
12:53,6036.55,6037.28,6036.23,6036.33,3422000.0
12:54,6034.69,6036.73,6034.67,6036.59,3373000.0
12:55,6035.34,6035.35,6034.15,6034.74,3701000.0
12:56,6034.88,6034.94,6034.84,6034.92,5363000.0
12:57,6034.97,6035.19,6034.3,6034.89,4442000.0
12:58,6034.86,6035.01,6033.93,6035.01,4620000.0
12:59,6033.66,6034.89,6033.22,6034.83,3896000.0
13:00,6034.15,6034.15,6033.01,6033.58,6464000.0
13:01,6035.86,6035.86,6033.93,6034.19,5456000.0
13:02,6037.83,6039.89,6035.8,6035.8,8523000.0
13:03,6037.65,6039.28,6037.5,6037.82,4741000.0
13:04,6036.81,6038.18,6036.15,6037.77,4060000.0
13:05,6036.43,6037.34,6035.77,6036.8,4432000.0
13:06,6036.89,6037.04,6035.92,6036.42,3491000.0
13:07,6037.78,6038.18,6036.89,6036.89,3724000.0
13:08,6039.24,6039.76,6037.89,6037.89,3539000.0
13:09,6039.42,6039.54,6038.7,6039.17,4142000.0
13:10,6041.39,6041.39,6039.23,6039.4,3894000.0
13:11,6039.84,6041.43,6039.79,6041.38,3543000.0
13:12,6039.01,6040.08,6038.69,6039.83,3966000.0
13:13,6039.5,6039.89,6039.03,6039.03,3314000.0
13:14,6040.28,6040.34,6039.16,6039.55,3248000.0
13:15,6040.46,6040.7,6040.14,6040.35,3253000.0
13:16,6039.58,6040.61,6039.21,6040.41,4394000.0
13:17,6040.1,6040.89,6039.59,6039.59,3778000.0
13:18,6041.73,6041.73,6039.54,6040.16,4729000.0
13:19,6041.21,6041.74,6041.03,6041.65,3516000.0
13:20,6040.63,6041.77,6040.4,6041.2,3004000.0
13:21,6040.56,6040.99,6040.5,6040.92,2848000.0
13:22,6040.6,6041.4,6040.55,6040.55,3138000.0
13:23,6039.43,6040.53,6039.29,6040.53,3444000.0
13:24,6039.01,6039.73,6038.96,6039.39,2931000.0
13:25,6039.6,6040.03,6038.89,6039.02,3421000.0
13:26,6039.08,6040.01,6039.03,6039.6,3433000.0
13:27,6039.51,6039.63,6038.92,6039.02,3351000.0
13:28,6037.2,6039.62,6036.98,6039.48,4817000.0
13:29,6037.97,6038.26,6037.05,6037.12,4211000.0
13:30,6040.74,6040.74,6038.01,6038.01,3960000.0
13:31,6042.16,6042.37,6040.42,6040.83,3776000.0
13:32,6042.77,6043.49,6042.05,6042.23,4209000.0
13:33,6042.87,6042.91,6042.32,6042.73,2701000.0
13:34,6043.86,6044.05,6042.84,6042.85,3735000.0
13:35,6042.91,6044.21,6042.91,6043.83,3433000.0
13:36,6042.84,6043.19,6042.01,6042.82,2895000.0
13:37,6043.98,6043.98,6042.32,6042.79,2757000.0
13:38,6043.38,6043.84,6043.28,6043.84,2931000.0
13:39,6042.91,6043.52,6042.85,6043.4,4388000.0
13:40,6042.93,6043.03,6042.3,6042.91,4097000.0
13:41,6043.06,6043.27,6042.39,6042.93,3595000.0
13:42,6042.11,6043.09,6041.61,6043.04,3555000.0
13:43,6042.78,6042.93,6041.95,6042.03,2989000.0
13:44,6042.35,6042.85,6042.25,6042.85,2516000.0
13:45,6041.32,6042.35,6041.32,6042.35,4528500.0
13:46,6041.89,6042.08,6040.9,6041.32,6541000.0
13:47,6042.25,6042.51,6041.67,6041.95,3399000.0
13:48,6040.77,6042.24,6040.49,6042.24,3089000.0
13:49,6040.49,6040.79,6040.27,6040.79,2918000.0
13:50,6041.54,6041.99,6040.44,6040.48,3521000.0
13:51,6041.89,6042.12,6041.51,6041.51,3009000.0
13:52,6042.0,6042.04,6041.63,6041.88,2531000.0
13:53,6041.75,6042.01,6041.39,6041.97,2396000.0
13:54,6041.78,6041.87,6041.12,6041.74,3352000.0
13:55,6041.21,6041.78,6040.73,6041.78,3071000.0
13:56,6040.12,6041.16,6039.67,6041.16,3450000.0
13:57,6038.99,6040.12,6038.65,6040.09,3452000.0
13:58,6040.56,6040.65,6038.79,6038.95,3336000.0
13:59,6039.58,6040.55,6039.58,6040.55,2601000.0
14:00,6040.47,6040.57,6039.29,6039.66,3711000.0
14:01,6040.64,6041.07,6040.36,6040.65,2956000.0
14:02,6041.14,6041.26,6040.43,6040.71,4507000.0
14:03,6039.02,6041.04,6038.95,6041.04,3739000.0
14:04,6040.55,6040.86,6039.08,6039.08,3367000.0
14:05,6041.51,6041.55,6040.46,6040.53,4472000.0
14:06,6042.27,6042.65,6041.26,6041.58,3977000.0
14:07,6041.76,6042.48,6041.73,6042.28,3509000.0
14:08,6042.23,6042.25,6041.63,6041.71,3010000.0
14:09,6042.39,6042.69,6042.17,6042.17,3048000.0
14:10,6042.1,6042.56,6041.77,6042.42,3088000.0
14:11,6042.07,6042.25,6041.71,6042.04,2496000.0
14:12,6042.2,6042.76,6041.9,6042.04,2916000.0
14:13,6041.11,6042.28,6040.92,6042.27,4064000.0
14:14,6040.2,6041.07,6040.2,6041.07,3226000.0
14:15,6041.17,6041.22,6040.05,6040.18,3907000.0
14:16,6040.6,6041.67,6040.52,6041.17,3755000.0
14:17,6040.3,6040.63,6039.77,6040.57,3593000.0
14:18,6040.24,6041.0,6040.04,6040.29,3285000.0
14:19,6040.82,6040.82,6039.93,6040.24,3739000.0
14:20,6041.18,6041.38,6040.83,6040.87,2952000.0
14:21,6041.06,6041.48,6041.04,6041.24,3318000.0
14:22,6039.63,6041.05,6039.6,6041.04,3817000.0
14:23,6037.88,6039.88,6037.82,6039.61,4796000.0
14:24,6037.95,6038.61,6037.17,6037.94,4635000.0
14:25,6038.31,6038.94,6037.83,6037.93,4207000.0
14:26,6038.9,6039.04,6037.61,6038.4,4028000.0
14:27,6035.16,6038.9,6033.81,6038.9,6957000.0
14:28,6037.22,6037.56,6035.1,6035.1,4708000.0
14:29,6036.82,6037.42,6036.59,6037.09,3176000.0
14:30,6036.23,6037.44,6036.23,6036.87,5349000.0
14:31,6035.34,6036.86,6035.34,6036.26,4683000.0
14:32,6035.47,6035.51,6034.0,6035.29,5248000.0
14:33,6037.01,6037.17,6035.49,6035.49,4099000.0
14:34,6036.95,6037.45,6036.36,6036.92,3266000.0
14:35,6039.04,6039.04,6036.85,6036.94,3971000.0
14:36,6039.6,6039.74,6039.35,6039.4,3711000.0
14:37,6037.6,6039.98,6037.45,6039.66,4349000.0
14:38,6037.75,6037.75,6036.82,6037.65,3637000.0
14:39,6038.92,6038.92,6037.7,6037.94,2943000.0
14:40,6039.05,6039.57,6038.59,6038.92,2982000.0
14:41,6038.78,6039.15,6038.06,6039.03,4037000.0
14:42,6037.99,6038.85,6037.98,6038.84,2845000.0
14:43,6036.44,6037.93,6036.44,6037.93,3299000.0
14:44,6036.37,6037.01,6036.09,6036.44,3575000.0
14:45,6036.31,6036.95,6036.21,6036.34,2837000.0
14:46,6035.44,6036.32,6035.44,6036.3,3526000.0
14:47,6037.75,6037.75,6035.25,6035.39,3613000.0
14:48,6038.94,6039.1,6038.09,6038.09,3358000.0
14:49,6038.7,6039.02,6038.56,6038.92,3249000.0
14:50,6038.26,6038.65,6037.91,6038.65,3461000.0
14:51,6039.91,6039.91,6038.07,6038.36,4754000.0
14:52,6040.53,6040.82,6039.99,6039.99,3616000.0
14:53,6040.48,6040.85,6040.44,6040.51,3122000.0
14:54,6040.3,6040.91,6040.19,6040.41,3630000.0
14:55,6039.62,6040.36,6039.0,6040.23,4813000.0
14:56,6039.14,6039.69,6038.46,6039.69,3996000.0
14:57,6040.78,6040.8,6039.13,6039.13,5231000.0
14:58,6041.08,6041.21,6040.67,6040.84,3579000.0
14:59,6042.4,6042.46,6041.09,6041.09,4833000.0
15:00,6041.72,6042.71,6041.64,6042.32,5200000.0
15:01,6041.73,6041.89,6040.74,6041.39,4700000.0
15:02,6042.13,6042.3,6041.72,6041.72,4303000.0
15:03,6043.04,6043.08,6042.02,6042.16,3749000.0
15:04,6042.44,6043.07,6042.38,6043.05,4152000.0
15:05,6043.04,6043.55,6042.24,6042.43,4119000.0
15:06,6042.64,6043.05,6042.6,6043.01,3515000.0
15:07,6042.71,6043.16,6042.51,6042.61,4624000.0
15:08,6042.11,6042.89,6041.71,6042.68,4544000.0
15:09,6042.67,6042.67,6041.98,6041.99,4029000.0
15:10,6042.53,6042.77,6042.23,6042.63,4538000.0
15:11,6042.07,6042.73,6041.38,6042.53,4403000.0
15:12,6042.1,6042.59,6042.1,6042.13,4651000.0
15:13,6042.02,6042.11,6041.48,6042.09,4020000.0
15:14,6041.39,6042.1,6041.39,6041.97,3966000.0
15:15,6042.03,6042.21,6041.14,6041.34,4473000.0
15:16,6042.53,6042.81,6042.08,6042.08,4251000.0
15:17,6043.82,6043.93,6042.37,6042.51,4692000.0
15:18,6042.85,6043.85,6042.75,6043.81,4133000.0
15:19,6043.52,6043.7,6042.56,6042.78,4913000.0
15:20,6043.79,6044.1,6043.0,6043.53,4098000.0
15:21,6043.71,6044.0,6043.49,6043.72,4061000.0
15:22,6042.06,6043.82,6042.03,6043.75,4912000.0
15:23,6042.21,6042.51,6041.9,6042.04,4689000.0
15:24,6041.97,6042.28,6041.88,6042.0,4264000.0
15:25,6039.95,6041.85,6039.95,6041.83,4953000.0
15:26,6041.21,6041.21,6039.81,6039.9,4609000.0
15:27,6040.48,6041.29,6040.41,6041.15,5082000.0
15:28,6041.13,6041.16,6040.37,6040.42,4842000.0
15:29,6041.63,6041.76,6040.97,6041.11,5093000.0
15:30,6040.02,6041.62,6039.94,6041.62,6525000.0
15:31,6039.61,6040.72,6039.42,6040.12,5433000.0
15:32,6039.4,6039.82,6038.72,6039.67,5997000.0
15:33,6039.7,6039.7,6038.2,6039.48,5859000.0
15:34,6040.73,6040.99,6040.02,6040.02,5207000.0
15:35,6039.73,6040.68,6039.23,6040.68,5081000.0
15:36,6040.17,6040.17,6039.43,6039.73,5633000.0
15:37,6039.41,6040.17,6039.23,6040.14,5576000.0
15:38,6040.62,6041.02,6039.4,6039.4,5923000.0
15:39,6040.36,6040.96,6040.17,6040.64,5425000.0
15:40,6038.56,6040.3,6038.46,6040.3,6122000.0
15:41,6038.5,6038.9,6038.26,6038.74,5698000.0
15:42,6038.39,6038.73,6037.99,6038.57,5668000.0
15:43,6037.5,6038.4,6036.98,6038.3,6196000.0
15:44,6036.43,6037.58,6036.35,6037.43,6567000.0
15:45,6035.99,6036.46,6034.73,6036.46,8088000.0
15:46,6035.4,6036.88,6034.98,6035.99,7279000.0
15:47,6036.5,6036.78,6035.33,6035.36,7389000.0
15:48,6035.87,6036.78,6035.87,6036.5,7173000.0
15:49,6035.13,6035.86,6035.11,6035.86,7449000.0
15:50,6036.68,6036.71,6033.12,6035.12,16997000.0
15:51,6035.76,6037.42,6035.29,6036.69,11719000.0
15:52,6036.89,6036.98,6035.8,6035.8,12111000.0
15:53,6035.32,6037.5,6035.31,6036.93,13062000.0
15:54,6035.67,6036.18,6033.44,6035.31,17148000.0
15:55,6038.55,6039.38,6035.44,6035.44,22834000.0
15:56,6037.97,6038.91,6037.23,6038.63,21420000.0
15:57,6040.96,6041.01,6038.17,6038.17,23799000.0
15:58,6041.69,6043.6,6041.09,6041.09,40951000.0
15:59,6045.2,6045.2,6040.5,6041.65,60771000.0
