Time,Close,High,Low,Open,Volume
09:30,642.64,643.88,639.0,639.5,213296.0
09:31,640.97,643.2,638.6,642.86,58860.0
09:32,637.07,641.74,636.56,640.97,58065.0
09:33,639.05,640.3,637.66,637.67,17045.0
09:34,639.01,640.0,638.16,638.38,12432.0
09:35,638.34,639.6,637.84,639.32,27790.0
09:36,636.91,638.88,636.5,638.49,21653.0
09:37,637.91,638.0,636.9,636.93,19283.0
09:38,639.14,639.23,637.41,637.88,15554.0
09:39,638.58,639.0,638.37,638.44,13982.0
09:40,638.27,638.71,638.0,638.58,21737.0
09:41,638.32,638.99,637.86,638.39,19978.0
09:42,638.21,638.99,638.11,638.57,15597.0
09:43,635.7,638.21,635.7,637.97,43623.0
09:44,634.53,635.78,634.22,635.61,40166.0
09:45,632.7,634.72,632.7,634.72,48484.0
09:46,632.05,633.54,631.61,633.41,51079.0
09:47,632.72,633.23,631.6,631.98,28352.0
09:48,632.67,633.76,632.4,632.82,29161.0
09:49,631.25,632.67,631.02,632.0,29113.0
09:50,629.73,631.44,629.6,631.44,58283.0
09:51,630.57,630.57,629.4,629.47,33720.0
09:52,632.36,633.46,630.6,630.77,31929.0
09:53,633.18,633.5,630.83,632.57,38629.0
09:54,633.45,633.5,632.7,633.07,18339.0
09:55,633.5,633.89,633.15,633.46,20624.0
09:56,634.0,634.57,633.6,633.7,26799.0
09:57,634.72,634.72,633.66,633.81,20819.0
09:58,634.41,635.0,634.03,634.58,15479.0
09:59,635.04,635.23,634.52,634.53,13769.0
10:00,636.41,636.86,634.05,634.66,26002.0
10:01,637.48,637.9,636.3,636.82,19201.0
10:02,637.6,638.96,637.0,637.19,26143.0
10:03,637.74,638.0,637.32,638.0,19198.0
10:04,637.85,638.42,637.34,637.63,23304.0
10:05,638.0,638.16,637.56,637.59,14610.0
10:06,639.2,639.2,637.74,637.74,19807.0
10:07,637.95,639.63,637.51,638.95,33147.0
10:08,637.67,638.01,637.1,637.86,15843.0
10:09,637.22,637.76,636.51,637.25,37367.0
10:10,637.05,637.81,636.75,637.03,19403.0
10:11,637.49,637.69,636.82,637.25,10400.0
10:12,638.5,638.59,637.07,637.8,15102.0
10:13,635.4,638.49,635.33,638.37,27268.0
10:14,635.66,635.84,635.3,635.39,20079.0
10:15,635.85,636.31,635.45,635.78,23371.0
10:16,635.65,635.89,634.97,635.83,25473.0
10:17,635.34,635.75,635.32,635.75,7298.0
10:18,635.48,635.85,635.22,635.22,8867.0
10:19,635.23,635.63,634.7,635.56,16966.0
10:20,635.43,635.6,635.35,635.53,3478.0
10:21,635.32,635.77,634.59,635.52,28415.0
10:22,635.43,635.5,635.0,635.49,10316.0
10:23,635.9,636.22,635.32,635.42,11579.0
10:24,636.47,636.75,635.72,635.93,18597.0
10:25,636.74,637.2,636.64,636.76,20477.0
10:26,636.49,636.74,635.7,636.67,11516.0
10:27,637.79,637.96,636.1,636.34,19095.0
10:28,636.66,638.09,636.63,637.87,14592.0
10:29,635.67,636.91,635.26,636.91,9234.0
10:30,635.05,636.05,635.05,635.67,15448.0
10:31,635.1,635.74,635.0,635.33,10697.0
10:32,635.3,635.36,634.5,635.2,14167.0
10:33,635.35,635.5,635.07,635.4,13624.0
10:34,635.62,635.89,635.32,635.64,20410.0
10:35,635.89,636.27,635.58,635.87,27197.0
10:36,636.63,636.63,635.7,635.89,5293.0
10:37,635.93,636.63,635.69,636.44,12776.0
10:38,635.46,635.83,635.3,635.65,9826.0
10:39,635.68,635.76,635.33,635.52,2852.0
10:40,635.61,635.75,635.33,635.33,8042.0
10:41,636.09,636.1,635.48,635.64,18996.0
10:42,636.23,636.4,636.05,636.22,8827.0
10:43,635.75,636.07,635.3,636.01,17558.0
10:44,636.2,636.2,635.6,635.68,14968.0
10:45,635.0,636.28,634.99,636.08,13709.0
10:46,635.56,635.56,634.75,634.97,13653.0
10:47,635.7,635.91,635.43,635.58,8627.0
10:48,635.36,636.02,635.36,635.72,10027.0
10:49,635.38,635.6,634.75,635.6,13848.0
10:50,635.56,635.85,635.14,635.38,9419.0
10:51,635.5,636.3,635.5,635.99,6085.0
10:52,636.12,636.52,635.95,636.02,12112.0
10:53,635.45,636.16,635.45,635.95,10878.0
10:54,635.08,635.08,634.91,635.0,9625.0
10:55,634.8,635.4,634.8,635.13,13666.0
10:56,634.97,635.09,634.75,635.0,8952.0
10:57,634.85,634.96,634.71,634.96,7482.0
10:58,634.89,635.1,634.77,634.85,7449.0
10:59,634.89,635.0,634.7,634.96,10421.0
11:00,634.48,634.94,634.12,634.94,10311.0
11:01,633.93,634.49,633.93,634.09,8617.0
11:02,634.04,634.5,633.5,634.07,11121.0
11:03,634.46,634.88,634.12,634.12,8439.0
11:04,635.08,635.09,634.46,634.66,7086.0
11:05,634.17,635.09,634.17,634.92,8800.0
11:06,634.51,635.0,634.26,634.26,5344.0
11:07,633.13,634.5,632.97,634.5,21934.0
11:08,633.68,633.79,633.16,633.16,7528.0
11:09,633.9,634.15,633.47,633.47,7921.0
11:10,634.36,634.86,633.82,634.07,6434.0
11:11,634.59,634.92,634.52,634.67,8194.0
11:12,634.76,634.94,634.5,634.89,7552.0
11:13,634.8,634.93,634.56,634.77,7297.0
11:14,633.76,634.93,633.76,634.68,14396.0
11:15,634.76,634.87,633.7,633.85,10744.0
11:16,634.56,635.04,634.48,634.8,17195.0
11:17,634.39,634.52,633.9,634.52,12206.0
11:18,634.23,634.73,633.87,634.29,13773.0
11:19,634.45,634.77,634.15,634.42,8537.0
11:20,635.32,635.71,634.2,634.2,16999.0
11:21,635.0,635.37,634.72,635.32,176796.0
11:22,634.96,635.34,634.79,634.8,14058.0
11:23,634.75,635.12,634.74,635.11,7732.0
11:24,634.9,635.04,634.63,634.74,10398.0
11:25,636.48,636.5,634.73,634.8,17816.0
11:26,636.5,636.63,636.13,636.48,22466.0
11:27,635.58,636.48,635.58,636.48,35670.0
11:28,635.48,635.88,635.34,635.57,6806.0
11:29,635.23,635.81,635.23,635.62,29829.0
11:30,636.05,636.36,635.71,635.94,11327.0
11:31,636.08,636.29,635.73,635.89,18426.0
11:32,636.11,636.23,635.76,635.83,25524.0
11:33,636.14,636.16,635.78,635.78,32623.0
11:34,637.55,637.55,636.0,636.13,25770.0
11:35,638.24,638.78,637.5,637.5,20366.0
11:36,638.02,638.87,637.99,638.42,17877.0
11:37,637.72,638.39,637.72,638.15,13875.0
11:38,637.4,637.99,637.4,637.5,5283.0
11:39,637.66,637.66,637.16,637.16,2597.0
11:40,638.07,638.39,637.71,637.71,11935.0
11:41,638.18,638.66,637.86,638.07,14487.0
11:42,639.53,639.72,638.19,638.23,16180.0
11:43,639.25,639.41,638.98,639.41,10814.0
11:44,639.39,639.81,638.96,639.25,11667.0
11:45,639.19,639.49,638.95,639.49,7506.0
11:46,639.45,639.59,639.12,639.12,7429.0
11:47,639.22,639.47,638.96,639.45,13010.0
11:48,640.58,640.58,638.77,639.37,27818.0
11:49,640.6,640.78,640.19,640.45,13983.0
11:50,640.76,641.01,640.5,640.7,16061.0
11:51,641.22,641.28,640.6,640.76,14105.0
11:52,641.08,641.38,641.01,641.14,13164.0
11:53,641.76,641.76,641.12,641.14,6747.0
11:54,641.45,641.8,641.23,641.41,8775.0
11:55,641.72,641.81,641.45,641.75,5503.0
11:56,641.79,641.98,641.47,641.64,6571.0
11:57,642.5,642.56,641.87,641.98,23886.0
11:58,642.17,642.9,641.95,642.57,22652.0
11:59,642.13,642.6,641.85,642.03,17390.0
12:00,642.46,642.91,641.82,642.17,24557.0
12:01,642.71,642.92,642.31,642.31,8710.0
12:02,642.39,642.71,642.13,642.71,11992.0
12:03,642.2,642.73,642.03,642.3,10330.0
12:04,642.39,642.7,642.16,642.16,11082.0
12:05,642.37,642.55,642.26,642.3,7937.0
12:06,642.76,643.42,642.4,642.4,21279.0
12:07,643.43,643.64,643.01,643.37,21543.0
12:08,643.93,644.06,643.45,643.64,20478.0
12:09,643.82,644.12,643.66,643.89,13839.0
12:10,643.38,643.95,643.06,643.82,17413.0
12:11,643.59,643.84,643.13,643.19,21361.0
12:12,643.35,643.85,643.23,643.6,13385.0
12:13,643.7,643.7,642.76,643.35,18304.0
12:14,643.32,643.79,643.26,643.79,9486.0
12:15,643.15,643.45,642.95,643.11,6611.0
12:16,642.84,643.5,642.84,643.2,13311.0
12:17,644.33,644.75,643.62,643.7,34988.0
12:18,644.56,645.15,644.24,644.49,38259.0
12:19,644.88,645.45,644.27,644.59,26287.0
12:20,645.0,645.45,644.65,645.0,14950.0
12:21,644.04,645.19,644.04,644.98,20381.0
12:22,643.66,644.39,643.56,644.09,5042.0
12:23,642.6,643.41,642.23,643.25,10844.0
12:24,642.84,642.96,642.25,642.69,6633.0
12:25,643.09,643.12,642.5,642.69,15093.0
12:26,642.62,643.12,642.47,643.12,7162.0
12:27,642.79,642.97,642.73,642.73,3125.0
12:28,642.7,642.89,642.5,642.79,8051.0
12:29,641.83,642.62,641.51,642.62,15891.0
12:30,642.19,642.51,641.51,641.83,17332.0
12:31,642.45,642.51,642.16,642.32,5056.0
12:32,642.14,642.65,641.96,642.65,6406.0
12:33,642.48,642.5,641.94,642.0,12625.0
12:34,642.33,642.5,642.23,642.48,9459.0
12:35,642.39,642.65,642.3,642.3,7687.0
12:36,642.66,642.69,642.35,642.39,5829.0
12:37,642.82,642.94,642.53,642.66,8383.0
12:38,642.61,643.12,642.28,642.82,34902.0
12:39,642.59,643.1,642.31,643.1,6955.0
12:40,642.47,642.68,642.34,642.59,5190.0
12:41,642.72,642.81,642.39,642.68,3714.0
12:42,643.0,643.55,642.72,642.72,11713.0
12:43,643.55,643.55,642.88,643.3,7213.0
12:44,642.84,643.57,642.67,643.55,18986.0
12:45,643.26,643.26,642.5,642.95,14277.0
12:46,643.31,643.49,643.16,643.31,5077.0
12:47,643.37,644.0,643.26,643.53,34042.0
12:48,643.83,643.83,643.35,643.72,4841.0
12:49,644.32,644.43,643.84,643.84,4569.0
12:50,643.79,644.43,643.79,644.22,7898.0
12:51,644.15,644.15,643.74,643.79,11776.0
12:52,644.09,644.43,643.99,644.0,11824.0
12:53,644.22,644.3,643.9,644.2,4506.0
12:54,644.76,644.97,644.18,644.22,12652.0
12:55,644.87,645.09,644.54,644.79,11661.0
12:56,645.0,645.0,644.63,644.87,7264.0
12:57,644.62,644.97,644.5,644.9,12276.0
12:58,644.5,644.96,644.44,644.5,5051.0
12:59,644.84,644.84,644.3,644.58,7491.0
13:00,644.65,644.84,644.45,644.68,6282.0
13:01,644.65,644.65,644.33,644.51,5926.0
13:02,645.11,645.11,644.4,644.5,11668.0
13:03,645.4,645.4,644.94,645.11,7930.0
13:04,645.47,645.47,645.02,645.21,12669.0
13:05,645.67,645.67,645.22,645.34,13217.0
13:06,645.77,646.18,645.47,645.67,26388.0
13:07,645.29,645.77,644.88,645.77,7421.0
13:08,643.89,645.28,643.61,645.28,39297.0
13:09,644.42,644.61,643.61,644.01,8496.0
13:10,643.19,644.24,642.52,644.15,22486.0
13:11,643.8,643.89,642.92,642.92,15316.0
13:12,643.82,644.66,643.28,643.99,8357.0
13:13,643.62,644.1,643.46,643.82,6621.0
13:14,643.22,644.0,643.22,643.85,6086.0
13:15,642.33,643.3,642.06,643.23,14403.0
13:16,642.06,642.75,642.06,642.33,7010.0
13:17,641.65,642.41,641.0,642.13,23016.0
13:18,642.14,642.61,641.63,641.65,8682.0
13:19,642.28,642.28,641.8,641.86,5047.0
13:20,641.99,642.06,641.54,642.06,5199.0
13:21,642.22,642.6,641.75,641.88,9800.0
13:22,642.51,642.94,642.29,642.38,6903.0
13:23,642.15,642.72,641.83,642.66,7373.0
13:24,641.44,642.21,641.44,642.0,7594.0
13:25,641.63,642.0,641.1,641.44,7636.0
13:26,641.89,642.19,641.58,641.87,7131.0
13:27,642.38,642.38,642.38,642.38,17697.0
13:28,641.61,642.28,641.5,642.0,9774.0
13:29,640.69,641.36,640.54,641.31,17518.0
13:30,640.78,640.88,640.45,640.45,6733.0
13:31,640.5,640.71,640.23,640.68,16917.0
13:32,640.81,641.08,640.14,640.3,19949.0
13:33,640.55,640.83,640.39,640.81,15162.0
13:34,640.59,641.1,640.45,640.55,15773.0
13:35,640.36,640.99,640.36,640.67,8247.0
13:36,640.0,640.55,639.4,640.39,16824.0
13:37,640.02,640.37,639.77,640.0,9630.0
13:38,640.43,640.59,640.08,640.3,14205.0
13:39,640.18,640.53,640.14,640.47,6274.0
13:40,639.83,640.27,639.83,640.11,8854.0
13:41,639.64,639.99,639.5,639.88,7671.0
13:42,640.22,640.49,639.59,639.77,16400.0
13:43,640.83,640.83,639.98,640.22,17218.0
13:44,640.5,640.99,640.07,640.66,9496.0
13:45,640.29,640.99,640.12,640.24,7018.0
13:46,641.02,641.35,640.24,640.26,14680.0
13:47,640.03,641.06,639.99,641.06,13029.0
13:48,639.91,640.0,639.84,639.9,5383.0
13:49,639.73,639.96,639.17,639.74,19960.0
13:50,639.82,640.08,639.54,639.94,9160.0
13:51,639.72,639.86,639.02,639.68,9727.0
13:52,639.55,639.86,639.24,639.86,4956.0
13:53,639.39,639.83,639.24,639.6,5041.0
13:54,638.97,639.84,638.96,639.47,11637.0
13:55,639.34,639.34,638.97,639.23,4893.0
13:56,638.24,639.1,638.19,639.09,13318.0
13:57,638.03,638.32,637.54,638.23,14164.0
13:58,637.71,637.93,637.42,637.93,8995.0
13:59,637.66,638.0,637.49,637.51,8194.0
14:00,637.64,638.04,637.5,637.66,11781.0
14:01,637.5,637.74,637.29,637.42,9086.0
14:02,637.84,638.0,637.52,637.55,9619.0
14:03,637.84,638.23,637.64,637.82,8516.0
14:04,638.93,639.54,637.78,637.91,16750.0
14:05,639.46,639.54,639.25,639.26,16966.0
14:06,640.36,640.46,639.51,639.51,12239.0
14:07,639.76,640.32,639.62,640.18,8554.0
14:08,639.42,639.69,639.34,639.69,6695.0
14:09,639.1,639.71,639.1,639.64,5360.0
14:10,639.4,639.69,639.35,639.35,2686.0
14:11,639.1,639.4,639.1,639.16,3417.0
14:12,639.9,640.02,639.27,639.37,18907.0
14:13,640.01,640.39,640.01,640.02,8815.0
14:14,639.82,640.12,639.65,639.89,6273.0
14:15,639.97,640.24,639.76,639.76,5689.0
14:16,639.98,640.15,639.98,640.09,6401.0
14:17,639.96,640.19,639.81,640.13,5058.0
14:18,640.04,640.15,639.9,639.93,6802.0
14:19,640.06,640.16,639.86,640.04,3960.0
14:20,639.36,639.99,639.36,639.89,4667.0
14:21,639.37,639.61,639.36,639.39,3522.0
14:22,639.38,639.61,639.37,639.39,3361.0
14:23,639.48,639.48,639.18,639.4,9005.0
14:24,639.32,639.5,639.26,639.27,2706.0
14:25,639.31,639.47,639.19,639.47,5366.0
14:26,639.26,639.43,639.08,639.13,3643.0
14:27,638.93,639.21,638.8,639.08,8660.0
14:28,639.28,639.45,638.76,638.76,5386.0
14:29,639.49,639.53,639.29,639.38,6804.0
14:30,639.17,639.32,639.14,639.32,1922.0
14:31,638.85,639.19,638.85,639.14,6696.0
14:32,638.45,638.95,638.45,638.88,4831.0
14:33,638.29,638.79,638.21,638.79,6768.0
14:34,638.62,638.8,638.52,638.52,6345.0
14:35,638.19,638.72,638.05,638.62,16324.0
14:36,638.19,638.19,637.79,638.0,9325.0
14:37,638.45,638.67,637.83,638.18,5443.0
14:38,638.6,638.6,638.2,638.31,4759.0
14:39,638.28,638.59,638.19,638.19,2391.0
14:40,638.56,638.72,638.28,638.28,11072.0
14:41,638.03,638.45,638.0,638.44,13679.0
14:42,638.28,638.44,638.08,638.33,4967.0
14:43,638.0,638.53,638.0,638.3,8980.0
14:44,637.81,638.31,637.81,638.23,8767.0
14:45,637.51,637.85,637.51,637.85,15828.0
14:46,637.33,637.7,637.2,637.61,8622.0
14:47,637.34,637.34,637.26,637.33,7086.0
14:48,637.14,637.33,637.14,637.32,5048.0
14:49,636.94,637.31,636.94,637.26,10731.0
14:50,637.66,637.67,637.1,637.1,6059.0
14:51,637.41,637.72,637.21,637.72,8054.0
14:52,637.28,637.47,637.25,637.29,4444.0
14:53,637.48,637.58,637.32,637.33,11899.0
14:54,637.36,637.53,637.29,637.4,4581.0
14:55,637.28,637.68,637.09,637.53,7699.0
14:56,637.47,637.55,636.96,637.27,11438.0
14:57,637.53,637.73,637.35,637.6,4769.0
14:58,637.12,637.51,637.12,637.38,5310.0
14:59,637.57,637.6,637.35,637.59,4231.0
15:00,637.68,637.75,637.61,637.73,2806.0
15:01,637.42,637.72,637.17,637.72,9310.0
15:02,637.26,637.33,637.26,637.29,4783.0
15:03,637.8,637.95,637.33,637.33,6052.0
15:04,637.12,637.86,637.12,637.86,8190.0
15:05,637.46,637.46,636.97,637.28,5799.0
15:06,637.09,637.4,637.01,637.4,7115.0
15:07,637.32,637.5,637.07,637.17,13152.0
15:08,637.0,637.48,636.46,637.24,23181.0
15:09,637.05,637.05,636.98,637.03,3872.0
15:10,637.06,637.13,636.64,636.81,5351.0
15:11,637.14,637.29,637.08,637.28,3920.0
15:12,637.58,637.65,637.14,637.14,6017.0
15:13,636.99,637.41,636.96,637.41,11562.0
15:14,637.28,637.51,637.02,637.24,6113.0
15:15,637.4,637.52,637.26,637.26,4705.0
15:16,636.99,637.42,636.92,637.38,16654.0
15:17,637.29,637.55,637.11,637.11,7191.0
15:18,637.35,637.5,636.96,637.28,6782.0
15:19,637.75,637.87,637.24,637.24,6984.0
15:20,637.74,637.9,637.5,637.82,8192.0
15:21,637.58,637.98,637.58,637.71,6604.0
15:22,637.78,637.95,637.68,637.68,6017.0
15:23,637.8,638.0,637.49,637.6,6220.0
15:24,637.67,637.97,637.64,637.97,5990.0
15:25,637.29,637.89,637.29,637.67,14220.0
15:26,637.01,637.46,637.0,637.29,15432.0
15:27,636.81,637.1,636.7,637.1,11464.0
15:28,636.84,636.9,636.65,636.83,7698.0
15:29,636.94,636.94,636.73,636.76,8042.0
15:30,637.03,637.19,636.67,636.82,14853.0
15:31,637.54,637.95,637.03,637.03,11540.0
15:32,637.52,637.83,637.37,637.54,11917.0
15:33,636.71,637.52,636.66,637.52,20485.0
15:34,636.47,636.71,636.35,636.71,14102.0
15:35,636.48,636.62,636.2,636.24,11717.0
15:36,636.44,636.57,636.3,636.48,11138.0
15:37,636.3,636.5,636.0,636.23,13654.0
15:38,635.83,636.29,635.71,636.17,12212.0
15:39,635.13,635.91,635.13,635.81,15151.0
15:40,634.26,635.14,634.19,635.14,41678.0
15:41,634.04,634.63,633.92,634.26,39420.0
15:42,634.34,634.44,634.0,634.0,8885.0
15:43,633.8,634.47,633.8,634.34,18888.0
15:44,634.34,634.47,633.68,633.8,23333.0
15:45,635.32,635.63,634.82,635.63,18378.0
15:46,635.5,635.92,635.22,635.32,15974.0
15:47,635.35,635.51,635.22,635.51,17810.0
15:48,636.46,636.52,635.42,635.42,12865.0
15:49,636.99,636.99,636.29,636.35,13530.0
15:50,637.5,637.59,636.64,636.74,19360.0
15:51,637.75,637.87,637.25,637.6,27817.0
15:52,637.76,637.9,637.5,637.75,26430.0
15:53,638.65,638.65,637.7,637.79,20433.0
15:54,638.67,638.75,638.43,638.56,27063.0
15:55,638.6,638.75,638.3,638.6,24489.0
15:56,639.16,639.29,638.55,638.6,31396.0
15:57,639.42,639.66,639.03,639.16,41957.0
15:58,639.48,639.66,639.19,639.44,44674.0
15:59,639.54,640.37,639.31,639.43,116585.0
