Time,Close,High,Low,Open,Volume
09:30,747.79,749.33,746.82,746.82,106044.0
09:31,746.85,746.85,745.99,745.99,1565.0
09:32,746.32,747.54,746.32,747.44,1037.0
09:33,750.3,752.0,747.31,747.84,101160.0
09:34,753.0,753.0,749.89,750.3,17115.0
09:35,753.38,756.52,752.68,754.0,68064.0
09:36,753.28,754.2,751.94,753.38,27790.0
09:37,755.73,755.73,752.0,753.59,18662.0
09:38,758.63,758.88,754.5,755.55,56528.0
09:39,761.73,762.77,758.01,758.01,87969.0
09:40,762.68,764.0,761.31,761.73,54580.0
09:41,761.28,762.66,759.36,762.66,27628.0
09:42,760.32,762.32,759.95,761.27,24214.0
09:43,760.56,761.38,760.01,760.32,13442.0
09:44,759.53,761.25,759.01,760.79,25598.0
09:45,760.16,761.0,758.84,759.29,28538.0
09:46,758.9,760.23,758.6,759.97,17919.0
09:47,759.6,760.79,758.68,760.0,13689.0
09:48,756.55,759.6,756.55,759.17,29052.0
09:49,758.57,759.8,756.0,756.0,13973.0
09:50,758.05,758.58,756.65,758.58,13537.0
09:51,759.48,759.61,757.8,758.15,16544.0
09:52,761.86,762.06,759.0,759.24,36000.0
09:53,761.86,763.71,761.86,761.94,22215.0
09:54,764.11,764.25,761.4,761.89,32673.0
09:55,763.88,765.0,762.98,764.11,36497.0
09:56,765.41,765.49,763.27,763.89,31640.0
09:57,764.09,765.66,764.07,765.16,20176.0
09:58,763.86,765.23,763.21,764.02,18789.0
09:59,764.99,765.72,763.51,763.85,20488.0
10:00,766.97,767.2,765.64,765.69,36982.0
10:01,764.91,767.18,764.86,766.62,27830.0
10:02,764.06,765.53,763.03,764.89,22502.0
10:03,766.08,766.4,764.0,764.0,18596.0
10:04,767.17,768.0,766.02,766.08,42441.0
10:05,764.21,767.41,763.18,767.41,57738.0
10:06,762.37,765.85,762.01,764.21,21426.0
10:07,759.31,762.27,759.08,762.07,24636.0
10:08,760.29,760.29,759.08,759.32,13478.0
10:09,759.7,760.06,758.82,760.05,12354.0
10:10,760.19,760.4,758.99,759.37,8107.0
10:11,761.61,761.61,758.81,759.9,16067.0
10:12,763.76,763.76,761.03,761.51,16863.0
10:13,761.21,764.52,761.21,762.88,13570.0
10:14,758.78,760.51,758.0,760.51,8609.0
10:15,759.72,760.3,758.2,758.22,6050.0
10:16,759.5,760.71,759.5,760.5,8313.0
10:17,757.89,758.69,757.42,758.66,16836.0
10:18,757.35,759.39,757.35,757.99,15157.0
10:19,756.46,757.7,756.07,757.45,10486.0
10:20,757.14,757.66,756.43,756.67,25220.0
10:21,757.26,757.81,756.0,756.0,16136.0
10:22,756.75,757.65,756.75,757.02,9201.0
10:23,757.6,757.6,756.69,756.69,2008.0
10:24,756.97,757.33,756.43,756.79,10724.0
10:25,758.8,758.8,756.79,757.39,15942.0
10:26,757.97,758.43,757.95,758.17,10921.0
10:27,757.71,759.14,757.69,757.95,6245.0
10:28,756.67,757.32,756.28,757.0,6250.0
10:29,757.83,757.83,757.43,757.43,8856.0
10:30,758.45,758.69,757.49,757.83,9233.0
10:31,759.46,759.7,758.4,758.45,10129.0
10:32,758.67,759.7,758.52,759.05,17277.0
10:33,758.02,758.92,758.02,758.92,5712.0
10:34,758.0,758.4,756.95,758.3,22698.0
10:35,756.57,757.03,756.28,757.03,2865.0
10:36,757.68,757.68,755.83,756.0,14716.0
10:37,757.69,757.89,756.79,757.33,10752.0
10:38,757.13,757.68,756.88,757.53,16188.0
10:39,757.5,757.64,756.8,756.94,5522.0
10:40,757.34,758.35,757.34,757.8,14466.0
10:41,757.89,758.04,757.69,757.85,4926.0
10:42,756.68,757.5,756.32,757.45,7700.0
10:43,755.49,756.68,755.26,756.04,10517.0
10:44,755.29,755.49,754.41,755.0,16183.0
10:45,756.89,757.16,755.72,755.73,8035.0
10:46,756.47,756.89,755.73,756.89,6825.0
10:47,756.62,757.22,756.37,756.47,2955.0
10:48,756.59,756.86,756.09,756.6,6681.0
10:49,756.65,756.84,755.98,756.53,16247.0
10:50,757.45,757.45,756.3,756.78,8381.0
10:51,757.62,758.11,757.49,757.49,2387.0
10:52,757.72,757.72,757.71,757.71,2800.0
10:53,758.01,758.33,757.31,757.66,9487.0
10:54,758.72,759.29,757.91,758.01,13974.0
10:55,758.81,759.53,757.9,758.86,36563.0
10:56,756.48,758.43,755.0,758.38,13832.0
10:57,755.48,756.05,754.93,756.04,4450.0
10:58,755.69,756.0,754.8,754.81,26430.0
10:59,755.46,755.97,754.88,755.97,14159.0
11:00,755.2,756.03,754.8,755.46,17251.0
11:01,754.86,755.37,754.06,754.7,11396.0
11:02,755.46,755.46,754.89,754.9,8499.0
11:03,756.49,756.49,755.57,755.76,3934.0
11:04,756.18,757.33,756.18,756.83,6285.0
11:05,755.7,756.95,755.7,756.01,7724.0
11:06,756.09,756.49,755.73,755.91,4935.0
11:07,756.09,756.65,755.64,756.1,4997.0
11:08,755.51,756.09,755.45,756.09,7864.0
11:09,755.08,755.55,755.08,755.55,1820.0
11:10,755.49,755.49,754.83,754.9,5606.0
11:11,756.49,756.65,755.12,755.61,4861.0
11:12,757.45,757.7,757.12,757.12,9299.0
11:13,756.88,757.91,756.5,756.5,5461.0
11:14,757.38,757.6,756.84,756.97,7273.0
11:15,758.46,758.46,757.29,757.32,5006.0
11:16,757.61,758.62,756.9,758.15,15094.0
11:17,757.57,758.0,757.38,757.38,3188.0
11:18,757.99,758.05,756.84,757.64,9311.0
11:19,757.91,758.01,757.46,757.76,5713.0
11:20,757.58,758.0,757.08,757.71,12550.0
11:21,756.88,757.53,756.88,757.41,4828.0
11:22,756.25,757.36,756.25,757.36,7644.0
11:23,756.81,756.84,756.25,756.25,4312.0
11:24,756.25,756.37,755.56,756.12,6013.0
11:25,757.28,758.0,756.12,756.12,11556.0
11:26,757.48,758.12,757.28,757.28,3285.0
11:27,757.3,758.09,757.09,757.98,8043.0
11:28,757.12,757.22,756.75,756.77,5613.0
11:29,757.02,757.42,757.02,757.12,4250.0
11:30,756.18,756.6,756.18,756.6,3932.0
11:31,756.04,756.68,755.77,756.01,6638.0
11:32,756.97,757.82,756.34,756.42,4410.0
11:33,757.32,757.82,757.14,757.59,3659.0
11:34,755.96,757.01,755.96,757.01,4621.0
11:35,755.78,756.48,755.78,755.85,5169.0
11:36,756.31,756.31,755.42,755.6,15201.0
11:37,756.82,756.82,756.11,756.11,3968.0
11:38,756.65,756.93,756.24,756.93,5670.0
11:39,757.57,757.57,756.61,756.61,5224.0
11:40,759.35,759.42,757.73,757.97,7944.0
11:41,758.88,759.3,758.22,758.82,5422.0
11:42,759.34,759.36,758.55,758.55,5390.0
11:43,759.39,759.45,758.68,759.35,4182.0
11:44,759.42,759.81,759.05,759.05,4726.0
11:45,758.96,759.44,758.86,759.44,10555.0
11:46,759.41,759.68,759.21,759.39,6357.0
11:47,758.91,759.41,758.29,759.41,4515.0
11:48,758.01,759.13,757.99,758.8,5370.0
11:49,758.55,758.76,758.1,758.33,6336.0
11:50,757.59,758.51,757.16,758.51,11185.0
11:51,757.91,757.91,757.91,757.91,528.0
11:52,757.3,758.3,757.13,757.43,5486.0
11:53,757.5,757.67,757.31,757.31,1385.0
11:54,758.24,758.24,758.1,758.1,11866.0
11:55,757.36,758.01,757.36,758.01,2973.0
11:56,757.29,757.35,757.29,757.35,2069.0
11:57,757.83,757.83,757.48,757.61,3669.0
11:58,758.4,758.41,757.62,757.83,8369.0
11:59,757.9,758.34,757.69,758.0,2768.0
12:00,758.56,758.56,757.41,757.8,10359.0
12:01,758.65,758.65,758.3,758.3,1045.0
12:02,758.57,758.7,758.38,758.42,3276.0
12:03,758.22,758.54,758.21,758.54,3232.0
12:04,757.96,758.33,757.96,758.09,3481.0
12:05,758.26,759.55,758.09,758.88,5879.0
12:06,758.33,758.33,758.0,758.1,3257.0
12:07,758.67,758.7,758.58,758.58,1546.0
12:08,758.79,758.88,758.31,758.88,1343.0
12:09,758.57,758.73,758.24,758.73,1969.0
12:10,758.07,758.89,758.07,758.56,5665.0
12:11,758.63,758.67,757.95,758.67,2974.0
12:12,758.39,758.39,758.39,758.39,700.0
12:13,759.65,759.65,758.28,758.67,6773.0
12:14,759.39,759.61,758.89,759.61,4098.0
12:15,758.95,759.32,758.94,758.94,2197.0
12:16,758.33,758.95,758.33,758.95,5521.0
12:17,759.19,759.19,757.88,758.22,6907.0
12:18,759.06,759.35,758.64,759.19,6310.0
12:19,758.52,759.06,758.52,759.05,3610.0
12:20,758.98,758.98,758.56,758.56,2035.0
12:21,759.03,759.4,759.02,759.27,6222.0
12:22,759.26,759.6,759.04,759.04,7778.0
12:23,759.19,759.32,758.91,759.03,2831.0
12:24,759.12,759.86,758.81,759.32,1142.0
12:25,759.24,759.5,759.01,759.31,2751.0
12:26,759.23,759.62,759.06,759.06,6397.0
12:27,758.94,759.32,758.94,759.23,4367.0
12:28,759.15,759.15,758.94,759.0,3014.0
12:29,758.87,759.16,758.55,758.94,8615.0
12:30,759.04,759.58,758.7,758.7,18354.0
12:31,759.33,759.34,758.85,759.04,6646.0
12:32,759.35,759.54,759.29,759.33,6136.0
12:33,759.62,760.0,759.38,759.39,7454.0
12:34,759.08,759.64,759.08,759.62,4479.0
12:35,760.19,760.2,759.43,759.49,19842.0
12:36,760.74,760.84,760.26,760.26,9438.0
12:37,760.48,760.75,760.26,760.75,12357.0
12:38,761.0,761.0,760.19,760.48,9807.0
12:39,760.78,761.3,760.52,761.3,11520.0
12:40,759.71,760.61,759.71,760.46,3349.0
12:41,759.19,760.37,759.19,759.79,1987.0
12:42,759.47,759.47,758.75,759.18,13135.0
12:43,758.05,758.7,758.05,758.7,2867.0
12:44,758.05,759.33,758.05,758.74,2808.0
12:45,758.81,759.32,758.69,759.28,4434.0
12:46,758.48,759.23,758.48,758.72,3635.0
12:47,758.16,758.21,758.16,758.21,1987.0
12:48,758.93,758.93,758.15,758.15,1488.0
12:49,759.35,759.35,758.71,759.03,1460.0
12:50,759.01,759.29,758.73,759.29,3065.0
12:51,759.52,759.52,758.99,758.99,2233.0
12:52,759.88,760.0,759.53,759.53,4340.0
12:53,760.03,760.41,759.83,759.88,9030.0
12:54,759.49,759.57,759.38,759.57,2191.0
12:55,758.87,759.51,758.87,759.51,699.0
12:56,758.39,759.14,758.39,758.79,6404.0
12:57,758.67,758.67,758.15,758.15,3240.0
12:58,758.54,758.54,758.09,758.12,1403.0
12:59,759.0,759.0,758.24,758.54,1716.0
13:00,758.68,758.68,758.13,758.24,6780.0
13:01,758.43,758.58,758.43,758.55,3242.0
13:02,758.59,758.64,758.27,758.27,2218.0
13:03,758.68,758.89,758.08,758.6,5202.0
13:04,758.84,758.99,758.54,758.54,6919.0
13:05,759.15,759.15,758.54,758.61,4071.0
13:06,758.99,759.26,758.88,759.03,4345.0
13:07,759.37,759.37,758.91,759.32,3356.0
13:08,759.66,759.75,759.05,759.05,10036.0
13:09,759.22,759.55,758.83,759.44,9132.0
13:10,759.49,759.49,759.1,759.41,3905.0
13:11,759.55,760.0,759.49,759.49,8160.0
13:12,760.03,760.08,759.68,759.68,3196.0
13:13,759.88,760.49,759.55,759.89,3413.0
13:14,759.87,760.14,759.29,759.84,4629.0
13:15,759.27,759.96,759.27,759.92,4536.0
13:16,759.54,759.73,759.14,759.14,11607.0
13:17,759.88,760.19,759.13,759.22,13749.0
13:18,759.5,759.71,759.12,759.71,3841.0
13:19,759.2,759.76,758.97,759.76,7705.0
13:20,759.19,759.19,759.19,759.19,665.0
13:21,759.23,759.47,759.08,759.2,2453.0
13:22,759.0,759.34,758.6,759.09,9987.0
13:23,758.91,758.98,758.28,758.85,14456.0
13:24,758.78,759.15,758.78,758.79,3714.0
13:25,758.39,759.03,758.39,759.03,4253.0
13:26,758.59,758.59,758.42,758.42,1132.0
13:27,758.3,758.62,758.26,758.54,5044.0
13:28,758.03,758.48,757.93,758.05,6070.0
13:29,757.66,758.02,756.79,757.81,8286.0
13:30,758.65,759.0,757.33,757.43,7813.0
13:31,758.28,758.31,758.28,758.31,2577.0
13:32,757.9,758.56,757.9,758.11,2658.0
13:33,757.61,757.99,757.61,757.8,4316.0
13:34,757.2,757.99,757.13,757.72,5505.0
13:35,757.29,757.29,757.29,757.29,2557.0
13:36,757.22,757.22,757.02,757.02,4921.0
13:37,757.49,757.49,757.34,757.34,1139.0
13:38,757.25,757.61,756.92,757.14,5036.0
13:39,758.12,758.3,757.53,757.53,7576.0
13:40,758.48,758.61,758.39,758.61,3232.0
13:41,758.83,759.34,758.51,758.51,14498.0
13:42,759.37,759.37,758.73,758.73,3185.0
13:43,759.14,759.38,759.1,759.1,3576.0
13:44,759.15,759.24,759.13,759.13,3911.0
13:45,759.28,759.61,758.91,759.15,7496.0
13:46,758.74,759.61,758.74,759.5,13637.0
13:47,758.85,759.0,758.62,758.75,12296.0
13:48,759.26,759.38,758.85,758.85,4919.0
13:49,759.91,760.0,759.5,759.5,18283.0
13:50,760.08,760.3,759.84,759.87,13058.0
13:51,759.16,760.28,758.85,760.28,9604.0
13:52,759.0,759.7,759.0,759.32,3915.0
13:53,758.99,759.97,758.72,759.0,5322.0
13:54,759.21,759.21,758.77,759.0,2690.0
13:55,759.27,759.27,758.99,759.01,2021.0
13:56,759.37,759.37,758.42,758.66,15814.0
13:57,759.54,759.54,759.27,759.27,1501.0
13:58,759.66,759.82,759.23,759.5,2131.0
13:59,759.39,759.72,759.26,759.55,3094.0
14:00,759.26,759.47,759.16,759.45,8642.0
14:01,759.35,759.48,759.11,759.11,4471.0
14:02,758.64,759.04,758.01,759.04,6679.0
14:03,758.84,759.09,758.64,758.64,8407.0
14:04,759.06,759.24,758.81,759.11,16393.0
14:05,759.76,759.76,759.43,759.43,4979.0
14:06,759.73,759.96,759.26,759.96,17614.0
14:07,759.6,759.66,759.33,759.49,6401.0
14:08,759.58,759.74,759.44,759.69,6230.0
14:09,759.06,759.66,758.99,759.48,64932.0
14:10,760.14,760.17,759.36,759.47,13661.0
14:11,759.77,759.88,759.77,759.88,5600.0
14:12,759.56,759.77,759.09,759.77,8635.0
14:13,759.96,759.96,759.41,759.48,2519.0
14:14,759.54,760.09,759.54,759.95,6690.0
14:15,759.78,759.78,759.44,759.54,2192.0
14:16,760.45,760.45,759.78,759.78,4945.0
14:17,759.73,760.22,759.73,760.22,8176.0
14:18,759.96,759.96,759.79,759.91,3284.0
14:19,759.55,759.95,759.52,759.8,5366.0
14:20,759.63,759.97,759.52,759.52,6717.0
14:21,759.72,759.72,759.59,759.59,1337.0
14:22,760.08,760.08,759.64,759.76,3175.0
14:23,761.55,761.55,760.08,760.28,7824.0
14:24,761.12,761.56,761.12,761.55,5428.0
14:25,760.82,760.82,760.76,760.76,1007.0
14:26,761.99,761.99,760.96,761.25,8001.0
14:27,761.87,761.97,761.64,761.72,4020.0
14:28,763.0,763.16,761.89,762.0,16538.0
14:29,763.32,763.32,763.08,763.23,5885.0
14:30,763.71,763.74,762.81,763.08,10248.0
14:31,763.88,764.06,763.52,763.61,8866.0
14:32,763.72,764.32,763.48,764.2,9760.0
14:33,763.98,764.31,763.6,763.6,4620.0
14:34,763.95,764.25,763.83,763.95,4980.0
14:35,763.93,763.93,763.28,763.65,7671.0
14:36,764.57,764.73,764.02,764.13,20930.0
14:37,764.42,764.68,764.29,764.68,3370.0
14:38,763.79,764.37,763.79,764.29,7097.0
14:39,763.97,763.99,763.79,763.86,3434.0
14:40,763.78,763.79,763.01,763.79,9319.0
14:41,763.75,763.78,762.98,763.77,4129.0
14:42,764.0,764.49,763.34,764.06,7646.0
14:43,764.02,764.55,763.98,763.99,7728.0
14:44,764.57,764.58,764.27,764.27,1633.0
14:45,764.57,764.99,764.24,764.78,7203.0
14:46,764.56,764.59,764.16,764.59,5676.0
14:47,764.42,764.56,764.13,764.56,6412.0
14:48,764.32,764.4,764.02,764.32,5258.0
14:49,764.21,764.23,763.92,764.07,4105.0
14:50,763.3,764.09,763.3,764.09,5590.0
14:51,762.98,763.34,762.88,763.27,14305.0
14:52,763.05,763.45,762.86,763.09,9462.0
14:53,763.44,763.44,762.81,762.96,14189.0
14:54,763.0,763.09,762.86,763.04,5833.0
14:55,763.21,763.46,762.95,763.13,14415.0
14:56,763.68,763.68,763.0,763.22,4984.0
14:57,763.14,763.35,762.95,763.35,6808.0
14:58,763.72,763.94,763.06,763.14,5248.0
14:59,763.59,763.93,763.49,763.93,4381.0
15:00,764.0,764.16,763.73,763.73,12688.0
15:01,763.26,764.26,762.96,764.12,25752.0
15:02,763.06,763.37,763.0,763.11,5187.0
15:03,762.74,763.18,762.74,763.06,20784.0
15:04,763.48,763.76,763.07,763.07,6702.0
15:05,764.5,764.5,763.66,763.66,8047.0
15:06,763.92,764.5,763.92,764.25,6865.0
15:07,763.93,764.39,763.9,763.9,7533.0
15:08,764.01,764.3,763.88,764.05,5631.0
15:09,764.16,764.39,764.15,764.18,4601.0
15:10,763.8,764.05,763.8,764.05,7209.0
15:11,764.0,764.18,763.79,763.87,4905.0
15:12,764.15,764.15,763.88,764.12,3697.0
15:13,763.81,764.25,763.81,763.93,8302.0
15:14,763.68,764.0,763.63,763.78,7940.0
15:15,763.07,763.69,762.8,763.69,13768.0
15:16,763.56,763.85,763.11,763.51,6195.0
15:17,763.43,763.75,763.31,763.55,4772.0
15:18,763.33,763.54,763.28,763.35,10061.0
15:19,763.41,763.55,763.21,763.35,5605.0
15:20,763.18,763.67,763.13,763.67,8192.0
15:21,763.25,763.29,762.95,763.16,13461.0
15:22,763.35,763.35,763.02,763.02,2731.0
15:23,763.87,764.04,763.21,763.21,4979.0
15:24,763.38,763.92,763.35,763.92,6704.0
15:25,762.96,763.33,762.83,763.33,9345.0
15:26,763.63,763.63,762.71,763.26,13599.0
15:27,763.41,763.86,763.34,763.86,9500.0
15:28,763.15,763.6,763.14,763.34,5858.0
15:29,763.31,763.5,762.77,763.18,11689.0
15:30,763.95,763.95,762.7,763.31,17438.0
15:31,763.51,764.02,763.51,763.98,5556.0
15:32,763.96,764.06,763.51,763.51,9672.0
15:33,763.57,763.89,763.36,763.79,6358.0
15:34,763.09,764.18,763.09,763.8,13047.0
15:35,763.1,764.1,763.1,763.28,9125.0
15:36,763.29,763.32,762.99,763.12,4536.0
15:37,763.65,763.79,763.48,763.57,5672.0
15:38,763.67,763.86,763.6,763.65,10681.0
15:39,764.23,764.32,763.74,763.94,9204.0
15:40,764.22,764.3,764.11,764.23,10058.0
15:41,764.54,764.54,764.02,764.21,10489.0
15:42,764.19,764.6,764.18,764.45,10206.0
15:43,764.35,764.67,764.16,764.22,10881.0
15:44,764.55,764.57,764.41,764.41,11579.0
15:45,764.0,764.57,764.0,764.56,14900.0
15:46,764.08,764.23,763.89,764.0,9668.0
15:47,764.8,765.0,764.22,764.28,28226.0
15:48,764.78,765.1,764.77,764.9,12558.0
15:49,765.54,765.61,764.74,764.75,14902.0
15:50,764.83,765.72,764.05,765.55,31824.0
15:51,764.84,765.05,764.35,764.89,62950.0
15:52,763.67,764.76,763.54,764.7,21327.0
15:53,762.61,763.67,762.61,763.54,19493.0
15:54,763.3,763.58,762.38,762.76,18651.0
15:55,763.45,764.16,762.78,763.1,44978.0
15:56,763.4,763.45,762.86,763.32,19980.0
15:57,763.62,763.72,763.06,763.41,54779.0
15:58,761.9,763.75,761.9,763.68,71762.0
15:59,762.65,762.94,761.42,762.02,106290.0
