Time,Close,High,Low,Open,Volume
09:30,791.29,791.34,787.36,790.0,68799.0
09:31,791.95,793.0,789.68,791.35,10679.0
09:32,791.81,792.81,789.32,791.95,23661.0
09:33,793.28,794.94,791.75,791.75,5567.0
09:34,793.0,795.0,793.0,793.28,13191.0
09:35,792.26,794.0,792.26,793.63,8822.0
09:36,792.0,792.91,792.0,792.45,6573.0
09:37,790.97,792.52,790.96,791.47,11567.0
09:38,793.16,793.16,791.24,791.24,9970.0
09:39,793.03,793.16,792.22,793.16,4982.0
09:40,794.24,794.32,792.91,793.29,10422.0
09:41,794.76,794.76,793.66,793.83,8090.0
09:42,794.82,795.0,793.22,794.26,12605.0
09:43,795.0,795.34,794.79,794.98,5691.0
09:44,795.27,795.6,794.68,795.6,7803.0
09:45,796.31,797.0,795.03,795.03,13595.0
09:46,795.27,796.33,795.27,795.99,4320.0
09:47,795.91,796.22,795.58,796.22,2754.0
09:48,796.09,796.09,795.19,795.99,2785.0
09:49,795.62,796.22,795.0,796.22,6150.0
09:50,796.16,796.24,795.62,795.62,10342.0
09:51,796.17,797.25,795.98,797.0,11853.0
09:52,795.84,797.12,795.49,796.17,6252.0
09:53,794.68,795.36,794.52,795.24,7796.0
09:54,792.52,794.79,792.43,794.77,10462.0
09:55,792.43,792.79,792.43,792.79,6478.0
09:56,791.96,792.9,791.96,792.54,6639.0
09:57,791.33,791.73,790.96,791.73,7608.0
09:58,791.28,792.7,791.19,792.22,2672.0
09:59,792.26,792.26,790.91,790.91,3409.0
10:00,790.5,791.73,790.43,791.43,5967.0
10:01,791.0,791.15,790.5,790.5,3849.0
10:02,791.1,791.71,791.03,791.71,2795.0
10:03,791.92,792.9,791.37,791.89,3336.0
10:04,792.64,792.9,791.85,792.25,5550.0
10:05,794.34,794.83,792.33,792.33,5218.0
10:06,795.0,795.0,794.24,794.24,2234.0
10:07,797.36,797.36,794.55,794.55,10135.0
10:08,796.61,798.77,796.61,798.0,4877.0
10:09,797.24,797.24,796.05,796.59,5042.0
10:10,797.16,797.16,796.0,797.16,4016.0
10:11,797.63,797.63,796.74,796.74,4468.0
10:12,796.86,798.2,796.86,797.62,7453.0
10:13,797.44,798.21,797.16,797.16,3491.0
10:14,798.0,798.0,796.51,797.49,16422.0
10:15,797.45,798.63,797.45,797.56,4723.0
10:16,796.86,797.59,796.85,797.46,3439.0
10:17,797.45,797.45,796.92,796.92,2670.0
10:18,797.4,797.41,796.72,796.72,1322.0
10:19,797.0,797.5,796.4,797.5,3030.0
10:20,796.38,796.54,796.12,796.54,1839.0
10:21,797.44,797.44,796.18,796.48,7412.0
10:22,797.18,797.44,796.18,797.44,2291.0
10:23,797.15,797.15,796.14,796.64,3482.0
10:24,796.51,797.05,796.32,797.05,2588.0
10:25,795.82,796.51,795.28,796.51,4416.0
10:26,795.71,796.03,795.23,795.82,5210.0
10:27,794.16,796.4,794.16,795.02,2887.0
10:28,794.02,794.02,793.5,794.0,2288.0
10:29,793.82,794.52,793.16,793.53,4014.0
10:30,794.8,794.87,794.8,794.8,1345.0
10:31,794.74,794.8,794.74,794.8,1775.0
10:32,794.08,794.08,794.08,794.08,1397.0
10:33,794.96,795.19,793.98,793.98,5421.0
10:34,794.95,795.33,794.95,795.33,3091.0
10:35,794.16,794.96,794.16,794.96,2455.0
10:36,794.78,794.8,794.28,794.53,2002.0
10:37,793.73,794.53,793.7,794.24,4226.0
10:38,794.51,794.51,794.2,794.2,1868.0
10:39,793.51,794.59,793.2,794.58,4061.0
10:40,794.58,794.59,794.01,794.04,5052.0
10:41,794.95,794.95,794.67,794.67,1232.0
10:42,793.77,794.33,793.77,794.33,1839.0
10:43,793.18,794.39,793.02,794.39,2886.0
10:44,793.36,793.67,793.03,793.03,1192.0
10:45,793.08,793.4,792.95,793.4,2275.0
10:46,792.5,793.0,792.5,793.0,1934.0
10:47,793.15,793.15,793.12,793.12,6763.0
10:48,792.93,792.93,792.93,792.93,810.0
10:49,792.35,792.54,792.35,792.54,1354.0
10:50,793.35,793.35,793.35,793.35,1361.0
10:51,793.72,793.72,793.35,793.35,5201.0
10:52,793.8,794.14,793.16,794.14,1407.0
10:53,793.7,793.7,793.15,793.67,1491.0
10:54,794.04,794.72,793.63,793.89,7650.0
10:55,795.57,795.57,794.16,794.16,7145.0
10:56,794.65,794.83,794.65,794.83,3502.0
10:57,795.39,795.54,795.39,795.54,964.0
10:58,794.95,795.44,794.95,795.08,2411.0
10:59,795.38,795.72,795.2,795.72,4048.0
11:00,795.13,795.38,795.13,795.38,1672.0
11:01,795.95,795.95,795.34,795.34,3193.0
11:02,795.36,795.95,795.34,795.34,1946.0
11:03,795.07,795.8,795.07,795.8,2547.0
11:04,795.18,795.22,794.96,794.96,1997.0
11:05,795.79,795.79,794.66,795.17,3954.0
11:06,795.98,796.69,795.98,796.69,2400.0
11:07,796.83,797.16,795.98,795.98,4749.0
11:08,796.75,797.15,796.67,797.15,3972.0
11:09,796.75,796.75,796.02,796.02,2419.0
11:10,796.46,797.16,796.46,796.91,1728.0
11:11,797.35,797.5,796.97,797.02,2800.0
11:12,798.0,798.0,797.32,797.7,3731.0
11:13,797.81,798.01,797.47,797.73,9378.0
11:14,796.75,797.57,796.75,797.57,3397.0
11:15,796.66,796.96,796.66,796.96,1835.0
11:16,796.13,797.55,796.13,797.55,2532.0
11:17,796.34,796.34,796.01,796.01,1342.0
11:18,795.07,796.25,795.06,796.25,4172.0
11:19,794.36,794.6,794.08,794.49,1755.0
11:20,794.45,794.45,794.26,794.4,1777.0
11:21,794.8,794.8,794.8,794.8,741.0
11:22,794.6,794.86,794.22,794.86,3390.0
11:23,794.41,795.85,794.41,794.66,5147.0
11:24,794.01,795.65,794.01,795.12,5558.0
11:25,794.83,794.83,794.24,794.74,881.0
11:26,795.33,795.33,794.83,794.83,1447.0
11:27,794.92,795.18,794.92,795.18,1407.0
11:28,795.34,795.66,795.29,795.36,3813.0
11:29,794.75,795.66,794.75,795.34,4149.0
11:30,795.45,795.69,794.95,795.22,5593.0
11:31,794.76,795.21,794.04,795.21,4293.0
11:32,794.39,795.0,794.38,795.0,4489.0
11:33,795.89,795.89,794.46,794.46,4617.0
11:34,795.16,795.79,795.16,795.33,2701.0
11:35,795.99,795.99,795.99,795.99,2220.0
11:36,795.56,795.56,795.55,795.55,1139.0
11:37,795.44,795.71,795.44,795.67,3765.0
11:38,795.4,795.4,795.4,795.4,947.0
11:39,795.39,795.77,795.06,795.06,4206.0
11:40,796.08,796.08,795.77,795.77,1620.0
11:41,795.78,795.87,795.5,795.87,5037.0
11:42,795.68,795.77,795.4,795.4,859.0
11:43,795.76,795.78,795.68,795.78,1754.0
11:44,795.47,795.77,795.37,795.77,1475.0
11:45,795.05,795.99,795.05,795.08,6676.0
11:46,794.14,794.78,794.0,794.78,4891.0
11:47,794.31,794.36,794.0,794.0,2335.0
11:48,794.26,794.43,794.11,794.26,1764.0
11:49,794.22,794.51,794.21,794.51,1194.0
11:50,794.26,794.42,794.0,794.21,8682.0
11:51,794.69,794.69,794.22,794.47,3137.0
11:52,794.59,794.91,794.15,794.41,17008.0
11:53,794.46,794.46,794.46,794.46,496.0
11:54,795.42,795.42,795.11,795.11,1876.0
11:55,794.89,794.89,794.46,794.64,4349.0
11:56,794.62,794.62,794.27,794.47,3294.0
11:57,794.63,794.63,794.63,794.63,1204.0
11:58,794.63,794.63,794.63,794.63,712.0
11:59,794.27,794.27,794.27,794.27,773.0
12:00,795.38,795.38,794.27,794.27,2112.0
12:01,795.04,795.46,795.04,795.46,1800.0
12:02,795.86,795.86,794.61,794.91,8509.0
12:03,796.07,796.07,795.81,795.81,2785.0
12:04,796.08,796.08,795.8,795.94,4962.0
12:05,796.09,796.09,795.8,796.08,7140.0
12:06,796.31,796.34,795.93,796.19,6948.0
12:07,796.52,796.59,796.07,796.31,6755.0
12:08,796.0,798.0,795.87,796.18,28804.0
12:09,796.15,797.15,795.95,796.1,15016.0
12:10,796.3,796.3,796.02,796.02,1229.0
12:11,796.27,796.36,795.86,796.36,1991.0
12:12,796.17,796.2,795.85,796.2,1404.0
12:13,796.19,796.19,796.19,796.19,754.0
12:14,796.19,796.37,796.19,796.19,1877.0
12:15,795.27,796.32,795.0,795.67,4788.0
12:16,795.41,795.41,795.18,795.18,1326.0
12:17,795.22,795.22,795.22,795.22,804.0
12:18,795.86,795.86,795.83,795.83,1714.0
12:19,796.06,796.08,795.57,795.57,2105.0
12:20,795.0,796.15,794.85,796.04,14567.0
12:21,794.95,794.95,794.95,794.95,2687.0
12:22,795.05,795.05,795.05,795.05,629.0
12:23,794.88,795.04,794.67,795.04,2019.0
12:24,794.86,795.03,794.86,795.0,2117.0
12:25,795.04,795.07,794.99,794.99,994.0
12:26,795.48,795.48,794.7,794.85,4297.0
12:27,795.1,795.99,795.02,795.54,3469.0
12:28,795.09,795.12,795.03,795.03,1128.0
12:29,795.09,795.28,794.93,794.93,2149.0
12:30,795.36,795.4,795.36,795.36,2294.0
12:31,795.25,795.25,795.02,795.04,2365.0
12:32,795.25,795.25,795.25,795.25,2275.0
12:33,795.57,795.57,795.57,795.57,1680.0
12:34,795.89,795.89,795.89,795.89,1085.0
12:35,796.46,796.46,795.56,795.56,3989.0
12:36,796.8,797.97,796.73,796.83,7073.0
12:37,796.67,797.08,796.52,797.08,2785.0
12:38,796.91,796.91,796.88,796.88,1541.0
12:39,796.27,797.0,796.27,797.0,2150.0
12:40,797.0,797.0,796.69,796.69,1333.0
12:41,798.18,798.18,796.94,796.94,7530.0
12:42,798.47,798.5,798.21,798.43,4132.0
12:43,796.52,798.57,796.37,798.51,24462.0
12:44,796.39,796.44,796.08,796.08,1282.0
12:45,796.74,796.85,795.87,796.0,4094.0
12:46,796.72,796.72,796.29,796.4,2251.0
12:47,796.72,796.79,796.72,796.79,438.0
12:48,796.14,796.72,796.14,796.72,652.0
12:49,797.1,797.3,796.14,796.21,7391.0
12:50,797.99,798.0,797.1,797.12,2438.0
12:51,797.38,797.95,797.38,797.95,1183.0
12:52,797.95,797.95,797.42,797.78,2023.0
12:53,798.66,798.8,797.7,797.7,5075.0
12:54,798.61,799.0,798.52,798.95,6886.0
12:55,798.37,798.57,798.37,798.39,2749.0
12:56,798.31,799.0,798.31,798.39,14146.0
12:57,798.99,798.99,798.51,798.51,4573.0
12:58,799.02,799.02,799.02,799.02,472.0
12:59,798.42,799.78,798.42,798.97,11147.0
13:00,799.12,799.21,798.6,799.01,10949.0
13:01,799.18,799.33,798.83,798.97,2306.0
13:02,799.58,799.58,799.15,799.28,2829.0
13:03,799.66,800.0,799.43,799.51,19242.0
13:04,800.74,800.74,799.68,799.68,24288.0
13:05,800.19,800.88,800.19,800.88,5686.0
13:06,799.4,800.08,799.4,800.08,3150.0
13:07,798.95,799.91,798.89,799.91,3924.0
13:08,799.02,799.58,798.99,799.58,2471.0
13:09,799.09,799.25,799.09,799.25,1018.0
13:10,799.63,799.81,799.04,799.39,7516.0
13:11,799.9,799.9,799.44,799.59,2472.0
13:12,799.72,800.0,799.72,799.76,2430.0
13:13,799.39,799.92,799.39,799.71,2606.0
13:14,800.2,800.2,799.52,799.9,2687.0
13:15,800.0,800.2,799.4,800.2,2603.0
13:16,799.82,799.82,799.82,799.82,414.0
13:17,799.62,799.75,799.55,799.69,3863.0
13:18,800.1,800.1,800.1,800.1,719.0
13:19,800.18,800.18,799.71,799.71,3244.0
13:20,800.24,800.25,800.1,800.1,1826.0
13:21,799.74,799.79,799.74,799.79,561.0
13:22,799.72,799.72,799.64,799.7,3749.0
13:23,798.04,799.2,798.04,799.18,6421.0
13:24,798.61,798.91,798.37,798.37,5278.0
13:25,798.75,799.25,798.75,799.25,961.0
13:26,798.84,799.22,798.84,799.12,1342.0
13:27,798.93,799.2,798.93,799.0,1724.0
13:28,798.93,798.93,798.93,798.93,1315.0
13:29,798.97,799.16,798.92,798.92,734.0
13:30,798.0,799.15,798.0,799.05,10282.0
13:31,797.26,798.28,797.26,798.16,2171.0
13:32,797.59,797.72,797.49,797.6,1374.0
13:33,797.08,797.59,797.03,797.59,1450.0
13:34,796.9,797.59,796.02,797.59,9200.0
13:35,796.73,797.3,796.7,797.21,3200.0
13:36,797.5,797.5,796.62,796.7,3967.0
13:37,797.5,797.5,796.97,796.97,1949.0
13:38,797.24,797.46,797.0,797.33,1112.0
13:39,797.46,797.5,797.25,797.25,2610.0
13:40,797.49,797.91,797.33,797.33,6559.0
13:41,796.38,797.52,796.36,797.49,4312.0
13:42,796.64,797.23,796.02,796.62,6745.0
13:43,796.04,796.04,796.04,796.04,1035.0
13:44,795.41,797.49,794.64,796.77,51483.0
13:45,795.27,796.83,795.24,795.41,25255.0
13:46,795.16,795.27,795.04,795.27,3301.0
13:47,795.04,795.04,795.04,795.04,1601.0
13:48,795.68,796.46,795.04,795.77,9150.0
13:49,797.36,797.36,796.0,796.45,9134.0
13:50,797.3,797.47,797.03,797.47,1549.0
13:51,797.4,797.4,797.4,797.4,533.0
13:52,796.41,797.62,796.41,797.07,10957.0
13:53,796.98,796.98,796.98,796.98,865.0
13:54,797.26,797.26,796.63,796.63,710.0
13:55,796.48,796.5,796.48,796.5,1150.0
13:56,796.8,796.8,795.41,796.13,2948.0
13:57,797.31,797.43,796.69,796.69,2123.0
13:58,796.87,796.87,796.87,796.87,546.0
13:59,796.39,796.39,796.39,796.39,330.0
14:00,796.85,796.87,796.85,796.87,1270.0
14:01,797.36,797.73,796.84,796.84,2969.0
14:02,796.15,796.73,796.05,796.73,5738.0
14:03,795.94,796.68,795.94,796.68,2941.0
14:04,796.94,796.94,796.94,796.94,1599.0
14:05,796.6,796.86,796.52,796.86,3003.0
14:06,796.55,796.84,796.55,796.84,1356.0
14:07,796.13,796.76,796.13,796.76,2126.0
14:08,795.8,796.9,795.79,796.47,4203.0
14:09,795.77,795.8,795.77,795.8,1333.0
14:10,795.82,796.09,795.77,795.77,3076.0
14:11,796.06,796.06,795.83,795.83,912.0
14:12,795.84,796.13,795.84,796.13,1229.0
14:13,795.95,796.02,795.67,795.88,2160.0
14:14,795.26,795.97,795.26,795.97,4172.0
14:15,795.26,795.51,795.26,795.3,2538.0
14:16,795.67,795.67,795.53,795.53,1687.0
14:17,795.67,795.67,795.55,795.55,1071.0
14:18,796.0,796.0,795.62,795.62,2250.0
14:19,795.0,795.68,794.92,795.68,11144.0
14:20,795.4,795.4,795.31,795.31,969.0
14:21,795.54,795.54,795.53,795.53,1245.0
14:22,795.45,795.45,795.44,795.44,1314.0
14:23,795.35,795.35,795.35,795.35,1383.0
14:24,795.36,795.47,795.36,795.47,904.0
14:25,795.36,795.59,795.36,795.59,425.0
14:26,795.36,795.47,795.36,795.47,1084.0
14:27,795.35,795.64,795.28,795.36,3271.0
14:28,795.35,795.36,795.26,795.26,1062.0
14:29,795.02,795.07,795.02,795.07,1756.0
14:30,795.3,795.32,795.15,795.18,1678.0
14:31,795.57,795.57,795.28,795.28,1600.0
14:32,795.63,795.85,795.55,795.55,1530.0
14:33,796.2,796.28,795.52,795.52,2943.0
14:34,796.86,796.86,796.2,796.2,3604.0
14:35,796.57,796.57,796.57,796.57,2213.0
14:36,796.13,796.74,796.13,796.74,3102.0
14:37,795.56,795.56,795.56,795.56,1135.0
14:38,795.44,795.59,795.44,795.58,1042.0
14:39,795.32,795.63,795.32,795.6,950.0
14:40,794.8,795.95,794.79,795.95,3243.0
14:41,795.05,795.05,794.15,794.71,7917.0
14:42,794.31,795.0,794.31,795.0,10258.0
14:43,794.07,794.52,794.07,794.52,4828.0
14:44,794.8,794.8,794.23,794.31,5463.0
14:45,795.01,795.02,795.01,795.01,2327.0
14:46,793.51,794.85,793.5,794.74,19292.0
14:47,794.25,794.29,793.89,793.89,6660.0
14:48,794.24,794.49,794.2,794.49,4761.0
14:49,794.24,794.25,794.24,794.25,1200.0
14:50,794.23,794.66,794.23,794.66,650.0
14:51,794.5,794.5,794.35,794.35,1154.0
14:52,794.46,794.46,794.15,794.36,1286.0
14:53,794.35,794.5,794.35,794.35,75995.0
14:54,794.66,794.66,794.24,794.24,2200.0
14:55,795.1,795.3,794.72,795.01,10438.0
14:56,795.0,795.0,795.0,795.0,940.0
14:57,794.29,795.05,793.37,795.05,20672.0
14:58,794.6,794.6,794.2,794.21,2407.0
14:59,794.36,794.37,794.05,794.36,1450.0
15:00,795.0,795.44,794.99,795.0,3955.0
15:01,794.87,794.99,794.72,794.99,2087.0
15:02,794.91,795.03,794.64,794.7,2742.0
15:03,794.7,795.2,794.7,795.12,4169.0
15:04,795.12,795.27,795.0,795.22,3888.0
15:05,795.21,795.22,795.0,795.0,1104.0
15:06,795.26,795.26,795.16,795.16,3031.0
15:07,794.89,795.32,794.89,795.29,3182.0
15:08,795.0,795.0,795.0,795.0,1777.0
15:09,795.17,795.53,794.83,794.83,2561.0
15:10,795.52,795.62,795.17,795.17,5111.0
15:11,796.28,796.28,795.62,795.62,3475.0
15:12,796.11,796.23,795.98,796.13,3742.0
15:13,796.64,796.67,795.87,795.87,4727.0
15:14,797.35,797.35,796.65,796.65,3718.0
15:15,797.19,797.5,797.14,797.14,4795.0
15:16,797.07,797.47,797.07,797.42,1574.0
15:17,797.52,797.85,797.07,797.07,4886.0
15:18,797.47,797.47,797.47,797.47,1041.0
15:19,797.33,797.68,797.0,797.52,5386.0
15:20,797.0,797.44,797.0,797.0,12487.0
15:21,797.0,797.0,796.89,796.93,3529.0
15:22,797.05,797.26,797.02,797.02,2409.0
15:23,797.26,797.27,797.26,797.26,1190.0
15:24,797.41,797.41,797.23,797.23,2193.0
15:25,797.5,797.5,797.47,797.47,1906.0
15:26,797.9,797.9,797.64,797.79,6109.0
15:27,797.58,797.76,797.58,797.71,2377.0
15:28,797.77,797.77,797.77,797.77,1624.0
15:29,797.41,797.59,797.25,797.58,9893.0
15:30,797.73,797.73,797.42,797.42,3724.0
15:31,797.09,797.73,797.0,797.73,5025.0
15:32,796.95,797.08,796.95,797.08,4656.0
15:33,796.96,797.1,796.88,796.96,3572.0
15:34,797.0,797.29,796.94,796.96,8679.0
15:35,797.49,797.49,796.94,797.0,3713.0
15:36,797.48,797.49,797.32,797.32,3988.0
15:37,797.29,797.53,797.16,797.27,4358.0
15:38,797.1,797.58,797.0,797.21,4729.0
15:39,797.41,797.55,797.09,797.09,9647.0
15:40,797.29,797.29,797.15,797.27,3876.0
15:41,797.38,797.38,797.08,797.32,6838.0
15:42,797.58,797.58,797.19,797.34,2541.0
15:43,797.62,797.62,797.42,797.42,1677.0
15:44,798.16,798.18,797.71,797.71,7123.0
15:45,798.26,798.26,797.95,798.16,2606.0
15:46,798.58,798.58,798.0,798.0,5494.0
15:47,798.41,798.45,798.04,798.04,3888.0
15:48,798.86,798.86,798.38,798.38,5855.0
15:49,798.89,799.14,798.74,799.0,4765.0
15:50,798.45,798.74,798.02,798.74,7620.0
15:51,798.31,798.54,798.31,798.33,5705.0
15:52,798.11,798.13,798.0,798.0,7830.0
15:53,798.14,798.16,797.96,798.0,11295.0
15:54,798.14,798.28,798.03,798.15,5271.0
15:55,798.7,798.83,797.63,798.09,34159.0
15:56,798.91,799.3,798.46,798.78,16369.0
15:57,799.07,799.08,798.74,798.74,12964.0
15:58,799.58,799.67,799.07,799.07,45213.0
15:59,798.96,799.9,798.68,799.54,38158.0
