Time,Close,High,Low,Open,Volume
09:30,779.02,781.5,779.0,780.46,48981.0
09:31,781.07,781.07,781.07,781.07,859.0
09:32,780.9,780.9,780.9,780.9,5643.0
09:33,783.0,783.0,780.29,780.52,6333.0
09:34,782.29,783.55,781.79,783.03,9940.0
09:35,781.67,782.74,780.96,782.29,7394.0
09:36,781.04,781.81,781.04,781.32,3730.0
09:37,781.0,781.22,780.99,781.03,6587.0
09:38,780.2,780.54,780.2,780.54,5836.0
09:39,781.2,781.47,780.76,780.77,5210.0
09:40,780.09,780.68,780.09,780.68,2158.0
09:41,779.51,779.81,779.02,779.73,3472.0
09:42,780.18,780.18,779.51,779.96,3824.0
09:43,779.27,780.62,779.02,780.62,4925.0
09:44,778.24,780.0,778.2,779.37,4367.0
09:45,779.57,780.11,778.96,779.99,2457.0
09:46,779.5,779.81,779.41,779.41,958.0
09:47,779.02,779.78,778.77,779.35,4398.0
09:48,779.09,779.09,778.68,779.0,2847.0
09:49,778.66,779.24,778.25,778.73,2647.0
09:50,779.03,779.7,778.68,778.84,5510.0
09:51,778.34,779.78,778.34,779.41,8451.0
09:52,779.11,779.11,778.17,779.0,4896.0
09:53,778.76,779.1,778.76,778.76,4399.0
09:54,779.85,780.0,779.67,780.0,2183.0
09:55,779.94,779.94,779.94,779.94,1702.0
09:56,780.14,780.91,780.13,780.75,4822.0
09:57,780.14,780.14,780.13,780.13,1040.0
09:58,778.67,779.76,778.67,779.76,4433.0
09:59,779.0,779.84,779.0,779.03,4721.0
10:00,779.03,780.0,779.0,779.13,8746.0
10:01,779.99,780.0,779.99,779.99,3156.0
10:02,781.5,781.5,779.82,780.3,9897.0
10:03,781.16,781.66,780.79,781.59,7609.0
10:04,780.15,780.15,780.0,780.0,1632.0
10:05,780.18,780.48,780.13,780.13,2788.0
10:06,778.99,779.79,778.84,779.79,5360.0
10:07,779.0,779.49,778.86,778.86,4209.0
10:08,779.53,779.76,779.5,779.64,6247.0
10:09,778.93,779.34,778.61,779.01,9518.0
10:10,779.16,779.16,778.93,778.93,2468.0
10:11,779.85,779.85,778.8,779.49,9499.0
10:12,779.49,779.5,779.21,779.49,2514.0
10:13,779.88,780.07,779.21,779.7,7728.0
10:14,780.51,780.51,779.81,779.86,6206.0
10:15,779.26,780.2,779.26,779.99,4678.0
10:16,779.26,780.55,779.05,779.43,9081.0
10:17,778.88,779.39,778.86,779.39,7336.0
10:18,779.1,779.72,778.84,779.72,10666.0
10:19,779.57,779.57,778.5,778.5,7721.0
10:20,779.38,779.78,779.38,779.76,5722.0
10:21,779.49,779.49,779.01,779.01,1977.0
10:22,779.48,779.78,779.48,779.49,2082.0
10:23,778.99,779.48,778.78,779.48,11646.0
10:24,779.29,779.41,778.78,778.91,7138.0
10:25,778.96,779.39,778.91,779.39,5270.0
10:26,776.44,778.97,776.41,778.97,24578.0
10:27,776.0,776.58,776.0,776.58,5733.0
10:28,776.84,776.84,776.0,776.0,7206.0
10:29,777.78,777.79,776.84,777.27,8010.0
10:30,777.7,777.7,777.37,777.37,5513.0
10:31,777.43,778.08,777.43,777.66,2603.0
10:32,776.0,777.4,775.99,777.4,6353.0
10:33,775.92,776.22,775.92,776.11,4791.0
10:34,776.32,776.37,775.25,775.93,7958.0
10:35,776.13,776.13,776.13,776.13,1811.0
10:36,776.5,777.15,776.5,776.77,6138.0
10:37,776.28,776.99,776.28,776.99,3916.0
10:38,776.55,776.6,776.28,776.28,4342.0
10:39,776.32,776.55,776.17,776.55,2122.0
10:40,776.79,777.05,776.41,776.71,6836.0
10:41,776.91,777.17,776.91,776.91,2715.0
10:42,777.05,777.05,777.05,777.05,4966.0
10:43,777.04,777.57,777.04,777.5,6976.0
10:44,777.36,777.67,777.35,777.35,3600.0
10:45,777.27,777.5,777.27,777.35,1632.0
10:46,777.67,777.67,777.36,777.36,1933.0
10:47,777.4,777.8,777.21,777.35,12850.0
10:48,777.38,778.37,777.38,777.94,4276.0
10:49,778.03,778.36,777.08,777.08,3326.0
10:50,778.36,778.36,777.92,777.92,4716.0
10:51,778.54,778.66,778.38,778.46,5304.0
10:52,778.62,778.84,778.41,778.54,4184.0
10:53,779.0,779.0,778.56,778.57,6486.0
10:54,779.33,779.35,778.98,778.98,7703.0
10:55,779.28,779.45,779.05,779.05,3774.0
10:56,779.28,779.28,779.24,779.28,2812.0
10:57,778.94,779.72,778.87,779.72,2310.0
10:58,779.2,779.28,778.91,779.06,2875.0
10:59,778.82,779.28,778.82,779.28,3808.0
11:00,778.91,778.91,778.91,778.91,6504.0
11:01,778.91,779.08,778.91,778.91,2549.0
11:02,778.97,779.35,778.58,779.26,3547.0
11:03,778.97,779.0,778.97,779.0,1750.0
11:04,779.25,779.38,779.23,779.37,6882.0
11:05,779.24,779.24,779.24,779.24,281.0
11:06,779.16,779.22,779.16,779.22,1620.0
11:07,779.48,779.68,779.08,779.08,4276.0
11:08,779.46,779.48,779.46,779.48,1870.0
11:09,778.8,779.61,778.8,779.48,8531.0
11:10,779.42,779.42,779.42,779.42,467.0
11:11,778.83,779.23,778.69,779.23,4202.0
11:12,778.76,779.01,778.23,779.01,3224.0
11:13,778.15,778.72,778.15,778.72,998.0
11:14,778.52,778.74,778.52,778.74,2093.0
11:15,777.99,778.56,777.73,778.56,3758.0
11:16,777.76,777.8,777.7,777.7,1693.0
11:17,777.77,778.28,777.76,777.76,4746.0
11:18,777.5,777.72,777.38,777.48,4752.0
11:19,777.46,777.46,777.25,777.25,2676.0
11:20,777.8,777.92,777.4,777.71,7889.0
11:21,777.55,777.71,777.55,777.71,3528.0
11:22,777.44,777.63,777.19,777.41,11702.0
11:23,777.53,777.72,777.44,777.44,4415.0
11:24,777.46,777.77,777.4,777.46,4207.0
11:25,777.9,777.95,777.41,777.46,6851.0
11:26,777.89,778.45,777.85,778.16,3477.0
11:27,778.13,778.17,777.71,778.11,3013.0
11:28,777.58,777.62,777.55,777.55,1732.0
11:29,777.91,777.91,776.5,776.5,4733.0
11:30,776.7,777.21,776.53,777.21,4816.0
11:31,776.76,777.0,776.7,776.7,3669.0
11:32,776.41,777.03,776.41,776.61,4520.0
11:33,776.76,776.76,776.11,776.41,7358.0
11:34,776.75,776.86,776.15,776.86,8394.0
11:35,776.69,776.97,776.66,776.75,3287.0
11:36,774.5,776.53,774.5,776.53,18729.0
11:37,774.44,774.83,774.21,774.66,8870.0
11:38,773.91,774.53,773.27,774.25,5414.0
11:39,774.3,774.44,773.0,773.5,15386.0
11:40,774.68,774.91,774.22,774.22,9747.0
11:41,774.9,775.28,774.4,774.4,6243.0
11:42,775.33,775.78,775.02,775.02,8169.0
11:43,775.01,775.59,774.86,775.33,9107.0
11:44,775.84,775.84,774.93,774.93,6439.0
11:45,775.65,776.09,775.47,775.86,6262.0
11:46,775.75,775.87,775.63,775.63,2068.0
11:47,775.96,775.96,775.34,775.75,3343.0
11:48,776.37,776.49,775.78,775.78,5595.0
11:49,777.17,777.17,776.84,776.88,4976.0
11:50,776.7,776.98,776.7,776.98,4136.0
11:51,776.6,776.6,776.6,776.6,1919.0
11:52,776.59,776.59,776.59,776.59,2494.0
11:53,777.2,777.2,776.06,777.16,2213.0
11:54,777.25,777.39,777.17,777.17,4759.0
11:55,777.64,777.64,777.24,777.3,3405.0
11:56,776.86,777.7,776.84,777.44,3044.0
11:57,777.11,777.33,776.86,776.99,2957.0
11:58,777.33,777.62,777.1,777.1,1934.0
11:59,777.34,777.44,777.17,777.17,2688.0
12:00,777.4,777.7,777.39,777.52,2216.0
12:01,777.4,777.4,777.4,777.4,1441.0
12:02,777.4,777.64,777.33,777.63,2535.0
12:03,777.09,777.34,777.0,777.34,2468.0
12:04,777.12,777.34,776.98,777.09,4344.0
12:05,776.95,777.12,776.54,777.12,4281.0
12:06,777.27,777.37,776.95,776.95,1741.0
12:07,777.27,777.27,777.19,777.19,2725.0
12:08,777.76,777.84,777.0,777.84,2363.0
12:09,777.88,777.88,776.74,777.27,2303.0
12:10,777.61,777.63,777.38,777.63,1806.0
12:11,777.01,777.95,777.01,777.62,2342.0
12:12,777.06,777.69,777.01,777.53,4528.0
12:13,777.01,777.02,776.59,777.02,1535.0
12:14,776.9,777.01,776.59,777.01,5671.0
12:15,777.07,777.07,776.59,776.9,4399.0
12:16,776.89,777.14,776.24,777.14,7048.0
12:17,776.87,777.39,776.84,776.84,7038.0
12:18,777.0,777.01,776.83,776.83,971.0
12:19,776.76,777.02,776.76,777.02,1943.0
12:20,776.99,777.0,776.77,776.77,2883.0
12:21,776.4,777.13,776.4,776.95,3791.0
12:22,778.18,778.19,777.11,777.28,8836.0
12:23,777.8,778.21,777.72,778.18,4018.0
12:24,777.52,777.79,777.51,777.79,3763.0
12:25,777.59,777.68,777.59,777.68,2980.0
12:26,777.41,777.6,777.23,777.6,2160.0
12:27,776.7,777.08,776.7,777.08,3214.0
12:28,777.58,777.58,776.9,777.37,3714.0
12:29,777.32,777.77,777.32,777.47,3005.0
12:30,777.27,777.33,776.9,777.33,1620.0
12:31,777.51,777.51,776.89,777.16,15485.0
12:32,777.76,777.76,777.48,777.76,2762.0
12:33,777.71,777.77,777.49,777.74,4051.0
12:34,778.19,778.19,778.12,778.12,3542.0
12:35,778.43,778.43,778.26,778.38,1878.0
12:36,778.2,778.53,778.2,778.47,3825.0
12:37,778.08,778.22,777.97,778.03,4328.0
12:38,778.22,778.22,777.93,777.93,2294.0
12:39,778.53,778.53,778.22,778.22,5531.0
12:40,778.52,778.77,778.45,778.6,5379.0
12:41,778.64,778.7,778.39,778.46,9022.0
12:42,779.3,779.3,778.62,778.65,17145.0
12:43,779.31,779.31,778.94,779.04,8383.0
12:44,779.24,779.72,779.11,779.48,13583.0
12:45,779.36,779.52,779.06,779.09,8859.0
12:46,779.36,779.52,779.06,779.09,8859.0
12:47,779.36,779.52,779.06,779.09,8859.0
12:48,779.36,779.52,779.06,779.09,8859.0
12:49,779.36,779.52,779.06,779.09,8859.0
12:50,779.36,779.52,779.06,779.09,8859.0
12:51,779.36,779.52,779.06,779.09,8859.0
12:52,779.36,779.52,779.06,779.09,8859.0
12:53,779.36,779.52,779.06,779.09,8859.0
12:54,779.36,779.52,779.06,779.09,8859.0
12:55,779.36,779.52,779.06,779.09,8859.0
12:56,779.36,779.52,779.06,779.09,8859.0
12:57,779.36,779.52,779.06,779.09,8859.0
12:58,779.36,779.52,779.06,779.09,8859.0
12:59,779.36,779.52,779.06,779.09,8859.0
13:00,779.36,779.52,779.06,779.09,8859.0
13:01,779.36,779.52,779.06,779.09,8859.0
13:02,779.36,779.52,779.06,779.09,8859.0
13:03,779.36,779.52,779.06,779.09,8859.0
13:04,779.36,779.52,779.06,779.09,8859.0
13:05,779.36,779.52,779.06,779.09,8859.0
13:06,779.36,779.52,779.06,779.09,8859.0
13:07,779.36,779.52,779.06,779.09,8859.0
13:08,779.36,779.52,779.06,779.09,8859.0
13:09,779.36,779.52,779.06,779.09,8859.0
13:10,779.36,779.52,779.06,779.09,8859.0
13:11,779.36,779.52,779.06,779.09,8859.0
13:12,779.36,779.52,779.06,779.09,8859.0
13:13,779.36,779.52,779.06,779.09,8859.0
13:14,779.36,779.52,779.06,779.09,8859.0
13:15,779.36,779.52,779.06,779.09,8859.0
13:16,779.36,779.52,779.06,779.09,8859.0
13:17,779.36,779.52,779.06,779.09,8859.0
13:18,779.36,779.52,779.06,779.09,8859.0
13:19,779.36,779.52,779.06,779.09,8859.0
13:20,779.36,779.52,779.06,779.09,8859.0
13:21,779.36,779.52,779.06,779.09,8859.0
13:22,779.36,779.52,779.06,779.09,8859.0
13:23,779.36,779.52,779.06,779.09,8859.0
13:24,779.36,779.52,779.06,779.09,8859.0
13:25,779.36,779.52,779.06,779.09,8859.0
13:26,779.36,779.52,779.06,779.09,8859.0
13:27,779.36,779.52,779.06,779.09,8859.0
13:28,779.36,779.52,779.06,779.09,8859.0
13:29,779.36,779.52,779.06,779.09,8859.0
13:30,779.36,779.52,779.06,779.09,8859.0
13:31,779.36,779.52,779.06,779.09,8859.0
13:32,779.36,779.52,779.06,779.09,8859.0
13:33,779.36,779.52,779.06,779.09,8859.0
13:34,779.36,779.52,779.06,779.09,8859.0
13:35,779.36,779.52,779.06,779.09,8859.0
13:36,779.36,779.52,779.06,779.09,8859.0
13:37,779.36,779.52,779.06,779.09,8859.0
13:38,779.36,779.52,779.06,779.09,8859.0
13:39,779.36,779.52,779.06,779.09,8859.0
13:40,779.36,779.52,779.06,779.09,8859.0
13:41,779.36,779.52,779.06,779.09,8859.0
13:42,779.36,779.52,779.06,779.09,8859.0
13:43,779.36,779.52,779.06,779.09,8859.0
13:44,779.36,779.52,779.06,779.09,8859.0
13:45,779.36,779.52,779.06,779.09,8859.0
13:46,779.36,779.52,779.06,779.09,8859.0
13:47,779.36,779.52,779.06,779.09,8859.0
13:48,779.36,779.52,779.06,779.09,8859.0
13:49,779.36,779.52,779.06,779.09,8859.0
13:50,779.36,779.52,779.06,779.09,8859.0
13:51,779.36,779.52,779.06,779.09,8859.0
13:52,779.36,779.52,779.06,779.09,8859.0
13:53,779.36,779.52,779.06,779.09,8859.0
13:54,779.36,779.52,779.06,779.09,8859.0
13:55,779.36,779.52,779.06,779.09,8859.0
13:56,779.36,779.52,779.06,779.09,8859.0
13:57,779.36,779.52,779.06,779.09,8859.0
13:58,779.36,779.52,779.06,779.09,8859.0
13:59,779.36,779.52,779.06,779.09,8859.0
14:00,779.36,779.52,779.06,779.09,8859.0
14:01,779.36,779.52,779.06,779.09,8859.0
14:02,779.36,779.52,779.06,779.09,8859.0
14:03,779.36,779.52,779.06,779.09,8859.0
14:04,779.36,779.52,779.06,779.09,8859.0
14:05,779.36,779.52,779.06,779.09,8859.0
14:06,779.36,779.52,779.06,779.09,8859.0
14:07,779.36,779.52,779.06,779.09,8859.0
14:08,779.36,779.52,779.06,779.09,8859.0
14:09,779.36,779.52,779.06,779.09,8859.0
14:10,779.36,779.52,779.06,779.09,8859.0
14:11,779.36,779.52,779.06,779.09,8859.0
14:12,779.36,779.52,779.06,779.09,8859.0
14:13,779.36,779.52,779.06,779.09,8859.0
14:14,779.36,779.52,779.06,779.09,8859.0
14:15,779.36,779.52,779.06,779.09,8859.0
14:16,779.36,779.52,779.06,779.09,8859.0
14:17,779.36,779.52,779.06,779.09,8859.0
14:18,779.36,779.52,779.06,779.09,8859.0
14:19,779.36,779.52,779.06,779.09,8859.0
14:20,779.36,779.52,779.06,779.09,8859.0
14:21,779.36,779.52,779.06,779.09,8859.0
14:22,779.36,779.52,779.06,779.09,8859.0
14:23,779.36,779.52,779.06,779.09,8859.0
14:24,779.36,779.52,779.06,779.09,8859.0
14:25,779.36,779.52,779.06,779.09,8859.0
14:26,779.36,779.52,779.06,779.09,8859.0
14:27,779.36,779.52,779.06,779.09,8859.0
14:28,779.36,779.52,779.06,779.09,8859.0
14:29,779.36,779.52,779.06,779.09,8859.0
14:30,779.36,779.52,779.06,779.09,8859.0
14:31,779.36,779.52,779.06,779.09,8859.0
14:32,779.36,779.52,779.06,779.09,8859.0
14:33,779.36,779.52,779.06,779.09,8859.0
14:34,779.36,779.52,779.06,779.09,8859.0
14:35,779.36,779.52,779.06,779.09,8859.0
14:36,779.36,779.52,779.06,779.09,8859.0
14:37,779.36,779.52,779.06,779.09,8859.0
14:38,779.36,779.52,779.06,779.09,8859.0
14:39,779.36,779.52,779.06,779.09,8859.0
14:40,779.36,779.52,779.06,779.09,8859.0
14:41,779.36,779.52,779.06,779.09,8859.0
14:42,779.36,779.52,779.06,779.09,8859.0
14:43,779.36,779.52,779.06,779.09,8859.0
14:44,779.36,779.52,779.06,779.09,8859.0
14:45,779.36,779.52,779.06,779.09,8859.0
14:46,779.36,779.52,779.06,779.09,8859.0
14:47,779.36,779.52,779.06,779.09,8859.0
14:48,779.36,779.52,779.06,779.09,8859.0
14:49,779.36,779.52,779.06,779.09,8859.0
14:50,779.36,779.52,779.06,779.09,8859.0
14:51,779.36,779.52,779.06,779.09,8859.0
14:52,779.36,779.52,779.06,779.09,8859.0
14:53,779.36,779.52,779.06,779.09,8859.0
14:54,779.36,779.52,779.06,779.09,8859.0
14:55,779.36,779.52,779.06,779.09,8859.0
14:56,779.36,779.52,779.06,779.09,8859.0
14:57,779.36,779.52,779.06,779.09,8859.0
14:58,779.36,779.52,779.06,779.09,8859.0
14:59,779.36,779.52,779.06,779.09,8859.0
15:00,779.36,779.52,779.06,779.09,8859.0
15:01,779.36,779.52,779.06,779.09,8859.0
15:02,779.36,779.52,779.06,779.09,8859.0
15:03,779.36,779.52,779.06,779.09,8859.0
15:04,779.36,779.52,779.06,779.09,8859.0
15:05,779.36,779.52,779.06,779.09,8859.0
15:06,779.36,779.52,779.06,779.09,8859.0
15:07,779.36,779.52,779.06,779.09,8859.0
15:08,779.36,779.52,779.06,779.09,8859.0
15:09,779.36,779.52,779.06,779.09,8859.0
15:10,779.36,779.52,779.06,779.09,8859.0
15:11,779.36,779.52,779.06,779.09,8859.0
15:12,779.36,779.52,779.06,779.09,8859.0
15:13,779.36,779.52,779.06,779.09,8859.0
15:14,779.36,779.52,779.06,779.09,8859.0
15:15,779.36,779.52,779.06,779.09,8859.0
15:16,779.36,779.52,779.06,779.09,8859.0
15:17,779.36,779.52,779.06,779.09,8859.0
15:18,779.36,779.52,779.06,779.09,8859.0
15:19,779.36,779.52,779.06,779.09,8859.0
15:20,779.36,779.52,779.06,779.09,8859.0
15:21,779.36,779.52,779.06,779.09,8859.0
15:22,779.36,779.52,779.06,779.09,8859.0
15:23,779.36,779.52,779.06,779.09,8859.0
15:24,779.36,779.52,779.06,779.09,8859.0
15:25,779.36,779.52,779.06,779.09,8859.0
15:26,779.36,779.52,779.06,779.09,8859.0
15:27,779.36,779.52,779.06,779.09,8859.0
15:28,779.36,779.52,779.06,779.09,8859.0
15:29,779.36,779.52,779.06,779.09,8859.0
15:30,779.36,779.52,779.06,779.09,8859.0
15:31,779.36,779.52,779.06,779.09,8859.0
15:32,779.36,779.52,779.06,779.09,8859.0
15:33,779.36,779.52,779.06,779.09,8859.0
15:34,779.36,779.52,779.06,779.09,8859.0
15:35,779.36,779.52,779.06,779.09,8859.0
15:36,779.36,779.52,779.06,779.09,8859.0
15:37,779.36,779.52,779.06,779.09,8859.0
15:38,779.36,779.52,779.06,779.09,8859.0
15:39,779.36,779.52,779.06,779.09,8859.0
15:40,779.36,779.52,779.06,779.09,8859.0
15:41,779.36,779.52,779.06,779.09,8859.0
15:42,779.36,779.52,779.06,779.09,8859.0
15:43,779.36,779.52,779.06,779.09,8859.0
15:44,779.36,779.52,779.06,779.09,8859.0
15:45,779.36,779.52,779.06,779.09,8859.0
15:46,779.36,779.52,779.06,779.09,8859.0
15:47,779.36,779.52,779.06,779.09,8859.0
15:48,779.36,779.52,779.06,779.09,8859.0
15:49,779.36,779.52,779.06,779.09,8859.0
15:50,779.36,779.52,779.06,779.09,8859.0
15:51,779.36,779.52,779.06,779.09,8859.0
15:52,779.36,779.52,779.06,779.09,8859.0
15:53,779.36,779.52,779.06,779.09,8859.0
15:54,779.36,779.52,779.06,779.09,8859.0
15:55,779.36,779.52,779.06,779.09,8859.0
15:56,779.36,779.52,779.06,779.09,8859.0
15:57,779.36,779.52,779.06,779.09,8859.0
15:58,779.36,779.52,779.06,779.09,8859.0
15:59,779.36,779.52,779.06,779.09,8859.0
