Time,Close,High,Low,Open,Volume
09:30,761.79,764.8,760.5,763.86,244887.0
09:31,761.66,762.31,761.0,762.12,14497.0
09:32,764.28,765.1,761.68,761.95,14852.0
09:33,762.29,763.81,761.8,763.8,13048.0
09:34,761.5,762.63,761.12,762.25,8918.0
09:35,764.0,764.0,761.14,761.5,14871.0
09:36,764.0,764.35,762.62,764.09,7634.0
09:37,763.34,764.5,763.1,764.5,13766.0
09:38,765.0,765.06,763.3,763.89,14145.0
09:39,766.57,766.69,764.53,765.0,16244.0
09:40,766.4,767.09,764.95,766.09,22378.0
09:41,767.09,767.09,764.62,766.08,13126.0
09:42,766.61,767.78,766.25,766.98,10955.0
09:43,767.38,768.5,767.0,767.31,16222.0
09:44,767.64,768.25,767.16,767.73,7400.0
09:45,767.92,768.72,767.49,767.64,16530.0
09:46,768.02,768.58,767.27,768.54,8855.0
09:47,766.99,767.75,766.58,767.68,8791.0
09:48,769.05,769.46,766.5,766.78,22724.0
09:49,768.71,769.76,768.08,769.19,8353.0
09:50,770.18,770.72,768.88,769.8,16471.0
09:51,769.72,770.5,769.71,770.19,7831.0
09:52,768.59,770.5,768.04,770.11,18769.0
09:53,767.65,768.57,767.2,768.19,9193.0
09:54,766.69,767.63,766.57,767.63,3535.0
09:55,767.33,767.65,766.09,766.5,8529.0
09:56,767.22,768.31,767.04,767.27,11456.0
09:57,767.51,768.0,767.13,767.22,5596.0
09:58,767.72,767.72,767.51,767.51,3441.0
09:59,767.55,768.0,767.0,767.0,5400.0
10:00,767.17,768.33,767.17,767.96,5736.0
10:01,769.49,769.49,767.29,768.35,13809.0
10:02,769.31,769.9,768.57,769.49,9355.0
10:03,768.41,769.3,768.38,769.3,6945.0
10:04,768.32,768.6,767.94,768.41,12334.0
10:05,769.51,770.35,768.7,768.7,10738.0
10:06,769.24,770.0,768.92,769.95,10663.0
10:07,769.72,769.72,769.37,769.37,2515.0
10:08,770.61,771.23,769.99,769.99,19455.0
10:09,770.08,771.01,770.0,771.01,6071.0
10:10,769.44,770.11,768.8,770.08,5305.0
10:11,770.0,770.02,769.0,769.5,3757.0
10:12,769.75,770.35,769.6,770.15,5330.0
10:13,769.11,770.2,769.0,769.27,14379.0
10:14,768.88,769.76,768.88,769.31,6143.0
10:15,769.62,769.62,769.39,769.39,379.0
10:16,768.84,769.82,768.83,769.39,8479.0
10:17,768.89,769.13,768.89,769.03,3546.0
10:18,769.25,770.0,768.95,768.95,8557.0
10:19,770.09,770.22,769.5,769.74,7411.0
10:20,770.35,770.35,769.79,770.15,6234.0
10:21,770.21,770.21,770.21,770.21,1090.0
10:22,771.28,772.0,770.38,770.38,17852.0
10:23,770.84,771.4,770.84,771.28,5971.0
10:24,770.85,771.27,770.68,771.27,4222.0
10:25,774.16,774.22,770.68,771.09,33383.0
10:26,773.5,774.14,773.43,774.14,11742.0
10:27,773.0,774.16,773.0,773.99,13282.0
10:28,773.95,774.47,773.42,773.81,7966.0
10:29,774.28,775.0,773.39,773.78,24012.0
10:30,774.22,775.0,774.22,774.62,14957.0
10:31,774.58,774.85,774.39,774.4,3755.0
10:32,774.62,774.72,774.49,774.49,1628.0
10:33,774.62,774.88,774.25,774.72,7951.0
10:34,775.65,775.96,774.75,774.75,16705.0
10:35,775.19,775.68,775.06,775.67,269853.0
10:36,775.34,775.61,775.1,775.49,6092.0
10:37,772.82,775.72,772.65,775.72,10739.0
10:38,773.3,773.31,772.74,772.82,6218.0
10:39,772.35,773.07,771.82,773.01,10076.0
10:40,773.08,774.47,772.09,772.23,5485.0
10:41,773.88,773.88,773.24,773.24,2080.0
10:42,773.77,774.0,773.58,773.61,5767.0
10:43,773.8,773.86,773.2,773.22,3662.0
10:44,774.21,774.21,773.8,773.84,4205.0
10:45,773.5,774.25,773.22,774.25,5615.0
10:46,772.74,773.46,772.72,773.24,3165.0
10:47,774.53,774.6,772.94,772.94,5437.0
10:48,775.0,775.15,774.94,774.94,5589.0
10:49,774.8,774.8,774.15,774.53,2697.0
10:50,775.08,775.08,774.8,774.8,3034.0
10:51,774.47,775.09,774.17,774.44,6439.0
10:52,773.46,774.0,773.46,774.0,2906.0
10:53,773.39,773.91,773.34,773.42,10543.0
10:54,774.18,774.18,773.86,773.86,2696.0
10:55,773.24,774.13,773.24,774.13,2673.0
10:56,774.34,774.34,773.64,773.64,1970.0
10:57,773.73,774.3,773.63,774.08,7680.0
10:58,773.62,773.73,773.07,773.73,3693.0
10:59,773.99,774.18,773.42,773.78,3959.0
11:00,773.16,774.22,773.16,773.93,3846.0
11:01,772.72,773.34,772.36,773.33,5438.0
11:02,772.29,773.02,772.15,773.02,5928.0
11:03,772.76,773.23,772.58,772.75,6442.0
11:04,773.7,774.19,773.12,773.13,3294.0
11:05,774.0,774.42,773.94,773.94,3577.0
11:06,774.19,774.43,774.16,774.16,1948.0
11:07,773.93,774.33,773.87,774.19,6018.0
11:08,773.74,773.74,773.55,773.55,1325.0
11:09,773.83,774.11,773.83,774.11,1877.0
11:10,774.51,774.67,773.81,773.81,4998.0
11:11,774.53,774.89,773.93,773.93,4800.0
11:12,774.29,774.29,774.29,774.29,1701.0
11:13,774.14,774.14,774.14,774.14,510.0
11:14,774.5,774.55,774.29,774.39,2000.0
11:15,774.3,775.0,774.11,774.11,12825.0
11:16,774.73,774.74,774.34,774.54,4785.0
11:17,774.72,774.74,774.58,774.58,3080.0
11:18,774.79,775.0,774.68,774.99,7075.0
11:19,774.29,774.59,774.21,774.59,5694.0
11:20,774.3,774.64,774.3,774.3,1520.0
11:21,773.58,774.3,773.23,774.3,2683.0
11:22,772.77,773.31,772.77,773.31,1081.0
11:23,773.31,773.31,773.0,773.0,2695.0
11:24,774.37,774.37,773.02,773.83,3998.0
11:25,773.94,774.53,773.78,773.85,6526.0
11:26,774.14,774.27,773.72,774.27,2184.0
11:27,774.49,774.49,773.92,774.18,3536.0
11:28,774.14,774.3,773.82,774.15,3502.0
11:29,773.78,774.11,773.71,774.11,3469.0
11:30,773.43,774.01,773.43,774.01,3079.0
11:31,773.53,773.95,773.27,773.95,6406.0
11:32,773.87,774.0,773.8,773.8,1674.0
11:33,773.98,774.6,773.98,774.42,6671.0
11:34,773.6,773.6,773.1,773.48,1227.0
11:35,773.37,773.37,773.1,773.1,2527.0
11:36,773.06,773.7,773.06,773.37,2582.0
11:37,773.65,773.65,773.65,773.65,2379.0
11:38,773.9,773.9,773.72,773.72,1880.0
11:39,773.29,773.29,773.02,773.15,1633.0
11:40,773.08,773.29,772.74,773.29,4322.0
11:41,772.86,773.15,772.86,773.08,3490.0
11:42,772.89,773.14,772.89,773.14,1788.0
11:43,773.02,773.13,772.8,772.82,4087.0
11:44,772.22,772.98,772.22,772.98,4303.0
11:45,771.98,772.27,771.76,772.23,8524.0
11:46,771.95,772.28,771.35,771.93,7546.0
11:47,771.85,772.4,771.48,771.49,3069.0
11:48,772.08,772.09,772.08,772.09,494.0
11:49,771.65,771.89,771.65,771.7,2384.0
11:50,772.77,772.77,771.55,771.55,12042.0
11:51,773.0,773.0,772.66,772.66,2202.0
11:52,772.93,772.93,772.77,772.77,8933.0
11:53,773.11,773.11,773.09,773.1,2514.0
11:54,773.16,773.4,773.16,773.3,2771.0
11:55,772.33,773.16,772.33,773.16,3497.0
11:56,771.25,771.93,771.25,771.93,4853.0
11:57,771.18,771.62,771.18,771.25,1770.0
11:58,770.97,771.38,770.97,771.38,2702.0
11:59,770.97,771.27,770.97,771.27,661.0
12:00,771.32,771.32,770.93,771.27,1633.0
12:01,771.4,771.4,771.4,771.4,1656.0
12:02,771.14,771.14,771.14,771.14,1026.0
12:03,771.03,771.18,770.82,770.83,2464.0
12:04,771.45,771.45,771.03,771.36,2633.0
12:05,771.34,771.54,770.9,771.54,3972.0
12:06,771.21,771.53,771.21,771.32,2764.0
12:07,771.15,771.45,771.15,771.29,1440.0
12:08,771.39,771.45,771.17,771.45,1000.0
12:09,771.32,771.66,771.24,771.39,8943.0
12:10,771.23,771.32,771.11,771.32,3688.0
12:11,771.15,771.23,771.15,771.22,2062.0
12:12,771.42,771.42,771.15,771.23,1614.0
12:13,771.43,771.58,771.43,771.58,1732.0
12:14,771.11,771.19,771.11,771.19,881.0
12:15,771.39,771.41,771.17,771.41,2663.0
12:16,770.89,770.89,770.89,770.89,137.0
12:17,770.52,770.84,770.51,770.51,1603.0
12:18,770.16,770.79,770.01,770.79,5289.0
12:19,769.65,770.07,769.64,770.0,5628.0
12:20,769.56,769.99,769.36,769.76,3193.0
12:21,768.95,769.22,768.83,769.22,4285.0
12:22,769.57,769.91,768.88,768.98,8294.0
12:23,769.62,770.0,769.62,769.64,2029.0
12:24,769.62,769.62,769.62,769.62,1423.0
12:25,770.09,770.09,769.26,769.35,3550.0
12:26,770.44,770.67,770.03,770.19,4394.0
12:27,771.06,771.06,770.3,770.5,3314.0
12:28,770.9,770.9,770.62,770.79,3157.0
12:29,771.24,771.36,771.16,771.36,3123.0
12:30,771.01,771.62,771.01,771.21,5759.0
12:31,770.56,770.57,770.56,770.56,1373.0
12:32,770.52,770.55,770.52,770.55,2431.0
12:33,770.78,771.0,770.22,770.52,204586.0
12:34,770.8,770.81,770.37,770.37,1336.0
12:35,770.68,770.81,770.65,770.81,2196.0
12:36,770.93,771.41,770.69,771.23,2715.0
12:37,770.92,770.93,770.92,770.93,1264.0
12:38,770.4,770.88,770.4,770.45,7453.0
12:39,770.55,770.78,770.55,770.57,54319.0
12:40,770.69,770.69,770.69,770.69,101185.0
12:41,770.43,770.57,770.43,770.44,3507.0
12:42,768.95,770.38,768.95,770.36,3842.0
12:43,768.89,768.9,768.86,768.9,3320.0
12:44,769.8,769.8,768.86,768.86,7852.0
12:45,769.44,769.64,769.44,769.64,711.0
12:46,770.22,770.23,769.53,770.22,3817.0
12:47,770.52,770.55,770.07,770.07,2056.0
12:48,770.52,770.87,770.44,770.61,2453.0
12:49,770.6,771.05,770.52,771.05,2256.0
12:50,770.71,770.72,770.71,770.72,1216.0
12:51,770.49,770.97,770.1,770.97,8134.0
12:52,770.7,770.79,770.45,770.46,3841.0
12:53,770.77,770.77,770.75,770.75,625.0
12:54,771.18,771.28,770.78,770.78,2037.0
12:55,771.41,771.41,771.02,771.17,3251.0
12:56,770.87,771.39,770.87,771.13,3808.0
12:57,770.62,770.73,770.58,770.7,3735.0
12:58,770.64,770.7,770.62,770.68,2035.0
12:59,770.66,770.66,770.66,770.66,335.0
13:00,770.66,770.83,770.66,770.83,1548.0
13:01,770.88,771.14,770.74,770.74,9015.0
13:02,770.58,771.2,770.12,770.98,10037.0
13:03,770.47,770.47,769.93,770.23,7922.0
13:04,769.72,771.1,769.72,771.1,3895.0
13:05,770.2,770.89,769.7,770.6,3356.0
13:06,770.68,770.68,769.68,770.1,2818.0
13:07,770.13,770.76,770.03,770.4,4074.0
13:08,770.44,770.44,770.44,770.44,1001.0
13:09,770.86,770.86,769.64,769.9,2715.0
13:10,770.49,770.49,770.15,770.15,1369.0
13:11,771.41,771.41,770.2,770.21,4194.0
13:12,771.83,772.04,771.51,771.7,5038.0
13:13,772.03,772.28,771.73,771.89,4001.0
13:14,771.9,772.21,771.9,772.2,3053.0
13:15,771.38,772.12,771.38,772.09,4958.0
13:16,771.53,771.7,771.44,771.44,1457.0
13:17,771.53,771.89,771.41,771.89,1971.0
13:18,771.8,771.9,771.52,771.53,6494.0
13:19,771.63,771.66,771.63,771.66,1403.0
13:20,771.31,771.41,771.31,771.41,1380.0
13:21,771.47,771.53,771.28,771.28,1064.0
13:22,771.75,771.75,771.47,771.47,1170.0
13:23,771.24,771.54,771.24,771.48,2575.0
13:24,772.33,772.33,771.97,771.97,1923.0
13:25,772.59,772.6,772.18,772.33,4173.0
13:26,772.27,772.59,771.93,772.59,3218.0
13:27,772.22,772.22,771.81,771.81,2214.0
13:28,772.21,772.21,771.82,771.82,491.0
13:29,771.77,771.96,771.77,771.95,2192.0
13:30,771.86,771.87,771.86,771.87,1465.0
13:31,772.2,772.2,771.66,771.66,4851.0
13:32,772.03,772.12,772.03,772.12,1775.0
13:33,772.15,772.34,771.91,771.98,4369.0
13:34,772.25,772.25,772.15,772.15,2263.0
13:35,772.44,772.54,772.17,772.47,3514.0
13:36,772.7,772.88,772.68,772.68,1765.0
13:37,772.92,772.92,772.48,772.69,1910.0
13:38,772.1,772.69,772.1,772.69,4092.0
13:39,772.59,772.65,772.1,772.1,3350.0
13:40,772.07,772.54,772.07,772.54,1577.0
13:41,772.45,772.45,772.45,772.45,731.0
13:42,772.49,772.49,772.49,772.49,2732.0
13:43,773.43,773.48,772.81,772.81,9771.0
13:44,773.25,773.25,773.02,773.1,2264.0
13:45,772.67,772.67,772.67,772.67,1400.0
13:46,773.19,773.2,772.69,773.2,5114.0
13:47,772.8,772.8,772.8,772.8,344.0
13:48,773.15,773.15,772.8,772.8,5356.0
13:49,773.58,773.58,773.02,773.1,5209.0
13:50,774.0,774.0,773.25,773.39,5062.0
13:51,774.5,774.5,774.16,774.3,3491.0
13:52,775.02,775.02,774.21,774.22,7584.0
13:53,774.92,775.21,774.9,775.04,6136.0
13:54,775.16,775.25,774.78,775.14,16459.0
13:55,774.84,775.17,774.48,775.17,8938.0
13:56,774.35,774.73,774.2,774.41,2982.0
13:57,773.59,774.53,773.59,774.38,11128.0
13:58,773.97,774.09,773.79,773.79,6473.0
13:59,774.04,774.29,773.89,773.99,4948.0
14:00,774.12,774.5,773.99,774.19,3423.0
14:01,774.67,774.67,774.41,774.41,3332.0
14:02,774.8,775.14,774.43,774.68,9193.0
14:03,774.56,774.56,774.38,774.44,3058.0
14:04,774.67,774.67,774.53,774.53,938.0
14:05,774.24,774.51,774.19,774.51,2751.0
14:06,774.35,774.49,774.1,774.45,2618.0
14:07,774.47,774.47,774.0,774.38,2485.0
14:08,773.42,773.94,773.42,773.94,2240.0
14:09,772.99,773.37,772.99,773.2,5522.0
14:10,773.29,773.29,773.29,773.29,1211.0
14:11,772.75,773.39,772.54,773.35,3904.0
14:12,772.73,772.85,772.73,772.85,1285.0
14:13,772.72,772.72,772.72,772.72,2698.0
14:14,772.25,772.41,772.25,772.41,1861.0
14:15,772.51,772.72,772.1,772.25,3537.0
14:16,772.45,772.45,772.25,772.26,1855.0
14:17,772.23,772.97,772.2,772.9,4934.0
14:18,772.56,772.87,772.21,772.21,3299.0
14:19,773.0,773.0,772.79,772.79,1366.0
14:20,773.5,773.5,772.62,772.62,3001.0
14:21,773.99,774.0,773.64,773.64,1832.0
14:22,773.86,773.86,773.43,773.78,4768.0
14:23,774.18,774.18,773.89,773.89,1567.0
14:24,774.4,774.4,774.4,774.4,1648.0
14:25,774.21,774.38,774.05,774.38,2195.0
14:26,773.56,774.09,773.56,774.01,4973.0
14:27,773.78,773.88,773.59,773.78,1218.0
14:28,773.22,773.7,773.22,773.7,2693.0
14:29,773.21,773.31,773.21,773.31,1740.0
14:30,773.45,773.45,773.06,773.2,3337.0
14:31,773.71,773.98,773.51,773.98,1805.0
14:32,773.66,773.99,773.35,773.71,6525.0
14:33,773.75,773.75,773.66,773.66,1718.0
14:34,773.64,773.64,773.64,773.64,1403.0
14:35,774.33,774.33,773.95,774.13,3113.0
14:36,774.4,774.4,774.21,774.21,2584.0
14:37,773.98,774.49,773.98,774.49,4986.0
14:38,774.49,774.74,773.97,773.97,2637.0
14:39,774.18,774.43,774.18,774.43,1560.0
14:40,774.35,774.35,774.25,774.25,620.0
14:41,774.07,774.49,774.07,774.33,4273.0
14:42,774.11,774.44,773.91,774.16,2988.0
14:43,774.16,774.3,774.04,774.04,1963.0
14:44,774.12,774.3,774.12,774.23,1980.0
14:45,774.04,774.2,774.04,774.2,1998.0
14:46,774.04,774.04,774.04,774.04,547.0
14:47,773.74,774.29,773.74,774.08,3147.0
14:48,774.01,774.1,774.01,774.06,2749.0
14:49,774.3,774.3,774.3,774.3,1208.0
14:50,774.33,774.44,774.27,774.27,1906.0
14:51,774.03,774.38,774.03,774.38,3261.0
14:52,774.29,774.29,774.29,774.29,476.0
14:53,774.42,774.42,774.21,774.21,1495.0
14:54,774.25,774.49,774.23,774.49,1917.0
14:55,773.92,774.3,773.92,774.15,2037.0
14:56,774.02,774.33,773.88,774.23,2185.0
14:57,773.84,774.14,773.73,774.01,6544.0
14:58,773.83,773.99,773.83,773.91,1008.0
14:59,773.89,774.15,773.89,774.15,3651.0
15:00,774.19,774.32,774.07,774.2,2676.0
15:01,774.49,774.49,774.24,774.24,1701.0
15:02,773.74,774.37,773.74,774.37,3785.0
15:03,773.53,773.75,773.53,773.75,996.0
15:04,773.75,773.76,773.75,773.75,1868.0
15:05,773.51,773.77,773.5,773.76,3260.0
15:06,773.55,773.78,773.37,773.4,5227.0
15:07,773.29,773.31,773.1,773.28,2616.0
15:08,773.29,773.46,773.29,773.29,1650.0
15:09,773.59,773.59,773.5,773.5,3554.0
15:10,773.4,773.46,773.32,773.33,2128.0
15:11,773.47,773.49,773.28,773.39,1768.0
15:12,773.17,773.28,772.94,773.1,4548.0
15:13,773.32,773.32,773.3,773.3,1563.0
15:14,773.17,773.32,773.17,773.32,1471.0
15:15,773.26,773.29,773.14,773.14,1713.0
15:16,773.34,773.45,773.22,773.22,1288.0
15:17,773.21,773.29,773.01,773.29,4242.0
15:18,773.37,773.47,773.18,773.18,3192.0
15:19,773.47,773.61,773.47,773.61,2919.0
15:20,773.53,773.56,773.29,773.35,4350.0
15:21,773.23,773.53,773.12,773.53,3057.0
15:22,773.08,773.45,772.89,773.45,4863.0
15:23,773.21,773.29,773.19,773.19,1727.0
15:24,772.65,773.22,772.64,773.22,5876.0
15:25,772.76,772.76,772.31,772.75,9133.0
15:26,772.92,773.12,772.53,772.53,6343.0
15:27,772.88,773.02,772.84,772.9,2755.0
15:28,773.18,773.28,773.07,773.07,4720.0
15:29,773.45,773.49,773.14,773.14,10672.0
15:30,773.62,773.71,773.28,773.71,2185.0
15:31,774.14,774.26,773.5,773.67,8758.0
15:32,773.8,774.25,773.73,774.02,11038.0
15:33,773.74,773.74,773.39,773.67,2558.0
15:34,773.73,773.73,773.67,773.7,1850.0
15:35,773.77,773.87,773.39,773.63,3667.0
15:36,774.14,774.17,773.58,773.77,4928.0
15:37,774.65,774.65,774.08,774.08,5633.0
15:38,774.45,774.88,774.45,774.56,12085.0
15:39,774.33,774.45,774.33,774.45,2003.0
15:40,774.72,774.72,774.28,774.4,3391.0
15:41,774.24,774.62,774.1,774.29,9272.0
15:42,773.98,774.36,773.98,774.32,2882.0
15:43,774.99,775.0,774.19,774.36,12716.0
15:44,774.6,775.0,774.5,774.84,7704.0
15:45,774.46,774.59,774.25,774.59,6894.0
15:46,774.75,774.98,774.16,774.24,10440.0
15:47,774.85,774.86,774.38,774.38,2880.0
15:48,774.49,774.91,774.22,774.78,9949.0
15:49,774.52,774.73,774.4,774.73,4493.0
15:50,775.17,775.2,774.68,774.86,17119.0
15:51,774.51,775.12,774.51,775.01,12267.0
15:52,772.52,774.26,772.47,774.26,12445.0
15:53,772.67,772.9,772.41,772.79,18242.0
15:54,772.25,772.72,772.14,772.55,14385.0
15:55,771.67,772.3,771.43,772.3,21340.0
15:56,771.56,771.81,771.51,771.66,17843.0
15:57,771.78,771.92,771.4,771.65,19546.0
15:58,771.71,771.9,771.52,771.89,35369.0
15:59,771.93,772.0,771.41,771.66,80794.0
