Time,Close,High,Low,Open,Volume
09:30,734.97,737.0,732.26,736.96,257562.0
09:31,739.5,740.0,734.64,734.64,69717.0
09:32,736.76,740.8,735.46,739.5,82632.0
09:33,736.6,738.33,736.11,737.1,23528.0
09:34,735.9,737.61,735.4,736.67,31176.0
09:35,737.84,738.03,734.75,736.04,92516.0
09:36,739.09,739.31,736.73,737.68,60207.0
09:37,739.85,740.25,737.6,738.99,44522.0
09:38,740.64,740.78,739.47,739.61,34097.0
09:39,740.09,741.59,739.24,740.66,38133.0
09:40,740.51,740.96,739.84,739.88,24133.0
09:41,738.19,741.1,738.19,740.48,23990.0
09:42,739.81,740.4,738.22,738.53,23165.0
09:43,739.97,740.59,739.66,740.15,17296.0
09:44,739.74,740.39,739.23,739.76,27941.0
09:45,739.87,739.93,738.72,739.74,17609.0
09:46,738.39,739.87,738.39,739.45,36599.0
09:47,739.41,740.0,738.0,738.46,21802.0
09:48,739.64,739.85,739.22,739.61,15938.0
09:49,740.76,740.98,739.65,739.65,22139.0
09:50,743.24,743.87,740.68,740.76,51113.0
09:51,745.13,745.3,743.27,743.27,42692.0
09:52,744.24,745.62,743.11,745.33,34304.0
09:53,744.0,744.53,742.68,744.1,38466.0
09:54,743.55,743.81,743.08,743.67,13265.0
09:55,744.3,744.56,743.55,743.55,26290.0
09:56,742.7,744.2,742.57,743.92,11857.0
09:57,742.9,743.38,742.76,743.09,12954.0
09:58,743.54,743.66,741.4,742.51,24734.0
09:59,745.0,745.16,743.73,743.77,24423.0
10:00,743.85,745.2,743.85,745.2,13258.0
10:01,743.8,744.0,742.5,743.85,17465.0
10:02,744.5,744.6,743.33,744.56,11380.0
10:03,746.14,746.14,744.33,744.62,34614.0
10:04,745.48,746.59,745.0,746.07,22524.0
10:05,743.84,746.12,743.84,746.12,16493.0
10:06,744.69,744.7,744.11,744.18,12564.0
10:07,743.69,744.44,743.48,744.21,13154.0
10:08,743.79,744.14,743.53,743.69,12297.0
10:09,744.35,744.39,743.27,743.65,12203.0
10:10,744.99,745.21,744.22,744.27,31141.0
10:11,743.91,744.98,743.62,744.98,10130.0
10:12,745.0,745.73,743.75,743.75,14320.0
10:13,744.69,744.98,744.4,744.4,3209.0
10:14,744.23,744.83,743.78,744.83,10710.0
10:15,743.15,743.82,742.8,743.82,11302.0
10:16,741.0,742.58,740.74,742.58,14490.0
10:17,741.4,741.7,740.88,741.21,11150.0
10:18,741.85,741.85,740.75,740.89,4375.0
10:19,741.23,741.96,741.02,741.96,6150.0
10:20,741.66,741.66,741.17,741.26,6839.0
10:21,741.8,741.83,741.04,741.51,7243.0
10:22,740.8,741.46,740.8,741.37,8483.0
10:23,741.0,741.31,740.7,740.86,7021.0
10:24,741.23,741.24,740.6,741.15,7498.0
10:25,739.74,741.27,739.74,741.27,29731.0
10:26,740.11,740.66,739.92,739.98,13241.0
10:27,740.28,740.73,740.27,740.28,7953.0
10:28,739.76,740.61,739.32,740.3,24248.0
10:29,739.6,740.29,739.36,739.63,18097.0
10:30,738.18,739.6,738.0,739.56,12941.0
10:31,737.93,738.15,737.41,738.06,9617.0
10:32,736.99,737.9,736.76,737.8,12195.0
10:33,737.03,737.31,736.76,737.16,19108.0
10:34,737.06,738.04,737.0,737.05,14980.0
10:35,736.51,737.17,736.13,736.86,13622.0
10:36,736.39,736.7,736.21,736.31,6806.0
10:37,736.14,736.49,735.76,736.26,10709.0
10:38,736.76,737.09,736.03,736.03,10268.0
10:39,736.62,736.74,736.4,736.74,4455.0
10:40,736.67,737.0,736.38,736.76,7966.0
10:41,736.4,737.0,736.3,736.65,14896.0
10:42,736.73,736.86,736.39,736.39,4338.0
10:43,736.25,736.95,736.09,736.73,11502.0
10:44,736.86,736.97,736.06,736.3,8847.0
10:45,736.72,737.29,736.68,737.11,8000.0
10:46,736.37,737.08,736.15,737.08,3540.0
10:47,736.85,736.86,736.23,736.42,7534.0
10:48,736.2,736.58,736.2,736.56,4323.0
10:49,737.36,737.65,736.09,736.09,10400.0
10:50,737.1,737.72,737.01,737.43,10616.0
10:51,737.97,738.41,737.56,737.56,20180.0
10:52,737.03,738.31,737.0,737.76,14567.0
10:53,737.45,737.87,737.21,737.3,5452.0
10:54,737.12,738.0,737.12,737.63,4073.0
10:55,737.0,737.48,737.0,737.0,4652.0
10:56,737.0,737.22,737.0,737.16,2972.0
10:57,736.74,737.02,736.62,737.02,10169.0
10:58,737.0,737.0,736.48,736.58,5467.0
10:59,736.71,737.0,736.58,736.78,4826.0
11:00,736.72,736.73,736.39,736.73,4719.0
11:01,736.5,737.09,736.5,736.8,4934.0
11:02,735.97,736.3,735.8,736.29,9304.0
11:03,736.31,736.71,735.99,735.99,4067.0
11:04,736.32,736.42,736.07,736.42,2589.0
11:05,736.43,736.43,736.0,736.32,8226.0
11:06,736.68,736.76,736.24,736.48,7607.0
11:07,737.02,737.57,736.47,736.8,11555.0
11:08,737.06,737.54,736.83,737.16,5784.0
11:09,737.06,737.31,736.82,737.06,9460.0
11:10,737.8,737.8,737.0,737.0,7750.0
11:11,738.24,738.26,737.87,738.0,12188.0
11:12,738.52,738.67,738.31,738.35,7644.0
11:13,738.27,738.9,738.22,738.57,13067.0
11:14,738.09,738.3,737.86,738.3,1645.0
11:15,738.14,738.28,737.78,738.08,4447.0
11:16,737.78,738.16,737.62,738.14,4467.0
11:17,738.0,738.06,737.99,738.0,4832.0
11:18,738.45,738.5,737.8,738.0,6747.0
11:19,738.85,739.08,738.45,738.54,7657.0
11:20,738.83,739.0,738.74,738.95,5356.0
11:21,738.41,738.9,738.28,738.83,3638.0
11:22,737.28,738.18,737.21,738.18,9830.0
11:23,737.43,737.53,737.41,737.41,3230.0
11:24,737.57,737.91,737.33,737.33,5614.0
11:25,737.57,737.69,737.37,737.69,4895.0
11:26,738.4,738.6,737.69,737.69,8078.0
11:27,738.19,738.7,738.1,738.1,5612.0
11:28,738.09,738.34,738.09,738.34,2439.0
11:29,738.04,738.07,737.53,738.0,11086.0
11:30,737.6,737.94,737.6,737.94,4320.0
11:31,737.91,737.91,737.41,737.41,3362.0
11:32,737.52,737.85,737.52,737.63,2830.0
11:33,738.23,738.23,737.3,737.58,5910.0
11:34,737.95,738.09,737.92,737.97,1481.0
11:35,737.48,737.8,737.27,737.8,5233.0
11:36,736.23,737.35,736.23,737.35,10759.0
11:37,736.29,736.38,736.12,736.31,8255.0
11:38,736.07,736.36,736.07,736.36,3311.0
11:39,736.21,736.3,735.91,736.12,7642.0
11:40,736.35,736.51,736.18,736.29,7164.0
11:41,736.4,736.59,736.29,736.29,6458.0
11:42,736.71,736.71,736.53,736.54,3089.0
11:43,736.17,736.54,736.17,736.54,2636.0
11:44,736.71,736.71,736.27,736.27,4340.0
11:45,736.25,736.67,736.25,736.6,4418.0
11:46,736.58,736.71,736.41,736.41,2758.0
11:47,736.79,737.12,736.7,736.72,6409.0
11:48,737.07,737.12,736.75,736.75,3473.0
11:49,737.18,737.24,737.04,737.07,4746.0
11:50,737.11,737.46,737.11,737.23,4566.0
11:51,737.22,737.22,737.0,737.0,2602.0
11:52,737.22,737.22,737.22,737.22,733.0
11:53,737.24,737.24,737.2,737.22,2712.0
11:54,736.6,737.06,736.5,737.06,3503.0
11:55,736.72,736.72,736.54,736.67,1620.0
11:56,736.66,736.7,736.66,736.7,2362.0
11:57,737.37,737.37,736.97,736.97,1894.0
11:58,737.45,737.46,737.24,737.24,2270.0
11:59,737.41,737.51,737.33,737.33,3328.0
12:00,737.57,737.74,737.4,737.6,2061.0
12:01,737.19,737.57,737.19,737.57,2804.0
12:02,737.3,737.3,737.16,737.16,2613.0
12:03,737.21,737.21,737.01,737.01,1050.0
12:04,737.17,737.17,736.73,737.0,5833.0
12:05,736.91,737.2,736.91,737.04,1227.0
12:06,737.16,737.16,737.05,737.05,1796.0
12:07,737.49,737.49,737.21,737.21,2235.0
12:08,737.5,737.53,737.33,737.39,1976.0
12:09,737.12,737.59,737.06,737.56,4759.0
12:10,737.98,737.98,737.26,737.44,3869.0
12:11,738.04,738.23,737.98,738.0,3662.0
12:12,738.5,738.5,738.04,738.2,7897.0
12:13,738.92,739.1,738.65,738.65,14891.0
12:14,738.99,738.99,738.85,738.85,1198.0
12:15,738.96,739.1,738.92,738.99,5925.0
12:16,739.11,739.13,738.99,738.99,3431.0
12:17,738.82,739.24,738.82,739.24,5109.0
12:18,738.77,738.96,738.66,738.96,3174.0
12:19,738.97,738.97,738.75,738.77,5091.0
12:20,738.94,739.06,738.87,739.04,7089.0
12:21,739.49,739.49,738.93,738.93,8250.0
12:22,739.81,739.93,739.24,739.31,10933.0
12:23,739.64,740.3,739.58,739.88,15850.0
12:24,739.55,739.61,739.27,739.61,7745.0
12:25,739.4,739.68,739.4,739.63,7116.0
12:26,739.76,740.1,739.69,739.69,5970.0
12:27,739.82,740.0,739.77,740.0,7055.0
12:28,740.32,740.64,739.83,740.0,7289.0
12:29,740.56,740.8,740.27,740.32,3704.0
12:30,740.08,740.35,740.08,740.32,8074.0
12:31,740.2,740.34,739.82,740.34,6561.0
12:32,740.1,740.18,740.09,740.11,2651.0
12:33,740.03,740.04,739.72,739.86,1838.0
12:34,739.87,739.92,739.4,739.79,4522.0
12:35,739.7,739.8,739.08,739.71,7205.0
12:36,739.24,739.71,739.09,739.55,8754.0
12:37,739.06,739.42,739.06,739.35,1894.0
12:38,739.78,739.98,739.1,739.16,11749.0
12:39,739.97,740.13,739.97,740.05,2438.0
12:40,739.91,740.22,739.9,740.03,5237.0
12:41,740.0,740.0,739.49,739.78,3786.0
12:42,739.86,739.86,739.76,739.76,2386.0
12:43,739.79,739.88,739.79,739.87,1136.0
12:44,739.39,739.64,739.26,739.64,4755.0
12:45,739.55,739.66,739.4,739.4,2182.0
12:46,738.84,739.79,738.82,739.79,6619.0
12:47,738.54,738.84,738.54,738.84,1570.0
12:48,739.13,739.13,738.51,738.75,2656.0
12:49,739.22,739.22,738.77,739.02,5814.0
12:50,739.58,739.66,739.22,739.22,6736.0
12:51,739.3,739.56,739.08,739.5,3050.0
12:52,739.41,739.65,739.31,739.57,1475.0
12:53,739.25,739.44,739.17,739.41,3675.0
12:54,739.5,739.5,739.36,739.36,1016.0
12:55,739.68,739.73,739.26,739.38,5144.0
12:56,739.68,739.68,739.56,739.68,1517.0
12:57,739.83,739.91,739.77,739.77,4050.0
12:58,739.84,740.16,739.61,740.0,6586.0
12:59,739.33,739.71,739.33,739.52,2569.0
13:00,739.01,739.55,739.01,739.55,2851.0
13:01,739.23,739.23,739.16,739.16,983.0
13:02,738.82,739.23,738.82,739.23,3194.0
13:03,738.53,738.85,738.46,738.85,3815.0
13:04,738.83,738.83,738.52,738.71,4243.0
13:05,738.74,738.95,738.53,738.74,1487.0
13:06,738.77,739.0,738.61,739.0,3539.0
13:07,738.64,738.78,738.53,738.78,3144.0
13:08,739.16,739.23,738.78,738.78,3790.0
13:09,739.35,739.37,739.05,739.05,3604.0
13:10,739.45,739.54,739.35,739.54,1393.0
13:11,739.34,739.64,739.21,739.45,3764.0
13:12,738.85,739.47,738.85,739.45,2804.0
13:13,738.8,739.1,738.7,739.1,2232.0
13:14,738.8,738.8,738.8,738.8,1219.0
13:15,738.59,738.79,738.56,738.79,1373.0
13:16,738.14,738.59,738.12,738.59,4483.0
13:17,738.45,738.53,738.15,738.26,4304.0
13:18,738.5,738.5,738.5,738.5,458.0
13:19,738.65,738.79,738.57,738.57,3666.0
13:20,738.81,738.91,738.62,738.62,2884.0
13:21,739.33,739.38,738.92,738.92,5084.0
13:22,739.29,739.29,739.25,739.25,1760.0
13:23,739.0,739.36,739.0,739.36,3325.0
13:24,738.83,738.87,738.83,738.87,1225.0
13:25,738.44,738.62,738.44,738.62,2273.0
13:26,738.5,738.61,738.35,738.61,3256.0
13:27,738.49,738.76,738.49,738.53,3165.0
13:28,738.67,738.67,738.31,738.31,970.0
13:29,738.59,738.59,738.59,738.59,897.0
13:30,738.49,738.88,738.3,738.63,4519.0
13:31,738.76,738.8,738.66,738.66,2371.0
13:32,738.68,738.68,738.39,738.57,4322.0
13:33,738.36,738.48,738.15,738.4,3171.0
13:34,738.33,738.33,738.13,738.32,2240.0
13:35,738.57,738.67,738.36,738.43,4048.0
13:36,738.43,738.88,738.43,738.73,3563.0
13:37,738.35,738.64,738.35,738.64,1723.0
13:38,738.25,738.31,738.25,738.31,1166.0
13:39,738.24,738.24,738.24,738.24,1566.0
13:40,738.05,738.05,738.05,738.05,898.0
13:41,738.0,738.27,737.85,738.27,2987.0
13:42,737.77,738.05,737.57,737.95,3681.0
13:43,737.69,737.8,737.34,737.56,5557.0
13:44,737.53,737.75,737.52,737.75,1942.0
13:45,737.39,737.52,737.12,737.52,2193.0
13:46,737.23,737.44,737.03,737.38,2633.0
13:47,737.14,737.6,737.14,737.37,2966.0
13:48,737.32,737.59,737.0,737.37,9454.0
13:49,737.19,737.21,737.19,737.19,4711.0
13:50,737.17,737.32,737.17,737.32,1251.0
13:51,736.98,737.38,736.83,737.38,7298.0
13:52,737.07,737.07,736.94,736.94,3480.0
13:53,737.02,737.15,736.95,737.15,4511.0
13:54,736.96,737.19,736.96,737.02,2543.0
13:55,736.88,737.12,736.88,737.0,4737.0
13:56,736.8,737.04,736.8,736.99,6930.0
13:57,736.72,736.97,736.72,736.97,9124.0
13:58,736.49,736.77,736.22,736.72,10872.0
13:59,736.76,736.83,736.29,736.49,4008.0
14:00,737.38,737.38,736.77,736.77,5115.0
14:01,736.65,737.4,736.65,737.3,5540.0
14:02,736.76,736.76,736.62,736.62,1390.0
14:03,736.44,736.54,736.42,736.54,3216.0
14:04,736.29,736.41,736.1,736.41,2498.0
14:05,736.24,736.32,736.1,736.1,1816.0
14:06,736.58,736.69,736.13,736.13,7772.0
14:07,736.41,736.73,736.41,736.48,3132.0
14:08,736.41,736.5,736.23,736.23,3223.0
14:09,736.26,736.46,736.26,736.46,2057.0
14:10,736.23,736.3,736.12,736.3,2889.0
14:11,736.59,736.72,736.28,736.29,5322.0
14:12,736.71,736.71,736.47,736.65,2837.0
14:13,736.72,736.96,736.45,736.54,3317.0
14:14,736.82,736.87,736.71,736.87,2811.0
14:15,736.2,736.7,736.2,736.61,11466.0
14:16,736.38,736.59,736.14,736.2,3517.0
14:17,736.23,736.46,736.23,736.38,3932.0
14:18,736.04,736.4,736.04,736.18,6934.0
14:19,736.48,736.48,736.05,736.05,3475.0
14:20,736.56,736.66,736.31,736.48,4864.0
14:21,736.63,736.67,736.45,736.57,4092.0
14:22,736.36,736.64,736.21,736.64,5254.0
14:23,736.53,736.98,736.36,736.36,11755.0
14:24,736.29,736.89,736.29,736.69,2489.0
14:25,736.0,736.61,735.92,736.61,5521.0
14:26,735.92,736.16,735.92,735.92,3390.0
14:27,736.17,736.36,735.92,736.03,8168.0
14:28,736.15,736.21,735.95,736.12,4384.0
14:29,736.02,736.28,736.02,736.04,1842.0
14:30,736.21,736.4,736.15,736.15,4730.0
14:31,736.07,736.28,735.94,736.21,5182.0
14:32,736.24,736.29,736.15,736.27,2922.0
14:33,736.27,736.29,736.08,736.27,3605.0
14:34,735.79,736.22,735.55,736.21,5569.0
14:35,735.3,735.88,735.0,735.88,9182.0
14:36,734.85,735.52,734.8,735.36,7986.0
14:37,734.72,734.85,734.65,734.84,5245.0
14:38,735.19,735.19,734.68,734.68,7429.0
14:39,734.82,734.91,734.74,734.91,2216.0
14:40,734.9,734.9,734.66,734.73,3190.0
14:41,734.88,734.93,734.67,734.84,4530.0
14:42,734.85,735.09,734.8,735.02,4191.0
14:43,734.89,734.98,734.86,734.94,4447.0
14:44,734.9,735.0,734.9,735.0,2594.0
14:45,735.02,735.13,734.89,735.06,2992.0
14:46,734.59,735.07,734.59,734.89,4638.0
14:47,734.41,734.62,734.01,734.19,6071.0
14:48,734.55,734.65,734.36,734.62,6367.0
14:49,734.56,734.56,734.51,734.51,2100.0
14:50,734.48,734.64,734.4,734.55,5825.0
14:51,734.45,734.45,734.18,734.25,2470.0
14:52,734.41,734.54,734.4,734.4,2749.0
14:53,734.27,734.4,734.25,734.4,5834.0
14:54,734.28,734.28,734.06,734.28,2815.0
14:55,734.36,734.5,734.32,734.37,9951.0
14:56,734.39,734.5,734.27,734.37,8206.0
14:57,734.66,734.8,734.45,734.45,3797.0
14:58,733.93,734.5,733.93,734.5,8142.0
14:59,734.33,734.33,734.09,734.09,2461.0
15:00,733.99,734.12,733.59,734.09,6662.0
15:01,733.56,733.99,733.56,733.9,3442.0
15:02,733.71,733.78,733.6,733.72,3220.0
15:03,733.61,733.87,733.61,733.87,2862.0
15:04,733.87,734.18,733.71,733.71,7342.0
15:05,733.76,734.21,733.73,734.15,5700.0
15:06,733.46,733.55,733.1,733.45,6651.0
15:07,733.99,734.01,733.51,733.68,6435.0
15:08,733.99,733.99,733.76,733.97,1498.0
15:09,733.99,734.06,733.99,734.06,1639.0
15:10,733.61,734.02,733.61,734.0,4071.0
15:11,733.69,733.85,733.69,733.7,1673.0
15:12,733.27,733.68,733.27,733.68,4426.0
15:13,732.87,733.41,732.86,733.31,8325.0
15:14,732.98,733.0,732.75,732.84,5714.0
15:15,732.95,733.18,732.92,732.93,8804.0
15:16,732.87,732.96,732.56,732.93,8744.0
15:17,732.47,732.9,732.32,732.9,16770.0
15:18,732.36,732.69,732.32,732.47,16290.0
15:19,732.72,732.89,732.45,732.45,5305.0
15:20,732.59,732.59,732.35,732.54,3345.0
15:21,732.42,732.59,732.26,732.59,8267.0
15:22,732.34,732.56,732.34,732.49,5115.0
15:23,732.48,732.56,732.42,732.42,4760.0
15:24,732.66,732.7,732.36,732.45,10702.0
15:25,732.53,732.81,732.3,732.58,7719.0
15:26,732.5,732.8,732.35,732.8,3644.0
15:27,731.91,732.26,731.79,732.21,11766.0
15:28,731.9,732.06,731.76,731.91,5685.0
15:29,731.82,731.82,731.55,731.8,7865.0
15:30,732.0,732.12,731.82,731.84,8830.0
15:31,731.77,731.98,731.77,731.98,3251.0
15:32,731.92,732.01,731.77,731.77,4679.0
15:33,731.76,731.91,731.56,731.8,7303.0
15:34,731.95,731.95,731.76,731.84,6435.0
15:35,732.03,732.03,731.78,731.79,6648.0
15:36,731.91,732.13,731.83,731.83,7894.0
15:37,732.11,732.25,731.93,732.02,7201.0
15:38,732.47,732.47,732.15,732.15,5006.0
15:39,732.49,732.64,732.35,732.35,3909.0
15:40,732.82,732.89,732.44,732.44,8305.0
15:41,732.98,733.16,732.78,732.89,7911.0
15:42,733.26,733.28,733.04,733.18,8828.0
15:43,733.48,733.5,733.26,733.26,7897.0
15:44,733.62,733.62,733.37,733.51,9879.0
15:45,733.88,733.94,733.6,733.77,10508.0
15:46,734.07,734.18,733.85,733.96,10098.0
15:47,734.2,734.61,734.13,734.36,7967.0
15:48,734.21,734.67,734.21,734.35,14236.0
15:49,733.86,734.25,733.86,734.21,7577.0
15:50,734.05,734.17,733.57,733.86,11530.0
15:51,733.62,734.16,733.57,734.06,6695.0
15:52,733.91,734.0,733.61,733.72,9731.0
15:53,733.67,733.99,733.5,733.82,9870.0
15:54,733.6,733.79,733.54,733.79,9226.0
15:55,734.0,734.0,733.61,733.83,21669.0
15:56,734.29,734.29,733.79,734.01,24710.0
15:57,734.38,734.41,734.25,734.4,16141.0
15:58,734.55,734.62,734.39,734.39,24251.0
15:59,733.99,734.62,733.88,734.59,42211.0
