Time,Close,High,Low,Open,Volume
09:30,733.2,733.43,733.14,733.36,74560.0
09:31,732.7,733.55,731.0,733.55,9267.0
09:32,734.0,734.0,731.86,732.33,7127.0
09:33,732.88,734.59,732.36,733.87,14161.0
09:34,733.6,734.07,732.98,733.27,4881.0
09:35,734.17,734.4,733.65,733.65,6979.0
09:36,734.51,735.0,733.98,734.17,9431.0
09:37,735.4,735.4,734.18,734.18,14294.0
09:38,736.0,736.0,735.2,735.2,9305.0
09:39,736.46,736.63,735.61,736.18,16944.0
09:40,736.34,737.42,736.09,736.81,23474.0
09:41,734.83,736.65,734.83,736.42,12953.0
09:42,734.97,735.09,734.38,734.9,11363.0
09:43,734.29,734.98,733.65,734.98,7656.0
09:44,734.24,734.3,734.15,734.3,2748.0
09:45,734.5,734.72,734.11,734.15,5844.0
09:46,734.5,734.79,734.24,734.24,4692.0
09:47,734.13,735.02,734.13,734.77,6107.0
09:48,734.1,734.4,734.1,734.23,3782.0
09:49,733.95,734.62,733.79,734.34,9820.0
09:50,733.95,734.09,733.5,733.9,10732.0
09:51,734.69,734.69,733.42,733.77,8446.0
09:52,733.6,734.54,733.6,734.1,2923.0
09:53,734.5,734.66,733.93,733.93,4455.0
09:54,733.98,734.8,733.98,734.39,4177.0
09:55,734.3,734.3,733.79,733.79,3100.0
09:56,734.48,734.49,734.33,734.34,4255.0
09:57,734.0,734.48,733.87,734.09,66282.0
09:58,734.2633333333333,734.2633333333333,734.0,734.0,55839.166666666664
09:59,734.5266666666666,734.5266666666666,734.2633333333333,734.2633333333333,45396.33333333333
10:00,734.79,734.79,734.5266666666666,734.5266666666666,34953.5
10:01,735.0533333333334,735.0533333333334,734.79,734.79,24510.666666666664
10:02,735.3166666666667,735.3166666666667,735.0533333333334,735.0533333333334,14067.833333333328
10:03,735.43,735.64,735.42,735.58,3625.0
10:04,734.6,735.09,734.36,735.09,5409.0
10:05,733.89,734.06,733.54,734.01,5641.0
10:06,732.82,734.07,732.75,733.83,10341.0
10:07,731.71,732.89,731.64,732.89,13681.0
10:08,731.89,732.0,731.0,731.5,9862.0
10:09,730.9,732.12,730.57,731.92,4990.0
10:10,731.4,731.4,730.5,730.57,12330.0
10:11,731.47,731.47,730.81,731.18,10190.0
10:12,731.55,731.77,731.16,731.51,8439.0
10:13,732.51,732.6,731.55,731.55,16160.0
10:14,732.32,732.58,732.0,732.5,8470.0
10:15,731.97,732.08,731.88,732.08,3907.0
10:16,732.18,732.19,731.35,731.97,5922.0
10:17,731.49,732.3,731.32,732.26,10219.0
10:18,731.33,731.66,731.17,731.49,5290.0
10:19,731.41,731.5,731.0,731.49,5228.0
10:20,731.36,731.59,731.36,731.42,2393.0
10:21,729.54,731.69,729.54,731.69,13620.0
10:22,730.33,730.33,729.54,729.54,9156.0
10:23,730.47,730.47,730.47,730.47,3504.0
10:24,730.41,731.1,730.41,731.0,4760.0
10:25,731.89,731.89,731.1,731.1,1973.0
10:26,732.12,732.18,731.71,731.71,5473.0
10:27,731.89,732.4,731.82,732.04,6041.0
10:28,731.53,731.78,731.53,731.78,2949.0
10:29,732.57,732.58,732.0,732.0,2849.0
10:30,732.68,732.68,732.4,732.64,4066.0
10:31,733.57,733.57,732.53,732.54,5708.0
10:32,734.12,734.55,733.7,733.7,12098.0
10:33,734.76,734.99,734.14,734.17,8170.0
10:34,733.9,734.76,733.9,734.76,6681.0
10:35,733.61,734.56,733.26,734.29,8164.0
10:36,733.92,734.17,733.88,733.93,3272.0
10:37,733.54,733.54,733.54,733.54,1139.0
10:38,733.79,733.92,733.54,733.54,7893.0
10:39,733.68,733.99,733.48,733.88,3998.0
10:40,733.01,733.4,732.61,733.4,2931.0
10:41,733.41,733.41,733.23,733.23,2370.0
10:42,734.23,734.84,733.99,733.99,5565.0
10:43,734.47,734.53,733.95,733.95,5858.0
10:44,734.5,734.62,734.36,734.56,8467.0
10:45,734.74,734.9,734.6,734.6,5969.0
10:46,734.39,734.73,734.37,734.73,12062.0
10:47,734.17,734.3,733.61,734.3,5949.0
10:48,734.39,734.45,734.3,734.3,1997.0
10:49,734.01,734.06,733.31,734.04,8465.0
10:50,733.82,734.46,733.6,733.6,3481.0
10:51,734.63,734.63,733.88,734.07,3566.0
10:52,734.45,734.45,734.0,734.0,1421.0
10:53,734.65,735.0,734.5,734.5,9949.0
10:54,734.83,735.0,734.65,734.65,9093.0
10:55,734.64,734.94,734.44,734.64,5462.0
10:56,734.72,735.01,734.57,734.64,6022.0
10:57,734.85,735.09,734.7,734.75,4462.0
10:58,734.5,734.97,734.24,734.97,6659.0
10:59,734.5,734.5,734.5,734.5,2345.0
11:00,734.5,734.57,734.32,734.57,1790.0
11:01,734.66,734.66,734.66,734.66,351.0
11:02,735.3,735.35,734.91,734.91,11615.0
11:03,735.08,735.45,734.85,735.3,5491.0
11:04,733.99,734.85,733.89,734.8,10051.0
11:05,734.33,734.62,734.24,734.47,2058.0
11:06,734.37,734.37,734.0,734.33,5343.0
11:07,734.26,734.43,734.07,734.18,2490.0
11:08,734.21,734.21,734.16,734.21,2370.0
11:09,733.95,734.02,733.95,733.97,3985.0
11:10,733.76,734.29,733.5,734.0,3018.0
11:11,733.97,734.16,733.7,733.99,5525.0
11:12,733.99,734.33,733.99,734.29,7586.0
11:13,734.06,734.21,733.99,733.99,3096.0
11:14,733.92,733.95,733.85,733.86,5551.0
11:15,733.97,734.14,733.66,733.82,3844.0
11:16,734.3,734.3,733.94,733.94,4196.0
11:17,733.92,734.3,733.84,734.3,7423.0
11:18,733.88,734.29,733.75,734.14,6696.0
11:19,733.83,734.28,733.67,733.98,5968.0
11:20,733.74,733.81,733.74,733.77,4616.0
11:21,733.95,733.95,733.62,733.74,5249.0
11:22,733.66,733.93,733.66,733.73,4293.0
11:23,733.82,734.04,733.66,733.66,4238.0
11:24,733.82,733.82,733.8,733.8,1465.0
11:25,733.19,733.91,733.0,733.91,10659.0
11:26,732.98,733.38,732.62,733.38,11860.0
11:27,732.75,732.98,732.62,732.98,3522.0
11:28,733.18,733.31,732.93,732.93,8163.0
11:29,732.2,733.09,732.1,733.05,16481.0
11:30,732.47,732.86,732.24,732.64,4809.0
11:31,732.52,732.52,732.07,732.51,3440.0
11:32,731.26,732.54,731.26,732.41,4046.0
11:33,731.59,732.3,731.56,731.64,13115.0
11:34,731.6,731.65,731.6,731.65,1367.0
11:35,732.0,732.0,731.65,731.89,5073.0
11:36,731.67,731.74,731.62,731.74,2335.0
11:37,731.73,732.04,731.42,731.73,2483.0
11:38,732.73,732.76,732.04,732.04,5852.0
11:39,732.73,732.73,732.73,732.73,1260.0
11:40,732.58,732.71,732.41,732.5,5046.0
11:41,732.57,732.88,732.57,732.58,2482.0
11:42,732.3,732.71,732.3,732.71,2636.0
11:43,731.82,732.28,731.82,732.15,3939.0
11:44,732.32,732.32,731.96,732.04,7061.0
11:45,732.29,732.47,732.15,732.15,5747.0
11:46,732.26,732.26,731.71,732.04,3926.0
11:47,732.18,732.3,732.09,732.09,2981.0
11:48,731.72,732.16,731.69,732.16,1666.0
11:49,732.08,732.08,731.76,731.76,1036.0
11:50,732.01,732.04,732.01,732.04,2091.0
11:51,731.66,731.66,731.66,731.66,914.0
11:52,731.66,731.66,731.66,731.66,2940.0
11:53,731.43,731.63,731.36,731.4,1727.0
11:54,731.55,731.68,731.55,731.67,2237.0
11:55,732.21,732.39,731.91,731.91,4937.0
11:56,733.0,733.0,732.66,733.0,1547.0
11:57,732.95,732.95,732.55,732.88,5968.0
11:58,732.68,732.68,732.29,732.59,6683.0
11:59,732.32,732.56,731.96,732.56,3329.0
12:00,732.02,732.05,732.02,732.04,659.0
12:01,732.01,732.02,731.81,732.02,3028.0
12:02,732.33,732.33,731.97,731.97,1436.0
12:03,732.8,732.99,732.42,732.42,4718.0
12:04,732.76,732.97,732.57,732.84,1774.0
12:05,732.16,732.53,732.16,732.53,2643.0
12:06,732.43,732.43,732.28,732.28,1202.0
12:07,731.71,732.07,731.71,732.07,1432.0
12:08,732.05,732.36,731.99,732.06,4808.0
12:09,732.06,732.1,732.01,732.05,2691.0
12:10,731.75,731.94,731.75,731.94,2873.0
12:11,731.97,731.97,731.81,731.81,2732.0
12:12,731.83,731.96,731.68,731.96,2369.0
12:13,732.09,732.12,732.09,732.12,940.0
12:14,731.72,731.84,731.72,731.84,1083.0
12:15,731.85,731.86,731.85,731.86,2633.0
12:16,731.85,731.85,731.85,731.85,454.0
12:17,731.88,732.01,731.84,731.85,2202.0
12:18,732.05,732.12,731.91,731.91,3300.0
12:19,731.96,731.96,731.96,731.96,763.0
12:20,732.15,732.15,732.14,732.14,2043.0
12:21,732.34,732.34,732.34,732.34,514.0
12:22,732.64,732.64,732.2,732.49,836.0
12:23,732.6,732.6,732.59,732.59,1293.0
12:24,732.55,732.55,732.22,732.55,828.0
12:25,732.86,732.86,732.74,732.74,2351.0
12:26,732.22,732.86,732.22,732.53,2601.0
12:27,732.21,732.32,731.91,732.21,6239.0
12:28,732.14,732.26,732.14,732.22,2241.0
12:29,732.14,732.38,731.9,731.9,2841.0
12:30,732.14,732.14,732.03,732.03,1514.0
12:31,732.15,732.35,732.15,732.34,2371.0
12:32,732.14,732.16,731.92,731.92,3778.0
12:33,732.16,732.16,732.13,732.13,1026.0
12:34,732.16,732.16,732.16,732.16,784.0
12:35,732.34,732.39,732.16,732.25,2985.0
12:36,732.2,732.45,732.05,732.34,4393.0
12:37,732.3,732.35,732.3,732.35,2686.0
12:38,732.31,732.31,732.31,732.31,1106.0
12:39,732.26,732.43,732.2,732.43,1432.0
12:40,732.21,732.54,732.08,732.54,1759.0
12:41,732.18,732.39,731.88,732.17,2551.0
12:42,732.38,732.39,732.28,732.33,1593.0
12:43,732.2,732.2,732.2,732.2,1840.0
12:44,732.29,732.29,732.27,732.28,2294.0
12:45,732.34,732.37,732.11,732.37,2225.0
12:46,732.0,732.17,731.79,732.17,2528.0
12:47,731.67,731.97,731.47,731.97,2830.0
12:48,731.79,731.79,731.63,731.63,1837.0
12:49,731.65,731.81,731.65,731.81,1467.0
12:50,731.74,731.84,731.64,731.65,2858.0
12:51,731.75,731.97,731.71,731.71,3504.0
12:52,731.6,731.9,731.6,731.75,1590.0
12:53,731.44,731.44,731.4,731.4,1864.0
12:54,731.44,731.44,731.44,731.44,621.0
12:55,731.27,731.51,731.27,731.49,3642.0
12:56,731.25,731.45,731.25,731.45,1542.0
12:57,731.28,731.28,731.28,731.28,796.0
12:58,731.47,731.5,731.35,731.39,3619.0
12:59,731.62,731.62,731.37,731.39,2951.0
13:00,731.54,731.54,731.41,731.42,2260.0
13:01,731.45,731.45,731.45,731.45,1569.0
13:02,731.45,731.5,731.45,731.45,1869.0
13:03,731.45,731.45,731.45,731.45,1691.0
13:04,731.28,731.34,731.24,731.28,1629.0
13:05,731.82,731.84,731.41,731.41,5460.0
13:06,731.36,731.9,731.36,731.66,10879.0
13:07,731.37,731.37,731.37,731.37,369.0
13:08,731.52,731.52,731.47,731.47,849.0
13:09,731.68,731.7,731.64,731.67,3665.0
13:10,731.62,731.62,731.3,731.3,1991.0
13:11,731.35,731.35,731.3,731.3,1160.0
13:12,731.42,731.42,731.42,731.42,1416.0
13:13,731.3,731.41,731.22,731.41,1959.0
13:14,731.06,731.4,731.02,731.32,4984.0
13:15,730.82,731.39,730.82,731.24,8009.0
13:16,730.66,730.82,730.59,730.82,2631.0
13:17,730.68,730.84,730.41,730.66,8787.0
13:18,730.84,730.92,730.52,730.65,5348.0
13:19,731.0,731.0,730.64,730.64,1909.0
13:20,731.2,731.2,731.0,731.0,2774.0
13:21,730.85,730.85,730.85,730.85,809.0
13:22,730.53,730.71,730.52,730.71,2452.0
13:23,730.21,730.56,730.2,730.56,4095.0
13:24,730.27,730.27,730.26,730.26,2173.0
13:25,730.39,730.5,730.25,730.5,1925.0
13:26,730.48,730.51,730.37,730.37,2519.0
13:27,730.47,730.67,730.43,730.48,1603.0
13:28,730.43,730.5,730.43,730.5,3633.0
13:29,730.2,730.43,730.2,730.43,5421.0
13:30,730.17,730.35,730.01,730.01,4065.0
13:31,730.26,730.26,730.26,730.26,1384.0
13:32,730.24,730.24,730.15,730.16,1805.0
13:33,730.52,730.52,730.52,730.52,1621.0
13:34,730.94,730.94,730.86,730.86,2597.0
13:35,730.87,730.87,730.84,730.84,1033.0
13:36,730.89,730.89,730.89,730.89,457.0
13:37,731.01,731.05,730.9,730.9,1991.0
13:38,731.33,731.33,731.04,731.04,1913.0
13:39,731.15,731.35,731.15,731.35,1592.0
13:40,731.31,731.31,731.3,731.31,1326.0
13:41,731.36,731.66,731.36,731.39,2294.0
13:42,731.33,731.48,731.23,731.24,1827.0
13:43,731.29,731.29,731.09,731.09,1360.0
13:44,731.28,731.29,731.28,731.29,1554.0
13:45,731.28,731.28,731.28,731.28,1768.0
13:46,731.03,731.23,730.89,731.08,3266.0
13:47,730.81,730.81,730.81,730.81,452.0
13:48,730.65,730.86,730.65,730.86,2099.0
13:49,730.65,730.65,730.65,730.65,884.0
13:50,730.34,730.79,730.33,730.66,3154.0
13:51,730.3,730.36,730.3,730.3,3102.0
13:52,730.47,730.68,730.39,730.39,4089.0
13:53,730.46,730.46,730.23,730.23,1101.0
13:54,730.57,730.57,730.49,730.49,887.0
13:55,730.47,730.47,730.42,730.42,881.0
13:56,730.16,730.5,730.16,730.5,1413.0
13:57,730.36,730.5,730.36,730.47,2698.0
13:58,730.64,730.64,730.43,730.43,1379.0
13:59,730.41,730.47,730.41,730.46,1302.0
14:00,730.35,730.43,730.22,730.4,3356.0
14:01,729.89,730.59,729.89,730.35,9275.0
14:02,729.66,729.68,729.66,729.68,1393.0
14:03,729.83,729.83,729.62,729.66,3311.0
14:04,729.69,729.69,729.69,729.69,1433.0
14:05,729.36,729.57,729.33,729.57,3782.0
14:06,729.29,729.41,729.17,729.41,2692.0
14:07,729.22,729.24,729.01,729.24,1603.0
14:08,729.39,729.39,728.88,729.01,4101.0
14:09,729.54,729.54,729.22,729.23,2943.0
14:10,729.28,729.51,729.28,729.42,4232.0
14:11,729.24,729.54,729.24,729.54,2044.0
14:12,729.17,729.27,729.17,729.27,1356.0
14:13,729.17,729.34,729.17,729.22,1326.0
14:14,729.16,729.4,729.16,729.18,1295.0
14:15,729.32,729.42,729.04,729.04,2739.0
14:16,729.09,729.49,729.09,729.49,4723.0
14:17,729.41,729.48,729.28,729.35,3021.0
14:18,729.2,729.27,729.0,729.27,2447.0
14:19,729.47,729.47,729.18,729.18,2063.0
14:20,729.48,729.65,729.34,729.47,2953.0
14:21,729.27,729.38,729.27,729.38,511.0
14:22,729.47,729.47,729.47,729.47,1580.0
14:23,729.48,729.48,729.48,729.48,1186.0
14:24,729.49,729.49,729.49,729.49,792.0
14:25,729.32,729.52,729.32,729.52,1120.0
14:26,729.14,729.62,729.14,729.35,2504.0
14:27,729.36,729.51,729.14,729.14,2912.0
14:28,729.11,729.36,729.11,729.12,1585.0
14:29,729.2,729.21,729.2,729.2,1130.0
14:30,729.2,729.2,729.02,729.2,2533.0
14:31,728.85,729.12,728.5,729.12,9015.0
14:32,728.85,729.2,728.54,728.85,2596.0
14:33,728.91,729.19,728.73,728.96,2334.0
14:34,729.12,729.2,729.08,729.08,3517.0
14:35,729.07,729.11,729.05,729.05,2280.0
14:36,729.01,729.01,729.01,729.01,1043.0
14:37,729.01,729.29,729.01,729.29,2945.0
14:38,729.08,729.08,729.08,729.08,600.0
14:39,729.29,729.29,729.08,729.08,1574.0
14:40,729.28,729.39,729.28,729.32,1477.0
14:41,729.16,729.21,729.12,729.12,1130.0
14:42,729.2,729.2,729.2,729.2,1947.0
14:43,729.08,729.09,729.0,729.0,934.0
14:44,728.78,729.02,728.78,729.02,2973.0
14:45,729.09,729.2,729.03,729.03,4929.0
14:46,729.05,729.13,728.84,729.06,1759.0
14:47,729.19,729.23,728.72,728.94,6483.0
14:48,729.1,729.11,728.86,728.97,3991.0
14:49,729.0,729.0,729.0,729.0,1499.0
14:50,729.15,729.33,729.15,729.26,1228.0
14:51,729.32,729.33,729.05,729.05,2337.0
14:52,729.31,729.31,729.31,729.31,591.0
14:53,729.23,729.32,729.13,729.29,1669.0
14:54,729.2,729.26,729.16,729.16,2185.0
14:55,729.29,729.3,729.0,729.21,2153.0
14:56,729.35,729.35,729.17,729.26,4350.0
14:57,729.47,729.47,729.34,729.34,2580.0
14:58,729.5,729.5,729.35,729.35,1006.0
14:59,729.57,729.58,729.38,729.38,1563.0
15:00,729.67,729.67,729.42,729.42,3313.0
15:01,729.97,729.98,729.51,729.51,3436.0
15:02,730.23,730.23,729.84,729.84,2504.0
15:03,730.39,730.39,730.15,730.2,3415.0
15:04,730.34,730.38,730.34,730.38,1313.0
15:05,730.66,730.66,730.48,730.49,4978.0
15:06,730.71,730.73,730.54,730.65,3268.0
15:07,730.77,730.81,730.59,730.81,1559.0
15:08,731.0,731.0,730.77,730.77,3499.0
15:09,730.6,730.9,730.53,730.9,6517.0
15:10,730.13,730.51,730.09,730.51,4487.0
15:11,729.93,730.3,729.88,730.3,3403.0
15:12,730.1,730.22,729.96,729.99,3029.0
15:13,729.95,730.24,729.82,730.03,4438.0
15:14,729.82,729.97,729.74,729.96,3035.0
15:15,730.02,730.13,729.81,729.91,4479.0
15:16,729.69,730.02,729.69,730.02,4839.0
15:17,729.56,729.63,729.52,729.63,1468.0
15:18,729.69,729.87,729.52,729.52,3032.0
15:19,729.56,729.87,729.56,729.69,2827.0
15:20,729.98,729.98,729.83,729.86,5004.0
15:21,729.84,729.9,729.84,729.87,3690.0
15:22,729.59,729.8,729.59,729.8,2981.0
15:23,729.39,729.54,729.29,729.51,4418.0
15:24,729.53,729.55,729.29,729.47,7234.0
15:25,729.43,729.65,729.43,729.54,3567.0
15:26,729.4,729.4,729.4,729.4,1497.0
15:27,729.41,729.45,729.29,729.29,4185.0
15:28,729.44,729.51,729.36,729.36,5358.0
15:29,729.65,729.76,729.45,729.45,3703.0
15:30,729.76,730.05,729.76,729.86,7912.0
15:31,729.54,729.86,729.54,729.86,4073.0
15:32,729.28,729.7,729.28,729.7,3820.0
15:33,729.49,729.69,729.06,729.28,6527.0
15:34,729.34,729.4,729.34,729.4,1006.0
15:35,729.7,729.7,729.38,729.4,3661.0
15:36,729.45,729.6,729.41,729.57,3094.0
15:37,729.51,729.76,729.45,729.45,3536.0
15:38,729.66,729.7,729.53,729.55,1749.0
15:39,729.69,729.84,729.65,729.83,2137.0
15:40,729.76,729.77,729.69,729.69,4756.0
15:41,729.73,729.88,729.69,729.76,7357.0
15:42,729.79,729.86,729.61,729.73,4155.0
15:43,729.79,729.85,729.79,729.79,3069.0
15:44,729.77,730.03,729.77,729.94,13226.0
15:45,730.03,730.09,729.77,729.77,7603.0
15:46,730.69,730.69,730.03,730.03,12039.0
15:47,730.7,730.86,730.55,730.7,5177.0
15:48,730.96,730.96,730.69,730.69,5772.0
15:49,731.14,731.2,730.97,730.97,6662.0
15:50,731.38,731.5,731.01,731.01,8413.0
15:51,730.69,731.36,730.69,731.08,12159.0
15:52,731.0,731.0,730.58,730.64,9669.0
15:53,731.11,731.15,730.99,731.15,5063.0
15:54,731.43,731.55,731.11,731.11,13218.0
15:55,732.18,732.56,731.5,731.5,23787.0
15:56,732.59,732.61,732.18,732.18,16770.0
15:57,732.77,732.84,732.44,732.64,26909.0
15:58,732.35,732.88,732.0,732.58,37992.0
15:59,732.01,732.59,731.82,732.52,88475.0
