Time,Close,High,Low,Open,Volume
09:30,674.08,677.87,668.0,675.66,2957636.0
09:31,665.9,674.98,660.97,673.84,239827.0
09:32,673.12,675.0,662.49,665.22,186001.0
09:33,663.93,678.29,663.01,672.92,221103.0
09:34,661.16,664.2,658.0,663.93,247804.0
09:35,660.03,663.78,659.0,661.2,154804.0
09:36,656.0,663.02,655.92,660.03,279060.0
09:37,651.53,656.69,650.99,656.57,197734.0
09:38,648.96,652.3,646.07,650.95,311350.0
09:39,649.97,652.0,647.6,649.2,175940.0
09:40,652.95,653.98,647.0,649.5,155886.0
09:41,651.7,652.61,648.17,652.0,127461.0
09:42,648.01,652.52,647.48,652.22,134874.0
09:43,648.72,650.46,647.5,648.42,101585.0
09:44,648.79,650.71,646.75,648.66,118873.0
09:45,647.3,649.18,645.2,648.79,159818.0
09:46,647.45,648.95,645.55,647.55,112117.0
09:47,649.21,649.67,646.03,647.28,119170.0
09:48,648.04,649.65,645.55,648.84,136923.0
09:49,645.6,648.02,644.1,648.02,181330.0
09:50,648.58,649.34,643.65,645.6,208005.0
09:51,648.04,649.88,647.6,648.58,102752.0
09:52,643.21,648.04,643.1,647.72,168113.0
09:53,641.66,644.41,641.45,643.11,142656.0
09:54,641.41,642.75,640.25,641.7,168591.0
09:55,640.92,642.84,640.33,641.23,120464.0
09:56,642.11,644.0,639.39,640.68,237226.0
09:57,644.6,645.03,642.02,642.52,134115.0
09:58,646.01,646.46,644.0,644.73,123286.0
09:59,642.5,646.01,642.45,646.01,93019.0
10:00,643.32,643.71,642.02,642.88,81382.0
10:01,644.02,644.99,643.14,643.17,69536.0
10:02,640.66,644.11,640.4,644.1,140756.0
10:03,638.25,640.92,637.5,640.92,236415.0
10:04,638.02,638.55,636.0,638.33,161980.0
10:05,637.19,638.56,636.15,638.02,102393.0
10:06,638.5,638.63,636.24,637.19,130672.0
10:07,639.88,640.0,638.37,638.51,81143.0
10:08,638.25,640.01,638.0,639.72,63665.0
10:09,638.9,640.48,638.22,638.53,74502.0
10:10,636.92,639.53,636.07,638.75,112853.0
10:11,636.0,638.68,635.31,636.61,133606.0
10:12,636.95,637.0,635.32,635.8,96646.0
10:13,636.28,638.88,635.41,637.03,104847.0
10:14,637.58,638.29,635.76,636.29,56628.0
10:15,637.91,639.77,637.4,639.77,72828.0
10:16,637.47,638.49,636.86,637.99,81462.0
10:17,638.67,638.89,637.1,637.32,56843.0
10:18,637.98,639.87,637.83,638.84,75950.0
10:19,637.29,639.5,637.06,637.99,64427.0
10:20,639.05,639.49,637.29,637.29,56604.0
10:21,641.46,642.77,638.5,639.49,93442.0
10:22,638.86,642.49,638.24,641.69,106851.0
10:23,637.02,638.8,636.76,638.8,100736.0
10:24,635.68,637.01,635.31,637.0,133888.0
10:25,636.88,637.47,635.3,635.5,105136.0
10:26,639.45,639.85,636.26,636.68,91673.0
10:27,639.84,639.84,638.16,639.41,63187.0
10:28,639.37,640.0,639.16,639.55,66847.0
10:29,640.13,640.24,639.1,639.46,52904.0
10:30,639.34,641.35,638.5,640.0,103490.0
10:31,639.37,640.3,638.16,638.96,53810.0
10:32,639.63,640.16,638.63,639.5,44969.0
10:33,636.89,639.88,636.89,639.67,196511.0
10:34,637.01,637.57,636.34,637.05,68533.0
10:35,637.9,638.2,636.44,636.93,61774.0
10:36,637.51,637.94,636.63,637.76,47443.0
10:37,637.94,638.16,637.83,637.83,66840.0
10:38,638.75,639.02,637.75,638.01,88273.0
10:39,637.19,639.4,636.75,638.89,61326.0
10:40,637.93,638.44,637.24,637.36,45840.0
10:41,637.64,638.28,637.27,638.28,47911.0
10:42,638.34,638.34,636.7,637.51,43035.0
10:43,639.03,640.2,638.04,638.5,75138.0
10:44,638.62,639.74,638.11,639.03,46842.0
10:45,639.74,640.51,638.47,638.47,71783.0
10:46,639.28,640.87,639.28,639.85,46289.0
10:47,638.07,639.27,637.6,639.0,71499.0
10:48,637.55,638.17,637.09,638.17,40126.0
10:49,637.7,637.72,636.84,637.65,51300.0
10:50,637.17,638.5,637.17,637.88,43342.0
10:51,636.81,637.32,636.2,637.32,60921.0
10:52,635.73,637.22,635.52,636.93,72957.0
10:53,638.02,638.75,635.68,635.94,94885.0
10:54,637.28,639.38,637.28,638.28,51754.0
10:55,637.97,638.17,637.35,637.54,41447.0
10:56,637.24,638.95,637.07,637.97,36896.0
10:57,637.9,638.09,637.33,637.53,33301.0
10:58,637.46,638.74,637.37,637.98,59849.0
10:59,637.23,638.27,637.23,637.52,48985.0
11:00,640.05,640.34,637.28,637.28,61020.0
11:01,638.86,640.05,638.63,640.05,45254.0
11:02,639.08,639.43,638.24,639.2,46023.0
11:03,638.07,639.78,638.0,639.09,69269.0
11:04,638.0,638.5,637.8,638.0,35695.0
11:05,638.24,638.39,637.74,638.11,73974.0
11:06,636.2,638.16,636.0,638.16,86490.0
11:07,634.38,636.49,634.2,636.14,222712.0
11:08,634.92,635.24,634.12,634.37,83157.0
11:09,635.07,636.5,633.2,634.92,154547.0
11:10,635.45,635.46,634.45,635.16,45940.0
11:11,637.3,638.02,635.29,635.45,94321.0
11:12,636.54,637.69,636.43,637.09,54189.0
11:13,636.52,638.04,636.46,636.53,56185.0
11:14,634.95,636.65,634.5,636.53,44867.0
11:15,636.85,636.95,634.7,634.83,40093.0
11:16,638.02,638.02,636.75,636.89,52288.0
11:17,639.8,640.98,637.89,637.97,88541.0
11:18,639.09,640.61,638.97,639.82,71958.0
11:19,640.11,640.49,639.09,639.09,64597.0
11:20,639.85,641.0,639.74,640.15,97036.0
11:21,638.3,640.19,638.04,639.85,74407.0
11:22,640.58,641.0,638.3,638.67,52286.0
11:23,640.96,641.0,640.3,640.62,42610.0
11:24,641.35,642.07,640.58,640.84,88393.0
11:25,641.05,642.0,641.0,641.34,41713.0
11:26,640.17,641.18,639.71,641.16,67483.0
11:27,638.83,640.02,638.33,640.0,57630.0
11:28,638.5,639.11,638.0,639.11,59471.0
11:29,638.33,638.81,637.26,638.34,58811.0
11:30,639.51,639.53,638.0,638.24,36565.0
11:31,639.1,640.0,638.8,639.42,32501.0
11:32,639.81,639.98,639.12,639.12,17463.0
11:33,640.77,641.5,639.69,639.92,82393.0
11:34,640.44,641.39,639.78,641.07,65149.0
11:35,640.0,640.95,639.28,640.42,42812.0
11:36,639.95,641.42,639.41,640.03,59247.0
11:37,640.24,640.47,639.7,639.96,39096.0
11:38,639.34,641.0,638.64,640.39,49742.0
11:39,639.28,640.16,638.94,639.03,48164.0
11:40,640.04,640.48,639.11,639.32,26730.0
11:41,640.17,640.37,639.84,639.9,34653.0
11:42,638.64,640.45,638.56,640.23,41420.0
11:43,639.2,639.61,638.37,638.7,33138.0
11:44,637.6,639.2,637.57,639.02,51787.0
11:45,635.83,637.79,635.6,637.54,89378.0
11:46,636.57,637.0,635.2,635.82,77169.0
11:47,636.77,637.35,635.8,636.57,66119.0
11:48,637.4,638.43,636.54,636.76,41491.0
11:49,636.6,637.56,636.38,637.06,44135.0
11:50,638.85,638.85,636.62,636.64,54207.0
11:51,637.2,638.95,637.13,638.48,43998.0
11:52,636.3,637.15,635.87,637.15,57782.0
11:53,636.69,637.0,635.68,636.09,40117.0
11:54,635.83,636.74,635.6,636.71,39654.0
11:55,636.54,636.64,635.45,635.72,49268.0
11:56,636.01,636.6,635.52,636.6,39655.0
11:57,636.11,636.5,635.78,636.49,32163.0
11:58,636.18,636.5,635.4,635.92,42662.0
11:59,635.21,636.74,635.14,636.34,46108.0
12:00,635.84,636.01,635.25,635.71,33107.0
12:01,635.28,636.43,635.28,635.78,50603.0
12:02,635.65,635.65,635.0,635.28,30749.0
12:03,634.68,635.74,634.64,635.48,64821.0
12:04,635.39,635.99,634.59,634.66,32332.0
12:05,636.77,636.77,635.4,635.61,23601.0
12:06,637.6,637.86,636.52,636.86,47762.0
12:07,638.43,639.0,637.5,637.86,51647.0
12:08,639.83,639.84,638.07,638.36,37707.0
12:09,639.63,640.6,638.8,639.74,48444.0
12:10,639.48,640.01,639.0,639.34,38647.0
12:11,639.51,639.67,639.02,639.31,27809.0
12:12,639.78,640.0,639.42,639.51,33511.0
12:13,639.66,640.1,639.36,639.68,27177.0
12:14,639.39,640.2,639.01,639.65,49149.0
12:15,639.08,639.76,638.5,639.31,28991.0
12:16,636.63,639.14,636.55,638.83,52344.0
12:17,636.37,636.71,636.0,636.58,71401.0
12:18,637.87,637.87,636.0,636.37,32732.0
12:19,636.52,637.79,636.28,637.78,28803.0
12:20,637.39,637.8,636.54,636.73,26372.0
12:21,640.0,640.03,637.39,637.41,53297.0
12:22,639.0,640.03,638.65,639.89,24129.0
12:23,638.85,639.5,638.58,639.03,30741.0
12:24,639.6,639.75,638.66,638.66,16775.0
12:25,639.01,639.79,639.01,639.78,14657.0
12:26,639.91,639.91,638.72,639.0,22437.0
12:27,639.65,640.31,639.49,639.5,58502.0
12:28,639.48,640.03,639.31,639.67,26974.0
12:29,639.64,640.23,639.37,639.5,24911.0
12:30,639.5,641.21,639.34,639.68,62333.0
12:31,642.64,642.79,639.51,639.54,86940.0
12:32,640.95,642.64,639.9,642.37,37510.0
12:33,641.78,643.39,640.3,640.63,43136.0
12:34,640.78,642.28,640.78,641.52,31463.0
12:35,639.9,640.78,639.46,640.64,53744.0
12:36,640.76,641.01,639.97,639.97,21981.0
12:37,641.77,642.4,640.33,640.54,29205.0
12:38,641.3,641.9,640.8,641.61,38342.0
12:39,641.22,642.25,640.77,641.01,37953.0
12:40,642.31,643.32,641.03,641.15,72304.0
12:41,643.4,644.38,641.28,641.28,106655.0
12:42,644.22,645.5,643.92,644.03,71694.0
12:43,645.75,645.75,644.49,644.61,76969.0
12:44,646.83,646.83,644.76,645.66,91150.0
12:45,648.13,648.37,645.63,646.91,93605.0
12:46,645.69,648.34,645.42,648.14,74177.0
12:47,645.29,645.97,644.5,645.69,73321.0
12:48,646.76,647.27,645.28,645.49,52048.0
12:49,646.5,646.68,645.31,646.51,37666.0
12:50,645.43,646.0,644.5,645.95,28785.0
12:51,646.17,646.17,644.67,644.98,34309.0
12:52,646.54,647.63,645.84,646.13,46408.0
12:53,645.27,646.43,644.5,646.4,39958.0
12:54,645.91,646.1,644.5,645.53,23319.0
12:55,647.54,647.54,645.72,645.77,44226.0
12:56,646.7,647.8,645.45,647.47,35235.0
12:57,646.14,646.75,645.96,646.75,26780.0
12:58,645.78,646.45,645.44,646.25,24996.0
12:59,645.09,645.77,644.54,645.66,34193.0
13:00,644.84,645.59,644.35,644.97,35063.0
13:01,644.24,645.31,644.24,644.91,31356.0
13:02,643.32,644.48,642.99,644.48,38010.0
13:03,644.35,644.7,643.29,643.59,22982.0
13:04,643.72,644.67,643.72,644.38,24272.0
13:05,641.78,644.07,641.6,643.76,52407.0
13:06,642.7,643.0,641.78,641.78,31880.0
13:07,642.62,643.03,642.2,642.77,25544.0
13:08,641.56,642.5,641.38,642.5,24805.0
13:09,640.65,642.2,640.6,641.6,36341.0
13:10,640.53,641.0,640.2,640.59,32475.0
13:11,640.93,641.1,640.31,640.55,24305.0
13:12,640.13,641.11,640.01,641.11,33705.0
13:13,640.32,641.5,640.13,640.25,233458.0
13:14,639.3,640.84,638.8,640.58,74865.0
13:15,638.5,639.43,638.5,639.29,29031.0
13:16,639.01,639.01,638.18,638.6,43115.0
13:17,638.95,639.28,638.5,638.95,53943.0
13:18,638.66,639.13,638.0,638.95,46833.0
13:19,637.59,637.8,637.36,637.8,46004.0
13:20,638.4,638.4,637.61,637.65,29475.0
13:21,639.65,640.45,637.43,638.25,65305.0
13:22,640.6,641.48,639.82,640.05,43352.0
13:23,639.98,641.0,638.15,640.76,33578.0
13:24,638.62,640.08,638.62,639.59,21176.0
13:25,639.74,640.34,638.97,639.04,51140.0
13:26,639.78,640.83,639.66,639.84,33477.0
13:27,640.28,640.3,639.2,639.58,29480.0
13:28,639.68,640.28,639.22,640.28,35325.0
13:29,638.87,639.82,638.87,639.63,23643.0
13:30,640.84,641.4,638.99,639.0,30100.0
13:31,641.23,641.76,640.78,640.92,29621.0
13:32,641.87,642.1,641.39,641.39,19204.0
13:33,641.87,642.32,641.41,641.89,33441.0
13:34,640.36,642.23,639.53,642.0,42564.0
13:35,640.07,640.58,639.82,640.58,16433.0
13:36,639.91,640.66,639.8,640.1,23129.0
13:37,639.17,639.76,639.0,639.76,34580.0
13:38,639.84,640.09,638.25,639.17,52678.0
13:39,639.35,640.09,638.98,639.98,22361.0
13:40,639.45,639.81,639.28,639.43,14386.0
13:41,640.04,640.34,639.44,639.5,27669.0
13:42,639.43,640.48,639.11,640.05,33528.0
13:43,639.44,640.1,639.44,639.69,18990.0
13:44,638.75,639.49,638.5,639.43,21029.0
13:45,639.85,640.0,638.78,638.79,18346.0
13:46,639.73,639.88,639.47,639.77,11268.0
13:47,639.76,640.06,639.74,639.77,18121.0
13:48,639.61,640.04,639.26,639.72,21571.0
13:49,640.07,640.46,639.43,639.8,25010.0
13:50,640.3,640.6,640.04,640.09,20861.0
13:51,640.01,641.15,640.01,640.36,30177.0
13:52,639.8,640.26,639.48,640.01,22776.0
13:53,640.0,640.37,639.81,640.09,14437.0
13:54,639.8,640.36,639.78,640.24,17196.0
13:55,639.44,639.93,639.44,639.8,18249.0
13:56,640.97,641.09,639.27,639.54,26051.0
13:57,640.2,641.12,640.2,640.73,28965.0
13:58,640.68,640.93,640.14,640.16,31563.0
13:59,640.62,640.82,640.42,640.47,23985.0
14:00,640.22,640.55,640.1,640.54,19098.0
14:01,639.0,640.31,639.0,640.31,19329.0
14:02,638.91,639.24,638.71,639.16,34975.0
14:03,639.55,639.55,638.78,638.85,17557.0
14:04,639.5,639.64,639.23,639.33,13597.0
14:05,639.1,639.68,639.09,639.37,26336.0
14:06,639.12,639.97,639.0,639.71,32163.0
14:07,639.12,639.35,638.89,639.17,20092.0
14:08,639.04,639.21,638.81,639.2,23550.0
14:09,639.7,640.04,638.98,639.04,32398.0
14:10,639.48,639.81,639.16,639.68,10554.0
14:11,639.4,639.62,639.13,639.3,22932.0
14:12,639.57,639.66,639.33,639.66,15073.0
14:13,639.35,639.76,639.11,639.63,15696.0
14:14,639.75,639.84,639.21,639.3,16375.0
14:15,639.74,640.15,639.64,639.67,26338.0
14:16,639.86,640.04,639.66,639.71,21580.0
14:17,641.49,641.6,639.56,639.92,29250.0
14:18,640.93,642.24,640.93,641.46,27281.0
14:19,640.59,640.98,640.15,640.58,23793.0
14:20,640.09,641.7,640.01,640.61,45687.0
14:21,639.7,640.45,639.7,640.01,23771.0
14:22,640.07,640.31,639.5,639.7,22966.0
14:23,640.48,640.58,640.01,640.09,18640.0
14:24,641.16,642.0,640.42,640.48,24186.0
14:25,640.78,643.0,640.3,641.69,44712.0
14:26,639.65,641.07,639.65,640.66,36556.0
14:27,639.36,640.02,639.11,639.59,26793.0
14:28,640.32,640.4,639.33,639.33,16679.0
14:29,640.88,641.29,640.29,640.57,10388.0
14:30,640.43,641.04,640.33,640.86,16698.0
14:31,640.73,641.11,640.44,640.74,20960.0
14:32,639.54,640.83,639.0,640.73,28138.0
14:33,639.96,640.1,639.44,639.79,13212.0
14:34,639.88,640.47,639.48,640.11,21184.0
14:35,640.0,640.5,639.88,639.88,20161.0
14:36,640.52,640.84,639.8,639.91,15000.0
14:37,640.23,640.89,639.97,640.57,26516.0
14:38,640.71,640.89,640.24,640.24,13604.0
14:39,639.01,640.81,638.6,640.8,39109.0
14:40,639.47,640.0,639.0,639.13,23231.0
14:41,639.54,639.78,639.01,639.3,19562.0
14:42,639.09,639.97,639.0,639.78,13885.0
14:43,639.62,639.67,638.76,638.9,16903.0
14:44,639.21,639.85,639.0,639.68,24945.0
14:45,638.55,639.21,638.39,639.21,28875.0
14:46,638.95,638.96,638.34,638.62,25021.0
14:47,639.15,639.17,638.81,638.81,15457.0
14:48,639.12,639.35,639.03,639.14,20857.0
14:49,639.3,639.55,638.92,639.2,24892.0
14:50,639.49,639.73,639.12,639.26,9690.0
14:51,639.22,639.57,639.0,639.37,22084.0
14:52,639.47,640.0,639.36,639.41,13655.0
14:53,639.48,639.71,639.14,639.58,12695.0
14:54,640.18,640.3,639.51,639.57,15405.0
14:55,639.86,640.47,639.5,640.16,17844.0
14:56,639.92,640.1,639.42,639.86,19025.0
14:57,640.08,640.08,639.72,639.77,8234.0
14:58,639.69,640.03,639.62,639.96,24905.0
14:59,639.46,639.95,639.25,639.71,17620.0
15:00,640.74,640.84,639.5,639.58,18435.0
15:01,640.55,640.72,640.3,640.42,11498.0
15:02,641.04,641.41,640.47,640.65,36809.0
15:03,640.75,641.28,640.68,641.04,17764.0
15:04,641.5,641.81,640.57,640.71,40517.0
15:05,642.54,642.62,641.44,641.5,14479.0
15:06,642.83,642.99,641.89,642.53,28497.0
15:07,643.5,643.5,642.77,642.86,31345.0
15:08,644.19,644.19,643.28,643.28,28412.0
15:09,643.65,644.18,643.18,644.18,37034.0
15:10,643.91,644.15,643.2,643.85,24226.0
15:11,644.19,644.4,643.88,643.88,33910.0
15:12,644.83,645.13,644.08,644.12,69218.0
15:13,646.35,646.35,644.82,644.99,47158.0
15:14,646.6,647.0,646.16,646.49,43670.0
15:15,645.76,647.0,645.5,646.6,57816.0
15:16,646.39,646.39,645.3,645.76,34139.0
15:17,646.75,646.9,646.24,646.24,38192.0
15:18,645.98,646.69,645.32,646.69,24442.0
15:19,647.03,647.07,645.99,646.0,29390.0
15:20,647.87,647.98,646.76,647.13,58677.0
15:21,648.23,648.47,648.0,648.11,67057.0
15:22,648.65,649.36,648.23,648.23,56999.0
15:23,648.24,648.62,647.9,648.61,44461.0
15:24,648.36,648.66,647.95,648.18,45031.0
15:25,647.77,648.67,647.53,648.29,80218.0
15:26,646.99,647.99,646.19,647.74,50567.0
15:27,644.66,647.1,644.42,646.98,66923.0
15:28,644.57,645.17,644.05,644.9,27532.0
15:29,644.37,644.6,643.96,644.45,31116.0
15:30,644.49,644.7,643.93,644.59,25724.0
15:31,645.32,645.32,644.23,644.46,34276.0
15:32,644.52,645.25,644.5,645.18,28931.0
15:33,644.16,644.83,644.0,644.66,23826.0
15:34,642.57,644.39,642.31,644.28,45114.0
15:35,643.46,643.59,642.06,642.54,54335.0
15:36,643.96,644.09,642.9,643.53,30442.0
15:37,644.23,644.64,643.58,643.97,37049.0
15:38,644.65,645.23,643.79,644.14,31737.0
15:39,644.4,644.9,643.65,644.67,31864.0
15:40,644.3,644.7,643.8,644.4,29904.0
15:41,644.64,644.76,643.9,644.41,34777.0
15:42,644.83,644.87,644.17,644.65,34299.0
15:43,645.32,645.5,644.55,644.66,40876.0
15:44,645.7,646.0,645.2,645.42,45842.0
15:45,644.67,645.69,644.66,645.66,42091.0
15:46,643.83,644.6,643.75,644.6,41139.0
15:47,643.83,644.09,643.63,643.75,42317.0
15:48,642.92,644.2,642.72,643.82,55306.0
15:49,644.68,644.98,642.69,643.02,45489.0
15:50,642.57,644.98,642.57,644.82,73126.0
15:51,642.0,642.9,642.0,642.6,84438.0
15:52,640.51,642.1,640.45,642.0,98171.0
15:53,640.68,641.25,640.11,640.54,79581.0
15:54,641.05,641.22,640.59,640.68,54829.0
15:55,640.72,641.16,640.36,641.16,94222.0
15:56,640.42,640.69,640.2,640.68,95664.0
15:57,640.64,640.75,640.2,640.42,103065.0
15:58,640.16,640.63,640.0,640.62,136999.0
15:59,640.84,640.97,640.0,640.17,162212.0
