Time,Close,High,Low,Open,Volume
09:30,706.48,707.65,704.49,706.61,424264.0
09:31,708.01,708.88,705.91,705.91,30397.0
09:32,707.17,708.05,705.56,706.52,55383.0
09:33,706.34,707.22,705.21,707.13,80369.0
09:34,706.98,707.5,706.36,706.37,20587.0
09:35,705.16,707.16,705.16,706.82,15393.0
09:36,705.0,705.66,704.56,705.57,16560.0
09:37,706.74,706.87,704.77,704.88,21999.0
09:38,707.0,708.7,706.57,706.57,91575.0
09:39,706.26,707.22,705.5,707.22,11948.0
09:40,707.12,707.52,705.87,706.13,15810.0
09:41,705.96,707.22,705.51,706.87,20606.0
09:42,705.8,706.52,705.0,705.96,21938.0
09:43,706.33,707.81,705.88,705.9,58649.0
09:44,705.51,706.96,705.4,706.62,9363.0
09:45,705.31,705.94,704.52,705.72,51236.0
09:46,705.7,706.0,705.44,705.59,9885.0
09:47,706.02,706.17,705.46,705.95,9179.0
09:48,707.1,707.67,706.11,706.19,18266.0
09:49,706.99,707.09,706.12,707.03,11146.0
09:50,706.49,706.99,705.31,706.73,8502.0
09:51,707.36,707.81,706.8,706.99,13713.0
09:52,707.0,707.94,706.85,707.58,12765.0
09:53,707.89,708.31,707.01,707.01,15895.0
09:54,708.61,709.0,707.89,707.89,30630.0
09:55,708.1,708.63,707.85,708.61,22454.0
09:56,708.49,708.63,707.92,708.16,32405.0
09:57,707.7,708.2,706.8,708.1,14044.0
09:58,707.3,707.8,706.37,707.28,82929.0
09:59,706.95,707.26,706.76,706.85,11757.0
10:00,706.68,707.5,706.63,707.09,12923.0
10:01,705.86,706.39,705.24,706.39,10252.0
10:02,706.76,706.87,705.39,705.39,12671.0
10:03,706.46,706.76,706.08,706.31,6139.0
10:04,706.72,706.96,706.4,706.4,7984.0
10:05,706.68,707.0,706.35,706.6,4585.0
10:06,706.68,706.68,706.43,706.68,5186.0
10:07,707.33,707.66,706.23,706.5,13536.0
10:08,706.7,707.5,706.47,707.31,9711.0
10:09,707.44,707.46,706.49,707.34,11892.0
10:10,707.26,707.48,706.94,706.94,3755.0
10:11,708.09,708.13,707.2,707.49,10327.0
10:12,708.41,708.52,708.0,708.09,5625.0
10:13,710.09,710.41,708.2,708.27,39510.0
10:14,710.77,711.09,710.23,710.68,28632.0
10:15,712.88,713.24,710.41,710.67,59901.0
10:16,712.65,713.0,711.6,712.94,54154.0
10:17,713.17,713.37,712.49,712.63,35660.0
10:18,712.98,713.37,712.7,713.08,15678.0
10:19,713.3,713.4,712.89,712.9,21715.0
10:20,713.62,713.63,713.02,713.15,18143.0
10:21,713.2,714.03,712.0,713.71,44897.0
10:22,714.26,714.27,712.91,712.96,24193.0
10:23,713.55,713.93,713.05,713.86,16309.0
10:24,709.83,713.66,709.68,713.55,49552.0
10:25,709.32,710.0,708.65,709.48,23146.0
10:26,709.96,710.93,709.02,709.26,34464.0
10:27,709.69,710.2,709.56,710.0,13698.0
10:28,710.03,710.4,709.5,709.68,11729.0
10:29,708.71,710.4,708.71,709.83,20948.0
10:30,707.01,708.95,706.65,708.95,19573.0
10:31,707.65,707.9,706.96,706.96,12453.0
10:32,708.56,708.79,707.91,707.91,10579.0
10:33,708.25,708.76,708.25,708.37,6736.0
10:34,709.79,709.99,708.25,708.51,14330.0
10:35,709.62,710.2,709.3,710.2,12775.0
10:36,710.41,710.82,709.37,709.5,16805.0
10:37,710.35,710.99,710.06,710.23,10684.0
10:38,709.62,710.07,709.11,710.01,19373.0
10:39,709.43,709.49,709.43,709.49,724.0
10:40,710.04,710.04,709.48,709.6,9346.0
10:41,709.74,710.31,709.55,710.04,14623.0
10:42,709.59,709.91,709.56,709.61,4102.0
10:43,710.0,710.34,709.27,709.93,25438.0
10:44,709.72,710.0,709.46,709.92,7908.0
10:45,709.56,710.0,709.18,709.96,16900.0
10:46,708.45,709.54,708.26,709.54,13444.0
10:47,709.24,709.71,708.25,708.34,21844.0
10:48,709.69,709.71,709.07,709.65,10103.0
10:49,709.84,710.0,709.35,709.35,11516.0
10:50,709.97,710.11,709.66,709.96,12866.0
10:51,710.07,710.11,709.76,709.76,13036.0
10:52,710.05,710.33,709.68,709.78,16397.0
10:53,709.96,710.2,709.79,710.05,7514.0
10:54,708.73,709.89,708.53,709.89,13863.0
10:55,708.74,709.03,708.2,708.71,10966.0
10:56,708.99,709.0,708.64,708.99,4407.0
10:57,709.78,709.79,708.96,708.96,16129.0
10:58,709.78,710.1,709.62,709.62,11438.0
10:59,708.57,710.0,708.53,709.78,24501.0
11:00,708.89,709.24,708.47,708.5,13454.0
11:01,708.9,709.19,708.52,708.89,19278.0
11:02,709.0,709.14,708.32,708.91,7777.0
11:03,708.88,709.26,708.64,708.69,14481.0
11:04,708.89,709.13,708.53,709.09,7793.0
11:05,710.01,710.33,709.09,709.09,23092.0
11:06,710.78,710.78,709.76,710.21,11270.0
11:07,710.22,710.35,709.58,709.86,30332.0
11:08,709.66,709.92,709.41,709.51,49395.0
11:09,709.3,709.55,709.14,709.43,12672.0
11:10,709.31,709.42,709.05,709.05,4056.0
11:11,709.04,709.32,709.0,709.31,7344.0
11:12,709.59,709.59,709.11,709.11,13375.0
11:13,710.24,710.26,709.35,709.35,14111.0
11:14,709.99,710.09,709.76,710.09,10134.0
11:15,709.79,710.3,709.75,709.99,4325.0
11:16,709.47,709.78,709.39,709.5,5840.0
11:17,709.86,710.13,709.51,709.51,6430.0
11:18,709.74,710.19,709.0,710.19,28102.0
11:19,709.34,709.76,708.99,709.76,8586.0
11:20,709.55,709.75,709.21,709.39,7089.0
11:21,709.57,709.84,709.4,709.4,5470.0
11:22,709.55,709.57,709.5,709.57,2420.0
11:23,710.84,710.84,709.84,709.84,7213.0
11:24,711.97,712.16,710.8,710.81,13621.0
11:25,711.51,712.2,711.35,711.67,15435.0
11:26,711.32,712.2,711.32,711.67,5577.0
11:27,710.49,711.57,710.49,711.3,6020.0
11:28,710.71,710.71,710.0,710.49,10549.0
11:29,710.44,710.44,710.36,710.36,2152.0
11:30,711.17,711.35,710.19,710.19,6204.0
11:31,711.51,711.51,710.94,710.94,4876.0
11:32,711.66,712.0,711.37,711.51,8780.0
11:33,712.04,712.04,711.66,711.66,3395.0
11:34,711.92,712.13,711.66,711.9,6841.0
11:35,712.56,712.73,712.0,712.03,14338.0
11:36,712.77,712.93,712.28,712.56,8803.0
11:37,712.78,713.03,712.52,712.95,8484.0
11:38,712.35,712.77,712.2,712.77,4512.0
11:39,712.68,712.75,712.07,712.25,7416.0
11:40,712.47,713.21,712.47,712.69,13223.0
11:41,711.83,712.67,711.26,712.48,25111.0
11:42,712.17,712.18,711.56,711.8,6677.0
11:43,711.55,712.37,711.26,712.0,10186.0
11:44,710.83,711.87,710.83,711.43,10711.0
11:45,710.88,711.26,710.4,710.86,4611.0
11:46,710.7,710.89,710.5,710.87,6469.0
11:47,710.05,710.89,710.05,710.77,6163.0
11:48,709.97,710.32,709.88,710.32,6156.0
11:49,710.0,710.2,709.88,710.01,4684.0
11:50,710.0,710.2,709.88,710.09,13803.0
11:51,709.44,710.06,709.16,709.94,8798.0
11:52,709.75,709.75,709.42,709.46,2984.0
11:53,709.51,710.22,709.47,709.64,12478.0
11:54,709.7,710.03,709.7,709.7,2697.0
11:55,709.7,710.0,709.7,709.7,3088.0
11:56,709.46,709.99,709.45,709.45,1657.0
11:57,709.99,710.0,709.55,710.0,3120.0
11:58,709.5,709.85,709.45,709.81,3989.0
11:59,709.66,709.91,709.54,709.65,3274.0
12:00,710.16,710.19,709.66,709.66,16024.0
12:01,710.08,710.81,709.83,709.83,24133.0
12:02,710.61,710.79,709.71,709.78,10394.0
12:03,711.03,711.13,710.49,710.61,18066.0
12:04,710.62,711.03,710.62,711.03,5393.0
12:05,710.65,710.83,710.53,710.75,5076.0
12:06,710.28,710.82,710.01,710.56,14318.0
12:07,710.23,710.27,710.16,710.27,2163.0
12:08,709.74,710.31,709.5,710.09,13234.0
12:09,710.1,710.1,709.48,709.74,14822.0
12:10,710.49,710.49,710.03,710.1,7797.0
12:11,709.83,710.55,709.83,710.55,6070.0
12:12,709.91,710.0,709.82,709.82,2953.0
12:13,710.24,710.24,709.84,709.97,2833.0
12:14,709.9,710.23,709.81,709.9,7016.0
12:15,709.93,710.06,709.78,709.78,4493.0
12:16,709.72,710.0,709.5,709.85,9212.0
12:17,709.64,709.74,709.39,709.66,12444.0
12:18,709.48,709.9,709.03,709.62,5888.0
12:19,709.5,709.89,709.15,709.52,7902.0
12:20,709.89,709.89,709.46,709.46,5638.0
12:21,709.8,710.01,709.73,709.82,6235.0
12:22,709.61,710.18,709.61,710.0,14294.0
12:23,709.7,709.91,709.4,709.6,13707.0
12:24,709.68,710.25,709.3,709.32,27707.0
12:25,709.84,709.85,709.3,709.61,19649.0
12:26,710.26,710.62,709.55,709.84,28405.0
12:27,709.98,710.74,709.98,710.57,10281.0
12:28,708.54,709.41,708.54,709.3,14362.0
12:29,709.24,709.35,708.93,708.93,3294.0
12:30,708.97,709.75,708.97,709.24,1908.0
12:31,709.08,709.86,709.08,709.62,3173.0
12:32,709.88,710.0,709.45,709.46,5225.0
12:33,710.17,710.17,709.63,709.9,5370.0
12:34,709.59,709.98,709.3,709.73,20353.0
12:35,709.59,709.89,709.37,709.55,9631.0
12:36,709.89,709.89,709.55,709.55,3163.0
12:37,709.62,710.17,709.62,710.0,5089.0
12:38,709.11,709.49,709.11,709.34,3082.0
12:39,709.4,709.68,709.24,709.24,2877.0
12:40,709.48,709.95,709.39,709.39,5991.0
12:41,709.49,709.82,709.45,709.5,7937.0
12:42,709.52,709.69,709.16,709.5,8236.0
12:43,709.52,709.82,709.5,709.5,2582.0
12:44,709.54,709.82,709.47,709.47,8727.0
12:45,709.12,709.8,709.12,709.5,12580.0
12:46,709.16,709.26,708.93,709.07,7072.0
12:47,709.13,709.21,708.99,709.16,3937.0
12:48,708.39,708.96,708.15,708.96,10009.0
12:49,707.61,708.6,707.57,708.6,14840.0
12:50,707.55,707.89,707.2,707.61,13071.0
12:51,707.68,707.72,707.41,707.51,4715.0
12:52,707.92,708.22,707.68,707.69,6591.0
12:53,708.65,708.65,708.12,708.17,6600.0
12:54,708.37,708.64,708.3,708.64,10305.0
12:55,708.51,708.69,708.21,708.6,9025.0
12:56,709.69,709.69,708.4,708.62,4591.0
12:57,709.61,709.69,709.16,709.21,7070.0
12:58,709.84,710.03,709.35,709.5,14663.0
12:59,710.2,710.2,709.65,709.78,25130.0
13:00,710.47,710.76,709.75,709.75,29493.0
13:01,710.69,710.98,710.46,710.48,10994.0
13:02,709.98,710.82,709.98,710.71,5497.0
13:03,710.28,710.4,709.95,709.98,3433.0
13:04,710.15,710.43,710.07,710.28,9257.0
13:05,710.15,710.15,709.93,709.93,1745.0
13:06,710.12,710.16,709.93,710.15,9027.0
13:07,709.38,709.94,709.23,709.94,8516.0
13:08,709.19,709.82,709.19,709.65,3748.0
13:09,709.92,709.98,709.18,709.58,18055.0
13:10,709.51,710.1,709.51,709.97,6525.0
13:11,709.23,709.5,709.23,709.35,2895.0
13:12,710.0,710.1,709.08,709.08,13762.0
13:13,710.16,710.23,709.83,709.83,6801.0
13:14,709.81,710.17,709.81,710.17,6217.0
13:15,710.03,710.4,709.86,710.17,6209.0
13:16,710.15,710.4,709.81,709.84,4229.0
13:17,709.97,710.13,709.87,709.99,3063.0
13:18,710.24,710.24,709.97,710.0,9289.0
13:19,710.18,710.47,709.96,710.29,16990.0
13:20,710.03,710.2,709.8,710.18,9216.0
13:21,710.32,710.52,709.98,710.03,11258.0
13:22,710.2,710.36,710.11,710.34,3569.0
13:23,710.28,710.34,710.2,710.2,5848.0
13:24,710.72,710.87,710.39,710.42,22374.0
13:25,710.64,710.99,710.55,710.62,19904.0
13:26,710.18,710.69,710.18,710.58,5555.0
13:27,710.97,711.02,710.25,710.37,13461.0
13:28,710.8,711.43,710.8,711.08,14470.0
13:29,710.65,710.65,710.2,710.59,3582.0
13:30,710.74,710.76,710.48,710.48,4534.0
13:31,710.55,710.79,710.55,710.74,7704.0
13:32,710.35,710.52,710.16,710.52,3264.0
13:33,710.18,710.54,710.04,710.34,18885.0
13:34,710.18,710.32,710.03,710.18,10980.0
13:35,710.27,710.37,710.12,710.18,5707.0
13:36,710.34,710.53,710.26,710.27,4475.0
13:37,710.48,710.5,710.4,710.5,1956.0
13:38,710.44,710.44,710.18,710.4,6287.0
13:39,709.88,710.21,709.83,710.21,5811.0
13:40,709.88,710.03,709.72,710.0,4892.0
13:41,709.9,710.21,709.78,709.94,16607.0
13:42,709.97,709.97,709.77,709.79,4447.0
13:43,709.72,710.1,709.72,710.04,2202.0
13:44,709.42,710.13,709.29,710.13,10412.0
13:45,708.42,709.29,708.42,709.29,34018.0
13:46,707.59,708.69,707.5,708.69,9301.0
13:47,706.75,707.74,706.64,707.5,22242.0
13:48,707.97,708.15,706.9,706.9,12700.0
13:49,708.05,708.34,707.99,707.99,2594.0
13:50,707.69,708.17,707.52,708.17,11137.0
13:51,706.66,707.5,706.4,707.5,11283.0
13:52,706.19,706.63,706.19,706.42,11714.0
13:53,705.92,706.34,705.44,706.2,11445.0
13:54,705.2,705.86,705.15,705.86,8148.0
13:55,705.49,705.52,704.87,705.52,17097.0
13:56,703.93,705.4,703.89,705.4,12179.0
13:57,703.4,704.03,703.35,704.03,15695.0
13:58,703.26,703.38,702.38,703.29,16442.0
13:59,704.97,704.97,703.01,703.01,16038.0
14:00,704.07,704.7,704.0,704.7,10026.0
14:01,704.39,704.76,704.28,704.28,2329.0
14:02,703.55,704.6,703.55,704.6,6134.0
14:03,703.36,704.41,703.0,704.18,12692.0
14:04,702.75,703.15,702.75,703.01,3426.0
14:05,702.89,703.17,702.66,702.92,15515.0
14:06,703.78,703.8,702.88,702.89,11185.0
14:07,703.39,704.01,703.35,704.01,7589.0
14:08,704.26,704.28,703.39,703.48,5433.0
14:09,704.75,704.75,703.94,703.94,7139.0
14:10,704.26,704.75,704.26,704.53,7421.0
14:11,704.29,704.3,704.29,704.29,1149.0
14:12,704.36,704.36,703.75,704.28,7510.0
14:13,704.95,705.0,704.14,704.14,6118.0
14:14,705.0,705.0,704.94,705.0,3475.0
14:15,705.33,705.5,705.11,705.18,3072.0
14:16,705.99,705.99,705.4,705.48,8920.0
14:17,705.98,706.19,705.74,705.74,4042.0
14:18,705.99,706.46,705.7,706.16,7002.0
14:19,705.34,705.69,705.2,705.58,4991.0
14:20,704.13,705.22,704.13,705.22,7311.0
14:21,704.8,704.8,704.14,704.26,18911.0
14:22,704.64,704.7,704.64,704.64,2358.0
14:23,704.83,705.06,704.77,704.82,2959.0
14:24,704.5,705.05,704.5,705.01,11394.0
14:25,704.16,704.82,704.11,704.53,5333.0
14:26,704.42,704.45,704.27,704.45,1489.0
14:27,704.78,704.78,704.45,704.45,4477.0
14:28,704.91,704.91,704.46,704.78,3328.0
14:29,704.86,704.91,704.54,704.9,5759.0
14:30,704.49,704.8,704.49,704.52,2259.0
14:31,704.97,705.1,704.49,704.79,4131.0
14:32,705.25,705.61,704.87,705.0,20531.0
14:33,705.64,705.92,705.25,705.57,16832.0
14:34,705.41,705.67,705.4,705.43,5845.0
14:35,705.47,705.67,705.41,705.41,6194.0
14:36,705.21,705.91,705.18,705.5,10719.0
14:37,705.72,705.91,705.28,705.38,16024.0
14:38,705.74,705.91,705.63,705.63,4888.0
14:39,705.79,705.91,705.71,705.91,2629.0
14:40,705.83,705.99,705.7,705.71,9328.0
14:41,705.05,706.0,705.05,705.85,22384.0
14:42,705.61,705.61,705.0,705.01,5075.0
14:43,705.33,705.61,705.16,705.32,9226.0
14:44,705.68,705.69,705.3,705.58,4332.0
14:45,705.69,705.97,705.47,705.54,3824.0
14:46,705.6,705.9,705.35,705.9,10062.0
14:47,705.5,705.97,705.5,705.6,11993.0
14:48,705.79,706.0,705.56,705.61,5836.0
14:49,705.79,706.0,705.59,705.79,2752.0
14:50,705.62,705.79,705.5,705.79,5989.0
14:51,705.62,705.63,705.62,705.63,680.0
14:52,704.95,705.91,704.95,705.6,23312.0
14:53,705.06,705.35,704.81,704.95,16764.0
14:54,705.05,705.41,705.04,705.41,3991.0
14:55,704.42,705.23,704.3,705.23,7009.0
14:56,704.6,704.6,704.6,704.6,1064.0
14:57,704.42,704.76,704.33,704.47,5324.0
14:58,704.22,704.83,704.22,704.83,3156.0
14:59,704.5,704.71,704.19,704.32,4762.0
15:00,704.71,704.91,704.5,704.71,7567.0
15:01,704.68,705.0,704.68,704.91,4111.0
15:02,704.89,704.93,704.69,704.69,2660.0
15:03,704.64,705.08,704.62,704.89,6244.0
15:04,704.99,704.99,704.53,704.8,5969.0
15:05,705.08,705.25,704.79,704.98,13086.0
15:06,704.97,705.25,704.94,705.15,10534.0
15:07,704.9,705.31,704.9,705.12,12533.0
15:08,704.94,705.06,704.72,704.88,8063.0
15:09,704.47,705.06,704.47,704.93,8529.0
15:10,704.0,704.29,704.0,704.25,7456.0
15:11,703.72,704.21,703.47,704.1,7480.0
15:12,703.59,704.0,703.49,703.61,11594.0
15:13,704.02,704.33,703.49,703.81,11252.0
15:14,703.3,704.33,703.26,704.14,10104.0
15:15,701.89,703.25,701.89,703.25,23499.0
15:16,701.07,701.91,701.07,701.77,8736.0
15:17,701.2,702.09,701.01,701.05,35910.0
15:18,700.63,701.26,700.0,701.11,18947.0
15:19,699.87,700.7,699.59,700.63,27504.0
15:20,700.47,700.74,699.6,699.72,23843.0
15:21,700.91,701.28,700.46,700.61,21049.0
15:22,700.76,701.01,700.51,700.91,14575.0
15:23,700.32,700.93,700.0,700.77,18901.0
15:24,699.57,700.27,699.18,700.27,17993.0
15:25,699.89,700.48,699.39,699.55,13627.0
15:26,699.41,699.81,699.4,699.68,11268.0
15:27,699.16,699.33,698.55,699.18,26794.0
15:28,699.43,699.59,699.09,699.36,7439.0
15:29,699.4,699.74,699.22,699.51,14083.0
15:30,700.04,700.04,699.27,699.27,9662.0
15:31,699.83,700.1,699.83,700.09,9038.0
15:32,700.57,700.76,699.87,699.92,23645.0
15:33,700.48,700.88,700.48,700.76,8980.0
15:34,700.41,700.76,700.41,700.43,8908.0
15:35,700.42,700.51,699.93,700.41,9690.0
15:36,700.2,700.42,699.94,700.24,8264.0
15:37,700.22,700.31,700.07,700.24,7890.0
15:38,700.07,700.24,700.0,700.23,10503.0
15:39,700.09,700.16,699.8,699.92,19914.0
15:40,700.26,700.44,700.11,700.18,8243.0
15:41,700.59,700.71,700.25,700.4,7835.0
15:42,700.28,700.72,700.26,700.59,7329.0
15:43,700.6,700.67,700.12,700.51,6857.0
15:44,701.18,701.53,700.9,700.92,9326.0
15:45,701.4,701.5,701.16,701.23,9540.0
15:46,701.71,701.74,701.28,701.4,12956.0
15:47,701.62,701.75,701.28,701.48,9505.0
15:48,701.81,702.2,701.81,701.87,8841.0
15:49,701.48,702.0,701.36,701.96,8042.0
15:50,701.27,701.79,701.14,701.6,12807.0
15:51,700.77,701.3,700.58,701.28,12034.0
15:52,700.9,701.15,700.81,700.81,11074.0
15:53,700.88,701.06,700.78,700.91,9717.0
15:54,701.38,701.54,700.77,700.88,20782.0
15:55,703.27,703.5,701.33,701.54,51735.0
15:56,704.01,704.18,702.81,703.5,43463.0
15:57,704.5,704.99,704.08,704.23,48489.0
15:58,703.71,704.69,703.41,704.34,74429.0
15:59,703.32,704.31,703.16,703.49,89037.0
