Time,Close,High,Low,Open,Volume
09:30,205.88,205.91,205.84,205.91,18457.0
09:31,205.55,205.96,205.49,205.83,576265.0
09:32,205.3,205.52,205.14,205.31,300129.0
09:33,205.04,205.07,204.79,204.79,23993.0
09:34,204.8,205.14,204.8,205.14,3310.0
09:35,204.77,204.95,204.63,204.75,6000.0
09:36,204.95,204.95,204.7,204.77,8744.0
09:37,205.06,205.15,204.86,204.93,5955.0
09:38,205.24,205.24,205.02,205.02,12718.0
09:39,205.12,205.26,205.12,205.26,1972.0
09:40,205.13,205.3,205.13,205.3,2329.0
09:41,205.09,205.32,205.05,205.3,20336.0
09:42,205.03,205.06,204.89,205.06,4963.0
09:43,205.1,205.23,204.86,205.01,4122.0
09:44,205.23,205.23,205.02,205.02,3243.0
09:45,205.29,205.44,205.23,205.23,8995.0
09:46,205.21,205.32,205.17,205.32,3360.0
09:47,205.17,205.17,205.12,205.13,2542.0
09:48,205.34,205.34,205.18,205.18,2963.0
09:49,205.3,205.36,205.2,205.33,2280.0
09:50,205.27,205.4,205.27,205.4,4855.0
09:51,205.63,205.68,205.3,205.3,22788.0
09:52,205.74,205.82,205.66,205.7,16671.0
09:53,205.74,205.87,205.74,205.76,7041.0
09:54,205.88,206.0,205.81,205.81,9804.0
09:55,205.78,205.93,205.62,205.87,10498.0
09:56,205.5,205.65,205.45,205.65,4946.0
09:57,205.46,205.5,205.45,205.5,10676.0
09:58,205.3,205.61,205.3,205.46,3513.0
09:59,205.5,205.5,205.1,205.27,13867.0
10:00,205.47,205.56,205.43,205.5,18641.0
10:01,205.44,205.56,205.44,205.5,20555.0
10:02,205.1,205.49,205.1,205.46,7455.0
10:03,205.19,205.19,205.07,205.11,3836.0
10:04,205.04,205.18,205.04,205.18,2508.0
10:05,204.73,205.01,204.73,205.01,4387.0
10:06,204.71,204.71,204.71,204.71,2318.0
10:07,204.72,204.83,204.7,204.83,3861.0
10:08,204.72,204.72,204.72,204.72,256.0
10:09,204.7,204.7,204.66,204.68,3948.0
10:10,204.6,204.65,204.6,204.65,1313.0
10:11,204.76,204.93,204.65,204.67,8766.0
10:12,204.65,204.77,204.65,204.76,4100.0
10:13,204.64,204.64,204.39,204.5,5662.0
10:14,204.51,204.56,204.45,204.51,4400.0
10:15,204.58,204.64,204.49,204.49,4682.0
10:16,204.62,204.79,204.6,204.69,4774.0
10:17,204.59,204.72,204.53,204.69,6069.0
10:18,204.41,204.71,204.41,204.66,9036.0
10:19,204.32,204.5,204.32,204.37,17475.0
10:20,204.49,204.5,204.37,204.37,2551.0
10:21,204.54,204.62,204.49,204.56,4244.0
10:22,204.55,204.59,204.55,204.58,1300.0
10:23,204.64,204.64,204.54,204.55,2466.0
10:24,204.85,204.92,204.7,204.7,7355.0
10:25,204.95,205.02,204.87,204.87,15506.0
10:26,204.98,205.06,204.92,205.0,5793.0
10:27,204.76,205.02,204.76,205.02,15580.0
10:28,204.9,204.93,204.7,204.7,8960.0
10:29,204.94,205.02,204.89,204.89,3180.0
10:30,205.02,205.02,204.95,204.95,1046.0
10:31,205.06,205.07,204.99,204.99,2320.0
10:32,205.11,205.16,205.07,205.16,7937.0
10:33,205.29,205.29,205.16,205.16,3492.0
10:34,205.36,205.36,205.29,205.29,1613.0
10:35,205.32,205.48,205.27,205.31,4643.0
10:36,205.32,205.37,205.25,205.27,19905.0
10:37,205.38,205.39,205.2,205.32,26723.0
10:38,205.49,205.49,205.46,205.49,2458.0
10:39,205.55,205.58,205.48,205.5,3329.0
10:40,205.49,205.56,205.41,205.56,3408.0
10:41,205.69,205.69,205.52,205.52,3152.0
10:42,205.7,205.73,205.63,205.63,8000.0
10:43,205.57,205.66,205.5,205.66,4538.0
10:44,205.68,205.71,205.62,205.62,8371.0
10:45,205.65,205.71,205.65,205.71,4944.0
10:46,205.65,205.66,205.6,205.62,13355.0
10:47,205.62,205.7,205.59,205.65,7594.0
10:48,205.59,205.63,205.56,205.62,9640.0
10:49,205.58,205.62,205.57,205.59,3643.0
10:50,205.56,205.6,205.47,205.55,17851.0
10:51,205.68,205.79,205.51,205.51,7720.0
10:52,205.8,205.8,205.7,205.75,2837.0
10:53,205.9,205.91,205.84,205.91,5341.0
10:54,205.83,205.88,205.76,205.84,3810.0
10:55,205.82,205.85,205.8,205.85,3261.0
10:56,205.67,205.77,205.65,205.76,3506.0
10:57,205.62,205.68,205.62,205.68,4110.0
10:58,205.66,205.66,205.61,205.62,2122.0
10:59,205.71,205.71,205.65,205.65,3024.0
11:00,205.63,205.7,205.62,205.67,7651.0
11:01,205.64,205.66,205.6,205.63,4616.0
11:02,205.54,205.64,205.52,205.64,4403.0
11:03,205.5,205.52,205.38,205.52,36522.0
11:04,205.5,205.53,205.47,205.51,13902.0
11:05,205.43,205.5,205.38,205.46,8097.0
11:06,205.46,205.52,205.43,205.43,16820.0
11:07,205.33,205.49,205.32,205.49,18696.0
11:08,205.29,205.36,205.29,205.32,3870.0
11:09,205.33,205.4,205.26,205.27,6526.0
11:10,205.5,205.5,205.32,205.32,4052.0
11:11,205.46,205.5,205.46,205.48,2819.0
11:12,205.45,205.47,205.42,205.42,2805.0
11:13,205.5,205.51,205.4,205.42,8043.0
11:14,205.64,205.65,205.52,205.52,7020.0
11:15,205.47,205.64,205.47,205.64,15123.0
11:16,205.51,205.56,205.43,205.43,6513.0
11:17,205.48,205.59,205.45,205.56,25298.0
11:18,205.75,205.79,205.48,205.52,13345.0
11:19,205.68,205.72,205.66,205.72,6172.0
11:20,205.61,205.68,205.58,205.63,8676.0
11:21,205.57,205.63,205.51,205.63,8771.0
11:22,205.5,205.6,205.5,205.57,2339.0
11:23,205.21,205.5,205.2,205.5,6932.0
11:24,205.23,205.27,205.14,205.2,4770.0
11:25,205.3,205.3,205.19,205.27,2690.0
11:26,205.32,205.33,205.26,205.33,2756.0
11:27,205.34,205.35,205.27,205.32,4153.0
11:28,205.31,205.33,205.26,205.32,3364.0
11:29,205.44,205.44,205.29,205.36,4789.0
11:30,205.54,205.54,205.44,205.44,3420.0
11:31,205.44,205.53,205.41,205.53,5672.0
11:32,205.54,205.54,205.38,205.47,5082.0
11:33,205.54,205.55,205.51,205.52,6686.0
11:34,205.51,205.54,205.45,205.54,3377.0
11:35,205.6,205.63,205.46,205.51,3123.0
11:36,205.52,205.58,205.47,205.56,11681.0
11:37,205.57,205.58,205.48,205.58,4009.0
11:38,205.56,205.57,205.48,205.57,4344.0
11:39,205.25,205.56,205.25,205.52,16506.0
11:40,205.23,205.32,205.21,205.24,3976.0
11:41,205.31,205.35,205.23,205.23,7811.0
11:42,205.21,205.31,205.18,205.31,1968.0
11:43,205.21,205.28,205.21,205.27,3125.0
11:44,205.02,205.27,204.98,205.22,8575.0
11:45,205.17,205.17,204.97,205.01,4541.0
11:46,205.19,205.22,205.07,205.15,12351.0
11:47,205.29,205.29,205.13,205.14,5068.0
11:48,205.16,205.31,205.16,205.29,11093.0
11:49,205.29,205.29,205.17,205.21,2962.0
11:50,205.24,205.32,205.22,205.28,2081.0
11:51,205.16,205.32,205.16,205.26,2834.0
11:52,205.23,205.32,205.23,205.32,2907.0
11:53,205.3,205.3,205.23,205.23,1053.0
11:54,205.12,205.24,205.06,205.24,5563.0
11:55,205.09,205.09,205.05,205.09,4286.0
11:56,205.12,205.13,205.07,205.07,2589.0
11:57,205.18,205.23,205.09,205.23,6594.0
11:58,205.17,205.17,205.08,205.08,1604.0
11:59,205.07,205.12,205.07,205.11,2310.0
12:00,205.2,205.2,205.12,205.12,4444.0
12:01,205.14,205.21,205.07,205.14,6048.0
12:02,205.07,205.12,205.04,205.04,1289.0
12:03,205.17,205.17,205.02,205.07,4446.0
12:04,205.19,205.28,205.19,205.19,4815.0
12:05,205.33,205.35,205.26,205.28,4799.0
12:06,205.33,205.33,205.31,205.33,3191.0
12:07,205.43,205.47,205.33,205.42,3710.0
12:08,205.46,205.51,205.46,205.46,6298.0
12:09,205.42,205.44,205.39,205.39,7412.0
12:10,205.38,205.38,205.32,205.32,8527.0
12:11,205.38,205.38,205.33,205.38,1520.0
12:12,205.32,205.39,205.32,205.37,1283.0
12:13,205.33,205.34,205.33,205.34,2908.0
12:14,205.38,205.38,205.28,205.28,2844.0
12:15,205.21,205.34,205.18,205.31,6458.0
12:16,205.31,205.31,205.19,205.24,2886.0
12:17,205.26,205.26,205.23,205.26,873.0
12:18,205.34,205.34,205.22,205.26,10088.0
12:19,205.33,205.37,205.22,205.22,8261.0
12:20,205.42,205.49,205.34,205.34,8629.0
12:21,205.49,205.49,205.4,205.46,1674.0
12:22,205.44,205.5,205.44,205.5,1192.0
12:23,205.51,205.55,205.46,205.46,2491.0
12:24,205.51,205.51,205.51,205.51,1137.0
12:25,205.51,205.55,205.51,205.51,1580.0
12:26,205.54,205.55,205.51,205.51,3225.0
12:27,205.45,205.52,205.45,205.52,5503.0
12:28,205.52,205.52,205.44,205.44,3517.0
12:29,205.51,205.55,205.51,205.52,2999.0
12:30,205.59,205.59,205.51,205.54,4008.0
12:31,205.59,205.62,205.59,205.6,1481.0
12:32,205.64,205.65,205.55,205.59,4136.0
12:33,205.64,205.67,205.62,205.62,2281.0
12:34,205.6,205.66,205.6,205.66,4226.0
12:35,205.55,205.63,205.55,205.57,3182.0
12:36,205.68,205.72,205.64,205.64,6120.0
12:37,205.7,205.73,205.64,205.73,3596.0
12:38,205.75,205.75,205.66,205.69,3225.0
12:39,205.84,205.84,205.75,205.75,6064.0
12:40,205.9,205.9,205.81,205.84,4837.0
12:41,205.82,205.91,205.82,205.91,4005.0
12:42,205.84,205.89,205.82,205.87,3482.0
12:43,205.86,205.86,205.81,205.82,2960.0
12:44,205.88,205.89,205.86,205.86,2520.0
12:45,205.95,205.96,205.92,205.92,2277.0
12:46,205.95,205.96,205.95,205.95,1847.0
12:47,205.91,205.98,205.91,205.95,2706.0
12:48,206.06,206.06,205.95,205.95,11775.0
12:49,206.04,206.06,206.04,206.05,2210.0
12:50,205.96,206.06,205.95,206.04,8528.0
12:51,205.94,205.96,205.93,205.94,4000.0
12:52,205.93,205.94,205.91,205.94,3435.0
12:53,205.98,205.98,205.9,205.92,4759.0
12:54,205.93,205.94,205.93,205.94,3026.0
12:55,205.99,205.99,205.91,205.95,3764.0
12:56,205.99,206.01,205.98,205.99,3004.0
12:57,206.07,206.07,205.96,205.98,9567.0
12:58,206.05,206.07,206.03,206.07,1034.0
12:59,206.03,206.06,206.02,206.03,1715.0
13:00,205.99,206.05,205.99,206.04,6462.0
13:01,206.05,206.05,205.99,206.03,2583.0
13:02,206.08,206.09,206.01,206.05,8144.0
13:03,206.15,206.15,206.07,206.07,3873.0
13:04,206.19,206.19,206.15,206.15,3558.0
13:05,206.27,206.27,206.15,206.16,6985.0
13:06,206.32,206.34,206.25,206.26,10658.0
13:07,206.36,206.36,206.29,206.29,2033.0
13:08,206.36,206.39,206.34,206.39,5419.0
13:09,206.38,206.43,206.35,206.35,3037.0
13:10,206.36,206.43,206.32,206.43,4424.0
13:11,206.44,206.44,206.38,206.39,2432.0
13:12,206.43,206.45,206.37,206.45,3907.0
13:13,206.42,206.48,206.42,206.43,13176.0
13:14,206.37,206.43,206.37,206.41,1622.0
13:15,206.43,206.46,206.34,206.43,7004.0
13:16,206.44,206.45,206.42,206.45,4014.0
13:17,206.41,206.44,206.39,206.43,7326.0
13:18,206.48,206.49,206.45,206.45,4974.0
13:19,206.43,206.49,206.41,206.41,3954.0
13:20,206.49,206.49,206.43,206.48,4304.0
13:21,206.5,206.5,206.43,206.49,1955.0
13:22,206.36,206.51,206.36,206.49,14998.0
13:23,206.33,206.33,206.29,206.3,2989.0
13:24,206.27,206.32,206.26,206.32,1283.0
13:25,206.26,206.26,206.26,206.26,711.0
13:26,206.3,206.33,206.26,206.26,3402.0
13:27,206.37,206.37,206.28,206.3,3729.0
13:28,206.38,206.45,206.37,206.45,2067.0
13:29,206.41,206.42,206.37,206.41,3472.0
13:30,206.34,206.41,206.34,206.39,6364.0
13:31,206.34,206.34,206.28,206.33,4972.0
13:32,206.35,206.36,206.31,206.31,2344.0
13:33,206.46,206.46,206.35,206.35,4303.0
13:34,206.37,206.4,206.33,206.4,1517.0
13:35,206.38,206.44,206.32,206.32,3729.0
13:36,206.38,206.38,206.34,206.38,1599.0
13:37,206.38,206.39,206.34,206.34,2997.0
13:38,206.48,206.51,206.4,206.4,5367.0
13:39,206.43,206.43,206.38,206.42,4257.0
13:40,206.42,206.42,206.42,206.42,1870.0
13:41,206.41,206.41,206.41,206.41,1408.0
13:42,206.4,206.4,206.4,206.4,946.0
13:43,206.38,206.43,206.38,206.4,1310.0
13:44,206.44,206.45,206.4,206.4,2817.0
13:45,206.47,206.47,206.41,206.41,7924.0
13:46,206.54,206.55,206.5,206.5,4543.0
13:47,206.59,206.59,206.54,206.54,7196.0
13:48,206.6,206.6,206.57,206.57,957.0
13:49,206.58,206.62,206.58,206.61,1639.0
13:50,206.66,206.67,206.59,206.59,5568.0
13:51,206.65,206.65,206.62,206.65,3453.0
13:52,206.67,206.68,206.64,206.66,3167.0
13:53,206.61,206.69,206.61,206.67,1634.0
13:54,206.68,206.68,206.61,206.65,5028.0
13:55,206.68,206.7,206.67,206.68,2358.0
13:56,206.72,206.72,206.68,206.68,3198.0
13:57,206.65,206.7,206.62,206.7,9255.0
13:58,206.6,206.64,206.55,206.62,4026.0
13:59,206.55,206.61,206.54,206.61,2292.0
14:00,206.36,206.55,206.36,206.54,5669.0
14:01,206.22,206.35,206.19,206.35,6726.0
14:02,206.33,206.33,206.15,206.29,7617.0
14:03,206.29,206.38,206.24,206.28,8579.0
14:04,206.02,206.29,206.02,206.25,7302.0
14:05,206.16,206.18,205.98,206.06,10215.0
14:06,206.2,206.21,206.19,206.19,1446.0
14:07,206.32,206.32,206.2,206.2,2633.0
14:08,206.03,206.29,206.0,206.29,21109.0
14:09,206.18,206.19,206.04,206.07,10645.0
14:10,206.08,206.17,206.08,206.17,2574.0
14:11,206.18,206.19,206.1,206.17,5771.0
14:12,206.1,206.19,206.07,206.12,2663.0
14:13,206.27,206.27,206.14,206.14,7622.0
14:14,206.2,206.26,206.2,206.21,1566.0
14:15,206.25,206.25,206.2,206.2,1468.0
14:16,206.22,206.25,206.21,206.21,1746.0
14:17,206.21,206.23,206.21,206.23,2764.0
14:18,206.08,206.1,206.05,206.05,10178.0
14:19,206.07,206.11,206.02,206.07,1885.0
14:20,206.1,206.12,206.07,206.07,1788.0
14:21,206.08,206.09,206.03,206.09,2169.0
14:22,206.12,206.12,206.03,206.08,3913.0
14:23,206.09,206.19,206.03,206.15,2023.0
14:24,206.25,206.26,206.03,206.03,5644.0
14:25,206.2,206.29,206.2,206.28,3216.0
14:26,206.14,206.14,206.14,206.14,600.0
14:27,206.4,206.4,206.13,206.13,14242.0
14:28,206.41,206.41,206.32,206.4,4071.0
14:29,206.4,206.4,206.35,206.35,3535.0
14:30,206.43,206.51,206.34,206.34,12905.0
14:31,206.39,206.44,206.38,206.44,2623.0
14:32,206.39,206.43,206.38,206.41,4173.0
14:33,206.37,206.43,206.35,206.43,6704.0
14:34,206.36,206.4,206.33,206.36,7507.0
14:35,206.32,206.42,206.32,206.37,12528.0
14:36,206.36,206.4,206.33,206.35,4237.0
14:37,206.37,206.39,206.36,206.36,2205.0
14:38,206.31,206.39,206.31,206.39,4860.0
14:39,206.32,206.34,206.31,206.34,2832.0
14:40,206.3,206.32,206.3,206.31,1731.0
14:41,206.3,206.38,206.27,206.32,11574.0
14:42,206.31,206.31,206.29,206.31,1357.0
14:43,206.28,206.32,206.25,206.25,2081.0
14:44,206.34,206.34,206.33,206.33,1809.0
14:45,206.26,206.3,206.26,206.29,1708.0
14:46,206.19,206.25,206.19,206.21,3346.0
14:47,206.18,206.18,206.13,206.18,1771.0
14:48,206.28,206.28,206.15,206.16,6604.0
14:49,206.29,206.29,206.24,206.25,3760.0
14:50,206.36,206.36,206.29,206.29,2624.0
14:51,206.36,206.36,206.29,206.34,6805.0
14:52,206.31,206.36,206.29,206.31,2770.0
14:53,206.29,206.33,206.25,206.33,3716.0
14:54,206.26,206.35,206.23,206.29,3240.0
14:55,206.31,206.31,206.22,206.22,2145.0
14:56,206.32,206.32,206.32,206.32,1198.0
14:57,206.21,206.33,206.21,206.32,8474.0
14:58,206.21,206.23,206.17,206.17,1879.0
14:59,206.24,206.24,206.18,206.18,1744.0
15:00,206.23,206.27,206.23,206.25,4434.0
15:01,206.19,206.19,206.19,206.19,317.0
15:02,206.14,206.24,206.14,206.21,5513.0
15:03,206.01,206.15,206.0,206.15,2315.0
15:04,206.05,206.06,205.99,205.99,3142.0
15:05,206.09,206.15,206.03,206.03,6770.0
15:06,206.01,206.07,205.99,206.07,1979.0
15:07,206.02,206.02,205.95,206.02,12540.0
15:08,205.99,205.99,205.98,205.98,1082.0
15:09,205.9,206.03,205.85,205.98,15142.0
15:10,205.83,205.9,205.82,205.86,4908.0
15:11,206.01,206.05,205.83,205.83,17017.0
15:12,206.01,206.04,205.97,206.01,13133.0
15:13,206.12,206.17,206.02,206.03,12018.0
15:14,206.07,206.18,206.07,206.09,9143.0
15:15,206.14,206.14,206.04,206.12,6269.0
15:16,206.08,206.22,206.08,206.1,8208.0
15:17,206.22,206.28,206.13,206.13,13037.0
15:18,206.22,206.29,206.19,206.22,7956.0
15:19,206.3,206.43,206.25,206.28,12695.0
15:20,206.23,206.34,206.16,206.34,7889.0
15:21,206.32,206.36,206.18,206.23,14146.0
15:22,206.26,206.42,206.24,206.34,13902.0
15:23,206.35,206.4,206.24,206.27,15626.0
15:24,206.34,206.37,206.32,206.34,6440.0
15:25,206.34,206.47,206.27,206.34,15330.0
15:26,206.22,206.35,206.22,206.34,4717.0
15:27,206.29,206.38,206.24,206.26,13197.0
15:28,206.39,206.48,206.27,206.27,11696.0
15:29,206.42,206.6,206.36,206.43,15909.0
15:30,206.44,206.54,206.42,206.42,12066.0
15:31,206.1,206.44,206.04,206.44,6850.0
15:32,206.14,206.14,206.09,206.11,3482.0
15:33,206.22,206.22,205.99,206.07,7867.0
15:34,206.24,206.3,206.2,206.24,10042.0
15:35,206.24,206.25,206.18,206.23,3132.0
15:36,206.13,206.17,206.11,206.14,10778.0
15:37,206.17,206.18,206.11,206.12,12554.0
15:38,206.08,206.18,206.08,206.12,4038.0
15:39,206.07,206.1,206.06,206.07,5201.0
15:40,206.09,206.14,206.06,206.1,9981.0
15:41,206.14,206.15,206.1,206.1,11067.0
15:42,206.12,206.18,206.12,206.15,9124.0
15:43,205.98,206.16,205.98,206.16,6083.0
15:44,206.02,206.04,205.98,205.98,6418.0
15:45,206.15,206.15,206.02,206.02,4657.0
15:46,206.22,206.22,206.15,206.15,8283.0
15:47,206.29,206.29,206.22,206.22,6708.0
15:48,206.3,206.37,206.26,206.29,12484.0
15:49,206.42,206.47,206.29,206.29,9944.0
15:50,206.21,206.44,206.07,206.4,19785.0
15:51,206.16,206.24,206.16,206.17,13285.0
15:52,206.25,206.28,206.18,206.18,12796.0
15:53,206.23,206.29,206.21,206.28,10862.0
15:54,206.32,206.32,206.21,206.23,13864.0
15:55,206.45,206.46,206.27,206.3,36150.0
15:56,206.7,206.71,206.45,206.45,46704.0
15:57,206.76,206.84,206.68,206.7,54514.0
15:58,206.62,206.82,206.54,206.76,54462.0
15:59,206.68,206.75,206.55,206.62,151469.0
