Time,Close,High,Low,Open,Volume
09:30,208.84,208.84,208.84,208.84,75028.0
09:31,208.9,209.25,208.71,208.76,30703.0
09:32,208.82,209.5,208.82,208.9,45236.0
09:33,209.1,209.38,209.1,209.12,11364.0
09:34,209.17,209.24,209.05,209.07,36568.0
09:35,209.6,209.6,208.96,209.34,4350.0
09:36,209.69,209.8,209.52,209.6,6406.0
09:37,209.57,209.72,209.31,209.72,9650.0
09:38,209.34,209.64,209.34,209.48,3687.0
09:39,209.17,209.44,209.17,209.2,4276.0
09:40,209.31,209.33,209.24,209.33,2788.0
09:41,209.32,209.5,209.32,209.35,5985.0
09:42,209.35,209.35,209.35,209.35,1470.0
09:43,209.74,209.79,209.54,209.65,2993.0
09:44,209.78,209.93,209.78,209.9,5906.0
09:45,209.86,209.95,209.86,209.86,3653.0
09:46,209.99,210.09,209.69,209.79,13733.0
09:47,209.96,210.05,209.93,209.99,9359.0
09:48,209.82,209.99,209.75,209.99,9223.0
09:49,210.15,210.21,209.83,209.83,11224.0
09:50,210.3,210.41,210.16,210.22,14185.0
09:51,210.37,210.37,210.22,210.24,3095.0
09:52,210.2,210.42,210.14,210.27,12351.0
09:53,210.14,210.21,210.12,210.2,3891.0
09:54,209.96,210.11,209.93,210.08,2759.0
09:55,210.23,210.23,209.94,209.95,8252.0
09:56,209.99,210.18,209.99,210.12,7563.0
09:57,209.82,209.92,209.8,209.92,7317.0
09:58,209.71,209.83,209.7,209.83,5773.0
09:59,209.88,209.88,209.73,209.73,6601.0
10:00,209.95,210.06,209.88,209.88,4720.0
10:01,210.02,210.13,209.99,209.99,3594.0
10:02,210.18,210.22,210.03,210.13,5296.0
10:03,210.25,210.29,210.08,210.13,6536.0
10:04,210.3,210.39,210.2,210.21,6805.0
10:05,210.17,210.37,210.01,210.31,12870.0
10:06,209.95,210.24,209.95,210.13,5284.0
10:07,209.87,209.95,209.87,209.95,4232.0
10:08,209.87,209.9,209.81,209.87,5727.0
10:09,209.8,209.88,209.66,209.86,31877.0
10:10,209.86,209.91,209.77,209.81,28357.0
10:11,209.74,209.85,209.74,209.81,5848.0
10:12,209.74,209.76,209.74,209.76,1086.0
10:13,209.74,209.74,209.73,209.73,3426.0
10:14,209.55,209.74,209.55,209.7,8306.0
10:15,209.55,209.64,209.46,209.57,14107.0
10:16,209.65,209.65,209.54,209.56,14609.0
10:17,209.4,209.7,209.39,209.65,9521.0
10:18,209.41,209.48,209.33,209.33,2025.0
10:19,209.49,209.51,209.45,209.47,3714.0
10:20,209.54,209.62,209.48,209.48,3519.0
10:21,209.48,209.6,209.48,209.58,5874.0
10:22,209.45,209.46,209.39,209.44,3462.0
10:23,209.4,209.48,209.35,209.45,3033.0
10:24,209.47,209.5,209.39,209.4,4100.0
10:25,209.34,209.49,209.34,209.49,5679.0
10:26,209.45,209.45,209.33,209.33,3387.0
10:27,209.42,209.44,209.29,209.4,5634.0
10:28,209.44,209.56,209.43,209.48,4927.0
10:29,209.54,209.54,209.48,209.48,4372.0
10:30,209.41,209.51,209.39,209.45,8634.0
10:31,209.29,209.52,209.28,209.41,14589.0
10:32,209.34,209.4,209.32,209.32,8109.0
10:33,209.24,209.37,209.24,209.35,5390.0
10:34,209.3,209.43,209.24,209.24,8376.0
10:35,209.34,209.39,209.23,209.35,15438.0
10:36,209.29,209.35,209.27,209.27,6137.0
10:37,209.17,209.36,209.17,209.29,11736.0
10:38,209.11,209.22,209.11,209.2,6623.0
10:39,209.05,209.12,209.05,209.11,5682.0
10:40,208.96,209.1,208.94,209.04,10903.0
10:41,208.97,209.0,208.97,208.98,3289.0
10:42,208.97,208.97,208.95,208.95,3555.0
10:43,208.98,208.98,208.91,208.98,5491.0
10:44,209.11,209.12,208.98,208.98,6336.0
10:45,209.09,209.1,208.99,209.01,4558.0
10:46,208.99,209.09,208.92,209.08,4820.0
10:47,208.99,209.05,208.98,208.99,4980.0
10:48,209.02,209.05,208.99,208.99,2560.0
10:49,209.26,209.26,209.07,209.09,2940.0
10:50,209.2,209.33,209.19,209.28,4205.0
10:51,209.4,209.4,209.16,209.19,5729.0
10:52,209.41,209.47,209.39,209.41,8682.0
10:53,209.3,209.5,209.28,209.46,8687.0
10:54,209.28,209.35,209.28,209.35,2650.0
10:55,209.16,209.26,209.16,209.23,4226.0
10:56,209.18,209.19,209.15,209.18,2365.0
10:57,209.13,209.19,209.11,209.18,5336.0
10:58,209.15,209.15,209.13,209.13,3533.0
10:59,209.14,209.2,209.11,209.11,5332.0
11:00,209.13,209.25,209.09,209.15,9571.0
11:01,209.1,209.2,209.05,209.13,9408.0
11:02,209.05,209.09,209.01,209.09,5503.0
11:03,209.05,209.11,209.05,209.05,5989.0
11:04,209.19,209.19,209.05,209.05,7140.0
11:05,209.24,209.28,209.17,209.17,6713.0
11:06,209.31,209.34,209.2,209.24,14956.0
11:07,209.49,209.5,209.35,209.37,3806.0
11:08,209.41,209.44,209.39,209.4,3749.0
11:09,209.51,209.52,209.38,209.41,4401.0
11:10,209.35,209.46,209.35,209.44,8370.0
11:11,209.38,209.38,209.38,209.38,2108.0
11:12,209.3,209.42,209.3,209.42,2239.0
11:13,209.26,209.3,209.22,209.3,2675.0
11:14,209.15,209.27,209.15,209.27,3677.0
11:15,208.98,209.17,208.94,209.17,6225.0
11:16,209.0,209.09,208.94,209.01,11578.0
11:17,209.05,209.05,209.0,209.0,2162.0
11:18,209.08,209.1,209.03,209.05,5014.0
11:19,209.16,209.16,209.13,209.16,2401.0
11:20,209.06,209.18,209.06,209.18,3419.0
11:21,208.97,209.08,208.94,209.08,2956.0
11:22,208.82,208.99,208.82,208.93,4919.0
11:23,208.79,208.79,208.79,208.79,1443.0
11:24,208.68,208.79,208.68,208.79,3780.0
11:25,208.65,208.71,208.6,208.68,8754.0
11:26,208.67,208.68,208.62,208.62,4785.0
11:27,208.74,208.77,208.63,208.66,10769.0
11:28,208.74,208.74,208.74,208.74,1601.0
11:29,208.73,208.75,208.59,208.74,9956.0
11:30,208.68,208.73,208.68,208.73,2175.0
11:31,208.7,208.76,208.63,208.76,6370.0
11:32,208.66,208.77,208.63,208.7,6620.0
11:33,208.63,208.72,208.63,208.66,5164.0
11:34,208.67,208.74,208.58,208.62,41863.0
11:35,208.44,208.68,208.44,208.66,9804.0
11:36,208.44,208.45,208.43,208.44,4817.0
11:37,208.37,208.51,208.37,208.38,7503.0
11:38,208.37,208.44,208.37,208.43,8190.0
11:39,208.36,208.51,208.36,208.44,11055.0
11:40,208.41,208.55,208.36,208.43,18162.0
11:41,208.42,208.45,208.4,208.45,6557.0
11:42,208.38,208.43,208.36,208.4,22252.0
11:43,208.49,208.54,208.38,208.43,7630.0
11:44,208.57,208.59,208.52,208.53,5191.0
11:45,208.57,208.6,208.57,208.57,1562.0
11:46,208.7,208.76,208.6,208.62,4155.0
11:47,208.64,208.74,208.64,208.71,3647.0
11:48,208.66,208.69,208.64,208.69,2691.0
11:49,208.63,208.7,208.6,208.7,5007.0
11:50,208.73,208.75,208.63,208.63,2706.0
11:51,208.74,208.74,208.65,208.71,2937.0
11:52,208.74,208.74,208.74,208.74,1030.0
11:53,208.72,208.81,208.67,208.81,2581.0
11:54,208.68,208.74,208.68,208.73,1588.0
11:55,208.68,208.68,208.61,208.65,103972.0
11:56,208.69,208.69,208.68,208.68,866.0
11:57,208.72,208.77,208.69,208.72,1647.0
11:58,208.64,208.71,208.64,208.71,4031.0
11:59,208.71,208.71,208.69,208.71,2403.0
12:00,208.79,208.8,208.73,208.78,2751.0
12:01,208.76,208.76,208.73,208.74,1864.0
12:02,208.79,208.82,208.7,208.76,3604.0
12:03,208.81,208.82,208.8,208.8,1713.0
12:04,208.82,208.82,208.75,208.82,1983.0
12:05,208.82,208.86,208.82,208.82,2833.0
12:06,208.82,208.86,208.82,208.82,1855.0
12:07,208.86,208.88,208.82,208.87,7927.0
12:08,209.0,209.0,208.86,208.86,4136.0
12:09,209.03,209.04,209.02,209.02,1385.0
12:10,209.04,209.05,208.97,209.0,4168.0
12:11,209.17,209.17,209.04,209.05,3799.0
12:12,209.14,209.18,209.12,209.16,3386.0
12:13,209.07,209.18,209.06,209.18,4121.0
12:14,209.09,209.13,209.08,209.08,3726.0
12:15,209.06,209.09,209.01,209.09,4577.0
12:16,209.07,209.07,209.0,209.06,2577.0
12:17,209.04,209.07,209.04,209.07,2074.0
12:18,209.01,209.08,209.01,209.06,3944.0
12:19,209.01,209.01,208.95,209.01,5135.0
12:20,209.01,209.01,209.01,209.01,1607.0
12:21,208.99,209.01,208.9,209.01,7978.0
12:22,208.99,208.99,208.91,208.99,2492.0
12:23,209.0,209.07,208.96,208.99,5560.0
12:24,209.14,209.17,208.99,209.07,10244.0
12:25,209.15,209.2,209.12,209.19,7619.0
12:26,209.2,209.24,209.15,209.19,4779.0
12:27,209.2,209.24,209.15,209.17,8099.0
12:28,209.23,209.26,209.19,209.2,8140.0
12:29,209.24,209.24,209.19,209.24,2649.0
12:30,209.15,209.24,209.09,209.2,5165.0
12:31,209.15,209.21,209.1,209.12,5674.0
12:32,208.96,209.15,208.96,209.11,2810.0
12:33,208.95,208.95,208.93,208.95,1566.0
12:34,208.95,208.95,208.95,208.95,1663.0
12:35,209.09,209.09,208.87,208.93,4537.0
12:36,209.04,209.09,208.95,208.95,2965.0
12:37,209.06,209.06,208.99,209.04,2742.0
12:38,209.07,209.15,209.06,209.07,1563.0
12:39,209.11,209.12,209.06,209.07,4684.0
12:40,208.94,209.17,208.94,209.11,20636.0
12:41,208.91,208.93,208.85,208.93,3322.0
12:42,208.91,208.93,208.91,208.93,1446.0
12:43,208.8,208.91,208.78,208.91,3320.0
12:44,208.8,208.8,208.72,208.72,3983.0
12:45,208.84,208.87,208.74,208.8,6950.0
12:46,208.74,208.84,208.71,208.84,2793.0
12:47,208.74,208.78,208.74,208.74,1792.0
12:48,208.78,208.8,208.71,208.79,7112.0
12:49,208.82,208.82,208.72,208.78,5209.0
12:50,208.91,208.92,208.76,208.82,4178.0
12:51,208.91,208.98,208.89,208.98,1806.0
12:52,208.93,208.94,208.88,208.91,2119.0
12:53,208.95,208.99,208.92,208.92,3980.0
12:54,208.89,208.96,208.89,208.96,1937.0
12:55,208.79,209.04,208.79,208.96,6278.0
12:56,208.84,208.88,208.79,208.88,5219.0
12:57,208.72,208.87,208.72,208.84,23710.0
12:58,208.75,208.75,208.7,208.7,1829.0
12:59,208.68,208.75,208.63,208.73,21981.0
13:00,208.47,208.67,208.47,208.67,9166.0
13:01,208.47,208.47,208.42,208.47,2808.0
13:02,208.47,208.53,208.45,208.48,10683.0
13:03,208.49,208.57,208.46,208.47,3286.0
13:04,208.56,208.6,208.49,208.49,14922.0
13:05,208.62,208.62,208.53,208.6,3263.0
13:06,208.62,208.62,208.59,208.62,2262.0
13:07,208.62,208.65,208.62,208.62,1770.0
13:08,208.62,208.63,208.62,208.62,5071.0
13:09,208.58,208.66,208.58,208.62,2769.0
13:10,208.58,208.65,208.58,208.64,5404.0
13:11,208.5,208.6,208.49,208.6,6850.0
13:12,208.45,208.51,208.45,208.51,5533.0
13:13,208.48,208.48,208.44,208.47,3119.0
13:14,208.48,208.48,208.45,208.48,1889.0
13:15,208.48,208.48,208.44,208.48,3818.0
13:16,208.46,208.49,208.43,208.48,5224.0
13:17,208.44,208.46,208.41,208.46,6085.0
13:18,208.57,208.57,208.4,208.45,17859.0
13:19,208.54,208.6,208.54,208.57,8222.0
13:20,208.59,208.59,208.53,208.54,12739.0
13:21,208.52,208.59,208.52,208.58,3716.0
13:22,208.46,208.49,208.46,208.49,2229.0
13:23,208.51,208.51,208.51,208.51,1782.0
13:24,208.46,208.51,208.46,208.51,3337.0
13:25,208.46,208.46,208.43,208.43,2253.0
13:26,208.38,208.44,208.33,208.43,8687.0
13:27,208.41,208.48,208.39,208.39,8462.0
13:28,208.4,208.44,208.38,208.44,2926.0
13:29,208.38,208.4,208.36,208.4,1773.0
13:30,208.35,208.38,208.33,208.38,6183.0
13:31,208.35,208.35,208.32,208.35,2505.0
13:32,208.34,208.36,208.34,208.35,5977.0
13:33,208.37,208.37,208.33,208.36,3461.0
13:34,208.25,208.37,208.25,208.37,5072.0
13:35,208.27,208.29,208.22,208.25,12015.0
13:36,208.13,208.29,208.13,208.29,6432.0
13:37,208.04,208.14,208.04,208.14,4735.0
13:38,208.03,208.07,208.03,208.05,1730.0
13:39,207.98,208.07,207.98,208.07,3558.0
13:40,208.05,208.05,207.99,207.99,8982.0
13:41,208.03,208.05,208.02,208.05,3027.0
13:42,208.01,208.04,208.01,208.04,2527.0
13:43,208.04,208.05,208.01,208.03,4314.0
13:44,207.99,208.04,207.98,208.04,4387.0
13:45,207.96,207.97,207.9,207.93,12841.0
13:46,207.99,208.02,207.94,207.99,10713.0
13:47,207.88,208.04,207.88,207.99,6018.0
13:48,207.88,207.91,207.87,207.88,2765.0
13:49,208.05,208.05,207.88,207.88,14374.0
13:50,208.06,208.1,208.06,208.08,1717.0
13:51,208.06,208.08,208.04,208.08,3599.0
13:52,208.11,208.14,208.04,208.06,10665.0
13:53,208.12,208.12,208.11,208.11,725.0
13:54,208.12,208.13,208.1,208.12,3770.0
13:55,208.09,208.12,208.09,208.12,3805.0
13:56,208.11,208.14,208.1,208.11,5115.0
13:57,208.15,208.15,208.12,208.12,4220.0
13:58,208.18,208.18,208.15,208.15,4286.0
13:59,208.19,208.19,208.17,208.17,1070.0
14:00,208.24,208.25,208.21,208.22,2874.0
14:01,208.16,208.24,208.16,208.24,3221.0
14:02,208.14,208.18,208.13,208.17,3545.0
14:03,208.11,208.17,208.11,208.16,3019.0
14:04,208.1,208.14,208.1,208.12,4304.0
14:05,208.23,208.24,208.11,208.11,5677.0
14:06,208.22,208.28,208.22,208.22,2367.0
14:07,208.18,208.22,208.18,208.2,1198.0
14:08,208.26,208.26,208.22,208.22,879.0
14:09,208.18,208.23,208.18,208.23,2521.0
14:10,208.18,208.2,208.17,208.17,3248.0
14:11,208.16,208.17,208.14,208.17,4143.0
14:12,208.16,208.16,208.13,208.16,4046.0
14:13,208.09,208.11,208.08,208.09,1816.0
14:14,208.1,208.16,208.07,208.09,4794.0
14:15,208.03,208.14,208.03,208.1,3017.0
14:16,208.11,208.11,208.03,208.03,5982.0
14:17,208.09,208.09,208.05,208.09,4439.0
14:18,208.04,208.06,208.01,208.06,2732.0
14:19,207.99,208.07,207.99,208.07,2686.0
14:20,208.02,208.02,207.98,207.99,4263.0
14:21,208.06,208.07,208.01,208.01,3823.0
14:22,208.1,208.1,208.03,208.03,3338.0
14:23,208.15,208.19,208.1,208.12,5652.0
14:24,208.2,208.2,208.17,208.18,2831.0
14:25,208.19,208.26,208.19,208.19,3773.0
14:26,208.25,208.28,208.21,208.21,8900.0
14:27,208.3,208.3,208.26,208.29,4190.0
14:28,208.3,208.32,208.29,208.3,3611.0
14:29,208.35,208.35,208.26,208.28,10449.0
14:30,208.35,208.36,208.33,208.34,2878.0
14:31,208.32,208.35,208.26,208.35,8571.0
14:32,208.36,208.36,208.29,208.32,4514.0
14:33,208.41,208.41,208.37,208.38,3799.0
14:34,208.39,208.41,208.39,208.41,930.0
14:35,208.38,208.43,208.36,208.43,6101.0
14:36,208.41,208.43,208.35,208.38,6875.0
14:37,208.33,208.4,208.3,208.4,13374.0
14:38,208.32,208.37,208.3,208.37,2085.0
14:39,208.3,208.36,208.3,208.32,4688.0
14:40,208.3,208.32,208.3,208.32,1611.0
14:41,208.28,208.3,208.28,208.3,1750.0
14:42,208.18,208.27,208.18,208.27,5512.0
14:43,208.2,208.2,208.14,208.15,5100.0
14:44,208.23,208.26,208.2,208.2,3179.0
14:45,208.3,208.3,208.23,208.23,5916.0
14:46,208.27,208.31,208.26,208.28,2616.0
14:47,208.24,208.27,208.23,208.27,6843.0
14:48,208.24,208.31,208.23,208.27,7753.0
14:49,208.3,208.34,208.25,208.26,6892.0
14:50,208.32,208.32,208.28,208.28,2602.0
14:51,208.29,208.31,208.28,208.28,3045.0
14:52,208.25,208.3,208.25,208.3,5145.0
14:53,208.28,208.29,208.25,208.25,3136.0
14:54,208.29,208.31,208.27,208.29,3186.0
14:55,208.21,208.27,208.21,208.26,4496.0
14:56,208.21,208.24,208.17,208.24,1880.0
14:57,208.21,208.22,208.21,208.21,2329.0
14:58,208.18,208.21,208.17,208.21,1927.0
14:59,208.27,208.29,208.21,208.21,4871.0
15:00,208.29,208.33,208.25,208.27,5360.0
15:01,208.28,208.31,208.28,208.3,2361.0
15:02,208.31,208.31,208.28,208.3,3039.0
15:03,208.31,208.34,208.3,208.31,4771.0
15:04,208.3,208.33,208.27,208.32,4932.0
15:05,208.27,208.3,208.27,208.3,2148.0
15:06,208.29,208.32,208.29,208.3,2865.0
15:07,208.37,208.37,208.32,208.32,6016.0
15:08,208.37,208.38,208.35,208.37,2806.0
15:09,208.39,208.4,208.34,208.35,4971.0
15:10,208.37,208.4,208.35,208.4,4321.0
15:11,208.34,208.36,208.33,208.34,5383.0
15:12,208.31,208.38,208.31,208.33,4515.0
15:13,208.22,208.31,208.22,208.3,6095.0
15:14,208.25,208.26,208.2,208.21,11626.0
15:15,208.27,208.3,208.25,208.25,4957.0
15:16,208.3,208.33,208.28,208.29,3301.0
15:17,208.47,208.52,208.3,208.33,6485.0
15:18,208.48,208.5,208.46,208.46,2004.0
15:19,208.38,208.51,208.37,208.49,7506.0
15:20,208.26,208.4,208.26,208.37,3870.0
15:21,208.2,208.26,208.2,208.24,6187.0
15:22,208.13,208.21,208.12,208.2,10414.0
15:23,208.15,208.16,208.13,208.13,6135.0
15:24,208.21,208.23,208.14,208.16,8118.0
15:25,208.2,208.2,208.16,208.18,4438.0
15:26,208.18,208.23,208.18,208.2,1886.0
15:27,208.15,208.22,208.14,208.22,6514.0
15:28,208.17,208.19,208.14,208.14,4997.0
15:29,208.09,208.17,208.09,208.17,5622.0
15:30,208.12,208.17,208.11,208.13,7164.0
15:31,208.12,208.17,208.11,208.17,5389.0
15:32,208.07,208.13,208.07,208.13,5262.0
15:33,208.07,208.09,208.07,208.08,3542.0
15:34,208.12,208.12,208.07,208.09,7949.0
15:35,208.08,208.12,208.06,208.09,4993.0
15:36,207.9,208.08,207.9,208.07,9197.0
15:37,207.87,207.92,207.85,207.92,17155.0
15:38,207.96,207.96,207.81,207.87,12350.0
15:39,207.97,208.05,207.97,207.98,6241.0
15:40,208.02,208.02,207.98,207.99,4417.0
15:41,208.1,208.14,207.99,208.02,7129.0
15:42,208.13,208.13,208.07,208.12,5624.0
15:43,208.13,208.15,208.07,208.15,7513.0
15:44,208.21,208.23,208.09,208.12,7214.0
15:45,208.11,208.11,208.09,208.09,6776.0
15:46,208.15,208.19,208.11,208.11,7308.0
15:47,208.16,208.21,208.16,208.18,5783.0
15:48,208.2,208.21,208.16,208.16,6922.0
15:49,208.02,208.18,207.99,208.18,10204.0
15:50,208.24,208.24,208.03,208.03,14441.0
15:51,208.37,208.37,208.27,208.27,12728.0
15:52,208.35,208.38,208.32,208.37,8193.0
15:53,208.33,208.42,208.33,208.35,16189.0
15:54,208.37,208.37,208.31,208.33,14289.0
15:55,208.54,208.55,208.37,208.37,22812.0
15:56,208.52,208.59,208.49,208.54,22257.0
15:57,208.42,208.54,208.4,208.51,29089.0
15:58,208.23,208.46,208.21,208.44,42690.0
15:59,208.04,208.26,208.03,208.24,103401.0
