Time,Close,High,Low,Open,Volume
09:30,191.64,192.53,191.5,192.42,1271109.0
09:31,190.71,192.09,190.7,191.62,297210.0
09:32,190.8,190.92,190.49,190.71,182451.0
09:33,190.65,190.85,190.64,190.76,194879.0
09:34,191.21,191.29,190.6,190.63,158877.0
09:35,191.33,191.38,191.09,191.21,129079.0
09:36,191.13,191.45,190.98,191.35,117231.0
09:37,191.06,191.14,191.04,191.07,141394.0
09:38,190.8,191.03,190.76,191.02,153383.0
09:39,190.56,191.07,190.52,190.79,149918.0
09:40,190.66,190.88,190.48,190.59,148085.0
09:41,190.75,190.88,190.57,190.68,108223.0
09:42,190.91,191.09,190.71,190.74,92738.0
09:43,190.24,190.97,190.22,190.97,104890.0
09:44,190.38,190.54,190.21,190.23,100466.0
09:45,190.04,190.04,190.04,190.04,149414.0
09:46,189.6,190.04,189.58,189.98,138849.0
09:47,189.6,189.85,189.5,189.6,146414.0
09:48,189.32,189.76,189.27,189.59,102763.0
09:49,189.31,189.49,189.16,189.33,147343.0
09:50,189.01,189.6,188.8,189.31,302433.0
09:51,188.81,189.01,188.78,189.01,139807.0
09:52,188.71,188.87,188.62,188.81,127197.0
09:53,188.76,188.89,188.57,188.71,123261.0
09:54,188.74,188.84,188.49,188.68,113616.0
09:55,189.08,189.08,188.64,188.72,86140.0
09:56,189.41,189.42,188.95,189.06,126342.0
09:57,189.28,189.6,189.25,189.42,120416.0
09:58,189.56,189.63,189.26,189.29,91247.0
09:59,189.76,189.8,189.45,189.56,109845.0
10:00,189.49,189.74,189.33,189.74,109048.0
10:01,189.39,189.5,189.23,189.5,56523.0
10:02,189.4,189.6,189.36,189.36,68843.0
10:03,189.4,189.48,189.24,189.42,90508.0
10:04,189.44,189.45,189.14,189.18,160412.0
10:05,189.72,189.75,189.44,189.45,68152.0
10:06,189.71,189.75,189.51,189.72,58982.0
10:07,190.11,190.32,189.71,189.72,100246.0
10:08,189.79,190.12,189.78,190.12,71018.0
10:09,189.95,190.06,189.78,189.79,57907.0
10:10,189.6,190.05,189.59,189.93,71353.0
10:11,189.6,189.74,189.57,189.6,54387.0
10:12,189.58,189.84,189.55,189.61,69652.0
10:13,189.85,189.9,189.55,189.58,54044.0
10:14,190.04,190.08,189.85,189.85,59842.0
10:15,190.41,190.47,190.06,190.07,83310.0
10:16,190.38,190.45,190.34,190.42,76084.0
10:17,190.42,190.47,190.33,190.35,71477.0
10:18,190.37,190.49,190.34,190.4,67928.0
10:19,190.4,190.54,190.36,190.38,47527.0
10:20,190.43,190.47,190.36,190.4,58761.0
10:21,190.41,190.47,190.35,190.4,49772.0
10:22,190.45,190.46,190.36,190.4,59900.0
10:23,190.44,190.5,190.34,190.45,60967.0
10:24,189.98,190.45,189.96,190.42,97509.0
10:25,189.93,190.01,189.87,189.96,57594.0
10:26,189.96,190.05,189.81,189.92,50162.0
10:27,190.13,190.14,189.95,189.98,54102.0
10:28,189.94,190.14,189.9,190.12,33480.0
10:29,189.96,189.98,189.88,189.94,27490.0
10:30,190.16,190.17,189.9,189.94,40015.0
10:31,190.3,190.35,190.16,190.16,41899.0
10:32,190.25,190.35,190.21,190.29,35302.0
10:33,190.28,190.31,190.23,190.25,24947.0
10:34,190.36,190.44,190.27,190.29,71179.0
10:35,190.54,190.55,190.33,190.37,35699.0
10:36,190.46,190.58,190.43,190.54,39911.0
10:37,190.53,190.65,190.45,190.45,57229.0
10:38,190.5,190.57,190.43,190.47,89874.0
10:39,190.47,190.5,190.41,190.49,122520.0
10:40,190.5,190.5,190.36,190.44,72476.0
10:41,190.62,190.64,190.46,190.49,54214.0
10:42,190.62,190.62,190.53,190.62,51051.0
10:43,190.62,190.66,190.52,190.64,40653.0
10:44,190.55,190.65,190.54,190.57,26205.0
10:45,190.72,190.72,190.53,190.56,40434.0
10:46,190.66,190.86,190.64,190.73,42065.0
10:47,190.59,190.68,190.52,190.65,48152.0
10:48,190.26,190.65,190.23,190.59,93944.0
10:49,190.57,190.62,190.23,190.26,73787.0
10:50,190.18,190.57,190.17,190.53,111347.0
10:51,190.14,190.18,190.09,190.18,44008.0
10:52,190.27,190.28,190.12,190.15,35112.0
10:53,190.33,190.39,190.24,190.27,39960.0
10:54,190.33,190.35,190.25,190.33,41020.0
10:55,190.52,190.54,190.29,190.32,31717.0
10:56,190.48,190.64,190.48,190.51,31910.0
10:57,190.65,190.66,190.49,190.49,24157.0
10:58,190.72,190.77,190.65,190.66,49898.0
10:59,190.73,190.73,190.62,190.71,48114.0
11:00,190.7,190.79,190.63,190.73,35698.0
11:01,190.57,190.71,190.57,190.69,32908.0
11:02,190.41,190.6,190.4,190.59,23974.0
11:03,190.34,190.45,190.29,190.42,31656.0
11:04,190.32,190.38,190.28,190.35,19284.0
11:05,190.31,190.34,190.28,190.32,29565.0
11:06,190.29,190.37,190.27,190.3,31489.0
11:07,190.36,190.36,190.27,190.3,24927.0
11:08,190.16,190.17,190.1,190.16,52215.0
11:09,190.13,190.16,190.09,190.12,22800.0
11:10,190.05,190.15,189.98,190.15,64608.0
11:11,189.99,190.11,189.98,190.05,30366.0
11:12,190.13,190.13,189.92,189.98,47434.0
11:13,190.17,190.22,190.11,190.14,32742.0
11:14,190.13,190.26,190.13,190.19,30851.0
11:15,190.01,190.15,190.01,190.14,24028.0
11:16,189.92,190.02,189.89,190.01,29496.0
11:17,190.11,190.11,189.9,189.91,34850.0
11:18,190.23,190.28,190.07,190.09,19169.0
11:19,190.13,190.28,190.13,190.24,38313.0
11:20,190.04,190.22,190.01,190.13,27415.0
11:21,189.9,190.04,189.84,190.03,50434.0
11:22,189.89,189.95,189.87,189.91,31477.0
11:23,189.94,190.01,189.9,189.92,29938.0
11:24,189.95,189.95,189.89,189.94,22037.0
11:25,190.08,190.09,189.94,189.95,24616.0
11:26,190.09,190.13,190.06,190.07,21808.0
11:27,190.11,190.13,190.03,190.07,23276.0
11:28,190.22,190.28,190.11,190.11,35736.0
11:29,190.15,190.23,190.08,190.23,26865.0
11:30,190.24,190.25,190.15,190.15,31211.0
11:31,190.25,190.3,190.17,190.25,31729.0
11:32,190.33,190.35,190.25,190.25,22368.0
11:33,190.41,190.41,190.24,190.33,23192.0
11:34,190.56,190.59,190.42,190.42,22127.0
11:35,190.44,190.59,190.44,190.56,22267.0
11:36,190.4,190.46,190.33,190.43,42636.0
11:37,190.57,190.58,190.39,190.4,52002.0
11:38,190.51,190.58,190.47,190.58,31262.0
11:39,190.45,190.5,190.44,190.49,21439.0
11:40,190.6,190.61,190.43,190.45,43213.0
11:41,190.53,190.65,190.5,190.62,31375.0
11:42,190.56,190.61,190.53,190.55,21672.0
11:43,190.39,190.61,190.36,190.57,36675.0
11:44,190.52,190.56,190.37,190.38,20307.0
11:45,190.67,190.67,190.49,190.53,17787.0
11:46,190.62,190.71,190.6,190.69,17482.0
11:47,190.65,190.68,190.57,190.61,20840.0
11:48,190.52,190.66,190.52,190.66,21723.0
11:49,190.53,190.61,190.5,190.52,33272.0
11:50,190.58,190.63,190.44,190.5,93244.0
11:51,190.54,190.65,190.47,190.58,28643.0
11:52,190.51,190.55,190.43,190.54,34086.0
11:53,190.63,190.63,190.49,190.51,27279.0
11:54,190.55,190.65,190.53,190.63,30978.0
11:55,190.53,190.58,190.49,190.54,38381.0
11:56,190.31,190.54,190.28,190.53,43731.0
11:57,190.66,190.66,190.31,190.32,72125.0
11:58,190.6,190.74,190.57,190.65,43852.0
11:59,190.58,190.61,190.56,190.6,24501.0
12:00,190.64,190.65,190.57,190.59,26093.0
12:01,190.8,190.8,190.65,190.65,47971.0
12:02,190.83,190.83,190.67,190.69,51916.0
12:03,190.85,190.86,190.69,190.74,55860.0
12:04,190.93,190.96,190.83,190.84,34776.0
12:05,190.94,191.0,190.89,190.95,46524.0
12:06,190.77,190.92,190.73,190.92,38362.0
12:07,190.75,190.85,190.72,190.75,26426.0
12:08,190.85,190.85,190.74,190.74,19916.0
12:09,190.8,190.9,190.8,190.85,13740.0
12:10,190.73,190.82,190.71,190.79,19044.0
12:11,190.7,190.76,190.7,190.74,17650.0
12:12,190.74,190.79,190.71,190.71,15333.0
12:13,190.95,190.98,190.7,190.76,31042.0
12:14,190.92,190.98,190.87,190.98,22793.0
12:15,191.02,191.02,190.89,190.91,26146.0
12:16,191.13,191.17,191.03,191.03,42531.0
12:17,191.24,191.26,191.09,191.15,33651.0
12:18,191.2,191.28,191.18,191.24,39852.0
12:19,191.24,191.25,191.16,191.2,44450.0
12:20,190.84,191.34,190.1,191.25,621643.0
12:21,191.21,191.56,190.86,190.86,454797.0
12:22,190.96,191.31,190.89,191.21,113788.0
12:23,190.88,191.04,190.8,190.98,69747.0
12:24,190.74,190.88,190.59,190.88,60295.0
12:25,190.74,190.76,190.64,190.74,32152.0
12:26,190.68,190.68,190.57,190.66,27976.0
12:27,190.49,190.72,190.47,190.66,37503.0
12:28,190.56,190.61,190.38,190.41,31046.0
12:29,190.57,190.64,190.54,190.57,30531.0
12:30,190.73,190.74,190.52,190.57,29161.0
12:31,190.85,190.87,190.66,190.72,24384.0
12:32,190.86,190.88,190.82,190.84,18652.0
12:33,190.86,190.89,190.82,190.87,20337.0
12:34,190.96,190.96,190.87,190.87,22652.0
12:35,191.09,191.15,190.93,190.93,39909.0
12:36,191.18,191.18,191.03,191.08,36887.0
12:37,191.19,191.3,191.14,191.19,45270.0
12:38,191.28,191.28,191.14,191.17,42208.0
12:39,191.45,191.45,191.27,191.29,60387.0
12:40,191.21,191.5,191.2,191.45,50623.0
12:41,191.12,191.2,191.04,191.2,30490.0
12:42,191.1,191.12,191.0,191.09,25857.0
12:43,191.03,191.12,191.01,191.1,22381.0
12:44,191.15,191.15,191.04,191.04,36075.0
12:45,191.01,191.16,191.0,191.13,29902.0
12:46,191.02,191.04,190.93,190.99,15957.0
12:47,191.07,191.09,191.02,191.02,17445.0
12:48,191.09,191.15,191.08,191.08,25575.0
12:49,191.19,191.19,191.09,191.1,24338.0
12:50,191.17,191.2,191.12,191.19,33560.0
12:51,191.34,191.34,191.15,191.18,43609.0
12:52,191.44,191.5,191.35,191.35,42991.0
12:53,191.49,191.5,191.38,191.43,26426.0
12:54,191.46,191.52,191.46,191.5,28052.0
12:55,191.36,191.47,191.34,191.46,22954.0
12:56,191.45,191.48,191.37,191.37,25070.0
12:57,191.51,191.53,191.46,191.46,20555.0
12:58,191.44,191.51,191.41,191.5,33045.0
12:59,191.38,191.47,191.35,191.46,20283.0
13:00,191.33,191.41,191.33,191.37,13783.0
13:01,191.48,191.49,191.34,191.34,670709.0
13:02,191.45,191.5,191.42,191.49,15529.0
13:03,191.62,191.62,191.43,191.46,43242.0
13:04,191.65,191.74,191.52,191.62,53776.0
13:05,191.64,191.7,191.62,191.65,20850.0
13:06,191.71,191.72,191.63,191.64,25947.0
13:07,191.57,191.71,191.57,191.7,19877.0
13:08,191.62,191.64,191.54,191.59,21739.0
13:09,191.6,191.69,191.6,191.62,20024.0
13:10,191.53,191.62,191.47,191.61,26432.0
13:11,191.49,191.57,191.49,191.53,13347.0
13:12,191.46,191.49,191.43,191.49,14883.0
13:13,191.61,191.61,191.46,191.46,26746.0
13:14,191.64,191.66,191.61,191.61,23528.0
13:15,191.73,191.77,191.64,191.64,28660.0
13:16,191.7,191.77,191.7,191.75,14676.0
13:17,191.71,191.76,191.68,191.72,22356.0
13:18,191.76,191.78,191.71,191.71,23497.0
13:19,191.74,191.8,191.72,191.76,23814.0
13:20,191.76,191.82,191.73,191.74,24035.0
13:21,191.82,191.82,191.75,191.78,29811.0
13:22,191.85,191.89,191.77,191.83,36542.0
13:23,191.84,191.9,191.82,191.86,27871.0
13:24,191.92,191.93,191.84,191.84,32953.0
13:25,192.02,192.04,191.91,191.91,71431.0
13:26,192.07,192.07,192.01,192.03,35856.0
13:27,192.06,192.1,191.99,192.07,38560.0
13:28,192.08,192.16,192.04,192.06,47408.0
13:29,192.06,192.09,192.04,192.09,16107.0
13:30,192.03,192.09,191.95,192.05,44854.0
13:31,191.93,192.07,191.92,192.06,21970.0
13:32,191.83,191.95,191.83,191.93,26233.0
13:33,191.77,191.86,191.76,191.83,34832.0
13:34,191.76,191.79,191.69,191.76,30934.0
13:35,191.77,191.86,191.75,191.78,25980.0
13:36,191.79,191.87,191.77,191.78,20230.0
13:37,191.83,191.88,191.76,191.76,15981.0
13:38,191.74,191.82,191.74,191.82,21797.0
13:39,191.77,191.77,191.68,191.72,20717.0
13:40,191.73,191.77,191.67,191.77,21944.0
13:41,191.64,191.7,191.63,191.7,29313.0
13:42,191.65,191.67,191.61,191.61,9572.0
13:43,191.68,191.7,191.64,191.65,21217.0
13:44,191.67,191.7,191.67,191.69,15781.0
13:45,191.68,191.68,191.63,191.67,21859.0
13:46,191.64,191.72,191.64,191.68,27329.0
13:47,191.62,191.65,191.54,191.65,35074.0
13:48,191.56,191.62,191.54,191.62,15142.0
13:49,191.58,191.63,191.54,191.57,16194.0
13:50,191.55,191.58,191.48,191.57,37779.0
13:51,191.57,191.61,191.53,191.55,21594.0
13:52,191.59,191.59,191.54,191.58,14196.0
13:53,191.7,191.73,191.61,191.61,21231.0
13:54,191.68,191.7,191.66,191.69,14282.0
13:55,191.71,191.72,191.66,191.68,23743.0
13:56,191.74,191.74,191.66,191.66,33204.0
13:57,191.72,191.76,191.71,191.75,16014.0
13:58,191.69,191.75,191.69,191.71,22369.0
13:59,191.71,191.72,191.69,191.69,12718.0
14:00,191.82,191.82,191.7,191.7,22799.0
14:01,191.86,191.89,191.82,191.83,27281.0
14:02,191.93,191.93,191.85,191.85,23232.0
14:03,191.96,191.98,191.93,191.93,18903.0
14:04,191.91,191.97,191.88,191.95,25356.0
14:05,191.96,191.98,191.9,191.91,25397.0
14:06,192.0,192.07,191.96,191.97,35895.0
14:07,192.01,192.02,191.98,192.0,26119.0
14:08,191.96,192.01,191.93,192.0,18005.0
14:09,192.01,192.03,191.96,191.96,22229.0
14:10,191.94,192.01,191.94,192.01,14352.0
14:11,192.05,192.05,191.93,191.95,27678.0
14:12,191.98,192.02,191.96,192.02,23328.0
14:13,191.79,192.04,191.77,192.0,67146.0
14:14,191.71,191.79,191.69,191.79,59523.0
14:15,191.62,191.71,191.62,191.71,39780.0
14:16,191.59,191.64,191.55,191.62,77190.0
14:17,191.36,191.59,191.36,191.58,83561.0
14:18,191.51,191.51,191.19,191.33,55965.0
14:19,191.54,191.54,191.46,191.51,19186.0
14:20,191.63,191.66,191.51,191.52,53618.0
14:21,191.67,191.67,191.63,191.63,30583.0
14:22,191.69,191.72,191.63,191.68,27042.0
14:23,191.79,191.8,191.66,191.67,38071.0
14:24,191.89,191.91,191.73,191.79,62930.0
14:25,191.99,192.06,191.86,191.89,74627.0
14:26,191.89,192.06,191.89,191.98,56679.0
14:27,191.9,191.93,191.85,191.86,26875.0
14:28,191.82,191.91,191.74,191.9,37344.0
14:29,191.73,191.84,191.7,191.84,31678.0
14:30,191.69,191.77,191.68,191.72,43664.0
14:31,191.79,191.82,191.68,191.69,35400.0
14:32,191.83,191.83,191.72,191.79,27951.0
14:33,192.04,192.04,191.82,191.82,43708.0
14:34,191.99,192.07,191.98,192.02,43627.0
14:35,192.22,192.23,192.01,192.01,44547.0
14:36,192.27,192.38,192.21,192.22,113451.0
14:37,192.31,192.34,192.23,192.27,60676.0
14:38,192.28,192.31,192.21,192.31,31656.0
14:39,192.31,192.34,192.23,192.29,39358.0
14:40,192.21,192.33,192.2,192.28,27232.0
14:41,192.06,192.23,192.05,192.2,62382.0
14:42,192.1,192.11,192.01,192.07,33077.0
14:43,192.01,192.1,192.01,192.09,37345.0
14:44,192.07,192.1,192.01,192.01,36449.0
14:45,192.0,192.08,191.96,192.06,34236.0
14:46,192.03,192.09,191.99,192.01,41680.0
14:47,192.05,192.05,192.0,192.04,25744.0
14:48,192.15,192.15,192.02,192.04,41045.0
14:49,192.14,192.2,192.1,192.16,26363.0
14:50,192.15,192.16,192.05,192.12,42645.0
14:51,192.21,192.27,192.15,192.16,51006.0
14:52,192.36,192.38,192.18,192.21,45414.0
14:53,192.45,192.5,192.37,192.38,86986.0
14:54,192.47,192.5,192.38,192.45,65975.0
14:55,192.48,192.51,192.44,192.47,45421.0
14:56,192.46,192.53,192.43,192.5,75781.0
14:57,192.36,192.47,192.36,192.45,35028.0
14:58,192.27,192.36,192.23,192.36,44478.0
14:59,192.32,192.33,192.23,192.27,44786.0
15:00,192.27,192.37,192.24,192.32,48632.0
15:01,192.25,192.29,192.17,192.26,32676.0
15:02,192.16,192.26,192.15,192.26,31669.0
15:03,192.14,192.18,192.13,192.17,33317.0
15:04,192.16,192.17,192.09,192.13,35756.0
15:05,192.21,192.24,192.1,192.15,47069.0
15:06,192.25,192.28,192.19,192.21,27720.0
15:07,192.29,192.31,192.22,192.24,30619.0
15:08,192.42,192.43,192.26,192.29,49246.0
15:09,192.44,192.51,192.41,192.43,95720.0
15:10,192.37,192.47,192.35,192.44,47844.0
15:11,192.18,192.37,192.18,192.36,56354.0
15:12,192.23,192.23,192.12,192.18,44223.0
15:13,192.12,192.23,192.06,192.23,56913.0
15:14,191.94,192.12,191.92,192.12,47632.0
15:15,192.03,192.04,191.9,191.92,56445.0
15:16,192.08,192.09,192.02,192.03,36723.0
15:17,192.13,192.16,192.08,192.08,31830.0
15:18,192.17,192.17,192.1,192.14,25375.0
15:19,192.12,192.18,192.08,192.17,36747.0
15:20,192.14,192.15,192.07,192.13,49188.0
15:21,192.2,192.2,192.1,192.13,37366.0
15:22,192.31,192.32,192.17,192.19,28363.0
15:23,192.36,192.41,192.31,192.31,31043.0
15:24,192.34,192.36,192.31,192.36,25055.0
15:25,192.34,192.34,192.26,192.32,33431.0
15:26,192.36,192.45,192.34,192.34,81027.0
15:27,192.29,192.38,192.29,192.35,56171.0
15:28,192.28,192.35,192.27,192.31,40267.0
15:29,192.21,192.32,192.15,192.29,67188.0
15:30,192.14,192.22,192.07,192.2,59240.0
15:31,192.34,192.35,192.14,192.14,72314.0
15:32,192.3,192.37,192.28,192.34,48504.0
15:33,192.39,192.4,192.25,192.29,52924.0
15:34,192.32,192.44,192.32,192.39,56311.0
15:35,192.35,192.38,192.22,192.33,62082.0
15:36,192.3,192.39,192.3,192.35,45730.0
15:37,192.28,192.35,192.19,192.31,92797.0
15:38,192.43,192.48,192.28,192.28,53514.0
15:39,192.32,192.45,192.31,192.45,53598.0
15:40,192.37,192.39,192.3,192.3,54278.0
15:41,192.44,192.5,192.37,192.37,88476.0
15:42,192.29,192.44,192.2,192.44,91517.0
15:43,192.18,192.29,192.14,192.29,44964.0
15:44,192.29,192.31,192.16,192.2,53090.0
15:45,192.16,192.32,192.13,192.29,45526.0
15:46,192.29,192.29,192.14,192.17,47475.0
15:47,192.31,192.35,192.27,192.29,48218.0
15:48,192.36,192.37,192.22,192.29,36060.0
15:49,192.32,192.4,192.32,192.37,37073.0
15:50,192.38,192.42,192.3,192.31,90198.0
15:51,192.24,192.45,192.24,192.38,77220.0
15:52,192.34,192.35,192.23,192.25,62306.0
15:53,192.42,192.5,192.3,192.32,140182.0
15:54,192.39,192.47,192.14,192.41,210242.0
15:55,192.23,192.37,192.02,192.37,265202.0
15:56,192.21,192.22,192.13,192.22,112708.0
15:57,192.26,192.34,192.18,192.2,143283.0
15:58,192.32,192.36,192.23,192.25,233471.0
15:59,192.12,192.35,192.05,192.31,419756.0
