Time,Close,High,Low,Open,Volume
09:30,195.1,196.83,195.05,195.1,909829.0
09:31,193.09,195.11,192.9,195.11,558979.0
09:32,193.3,193.64,193.3,193.63,381632.0
09:33,193.81,193.81,193.14,193.28,292551.0
09:34,193.38,193.89,193.2,193.79,285162.0
09:35,192.99,193.4,192.92,193.36,312077.0
09:36,193.65,193.71,192.81,192.99,224512.0
09:37,194.18,194.2,193.43,193.65,213749.0
09:38,194.59,194.65,194.12,194.12,246004.0
09:39,194.95,195.0,194.57,194.58,223551.0
09:40,194.85,195.02,194.73,194.96,132077.0
09:41,194.72,195.11,194.72,194.88,143620.0
09:42,194.29,194.72,194.13,194.72,144917.0
09:43,193.96,194.39,193.83,194.27,227350.0
09:44,194.18,194.38,193.84,193.96,213171.0
09:45,194.04,194.41,193.65,194.19,232654.0
09:46,194.45,194.86,194.0,194.04,148232.0
09:47,194.57,194.6,194.37,194.45,69064.0
09:48,194.78,194.9,194.57,194.59,114372.0
09:49,194.47,194.89,194.41,194.82,79101.0
09:50,193.91,194.52,193.91,194.49,172831.0
09:51,193.72,193.93,193.46,193.92,88684.0
09:52,193.68,194.07,193.62,193.74,77990.0
09:53,193.83,193.95,193.59,193.69,57226.0
09:54,194.42,194.43,193.77,193.86,105357.0
09:55,194.78,194.79,194.35,194.41,150139.0
09:56,194.91,194.99,194.73,194.82,198809.0
09:57,195.14,195.27,194.9,194.93,183678.0
09:58,194.69,195.25,194.66,195.18,214262.0
09:59,194.49,194.76,194.49,194.7,106103.0
10:00,194.7,194.71,194.38,194.48,113509.0
10:01,194.61,194.87,194.61,194.74,123319.0
10:02,194.53,194.58,194.31,194.43,99520.0
10:03,194.85,194.9,194.54,194.54,79616.0
10:04,194.59,194.89,194.59,194.85,68690.0
10:05,194.69,194.79,194.53,194.57,58926.0
10:06,195.1,195.1,194.69,194.72,104546.0
10:07,194.89,195.19,194.89,195.04,41964.0
10:08,195.03,195.16,194.81,194.91,50879.0
10:09,195.1,195.2,194.96,194.98,51068.0
10:10,195.31,195.38,195.03,195.1,62618.0
10:11,195.01,195.39,194.99,195.34,97406.0
10:12,194.87,195.04,194.8,195.01,70700.0
10:13,194.89,194.96,194.73,194.86,58591.0
10:14,194.99,195.02,194.87,194.91,48893.0
10:15,195.18,195.27,194.96,195.0,74636.0
10:16,195.1,195.34,195.09,195.18,66321.0
10:17,195.01,195.16,195.0,195.09,44254.0
10:18,195.25,195.27,195.0,195.01,25700.0
10:19,195.18,195.32,195.08,195.26,31157.0
10:20,195.12,195.21,195.08,195.18,38012.0
10:21,195.27,195.3,195.01,195.12,40290.0
10:22,195.29,195.3,195.08,195.3,50105.0
10:23,195.23,195.35,195.18,195.32,41156.0
10:24,195.26,195.29,195.15,195.18,26098.0
10:25,195.35,195.46,195.27,195.27,49396.0
10:26,195.13,195.39,195.11,195.39,42731.0
10:27,195.07,195.34,195.05,195.12,59423.0
10:28,195.0,195.26,194.96,195.07,69123.0
10:29,194.9,194.96,194.88,194.9,94015.0
10:30,194.82,194.9,194.74,194.9,128572.0
10:31,194.89,194.99,194.76,194.82,67079.0
10:32,194.63,195.01,194.6,194.9,101455.0
10:33,194.54,194.7,194.5,194.63,67999.0
10:34,194.44,194.54,194.38,194.54,86368.0
10:35,194.24,194.52,194.22,194.44,92780.0
10:36,193.9,194.23,193.85,194.23,138647.0
10:37,193.54,193.92,193.51,193.92,146941.0
10:38,193.69,193.77,193.49,193.54,109929.0
10:39,193.76,193.76,193.51,193.67,117142.0
10:40,193.77,193.96,193.67,193.76,128050.0
10:41,194.09,194.09,193.71,193.77,75198.0
10:42,194.18,194.18,193.94,194.09,48089.0
10:43,194.24,194.24,194.01,194.17,42439.0
10:44,194.09,194.28,194.08,194.26,37312.0
10:45,193.7,194.08,193.7,194.07,49174.0
10:46,193.56,193.73,193.56,193.69,38178.0
10:47,193.51,193.67,193.48,193.57,60942.0
10:48,193.43,193.54,193.42,193.51,59595.0
10:49,193.46,193.48,193.22,193.42,102671.0
10:50,193.35,193.57,193.35,193.46,78253.0
10:51,193.33,193.52,193.31,193.34,71122.0
10:52,193.47,193.53,193.16,193.32,67390.0
10:53,193.4,193.55,193.38,193.49,31781.0
10:54,193.45,193.48,193.34,193.4,38628.0
10:55,193.55,193.57,193.39,193.44,33140.0
10:56,193.58,193.67,193.51,193.57,38422.0
10:57,193.55,193.64,193.39,193.54,46690.0
10:58,193.27,193.61,193.26,193.55,42857.0
10:59,192.95,193.25,192.93,193.25,138561.0
11:00,192.93,193.01,192.78,192.95,104499.0
11:01,193.12,193.15,192.9,192.9,45499.0
11:02,192.98,193.22,192.93,193.15,55513.0
11:03,192.97,193.07,192.87,192.94,63714.0
11:04,192.93,193.04,192.86,192.98,42402.0
11:05,193.15,193.15,192.95,192.98,44367.0
11:06,192.93,193.23,192.91,193.16,41751.0
11:07,192.74,192.96,192.64,192.95,91811.0
11:08,192.8,192.89,192.66,192.73,53325.0
11:09,192.68,192.88,192.67,192.87,54773.0
11:10,192.71,192.8,192.62,192.66,72427.0
11:11,192.76,192.76,192.59,192.72,89518.0
11:12,192.6,192.89,192.59,192.76,39461.0
11:13,192.51,192.69,192.46,192.6,71767.0
11:14,192.59,192.73,192.49,192.5,35762.0
11:15,192.43,192.61,192.39,192.57,55386.0
11:16,192.3,192.52,192.3,192.46,66325.0
11:17,192.59,192.71,192.31,192.32,56317.0
11:18,192.6,192.65,192.43,192.61,58717.0
11:19,192.49,192.7,192.32,192.59,125532.0
11:20,192.74,192.83,192.51,192.51,40399.0
11:21,193.06,193.12,192.81,192.82,53171.0
11:22,192.98,193.13,192.98,193.07,42693.0
11:23,192.95,193.03,192.84,192.98,41366.0
11:24,192.91,193.06,192.9,192.99,31218.0
11:25,193.0,193.02,192.88,192.93,39534.0
11:26,193.22,193.23,192.93,193.01,40515.0
11:27,193.41,193.46,193.22,193.26,67946.0
11:28,193.59,193.62,193.45,193.46,71115.0
11:29,193.45,193.58,193.37,193.58,39342.0
11:30,193.27,193.52,193.24,193.45,37272.0
11:31,193.33,193.33,193.17,193.27,24043.0
11:32,193.22,193.33,193.16,193.31,39645.0
11:33,193.46,193.46,193.18,193.22,23739.0
11:34,193.57,193.57,193.39,193.45,26901.0
11:35,193.58,193.66,193.53,193.56,18275.0
11:36,193.55,193.69,193.53,193.56,31178.0
11:37,193.76,193.76,193.55,193.56,23338.0
11:38,193.85,193.86,193.7,193.77,29412.0
11:39,193.99,194.0,193.87,193.87,46335.0
11:40,193.88,193.98,193.84,193.98,57992.0
11:41,193.98,193.99,193.88,193.88,32903.0
11:42,193.87,194.0,193.84,193.97,33062.0
11:43,193.91,193.92,193.8,193.85,26372.0
11:44,193.84,193.95,193.81,193.93,23129.0
11:45,193.88,193.92,193.8,193.84,21271.0
11:46,193.92,193.94,193.82,193.87,16641.0
11:47,193.89,194.04,193.89,193.94,39494.0
11:48,193.89,193.99,193.83,193.92,27467.0
11:49,193.89,193.91,193.81,193.9,29899.0
11:50,193.91,193.92,193.82,193.91,24320.0
11:51,194.13,194.15,193.87,193.9,29092.0
11:52,194.16,194.19,194.07,194.12,28203.0
11:53,194.15,194.2,194.08,194.15,23204.0
11:54,194.08,194.24,194.05,194.17,21736.0
11:55,194.23,194.31,194.1,194.12,26731.0
11:56,194.28,194.3,194.19,194.26,22113.0
11:57,194.27,194.35,194.25,194.29,26285.0
11:58,194.21,194.29,194.18,194.29,20421.0
11:59,194.29,194.29,194.16,194.2,18205.0
12:00,194.4,194.4,194.18,194.28,24842.0
12:01,194.35,194.41,194.32,194.39,25166.0
12:02,194.45,194.45,194.35,194.35,32212.0
12:03,194.35,194.47,194.33,194.43,36830.0
12:04,194.34,194.37,194.28,194.36,34636.0
12:05,194.49,194.63,194.32,194.35,85449.0
12:06,194.7,194.74,194.47,194.49,48693.0
12:07,194.71,194.78,194.68,194.73,62732.0
12:08,194.85,194.87,194.71,194.71,45046.0
12:09,194.92,194.99,194.85,194.85,46177.0
12:10,194.83,194.92,194.83,194.9,39093.0
12:11,194.98,194.98,194.84,194.85,30422.0
12:12,194.88,194.99,194.8,194.99,38171.0
12:13,194.93,194.99,194.86,194.86,22385.0
12:14,194.88,194.94,194.8,194.92,28296.0
12:15,194.94,194.94,194.87,194.87,29564.0
12:16,194.74,194.97,194.71,194.95,38151.0
12:17,194.73,194.77,194.68,194.74,32056.0
12:18,194.7,194.74,194.66,194.73,17809.0
12:19,194.81,194.82,194.71,194.72,20522.0
12:20,194.81,194.82,194.74,194.74,16060.0
12:21,194.72,194.81,194.72,194.79,10303.0
12:22,194.76,194.8,194.72,194.72,16887.0
12:23,194.74,194.78,194.7,194.76,28067.0
12:24,194.84,194.84,194.75,194.75,20706.0
12:25,194.74,194.84,194.73,194.84,24902.0
12:26,194.87,194.92,194.78,194.78,33474.0
12:27,194.89,194.9,194.84,194.87,19927.0
12:28,194.97,194.97,194.86,194.9,39703.0
12:29,194.79,194.95,194.78,194.95,16029.0
12:30,194.82,194.82,194.75,194.79,17027.0
12:31,194.8,194.82,194.77,194.82,23396.0
12:32,194.81,194.9,194.8,194.84,65259.0
12:33,194.55,194.8,194.55,194.8,25551.0
12:34,194.58,194.61,194.53,194.55,48932.0
12:35,194.46,194.62,194.46,194.58,50374.0
12:36,194.4,194.47,194.4,194.47,21448.0
12:37,194.28,194.46,194.24,194.42,44941.0
12:38,194.12,194.28,194.07,194.26,47942.0
12:39,194.02,194.11,193.99,194.11,58411.0
12:40,194.02,194.05,193.93,194.01,45482.0
12:41,194.06,194.18,194.01,194.01,30924.0
12:42,193.91,194.03,193.91,194.01,25938.0
12:43,193.94,193.96,193.82,193.9,25198.0
12:44,193.99,194.03,193.93,193.95,29230.0
12:45,193.87,194.01,193.87,193.99,21825.0
12:46,193.75,193.91,193.74,193.9,26176.0
12:47,193.72,193.77,193.7,193.76,22710.0
12:48,193.8,193.81,193.7,193.71,20624.0
12:49,193.78,193.83,193.77,193.81,17170.0
12:50,193.72,193.82,193.68,193.82,13454.0
12:51,193.69,193.74,193.64,193.71,27883.0
12:52,193.73,193.76,193.65,193.69,16839.0
12:53,193.8,193.87,193.76,193.76,16142.0
12:54,193.88,193.9,193.79,193.79,34716.0
12:55,193.75,193.87,193.74,193.87,22290.0
12:56,193.87,193.87,193.73,193.73,19776.0
12:57,193.81,193.9,193.8,193.85,21537.0
12:58,193.87,193.88,193.77,193.79,13672.0
12:59,193.91,193.92,193.84,193.86,17308.0
13:00,193.9,193.94,193.88,193.9,19350.0
13:01,193.81,193.94,193.81,193.89,19371.0
13:02,193.75,193.81,193.72,193.79,22974.0
13:03,193.64,193.79,193.63,193.77,40299.0
13:04,193.63,193.76,193.57,193.62,29587.0
13:05,193.61,193.67,193.56,193.64,16382.0
13:06,193.86,193.88,193.63,193.63,22894.0
13:07,193.8,193.92,193.76,193.86,16993.0
13:08,193.8,193.86,193.77,193.82,12566.0
13:09,193.83,193.84,193.79,193.8,10572.0
13:10,193.84,193.9,193.8,193.83,11573.0
13:11,193.81,193.83,193.73,193.81,16124.0
13:12,193.77,193.87,193.77,193.82,12434.0
13:13,193.76,193.83,193.75,193.77,15038.0
13:14,193.74,193.77,193.72,193.77,8980.0
13:15,193.73,193.8,193.72,193.74,12200.0
13:16,193.75,193.79,193.71,193.73,15377.0
13:17,193.79,193.79,193.7,193.73,18257.0
13:18,193.68,193.8,193.66,193.77,34217.0
13:19,193.85,193.9,193.67,193.68,66308.0
13:20,193.9,193.9,193.81,193.86,29638.0
13:21,193.84,193.93,193.83,193.91,28770.0
13:22,193.75,193.85,193.72,193.83,32923.0
13:23,193.73,193.78,193.68,193.74,19362.0
13:24,193.71,193.76,193.69,193.71,12255.0
13:25,193.62,193.79,193.61,193.71,15374.0
13:26,193.45,193.62,193.39,193.62,49068.0
13:27,193.19,193.41,193.17,193.41,48012.0
13:28,193.08,193.21,193.05,193.15,51329.0
13:29,193.11,193.16,192.98,193.07,69047.0
13:30,193.01,193.19,192.94,193.12,29798.0
13:31,193.1,193.12,192.97,193.01,35181.0
13:32,193.03,193.1,192.93,193.07,40457.0
13:33,193.11,193.19,193.0,193.01,23618.0
13:34,193.25,193.28,193.14,193.14,24024.0
13:35,193.52,193.58,193.27,193.27,28488.0
13:36,193.56,193.6,193.47,193.56,15216.0
13:37,193.51,193.63,193.49,193.58,29539.0
13:38,193.47,193.54,193.46,193.5,19748.0
13:39,193.64,193.65,193.49,193.49,27678.0
13:40,193.79,193.8,193.63,193.63,41591.0
13:41,193.88,193.91,193.78,193.78,20864.0
13:42,193.89,193.93,193.85,193.87,21273.0
13:43,193.76,193.93,193.76,193.9,23681.0
13:44,193.86,193.86,193.79,193.8,13045.0
13:45,194.05,194.1,193.88,193.88,33576.0
13:46,193.94,194.05,193.91,194.04,16476.0
13:47,193.79,193.98,193.77,193.94,37199.0
13:48,193.78,193.83,193.75,193.79,18281.0
13:49,193.74,193.78,193.7,193.73,19996.0
13:50,193.51,193.76,193.51,193.73,32697.0
13:51,193.37,193.57,193.3,193.49,48766.0
13:52,193.38,193.38,193.21,193.36,38367.0
13:53,193.43,193.47,193.35,193.37,31159.0
13:54,193.44,193.52,193.37,193.39,28334.0
13:55,193.32,193.42,193.27,193.42,21008.0
13:56,193.35,193.38,193.28,193.32,22276.0
13:57,193.27,193.34,193.23,193.34,28926.0
13:58,193.2,193.25,193.11,193.25,25208.0
13:59,193.3,193.3,193.16,193.16,37520.0
14:00,193.38,193.43,193.24,193.28,32291.0
14:01,193.29,193.44,193.28,193.37,35954.0
14:02,193.19,193.32,193.18,193.32,18193.0
14:03,193.16,193.26,193.15,193.21,15974.0
14:04,193.09,193.2,193.09,193.18,15147.0
14:05,193.13,193.21,193.1,193.1,14074.0
14:06,193.1,193.13,193.06,193.13,26386.0
14:07,193.02,193.09,192.97,193.06,28218.0
14:08,193.15,193.17,192.96,193.02,31704.0
14:09,193.08,193.2,193.04,193.16,32507.0
14:10,193.08,193.15,193.04,193.09,16827.0
14:11,193.05,193.15,193.05,193.13,23284.0
14:12,193.36,193.38,193.07,193.07,34356.0
14:13,193.25,193.48,193.23,193.39,55972.0
14:14,193.18,193.29,193.18,193.28,26782.0
14:15,193.13,193.23,193.12,193.22,31936.0
14:16,193.01,193.13,192.92,193.12,50134.0
14:17,192.98,193.04,192.94,193.01,32061.0
14:18,192.92,192.96,192.81,192.96,39992.0
14:19,193.09,193.1,192.85,192.88,30414.0
14:20,193.22,193.25,193.06,193.08,23268.0
14:21,193.34,193.36,193.21,193.21,21573.0
14:22,193.14,193.32,193.14,193.3,32097.0
14:23,193.08,193.26,193.07,193.14,31865.0
14:24,193.19,193.23,193.08,193.09,28691.0
14:25,193.17,193.25,193.13,193.19,21848.0
14:26,193.21,193.27,193.16,193.21,27449.0
14:27,193.24,193.28,193.21,193.22,14085.0
14:28,193.28,193.3,193.21,193.22,16505.0
14:29,193.3,193.32,193.24,193.29,11980.0
14:30,193.3,193.46,193.26,193.27,33761.0
14:31,193.49,193.49,193.3,193.3,20576.0
14:32,193.39,193.51,193.39,193.48,17492.0
14:33,193.42,193.42,193.37,193.38,13533.0
14:34,193.45,193.51,193.42,193.42,17083.0
14:35,193.5,193.5,193.42,193.43,25384.0
14:36,193.53,193.57,193.5,193.51,27095.0
14:37,193.48,193.56,193.47,193.53,17012.0
14:38,193.34,193.5,193.34,193.48,81634.0
14:39,193.24,193.35,193.21,193.34,52467.0
14:40,193.3,193.34,193.19,193.21,39143.0
14:41,193.24,193.34,193.24,193.33,23589.0
14:42,193.12,193.26,193.11,193.23,59270.0
14:43,193.04,193.15,193.02,193.11,42711.0
14:44,193.1,193.16,193.04,193.04,26426.0
14:45,193.09,193.25,193.09,193.1,112367.0
14:46,193.07,193.11,193.0,193.07,81905.0
14:47,192.98,193.07,192.95,193.07,32835.0
14:48,193.1,193.1,192.96,192.96,35851.0
14:49,192.95,193.11,192.92,193.1,76697.0
14:50,192.85,193.01,192.85,192.95,71831.0
14:51,192.72,192.86,192.68,192.84,70210.0
14:52,192.71,192.83,192.71,192.76,59445.0
14:53,192.7,192.77,192.67,192.73,53783.0
14:54,192.78,192.78,192.65,192.69,38331.0
14:55,192.84,192.85,192.74,192.78,28989.0
14:56,192.78,192.87,192.76,192.85,23522.0
14:57,192.7,192.78,192.66,192.78,30197.0
14:58,192.65,192.71,192.62,192.71,34227.0
14:59,192.63,192.65,192.6,192.63,24255.0
15:00,192.79,192.81,192.66,192.66,26272.0
15:01,192.83,192.83,192.76,192.79,21421.0
15:02,192.73,192.83,192.72,192.83,24161.0
15:03,192.74,192.77,192.68,192.73,27874.0
15:04,192.81,192.86,192.76,192.76,26523.0
15:05,192.77,192.81,192.72,192.79,25418.0
15:06,192.9,192.91,192.75,192.77,32633.0
15:07,192.85,192.91,192.83,192.9,36869.0
15:08,192.82,192.85,192.78,192.82,22972.0
15:09,192.76,192.83,192.74,192.81,32686.0
15:10,192.8,192.86,192.74,192.74,22280.0
15:11,192.75,192.82,192.69,192.82,23096.0
15:12,192.74,192.82,192.71,192.76,44753.0
15:13,192.65,192.77,192.63,192.74,22241.0
15:14,192.7,192.7,192.63,192.64,33788.0
15:15,192.69,192.73,192.65,192.69,24343.0
15:16,192.61,192.71,192.57,192.7,29075.0
15:17,192.6,192.68,192.59,192.63,46196.0
15:18,192.66,192.67,192.61,192.61,30008.0
15:19,192.8,192.84,192.64,192.66,50534.0
15:20,192.93,192.95,192.78,192.82,26372.0
15:21,192.74,192.94,192.71,192.94,34076.0
15:22,192.84,192.84,192.73,192.73,23479.0
15:23,192.83,192.88,192.76,192.84,35857.0
15:24,192.88,192.88,192.8,192.82,49360.0
15:25,192.85,192.98,192.83,192.88,43786.0
15:26,192.68,192.87,192.67,192.86,60477.0
15:27,192.72,192.79,192.67,192.69,39346.0
15:28,192.75,192.76,192.68,192.74,33251.0
15:29,192.77,192.79,192.66,192.74,28581.0
15:30,192.87,192.89,192.78,192.78,35196.0
15:31,192.88,192.93,192.87,192.87,51055.0
15:32,192.87,192.97,192.84,192.89,41252.0
15:33,192.94,192.96,192.85,192.87,47117.0
15:34,193.02,193.02,192.87,192.95,58876.0
15:35,193.09,193.1,193.0,193.02,60419.0
15:36,193.02,193.14,192.99,193.1,73274.0
15:37,193.04,193.13,193.01,193.02,50328.0
15:38,193.0,193.1,192.99,193.07,44415.0
15:39,192.84,193.03,192.82,193.03,51157.0
15:40,192.96,192.99,192.85,192.86,38593.0
15:41,192.91,192.96,192.88,192.96,37927.0
15:42,192.98,192.98,192.91,192.92,44243.0
15:43,192.81,193.01,192.81,192.98,54235.0
15:44,192.91,192.91,192.77,192.82,55691.0
15:45,192.99,193.07,192.92,192.92,74574.0
15:46,192.68,192.99,192.68,192.99,68358.0
15:47,192.74,192.75,192.63,192.7,60281.0
15:48,192.55,192.74,192.55,192.73,55395.0
15:49,192.46,192.57,192.43,192.56,78078.0
15:50,192.58,192.77,192.38,192.44,182338.0
15:51,192.3,192.57,192.29,192.57,151874.0
15:52,192.2,192.36,192.18,192.29,104798.0
15:53,192.29,192.34,192.14,192.18,145868.0
15:54,192.18,192.35,192.11,192.26,165871.0
15:55,192.52,192.52,192.17,192.18,170296.0
15:56,192.66,192.7,192.48,192.49,112159.0
15:57,192.82,192.85,192.64,192.68,165186.0
15:58,192.86,192.88,192.76,192.83,153533.0
15:59,192.89,193.04,192.81,192.86,540929.0
