Time,Close,High,Low,Open,Volume
09:30,180.53,180.53,180.53,180.53,2806381.0
09:31,181.1,181.55,180.43,180.53,359801.0
09:32,180.07,181.09,179.91,181.09,276623.0
09:33,179.9,180.13,179.63,180.05,195052.0
09:34,180.17,180.43,179.82,179.91,236083.0
09:35,180.61,180.7,180.12,180.21,237902.0
09:36,180.15,180.65,180.06,180.62,225210.0
09:37,179.81,180.2,179.8,180.15,266960.0
09:38,179.78,179.9,179.62,179.83,141385.0
09:39,179.4,179.75,179.39,179.75,131292.0
09:40,179.17,179.39,179.06,179.38,195800.0
09:41,179.54,179.6,179.22,179.25,140068.0
09:42,179.94,180.03,179.5,179.53,197670.0
09:43,179.49,179.94,179.49,179.93,124579.0
09:44,179.21,179.48,179.14,179.48,109591.0
09:45,178.92,179.28,178.9,179.2,202511.0
09:46,178.66,179.0,178.62,178.94,168180.0
09:47,178.71,178.71,178.66,178.66,262459.5
09:48,178.66,178.93,178.57,178.71,356739.0
09:49,178.64,178.7,178.48,178.66,177703.0
09:50,178.57,178.97,178.55,178.61,200124.0
09:51,178.35,178.56,178.29,178.56,161433.0
09:52,178.8,178.8,178.35,178.35,124908.0
09:53,178.66,178.9,178.57,178.79,205115.0
09:54,178.42,178.73,178.33,178.63,156364.0
09:55,178.43,178.5,178.27,178.42,114668.0
09:56,178.37,178.57,178.33,178.43,133344.0
09:57,178.12,178.46,178.07,178.38,174313.0
09:58,178.41,178.49,178.04,178.13,113153.0
09:59,178.46,178.48,178.21,178.43,146740.0
10:00,178.66,178.73,178.35,178.45,141489.0
10:01,178.98,179.01,178.66,178.67,126360.0
10:02,178.81,178.98,178.76,178.97,136799.0
10:03,178.72,178.88,178.66,178.8,155114.0
10:04,178.33,178.68,178.27,178.67,95409.0
10:05,178.27,178.33,178.12,178.33,86983.0
10:06,178.09,178.28,178.07,178.26,144951.0
10:07,178.25,178.29,177.92,178.09,220487.0
10:08,178.43,178.54,178.2,178.22,93147.0
10:09,178.43,178.54,178.3,178.44,111958.0
10:10,178.17,178.3,178.14,178.27,91908.0
10:11,178.3,178.32,178.09,178.15,99688.0
10:12,178.4,178.42,178.15,178.31,80375.0
10:13,178.31,178.43,178.28,178.42,99526.0
10:14,178.45,178.49,178.17,178.29,107382.0
10:15,178.4,178.53,178.22,178.47,120213.0
10:16,178.32,178.57,178.31,178.39,110603.0
10:17,178.23,178.42,178.22,178.35,107039.0
10:18,178.12,178.26,178.09,178.23,162225.0
10:19,178.35,178.4,178.1,178.1,132073.0
10:20,178.01,178.37,178.0,178.35,143915.0
10:21,177.82,178.04,177.79,178.02,139947.0
10:22,177.82,178.04,177.75,177.8,170018.0
10:23,177.77,177.82,177.58,177.81,143368.0
10:24,177.76,177.8,177.65,177.76,72742.0
10:25,177.49,177.75,177.45,177.74,93604.0
10:26,177.78,177.79,177.49,177.5,86512.0
10:27,177.82,177.87,177.69,177.79,71548.0
10:28,177.76,177.88,177.72,177.82,60645.0
10:29,178.0,178.07,177.76,177.77,58205.0
10:30,177.92,178.13,177.91,178.01,86948.0
10:31,177.86,177.93,177.83,177.92,54096.0
10:32,177.77,177.88,177.72,177.88,78971.0
10:33,177.53,177.76,177.49,177.76,87203.0
10:34,177.27,177.52,177.27,177.51,94218.0
10:35,177.38,177.38,177.22,177.27,92213.0
10:36,177.34,177.45,177.28,177.38,87303.0
10:37,176.93,177.33,176.9,177.32,172790.0
10:38,176.99,177.01,176.83,176.92,105783.0
10:39,177.12,177.18,176.99,176.99,99674.0
10:40,177.12,177.23,177.06,177.07,75688.0
10:41,177.0,177.26,177.0,177.13,83953.0
10:42,177.27,177.33,176.96,176.99,101607.0
10:43,177.2,177.25,177.13,177.24,85241.0
10:44,177.12,177.23,177.02,177.19,99589.0
10:45,176.86,177.15,176.82,177.13,67503.0
10:46,177.04,177.04,176.77,176.86,103506.0
10:47,176.98,177.02,176.81,177.02,95206.0
10:48,176.94,177.07,176.86,177.0,59361.0
10:49,176.7,176.86,176.7,176.86,117019.0
10:50,176.53,176.73,176.52,176.71,118091.0
10:51,176.45,176.62,176.4,176.52,154578.0
10:52,176.35,176.54,176.32,176.45,97771.0
10:53,176.67,176.68,176.32,176.35,101776.0
10:54,176.91,176.91,176.66,176.66,159856.0
10:55,177.18,177.18,176.88,176.9,127639.0
10:56,177.14,177.22,177.07,177.18,109413.0
10:57,177.35,177.38,177.09,177.15,212852.0
10:58,177.44,177.46,177.26,177.34,97124.0
10:59,177.52,177.54,177.28,177.43,85892.0
11:00,177.73,177.77,177.45,177.52,97681.0
11:01,177.83,177.86,177.52,177.73,89101.0
11:02,177.76,177.92,177.74,177.83,79138.0
11:03,177.84,177.86,177.63,177.75,80281.0
11:04,177.86,177.95,177.78,177.84,89713.0
11:05,177.74,177.88,177.68,177.87,91554.0
11:06,177.68,177.8,177.67,177.74,90151.0
11:07,177.65,177.72,177.61,177.69,73664.0
11:08,177.7,177.77,177.58,177.66,69215.0
11:09,177.96,177.98,177.72,177.72,74377.0
11:10,177.92,178.04,177.9,177.96,84000.0
11:11,177.76,177.93,177.71,177.92,88674.0
11:12,177.67,177.77,177.65,177.77,50764.0
11:13,177.6,177.77,177.58,177.65,81942.0
11:14,177.51,177.6,177.48,177.6,71337.0
11:15,177.49,177.52,177.36,177.52,48802.0
11:16,177.38,177.53,177.36,177.5,79271.0
11:17,177.2,177.41,177.19,177.38,65357.0
11:18,177.23,177.32,177.17,177.21,74212.0
11:19,177.14,177.29,177.09,177.23,53884.0
11:20,177.19,177.2,177.06,177.12,69156.0
11:21,176.97,177.17,176.92,177.16,83791.0
11:22,177.0,177.04,176.87,176.97,64776.0
11:23,177.06,177.09,176.98,177.0,44258.0
11:24,177.29,177.3,177.07,177.07,55830.0
11:25,177.24,177.3,177.18,177.27,50036.0
11:26,177.26,177.26,177.2,177.25,34339.0
11:27,177.31,177.34,177.23,177.24,59407.0
11:28,177.15,177.31,177.15,177.31,80622.0
11:29,177.18,177.27,177.13,177.15,84096.0
11:30,177.0,177.21,176.95,177.19,92756.0
11:31,177.14,177.19,177.01,177.01,111035.0
11:32,177.18,177.22,177.08,177.14,110857.0
11:33,177.26,177.34,177.16,177.19,192988.0
11:34,177.34,177.43,177.19,177.27,157421.0
11:35,177.26,177.28,177.24,177.25,103724.0
11:36,177.15,177.29,177.06,177.25,125083.0
11:37,177.2,177.28,177.15,177.16,71442.0
11:38,176.99,177.22,176.96,177.21,79453.0
11:39,177.09,177.13,176.98,177.01,71261.0
11:40,177.09,177.12,176.96,177.1,92125.0
11:41,177.12,177.17,177.0,177.09,108682.0
11:42,177.03,177.24,177.03,177.12,75015.0
11:43,177.05,177.09,176.86,177.03,84818.0
11:44,177.17,177.26,177.05,177.05,83239.0
11:45,177.23,177.28,177.12,177.17,90805.0
11:46,177.24,177.35,177.22,177.24,110469.0
11:47,177.2,177.29,177.14,177.24,100034.0
11:48,177.13,177.23,177.12,177.19,94036.0
11:49,177.16,177.21,177.11,177.15,88112.0
11:50,177.21,177.21,177.09,177.16,66648.0
11:51,177.05,177.29,177.04,177.21,106406.0
11:52,177.11,177.11,176.96,177.02,76296.0
11:53,177.06,177.16,177.01,177.12,74969.0
11:54,177.07,177.14,177.01,177.05,78324.0
11:55,177.12,177.15,177.05,177.07,83816.0
11:56,176.91,177.12,176.9,177.1,89633.0
11:57,176.87,176.98,176.87,176.91,62048.0
11:58,176.89,176.92,176.85,176.88,57520.0
11:59,177.0,177.0,176.83,176.89,85801.0
12:00,177.13,177.14,176.91,177.0,63934.0
12:01,177.01,177.2,176.97,177.12,120795.0
12:02,176.99,177.15,176.99,177.01,93236.0
12:03,177.06,177.1,176.98,176.99,68604.0
12:04,177.13,177.15,177.02,177.07,60527.0
12:05,177.06,177.15,177.04,177.13,54303.0
12:06,177.07,177.09,177.0,177.04,56510.0
12:07,177.02,177.07,176.98,177.05,32549.0
12:08,176.97,177.04,176.93,177.02,106217.0
12:09,177.12,177.17,176.96,176.96,60504.0
12:10,177.06,177.21,177.06,177.12,45557.0
12:11,176.96,177.05,176.95,177.05,72879.0
12:12,176.92,176.97,176.88,176.96,66718.0
12:13,176.99,176.99,176.9,176.91,28379.0
12:14,177.02,177.04,176.9,176.99,65232.0
12:15,177.12,177.15,176.91,177.0,103546.0
12:16,176.9,177.17,176.89,177.11,100721.0
12:17,176.98,176.98,176.88,176.91,72877.0
12:18,176.93,177.09,176.93,176.98,75025.0
12:19,177.02,177.04,176.9,176.93,36367.0
12:20,177.03,177.07,176.99,177.01,35065.0
12:21,177.01,177.07,176.99,177.03,41651.0
12:22,177.03,177.05,176.95,177.02,43800.0
12:23,176.95,177.02,176.88,177.02,35334.0
12:24,176.98,176.98,176.92,176.94,31914.0
12:25,177.08,177.08,176.91,176.98,35322.0
12:26,177.19,177.2,177.07,177.07,37589.0
12:27,177.15,177.2,177.15,177.2,17252.0
12:28,177.21,177.31,177.15,177.15,57417.0
12:29,177.33,177.34,177.21,177.21,32071.0
12:30,177.42,177.47,177.32,177.33,35582.0
12:31,177.48,177.5,177.41,177.43,49472.0
12:32,177.57,177.58,177.47,177.48,29810.0
12:33,177.71,177.71,177.59,177.59,32177.0
12:34,177.78,177.81,177.65,177.7,50711.0
12:35,177.69,177.78,177.61,177.78,61745.0
12:36,177.72,177.79,177.64,177.69,30781.0
12:37,177.78,177.8,177.71,177.71,27729.0
12:38,178.02,178.04,177.79,177.79,76523.0
12:39,178.01,178.06,177.96,178.01,69577.0
12:40,178.13,178.15,178.01,178.01,48735.0
12:41,178.29,178.29,178.13,178.13,59199.0
12:42,178.35,178.37,178.28,178.3,57330.0
12:43,178.36,178.38,178.28,178.36,55965.0
12:44,178.38,178.55,178.34,178.35,96248.0
12:45,178.51,178.55,178.28,178.39,87175.0
12:46,178.49,178.66,178.49,178.51,98185.0
12:47,178.41,178.49,178.38,178.49,93994.0
12:48,178.34,178.49,178.31,178.43,54774.0
12:49,178.47,178.47,178.33,178.34,45536.0
12:50,178.4,178.47,178.36,178.47,56857.0
12:51,178.21,178.41,178.21,178.41,52518.0
12:52,178.23,178.27,178.19,178.21,38366.0
12:53,178.11,178.21,178.08,178.21,54021.0
12:54,178.03,178.12,177.98,178.11,34163.0
12:55,178.22,178.22,178.02,178.03,33110.0
12:56,178.24,178.29,178.2,178.24,59551.0
12:57,178.29,178.32,178.2,178.24,35362.0
12:58,178.31,178.39,178.26,178.3,166636.0
12:59,178.23,178.3,178.16,178.3,72833.0
13:00,178.29,178.31,178.21,178.22,94307.0
13:01,178.24,178.3,178.15,178.29,52185.0
13:02,178.18,178.26,178.14,178.25,35626.0
13:03,177.94,178.19,177.92,178.18,45088.0
13:04,177.93,177.99,177.92,177.95,33160.0
13:05,177.97,178.0,177.9,177.94,40254.0
13:06,178.13,178.2,177.96,178.0,34565.0
13:07,178.27,178.28,178.14,178.15,31889.0
13:08,178.42,178.42,178.27,178.28,36389.0
13:09,178.51,178.52,178.39,178.41,43660.0
13:10,178.5,178.54,178.45,178.51,29182.0
13:11,178.37,178.5,178.37,178.5,55748.0
13:12,178.45,178.45,178.33,178.38,32223.0
13:13,178.39,178.46,178.3,178.45,36631.0
13:14,178.49,178.52,178.37,178.38,70745.0
13:15,178.5,178.55,178.43,178.49,33279.0
13:16,178.45,178.53,178.42,178.48,28242.0
13:17,178.58,178.6,178.42,178.44,35212.0
13:18,178.41,178.66,178.41,178.59,46225.0
13:19,178.48,178.52,178.42,178.42,29631.0
13:20,178.48,178.51,178.46,178.49,23122.0
13:21,178.57,178.61,178.44,178.48,32585.0
13:22,178.6,178.61,178.56,178.56,12357.0
13:23,178.61,178.71,178.57,178.62,110809.0
13:24,178.43,178.6,178.42,178.6,38292.0
13:25,178.42,178.46,178.39,178.44,35523.0
13:26,178.46,178.46,178.38,178.43,31688.0
13:27,178.39,178.48,178.39,178.47,24186.0
13:28,178.37,178.4,178.33,178.4,46985.0
13:29,178.44,178.46,178.37,178.38,26488.0
13:30,178.37,178.44,178.32,178.43,55263.0
13:31,178.29,178.37,178.27,178.36,21431.0
13:32,178.18,178.27,178.18,178.27,31079.0
13:33,178.24,178.24,178.15,178.19,26929.0
13:34,178.21,178.26,178.2,178.23,28819.0
13:35,178.12,178.2,178.09,178.2,28397.0
13:36,178.1,178.13,178.05,178.11,28312.0
13:37,178.13,178.13,178.02,178.09,20621.0
13:38,178.25,178.29,178.14,178.14,42016.0
13:39,178.21,178.25,178.2,178.24,22342.0
13:40,178.25,178.31,178.18,178.18,30365.0
13:41,178.26,178.28,178.22,178.24,24769.0
13:42,178.25,178.35,178.24,178.26,31468.0
13:43,178.3,178.31,178.2,178.22,20948.0
13:44,178.36,178.36,178.3,178.31,26943.0
13:45,178.29,178.38,178.29,178.36,17635.0
13:46,178.32,178.35,178.28,178.3,18580.0
13:47,178.2,178.34,178.2,178.29,35961.0
13:48,178.22,178.23,178.16,178.19,25366.0
13:49,178.36,178.36,178.21,178.22,29871.0
13:50,178.45,178.45,178.35,178.35,20180.0
13:51,178.41,178.47,178.39,178.45,22636.0
13:52,178.29,178.4,178.29,178.4,22927.0
13:53,178.37,178.38,178.24,178.29,91320.0
13:54,178.3,178.37,178.29,178.36,34148.0
13:55,178.42,178.55,178.28,178.3,90511.0
13:56,178.4,178.47,178.38,178.44,33470.0
13:57,178.46,178.46,178.17,178.38,63308.0
13:58,178.36,178.52,178.32,178.46,25180.0
13:59,178.35,178.4,178.31,178.35,30798.0
14:00,178.33,178.4,178.31,178.34,47049.0
14:01,178.34,178.35,178.27,178.31,31265.0
14:02,178.25,178.33,178.21,178.33,36555.0
14:03,178.12,178.23,178.1,178.23,27871.0
14:04,178.04,178.14,178.04,178.12,29377.0
14:05,178.04,178.05,177.93,178.03,55048.0
14:06,177.98,178.04,177.94,178.04,38996.0
14:07,177.99,178.05,177.98,177.99,33876.0
14:08,177.97,178.01,177.89,178.0,79899.0
14:09,177.98,177.98,177.9,177.96,28369.0
14:10,177.88,177.96,177.85,177.96,37799.0
14:11,177.81,177.87,177.78,177.87,38609.0
14:12,177.82,177.85,177.79,177.8,29257.0
14:13,177.82,177.89,177.82,177.85,29670.0
14:14,177.76,177.8,177.71,177.8,52838.0
14:15,177.8,177.83,177.73,177.75,46463.0
14:16,177.99,177.99,177.81,177.82,70210.0
14:17,178.04,178.05,177.96,177.99,52666.0
14:18,177.96,178.06,177.92,178.04,39481.0
14:19,177.93,177.99,177.91,177.95,35948.0
14:20,177.99,178.01,177.94,177.94,23439.0
14:21,177.87,178.0,177.87,177.99,98900.0
14:22,177.79,177.91,177.77,177.88,38354.0
14:23,177.59,177.77,177.59,177.77,57241.0
14:24,177.6,177.62,177.48,177.61,44206.0
14:25,177.6,177.69,177.58,177.69,41930.0
14:26,177.62,177.7,177.6,177.61,37732.0
14:27,177.54,177.63,177.52,177.62,41784.0
14:28,177.6,177.62,177.52,177.52,42151.0
14:29,177.55,177.63,177.55,177.59,27184.0
14:30,177.69,177.7,177.56,177.56,31286.0
14:31,177.77,177.79,177.66,177.68,68860.0
14:32,177.83,177.88,177.77,177.77,41653.0
14:33,177.77,177.87,177.76,177.83,55102.0
14:34,177.73,177.8,177.71,177.78,29395.0
14:35,177.81,177.86,177.74,177.74,29485.0
14:36,177.78,177.84,177.78,177.81,14957.0
14:37,177.78,177.83,177.76,177.77,22418.0
14:38,177.52,177.73,177.52,177.73,44272.0
14:39,177.47,177.51,177.44,177.51,38618.0
14:40,177.38,177.48,177.36,177.46,42488.0
14:41,177.38,177.43,177.33,177.38,124154.0
14:42,177.43,177.45,177.26,177.38,74086.0
14:43,177.51,177.59,177.42,177.43,36941.0
14:44,177.47,177.53,177.47,177.51,38417.0
14:45,176.16,177.58,175.5,177.49,1618299.0
14:46,176.63,176.79,176.08,176.16,171222.0
14:47,176.91,177.1,176.54,176.62,192240.0
14:48,177.01,177.05,176.82,176.93,81234.0
14:49,177.17,177.18,176.95,177.0,64907.0
14:50,177.06,177.29,177.05,177.16,64672.0
14:51,177.19,177.26,177.06,177.09,61427.0
14:52,177.21,177.35,177.13,177.19,70571.0
14:53,176.97,177.23,176.94,177.21,86214.0
14:54,176.98,177.04,176.83,176.96,82342.0
14:55,177.06,177.08,176.87,176.95,68510.0
14:56,177.19,177.19,177.04,177.05,56380.0
14:57,177.38,177.43,177.19,177.2,67818.0
14:58,177.35,177.44,177.32,177.38,51773.0
14:59,177.48,177.49,177.36,177.36,41595.0
15:00,177.6,177.69,177.5,177.5,83398.0
15:01,177.43,177.66,177.39,177.61,44339.0
15:02,177.42,177.44,177.26,177.42,48631.0
15:03,177.47,177.5,177.37,177.39,34618.0
15:04,177.49,177.51,177.43,177.47,61316.0
15:05,177.45,177.6,177.45,177.49,60904.0
15:06,177.38,177.5,177.38,177.46,45297.0
15:07,177.44,177.45,177.32,177.4,29653.0
15:08,177.47,177.51,177.39,177.43,35269.0
15:09,177.4,177.51,177.38,177.47,43294.0
15:10,177.41,177.43,177.27,177.41,41717.0
15:11,177.47,177.5,177.4,177.41,52357.0
15:12,177.54,177.55,177.44,177.45,54816.0
15:13,177.45,177.56,177.43,177.56,62341.0
15:14,177.4,177.42,177.39,177.41,39796.0
15:15,177.31,177.4,177.26,177.38,51587.0
15:16,177.31,177.35,177.24,177.31,78923.0
15:17,177.35,177.42,177.29,177.3,33865.0
15:18,177.35,177.44,177.34,177.34,43573.0
15:19,177.33,177.4,177.3,177.36,50176.0
15:20,177.39,177.41,177.32,177.32,69330.0
15:21,177.6,177.6,177.38,177.38,74666.0
15:22,177.54,177.6,177.49,177.59,49022.0
15:23,177.57,177.58,177.49,177.53,72202.0
15:24,177.45,177.59,177.42,177.58,74300.0
15:25,177.37,177.44,177.26,177.44,105612.0
15:26,177.43,177.48,177.36,177.37,49942.0
15:27,177.3,177.45,177.27,177.44,62951.0
15:28,177.27,177.36,177.26,177.32,55300.0
15:29,177.15,177.27,177.1,177.26,70920.0
15:30,177.02,177.17,176.98,177.15,99451.0
15:31,176.98,177.1,176.96,177.04,93587.0
15:32,176.95,176.98,176.81,176.98,61862.0
15:33,177.07,177.1,176.92,176.95,64623.0
15:34,177.15,177.22,177.07,177.08,66642.0
15:35,177.18,177.22,177.07,177.13,55981.0
15:36,177.16,177.19,177.12,177.12,49348.0
15:37,177.2,177.26,177.1,177.14,49800.0
15:38,177.33,177.33,177.02,177.17,270100.0
15:39,177.41,177.47,177.27,177.33,116195.0
15:40,177.2,177.41,177.16,177.41,199856.0
15:41,177.04,177.21,177.03,177.19,88611.0
15:42,177.0,177.07,176.9,177.04,105074.0
15:43,177.05,177.06,176.96,177.01,96227.0
15:44,177.1,177.15,177.04,177.07,77329.0
15:45,177.27,177.29,177.09,177.1,107225.0
15:46,177.23,177.32,177.22,177.27,87128.0
15:47,177.32,177.34,177.2,177.24,97580.0
15:48,177.46,177.46,177.33,177.33,81655.0
15:49,177.39,177.52,177.29,177.46,109458.0
15:50,177.52,177.63,177.27,177.33,204315.0
15:51,177.25,177.54,177.22,177.54,168616.0
15:52,177.18,177.37,177.15,177.32,143355.0
15:53,177.32,177.36,177.11,177.18,227536.0
15:54,177.39,177.51,177.24,177.34,266105.0
15:55,177.32,177.66,177.29,177.42,427986.0
15:56,177.29,177.4,177.23,177.32,234799.0
15:57,177.6,177.6,177.27,177.29,242399.0
15:58,177.51,177.59,177.48,177.59,266811.0
15:59,177.34,177.51,177.32,177.51,774677.0
