Time,Close,High,Low,Open,Volume
09:30,200.98,201.88,200.59,201.55,885927.0
09:31,201.23,201.7,200.98,200.98,79694.0
09:32,201.07,201.44,200.93,201.03,105716.0
09:33,200.91,201.18,200.89,201.07,131738.0
09:34,200.71,200.96,200.56,200.93,119832.0
09:35,200.64,200.92,200.59,200.68,90031.0
09:36,200.74,201.06,200.55,200.62,95022.0
09:37,200.06,200.71,199.95,200.71,134693.0
09:38,200.46,200.51,200.06,200.08,47701.0
09:39,200.21,200.71,200.2,200.47,51660.0
09:40,200.61,200.7,200.17,200.18,66261.0
09:41,200.42,200.89,200.4,200.61,78816.0
09:42,200.71,200.74,200.3,200.4,56631.0
09:43,200.78,201.01,200.72,200.72,96407.0
09:44,201.04,201.07,200.76,200.79,81124.0
09:45,201.1,201.18,200.96,201.02,66851.0
09:46,200.87,201.11,200.78,201.02,69906.0
09:47,200.88,200.9,200.84,200.88,10820.0
09:48,200.56,200.56,200.52,200.52,107035.0
09:49,200.65,200.66,200.38,200.54,49157.0
09:50,200.88,200.88,200.62,200.71,65460.0
09:51,200.79,200.9,200.68,200.88,36151.0
09:52,200.53,200.89,200.5,200.8,41637.0
09:53,200.27,200.57,200.26,200.53,49746.0
09:54,200.23,200.26,200.16,200.23,87127.0
09:55,200.39,200.5,200.1,200.18,66231.0
09:56,200.26,200.49,200.26,200.45,41380.0
09:57,200.46,200.5,200.23,200.27,40488.0
09:58,200.43,200.54,200.35,200.46,38169.0
09:59,200.35,200.45,200.24,200.4,43437.0
10:00,200.3,200.37,200.15,200.33,47897.0
10:01,200.22,200.4,200.16,200.31,38008.0
10:02,200.15,200.27,200.07,200.21,64748.0
10:03,199.94,200.16,199.91,200.15,72534.0
10:04,199.98,199.98,199.84,199.93,61423.0
10:05,200.01,200.03,199.85,199.98,43590.0
10:06,200.06,200.09,199.8,200.01,49743.0
10:07,200.16,200.24,200.11,200.12,53681.0
10:08,200.23,200.25,200.09,200.19,33654.0
10:09,200.48,200.49,200.24,200.24,36985.0
10:10,200.7,200.7,200.5,200.52,55305.0
10:11,200.83,200.91,200.69,200.69,52728.0
10:12,200.87,200.94,200.79,200.84,38176.0
10:13,200.7,200.86,200.59,200.86,46290.0
10:14,200.66,200.77,200.62,200.73,43879.0
10:15,200.79,200.8,200.6,200.7,33147.0
10:16,200.68,200.83,200.68,200.81,27140.0
10:17,200.85,201.04,200.66,200.71,105063.0
10:18,200.63,200.86,200.62,200.82,38738.0
10:19,200.58,200.69,200.53,200.63,36711.0
10:20,200.37,200.6,200.36,200.58,33875.0
10:21,200.42,200.42,200.34,200.4,27945.0
10:22,200.49,200.52,200.39,200.4,25844.0
10:23,200.42,200.51,200.41,200.51,22202.0
10:24,200.41,200.47,200.36,200.43,36539.0
10:25,200.45,200.54,200.41,200.41,30352.0
10:26,200.44,200.52,200.36,200.46,22295.0
10:27,200.47,200.49,200.37,200.44,21252.0
10:28,200.53,200.56,200.47,200.48,48886.0
10:29,200.4,200.54,200.34,200.54,21123.0
10:30,200.49,200.49,200.3,200.36,24608.0
10:31,200.51,200.58,200.49,200.53,23550.0
10:32,200.71,200.74,200.54,200.55,30040.0
10:33,200.73,200.73,200.67,200.73,31323.0
10:34,200.72,200.8,200.67,200.73,41660.0
10:35,200.72,200.72,200.61,200.72,17982.0
10:36,200.71,200.74,200.6,200.72,24041.0
10:37,200.93,200.94,200.68,200.72,32466.0
10:38,201.02,201.02,200.91,200.95,33889.0
10:39,200.91,200.99,200.85,200.98,23830.0
10:40,200.95,201.02,200.9,200.93,28957.0
10:41,201.04,201.04,200.9,200.97,21784.0
10:42,201.12,201.12,201.05,201.07,21690.0
10:43,201.27,201.27,201.13,201.13,28909.0
10:44,201.4,201.4,201.24,201.26,25925.0
10:45,201.47,201.53,201.38,201.4,37696.0
10:46,201.33,201.5,201.33,201.49,42972.0
10:47,201.25,201.37,201.22,201.33,24224.0
10:48,201.15,201.26,201.14,201.26,25570.0
10:49,201.21,201.37,201.14,201.16,17367.0
10:50,201.28,201.33,201.18,201.19,28800.0
10:51,201.18,201.28,201.14,201.28,29525.0
10:52,201.31,201.32,201.14,201.18,17350.0
10:53,201.39,201.44,201.32,201.32,20898.0
10:54,201.41,201.47,201.34,201.37,12136.0
10:55,201.44,201.45,201.4,201.44,16261.0
10:56,201.53,201.58,201.44,201.44,25846.0
10:57,201.26,201.52,201.26,201.52,23764.0
10:58,201.22,201.3,201.22,201.24,16226.0
10:59,201.21,201.24,201.19,201.21,15499.0
11:00,201.13,201.3,201.13,201.21,18687.0
11:01,201.06,201.12,201.03,201.12,25381.0
11:02,201.08,201.12,201.04,201.1,25125.0
11:03,201.04,201.11,200.95,201.09,28808.0
11:04,201.1,201.1,201.02,201.07,14190.0
11:05,201.1,201.14,201.05,201.06,27456.0
11:06,201.16,201.16,201.05,201.09,12881.0
11:07,201.01,201.16,200.95,201.15,16238.0
11:08,201.13,201.14,200.99,200.99,14234.0
11:09,201.19,201.19,201.06,201.15,18764.0
11:10,201.38,201.38,201.1,201.17,45542.0
11:11,201.4,201.43,201.34,201.39,21006.0
11:12,201.52,201.55,201.43,201.46,24137.0
11:13,201.58,201.58,201.48,201.51,13305.0
11:14,201.61,201.69,201.58,201.58,33313.0
11:15,201.64,201.65,201.56,201.62,35766.0
11:16,201.64,201.67,201.55,201.65,19514.0
11:17,201.69,201.74,201.65,201.65,45981.0
11:18,201.63,201.7,201.63,201.68,21739.0
11:19,201.67,201.75,201.65,201.7,17630.0
11:20,201.57,201.68,201.54,201.68,16216.0
11:21,201.68,201.7,201.57,201.57,16771.0
11:22,201.62,201.69,201.59,201.67,13250.0
11:23,201.71,201.77,201.61,201.62,23927.0
11:24,201.76,201.77,201.68,201.7,30265.0
11:25,201.73,201.78,201.72,201.75,14783.0
11:26,201.6,201.74,201.58,201.74,13916.0
11:27,201.54,201.57,201.53,201.57,15457.0
11:28,201.65,201.68,201.51,201.53,10487.0
11:29,201.57,201.68,201.52,201.66,14322.0
11:30,201.46,201.62,201.45,201.6,22673.0
11:31,201.42,201.53,201.42,201.48,19678.0
11:32,201.5,201.5,201.4,201.43,13682.0
11:33,201.49,201.55,201.45,201.49,12343.0
11:34,201.45,201.49,201.43,201.49,9971.0
11:35,201.4,201.46,201.37,201.42,20259.0
11:36,201.3,201.4,201.28,201.4,19898.0
11:37,201.29,201.3,201.18,201.3,25610.0
11:38,201.3,201.36,201.27,201.3,48957.0
11:39,201.33,201.38,201.28,201.28,12466.0
11:40,201.43,201.45,201.31,201.33,41810.0
11:41,201.38,201.5,201.38,201.43,10684.0
11:42,201.37,201.41,201.34,201.38,11860.0
11:43,201.53,201.53,201.4,201.4,20090.0
11:44,201.59,201.59,201.51,201.53,13531.0
11:45,201.54,201.61,201.54,201.6,16441.0
11:46,201.52,201.52,201.52,201.52,26322.0
11:47,201.53,201.59,201.49,201.52,34092.0
11:48,201.54,201.55,201.49,201.52,18501.0
11:49,201.49,201.6,201.49,201.53,21018.0
11:50,201.61,201.62,201.44,201.49,16167.0
11:51,201.71,201.73,201.61,201.61,23511.0
11:52,201.82,201.83,201.69,201.73,15095.0
11:53,201.82,201.86,201.81,201.82,13884.0
11:54,201.98,201.98,201.76,201.82,41162.0
11:55,201.92,202.05,201.9,201.98,194798.0
11:56,201.72,201.95,201.69,201.94,23033.0
11:57,201.84,201.84,201.69,201.7,15186.0
11:58,201.8,201.85,201.78,201.85,11392.0
11:59,201.79,201.82,201.74,201.81,41476.0
12:00,201.75,201.78,201.71,201.78,13151.0
12:01,201.89,201.89,201.7,201.74,9624.0
12:02,201.84,201.86,201.83,201.86,5794.0
12:03,201.8,201.82,201.77,201.81,6083.0
12:04,201.76,201.79,201.73,201.79,14382.0
12:05,201.73,201.8,201.72,201.76,10062.0
12:06,201.79,201.81,201.73,201.74,12582.0
12:07,201.78,201.82,201.76,201.79,21958.0
12:08,201.81,201.86,201.78,201.79,10154.0
12:09,201.82,201.83,201.79,201.82,14090.0
12:10,201.91,201.93,201.77,201.83,45841.0
12:11,201.89,201.9,201.84,201.88,14884.0
12:12,201.81,201.87,201.79,201.87,10232.0
12:13,201.84,201.85,201.76,201.77,9864.0
12:14,201.89,201.91,201.84,201.85,15709.0
12:15,201.82,201.87,201.82,201.85,12951.0
12:16,201.8,201.87,201.79,201.82,10815.0
12:17,201.88,201.91,201.8,201.8,18139.0
12:18,201.74,201.88,201.73,201.87,24874.0
12:19,201.75,201.75,201.67,201.73,14343.0
12:20,201.9,201.92,201.74,201.74,22358.0
12:21,201.94,201.94,201.87,201.92,15345.0
12:22,202.02,202.08,201.93,201.95,18230.0
12:23,201.95,202.0,201.91,201.98,9425.0
12:24,201.99,202.02,201.95,201.95,9262.0
12:25,201.85,201.95,201.84,201.95,12462.0
12:26,201.97,201.97,201.88,201.89,9994.0
12:27,201.97,202.03,201.96,201.98,9707.0
12:28,201.98,202.01,201.93,201.98,8079.0
12:29,201.98,202.02,201.98,201.98,6383.0
12:30,202.04,202.04,201.97,201.99,10057.0
12:31,202.06,202.16,202.04,202.04,49924.0
12:32,202.04,202.07,201.99,202.05,8411.0
12:33,202.02,202.07,201.99,202.06,9332.0
12:34,202.01,202.04,201.99,202.02,16053.0
12:35,202.01,202.04,202.0,202.01,11706.0
12:36,202.0,202.06,201.99,202.03,20297.0
12:37,201.94,202.07,201.84,202.01,38289.0
12:38,201.89,201.96,201.87,201.96,8192.0
12:39,201.8,201.9,201.79,201.89,10127.0
12:40,201.74,201.81,201.74,201.81,9372.0
12:41,201.76,201.8,201.7,201.73,9058.0
12:42,201.74,201.77,201.7,201.73,16402.0
12:43,201.7,201.8,201.7,201.76,8382.0
12:44,201.67,201.68,201.64,201.65,8406.0
12:45,201.69,201.72,201.64,201.65,13548.0
12:46,201.74,201.77,201.68,201.71,11309.0
12:47,201.67,201.76,201.66,201.76,13277.0
12:48,201.62,201.69,201.62,201.67,20826.0
12:49,201.69,201.7,201.57,201.62,29233.0
12:50,201.81,201.82,201.69,201.7,12244.0
12:51,201.86,201.88,201.79,201.8,15683.0
12:52,201.82,201.87,201.82,201.87,13439.0
12:53,201.86,201.87,201.82,201.84,10128.0
12:54,201.84,201.88,201.84,201.85,6980.0
12:55,201.92,201.92,201.84,201.84,15639.0
12:56,201.87,201.91,201.84,201.91,15465.0
12:57,201.84,201.89,201.84,201.89,11205.0
12:58,201.88,201.89,201.85,201.85,9575.0
12:59,201.74,201.88,201.73,201.88,21586.0
13:00,201.71,201.8,201.71,201.72,12649.0
13:01,201.82,201.82,201.7,201.71,13326.0
13:02,201.91,201.92,201.81,201.81,10119.0
13:03,201.9,201.95,201.9,201.9,11584.0
13:04,201.91,201.91,201.87,201.89,7247.0
13:05,201.97,201.97,201.9,201.9,12575.0
13:06,201.92,201.98,201.92,201.98,10841.0
13:07,201.91,201.95,201.9,201.91,13527.0
13:08,201.97,201.99,201.89,201.93,14922.0
13:09,201.89,202.0,201.88,201.97,25945.0
13:10,201.79,201.88,201.78,201.88,21585.0
13:11,201.74,201.79,201.74,201.77,19519.0
13:12,201.69,201.77,201.68,201.75,38403.0
13:13,201.71,201.75,201.66,201.67,31728.0
13:14,201.7,201.71,201.67,201.71,10806.0
13:15,201.7,201.7,201.69,201.69,12953.0
13:16,201.64,201.7,201.61,201.7,35911.0
13:17,201.65,201.71,201.62,201.65,33852.0
13:18,201.6,201.67,201.57,201.63,23140.0
13:19,201.61,201.62,201.56,201.62,9292.0
13:20,201.58,201.61,201.54,201.6,13268.0
13:21,201.66,201.66,201.57,201.57,9586.0
13:22,201.65,201.68,201.63,201.68,33108.0
13:23,201.65,201.67,201.62,201.64,11318.0
13:24,201.57,201.65,201.56,201.65,16927.0
13:25,201.55,201.58,201.53,201.56,11545.0
13:26,201.55,201.58,201.44,201.55,24575.0
13:27,201.62,201.62,201.54,201.57,11511.0
13:28,201.62,201.68,201.62,201.62,13232.0
13:29,201.61,201.64,201.6,201.6,9619.0
13:30,201.65,201.66,201.61,201.63,10296.0
13:31,201.68,201.69,201.63,201.64,11509.0
13:32,201.7,201.73,201.67,201.68,30071.0
13:33,201.69,201.74,201.68,201.69,22444.0
13:34,201.7,201.71,201.68,201.69,31928.0
13:35,201.68,201.72,201.66,201.69,17520.0
13:36,201.72,201.72,201.66,201.69,37386.0
13:37,201.77,201.79,201.71,201.71,26524.0
13:38,201.67,201.79,201.67,201.77,15464.0
13:39,201.81,201.81,201.68,201.68,15736.0
13:40,201.77,201.83,201.67,201.8,32373.0
13:41,201.86,201.9,201.79,201.79,29987.0
13:42,201.82,201.85,201.79,201.85,17100.0
13:43,201.65,201.81,201.64,201.8,86391.0
13:44,201.62,201.68,201.61,201.66,16319.0
13:45,201.6,201.64,201.59,201.63,14313.0
13:46,201.58,201.64,201.56,201.59,14800.0
13:47,201.63,201.68,201.58,201.58,27612.0
13:48,201.65,201.67,201.62,201.62,13111.0
13:49,201.56,201.64,201.56,201.64,31434.0
13:50,201.45,201.57,201.45,201.57,18488.0
13:51,201.54,201.54,201.44,201.44,17245.0
13:52,201.52,201.53,201.5,201.53,10322.0
13:53,201.55,201.59,201.53,201.53,17171.0
13:54,201.56,201.58,201.54,201.55,18158.0
13:55,201.54,201.61,201.52,201.55,28119.0
13:56,201.56,201.57,201.52,201.55,24669.0
13:57,201.56,201.57,201.53,201.56,25837.0
13:58,201.49,201.56,201.49,201.55,16395.0
13:59,201.54,201.55,201.49,201.49,17525.0
14:00,201.51,201.58,201.49,201.54,33641.0
14:01,201.55,201.57,201.49,201.51,27320.0
14:02,201.55,201.6,201.54,201.54,29460.0
14:03,201.5,201.54,201.49,201.53,26491.0
14:04,201.54,201.56,201.49,201.49,14877.0
14:05,201.55,201.57,201.52,201.55,30746.0
14:06,201.59,201.59,201.54,201.55,44180.0
14:07,201.54,201.59,201.54,201.59,34777.0
14:08,201.59,201.59,201.5,201.54,24074.0
14:09,201.6,201.64,201.58,201.59,54079.0
14:10,201.51,201.6,201.51,201.59,41655.0
14:11,201.56,201.56,201.48,201.51,52044.0
14:12,201.54,201.57,201.51,201.55,41216.0
14:13,201.58,201.59,201.54,201.55,19674.0
14:14,201.57,201.59,201.55,201.58,24622.0
14:15,201.57,201.6,201.55,201.57,37872.0
14:16,201.57,201.62,201.54,201.57,26763.0
14:17,201.55,201.58,201.54,201.57,24519.0
14:18,201.57,201.58,201.56,201.56,29062.0
14:19,201.59,201.65,201.57,201.57,65628.0
14:20,201.61,201.61,201.57,201.59,25671.0
14:21,201.55,201.63,201.55,201.62,46191.0
14:22,201.57,201.59,201.55,201.57,21295.0
14:23,201.51,201.58,201.51,201.58,32916.0
14:24,201.54,201.55,201.53,201.53,12297.0
14:25,201.67,201.68,201.52,201.52,58389.0
14:26,201.6,201.68,201.59,201.66,37145.0
14:27,201.57,201.6,201.5,201.6,29876.0
14:28,201.51,201.58,201.46,201.57,36550.0
14:29,201.51,201.52,201.49,201.51,15220.0
14:30,201.45,201.49,201.35,201.49,33076.0
14:31,201.5,201.51,201.49,201.49,21463.0
14:32,201.46,201.48,201.41,201.48,25186.0
14:33,201.47,201.53,201.45,201.46,22270.0
14:34,201.4,201.47,201.39,201.46,15839.0
14:35,201.37,201.44,201.35,201.4,50645.0
14:36,201.27,201.37,201.27,201.36,28809.0
14:37,201.31,201.34,201.26,201.27,19688.0
14:38,201.34,201.34,201.28,201.32,48759.0
14:39,201.39,201.41,201.33,201.33,30933.0
14:40,201.36,201.4,201.36,201.4,16348.0
14:41,201.33,201.37,201.32,201.37,14335.0
14:42,201.29,201.35,201.26,201.35,18643.0
14:43,201.25,201.29,201.25,201.27,24794.0
14:44,201.08,201.29,201.08,201.26,28280.0
14:45,201.19,201.2,201.04,201.08,29837.0
14:46,201.17,201.2,201.13,201.18,22023.0
14:47,201.29,201.3,201.17,201.17,19563.0
14:48,201.36,201.38,201.29,201.29,13128.0
14:49,201.49,201.49,201.35,201.37,20552.0
14:50,201.56,201.56,201.45,201.49,20737.0
14:51,201.57,201.57,201.5,201.55,24852.0
14:52,201.53,201.59,201.53,201.56,13759.0
14:53,201.46,201.53,201.46,201.53,9904.0
14:54,201.54,201.54,201.47,201.48,8489.0
14:55,201.59,201.6,201.53,201.54,16819.0
14:56,201.61,201.64,201.58,201.58,17018.0
14:57,201.58,201.62,201.57,201.62,15821.0
14:58,201.67,201.68,201.57,201.59,13633.0
14:59,201.68,201.71,201.66,201.67,13339.0
15:00,201.67,201.69,201.64,201.67,20007.0
15:01,201.57,201.67,201.57,201.66,15192.0
15:02,201.6,201.61,201.54,201.54,10794.0
15:03,201.59,201.67,201.59,201.61,13999.0
15:04,201.63,201.64,201.58,201.59,12354.0
15:05,201.62,201.65,201.56,201.64,10923.0
15:06,201.7,201.7,201.65,201.65,13397.0
15:07,201.7,201.73,201.68,201.7,21444.0
15:08,201.71,201.71,201.67,201.7,12517.0
15:09,201.68,201.75,201.68,201.74,14229.0
15:10,201.81,201.83,201.71,201.71,20464.0
15:11,201.82,201.85,201.8,201.83,28243.0
15:12,201.85,201.88,201.81,201.81,21614.0
15:13,201.87,201.87,201.84,201.85,15633.0
15:14,201.8,201.87,201.8,201.87,26306.0
15:15,201.76,201.79,201.74,201.78,25686.0
15:16,201.73,201.78,201.71,201.73,16709.0
15:17,201.73,201.75,201.68,201.71,26137.0
15:18,201.71,201.74,201.7,201.74,29147.0
15:19,201.76,201.78,201.71,201.71,27254.0
15:20,201.84,201.86,201.84,201.85,22886.0
15:21,201.82,201.85,201.81,201.84,21381.0
15:22,201.8,201.84,201.79,201.82,17734.0
15:23,201.82,201.85,201.81,201.82,30959.0
15:24,201.87,201.9,201.81,201.81,27952.0
15:25,201.82,201.87,201.8,201.87,35538.0
15:26,201.82,201.84,201.8,201.83,23669.0
15:27,201.78,201.85,201.77,201.83,24672.0
15:28,201.83,201.84,201.78,201.78,22536.0
15:29,201.81,201.85,201.77,201.84,25850.0
15:30,201.81,201.87,201.76,201.84,41076.0
15:31,201.85,201.85,201.76,201.82,41317.0
15:32,201.88,201.91,201.84,201.84,20093.0
15:33,201.84,201.9,201.81,201.87,37694.0
15:34,201.86,201.89,201.82,201.85,25102.0
15:35,201.8,201.88,201.77,201.88,44392.0
15:36,201.81,201.87,201.77,201.84,29293.0
15:37,201.81,201.84,201.75,201.81,39601.0
15:38,201.84,201.86,201.81,201.81,35190.0
15:39,201.81,201.85,201.81,201.85,25707.0
15:40,201.77,201.88,201.76,201.83,37079.0
15:41,201.72,201.77,201.68,201.77,28809.0
15:42,201.61,201.73,201.58,201.72,37880.0
15:43,201.67,201.67,201.61,201.61,24528.0
15:44,201.77,201.79,201.67,201.68,42580.0
15:45,201.68,201.76,201.67,201.76,25226.0
15:46,201.72,201.73,201.68,201.69,28949.0
15:47,201.71,201.76,201.69,201.74,28581.0
15:48,201.71,201.77,201.69,201.72,29135.0
15:49,201.69,201.75,201.67,201.72,27770.0
15:50,201.58,201.8,201.57,201.7,72598.0
15:51,201.4,201.62,201.37,201.59,58506.0
15:52,201.38,201.5,201.38,201.41,67655.0
15:53,201.3,201.37,201.28,201.37,53308.0
15:54,201.42,201.43,201.15,201.29,94631.0
15:55,201.33,201.45,201.21,201.4,105944.0
15:56,201.32,201.43,201.28,201.33,87541.0
15:57,201.37,201.41,201.3,201.32,160932.0
15:58,201.49,201.49,201.38,201.42,159200.0
15:59,201.54,201.72,201.48,201.49,589117.0
