Time,Close,High,Low,Open,Volume
09:30,166.2,167.43,165.75,167.1,2579713.0
09:31,167.04,167.47,165.97,166.23,478910.0
09:32,166.32,167.17,166.15,166.99,371266.0
09:33,167.81,168.06,166.35,166.35,473195.0
09:34,167.0,168.24,166.9,167.8,399758.0
09:35,167.24,167.39,166.82,166.98,283669.0
09:36,167.37,167.63,166.82,167.2,309567.0
09:37,166.37,167.37,166.32,167.34,252431.0
09:38,166.45,166.45,165.95,166.35,246160.0
09:39,166.04,166.52,165.96,166.46,293475.0
09:40,166.42,166.67,165.97,166.06,258858.0
09:41,166.18,166.43,166.07,166.4,174242.0
09:42,165.8,166.17,165.51,166.17,284317.0
09:43,165.84,166.16,165.73,165.88,191867.0
09:44,165.99,166.04,165.57,165.84,138970.0
09:45,166.15,166.17,165.75,165.99,139975.0
09:46,165.82,166.2,165.81,166.12,162332.0
09:47,165.47,165.99,165.35,165.8,242677.0
09:48,165.46,165.78,165.44,165.46,119641.0
09:49,165.07,165.58,164.98,165.45,196685.0
09:50,165.07,165.18,164.88,165.07,204626.0
09:51,164.55,165.14,164.36,165.0,215786.0
09:52,164.42,164.6,164.42,164.58,58630.0
09:53,164.43,164.54,164.32,164.49,232238.0
09:54,164.8,164.81,164.33,164.45,198840.0
09:55,165.13,165.15,164.66,164.8,227017.0
09:56,165.29,165.4,164.99,165.13,188911.0
09:57,165.25,165.31,165.04,165.27,150146.0
09:58,165.35,165.37,165.2,165.3,87037.0
09:59,165.15,165.36,165.12,165.33,84980.0
10:00,165.64,165.75,165.1,165.19,268078.0
10:01,165.82,166.02,165.67,165.67,136128.0
10:02,165.88,166.03,165.79,165.84,81759.0
10:03,165.3,165.89,165.26,165.86,131141.0
10:04,165.19,165.73,165.13,165.3,144213.0
10:05,165.72,165.72,165.19,165.19,87514.0
10:06,165.76,165.93,165.69,165.75,87558.0
10:07,166.0,166.08,165.71,165.72,101244.0
10:08,166.1,166.28,165.97,166.01,137221.0
10:09,166.42,166.46,166.07,166.12,159258.0
10:10,166.45,166.53,166.28,166.4,120482.0
10:11,166.53,166.59,166.35,166.49,87237.0
10:12,166.8,166.84,166.51,166.54,138606.0
10:13,166.44,166.85,166.44,166.82,101276.0
10:14,166.63,166.64,166.31,166.46,111827.0
10:15,166.36,166.79,166.34,166.65,86240.0
10:16,166.3,166.43,166.16,166.31,103306.0
10:17,166.75,166.76,166.22,166.32,73265.0
10:18,166.61,166.77,166.59,166.73,85761.0
10:19,166.53,166.63,166.47,166.59,55702.0
10:20,166.47,166.78,166.4,166.56,73909.0
10:21,166.04,166.62,166.0,166.47,97626.0
10:22,165.44,166.11,165.44,166.06,152163.0
10:23,165.42,165.55,165.16,165.44,165118.0
10:24,165.47,165.55,165.27,165.4,103206.0
10:25,165.26,165.51,165.1,165.5,99518.0
10:26,165.01,165.34,164.93,165.27,180364.0
10:27,165.13,165.2,164.93,165.02,74203.0
10:28,164.71,165.2,164.69,165.13,132143.0
10:29,164.75,164.96,164.69,164.7,83886.0
10:30,164.64,164.96,164.63,164.75,100476.0
10:31,164.46,164.63,164.34,164.63,141035.0
10:32,164.49,164.52,164.29,164.45,100515.0
10:33,164.67,164.71,164.47,164.5,111694.0
10:34,164.95,165.03,164.67,164.69,139397.0
10:35,165.0,165.08,164.8,164.97,90170.0
10:36,165.14,165.28,165.01,165.01,125717.0
10:37,165.36,165.43,165.08,165.14,96303.0
10:38,165.47,165.51,165.24,165.34,88508.0
10:39,165.35,165.52,165.34,165.47,62381.0
10:40,165.44,165.44,165.15,165.34,102384.0
10:41,165.49,165.57,165.41,165.48,97863.0
10:42,165.5,165.51,165.4,165.49,50617.0
10:43,165.75,165.75,165.47,165.49,79726.0
10:44,165.76,165.77,165.64,165.74,53661.0
10:45,165.68,165.79,165.56,165.74,81274.0
10:46,165.3,165.71,165.28,165.7,71413.0
10:47,165.13,165.32,165.04,165.3,88223.0
10:48,165.29,165.32,165.06,165.12,87326.0
10:49,165.32,165.33,165.15,165.32,70386.0
10:50,165.09,165.34,165.06,165.3,54702.0
10:51,165.02,165.27,165.0,165.07,59979.0
10:52,165.24,165.24,164.97,165.03,38568.0
10:53,165.28,165.35,165.2,165.24,59265.0
10:54,165.16,165.28,165.05,165.28,42769.0
10:55,164.81,165.21,164.8,165.21,66216.0
10:56,164.5,164.89,164.47,164.83,102555.0
10:57,164.59,164.66,164.41,164.5,65871.0
10:58,164.83,164.84,164.6,164.61,56403.0
10:59,165.02,165.02,164.76,164.85,71312.0
11:00,164.82,165.1,164.8,165.03,54985.0
11:01,164.83,164.96,164.8,164.83,28312.0
11:02,164.77,164.84,164.66,164.83,55578.0
11:03,164.95,164.97,164.65,164.78,65147.0
11:04,165.01,165.04,164.9,164.91,59001.0
11:05,165.32,165.35,164.98,165.0,78557.0
11:06,165.22,165.38,165.15,165.32,60488.0
11:07,165.14,165.26,165.04,165.22,42487.0
11:08,164.96,165.2,164.94,165.15,52258.0
11:09,165.05,165.07,164.96,164.96,37597.0
11:10,165.16,165.23,164.97,165.05,53311.0
11:11,165.27,165.32,165.15,165.18,63761.0
11:12,165.15,165.39,165.14,165.27,64297.0
11:13,165.14,165.16,164.98,165.15,68516.0
11:14,165.11,165.2,165.03,165.14,43906.0
11:15,165.09,165.18,165.08,165.09,33769.0
11:16,165.01,165.14,164.99,165.09,42003.0
11:17,164.79,165.0,164.73,165.0,113439.0
11:18,164.98,164.99,164.79,164.8,47228.0
11:19,164.95,164.98,164.83,164.98,26660.0
11:20,165.01,165.03,164.89,164.93,66658.0
11:21,165.03,165.11,165.0,165.03,76581.0
11:22,165.18,165.19,164.99,165.04,38510.0
11:23,165.24,165.32,165.13,165.18,58038.0
11:24,165.19,165.28,165.16,165.23,63976.0
11:25,165.08,165.21,165.04,165.21,50360.0
11:26,165.17,165.25,165.05,165.1,86817.0
11:27,165.26,165.33,165.15,165.15,57952.0
11:28,165.09,165.3,165.09,165.28,42777.0
11:29,164.88,165.09,164.83,165.08,70242.0
11:30,164.88,164.94,164.66,164.88,42325.0
11:31,164.9,164.94,164.77,164.88,34001.0
11:32,164.66,164.88,164.66,164.88,77379.0
11:33,164.72,164.82,164.59,164.67,54814.0
11:34,164.72,164.79,164.64,164.72,35092.0
11:35,164.51,164.68,164.45,164.68,68046.0
11:36,164.38,164.54,164.36,164.51,61363.0
11:37,164.26,164.64,164.12,164.4,108694.0
11:38,164.0,164.33,163.96,164.26,129909.0
11:39,164.19,164.21,163.97,163.99,88933.0
11:40,164.35,164.4,164.16,164.18,87945.0
11:41,164.37,164.49,164.32,164.35,70419.0
11:42,164.28,164.48,164.28,164.36,52251.0
11:43,164.04,164.29,164.0,164.27,68372.0
11:44,163.79,164.07,163.79,164.06,83290.0
11:45,163.8,163.83,163.65,163.8,106843.0
11:46,163.86,163.92,163.71,163.79,89264.0
11:47,163.95,163.96,163.81,163.87,86989.0
11:48,164.03,164.04,163.89,163.95,45722.0
11:49,164.16,164.2,164.01,164.05,64473.0
11:50,164.29,164.37,164.15,164.15,46016.0
11:51,164.35,164.39,164.26,164.3,42385.0
11:52,164.37,164.43,164.33,164.35,46080.0
11:53,164.34,164.38,164.25,164.37,45273.0
11:54,164.36,164.41,164.29,164.35,27648.0
11:55,164.22,164.38,164.1,164.37,46457.0
11:56,164.26,164.28,164.13,164.23,43544.0
11:57,164.42,164.44,164.23,164.27,37505.0
11:58,164.43,164.5,164.39,164.39,34534.0
11:59,164.19,164.42,164.16,164.42,47778.0
12:00,164.29,164.38,164.17,164.17,45383.0
12:01,164.22,164.3,164.14,164.29,36429.0
12:02,164.15,164.24,164.07,164.23,55982.0
12:03,164.03,164.26,163.99,164.15,42315.0
12:04,163.98,164.04,163.87,164.02,76618.0
12:05,164.1,164.13,163.91,163.99,45354.0
12:06,163.93,164.14,163.9,164.12,50001.0
12:07,163.96,164.03,163.87,163.92,53251.0
12:08,164.16,164.18,163.9,163.96,57775.0
12:09,164.19,164.28,164.16,164.16,40973.0
12:10,164.14,164.27,164.07,164.23,72718.0
12:11,164.19,164.22,164.07,164.13,41869.0
12:12,164.34,164.35,164.16,164.16,50277.0
12:13,164.3,164.4,164.28,164.35,37124.0
12:14,164.28,164.36,164.26,164.28,22768.0
12:15,164.23,164.33,164.22,164.28,26007.0
12:16,164.29,164.32,164.2,164.27,35735.0
12:17,164.22,164.32,164.15,164.3,35896.0
12:18,164.28,164.34,164.15,164.22,32820.0
12:19,164.27,164.32,164.26,164.29,38785.0
12:20,164.06,164.29,164.02,164.28,76378.0
12:21,163.91,164.05,163.84,164.02,64511.0
12:22,163.95,164.0,163.88,163.9,76323.0
12:23,163.9,163.97,163.84,163.96,67181.0
12:24,163.89,163.95,163.84,163.91,68075.0
12:25,163.82,163.91,163.73,163.89,80679.0
12:26,163.87,163.87,163.66,163.78,74877.0
12:27,164.04,164.09,163.86,163.88,75111.0
12:28,164.12,164.14,164.02,164.03,38352.0
12:29,164.04,164.13,164.0,164.12,59053.0
12:30,163.93,164.13,163.93,164.03,138057.0
12:31,164.09,164.09,163.91,163.93,62189.0
12:32,164.11,164.24,164.08,164.09,106206.0
12:33,163.99,164.13,163.96,164.1,72070.0
12:34,164.0,164.01,163.89,163.98,61915.0
12:35,163.88,164.12,163.88,164.05,72523.0
12:36,163.8,163.91,163.75,163.88,75206.0
12:37,163.68,163.82,163.66,163.81,72946.0
12:38,163.72,163.84,163.66,163.66,58603.0
12:39,163.79,163.8,163.68,163.74,64940.0
12:40,163.85,163.89,163.71,163.79,87029.0
12:41,164.0,164.03,163.87,163.88,55256.0
12:42,164.11,164.11,163.93,163.96,80093.0
12:43,164.24,164.27,164.09,164.11,67931.0
12:44,164.28,164.33,164.24,164.25,63393.0
12:45,164.3,164.31,164.16,164.27,90144.0
12:46,164.24,164.33,164.24,164.3,30084.0
12:47,163.96,164.24,163.96,164.24,76276.0
12:48,164.13,164.13,163.87,163.98,45756.0
12:49,164.32,164.33,164.13,164.13,37768.0
12:50,164.24,164.32,164.1,164.3,26853.0
12:51,164.53,164.53,164.24,164.27,145941.0
12:52,164.52,164.59,164.46,164.5,65260.0
12:53,164.59,164.7,164.52,164.53,80731.0
12:54,164.85,164.88,164.59,164.6,100412.0
12:55,164.74,164.88,164.72,164.85,47019.0
12:56,164.73,164.78,164.68,164.74,43789.0
12:57,164.69,164.8,164.67,164.73,46228.0
12:58,164.73,164.75,164.64,164.7,48341.0
12:59,164.73,164.76,164.64,164.72,50984.0
13:00,164.77,164.84,164.71,164.71,52440.0
13:01,164.69,164.78,164.61,164.74,41887.0
13:02,164.57,164.71,164.55,164.71,57691.0
13:03,164.69,164.69,164.5,164.57,53425.0
13:04,164.68,164.8,164.68,164.68,64386.0
13:05,164.88,164.88,164.67,164.68,36436.0
13:06,164.84,164.88,164.77,164.88,31896.0
13:07,164.95,165.02,164.82,164.82,79417.0
13:08,164.94,165.01,164.88,164.95,47663.0
13:09,164.94,164.95,164.77,164.9,28093.0
13:10,164.95,165.05,164.92,164.94,63474.0
13:11,164.88,164.97,164.88,164.94,27672.0
13:12,164.82,164.93,164.82,164.88,26482.0
13:13,164.68,164.88,164.68,164.85,26510.0
13:14,164.65,164.72,164.6,164.71,37961.0
13:15,164.46,164.64,164.46,164.64,52916.0
13:16,164.61,164.61,164.47,164.47,29288.0
13:17,164.72,164.72,164.55,164.6,47685.0
13:18,164.73,164.77,164.68,164.71,44553.0
13:19,164.82,164.83,164.68,164.73,40878.0
13:20,164.85,164.87,164.77,164.84,31715.0
13:21,164.85,164.89,164.81,164.84,38978.0
13:22,164.77,164.91,164.77,164.85,32662.0
13:23,164.9,164.94,164.72,164.76,58787.0
13:24,164.88,165.04,164.86,164.91,67156.0
13:25,164.95,165.07,164.86,164.88,90235.0
13:26,164.98,165.02,164.92,164.95,44795.0
13:27,165.02,165.15,164.95,164.98,85973.0
13:28,164.96,165.07,164.91,165.04,49110.0
13:29,164.87,165.05,164.85,164.94,59563.0
13:30,164.59,164.88,164.53,164.88,66836.0
13:31,164.58,164.64,164.52,164.59,35816.0
13:32,164.66,164.7,164.58,164.58,65261.0
13:33,164.75,164.87,164.66,164.69,47325.0
13:34,164.74,164.78,164.65,164.78,48451.0
13:35,164.64,164.76,164.62,164.73,40886.0
13:36,164.63,164.72,164.61,164.66,33803.0
13:37,164.57,164.63,164.5,164.62,75925.0
13:38,163.99,164.6,163.92,164.58,214892.0
13:39,164.0,164.17,163.9,164.04,77283.0
13:40,163.82,164.0,163.76,163.99,68437.0
13:41,164.25,164.32,163.83,163.89,51769.0
13:42,164.1,164.28,164.0,164.27,66431.0
13:43,164.01,164.13,163.94,164.09,32631.0
13:44,164.02,164.09,163.89,164.02,41641.0
13:45,163.88,164.01,163.82,164.0,42763.0
13:46,163.89,163.97,163.85,163.88,27183.0
13:47,163.74,163.88,163.67,163.88,49684.0
13:48,163.61,163.81,163.57,163.71,48107.0
13:49,163.62,163.65,163.37,163.62,90740.0
13:50,163.32,163.64,163.2,163.6,83914.0
13:51,163.47,163.49,163.24,163.33,57225.0
13:52,163.21,163.53,163.15,163.48,54607.0
13:53,163.48,163.48,163.22,163.22,55423.0
13:54,163.37,163.45,163.29,163.43,35248.0
13:55,163.37,163.48,163.33,163.37,46184.0
13:56,163.48,163.5,163.24,163.36,46326.0
13:57,163.55,163.59,163.42,163.5,39082.0
13:58,163.65,163.69,163.43,163.52,35067.0
13:59,163.74,163.79,163.64,163.66,42740.0
14:00,163.67,163.86,163.61,163.74,76973.0
14:01,163.68,163.7,163.6,163.67,24588.0
14:02,163.85,163.87,163.65,163.68,49338.0
14:03,163.94,164.0,163.82,163.83,30415.0
14:04,163.86,163.94,163.76,163.94,39561.0
14:05,163.79,163.9,163.77,163.86,39804.0
14:06,163.9,163.91,163.78,163.78,34837.0
14:07,163.82,163.97,163.81,163.92,29097.0
14:08,163.84,163.92,163.79,163.83,20014.0
14:09,163.86,163.89,163.78,163.84,18831.0
14:10,163.77,163.95,163.74,163.84,27888.0
14:11,163.65,163.86,163.64,163.77,21996.0
14:12,163.72,163.74,163.61,163.65,61704.0
14:13,163.58,163.74,163.55,163.73,34935.0
14:14,163.48,163.61,163.48,163.6,32486.0
14:15,163.54,163.56,163.47,163.49,37633.0
14:16,163.6,163.63,163.54,163.57,30455.0
14:17,163.68,163.72,163.54,163.6,62627.0
14:18,163.69,163.74,163.63,163.68,25238.0
14:19,163.69,163.74,163.63,163.69,25656.0
14:20,163.66,163.67,163.56,163.67,34749.0
14:21,163.78,163.78,163.62,163.64,26955.0
14:22,163.88,163.93,163.77,163.77,48487.0
14:23,163.96,164.0,163.87,163.89,39339.0
14:24,163.91,163.97,163.89,163.95,39357.0
14:25,163.94,164.01,163.87,163.89,62140.0
14:26,163.78,163.93,163.71,163.92,36070.0
14:27,163.68,163.82,163.62,163.78,40280.0
14:28,163.57,163.67,163.57,163.64,25327.0
14:29,163.6,163.65,163.53,163.59,38603.0
14:30,163.6,163.68,163.55,163.62,26567.0
14:31,163.63,163.72,163.57,163.57,40910.0
14:32,163.66,163.7,163.62,163.64,25985.0
14:33,163.68,163.71,163.65,163.66,33784.0
14:34,163.68,163.75,163.63,163.67,45085.0
14:35,163.72,163.78,163.68,163.69,37504.0
14:36,163.81,163.81,163.64,163.72,41450.0
14:37,163.82,163.86,163.77,163.82,43424.0
14:38,163.74,163.88,163.74,163.81,35879.0
14:39,163.77,163.79,163.7,163.74,30013.0
14:40,163.87,163.87,163.78,163.78,32345.0
14:41,163.94,163.94,163.85,163.87,51512.0
14:42,163.95,164.01,163.9,163.93,70619.0
14:43,164.08,164.08,163.95,163.95,29795.0
14:44,164.06,164.11,164.0,164.07,32482.0
14:45,164.18,164.2,164.07,164.07,39811.0
14:46,164.17,164.3,164.17,164.2,44575.0
14:47,164.13,164.19,164.1,164.15,32195.0
14:48,164.14,164.17,164.05,164.11,22761.0
14:49,164.16,164.17,164.1,164.13,14590.0
14:50,163.83,164.15,163.03,164.15,142792.0
14:51,163.77,163.94,163.77,163.87,56688.0
14:52,163.68,163.85,163.68,163.79,35367.0
14:53,163.69,163.73,163.64,163.66,34178.0
14:54,163.88,163.9,163.68,163.7,46487.0
14:55,163.82,163.91,163.77,163.89,37095.0
14:56,163.7,163.84,163.69,163.83,29326.0
14:57,163.69,163.82,163.68,163.7,26711.0
14:58,163.74,163.79,163.66,163.67,38395.0
14:59,163.58,163.75,163.58,163.75,45037.0
15:00,163.69,163.75,163.49,163.56,40191.0
15:01,163.71,163.8,163.67,163.68,28483.0
15:02,163.86,163.91,163.71,163.73,39839.0
15:03,163.9,163.92,163.82,163.87,29895.0
15:04,163.94,164.0,163.86,163.88,33401.0
15:05,164.09,164.09,163.92,163.94,45275.0
15:06,164.12,164.18,164.04,164.09,52569.0
15:07,164.21,164.22,164.09,164.15,36004.0
15:08,164.09,164.24,164.04,164.18,54538.0
15:09,164.09,164.18,164.06,164.06,29141.0
15:10,164.05,164.12,164.03,164.09,35787.0
15:11,163.91,164.06,163.89,164.06,38997.0
15:12,163.85,163.96,163.85,163.93,26970.0
15:13,163.79,163.91,163.78,163.87,32648.0
15:14,163.88,163.88,163.76,163.81,40346.0
15:15,163.75,163.88,163.74,163.88,27747.0
15:16,163.91,163.95,163.72,163.73,38890.0
15:17,164.12,164.12,163.89,163.93,46643.0
15:18,164.06,164.1,164.03,164.09,38087.0
15:19,163.93,164.1,163.92,164.07,31477.0
15:20,163.92,163.97,163.87,163.91,29539.0
15:21,164.11,164.12,163.91,163.92,44058.0
15:22,164.1,164.14,164.08,164.11,32358.0
15:23,164.11,164.12,164.05,164.1,29597.0
15:24,164.11,164.18,164.09,164.11,26309.0
15:25,164.09,164.12,164.05,164.12,23006.0
15:26,164.03,164.09,164.0,164.09,45345.0
15:27,164.01,164.03,163.95,164.02,47513.0
15:28,163.8,164.03,163.79,164.01,40230.0
15:29,163.84,163.9,163.79,163.82,43759.0
15:30,163.61,163.78,163.56,163.78,57917.0
15:31,163.64,163.74,163.61,163.62,58602.0
15:32,163.72,163.77,163.58,163.66,57074.0
15:33,163.79,163.84,163.71,163.72,37013.0
15:34,163.71,163.81,163.71,163.79,42445.0
15:35,163.77,163.77,163.63,163.73,38576.0
15:36,163.74,163.85,163.74,163.76,30840.0
15:37,163.69,163.83,163.68,163.73,28934.0
15:38,163.61,163.7,163.61,163.69,32444.0
15:39,163.61,163.64,163.57,163.63,38034.0
15:40,163.62,163.7,163.58,163.62,44195.0
15:41,163.59,163.64,163.57,163.63,43482.0
15:42,163.8,163.8,163.59,163.59,40178.0
15:43,163.73,163.8,163.67,163.8,78881.0
15:44,163.7,163.78,163.67,163.73,35926.0
15:45,163.7,163.75,163.63,163.73,24054.0
15:46,163.7,163.71,163.62,163.71,53133.0
15:47,163.69,163.74,163.65,163.69,38705.0
15:48,163.72,163.76,163.67,163.67,51729.0
15:49,163.65,163.73,163.61,163.73,39228.0
15:50,163.85,163.91,163.68,163.68,133765.0
15:51,163.85,163.86,163.76,163.86,88578.0
15:52,163.85,163.94,163.8,163.84,84379.0
15:53,163.78,163.87,163.71,163.83,167080.0
15:54,163.9,163.92,163.73,163.79,162505.0
15:55,163.83,163.95,163.73,163.94,135968.0
15:56,163.85,163.93,163.79,163.83,132137.0
15:57,163.82,163.86,163.74,163.85,265709.0
15:58,163.94,163.96,163.81,163.81,271915.0
15:59,163.78,164.04,163.78,163.93,544849.0
