Time,Close,High,Low,Open,Volume
09:30,203.59,204.29,203.52,203.91,432993.0
09:31,203.02,203.62,202.92,203.59,125427.0
09:32,202.77,203.11,202.66,203.0,126446.0
09:33,202.59,202.84,202.55,202.79,27754.0
09:34,202.38,202.46,202.25,202.26,144194.0
09:35,202.3,202.6,202.19,202.36,74086.0
09:36,202.32,202.49,202.16,202.32,79428.0
09:37,202.51,202.51,202.17,202.32,44210.0
09:38,202.45,202.49,202.29,202.48,51057.0
09:39,202.42,202.55,202.35,202.46,54736.0
09:40,202.79,203.07,202.35,202.41,66806.0
09:41,202.74,202.85,202.63,202.79,53064.0
09:42,202.96,203.02,202.69,202.73,38496.0
09:43,202.65,203.03,202.58,202.96,45608.0
09:44,202.49,202.71,202.42,202.62,45798.0
09:45,202.27,202.49,202.25,202.43,51775.0
09:46,202.3,202.4,202.24,202.27,23189.0
09:47,202.17,202.3,202.07,202.22,91177.0
09:48,202.04,202.19,201.9,202.16,159165.0
09:49,202.17,202.22,201.98,202.03,73134.0
09:50,202.17,202.42,202.13,202.17,38532.0
09:51,201.93,202.2,201.9,202.2,44666.0
09:52,202.05,202.05,201.84,201.94,37697.0
09:53,202.21,202.34,202.05,202.05,52318.0
09:54,202.21,202.35,202.17,202.21,52702.0
09:55,202.08,202.21,202.03,202.19,30630.0
09:56,202.27,202.3,202.07,202.09,40536.0
09:57,202.47,202.48,202.3,202.3,25425.0
09:58,202.54,202.59,202.42,202.47,30902.0
09:59,202.57,202.63,202.47,202.58,39695.0
10:00,202.8,202.86,202.52,202.57,79087.0
10:01,202.96,203.1,202.92,203.04,55314.0
10:02,202.89,203.09,202.85,202.95,41489.0
10:03,203.1,203.12,202.75,202.84,35929.0
10:04,203.45,203.46,203.12,203.13,60904.0
10:05,203.38,203.5,203.26,203.45,39311.0
10:06,203.23,203.42,203.16,203.37,50927.0
10:07,203.16,203.32,203.13,203.22,24458.0
10:08,202.86,203.17,202.85,203.15,61153.0
10:09,203.07,203.18,202.8,202.83,20908.0
10:10,202.97,203.07,202.92,203.06,27669.0
10:11,202.71,202.97,202.71,202.97,36691.0
10:12,202.76,202.87,202.7,202.71,25672.0
10:13,202.62,202.78,202.58,202.77,22485.0
10:14,202.58,202.69,202.52,202.59,29432.0
10:15,202.45,202.58,202.44,202.58,24223.0
10:16,202.12,202.53,202.12,202.46,49397.0
10:17,202.18,202.27,202.12,202.12,33350.0
10:18,202.28,202.35,202.22,202.22,22076.0
10:19,202.33,202.38,202.21,202.24,29217.0
10:20,202.31,202.47,202.28,202.32,26263.0
10:21,202.4,202.43,202.18,202.33,23809.0
10:22,202.46,202.46,202.34,202.38,23781.0
10:23,202.39,202.5,202.38,202.48,22799.0
10:24,202.31,202.43,202.26,202.38,31167.0
10:25,202.24,202.41,202.23,202.34,27689.0
10:26,202.23,202.28,202.18,202.24,29005.0
10:27,202.07,202.26,202.02,202.22,31709.0
10:28,202.02,202.07,201.84,202.07,120783.0
10:29,202.05,202.08,201.98,202.05,27208.0
10:30,201.92,202.14,201.89,202.05,62912.0
10:31,201.89,201.97,201.68,201.93,49854.0
10:32,202.09,202.18,201.86,201.87,77037.0
10:33,202.27,202.29,202.03,202.09,49003.0
10:34,202.0,202.27,201.95,202.27,36256.0
10:35,202.07,202.09,201.99,202.03,24132.0
10:36,201.87,202.07,201.84,202.05,37435.0
10:37,201.69,201.91,201.66,201.87,34474.0
10:38,201.51,201.74,201.47,201.69,69111.0
10:39,201.31,201.55,201.22,201.54,73202.0
10:40,201.53,201.6,201.38,201.38,56418.0
10:41,201.51,201.59,201.44,201.52,32514.0
10:42,201.51,201.55,201.46,201.49,34426.0
10:43,201.29,201.55,201.28,201.53,37415.0
10:44,201.19,201.3,201.05,201.3,57494.0
10:45,201.13,201.22,201.13,201.16,60358.0
10:46,201.25,201.31,201.11,201.13,41680.0
10:47,201.3,201.36,201.2,201.2,37051.0
10:48,201.32,201.38,201.18,201.29,59902.0
10:49,201.24,201.36,201.21,201.3,49152.0
10:50,201.12,201.22,201.02,201.21,54367.0
10:51,201.03,201.17,201.0,201.11,68374.0
10:52,201.27,201.31,201.09,201.09,41019.0
10:53,201.54,201.55,201.25,201.27,33478.0
10:54,201.55,201.69,201.5,201.57,42407.0
10:55,201.66,201.7,201.53,201.56,64028.0
10:56,201.68,201.72,201.66,201.66,37602.0
10:57,201.47,201.69,201.45,201.69,29678.0
10:58,201.35,201.54,201.33,201.49,42146.0
10:59,201.39,201.47,201.35,201.38,18374.0
11:00,201.44,201.46,201.32,201.41,35992.0
11:01,201.44,201.49,201.36,201.44,25449.0
11:02,201.4,201.53,201.4,201.49,35424.0
11:03,201.54,201.54,201.34,201.43,40935.0
11:04,201.47,201.61,201.46,201.54,31478.0
11:05,201.64,201.67,201.47,201.49,29168.0
11:06,201.48,201.66,201.46,201.62,28533.0
11:07,201.51,201.7,201.5,201.51,24368.0
11:08,201.41,201.58,201.4,201.55,17490.0
11:09,201.61,201.62,201.39,201.4,15461.0
11:10,201.54,201.62,201.49,201.61,12480.0
11:11,201.55,201.61,201.53,201.58,17668.0
11:12,201.51,201.59,201.43,201.58,17868.0
11:13,201.64,201.64,201.44,201.5,18782.0
11:14,201.71,201.72,201.63,201.63,20476.0
11:15,201.71,201.83,201.71,201.72,17056.0
11:16,201.74,201.82,201.71,201.71,9441.0
11:17,201.73,201.76,201.66,201.72,27530.0
11:18,201.8,201.81,201.71,201.72,14156.0
11:19,201.78,201.82,201.77,201.82,17889.0
11:20,201.72,201.78,201.69,201.77,16621.0
11:21,201.71,201.74,201.69,201.71,5843.0
11:22,201.64,201.67,201.6,201.64,33804.0
11:23,201.57,201.59,201.52,201.56,61764.0
11:24,201.5,201.56,201.43,201.55,16558.0
11:25,201.42,201.56,201.42,201.5,18584.0
11:26,201.5,201.55,201.45,201.45,22762.0
11:27,201.51,201.59,201.49,201.51,22372.0
11:28,201.44,201.57,201.43,201.5,25149.0
11:29,201.43,201.44,201.4,201.42,18101.0
11:30,201.4,201.47,201.4,201.45,14124.0
11:31,201.55,201.56,201.4,201.4,42702.0
11:32,201.62,201.62,201.54,201.54,16804.0
11:33,201.71,201.71,201.6,201.6,8604.0
11:34,201.55,201.74,201.5,201.72,18249.0
11:35,201.58,201.64,201.55,201.55,14660.0
11:36,201.5,201.6,201.46,201.57,10350.0
11:37,201.54,201.54,201.44,201.49,13957.0
11:38,201.52,201.55,201.5,201.53,18473.0
11:39,201.53,201.57,201.5,201.53,15138.0
11:40,201.65,201.66,201.52,201.52,21303.0
11:41,201.58,201.64,201.51,201.64,18687.0
11:42,201.66,201.66,201.58,201.58,20760.0
11:43,201.72,201.76,201.62,201.63,16877.0
11:44,201.75,201.8,201.67,201.73,16504.0
11:45,201.7,201.78,201.67,201.74,17838.0
11:46,201.66,201.79,201.63,201.72,17721.0
11:47,201.7,201.75,201.68,201.69,12839.0
11:48,201.82,201.82,201.7,201.7,15556.0
11:49,201.76,201.82,201.74,201.82,16526.0
11:50,201.8,201.83,201.77,201.78,11857.0
11:51,201.64,201.82,201.62,201.8,13727.0
11:52,201.6,201.71,201.6,201.66,15847.0
11:53,201.65,201.69,201.59,201.62,24710.0
11:54,201.6,201.65,201.56,201.65,15057.0
11:55,201.54,201.64,201.54,201.6,13406.0
11:56,201.6,201.61,201.51,201.51,18066.0
11:57,201.65,201.65,201.6,201.62,13237.0
11:58,201.6,201.69,201.6,201.68,13300.0
11:59,201.56,201.65,201.52,201.61,11918.0
12:00,201.61,201.65,201.55,201.55,18302.0
12:01,201.71,201.71,201.55,201.6,21919.0
12:02,201.65,201.7,201.62,201.7,12378.0
12:03,201.53,201.63,201.48,201.63,24035.0
12:04,201.52,201.58,201.5,201.54,22806.0
12:05,201.42,201.54,201.41,201.54,13095.0
12:06,201.37,201.46,201.35,201.41,28829.0
12:07,201.19,201.36,201.18,201.36,29553.0
12:08,201.21,201.24,201.17,201.17,19052.0
12:09,201.21,201.29,201.2,201.21,18812.0
12:10,201.14,201.22,201.12,201.21,19814.0
12:11,201.14,201.2,201.1,201.15,20209.0
12:12,201.01,201.16,201.0,201.15,33501.0
12:13,200.96,201.04,200.93,201.01,54760.0
12:14,200.93,201.02,200.93,200.95,26910.0
12:15,201.1,201.1,200.94,200.94,37146.0
12:16,201.35,201.38,201.12,201.13,18685.0
12:17,201.43,201.43,201.31,201.35,17200.0
12:18,201.45,201.47,201.35,201.43,30726.0
12:19,201.38,201.46,201.38,201.46,27455.0
12:20,201.47,201.6,201.4,201.4,39568.0
12:21,201.57,201.65,201.42,201.48,16034.0
12:22,201.5,201.62,201.49,201.57,19625.0
12:23,201.57,201.61,201.49,201.49,13461.0
12:24,201.47,201.59,201.47,201.56,12909.0
12:25,201.35,201.51,201.32,201.47,23714.0
12:26,201.43,201.45,201.33,201.33,17772.0
12:27,201.3,201.45,201.3,201.43,8378.0
12:28,201.4,201.44,201.31,201.31,13420.0
12:29,201.49,201.52,201.42,201.42,12751.0
12:30,201.48,201.52,201.45,201.51,11377.0
12:31,201.4,201.48,201.39,201.46,17267.0
12:32,201.43,201.5,201.4,201.4,13731.0
12:33,201.48,201.53,201.44,201.46,16683.0
12:34,201.53,201.54,201.38,201.45,24142.0
12:35,201.56,201.6,201.5,201.54,17338.0
12:36,201.5,201.57,201.5,201.57,8399.0
12:37,201.52,201.55,201.47,201.51,8683.0
12:38,201.51,201.55,201.48,201.55,12250.0
12:39,201.46,201.52,201.4,201.51,14932.0
12:40,201.38,201.46,201.32,201.45,17407.0
12:41,201.33,201.39,201.28,201.38,17933.0
12:42,201.38,201.38,201.3,201.35,16622.0
12:43,201.26,201.29,201.26,201.28,26945.0
12:44,201.42,201.42,201.27,201.3,17077.0
12:45,201.28,201.46,201.25,201.41,17093.0
12:46,201.36,201.36,201.21,201.28,42820.0
12:47,201.35,201.41,201.35,201.37,23456.0
12:48,201.38,201.4,201.27,201.37,20762.0
12:49,201.43,201.45,201.37,201.38,9245.0
12:50,201.4,201.46,201.36,201.41,11736.0
12:51,201.47,201.49,201.4,201.43,11811.0
12:52,201.48,201.57,201.46,201.5,13121.0
12:53,201.44,201.52,201.44,201.48,9716.0
12:54,201.38,201.48,201.38,201.43,9857.0
12:55,201.37,201.44,201.35,201.39,12352.0
12:56,201.37,201.38,201.31,201.37,12581.0
12:57,201.4,201.4,201.29,201.38,16642.0
12:58,201.43,201.44,201.3,201.39,18138.0
12:59,201.32,201.44,201.29,201.41,54260.0
13:00,201.36,201.37,201.25,201.35,30190.0
13:01,201.37,201.37,201.22,201.36,19815.0
13:02,201.4,201.44,201.33,201.37,15871.0
13:03,201.42,201.42,201.37,201.4,15480.0
13:04,201.42,201.48,201.4,201.4,12610.0
13:05,201.4,201.48,201.34,201.4,18896.0
13:06,201.44,201.46,201.33,201.4,21436.0
13:07,201.49,201.5,201.38,201.45,20795.0
13:08,201.42,201.62,201.42,201.5,21093.0
13:09,201.4,201.46,201.33,201.44,18534.0
13:10,201.41,201.49,201.41,201.42,15553.0
13:11,201.4,201.43,201.35,201.43,15798.0
13:12,201.54,201.55,201.41,201.42,18627.0
13:13,201.49,201.55,201.47,201.53,20556.0
13:14,201.49,201.5,201.43,201.49,10639.0
13:15,201.52,201.64,201.42,201.5,18465.0
13:16,201.53,201.59,201.53,201.53,16864.0
13:17,201.54,201.55,201.48,201.53,10497.0
13:18,201.46,201.54,201.46,201.53,11729.0
13:19,201.56,201.58,201.44,201.44,10613.0
13:20,201.61,201.68,201.55,201.55,17254.0
13:21,201.58,201.65,201.58,201.62,14344.0
13:22,201.66,201.71,201.61,201.61,13900.0
13:23,201.7,201.7,201.62,201.66,9117.0
13:24,201.65,201.7,201.63,201.7,10617.0
13:25,201.74,201.77,201.64,201.65,17761.0
13:26,201.71,201.72,201.66,201.72,10169.0
13:27,201.75,201.76,201.68,201.7,9109.0
13:28,201.8,201.8,201.74,201.76,14807.0
13:29,201.76,201.79,201.72,201.79,13180.0
13:30,201.85,201.87,201.75,201.76,23260.0
13:31,201.91,201.94,201.83,201.83,21258.0
13:32,201.99,202.0,201.91,201.91,17625.0
13:33,202.04,202.05,201.99,202.0,28403.0
13:34,202.05,202.1,202.01,202.05,28185.0
13:35,202.04,202.1,201.98,202.08,18947.0
13:36,202.01,202.04,201.97,202.04,8517.0
13:37,202.1,202.11,202.02,202.02,8655.0
13:38,202.16,202.16,202.08,202.1,12902.0
13:39,202.09,202.15,202.08,202.15,10766.0
13:40,202.1,202.12,202.04,202.08,11897.0
13:41,202.15,202.15,202.07,202.12,15253.0
13:42,202.08,202.15,202.07,202.15,10451.0
13:43,202.16,202.16,202.1,202.11,9767.0
13:44,202.12,202.16,202.05,202.15,15427.0
13:45,202.01,202.13,202.01,202.12,11686.0
13:46,201.92,202.01,201.85,201.98,16403.0
13:47,201.94,202.0,201.94,201.96,8742.0
13:48,201.91,201.99,201.9,201.96,6293.0
13:49,201.95,201.95,201.86,201.91,11950.0
13:50,201.94,202.0,201.91,201.96,14645.0
13:51,201.93,202.0,201.91,201.91,23865.0
13:52,201.88,201.93,201.86,201.93,7315.0
13:53,201.87,201.88,201.76,201.87,17854.0
13:54,201.93,201.94,201.85,201.86,9639.0
13:55,201.93,201.97,201.9,201.92,7512.0
13:56,201.94,201.96,201.85,201.89,9123.0
13:57,202.03,202.04,201.95,201.95,7911.0
13:58,201.99,202.05,201.88,202.04,19149.0
13:59,202.02,202.04,201.97,202.0,8238.0
14:00,202.01,202.05,201.98,202.0,13519.0
14:01,201.93,202.01,201.93,202.01,8328.0
14:02,202.01,202.03,201.93,201.95,17499.0
14:03,201.83,202.02,201.83,202.02,10313.0
14:04,201.87,201.87,201.78,201.86,11276.0
14:05,201.84,201.89,201.81,201.87,13983.0
14:06,201.91,201.92,201.79,201.82,13924.0
14:07,201.96,201.99,201.9,201.9,13953.0
14:08,201.92,201.94,201.88,201.94,12938.0
14:09,201.99,202.01,201.91,201.93,17972.0
14:10,201.95,202.02,201.93,201.99,11468.0
14:11,201.97,201.98,201.92,201.96,8503.0
14:12,201.88,201.97,201.88,201.97,12032.0
14:13,201.88,201.89,201.84,201.88,12898.0
14:14,201.82,201.9,201.82,201.88,5589.0
14:15,201.82,201.84,201.8,201.82,8398.0
14:16,201.83,201.89,201.81,201.82,10168.0
14:17,201.9,201.91,201.82,201.82,9121.0
14:18,201.89,201.9,201.82,201.9,11702.0
14:19,201.87,201.88,201.83,201.88,8356.0
14:20,201.86,201.9,201.84,201.84,8120.0
14:21,201.88,201.93,201.87,201.88,7711.0
14:22,201.85,201.89,201.85,201.89,10314.0
14:23,201.79,201.86,201.76,201.85,17805.0
14:24,201.77,201.79,201.74,201.78,9960.0
14:25,201.9,201.91,201.77,201.78,10360.0
14:26,201.84,201.9,201.84,201.88,10650.0
14:27,201.79,201.83,201.76,201.82,11093.0
14:28,201.88,201.9,201.78,201.79,15922.0
14:29,202.0,202.0,201.87,201.88,15362.0
14:30,202.03,202.1,201.99,201.99,25227.0
14:31,202.03,202.07,201.99,202.02,16606.0
14:32,202.06,202.07,201.95,202.03,17758.0
14:33,202.04,202.07,202.01,202.06,10776.0
14:34,202.02,202.06,202.0,202.03,11137.0
14:35,201.99,202.03,201.98,202.0,8095.0
14:36,201.96,202.01,201.96,201.99,8673.0
14:37,202.0,202.0,201.95,201.96,14170.0
14:38,202.02,202.05,201.99,201.99,13675.0
14:39,202.06,202.06,202.01,202.01,10583.0
14:40,202.18,202.2,202.06,202.06,21911.0
14:41,202.14,202.21,202.13,202.18,17591.0
14:42,202.17,202.21,202.16,202.18,8174.0
14:43,202.12,202.18,202.12,202.17,16121.0
14:44,202.21,202.24,202.13,202.13,14117.0
14:45,202.19,202.24,202.18,202.22,12123.0
14:46,202.17,202.24,202.17,202.2,10577.0
14:47,202.18,202.25,202.18,202.18,12973.0
14:48,202.18,202.23,202.18,202.22,12047.0
14:49,202.16,202.21,202.14,202.18,14210.0
14:50,202.13,202.18,202.1,202.13,17812.0
14:51,202.13,202.16,202.11,202.14,9835.0
14:52,202.18,202.18,202.09,202.11,11560.0
14:53,202.26,202.26,202.15,202.18,22004.0
14:54,202.28,202.28,202.23,202.25,8630.0
14:55,202.3,202.31,202.27,202.28,25743.0
14:56,202.28,202.32,202.27,202.29,15672.0
14:57,202.21,202.28,202.17,202.28,14285.0
14:58,202.22,202.22,202.15,202.2,10868.0
14:59,202.19,202.27,202.18,202.22,12834.0
15:00,202.13,202.19,202.11,202.18,13180.0
15:01,202.07,202.24,202.07,202.13,34583.0
15:02,202.12,202.18,202.07,202.08,16039.0
15:03,202.16,202.19,202.12,202.13,11582.0
15:04,202.22,202.25,202.16,202.16,13017.0
15:05,202.2,202.24,202.18,202.21,15821.0
15:06,202.12,202.2,202.12,202.2,21343.0
15:07,202.15,202.19,202.12,202.12,20785.0
15:08,202.19,202.21,202.12,202.15,22063.0
15:09,202.08,202.21,202.08,202.18,12704.0
15:10,201.91,202.09,201.9,202.08,31814.0
15:11,202.09,202.11,201.91,201.91,48919.0
15:12,202.14,202.16,201.97,202.09,40294.0
15:13,202.14,202.16,202.07,202.16,21156.0
15:14,202.18,202.19,202.14,202.15,39141.0
15:15,202.24,202.26,202.12,202.18,25266.0
15:16,202.27,202.32,202.21,202.23,16717.0
15:17,202.26,202.29,202.24,202.27,10630.0
15:18,202.35,202.36,202.25,202.26,24398.0
15:19,202.38,202.39,202.35,202.35,34974.0
15:20,202.36,202.38,202.33,202.37,15850.0
15:21,202.37,202.38,202.32,202.35,29180.0
15:22,202.28,202.36,202.27,202.36,38276.0
15:23,202.32,202.32,202.25,202.26,16227.0
15:24,202.29,202.31,202.24,202.29,12648.0
15:25,202.26,202.33,202.26,202.32,11853.0
15:26,202.26,202.3,202.21,202.25,22400.0
15:27,202.29,202.32,202.26,202.26,16921.0
15:28,202.31,202.32,202.26,202.29,18574.0
15:29,202.26,202.33,202.26,202.3,26828.0
15:30,202.43,202.44,202.27,202.27,30323.0
15:31,202.4,202.45,202.37,202.43,19406.0
15:32,202.45,202.46,202.38,202.4,30611.0
15:33,202.47,202.48,202.45,202.45,28105.0
15:34,202.42,202.47,202.41,202.47,27787.0
15:35,202.5,202.51,202.4,202.44,19576.0
15:36,202.49,202.52,202.46,202.5,24948.0
15:37,202.48,202.51,202.46,202.48,10530.0
15:38,202.46,202.51,202.46,202.49,36500.0
15:39,202.47,202.5,202.43,202.44,31959.0
15:40,202.48,202.51,202.45,202.48,55241.0
15:41,202.45,202.5,202.44,202.48,24013.0
15:42,202.44,202.46,202.4,202.46,32506.0
15:43,202.48,202.52,202.45,202.45,27829.0
15:44,202.44,202.5,202.42,202.49,24481.0
15:45,202.39,202.45,202.38,202.45,23726.0
15:46,202.3,202.41,202.29,202.38,19443.0
15:47,202.29,202.34,202.29,202.3,19716.0
15:48,202.21,202.31,202.2,202.31,27893.0
15:49,202.22,202.25,202.2,202.21,22579.0
15:50,202.12,202.23,202.02,202.22,61236.0
15:51,202.18,202.24,202.12,202.12,86248.0
15:52,202.28,202.28,202.18,202.18,40217.0
15:53,202.46,202.53,202.28,202.29,168117.0
15:54,202.35,202.5,202.33,202.43,112762.0
15:55,202.38,202.42,202.21,202.37,89702.0
15:56,202.38,202.42,202.36,202.36,58812.0
15:57,202.38,202.43,202.37,202.37,70382.0
15:58,202.43,202.44,202.32,202.38,112535.0
15:59,202.43,202.44,202.32,202.38,112535.0
