Time,Close,High,Low,Open,Volume
09:30,159.34,159.71,159.16,159.34,860721.0
09:31,159.74,159.8,159.11,159.31,130899.0
09:32,159.62,159.95,159.28,159.69,82659.0
09:33,159.06,159.7,159.05,159.68,80636.0
09:34,159.09,159.27,158.93,159.06,134749.0
09:35,158.76,159.23,158.6,159.09,149462.0
09:36,158.37,158.42,158.32,158.37,118517.0
09:37,158.19,158.59,158.13,158.35,120806.0
09:38,158.34,158.43,158.19,158.24,126446.0
09:39,158.26,158.47,158.25,158.35,125032.0
09:40,158.36,158.36,158.07,158.25,148430.0
09:41,158.24,158.41,158.16,158.37,106081.0
09:42,157.9,158.37,157.87,158.25,171435.0
09:43,157.73,157.97,157.67,157.91,126655.0
09:44,158.09,158.16,157.7,157.73,182937.0
09:45,158.24,158.33,158.04,158.07,109722.0
09:46,158.36,158.4,158.17,158.24,96876.0
09:47,158.33,158.43,158.23,158.38,100014.0
09:48,157.88,158.38,157.83,158.35,176397.0
09:49,157.66,157.89,157.59,157.88,164928.0
09:50,158.07,158.09,157.63,157.67,130813.0
09:51,158.27,158.41,158.09,158.09,134633.0
09:52,158.75,158.75,158.24,158.28,105219.0
09:53,158.71,158.85,158.64,158.76,96756.0
09:54,158.87,158.93,158.73,158.73,96705.0
09:55,158.86,158.91,158.75,158.85,70068.0
09:56,158.85,158.96,158.77,158.85,113334.0
09:57,158.82,159.0,158.77,158.85,110646.0
09:58,158.61,158.85,158.61,158.84,81879.0
09:59,158.55,158.71,158.53,158.63,72087.0
10:00,158.45,158.63,158.41,158.57,117025.0
10:01,158.56,158.74,158.46,158.46,72282.0
10:02,158.82,158.86,158.54,158.55,73170.0
10:03,158.94,158.98,158.81,158.84,92121.0
10:04,158.99,159.13,158.93,158.95,96756.0
10:05,159.25,159.34,158.93,158.99,80134.0
10:06,159.15,159.33,159.1,159.28,65441.0
10:07,159.46,159.46,159.16,159.16,73904.0
10:08,159.58,159.62,159.44,159.46,122042.0
10:09,159.43,159.58,159.38,159.56,107578.0
10:10,159.29,159.44,159.29,159.44,88038.0
10:11,159.41,159.53,159.22,159.29,99726.0
10:12,159.55,159.57,159.39,159.43,83851.0
10:13,159.66,159.73,159.55,159.55,81632.0
10:14,159.85,159.86,159.66,159.68,96169.0
10:15,160.19,160.2,159.84,159.86,163736.0
10:16,160.32,160.35,160.09,160.1,96836.0
10:17,160.63,160.66,160.33,160.33,152273.0
10:18,160.69,160.7,160.54,160.62,110483.0
10:19,160.42,160.68,160.37,160.67,85324.0
10:20,160.67,160.72,160.42,160.44,107473.0
10:21,160.61,160.78,160.6,160.67,168152.0
10:22,160.65,160.65,160.46,160.62,115116.0
10:23,161.07,161.08,160.65,160.65,162080.0
10:24,161.27,161.31,161.01,161.07,110012.0
10:25,161.39,161.43,161.18,161.27,101031.0
10:26,161.14,161.43,161.13,161.4,102439.0
10:27,160.99,161.17,160.87,161.16,109716.0
10:28,160.94,160.99,160.83,160.99,90974.0
10:29,161.01,161.15,160.95,160.96,155228.0
10:30,161.16,161.18,160.81,161.01,80100.0
10:31,161.29,161.32,161.06,161.18,58943.0
10:32,161.27,161.42,161.2,161.3,92012.0
10:33,161.25,161.26,161.11,161.26,55083.0
10:34,161.26,161.3,161.19,161.26,48796.0
10:35,161.36,161.42,161.29,161.34,71495.0
10:36,161.22,161.38,161.2,161.35,70032.0
10:37,161.12,161.24,161.08,161.18,57730.0
10:38,161.1,161.19,161.03,161.13,41430.0
10:39,160.99,161.18,160.99,161.09,56943.0
10:40,160.85,161.08,160.85,160.97,64842.0
10:41,160.65,160.86,160.63,160.85,117143.0
10:42,160.82,160.84,160.64,160.65,78597.0
10:43,160.63,160.83,160.58,160.81,62008.0
10:44,160.63,160.66,160.51,160.62,62637.0
10:45,160.84,160.87,160.6,160.65,48526.0
10:46,160.86,160.99,160.78,160.88,98068.0
10:47,160.63,160.87,160.63,160.86,62103.0
10:48,160.35,160.71,160.34,160.63,63879.0
10:49,160.54,160.59,160.34,160.35,79921.0
10:50,160.75,160.76,160.48,160.54,97178.0
10:51,160.89,160.91,160.71,160.76,78608.0
10:52,161.05,161.07,160.87,160.9,70758.0
10:53,161.1,161.12,160.93,161.04,58676.0
10:54,161.03,161.11,160.99,161.11,33390.0
10:55,161.18,161.18,160.97,161.04,74897.0
10:56,161.03,161.2,161.03,161.18,34412.0
10:57,161.04,161.14,161.0,161.01,59884.0
10:58,161.08,161.12,161.02,161.05,30292.0
10:59,161.06,161.14,161.02,161.1,52229.0
11:00,161.1,161.1,160.97,161.04,52590.0
11:01,161.08,161.12,161.06,161.09,32758.0
11:02,161.07,161.13,161.03,161.09,31229.0
11:03,161.09,161.1,161.02,161.08,47889.0
11:04,161.08,161.11,161.05,161.07,36888.0
11:05,161.0,161.1,160.94,161.08,40495.0
11:06,161.07,161.07,160.93,160.98,37013.0
11:07,160.93,161.07,160.83,161.07,43382.0
11:08,160.86,160.91,160.79,160.91,36479.0
11:09,160.84,160.89,160.82,160.85,60125.0
11:10,160.99,161.05,160.85,160.85,42465.0
11:11,161.05,161.05,160.92,160.99,54367.0
11:12,161.09,161.16,161.04,161.04,37896.0
11:13,161.15,161.16,161.07,161.13,25885.0
11:14,161.14,161.21,161.1,161.15,32433.0
11:15,161.21,161.27,161.14,161.14,52607.0
11:16,161.16,161.24,161.16,161.21,32542.0
11:17,161.15,161.18,161.08,161.18,30726.0
11:18,161.08,161.18,161.07,161.15,27991.0
11:19,161.22,161.23,161.05,161.09,56112.0
11:20,161.16,161.25,161.15,161.24,34239.0
11:21,161.04,161.22,161.02,161.17,54687.0
11:22,161.1,161.1,161.03,161.05,30427.0
11:23,161.01,161.1,160.93,161.1,69302.0
11:24,161.02,161.09,160.98,161.02,39832.0
11:25,161.18,161.18,161.03,161.03,49332.0
11:26,161.3,161.31,161.17,161.18,44767.0
11:27,161.23,161.31,161.2,161.31,31910.0
11:28,161.38,161.38,161.23,161.23,56964.0
11:29,161.33,161.41,161.32,161.39,51007.0
11:30,161.15,161.32,161.08,161.32,40802.0
11:31,161.16,161.18,161.13,161.14,27331.0
11:32,161.03,161.16,160.98,161.16,61909.0
11:33,161.23,161.27,161.04,161.04,60367.0
11:34,161.34,161.4,161.2,161.22,56237.0
11:35,161.3,161.45,161.29,161.36,75175.0
11:36,161.36,161.48,161.32,161.32,105447.0
11:37,161.26,161.38,161.19,161.36,47398.0
11:38,161.1,161.29,161.1,161.25,26315.0
11:39,161.2,161.28,161.09,161.09,50217.0
11:40,161.2,161.26,161.14,161.2,63424.0
11:41,161.24,161.25,161.14,161.22,60362.0
11:42,161.25,161.29,161.2,161.25,71132.0
11:43,161.22,161.29,161.17,161.26,52148.0
11:44,161.26,161.32,161.21,161.22,72135.0
11:45,161.3,161.34,161.19,161.26,52394.0
11:46,161.3,161.36,161.29,161.32,45519.0
11:47,161.15,161.3,161.15,161.3,36579.0
11:48,161.12,161.2,161.09,161.15,40743.0
11:49,161.3,161.32,161.1,161.11,48368.0
11:50,161.33,161.4,161.28,161.3,64979.0
11:51,161.43,161.43,161.3,161.32,56676.0
11:52,161.38,161.42,161.32,161.41,42527.0
11:53,161.46,161.48,161.38,161.39,81947.0
11:54,161.46,161.54,161.41,161.46,78386.0
11:55,161.48,161.51,161.44,161.46,77434.0
11:56,161.65,161.65,161.42,161.46,47644.0
11:57,161.74,161.76,161.62,161.63,62509.0
11:58,161.7,161.75,161.67,161.75,53653.0
11:59,161.67,161.71,161.6,161.7,47162.0
12:00,161.53,161.68,161.51,161.67,54338.0
12:01,161.49,161.55,161.48,161.53,41170.0
12:02,161.47,161.49,161.42,161.49,46274.0
12:03,161.43,161.49,161.42,161.46,44934.0
12:04,161.31,161.46,161.31,161.43,42734.0
12:05,161.23,161.35,161.21,161.32,34425.0
12:06,161.16,161.19,161.15,161.17,26382.0
12:07,161.08,161.19,161.04,161.17,36550.0
12:08,161.17,161.18,161.04,161.08,23059.0
12:09,161.12,161.18,161.09,161.15,32626.0
12:10,161.18,161.23,161.09,161.11,26021.0
12:11,161.24,161.28,161.14,161.16,29066.0
12:12,161.15,161.24,161.15,161.24,27605.0
12:13,161.32,161.32,161.17,161.17,27801.0
12:14,161.35,161.37,161.29,161.32,23349.0
12:15,161.36,161.37,161.32,161.35,18746.0
12:16,161.46,161.46,161.34,161.36,27353.0
12:17,161.37,161.45,161.35,161.45,23970.0
12:18,161.37,161.41,161.33,161.36,28360.0
12:19,161.34,161.39,161.32,161.37,19693.0
12:20,161.49,161.5,161.29,161.34,36667.0
12:21,161.49,161.53,161.41,161.49,26886.0
12:22,161.51,161.57,161.47,161.48,35554.0
12:23,161.57,161.57,161.48,161.51,24231.0
12:24,161.58,161.63,161.54,161.56,30865.0
12:25,161.58,161.66,161.53,161.61,30516.0
12:26,161.53,161.59,161.43,161.59,29147.0
12:27,161.38,161.59,161.38,161.52,29600.0
12:28,161.47,161.49,161.37,161.38,33589.0
12:29,161.41,161.48,161.35,161.46,24725.0
12:30,161.33,161.43,161.33,161.41,17983.0
12:31,161.43,161.44,161.33,161.33,24668.0
12:32,161.42,161.46,161.35,161.43,32723.0
12:33,161.34,161.44,161.3,161.42,27732.0
12:34,161.37,161.41,161.3,161.34,42277.0
12:35,161.49,161.5,161.34,161.37,45521.0
12:36,161.43,161.5,161.43,161.5,20741.0
12:37,161.45,161.46,161.4,161.44,20450.0
12:38,161.48,161.49,161.46,161.48,18736.0
12:39,161.55,161.57,161.49,161.49,33068.0
12:40,161.48,161.54,161.45,161.54,31423.0
12:41,161.47,161.54,161.42,161.46,25744.0
12:42,161.46,161.5,161.43,161.47,19038.0
12:43,161.46,161.49,161.44,161.47,21655.0
12:44,161.45,161.48,161.42,161.46,22145.0
12:45,161.51,161.53,161.44,161.45,38280.0
12:46,161.5,161.58,161.49,161.49,34233.0
12:47,161.56,161.61,161.5,161.5,26791.0
12:48,161.51,161.57,161.5,161.56,27655.0
12:49,161.58,161.61,161.51,161.51,30868.0
12:50,161.63,161.65,161.57,161.59,32422.0
12:51,161.63,161.66,161.6,161.62,26597.0
12:52,161.57,161.65,161.57,161.62,34352.0
12:53,161.61,161.62,161.56,161.58,38914.0
12:54,161.7,161.73,161.62,161.62,26023.0
12:55,161.73,161.75,161.65,161.68,26005.0
12:56,161.73,161.75,161.66,161.68,51925.0
12:57,161.73,161.74,161.66,161.67,77844.0
12:58,161.73,161.74,161.67,161.67,103764.0
12:59,161.72,161.77,161.7,161.71,29993.0
13:00,161.59,161.73,161.58,161.72,49395.0
13:01,161.67,161.69,161.57,161.59,34635.0
13:02,161.67,161.69,161.59,161.66,31673.0
13:03,161.7,161.77,161.67,161.67,29795.0
13:04,161.75,161.79,161.71,161.71,40307.0
13:05,161.82,161.82,161.76,161.77,27418.0
13:06,161.82,161.86,161.74,161.82,58198.0
13:07,161.82,161.86,161.79,161.83,28457.0
13:08,161.82,161.85,161.8,161.82,33790.0
13:09,161.95,161.95,161.83,161.83,82589.0
13:10,161.87,161.95,161.87,161.95,71927.0
13:11,161.99,162.05,161.86,161.87,144761.0
13:12,162.06,162.06,161.93,161.94,29152.0
13:13,161.97,162.06,161.97,162.06,35232.0
13:14,161.85,161.94,161.83,161.94,36608.0
13:15,161.88,161.89,161.83,161.87,26498.0
13:16,161.82,161.87,161.79,161.86,33461.0
13:17,161.88,161.88,161.79,161.82,23007.0
13:18,161.84,161.9,161.84,161.88,23349.0
13:19,161.79,161.86,161.76,161.86,20579.0
13:20,161.64,161.79,161.64,161.79,54943.0
13:21,161.56,161.68,161.52,161.64,34678.0
13:22,161.56,161.58,161.5,161.56,33460.0
13:23,161.46,161.56,161.44,161.56,26534.0
13:24,161.59,161.61,161.46,161.46,32651.0
13:25,161.51,161.62,161.51,161.6,39234.0
13:26,161.57,161.6,161.5,161.51,22951.0
13:27,161.54,161.64,161.48,161.57,33360.0
13:28,161.48,161.54,161.47,161.54,17838.0
13:29,161.49,161.53,161.46,161.49,15626.0
13:30,161.6,161.61,161.51,161.51,31682.0
13:31,161.65,161.71,161.57,161.6,33917.0
13:32,161.67,161.72,161.61,161.65,44602.0
13:33,161.58,161.68,161.58,161.67,22476.0
13:34,161.55,161.57,161.51,161.57,21676.0
13:35,161.54,161.56,161.5,161.55,20686.0
13:36,161.51,161.6,161.46,161.57,30728.0
13:37,161.49,161.57,161.49,161.52,33414.0
13:38,161.48,161.55,161.47,161.5,37346.0
13:39,161.47,161.53,161.46,161.48,41279.0
13:40,161.53,161.55,161.47,161.47,21176.0
13:41,161.55,161.57,161.51,161.52,18450.0
13:42,161.54,161.55,161.5,161.55,18020.0
13:43,161.46,161.55,161.46,161.54,19687.0
13:44,161.44,161.5,161.43,161.45,15969.0
13:45,161.45,161.49,161.4,161.44,26533.0
13:46,161.43,161.49,161.42,161.49,23190.0
13:47,161.41,161.46,161.41,161.43,29201.0
13:48,161.42,161.43,161.38,161.41,31947.0
13:49,161.38,161.43,161.35,161.43,22069.0
13:50,161.38,161.4,161.35,161.38,19237.0
13:51,161.28,161.38,161.28,161.38,33928.0
13:52,161.17,161.29,161.16,161.27,35943.0
13:53,161.16,161.23,161.14,161.16,36780.0
13:54,161.15,161.19,161.13,161.16,35933.0
13:55,161.14,161.19,161.09,161.15,49144.0
13:56,160.97,161.15,160.94,161.15,91464.0
13:57,160.86,160.98,160.86,160.97,37422.0
13:58,160.89,160.94,160.84,160.86,34316.0
13:59,160.95,160.96,160.89,160.9,18552.0
14:00,160.94,161.01,160.91,160.96,37706.0
14:01,160.96,160.98,160.89,160.94,21595.0
14:02,160.96,161.01,160.89,160.92,38773.0
14:03,161.0,161.03,160.94,160.95,18144.0
14:04,161.05,161.11,161.01,161.01,29417.0
14:05,161.08,161.12,161.04,161.05,80524.0
14:06,161.1,161.18,161.07,161.09,42991.0
14:07,161.07,161.11,161.01,161.11,58334.0
14:08,160.92,161.08,160.9,161.08,73405.0
14:09,160.87,160.98,160.85,160.92,58213.0
14:10,160.92,160.93,160.87,160.87,33265.0
14:11,160.99,160.99,160.92,160.93,27652.0
14:12,161.0,161.0,160.93,160.98,17686.0
14:13,160.97,161.0,160.94,161.0,19306.0
14:14,161.01,161.01,160.96,160.98,12643.0
14:15,160.95,161.02,160.94,161.01,29115.0
14:16,160.93,161.03,160.93,160.98,28338.0
14:17,160.85,160.96,160.84,160.93,31315.0
14:18,160.94,160.94,160.82,160.85,42638.0
14:19,160.93,160.98,160.91,160.98,30837.0
14:20,161.06,161.06,160.93,160.93,16349.0
14:21,161.07,161.07,161.01,161.06,22494.0
14:22,160.97,161.09,160.96,161.07,21668.0
14:23,160.99,161.01,160.93,160.96,33258.0
14:24,161.0,161.03,160.96,160.98,24132.0
14:25,160.93,161.01,160.92,161.0,27566.0
14:26,160.97,161.0,160.93,160.93,27816.0
14:27,160.93,161.0,160.9,160.98,38499.0
14:28,160.86,160.95,160.86,160.93,22822.0
14:29,160.87,160.88,160.84,160.86,24469.0
14:30,160.86,160.91,160.83,160.87,27953.0
14:31,160.8,160.91,160.76,160.87,64888.0
14:32,160.74,160.84,160.74,160.8,35517.0
14:33,160.7,160.8,160.7,160.75,104419.0
14:34,160.68,160.74,160.68,160.72,26277.0
14:35,160.74,160.74,160.67,160.68,35759.0
14:36,160.77,160.81,160.71,160.74,40018.0
14:37,160.78,160.86,160.77,160.77,31986.0
14:38,160.79,160.83,160.77,160.78,24137.0
14:39,160.78,160.8,160.76,160.8,18387.0
14:40,160.72,160.8,160.71,160.78,21229.0
14:41,160.78,160.78,160.67,160.72,27001.0
14:42,160.76,160.78,160.73,160.78,17189.0
14:43,160.75,160.77,160.72,160.76,29844.0
14:44,160.74,160.74,160.67,160.74,26521.0
14:45,160.68,160.76,160.64,160.74,38531.0
14:46,160.65,160.7,160.65,160.67,17548.0
14:47,160.72,160.72,160.64,160.65,23150.0
14:48,160.75,160.76,160.71,160.72,16499.0
14:49,160.78,160.79,160.75,160.76,21808.0
14:50,160.7,160.76,160.68,160.76,25194.0
14:51,160.64,160.7,160.63,160.69,18955.0
14:52,160.68,160.69,160.64,160.65,31289.0
14:53,160.66,160.69,160.66,160.67,28524.0
14:54,160.7,160.7,160.66,160.66,23119.0
14:55,160.73,160.73,160.65,160.7,30791.0
14:56,160.84,160.84,160.68,160.72,35854.0
14:57,160.88,160.91,160.79,160.85,37163.0
14:58,160.99,160.99,160.88,160.88,28903.0
14:59,161.08,161.1,160.98,161.0,40365.0
15:00,161.02,161.09,160.97,161.07,45240.0
15:01,161.05,161.07,160.99,161.02,25559.0
15:02,161.13,161.15,161.03,161.05,21416.0
15:03,161.23,161.24,161.12,161.13,44635.0
15:04,161.17,161.24,161.14,161.23,36945.0
15:05,161.23,161.25,161.17,161.17,36169.0
15:06,161.17,161.23,161.14,161.23,32183.0
15:07,161.13,161.18,161.12,161.17,25717.0
15:08,161.05,161.13,161.05,161.12,34182.0
15:09,160.98,161.06,160.93,161.05,29074.0
15:10,161.01,161.07,160.96,160.97,30990.0
15:11,161.02,161.02,160.97,160.99,33790.0
15:12,161.08,161.08,161.02,161.02,28317.0
15:13,161.11,161.15,161.07,161.1,35561.0
15:14,161.08,161.12,161.03,161.12,19549.0
15:15,161.12,161.14,161.06,161.07,50953.0
15:16,161.21,161.21,161.1,161.13,30773.0
15:17,161.13,161.21,161.12,161.21,31670.0
15:18,161.22,161.24,161.13,161.13,30109.0
15:19,161.19,161.25,161.19,161.23,27803.0
15:20,161.22,161.24,161.17,161.2,34999.0
15:21,161.01,161.2,161.01,161.2,39371.0
15:22,160.98,161.01,160.95,161.0,54794.0
15:23,160.96,161.0,160.96,161.0,25852.0
15:24,160.99,161.0,160.95,160.96,39579.0
15:25,161.05,161.07,160.98,161.0,44808.0
15:26,160.98,161.05,160.96,161.05,26632.0
15:27,161.04,161.06,160.98,160.98,26799.0
15:28,161.08,161.14,161.04,161.04,58568.0
15:29,160.94,161.09,160.92,161.09,41760.0
15:30,161.04,161.04,160.92,160.92,25644.0
15:31,161.02,161.07,160.99,161.04,50348.0
15:32,161.09,161.1,161.0,161.03,58133.0
15:33,161.07,161.13,161.02,161.08,67833.0
15:34,161.0,161.08,160.98,161.07,47286.0
15:35,161.01,161.01,160.94,161.0,33669.0
15:36,161.08,161.09,161.01,161.01,29649.0
15:37,161.16,161.17,161.08,161.08,38742.0
15:38,161.11,161.19,161.09,161.18,59363.0
15:39,161.12,161.14,161.07,161.1,33126.0
15:40,161.1,161.17,161.09,161.11,33401.0
15:41,161.1,161.11,161.06,161.11,32524.0
15:42,161.15,161.15,161.07,161.1,42956.0
15:43,161.09,161.17,161.09,161.15,31701.0
15:44,161.14,161.14,161.06,161.09,40156.0
15:45,161.16,161.17,161.13,161.14,16420.0
15:46,160.93,160.95,160.91,160.95,63408.0
15:47,160.9,160.93,160.87,160.92,49853.0
15:48,160.9,160.92,160.87,160.89,34627.0
15:49,160.93,160.94,160.88,160.92,33971.0
15:50,161.13,161.22,160.94,160.95,68228.0
15:51,161.05,161.15,160.99,161.11,59065.0
15:52,160.95,161.07,160.94,161.05,32348.0
15:53,161.04,161.05,160.86,160.95,49672.0
15:54,160.87,161.12,160.8,161.07,110197.0
15:55,160.82,160.9,160.71,160.86,157332.0
15:56,160.86,160.9,160.7,160.82,120034.0
15:57,161.02,161.02,160.88,160.9,90925.0
15:58,161.0,161.04,160.96,161.01,149625.0
15:59,160.81,161.0,160.81,161.0,636530.0
