Time,Close,High,Low,Open,Volume
09:30,205.08,205.4,204.87,205.15,572307.0
09:31,204.95,205.16,204.79,205.08,84151.0
09:32,205.05,205.18,204.72,204.93,108124.0
09:33,205.16,205.2,204.65,204.79,132096.0
09:34,205.71,205.72,205.14,205.14,83195.0
09:35,205.82,205.84,205.62,205.71,93153.0
09:36,205.78,205.99,205.7,205.85,64572.0
09:37,205.61,205.88,205.6,205.82,45299.0
09:38,205.65,205.98,205.5,205.6,90114.0
09:39,205.71,206.14,205.69,205.7,101986.0
09:40,205.74,205.78,205.52,205.71,45189.0
09:41,205.25,205.89,205.24,205.74,68752.0
09:42,205.43,205.54,205.17,205.22,43024.0
09:43,205.59,205.67,205.44,205.45,30048.0
09:44,205.47,205.69,205.47,205.59,38832.0
09:45,205.52,205.59,205.29,205.47,56724.0
09:46,205.29,205.51,205.18,205.5,28346.0
09:47,205.26,205.46,205.24,205.25,20971.0
09:48,205.42,205.45,205.24,205.28,20323.0
09:49,205.52,205.53,205.34,205.37,43555.0
09:50,205.24,205.5,205.24,205.5,51571.0
09:51,205.05,205.35,205.01,205.26,48835.0
09:52,205.05,205.1,204.93,205.05,46617.0
09:53,205.18,205.2,204.98,205.09,39804.0
09:54,205.35,205.4,205.18,205.18,21405.0
09:55,205.49,205.55,205.3,205.43,28141.0
09:56,205.49,205.55,205.46,205.54,35284.0
09:57,205.4,205.5,205.29,205.5,24538.0
09:58,205.19,205.37,205.19,205.36,23094.0
09:59,205.16,205.24,205.08,205.21,33566.0
10:00,205.57,205.6,205.18,205.18,61816.0
10:01,205.6,205.72,205.38,205.55,28820.0
10:02,205.51,205.69,205.51,205.61,31353.0
10:03,205.62,205.62,205.47,205.57,24594.0
10:04,205.48,205.65,205.48,205.63,23174.0
10:05,205.6,205.62,205.4,205.48,38803.0
10:06,205.49,205.71,205.45,205.63,19022.0
10:07,205.49,205.53,205.46,205.47,20447.0
10:08,205.37,205.62,205.37,205.54,30910.0
10:09,205.37,205.47,205.36,205.36,16201.0
10:10,205.21,205.36,205.13,205.36,31222.0
10:11,205.07,205.25,205.05,205.23,17958.0
10:12,205.09,205.21,204.99,205.05,21957.0
10:13,205.13,205.14,205.02,205.09,26650.0
10:14,205.08,205.19,205.0,205.13,21863.0
10:15,205.07,205.13,205.0,205.1,19571.0
10:16,205.11,205.12,205.01,205.08,16293.0
10:17,205.04,205.18,204.98,205.12,22115.0
10:18,205.09,205.09,205.05,205.07,40726.0
10:19,205.02,205.2,205.02,205.08,29014.0
10:20,205.0,205.09,204.98,205.05,18240.0
10:21,205.15,205.15,205.0,205.0,25530.0
10:22,205.2,205.32,205.18,205.18,24404.0
10:23,205.24,205.25,205.17,205.21,17168.0
10:24,205.53,205.54,205.27,205.29,37580.0
10:25,205.49,205.53,205.45,205.52,20955.0
10:26,205.39,205.5,205.32,205.49,25030.0
10:27,205.53,205.56,205.4,205.4,17165.0
10:28,205.29,205.54,205.29,205.53,36424.0
10:29,205.33,205.46,205.21,205.29,21995.0
10:30,205.12,205.27,205.03,205.27,28762.0
10:31,205.2,205.2,205.07,205.11,103620.0
10:32,205.16,205.23,205.14,205.21,14211.0
10:33,205.34,205.36,205.16,205.17,18900.0
10:34,205.23,205.36,205.22,205.33,18212.0
10:35,205.25,205.28,205.2,205.24,18234.0
10:36,205.1,205.25,205.09,205.24,36549.0
10:37,205.13,205.19,205.08,205.09,22788.0
10:38,204.95,205.12,204.95,205.11,26816.0
10:39,204.99,204.99,204.92,204.94,12990.0
10:40,204.88,205.04,204.88,204.98,11813.0
10:41,204.83,204.93,204.81,204.88,20701.0
10:42,204.65,204.83,204.63,204.82,34744.0
10:43,204.65,204.71,204.65,204.65,18615.0
10:44,204.53,204.65,204.46,204.63,38918.0
10:45,204.48,204.68,204.47,204.53,34174.0
10:46,204.45,204.53,204.41,204.48,25166.0
10:47,204.14,204.45,204.01,204.44,81844.0
10:48,204.37,204.44,204.14,204.14,39205.0
10:49,204.43,204.48,204.3,204.36,33158.0
10:50,204.44,204.52,204.37,204.46,22271.0
10:51,204.61,204.61,204.42,204.44,40269.0
10:52,204.65,204.7,204.59,204.61,22350.0
10:53,204.78,204.8,204.65,204.65,23021.0
10:54,204.68,204.79,204.67,204.79,37424.0
10:55,204.72,204.74,204.62,204.69,22557.0
10:56,204.66,204.74,204.64,204.7,14602.0
10:57,204.73,204.75,204.65,204.66,13195.0
10:58,204.59,204.75,204.57,204.74,23397.0
10:59,204.67,204.71,204.59,204.59,16715.0
11:00,204.78,204.79,204.6,204.65,18993.0
11:01,204.66,204.81,204.63,204.78,24971.0
11:02,204.64,204.74,204.6,204.66,15397.0
11:03,204.71,204.77,204.64,204.64,9294.0
11:04,204.76,204.78,204.71,204.71,7595.0
11:05,204.7,204.76,204.67,204.76,20851.0
11:06,204.73,204.78,204.7,204.74,31861.0
11:07,204.77,204.78,204.68,204.73,12419.0
11:08,204.77,204.82,204.73,204.77,20638.0
11:09,204.73,204.78,204.7,204.78,24812.0
11:10,204.72,204.73,204.68,204.7,14038.0
11:11,204.79,204.83,204.7,204.73,14289.0
11:12,204.7,204.79,204.7,204.79,9339.0
11:13,204.76,204.77,204.66,204.72,15064.0
11:14,204.78,204.79,204.72,204.76,16449.0
11:15,204.68,204.8,204.68,204.78,16250.0
11:16,204.58,204.68,204.58,204.66,32959.0
11:17,204.49,204.56,204.49,204.54,49668.0
11:18,204.44,204.5,204.4,204.5,14973.0
11:19,204.47,204.51,204.41,204.43,19135.0
11:20,204.51,204.51,204.41,204.48,21785.0
11:21,204.49,204.57,204.47,204.51,15012.0
11:22,204.38,204.54,204.38,204.49,14586.0
11:23,204.38,204.38,204.32,204.36,19951.0
11:24,204.35,204.43,204.33,204.35,34228.0
11:25,204.17,204.35,204.17,204.35,19907.0
11:26,204.1,204.17,204.09,204.17,21271.0
11:27,204.18,204.21,204.05,204.09,21112.0
11:28,204.13,204.2,204.09,204.2,22597.0
11:29,204.09,204.15,204.07,204.15,18124.0
11:30,203.93,204.1,203.91,204.1,31024.0
11:31,203.96,204.0,203.87,203.93,19915.0
11:32,204.08,204.1,203.96,203.96,28658.0
11:33,203.96,204.09,203.96,204.06,13516.0
11:34,203.96,203.96,203.84,203.95,23678.0
11:35,203.95,204.0,203.91,203.96,9414.0
11:36,203.9,204.0,203.9,203.96,10412.0
11:37,204.02,204.02,203.9,203.91,12105.0
11:38,204.11,204.12,203.98,204.01,18438.0
11:39,203.99,204.11,203.98,204.11,20458.0
11:40,204.01,204.08,203.99,203.99,42736.0
11:41,204.05,204.09,204.01,204.03,9761.0
11:42,204.04,204.06,203.95,204.04,15940.0
11:43,203.97,204.02,203.9,204.02,9220.0
11:44,203.93,204.06,203.92,203.96,22752.0
11:45,204.02,204.03,203.93,203.93,13533.0
11:46,204.09,204.1,203.95,204.0,22041.0
11:47,204.11,204.18,204.09,204.11,30474.0
11:48,204.1,204.14,204.1,204.14,7632.0
11:49,204.1,204.14,204.05,204.08,13164.0
11:50,204.12,204.14,204.08,204.12,21416.0
11:51,204.07,204.15,204.05,204.12,12107.0
11:52,204.14,204.18,204.07,204.07,15416.0
11:53,204.13,204.2,204.13,204.16,17602.0
11:54,204.16,204.19,204.12,204.12,11093.0
11:55,204.01,204.13,203.98,204.12,12835.0
11:56,203.99,204.05,203.97,204.01,13095.0
11:57,204.06,204.1,203.98,203.99,23057.0
11:58,204.07,204.07,203.98,204.07,18552.0
11:59,204.07,204.07,204.02,204.06,9017.0
12:00,204.12,204.13,204.03,204.06,24262.0
12:01,204.12,204.13,204.07,204.11,12253.0
12:02,204.12,204.17,204.11,204.14,8957.0
12:03,204.23,204.24,204.09,204.09,15994.0
12:04,204.19,204.25,204.19,204.23,18022.0
12:05,204.17,204.22,204.12,204.18,18931.0
12:06,204.08,204.16,204.05,204.16,16616.0
12:07,204.07,204.1,204.05,204.07,7979.0
12:08,204.09,204.12,204.04,204.07,19355.0
12:09,204.05,204.14,204.04,204.08,21583.0
12:10,204.08,204.11,204.02,204.02,13030.0
12:11,203.95,204.07,203.95,204.07,27285.0
12:12,203.93,204.06,203.93,203.96,17976.0
12:13,203.81,203.94,203.77,203.94,20514.0
12:14,203.76,203.81,203.74,203.81,22783.0
12:15,203.76,203.78,203.7,203.76,29322.0
12:16,203.77,203.82,203.74,203.78,22511.0
12:17,203.75,203.78,203.72,203.75,25239.0
12:18,203.74,203.76,203.66,203.76,16512.0
12:19,203.79,203.79,203.73,203.74,18156.0
12:20,203.77,203.9,203.75,203.78,51693.0
12:21,203.86,203.92,203.78,203.79,37993.0
12:22,203.84,203.88,203.82,203.86,9529.0
12:23,203.88,203.9,203.84,203.84,13444.0
12:24,203.89,203.92,203.87,203.88,15198.0
12:25,203.9,203.91,203.81,203.9,25712.0
12:26,203.78,203.89,203.78,203.88,18959.0
12:27,203.77,203.82,203.76,203.79,16471.0
12:28,203.79,203.83,203.71,203.78,22443.0
12:29,203.79,203.8,203.75,203.8,15345.0
12:30,203.87,203.87,203.78,203.79,23084.0
12:31,203.78,203.88,203.77,203.87,15084.0
12:32,203.79,203.8,203.77,203.77,22689.0
12:33,203.78,203.8,203.74,203.78,12148.0
12:34,203.77,203.8,203.76,203.79,18968.0
12:35,203.77,203.8,203.73,203.8,12697.0
12:36,203.63,203.76,203.6,203.76,17527.0
12:37,203.59,203.62,203.54,203.62,26761.0
12:38,203.51,203.6,203.51,203.59,26752.0
12:39,203.48,203.52,203.42,203.51,33876.0
12:40,203.67,203.69,203.46,203.47,43831.0
12:41,203.75,203.76,203.68,203.72,19664.0
12:42,203.64,203.79,203.63,203.75,31789.0
12:43,203.55,203.65,203.54,203.64,40595.0
12:44,203.59,203.64,203.53,203.56,109658.0
12:45,203.61,203.62,203.55,203.59,15720.0
12:46,203.5,203.63,203.49,203.62,14879.0
12:47,203.51,203.55,203.47,203.51,12882.0
12:48,203.49,203.51,203.47,203.51,12519.0
12:49,203.54,203.55,203.48,203.49,28940.0
12:50,203.6,203.6,203.49,203.54,43244.0
12:51,203.68,203.7,203.59,203.6,23193.0
12:52,203.69,203.7,203.66,203.67,14237.0
12:53,203.66,203.7,203.65,203.69,17675.0
12:54,203.6,203.68,203.6,203.65,11988.0
12:55,203.63,203.65,203.59,203.6,13326.0
12:56,203.61,203.63,203.57,203.63,8521.0
12:57,203.61,203.61,203.59,203.61,8193.0
12:58,203.59,203.63,203.57,203.61,19724.0
12:59,203.55,203.6,203.55,203.58,17503.0
13:00,203.68,203.68,203.57,203.59,29150.0
13:01,203.65,203.7,203.64,203.67,16325.0
13:02,203.6,203.68,203.58,203.64,11815.0
13:03,203.68,203.69,203.58,203.61,30659.0
13:04,203.73,203.75,203.68,203.68,15993.0
13:05,203.71,203.72,203.68,203.72,13899.0
13:06,203.74,203.75,203.69,203.73,16289.0
13:07,203.8,203.83,203.7,203.74,35110.0
13:08,203.73,203.83,203.71,203.83,25926.0
13:09,203.8,203.81,203.74,203.75,20938.0
13:10,203.79,203.81,203.75,203.79,18122.0
13:11,203.88,203.89,203.77,203.8,28359.0
13:12,203.79,203.88,203.77,203.88,18266.0
13:13,203.84,203.86,203.83,203.84,11027.0
13:14,203.87,203.87,203.85,203.85,9854.0
13:15,203.87,203.88,203.83,203.87,12937.0
13:16,203.92,203.94,203.86,203.86,7431.0
13:17,203.87,203.91,203.87,203.91,13534.0
13:18,203.82,203.85,203.76,203.85,27276.0
13:19,203.84,203.86,203.82,203.83,28658.0
13:20,203.85,203.87,203.8,203.82,36284.0
13:21,203.84,203.88,203.82,203.84,14294.0
13:22,203.84,203.85,203.78,203.83,47983.0
13:23,203.79,203.84,203.76,203.84,21305.0
13:24,203.78,203.8,203.77,203.77,12266.0
13:25,203.87,203.89,203.78,203.78,21801.0
13:26,203.84,203.87,203.82,203.86,23083.0
13:27,203.85,203.89,203.84,203.85,13881.0
13:28,203.85,203.89,203.82,203.87,18935.0
13:29,203.87,203.89,203.8,203.85,17489.0
13:30,203.98,204.0,203.88,203.88,20121.0
13:31,204.09,204.1,203.93,204.0,44990.0
13:32,204.07,204.1,204.07,204.08,19899.0
13:33,203.91,204.07,203.91,204.07,24543.0
13:34,203.93,203.96,203.87,203.89,14937.0
13:35,203.82,203.97,203.82,203.94,12304.0
13:36,203.84,203.88,203.82,203.85,10171.0
13:37,203.87,203.88,203.83,203.88,14260.0
13:38,203.84,203.88,203.81,203.87,8770.0
13:39,203.88,203.94,203.84,203.84,14317.0
13:40,203.91,203.91,203.85,203.87,14100.0
13:41,203.87,203.92,203.85,203.92,25291.0
13:42,203.87,203.9,203.82,203.85,14836.0
13:43,203.88,203.9,203.82,203.88,27141.0
13:44,203.79,203.87,203.79,203.87,16848.0
13:45,203.86,203.86,203.71,203.78,18691.0
13:46,203.81,203.9,203.81,203.87,33816.0
13:47,203.78,203.82,203.76,203.82,8941.0
13:48,203.8,203.85,203.79,203.79,7629.0
13:49,203.85,203.85,203.79,203.8,9028.0
13:50,203.86,203.89,203.84,203.85,28704.0
13:51,203.9,203.92,203.86,203.86,17697.0
13:52,203.91,203.91,203.85,203.9,16899.0
13:53,203.91,203.92,203.85,203.91,11344.0
13:54,203.85,203.92,203.85,203.91,8827.0
13:55,203.85,203.86,203.82,203.85,9636.0
13:56,203.82,203.84,203.8,203.84,9138.0
13:57,203.81,203.86,203.8,203.84,20004.0
13:58,203.79,203.81,203.78,203.81,5318.0
13:59,203.8,203.82,203.79,203.79,7709.0
14:00,203.84,203.84,203.79,203.79,14165.0
14:01,203.86,203.88,203.81,203.84,9417.0
14:02,204.0,204.0,203.86,203.87,19566.0
14:03,203.9,204.0,203.88,203.99,27220.0
14:04,203.88,203.9,203.87,203.9,30035.0
14:05,203.97,203.99,203.87,203.87,33563.0
14:06,203.95,203.99,203.93,203.98,14138.0
14:07,203.89,203.93,203.85,203.93,23088.0
14:08,203.9,203.9,203.87,203.88,9371.0
14:09,203.9,203.9,203.87,203.89,20725.0
14:10,203.89,203.9,203.88,203.9,12554.0
14:11,203.99,203.99,203.88,203.89,24993.0
14:12,203.9,203.99,203.89,203.98,21002.0
14:13,203.89,203.9,203.87,203.9,25042.0
14:14,203.87,203.9,203.86,203.9,13572.0
14:15,203.9,203.9,203.87,203.87,14844.0
14:16,203.88,203.9,203.87,203.88,10679.0
14:17,203.87,203.88,203.84,203.88,10946.0
14:18,203.88,203.89,203.83,203.88,11523.0
14:19,203.84,203.9,203.84,203.88,12784.0
14:20,203.84,203.87,203.84,203.84,18632.0
14:21,203.79,203.85,203.76,203.85,30467.0
14:22,203.87,203.88,203.76,203.76,27549.0
14:23,203.88,203.9,203.87,203.88,8311.0
14:24,203.95,203.96,203.87,203.87,13296.0
14:25,203.99,203.99,203.95,203.95,8576.0
14:26,203.98,204.01,203.98,204.0,19913.0
14:27,203.9,203.98,203.9,203.98,10637.0
14:28,203.89,203.9,203.88,203.9,18053.0
14:29,203.89,203.9,203.84,203.9,16368.0
14:30,203.9,203.9,203.85,203.89,19432.0
14:31,203.94,203.94,203.83,203.88,23136.0
14:32,203.97,204.0,203.92,203.96,16635.0
14:33,203.91,203.96,203.9,203.96,11173.0
14:34,203.94,203.94,203.92,203.93,11097.0
14:35,203.96,203.96,203.92,203.95,21154.0
14:36,203.96,203.97,203.92,203.96,14585.0
14:37,203.91,203.94,203.88,203.94,11206.0
14:38,203.81,203.9,203.81,203.9,18541.0
14:39,203.81,203.82,203.76,203.8,11969.0
14:40,203.76,203.8,203.76,203.8,12334.0
14:41,203.71,203.78,203.7,203.77,19127.0
14:42,203.76,203.77,203.7,203.71,16440.0
14:43,203.84,203.85,203.76,203.77,15276.0
14:44,203.82,203.85,203.81,203.85,16894.0
14:45,203.84,203.85,203.81,203.82,12955.0
14:46,203.84,203.85,203.79,203.83,11849.0
14:47,203.85,203.89,203.84,203.84,21700.0
14:48,203.8,203.85,203.79,203.85,14178.0
14:49,203.82,203.85,203.81,203.81,7126.0
14:50,203.82,203.86,203.82,203.83,18452.0
14:51,203.85,203.85,203.81,203.82,19985.0
14:52,203.89,203.95,203.85,203.85,44907.0
14:53,203.91,203.92,203.88,203.88,15508.0
14:54,203.93,203.95,203.9,203.9,12797.0
14:55,204.0,204.01,203.96,203.96,16590.0
14:56,204.01,204.05,204.0,204.0,28499.0
14:57,204.08,204.1,203.99,204.0,29746.0
14:58,204.05,204.1,204.04,204.07,41695.0
14:59,204.01,204.06,204.0,204.05,13841.0
15:00,204.02,204.07,203.99,204.01,24181.0
15:01,204.04,204.04,204.01,204.03,10317.0
15:02,204.04,204.07,204.01,204.03,15360.0
15:03,204.12,204.14,204.05,204.05,16369.0
15:04,204.16,204.18,204.1,204.12,14537.0
15:05,204.12,204.16,204.11,204.15,23644.0
15:06,204.01,204.11,204.01,204.07,13199.0
15:07,204.1,204.11,204.01,204.03,11700.0
15:08,204.13,204.14,204.09,204.11,16692.0
15:09,204.07,204.14,204.05,204.13,12648.0
15:10,204.04,204.08,204.02,204.08,10360.0
15:11,204.0,204.04,203.99,204.04,8274.0
15:12,203.97,204.01,203.97,204.0,12581.0
15:13,203.96,204.0,203.96,203.96,11978.0
15:14,203.95,203.98,203.93,203.96,13597.0
15:15,203.99,204.0,203.92,203.95,24308.0
15:16,204.08,204.09,203.99,203.99,35698.0
15:17,204.03,204.09,204.03,204.06,10218.0
15:18,204.07,204.11,204.04,204.04,25127.0
15:19,204.16,204.17,204.07,204.07,23365.0
15:20,204.13,204.19,204.12,204.15,19116.0
15:21,204.15,204.16,204.09,204.14,33224.0
15:22,204.22,204.25,204.13,204.15,28281.0
15:23,204.17,204.2,204.16,204.2,12853.0
15:24,204.18,204.2,204.16,204.18,11364.0
15:25,204.12,204.18,204.12,204.18,15374.0
15:26,204.13,204.15,204.1,204.13,312673.0
15:27,204.19,204.2,204.12,204.12,17233.0
15:28,204.16,204.18,204.15,204.18,16228.0
15:29,204.14,204.16,204.13,204.15,12071.0
15:30,204.08,204.15,204.07,204.15,29430.0
15:31,204.05,204.08,204.04,204.07,10568.0
15:32,204.11,204.12,204.04,204.04,22907.0
15:33,204.09,204.14,204.09,204.11,16068.0
15:34,204.1,204.11,204.07,204.09,30394.0
15:35,204.14,204.14,204.07,204.09,33559.0
15:36,204.1,204.15,204.08,204.13,38176.0
15:37,204.15,204.17,204.06,204.07,36705.0
15:38,204.1,204.17,204.1,204.15,21884.0
15:39,204.08,204.1,204.08,204.1,34524.0
15:40,204.11,204.12,204.08,204.09,28883.0
15:41,204.12,204.13,204.07,204.12,24142.0
15:42,204.09,204.12,204.09,204.12,27170.0
15:43,204.18,204.19,204.08,204.1,94023.0
15:44,204.15,204.22,204.13,204.19,27737.0
15:45,204.19,204.22,204.14,204.16,46633.0
15:46,204.21,204.23,204.17,204.17,15209.0
15:47,204.22,204.29,204.2,204.2,28429.0
15:48,204.22,204.26,204.22,204.23,29458.0
15:49,204.27,204.28,204.23,204.23,37965.0
15:50,204.4,204.52,204.26,204.26,120082.0
15:51,204.27,204.42,204.25,204.4,48271.0
15:52,204.18,204.26,204.18,204.26,49939.0
15:53,204.24,204.26,204.2,204.2,45436.0
15:54,204.43,204.52,204.21,204.24,172912.0
15:55,204.24,204.47,204.21,204.41,144278.0
15:56,204.38,204.38,204.21,204.24,116237.0
15:57,204.37,204.38,204.32,204.37,129089.0
15:58,204.37,204.38,204.33,204.37,111126.0
15:59,204.29,204.37,204.25,204.37,250337.0
