Time,Close,High,Low,Open,Volume
09:30,194.0,194.38,193.24,193.29,1885088.0
09:31,193.73,194.25,193.54,194.0,276560.0
09:32,194.02,194.08,193.59,193.7,188374.0
09:33,194.41,194.5,193.99,194.08,217392.0
09:34,193.88,194.37,193.88,194.36,215996.0
09:35,194.46,194.5,193.87,193.9,203892.0
09:36,194.44,194.52,194.2,194.42,194174.0
09:37,194.25,194.52,194.22,194.46,120760.0
09:38,194.01,194.31,194.0,194.24,99499.0
09:39,194.22,194.28,194.0,194.01,107760.0
09:40,194.41,194.46,194.12,194.24,121807.0
09:41,194.44,194.56,194.36,194.41,112755.0
09:42,194.2,194.44,194.07,194.44,159915.0
09:43,193.89,194.3,193.83,194.19,109312.0
09:44,193.65,193.92,193.61,193.9,76557.0
09:45,193.82,193.88,193.65,193.66,99447.0
09:46,193.5,193.9,193.5,193.8,74020.0
09:47,193.69,193.72,193.43,193.49,106906.0
09:48,193.48,193.74,193.44,193.69,73335.0
09:49,193.35,193.5,193.26,193.47,75065.0
09:50,193.1,193.43,192.99,193.34,75362.0
09:51,193.3,193.38,193.07,193.12,62183.0
09:52,193.3,193.35,193.2,193.29,57893.0
09:53,193.25,193.41,193.23,193.33,63556.0
09:54,193.21,193.28,193.12,193.25,61791.0
09:55,193.34,193.4,193.24,193.24,77372.0
09:56,193.42,193.44,193.24,193.34,43697.0
09:57,193.41,193.8,193.39,193.41,148574.0
09:58,193.53,193.55,193.37,193.41,56818.0
09:59,193.49,193.6,193.49,193.55,59602.0
10:00,193.59,193.6,193.42,193.53,62166.0
10:01,193.59,193.72,193.59,193.59,50117.0
10:02,193.41,193.58,193.34,193.58,81150.0
10:03,193.39,193.47,193.37,193.4,40269.0
10:04,193.41,193.43,193.26,193.36,56408.0
10:05,193.4,193.47,193.33,193.41,42750.0
10:06,193.24,193.41,193.24,193.41,55993.0
10:07,193.65,193.68,193.3,193.31,63164.0
10:08,193.75,193.76,193.66,193.67,60131.0
10:09,193.78,193.88,193.74,193.75,62722.0
10:10,193.79,193.85,193.66,193.77,60693.0
10:11,193.97,194.13,193.76,193.8,133014.0
10:12,194.3,194.3,193.93,193.95,114882.0
10:13,194.27,194.27,194.08,194.1,148776.0
10:14,194.24,194.24,194.24,194.24,182669.0
10:15,194.12,194.29,194.11,194.24,88520.0
10:16,194.26,194.35,194.09,194.12,105299.0
10:17,194.12,194.35,194.12,194.27,227786.0
10:18,194.06,194.19,193.87,194.11,56622.0
10:19,194.35,194.35,194.13,194.16,51292.0
10:20,194.15,194.39,194.07,194.35,65358.0
10:21,194.2,194.35,194.12,194.15,84362.0
10:22,194.3,194.4,194.18,194.19,87879.0
10:23,194.18,194.34,194.16,194.3,49855.0
10:24,194.11,194.21,194.09,194.2,49557.0
10:25,194.04,194.18,194.0,194.12,43219.0
10:26,193.95,194.07,193.93,194.03,40201.0
10:27,193.82,193.98,193.82,193.91,31698.0
10:28,193.94,193.98,193.81,193.83,71968.0
10:29,193.95,193.98,193.87,193.95,42022.0
10:30,194.04,194.08,193.93,193.95,45414.0
10:31,193.77,194.06,193.7,194.04,53295.0
10:32,193.93,193.95,193.77,193.79,49150.0
10:33,193.9,194.0,193.87,193.92,44234.0
10:34,193.86,193.99,193.85,193.91,59540.0
10:35,193.86,193.92,193.8,193.88,37694.0
10:36,193.72,193.88,193.72,193.85,51089.0
10:37,193.63,193.74,193.63,193.72,43516.0
10:38,193.72,193.79,193.6,193.63,52116.0
10:39,193.65,193.86,193.64,193.73,49930.0
10:40,193.82,193.85,193.61,193.65,69981.0
10:41,193.74,193.89,193.74,193.85,46396.0
10:42,193.73,193.76,193.64,193.71,36375.0
10:43,193.75,193.77,193.67,193.7,37702.0
10:44,193.78,193.8,193.7,193.76,39181.0
10:45,193.74,193.82,193.72,193.76,39881.0
10:46,193.76,193.83,193.71,193.78,31199.0
10:47,193.82,193.9,193.79,193.79,48849.0
10:48,193.79,193.89,193.76,193.82,52665.0
10:49,193.8,193.83,193.76,193.78,42564.0
10:50,193.95,193.99,193.78,193.79,64437.0
10:51,193.89,193.97,193.84,193.95,104549.0
10:52,193.86,193.9,193.83,193.87,41033.0
10:53,193.82,193.89,193.76,193.85,62229.0
10:54,193.78,193.91,193.76,193.84,50117.0
10:55,193.91,193.93,193.79,193.79,52283.0
10:56,194.2,194.2,193.89,193.91,78751.0
10:57,194.26,194.27,194.16,194.18,40861.0
10:58,194.31,194.36,194.22,194.26,42409.0
10:59,194.22,194.36,194.22,194.32,47864.0
11:00,194.41,194.41,194.21,194.21,65741.0
11:01,194.4,194.49,194.35,194.4,63694.0
11:02,194.44,194.54,194.36,194.39,101203.0
11:03,194.5,194.5,194.41,194.45,39769.0
11:04,194.51,194.54,194.44,194.5,45434.0
11:05,194.59,194.65,194.49,194.49,89758.0
11:06,194.58,194.64,194.51,194.58,56884.0
11:07,194.47,194.57,194.45,194.55,47481.0
11:08,194.4,194.46,194.37,194.44,62372.0
11:09,194.34,194.34,194.29,194.32,77263.0
11:10,194.34,194.41,194.32,194.35,42202.0
11:11,194.41,194.43,194.23,194.34,42929.0
11:12,194.29,194.46,194.29,194.4,31798.0
11:13,194.35,194.41,194.3,194.31,25123.0
11:14,194.19,194.35,194.16,194.35,35252.0
11:15,194.34,194.39,194.18,194.19,45978.0
11:16,194.29,194.4,194.27,194.32,31205.0
11:17,194.36,194.38,194.24,194.3,45817.0
11:18,194.27,194.39,194.24,194.37,36353.0
11:19,194.28,194.33,194.17,194.28,37703.0
11:20,194.39,194.4,194.24,194.28,54861.0
11:21,194.41,194.52,194.4,194.4,69459.0
11:22,194.46,194.49,194.35,194.41,35027.0
11:23,194.3,194.48,194.26,194.46,45351.0
11:24,194.3,194.32,194.2,194.29,43506.0
11:25,194.22,194.34,194.22,194.31,53939.0
11:26,194.19,194.32,194.18,194.22,42570.0
11:27,194.23,194.27,194.15,194.19,48326.0
11:28,194.17,194.24,194.13,194.22,57245.0
11:29,194.07,194.17,193.97,194.17,56092.0
11:30,194.17,194.24,194.05,194.06,54126.0
11:31,194.19,194.28,194.14,194.14,31073.0
11:32,194.35,194.41,194.15,194.16,47043.0
11:33,194.51,194.51,194.33,194.35,66618.0
11:34,194.55,194.59,194.47,194.5,36575.0
11:35,194.55,194.62,194.48,194.54,51893.0
11:36,194.35,194.56,194.35,194.56,43862.0
11:37,194.43,194.53,194.28,194.35,36820.0
11:38,194.54,194.57,194.42,194.45,35646.0
11:39,194.43,194.56,194.43,194.56,19991.0
11:40,194.24,194.48,194.24,194.45,40028.0
11:41,194.16,194.28,194.12,194.24,47449.0
11:42,194.25,194.34,194.15,194.16,31532.0
11:43,194.28,194.31,194.21,194.25,35732.0
11:44,194.46,194.47,194.27,194.27,42474.0
11:45,194.73,194.73,194.46,194.46,73603.0
11:46,194.74,194.81,194.7,194.74,86039.0
11:47,195.02,195.02,194.7,194.7,452511.0
11:48,194.91,195.11,194.91,195.02,120374.0
11:49,194.91,194.96,194.81,194.93,58352.0
11:50,194.73,194.89,194.66,194.88,69603.0
11:51,195.05,195.11,194.71,194.71,86640.0
11:52,195.13,195.19,195.04,195.04,61002.0
11:53,195.2,195.28,195.12,195.14,76023.0
11:54,195.2,195.29,195.14,195.21,43128.0
11:55,195.23,195.27,195.11,195.2,72931.0
11:56,195.32,195.33,195.18,195.23,110105.0
11:57,195.28,195.32,195.16,195.31,41598.0
11:58,195.15,195.31,195.14,195.26,47900.0
11:59,195.1,195.16,194.97,195.16,77515.0
12:00,195.32,195.32,195.02,195.09,91258.0
12:01,195.52,195.54,195.31,195.31,147048.0
12:02,195.47,195.58,195.29,195.5,107741.0
12:03,195.37,195.47,195.34,195.46,65146.0
12:04,195.22,195.44,195.18,195.35,64120.0
12:05,195.38,195.4,195.07,195.2,83369.0
12:06,195.47,195.51,195.37,195.39,75873.0
12:07,195.39,195.5,195.32,195.44,97072.0
12:08,195.09,195.39,195.07,195.39,37511.0
12:09,195.21,195.29,194.96,195.05,42281.0
12:10,195.34,195.37,195.22,195.24,33485.0
12:11,195.32,195.45,195.27,195.35,29322.0
12:12,195.16,195.43,195.16,195.32,41636.0
12:13,195.3,195.35,195.1,195.16,32316.0
12:14,195.21,195.29,195.2,195.27,16612.0
12:15,195.27,195.35,195.19,195.2,33043.0
12:16,195.41,195.46,195.24,195.27,100956.0
12:17,195.33,195.42,195.3,195.41,61191.0
12:18,195.36,195.42,195.3,195.31,53365.0
12:19,195.41,195.46,195.31,195.37,51514.0
12:20,195.34,195.48,195.3,195.39,48540.0
12:21,195.25,195.36,195.24,195.33,29882.0
12:22,195.28,195.37,195.24,195.27,41273.0
12:23,195.37,195.38,195.22,195.28,40699.0
12:24,195.43,195.46,195.37,195.37,62284.0
12:25,195.48,195.55,195.4,195.43,84875.0
12:26,195.51,195.53,195.35,195.48,61111.0
12:27,195.37,195.55,195.35,195.51,61369.0
12:28,195.4,195.56,195.37,195.38,51848.0
12:29,195.47,195.52,195.37,195.42,41890.0
12:30,195.5,195.5,195.34,195.45,32435.0
12:31,195.64,195.68,195.48,195.48,55173.0
12:32,195.61,195.71,195.6,195.64,57788.0
12:33,195.68,195.7,195.54,195.61,34172.0
12:34,195.72,195.79,195.67,195.69,72339.0
12:35,195.72,195.76,195.64,195.72,47566.0
12:36,195.73,195.78,195.69,195.71,30426.0
12:37,195.69,195.76,195.65,195.73,43484.0
12:38,195.62,195.71,195.61,195.68,31018.0
12:39,195.67,195.7,195.57,195.62,42157.0
12:40,195.73,195.77,195.67,195.67,46765.0
12:41,195.82,195.85,195.66,195.74,63473.0
12:42,195.89,195.92,195.77,195.79,55201.0
12:43,195.78,195.89,195.76,195.89,35952.0
12:44,195.88,195.91,195.77,195.77,25859.0
12:45,195.77,195.87,195.72,195.87,29289.0
12:46,195.76,195.81,195.73,195.77,31115.0
12:47,195.77,195.82,195.74,195.75,21576.0
12:48,195.86,195.94,195.77,195.77,44187.0
12:49,195.81,195.89,195.79,195.84,21323.0
12:50,195.93,196.0,195.77,195.8,130355.0
12:51,195.97,196.02,195.89,195.92,56564.0
12:52,195.99,196.06,195.93,195.98,64657.0
12:53,196.22,196.23,196.0,196.0,90776.0
12:54,196.25,196.27,196.15,196.23,82282.0
12:55,196.39,196.41,196.23,196.26,132242.0
12:56,196.34,196.41,196.27,196.38,65582.0
12:57,196.44,196.44,196.26,196.32,64673.0
12:58,196.32,196.47,196.29,196.44,55719.0
12:59,196.29,196.35,196.24,196.31,55767.0
13:00,196.38,196.5,196.29,196.3,88108.0
13:01,196.17,196.45,196.16,196.38,42990.0
13:02,196.11,196.28,196.06,196.18,89543.0
13:03,196.11,196.23,196.08,196.1,44670.0
13:04,195.86,196.14,195.86,196.09,34940.0
13:05,195.94,195.98,195.83,195.86,32400.0
13:06,195.95,195.99,195.89,195.93,42174.0
13:07,195.99,196.0,195.83,195.96,25739.0
13:08,196.0,196.08,196.0,196.0,46638.0
13:09,195.87,196.06,195.86,196.0,24095.0
13:10,195.81,195.9,195.79,195.87,37551.0
13:11,195.88,195.92,195.81,195.85,41480.0
13:12,195.8,195.9,195.75,195.88,37168.0
13:13,195.74,195.82,195.72,195.82,28195.0
13:14,195.75,195.78,195.68,195.74,36403.0
13:15,195.87,195.87,195.68,195.73,34734.0
13:16,195.75,195.9,195.75,195.87,41340.0
13:17,195.89,195.92,195.7,195.74,35813.0
13:18,195.99,196.03,195.92,195.94,36248.0
13:19,196.04,196.07,195.97,195.97,25712.0
13:20,196.01,196.05,195.94,196.03,21413.0
13:21,196.01,196.04,195.94,196.0,26650.0
13:22,196.12,196.19,196.01,196.04,53380.0
13:23,196.02,196.13,196.01,196.11,18991.0
13:24,195.98,196.04,195.92,196.03,20742.0
13:25,195.85,196.02,195.83,195.97,31674.0
13:26,195.83,195.93,195.79,195.85,33703.0
13:27,195.84,195.88,195.83,195.84,21753.0
13:28,195.9,195.93,195.81,195.85,39037.0
13:29,195.81,195.88,195.8,195.88,20305.0
13:30,195.77,195.83,195.73,195.82,29959.0
13:31,195.69,195.77,195.63,195.77,32837.0
13:32,195.74,195.75,195.65,195.69,27875.0
13:33,195.74,195.82,195.74,195.74,31925.0
13:34,195.79,195.79,195.68,195.75,13526.0
13:35,195.78,195.89,195.77,195.79,31102.0
13:36,195.79,195.82,195.74,195.8,13655.0
13:37,195.76,195.79,195.73,195.79,24676.0
13:38,195.7,195.76,195.53,195.76,31473.0
13:39,195.7,195.76,195.7,195.7,16960.0
13:40,195.65,195.72,195.63,195.69,41863.0
13:41,195.57,195.71,195.56,195.65,22771.0
13:42,195.56,195.6,195.53,195.59,33093.0
13:43,195.58,195.62,195.55,195.55,22496.0
13:44,195.66,195.67,195.56,195.56,14866.0
13:45,195.7,195.74,195.66,195.67,23315.0
13:46,195.66,195.7,195.62,195.7,17859.0
13:47,195.6,195.68,195.59,195.66,39437.0
13:48,195.58,195.61,195.55,195.6,32066.0
13:49,195.49,195.58,195.46,195.58,33194.0
13:50,195.47,195.52,195.46,195.5,247486.0
13:51,195.71,195.74,195.47,195.47,634097.0
13:52,195.65,195.74,195.63,195.71,180425.0
13:53,195.66,195.74,195.62,195.63,31099.0
13:54,195.74,195.76,195.67,195.68,31828.0
13:55,195.82,195.84,195.75,195.75,52868.0
13:56,195.93,195.93,195.79,195.83,46947.0
13:57,195.97,196.02,195.92,195.93,56080.0
13:58,195.93,196.01,195.9,195.97,47403.0
13:59,195.8,195.97,195.78,195.93,57114.0
14:00,195.84,195.86,195.75,195.78,22562.0
14:01,195.85,195.88,195.83,195.83,22459.0
14:02,195.84,195.85,195.79,195.83,23421.0
14:03,195.96,195.98,195.82,195.84,28196.0
14:04,196.0,196.02,195.96,195.97,74918.0
14:05,196.11,196.12,195.96,196.01,43277.0
14:06,196.01,196.19,196.01,196.1,30868.0
14:07,195.95,196.04,195.94,196.04,21237.0
14:08,196.08,196.1,195.94,195.96,27209.0
14:09,196.05,196.12,196.03,196.06,28358.0
14:10,196.05,196.13,196.02,196.06,24647.0
14:11,196.13,196.16,196.04,196.06,37024.0
14:12,196.05,196.13,196.05,196.11,18969.0
14:13,196.11,196.13,196.03,196.04,32368.0
14:14,196.09,196.13,196.06,196.1,23416.0
14:15,195.95,196.09,195.9,196.09,46044.0
14:16,196.05,196.06,195.95,195.95,35605.0
14:17,196.18,196.2,196.05,196.06,45393.0
14:18,196.1,196.19,196.09,196.18,28270.0
14:19,196.08,196.12,196.04,196.1,32754.0
14:20,195.98,196.13,195.98,196.08,39504.0
14:21,196.16,196.16,195.97,195.98,30458.0
14:22,196.14,196.22,196.11,196.17,50355.0
14:23,196.02,196.09,195.97,196.09,31757.0
14:24,196.02,196.11,195.99,196.02,18895.0
14:25,195.91,196.04,195.85,196.01,23871.0
14:26,195.92,195.99,195.89,195.89,23156.0
14:27,195.95,195.96,195.9,195.93,23929.0
14:28,195.89,195.95,195.89,195.93,28449.0
14:29,195.95,196.02,195.89,195.89,36070.0
14:30,196.04,196.08,195.95,195.95,23496.0
14:31,196.1,196.14,196.02,196.04,48769.0
14:32,196.08,196.11,196.06,196.1,24808.0
14:33,195.89,196.08,195.89,196.08,32858.0
14:34,195.77,195.88,195.74,195.88,28308.0
14:35,195.77,195.79,195.73,195.76,26060.0
14:36,195.89,195.9,195.71,195.75,32408.0
14:37,195.97,196.0,195.87,195.9,58653.0
14:38,195.94,195.98,195.93,195.98,35699.0
14:39,195.94,195.95,195.91,195.95,175756.0
14:40,196.04,196.04,195.92,195.95,35226.0
14:41,196.0,196.04,195.99,196.03,29650.0
14:42,196.0,196.04,195.99,196.0,25603.0
14:43,195.97,196.02,195.9,196.0,26866.0
14:44,195.99,196.04,195.97,195.97,18002.0
14:45,195.96,196.0,195.95,196.0,25985.0
14:46,196.01,196.05,195.96,195.96,31623.0
14:47,196.03,196.08,195.99,196.01,27683.0
14:48,196.03,196.05,195.99,196.03,29350.0
14:49,196.04,196.07,196.01,196.03,29071.0
14:50,196.17,196.18,196.04,196.05,31741.0
14:51,196.23,196.23,196.13,196.17,42299.0
14:52,196.06,196.24,196.05,196.23,52157.0
14:53,196.15,196.18,196.05,196.05,32705.0
14:54,196.15,196.19,196.12,196.15,38148.0
14:55,196.04,196.16,196.0,196.16,27145.0
14:56,196.04,196.09,196.01,196.04,24242.0
14:57,195.99,196.08,195.99,196.06,25189.0
14:58,196.06,196.1,195.97,196.02,36376.0
14:59,195.99,196.08,195.94,196.05,30624.0
15:00,196.02,196.09,196.0,196.01,47112.0
15:01,195.98,196.06,195.92,196.03,38626.0
15:02,196.0,196.02,195.96,195.99,32975.0
15:03,196.09,196.09,195.98,196.0,30750.0
15:04,196.08,196.09,196.02,196.08,38829.0
15:05,195.99,196.08,195.94,196.08,45644.0
15:06,196.05,196.1,195.98,195.99,57902.0
15:07,196.06,196.1,196.04,196.06,31204.0
15:08,195.9,196.08,195.9,196.08,46605.0
15:09,195.92,195.95,195.87,195.89,41148.0
15:10,196.01,196.03,195.93,195.93,27740.0
15:11,196.12,196.13,195.96,196.01,32693.0
15:12,196.22,196.25,196.09,196.11,55717.0
15:13,196.03,196.26,196.03,196.21,38683.0
15:14,195.97,196.07,195.95,196.05,22572.0
15:15,196.08,196.08,195.91,195.98,40544.0
15:16,196.17,196.17,196.07,196.08,33829.0
15:17,196.2,196.24,196.17,196.17,38038.0
15:18,196.19,196.23,196.16,196.2,51214.0
15:19,196.17,196.21,196.12,196.19,38153.0
15:20,196.19,196.21,196.12,196.16,54761.0
15:21,196.32,196.34,196.18,196.18,63974.0
15:22,196.26,196.36,196.26,196.33,54731.0
15:23,196.14,196.28,196.14,196.26,50576.0
15:24,196.13,196.24,196.12,196.14,69792.0
15:25,195.92,196.13,195.89,196.13,146608.0
15:26,196.03,196.05,195.89,195.94,58253.0
15:27,196.2,196.21,196.04,196.04,97178.0
15:28,196.13,196.21,196.11,196.2,29524.0
15:29,196.07,196.18,196.06,196.15,29092.0
15:30,196.07,196.07,196.01,196.06,32339.0
15:31,196.07,196.18,196.07,196.16,56753.0
15:32,196.11,196.16,196.07,196.07,34905.0
15:33,196.15,196.16,196.07,196.11,53661.0
15:34,196.09,196.2,196.07,196.15,45367.0
15:35,195.99,196.09,195.98,196.09,36544.0
15:36,196.02,196.04,195.91,195.98,51482.0
15:37,196.07,196.13,196.04,196.04,38347.0
15:38,195.94,196.12,195.93,196.06,42472.0
15:39,195.9,195.97,195.87,195.93,37447.0
15:40,196.06,196.09,195.89,195.89,67170.0
15:41,196.14,196.16,196.02,196.02,92818.0
15:42,196.22,196.23,196.15,196.15,118467.0
15:43,196.34,196.35,196.19,196.23,88845.0
15:44,196.37,196.39,196.31,196.34,121853.0
15:45,196.37,196.4,196.32,196.37,102296.0
15:46,196.45,196.45,196.33,196.38,156815.0
15:47,196.46,196.57,196.43,196.45,139537.0
15:48,196.53,196.55,196.42,196.45,109075.0
15:49,196.53,196.58,196.49,196.53,97263.0
15:50,196.58,196.66,196.36,196.49,171359.0
15:51,196.51,196.57,196.36,196.57,164785.0
15:52,196.39,196.51,196.39,196.49,76515.0
15:53,196.43,196.52,196.31,196.4,92183.0
15:54,196.56,196.63,196.43,196.44,152773.0
15:55,196.32,196.57,196.2,196.56,332588.0
15:56,196.23,196.4,196.21,196.31,178675.0
15:57,196.3,196.3,196.19,196.23,215417.0
15:58,196.35,196.4,196.3,196.31,238280.0
15:59,196.44,196.55,196.29,196.33,620767.0
