Time,Close,High,Low,Open,Volume
09:30,203.92,205.0,203.9,204.7,1673820.0
09:31,204.77,204.93,203.94,203.94,85345.0
09:32,205.3,205.61,204.78,204.8,185576.0
09:33,205.54,205.89,205.33,205.33,66934.0
09:34,205.5,205.69,205.43,205.65,207188.0
09:35,205.49,205.56,205.2,205.51,84300.0
09:36,205.96,206.05,205.48,205.49,250543.0
09:37,205.84,206.17,205.59,206.02,112217.0
09:38,205.63,205.99,205.63,205.85,94476.0
09:39,205.63,205.65,205.34,205.62,88207.0
09:40,205.45,205.67,205.36,205.61,46027.0
09:41,204.94,205.41,204.94,205.41,66509.0
09:42,205.02,205.08,204.83,205.02,54367.0
09:43,205.26,205.33,204.95,205.0,46483.0
09:44,205.58,205.62,205.26,205.26,51236.0
09:45,205.27,205.57,205.24,205.56,43401.0
09:46,205.35,205.38,205.17,205.26,24136.0
09:47,205.09,205.25,204.96,205.16,51282.0
09:48,204.82,205.11,204.76,205.06,78427.0
09:49,204.81,205.05,204.78,204.85,40229.0
09:50,204.8,204.97,204.72,204.83,40522.0
09:51,204.7,204.91,204.64,204.81,81645.0
09:52,204.92,205.0,204.63,204.72,64661.0
09:53,204.82,205.06,204.77,204.94,37766.0
09:54,204.97,204.98,204.73,204.8,37263.0
09:55,204.96,205.1,204.92,204.99,65756.0
09:56,205.09,205.25,204.95,204.96,50214.0
09:57,205.01,205.23,205.01,205.1,51246.0
09:58,205.12,205.21,204.96,205.04,36804.0
09:59,205.21,205.28,205.04,205.12,38129.0
10:00,205.24,205.24,204.81,205.19,38985.0
10:01,205.62,205.65,205.19,205.19,60413.0
10:02,205.51,205.7,205.42,205.65,71945.0
10:03,205.97,205.97,205.51,205.52,79130.0
10:04,205.96,206.05,205.91,205.96,66236.0
10:05,205.89,206.07,205.85,205.98,47765.0
10:06,206.03,206.16,205.83,205.88,63215.0
10:07,205.93,206.06,205.89,206.03,51121.0
10:08,206.12,206.16,205.95,205.95,49216.0
10:09,206.28,206.29,205.97,206.16,86336.0
10:10,206.26,206.33,206.19,206.28,115243.0
10:11,206.43,206.46,206.17,206.27,91021.0
10:12,206.8,206.85,206.38,206.46,106506.0
10:13,206.77,207.03,206.77,206.82,150304.0
10:14,206.84,206.91,206.68,206.78,50516.0
10:15,206.93,207.0,206.78,206.83,56157.0
10:16,206.97,207.01,206.82,206.9,81783.0
10:17,206.98,207.06,206.94,206.97,119931.0
10:18,207.14,207.18,206.78,206.97,81965.0
10:19,207.26,207.3,207.14,207.18,71785.0
10:20,206.73,207.33,206.73,207.26,85722.0
10:21,206.65,206.78,206.59,206.74,52121.0
10:22,206.55,206.75,206.55,206.63,56600.0
10:23,206.77,206.77,206.64,206.65,32816.0
10:24,206.5,206.82,206.43,206.79,104774.0
10:25,206.51,206.62,206.45,206.5,97190.0
10:26,206.7,206.71,206.38,206.49,72882.0
10:27,207.0,207.02,206.68,206.68,73823.0
10:28,206.99,207.09,206.96,206.99,110562.0
10:29,206.88,207.02,206.87,206.97,32120.0
10:30,206.95,207.02,206.85,206.88,45129.0
10:31,206.91,207.1,206.88,206.93,67162.0
10:32,206.99,206.99,206.77,206.89,26586.0
10:33,207.01,207.11,206.89,206.98,45804.0
10:34,207.1,207.24,207.02,207.02,39485.0
10:35,207.05,207.1,206.74,207.08,43539.0
10:36,207.07,207.09,206.88,207.05,26319.0
10:37,207.05,207.23,206.95,207.02,39670.0
10:38,207.05,207.22,207.02,207.11,26371.0
10:39,207.16,207.23,207.03,207.04,30310.0
10:40,206.93,207.26,206.93,207.19,45680.0
10:41,206.81,207.02,206.81,206.92,35829.0
10:42,207.05,207.05,206.79,206.82,24060.0
10:43,207.23,207.23,207.05,207.07,32127.0
10:44,207.13,207.28,207.12,207.24,54976.0
10:45,207.0,207.19,206.96,207.14,24600.0
10:46,207.0,207.11,206.94,206.97,21880.0
10:47,206.93,206.99,206.88,206.98,23520.0
10:48,206.9,206.96,206.86,206.96,27271.0
10:49,207.07,207.09,206.9,206.94,25268.0
10:50,206.96,207.15,206.92,207.13,28352.0
10:51,207.05,207.15,206.95,206.96,31128.0
10:52,207.06,207.11,206.98,207.03,14102.0
10:53,206.97,207.13,206.91,207.03,30622.0
10:54,206.85,206.99,206.76,206.97,23987.0
10:55,206.75,206.99,206.66,206.84,41581.0
10:56,206.82,206.88,206.78,206.78,20324.0
10:57,206.75,206.83,206.72,206.79,19402.0
10:58,206.52,206.76,206.52,206.72,27935.0
10:59,206.56,206.62,206.5,206.51,35962.0
11:00,206.39,206.58,206.38,206.57,50470.0
11:01,206.42,206.48,206.31,206.4,30786.0
11:02,206.34,206.44,206.34,206.41,25307.0
11:03,206.41,206.43,206.32,206.36,21882.0
11:04,206.44,206.47,206.29,206.4,23155.0
11:05,206.53,206.6,206.4,206.46,23875.0
11:06,206.54,206.56,206.49,206.52,12166.0
11:07,206.51,206.55,206.41,206.53,31319.0
11:08,206.51,206.53,206.41,206.51,25655.0
11:09,206.47,206.52,206.41,206.52,19031.0
11:10,206.54,206.63,206.47,206.49,22677.0
11:11,206.63,206.66,206.5,206.53,20260.0
11:12,206.68,206.77,206.66,206.68,19886.0
11:13,206.61,206.67,206.5,206.67,24966.0
11:14,206.44,206.62,206.44,206.6,33890.0
11:15,206.39,206.47,206.37,206.44,14851.0
11:16,206.44,206.44,206.36,206.38,20166.0
11:17,206.43,206.45,206.32,206.45,22073.0
11:18,206.44,206.48,206.35,206.44,37642.0
11:19,206.44,206.45,206.32,206.43,22176.0
11:20,206.46,206.51,206.42,206.43,23153.0
11:21,206.27,206.46,206.22,206.46,29874.0
11:22,206.2,206.28,206.19,206.27,23816.0
11:23,206.0,206.23,206.0,206.23,34533.0
11:24,205.94,206.08,205.92,206.01,35097.0
11:25,205.9,205.98,205.87,205.93,50331.0
11:26,205.85,205.92,205.83,205.88,14419.0
11:27,205.79,205.89,205.76,205.88,28551.0
11:28,205.88,205.92,205.77,205.79,24929.0
11:29,205.9,205.92,205.83,205.86,17126.0
11:30,205.87,205.88,205.79,205.82,33553.0
11:31,205.98,206.03,205.87,205.87,49867.0
11:32,205.88,205.96,205.86,205.94,14973.0
11:33,205.88,205.93,205.8,205.88,14663.0
11:34,205.9,205.95,205.86,205.9,25310.0
11:35,205.82,205.91,205.81,205.9,27913.0
11:36,205.67,205.84,205.67,205.84,15599.0
11:37,205.55,205.73,205.55,205.68,28320.0
11:38,205.64,205.65,205.53,205.55,22280.0
11:39,205.6,205.74,205.59,205.71,32275.0
11:40,205.59,205.71,205.54,205.6,39192.0
11:41,205.57,205.6,205.48,205.58,19695.0
11:42,205.38,205.59,205.38,205.57,23153.0
11:43,205.48,205.48,205.38,205.38,18729.0
11:44,205.58,205.6,205.4,205.47,20410.0
11:45,205.48,205.58,205.45,205.57,24169.0
11:46,205.29,205.48,205.28,205.47,28174.0
11:47,205.39,205.4,205.25,205.29,25049.0
11:48,205.33,205.38,205.33,205.37,14329.0
11:49,205.45,205.5,205.34,205.34,15274.0
11:50,205.51,205.51,205.41,205.47,20529.0
11:51,205.62,205.63,205.48,205.51,23497.0
11:52,205.62,205.62,205.57,205.62,14006.0
11:53,205.66,205.7,205.58,205.63,24652.0
11:54,205.55,205.71,205.54,205.68,19064.0
11:55,205.51,205.57,205.5,205.56,16275.0
11:56,205.47,205.57,205.47,205.53,11799.0
11:57,205.36,205.48,205.36,205.46,22536.0
11:58,205.44,205.44,205.28,205.35,17636.0
11:59,205.37,205.49,205.36,205.44,17459.0
12:00,205.29,205.37,205.28,205.33,13406.0
12:01,205.32,205.41,205.28,205.32,17460.0
12:02,205.29,205.37,205.28,205.33,23448.0
12:03,205.28,205.31,205.25,205.29,18368.0
12:04,205.27,205.3,205.26,205.29,14203.0
12:05,205.45,205.45,205.16,205.28,32708.0
12:06,205.57,205.6,205.43,205.45,17854.0
12:07,205.58,205.59,205.5,205.57,17672.0
12:08,205.65,205.65,205.55,205.58,19093.0
12:09,205.63,205.68,205.63,205.67,15880.0
12:10,205.86,205.86,205.63,205.65,25742.0
12:11,205.97,205.97,205.76,205.86,16264.0
12:12,206.01,206.03,205.92,205.97,58515.0
12:13,206.11,206.11,205.99,206.01,31786.0
12:14,205.98,206.12,205.96,206.11,20522.0
12:15,206.02,206.08,205.92,206.02,62428.0
12:16,206.01,206.11,205.93,206.03,82276.0
12:17,205.95,205.98,205.93,205.95,14308.0
12:18,205.98,206.0,205.88,205.95,31609.0
12:19,206.0,206.03,205.94,205.94,15763.0
12:20,205.93,206.0,205.88,205.99,21010.0
12:21,205.92,206.0,205.9,205.93,29890.0
12:22,205.91,206.04,205.9,205.96,61127.0
12:23,205.98,205.98,205.91,205.93,14191.0
12:24,206.0,206.01,205.96,205.98,19953.0
12:25,206.07,206.07,206.04,206.04,16397.0
12:26,206.23,206.23,206.06,206.08,25965.0
12:27,206.14,206.24,206.13,206.23,8971.0
12:28,206.14,206.17,206.1,206.12,17153.0
12:29,206.13,206.17,206.04,206.14,31040.0
12:30,206.12,206.19,206.11,206.14,11501.0
12:31,206.18,206.18,206.11,206.15,8134.0
12:32,206.22,206.27,206.2,206.24,24087.0
12:33,206.32,206.32,206.21,206.22,31391.0
12:34,206.41,206.48,206.32,206.32,37452.0
12:35,206.47,206.54,206.43,206.44,59153.0
12:36,206.61,206.67,206.48,206.48,31834.0
12:37,206.54,206.61,206.46,206.61,16474.0
12:38,206.59,206.65,206.54,206.6,22426.0
12:39,206.59,206.62,206.55,206.59,21176.0
12:40,206.55,206.59,206.45,206.59,37136.0
12:41,206.51,206.56,206.48,206.56,27637.0
12:42,206.61,206.63,206.44,206.5,19576.0
12:43,206.64,206.68,206.59,206.62,21268.0
12:44,206.59,206.65,206.55,206.65,13333.0
12:45,206.56,206.62,206.54,206.57,35717.0
12:46,206.5,206.62,206.5,206.56,26303.0
12:47,206.56,206.63,206.5,206.5,17923.0
12:48,206.7,206.71,206.53,206.56,28081.0
12:49,206.79,206.82,206.7,206.7,30484.0
12:50,206.83,206.85,206.77,206.79,21587.0
12:51,206.96,206.98,206.83,206.86,23769.0
12:52,206.98,206.98,206.9,206.95,26473.0
12:53,206.93,207.01,206.9,206.97,56509.0
12:54,206.93,206.94,206.89,206.94,11618.0
12:55,207.0,207.01,206.87,206.9,20821.0
12:56,206.96,207.01,206.96,206.99,37641.0
12:57,206.96,207.03,206.91,206.97,19865.0
12:58,206.97,206.99,206.92,206.93,19050.0
12:59,206.95,207.02,206.95,206.96,26601.0
13:00,206.96,207.03,206.94,206.96,29850.0
13:01,206.98,207.0,206.93,206.96,19374.0
13:02,206.92,206.99,206.9,206.99,16757.0
13:03,207.03,207.08,206.92,206.93,51952.0
13:04,207.14,207.16,207.03,207.03,24019.0
13:05,207.04,207.12,207.04,207.12,11059.0
13:06,207.08,207.12,207.06,207.06,23100.0
13:07,207.09,207.16,207.08,207.09,13502.0
13:08,207.12,207.12,207.03,207.09,20652.0
13:09,206.96,206.97,206.96,206.96,11585.0
13:10,206.92,206.98,206.9,206.98,17439.0
13:11,206.87,206.91,206.87,206.9,18057.0
13:12,206.81,206.89,206.8,206.87,14649.0
13:13,206.8,206.85,206.73,206.81,25495.0
13:14,206.87,206.91,206.8,206.8,15436.0
13:15,206.93,206.96,206.87,206.87,9032.0
13:16,206.96,206.97,206.93,206.93,16490.0
13:17,206.9,206.96,206.89,206.96,21421.0
13:18,206.86,206.9,206.86,206.87,10825.0
13:19,206.86,206.87,206.78,206.86,12916.0
13:20,206.84,206.88,206.84,206.86,11497.0
13:21,206.88,206.88,206.82,206.84,11996.0
13:22,206.99,206.99,206.86,206.9,9661.0
13:23,207.05,207.08,206.98,206.98,31771.0
13:24,207.09,207.12,207.02,207.06,19638.0
13:25,206.96,207.09,206.96,207.09,12128.0
13:26,207.1,207.1,206.95,206.96,12167.0
13:27,207.18,207.2,207.09,207.09,27570.0
13:28,207.09,207.18,207.09,207.18,20222.0
13:29,207.06,207.11,207.04,207.1,12002.0
13:30,207.28,207.28,207.07,207.09,29227.0
13:31,207.26,207.28,207.23,207.27,14153.0
13:32,207.28,207.28,207.21,207.26,15756.0
13:33,207.16,207.27,207.11,207.27,20161.0
13:34,207.18,207.2,207.12,207.15,20379.0
13:35,207.1,207.17,207.08,207.17,12546.0
13:36,207.09,207.15,207.09,207.1,17499.0
13:37,206.87,207.11,206.87,207.1,39069.0
13:38,206.87,206.88,206.78,206.87,32081.0
13:39,206.82,206.89,206.81,206.87,25010.0
13:40,206.76,206.84,206.76,206.82,23636.0
13:41,206.68,206.77,206.68,206.76,26244.0
13:42,206.58,206.68,206.58,206.67,18770.0
13:43,206.51,206.59,206.51,206.58,19371.0
13:44,206.55,206.62,206.53,206.53,31163.0
13:45,206.53,206.56,206.49,206.55,25363.0
13:46,206.51,206.55,206.49,206.55,17437.0
13:47,206.4,206.5,206.38,206.5,22847.0
13:48,206.35,206.4,206.34,206.4,18781.0
13:49,206.24,206.34,206.2,206.34,30410.0
13:50,206.17,206.26,206.15,206.25,23028.0
13:51,206.17,206.19,206.14,206.17,21174.0
13:52,206.13,206.16,206.1,206.16,28591.0
13:53,206.17,206.2,206.12,206.12,24295.0
13:54,206.14,206.21,206.13,206.18,23453.0
13:55,206.3,206.31,206.14,206.14,21969.0
13:56,206.29,206.29,206.24,206.28,25653.0
13:57,206.31,206.32,206.24,206.3,17664.0
13:58,206.4,206.44,206.33,206.33,36150.0
13:59,206.43,206.47,206.41,206.41,18049.0
14:00,206.4,206.53,206.39,206.46,27457.0
14:01,206.37,206.44,206.33,206.39,29713.0
14:02,206.16,206.4,206.16,206.38,68685.0
14:03,204.07,206.2,202.09,206.16,1490746.0
14:04,206.29,206.46,204.01,204.1,555882.0
14:05,205.43,206.33,205.25,206.26,181934.0
14:06,205.99,206.04,205.37,205.41,90256.0
14:07,206.13,206.19,205.91,205.98,64814.0
14:08,206.07,206.2,205.96,206.18,39231.0
14:09,205.93,206.34,205.85,206.08,65157.0
14:10,206.21,206.21,205.78,205.96,48899.0
14:11,206.22,206.3,206.13,206.2,37992.0
14:12,206.36,206.45,206.2,206.2,36631.0
14:13,206.37,206.37,206.04,206.35,45256.0
14:14,206.24,206.45,206.2,206.4,27346.0
14:15,206.19,206.3,206.14,206.23,47686.0
14:16,206.31,206.32,206.04,206.12,18071.0
14:17,206.48,206.63,206.27,206.27,27096.0
14:18,206.54,206.54,206.43,206.48,16279.0
14:19,206.55,206.62,206.36,206.54,37309.0
14:20,206.4,206.58,206.4,206.55,10673.0
14:21,206.13,206.48,206.13,206.41,33982.0
14:22,206.26,206.26,206.05,206.13,21415.0
14:23,206.26,206.37,206.2,206.26,54127.0
14:24,206.43,206.44,206.23,206.26,28753.0
14:25,206.5,206.65,206.41,206.41,56463.0
14:26,206.54,206.57,206.42,206.49,14668.0
14:27,206.65,206.65,206.42,206.52,17973.0
14:28,206.69,206.7,206.55,206.65,17420.0
14:29,206.66,206.78,206.64,206.68,32677.0
14:30,206.72,206.83,206.64,206.68,31704.0
14:31,206.63,206.77,206.58,206.73,25999.0
14:32,206.82,206.84,206.6,206.61,21677.0
14:33,206.76,206.86,206.76,206.84,17478.0
14:34,206.7,206.82,206.69,206.78,13326.0
14:35,206.66,206.75,206.63,206.69,18597.0
14:36,206.61,206.7,206.61,206.66,15239.0
14:37,206.62,206.7,206.62,206.64,13687.0
14:38,206.68,206.78,206.62,206.63,27475.0
14:39,206.66,206.78,206.65,206.69,15959.0
14:40,206.58,206.68,206.5,206.64,25170.0
14:41,206.54,206.6,206.52,206.58,15602.0
14:42,206.55,206.64,206.53,206.55,7071.0
14:43,206.63,206.63,206.51,206.54,14071.0
14:44,206.54,206.61,206.52,206.61,17245.0
14:45,206.46,206.57,206.46,206.52,14681.0
14:46,206.43,206.53,206.42,206.48,16734.0
14:47,206.39,206.45,206.35,206.43,20594.0
14:48,206.32,206.4,206.3,206.4,15533.0
14:49,206.33,206.35,206.28,206.29,28333.0
14:50,206.38,206.48,206.32,206.33,21700.0
14:51,206.5,206.52,206.37,206.42,19119.0
14:52,206.49,206.51,206.45,206.5,10509.0
14:53,206.53,206.57,206.45,206.48,15992.0
14:54,206.45,206.54,206.43,206.54,11832.0
14:55,206.46,206.47,206.42,206.45,10371.0
14:56,206.49,206.49,206.41,206.46,11877.0
14:57,206.39,206.58,206.29,206.52,49105.0
14:58,206.45,206.48,206.33,206.37,16485.0
14:59,206.43,206.49,206.42,206.44,10201.0
15:00,206.25,206.45,206.25,206.39,31663.0
15:01,206.2,206.32,206.15,206.29,25330.0
15:02,206.19,206.26,206.17,206.2,12227.0
15:03,206.1,206.19,206.0,206.19,25384.0
15:04,206.16,206.26,206.1,206.1,19951.0
15:05,206.14,206.15,206.02,206.14,25168.0
15:06,206.23,206.23,206.07,206.16,25536.0
15:07,206.21,206.21,206.1,206.21,21322.0
15:08,206.17,206.24,206.16,206.19,12921.0
15:09,206.23,206.24,206.16,206.16,14374.0
15:10,206.15,206.19,206.11,206.18,11594.0
15:11,206.12,206.19,206.11,206.15,11100.0
15:12,206.09,206.13,206.04,206.12,18288.0
15:13,206.16,206.17,206.08,206.1,40681.0
15:14,206.07,206.18,206.01,206.18,30059.0
15:15,206.05,206.11,205.96,206.07,29150.0
15:16,205.96,206.09,205.96,206.08,12523.0
15:17,205.92,206.0,205.92,205.98,19241.0
15:18,205.71,205.91,205.71,205.9,34373.0
15:19,205.95,205.95,205.82,205.82,30167.0
15:20,206.03,206.05,205.9,205.97,20905.0
15:21,206.11,206.11,206.03,206.06,16902.0
15:22,206.16,206.17,206.09,206.12,15879.0
15:23,206.14,206.17,206.09,206.16,40604.0
15:24,206.11,206.19,206.09,206.15,17581.0
15:25,206.02,206.12,206.0,206.1,35517.0
15:26,206.05,206.12,206.03,206.03,24172.0
15:27,206.08,206.12,206.05,206.05,15311.0
15:28,206.1,206.15,206.07,206.07,20797.0
15:29,205.97,206.1,205.96,206.09,29013.0
15:30,205.8,205.97,205.79,205.96,42488.0
15:31,205.96,205.96,205.77,205.81,21105.0
15:32,205.98,205.98,205.92,205.96,20834.0
15:33,205.94,205.97,205.9,205.97,19627.0
15:34,205.89,205.94,205.86,205.94,19283.0
15:35,205.99,205.99,205.87,205.92,26410.0
15:36,206.01,206.01,205.92,205.95,26687.0
15:37,205.98,206.02,205.95,206.0,23379.0
15:38,205.96,206.0,205.93,205.98,27697.0
15:39,205.88,205.96,205.88,205.95,17350.0
15:40,205.91,205.96,205.9,205.92,25322.0
15:41,206.01,206.05,205.89,205.91,42547.0
15:42,205.99,206.03,205.95,206.03,30503.0
15:43,205.82,206.0,205.8,206.0,53542.0
15:44,205.87,205.89,205.8,205.82,44902.0
15:45,205.8,205.93,205.8,205.88,34253.0
15:46,205.87,205.87,205.79,205.82,27274.0
15:47,205.8,205.87,205.79,205.87,26094.0
15:48,205.8,205.82,205.73,205.81,33816.0
15:49,205.77,205.84,205.74,205.81,32977.0
15:50,205.61,205.78,205.57,205.77,105395.0
15:51,205.72,205.77,205.6,205.6,154438.0
15:52,205.74,205.78,205.68,205.72,46934.0
15:53,205.81,205.87,205.74,205.74,60521.0
15:54,205.55,205.9,205.54,205.8,131658.0
15:55,204.91,205.54,204.9,205.54,243815.0
15:56,204.86,204.93,204.76,204.8,189553.0
15:57,204.91,204.93,204.82,204.86,189014.0
15:58,204.86,204.91,204.81,204.9,152515.0
15:59,204.93,204.99,204.77,204.85,428982.0
