Time,Close,High,Low,Open,Volume
09:30,159.49,159.74,158.95,159.0,2079132.0
09:31,159.41,159.6,159.26,159.5,203505.0
09:32,159.58,159.66,159.02,159.43,212509.0
09:33,159.32,159.84,159.28,159.6,226392.0
09:34,159.16,159.39,158.92,159.3,172515.0
09:35,159.11,159.29,158.78,159.18,183221.0
09:36,159.47,159.67,159.1,159.12,137172.0
09:37,159.4,159.72,159.38,159.44,130801.0
09:38,159.38,159.48,159.29,159.42,101459.0
09:39,159.4,159.49,159.24,159.38,119062.0
09:40,159.34,159.38,158.99,159.36,174211.0
09:41,158.93,159.16,158.93,159.05,128831.0
09:42,158.52,158.97,158.48,158.94,142973.0
09:43,158.62,158.77,158.46,158.54,108494.0
09:44,158.69,158.78,158.5,158.65,72755.0
09:45,158.67,158.88,158.64,158.74,90397.0
09:46,158.56,158.78,158.42,158.71,103019.0
09:47,158.47,158.63,158.41,158.54,86261.0
09:48,158.2,158.49,158.2,158.46,104846.0
09:49,158.55,158.57,158.22,158.22,106635.0
09:50,158.79,158.8,158.51,158.56,102935.0
09:51,158.81,158.9,158.75,158.79,88118.0
09:52,158.87,158.87,158.65,158.82,74337.0
09:53,158.99,158.99,158.79,158.87,115887.0
09:54,159.37,159.48,158.99,158.99,203951.0
09:55,159.12,159.43,159.08,159.36,80805.0
09:56,158.71,159.16,158.67,159.08,137950.0
09:57,158.79,158.81,158.53,158.68,88441.0
09:58,158.54,158.77,158.51,158.77,79507.0
09:59,158.61,158.62,158.46,158.56,75430.0
10:00,158.55,158.71,158.45,158.63,99222.0
10:01,158.63,158.64,158.4,158.54,88476.0
10:02,158.72,158.85,158.64,158.64,96976.0
10:03,158.66,158.81,158.66,158.71,70872.0
10:04,158.81,158.82,158.65,158.68,73995.0
10:05,158.8,158.9,158.74,158.8,58784.0
10:06,158.76,158.86,158.65,158.81,60147.0
10:07,158.95,159.01,158.71,158.75,88354.0
10:08,158.95,159.0,158.88,158.95,44021.0
10:09,158.92,159.06,158.85,158.98,51376.0
10:10,159.01,159.07,159.01,159.04,58604.0
10:11,158.89,159.07,158.84,159.02,45626.0
10:12,158.88,158.97,158.82,158.9,72064.0
10:13,158.82,158.92,158.81,158.89,52660.0
10:14,158.89,158.89,158.74,158.82,49980.0
10:15,159.12,159.13,158.86,158.87,88996.0
10:16,159.33,159.42,159.12,159.16,104397.0
10:17,159.48,159.52,159.3,159.34,108249.0
10:18,159.61,159.65,159.44,159.47,120481.0
10:19,159.4,159.61,159.37,159.6,58516.0
10:20,159.24,159.48,159.16,159.39,71813.0
10:21,158.99,159.24,158.97,159.23,95543.0
10:22,159.16,159.19,158.97,158.99,54110.0
10:23,159.4,159.4,159.18,159.18,63943.0
10:24,159.38,159.44,159.31,159.4,85535.0
10:25,159.41,159.42,159.27,159.39,58659.0
10:26,159.14,159.45,159.07,159.42,115659.0
10:27,158.92,159.15,158.92,159.15,64821.0
10:28,158.74,158.91,158.63,158.91,146472.0
10:29,158.59,158.75,158.56,158.72,73765.0
10:30,158.55,158.62,158.47,158.6,64496.0
10:31,158.35,158.57,158.3,158.57,104827.0
10:32,158.45,158.45,158.23,158.36,87658.0
10:33,158.64,158.64,158.43,158.43,61397.0
10:34,158.74,158.8,158.56,158.64,56963.0
10:35,158.73,158.78,158.6,158.75,44858.0
10:36,158.64,158.8,158.59,158.71,99023.0
10:37,158.71,158.83,158.66,158.77,95644.0
10:38,158.79,158.87,158.73,158.82,92266.0
10:39,158.96,158.96,158.8,158.8,28855.0
10:40,159.07,159.08,158.93,158.96,58983.0
10:41,159.11,159.14,159.01,159.07,70280.0
10:42,159.13,159.18,159.08,159.11,122072.0
10:43,159.12,159.2,159.08,159.15,45930.0
10:44,159.19,159.2,159.04,159.18,95728.0
10:45,159.24,159.24,159.06,159.16,66491.0
10:46,159.27,159.3,159.24,159.24,51167.0
10:47,159.19,159.28,159.18,159.28,51788.0
10:48,159.13,159.31,159.05,159.19,41615.0
10:49,159.1,159.16,159.04,159.12,63534.0
10:50,159.03,159.2,159.03,159.1,28933.0
10:51,158.88,159.04,158.83,159.04,40599.0
10:52,158.81,158.92,158.81,158.87,25872.0
10:53,158.99,158.99,158.75,158.81,54211.0
10:54,159.0,159.06,158.98,158.98,42759.0
10:55,158.88,159.05,158.86,159.03,36436.0
10:56,158.87,158.9,158.83,158.88,35416.0
10:57,158.68,158.87,158.65,158.86,58125.0
10:58,158.54,158.7,158.54,158.68,68774.0
10:59,158.63,158.68,158.53,158.54,53270.0
11:00,158.71,158.74,158.59,158.65,55842.0
11:01,158.73,158.81,158.72,158.74,34283.0
11:02,158.86,158.86,158.71,158.75,40194.0
11:03,158.82,158.88,158.81,158.85,35479.0
11:04,159.04,159.07,158.78,158.84,63208.0
11:05,159.01,159.07,158.99,159.04,30134.0
11:06,158.91,159.01,158.88,159.0,71776.0
11:07,158.97,159.04,158.89,158.91,34339.0
11:08,158.82,158.97,158.81,158.96,35797.0
11:09,158.82,158.84,158.73,158.83,23171.0
11:10,158.79,158.86,158.7,158.82,33666.0
11:11,158.67,158.81,158.65,158.79,30749.0
11:12,158.65,158.7,158.59,158.68,31954.0
11:13,158.73,158.75,158.66,158.66,50338.0
11:14,158.68,158.75,158.64,158.74,32941.0
11:15,158.71,158.72,158.62,158.67,45643.0
11:16,158.65,158.72,158.64,158.7,22481.0
11:17,158.7,158.73,158.65,158.65,33136.0
11:18,158.77,158.77,158.66,158.67,35805.0
11:19,158.74,158.79,158.71,158.78,35517.0
11:20,158.72,158.73,158.71,158.73,58760.0
11:21,158.63,158.8,158.62,158.72,36350.0
11:22,158.49,158.67,158.44,158.63,83513.0
11:23,158.49,158.51,158.44,158.48,38165.0
11:24,158.65,158.66,158.47,158.47,28562.0
11:25,158.64,158.68,158.6,158.65,28646.0
11:26,158.66,158.68,158.53,158.63,39056.0
11:27,158.48,158.65,158.48,158.65,76973.0
11:28,158.33,158.51,158.32,158.5,76784.0
11:29,158.33,158.36,158.26,158.36,58453.0
11:30,158.13,158.33,158.1,158.33,127599.0
11:31,158.23,158.24,158.08,158.13,60693.0
11:32,158.35,158.4,158.24,158.25,47521.0
11:33,158.48,158.51,158.33,158.34,40264.0
11:34,158.51,158.55,158.44,158.48,54562.0
11:35,158.61,158.61,158.47,158.51,27502.0
11:36,158.62,158.65,158.62,158.62,21325.0
11:37,158.59,158.69,158.59,158.62,26203.0
11:38,158.66,158.66,158.59,158.59,26542.0
11:39,158.57,158.68,158.49,158.67,28433.0
11:40,158.35,158.55,158.32,158.55,29675.0
11:41,158.13,158.34,158.13,158.33,53211.0
11:42,158.08,158.15,158.0,158.12,124411.0
11:43,158.04,158.16,158.02,158.09,53322.0
11:44,158.1,158.21,158.07,158.07,56470.0
11:45,158.14,158.14,158.02,158.08,46424.0
11:46,158.25,158.29,158.1,158.15,38732.0
11:47,158.27,158.29,158.21,158.25,33994.0
11:48,158.4,158.43,158.29,158.29,42963.0
11:49,158.34,158.41,158.29,158.41,32416.0
11:50,158.38,158.38,158.28,158.35,27703.0
11:51,158.2,158.37,158.2,158.37,35570.0
11:52,158.21,158.28,158.18,158.21,40737.0
11:53,158.19,158.23,158.18,158.22,29362.0
11:54,158.26,158.26,158.16,158.2,50835.0
11:55,158.22,158.29,158.19,158.26,69897.0
11:56,158.16,158.2,158.14,158.2,34161.0
11:57,158.15,158.24,158.05,158.18,54365.0
11:58,158.05,158.2,158.04,158.14,41808.0
11:59,158.0,158.08,157.97,158.06,47280.0
12:00,157.95,158.02,157.91,158.0,34365.0
12:01,157.99,157.99,157.89,157.96,46763.0
12:02,158.04,158.06,157.96,157.99,42493.0
12:03,158.1,158.14,157.99,158.04,45781.0
12:04,158.18,158.19,158.07,158.1,41802.0
12:05,158.23,158.28,158.18,158.18,42488.0
12:06,158.36,158.4,158.23,158.24,39066.0
12:07,158.2,158.36,158.18,158.36,55774.0
12:08,158.14,158.2,158.1,158.2,52819.0
12:09,158.17,158.17,158.09,158.13,34934.0
12:10,158.15,158.2,158.12,158.17,56434.0
12:11,158.18,158.19,158.09,158.15,73107.0
12:12,158.26,158.27,158.18,158.18,87098.0
12:13,158.26,158.3,158.26,158.26,35452.0
12:14,158.31,158.32,158.24,158.25,50026.0
12:15,158.34,158.37,158.26,158.32,62648.0
12:16,158.39,158.41,158.32,158.34,44950.0
12:17,158.4,158.46,158.38,158.38,51141.0
12:18,158.44,158.46,158.37,158.41,68705.0
12:19,158.45,158.46,158.32,158.43,46092.0
12:20,158.43,158.46,158.39,158.46,36863.0
12:21,158.36,158.42,158.32,158.42,39214.0
12:22,158.4,158.41,158.34,158.37,32710.0
12:23,158.42,158.46,158.4,158.4,46200.0
12:24,158.5,158.51,158.43,158.43,76100.0
12:25,158.46,158.52,158.45,158.51,25123.0
12:26,158.46,158.48,158.43,158.47,34407.0
12:27,158.42,158.48,158.4,158.46,42661.0
12:28,158.57,158.6,158.4,158.42,50108.0
12:29,158.71,158.74,158.57,158.57,49672.0
12:30,158.8,158.83,158.75,158.83,74890.0
12:31,159.0,159.02,158.79,158.79,104970.0
12:32,159.13,159.15,158.99,159.01,66933.0
12:33,159.24,159.26,159.12,159.13,83094.0
12:34,159.39,159.4,159.21,159.24,54977.0
12:35,159.68,159.69,159.38,159.38,108846.0
12:36,159.78,159.8,159.66,159.69,113158.0
12:37,159.7,159.78,159.64,159.77,64301.0
12:38,159.57,159.7,159.53,159.69,60887.0
12:39,159.42,159.58,159.42,159.57,40227.0
12:40,159.58,159.58,159.41,159.42,43071.0
12:41,159.54,159.63,159.52,159.58,42391.0
12:42,159.6,159.61,159.53,159.53,60255.0
12:43,159.68,159.7,159.58,159.59,66229.0
12:44,159.67,159.74,159.64,159.69,61478.0
12:45,159.64,159.69,159.55,159.67,34471.0
12:46,159.83,159.85,159.64,159.66,76787.0
12:47,159.85,159.9,159.82,159.84,66825.0
12:48,159.81,159.87,159.76,159.85,41596.0
12:49,159.75,159.85,159.73,159.81,46936.0
12:50,159.68,159.75,159.64,159.75,49203.0
12:51,159.62,159.67,159.58,159.67,28825.0
12:52,159.68,159.8,159.62,159.62,74496.0
12:53,159.67,159.78,159.65,159.69,47104.0
12:54,159.72,159.76,159.6,159.67,30629.0
12:55,159.64,159.76,159.6,159.72,39746.0
12:56,159.76,159.77,159.66,159.66,38008.0
12:57,159.84,159.87,159.74,159.75,98887.0
12:58,159.9,159.97,159.8,159.85,67062.0
12:59,159.89,159.96,159.89,159.91,48760.0
13:00,159.84,159.91,159.76,159.88,46296.0
13:01,159.8,159.84,159.75,159.83,31176.0
13:02,159.86,159.87,159.81,159.81,44411.0
13:03,159.88,159.91,159.86,159.86,23653.0
13:04,159.83,159.89,159.78,159.87,59967.0
13:05,159.84,159.9,159.79,159.84,37933.0
13:06,159.87,159.9,159.83,159.85,40038.0
13:07,160.05,160.08,159.83,159.87,348907.0
13:08,160.19,160.2,159.88,160.04,104351.0
13:09,160.32,160.33,160.17,160.2,204313.0
13:10,160.06,160.44,160.05,160.36,206881.0
13:11,159.98,160.11,159.94,160.06,125624.0
13:12,159.94,160.0,159.84,159.98,39043.0
13:13,159.86,159.97,159.85,159.95,40784.0
13:14,159.99,159.99,159.86,159.86,52749.0
13:15,159.81,160.0,159.81,160.0,50542.0
13:16,159.9,159.94,159.79,159.81,65073.0
13:17,159.79,159.9,159.79,159.9,71034.0
13:18,159.73,159.81,159.68,159.8,80131.0
13:19,159.71,159.75,159.65,159.73,50446.0
13:20,159.55,159.7,159.5,159.7,48872.0
13:21,159.67,159.7,159.51,159.55,61859.0
13:22,159.57,159.68,159.48,159.68,46149.0
13:23,159.5,159.59,159.49,159.59,43246.0
13:24,159.66,159.66,159.49,159.5,36111.0
13:25,159.59,159.66,159.57,159.66,30735.0
13:26,159.41,159.59,159.35,159.58,44770.0
13:27,159.43,159.49,159.38,159.4,35663.0
13:28,159.6,159.6,159.41,159.43,34766.0
13:29,159.52,159.6,159.46,159.59,46609.0
13:30,159.62,159.63,159.53,159.53,38570.0
13:31,159.75,159.75,159.59,159.63,40674.0
13:32,159.67,159.77,159.61,159.75,38915.0
13:33,159.65,159.67,159.65,159.67,40050.0
13:34,159.71,159.71,159.65,159.65,41186.0
13:35,159.66,159.73,159.66,159.71,29705.0
13:36,159.64,159.7,159.63,159.65,27464.0
13:37,159.73,159.73,159.63,159.64,31112.0
13:38,159.77,159.77,159.68,159.73,19381.0
13:39,159.75,159.77,159.73,159.76,19222.0
13:40,159.71,159.77,159.7,159.75,27235.0
13:41,159.69,159.73,159.68,159.73,39494.0
13:42,159.71,159.74,159.68,159.69,26016.0
13:43,159.77,159.83,159.71,159.71,26989.0
13:44,159.63,159.76,159.61,159.76,39489.0
13:45,159.6,159.68,159.59,159.62,31669.0
13:46,159.65,159.7,159.62,159.62,27284.0
13:47,159.65,159.66,159.63,159.64,23201.0
13:48,159.69,159.7,159.65,159.66,34296.0
13:49,159.58,159.74,159.58,159.7,67267.0
13:50,159.62,159.65,159.59,159.59,32110.0
13:51,159.61,159.65,159.6,159.61,20315.0
13:52,159.62,159.62,159.57,159.62,30476.0
13:53,159.68,159.68,159.62,159.62,27534.0
13:54,159.7,159.7,159.65,159.69,25746.0
13:55,159.71,159.71,159.66,159.7,30823.0
13:56,159.73,159.73,159.68,159.7,25577.0
13:57,159.73,159.73,159.6,159.71,100282.0
13:58,159.7,159.73,159.68,159.71,44852.0
13:59,159.63,159.7,159.63,159.7,58967.0
14:00,159.57,159.7,159.55,159.67,62421.0
14:01,159.69,159.7,159.58,159.59,44676.0
14:02,159.63,159.7,159.61,159.68,37414.0
14:03,159.7,159.7,159.63,159.63,54293.0
14:04,159.7,159.7,159.65,159.69,26088.0
14:05,159.68,159.7,159.65,159.7,37021.0
14:06,159.75,159.78,159.67,159.69,53867.0
14:07,159.8,159.84,159.75,159.75,24216.0
14:08,159.84,159.87,159.79,159.8,29364.0
14:09,159.87,159.87,159.87,159.87,31297.0
14:10,159.76,159.92,159.75,159.89,54966.0
14:11,159.76,159.77,159.7,159.76,30199.0
14:12,159.74,159.77,159.64,159.76,91748.0
14:13,159.74,159.77,159.72,159.74,23281.0
14:14,159.69,159.74,159.67,159.74,59836.0
14:15,159.73,159.78,159.69,159.7,77346.0
14:16,159.63,159.83,159.63,159.75,76904.0
14:17,159.93,159.93,159.6,159.63,33010.0
14:18,159.99,160.02,159.92,159.92,62308.0
14:19,160.02,160.05,159.98,160.0,54160.0
14:20,160.1,160.1,160.0,160.04,43591.0
14:21,160.07,160.13,160.05,160.12,40634.0
14:22,159.99,160.1,159.98,160.07,41674.0
14:23,159.96,159.98,159.93,159.98,46968.0
14:24,159.98,160.0,159.97,159.97,32277.0
14:25,160.07,160.07,159.97,159.99,41728.0
14:26,160.0,160.07,159.98,160.07,33389.0
14:27,159.97,160.0,159.94,159.99,34198.0
14:28,159.97,159.98,159.9,159.98,31034.0
14:29,160.04,160.23,159.98,159.98,134856.0
14:30,160.05,160.07,160.03,160.04,46562.0
14:31,160.05,160.17,160.02,160.05,119545.0
14:32,160.07,160.09,159.99,160.05,37738.0
14:33,160.03,160.09,160.0,160.08,42594.0
14:34,160.05,160.05,160.01,160.04,22645.0
14:35,160.1,160.11,160.0,160.04,29986.0
14:36,160.1,160.12,160.02,160.1,61244.0
14:37,160.18,160.19,160.09,160.1,120656.0
14:38,160.14,160.19,160.1,160.18,29403.0
14:39,160.23,160.23,160.13,160.13,24601.0
14:40,160.32,160.33,160.21,160.23,33182.0
14:41,160.35,160.37,160.31,160.33,32786.0
14:42,160.23,160.36,160.23,160.35,29657.0
14:43,160.24,160.26,160.2,160.23,20118.0
14:44,160.16,160.24,160.16,160.24,35641.0
14:45,160.2,160.21,160.15,160.16,29314.0
14:46,160.18,160.2,160.16,160.18,21650.0
14:47,160.18,160.24,160.17,160.18,34983.0
14:48,160.16,160.22,160.12,160.18,37700.0
14:49,160.11,160.17,160.07,160.16,32936.0
14:50,160.07,160.12,160.0,160.1,27649.0
14:51,160.04,160.12,160.03,160.09,34438.0
14:52,159.96,160.05,159.96,160.04,42775.0
14:53,159.92,160.02,159.92,159.96,33580.0
14:54,159.85,159.95,159.84,159.9,38627.0
14:55,159.87,159.91,159.85,159.85,39639.0
14:56,159.99,160.0,159.85,159.89,44918.0
14:57,160.05,160.05,159.96,159.98,45656.0
14:58,159.94,160.06,159.94,160.05,21615.0
14:59,159.89,159.95,159.88,159.95,25003.0
15:00,159.78,159.88,159.72,159.88,30035.0
15:01,159.84,159.89,159.78,159.79,33755.0
15:02,159.83,159.88,159.81,159.83,33754.0
15:03,159.94,159.96,159.82,159.83,34677.0
15:04,159.99,159.99,159.9,159.95,36171.0
15:05,159.96,160.01,159.91,159.98,38855.0
15:06,159.94,160.03,159.94,159.96,46581.0
15:07,160.06,160.06,159.95,159.95,30838.0
15:08,160.1,160.1,160.02,160.07,35046.0
15:09,160.13,160.14,160.1,160.1,32692.0
15:10,160.16,160.16,160.11,160.13,53266.0
15:11,160.19,160.2,160.14,160.15,48585.0
15:12,160.17,160.23,160.16,160.2,48393.0
15:13,160.16,160.18,160.08,160.16,40281.0
15:14,160.09,160.2,160.06,160.16,43124.0
15:15,159.98,160.1,159.94,160.1,64730.0
15:16,160.01,160.01,159.95,159.96,51620.0
15:17,160.0,160.02,159.98,160.0,89634.0
15:18,159.99,160.02,159.94,160.0,68203.0
15:19,159.94,160.01,159.94,160.0,36732.0
15:20,159.83,159.97,159.8,159.95,44835.0
15:21,159.82,159.87,159.8,159.83,40621.0
15:22,159.77,159.89,159.77,159.83,60872.0
15:23,159.66,159.8,159.62,159.77,64258.0
15:24,159.66,159.67,159.58,159.67,64510.0
15:25,159.46,159.67,159.45,159.66,103725.0
15:26,159.46,159.5,159.44,159.44,59634.0
15:27,159.5,159.52,159.41,159.45,88542.0
15:28,159.6,159.62,159.49,159.49,71316.0
15:29,159.54,159.59,159.46,159.59,63376.0
15:30,159.42,159.54,159.42,159.54,79891.0
15:31,159.42,159.47,159.37,159.42,76779.0
15:32,159.54,159.55,159.42,159.42,54493.0
15:33,159.68,159.7,159.5,159.54,44950.0
15:34,159.68,159.69,159.64,159.68,44117.0
15:35,159.57,159.67,159.57,159.67,50875.0
15:36,159.59,159.61,159.51,159.57,49015.0
15:37,159.61,159.62,159.54,159.58,62618.0
15:38,159.56,159.63,159.54,159.61,61196.0
15:39,159.55,159.58,159.52,159.55,39064.0
15:40,159.5,159.55,159.47,159.55,36043.0
15:41,159.52,159.54,159.48,159.5,44018.0
15:42,159.6,159.63,159.52,159.52,84135.0
15:43,159.54,159.6,159.53,159.6,41527.0
15:44,159.57,159.6,159.54,159.55,33581.0
15:45,159.57,159.58,159.51,159.58,40190.0
15:46,159.59,159.6,159.52,159.57,44236.0
15:47,159.51,159.58,159.51,159.57,35407.0
15:48,159.4,159.52,159.39,159.51,118639.0
15:49,159.43,159.47,159.38,159.4,75935.0
15:50,159.5,159.7,159.43,159.43,227633.0
15:51,159.44,159.56,159.4,159.49,170544.0
15:52,159.53,159.6,159.43,159.43,189884.0
15:53,159.46,159.56,159.45,159.52,124258.0
15:54,159.43,159.56,159.33,159.46,383281.0
15:55,159.15,159.43,159.05,159.43,347432.0
15:56,159.12,159.15,158.98,159.12,240652.0
15:57,159.49,159.49,159.07,159.12,186732.0
15:58,159.55,159.57,159.46,159.48,296629.0
15:59,159.62,159.69,159.51,159.54,901768.0
