Time,Close,High,Low,Open,Volume
09:30,100.0763,100.0763,100.0685,100.0685,2554
09:31,99.8918,100.0763,99.8918,100.0763,6182
09:32,99.8917,99.8918,99.8917,99.8918,5927
09:33,99.8421,99.8917,99.8421,99.8917,5351
09:34,99.763,99.8421,99.763,99.8421,2453
09:35,99.7557,99.763,99.7557,99.763,5742
09:36,99.8097,99.8097,99.7557,99.7557,6082
09:37,99.9218,99.9218,99.8097,99.8097,2081
09:38,100.1195,100.1195,99.9218,99.9218,1712
09:39,100.0315,100.1195,100.0315,100.1195,2037
09:40,100.0131,100.0315,100.0131,100.0315,3369
09:41,100.0397,100.0397,100.0131,100.0131,1437
09:42,100.1756,100.1756,100.0397,100.0397,2314
09:43,100.1558,100.1756,100.1558,100.1756,1724
09:44,100.0983,100.1558,100.0983,100.1558,1361
09:45,100.0239,100.0983,100.0239,100.0983,820
09:46,99.8779,100.0239,99.8779,100.0239,842
09:47,99.9852,99.9852,99.8779,99.8779,898
09:48,100.0993,100.0993,99.9852,99.9852,765
09:49,99.9796,100.0993,99.9796,100.0993,1136
09:50,99.9053,99.9796,99.9053,99.9796,833
09:51,99.902,99.9053,99.902,99.9053,891
09:52,100.1904,100.1904,99.902,99.902,1194
09:53,99.9485,100.1904,99.9485,100.1904,1357
09:54,100.0928,100.0928,99.9485,99.9485,646
09:55,100.2337,100.2337,100.0928,100.0928,651
09:56,100.1027,100.2337,100.1027,100.2337,895
09:57,100.0876,100.1027,100.0876,100.1027,1003
09:58,100.1734,100.1734,100.0876,100.0876,614
09:59,100.303,100.303,100.1734,100.1734,975
10:00,100.2022,100.303,100.2022,100.303,840
10:01,100.2125,100.2125,100.2022,100.2022,362
10:02,100.1279,100.2125,100.1279,100.2125,803
10:03,100.0972,100.1279,100.0972,100.1279,765
10:04,100.1672,100.1672,100.0972,100.0972,429
10:05,100.0884,100.1672,100.0884,100.1672,711
10:06,99.8853,100.0884,99.8853,100.0884,1177
10:07,100.1621,100.1621,99.8853,99.8853,6201
10:08,100.0997,100.1621,100.0997,100.1621,920
10:09,99.954,100.0997,99.954,100.0997,859
10:10,99.7568,99.954,99.7568,99.954,883
10:11,99.7373,99.7568,99.7373,99.7568,7260
10:12,99.8292,99.8292,99.7373,99.7373,8740
10:13,99.976,99.976,99.8292,99.8292,1958
10:14,99.9972,99.9972,99.976,99.976,598
10:15,100.2146,100.2146,99.9972,99.9972,668
10:16,100.0577,100.2146,100.0577,100.2146,7884
10:17,99.9205,100.0577,99.9205,100.0577,662
10:18,99.8458,99.9205,99.8458,99.9205,610
10:19,99.8274,99.8458,99.8274,99.8458,637
10:20,99.7563,99.8274,99.7563,99.8274,456
10:21,99.7949,99.7949,99.7563,99.7563,874
10:22,99.9195,99.9195,99.7949,99.7949,829
10:23,99.9108,99.9195,99.9108,99.9195,714
10:24,99.8364,99.9108,99.8364,99.9108,496
10:25,99.8944,99.8944,99.8364,99.8364,1236
10:26,99.9404,99.9404,99.8944,99.8944,686
10:27,99.8702,99.9404,99.8702,99.9404,678
10:28,99.8285,99.8702,99.8285,99.8702,831
10:29,99.6515,99.8285,99.6515,99.8285,776
10:30,99.6027,99.6515,99.6027,99.6515,1222
10:31,99.685,99.685,99.6027,99.6027,1637
10:32,99.6959,99.6959,99.685,99.685,787
10:33,99.7196,99.7196,99.6959,99.6959,942
10:34,99.8707,99.8707,99.7196,99.7196,702
10:35,99.9039,99.9039,99.8707,99.8707,867
10:36,99.8638,99.9039,99.8638,99.9039,890
10:37,99.8855,99.8855,99.8638,99.8638,471
10:38,99.9224,99.9224,99.8855,99.8855,1451
10:39,99.9255,99.9255,99.9224,99.9224,1531
10:40,99.846,99.9255,99.846,99.9255,1185
10:41,99.9082,99.9082,99.846,99.846,639
10:42,99.9729,99.9729,99.9082,99.9082,957
10:43,100.0691,100.0691,99.9729,99.9729,679
10:44,100.1401,100.1401,100.0691,100.0691,546
10:45,100.3194,100.3194,100.1401,100.1401,786
10:46,100.2672,100.3194,100.2672,100.3194,7785
10:47,100.1443,100.2672,100.1443,100.2672,9471
10:48,100.1935,100.1935,100.1443,100.1443,618
10:49,100.1458,100.1935,100.1458,100.1935,418
10:50,100.1496,100.1496,100.1458,100.1458,1063
10:51,100.1183,100.1496,100.1183,100.1496,877
10:52,100.0777,100.1183,100.0777,100.1183,885
10:53,100.1583,100.1583,100.0777,100.0777,313
10:54,100.0318,100.1583,100.0318,100.1583,1177
10:55,99.8609,100.0318,99.8609,100.0318,592
10:56,99.8197,99.8609,99.8197,99.8609,1459
10:57,99.87,99.87,99.8197,99.8197,900
10:58,99.6601,99.87,99.6601,99.87,763
10:59,99.6371,99.6601,99.6371,99.6601,5450
11:00,99.7792,99.7792,99.6371,99.6371,6742
11:01,99.8806,99.8806,99.7792,99.7792,560
11:02,99.8028,99.8806,99.8028,99.8806,876
11:03,99.9314,99.9314,99.8028,99.8028,352
11:04,100.0122,100.0122,99.9314,99.9314,1009
11:05,99.9524,100.0122,99.9524,100.0122,1080
11:06,99.9309,99.9524,99.9309,99.9524,1081
11:07,99.6968,99.9309,99.6968,99.9309,400
11:08,99.7184,99.7184,99.6968,99.6968,2134
11:09,99.8929,99.8929,99.7184,99.7184,744
11:10,99.9963,99.9963,99.8929,99.8929,1057
11:11,100.1208,100.1208,99.9963,99.9963,883
11:12,100.1184,100.1208,100.1184,100.1208,1392
11:13,100.0979,100.1184,100.0979,100.1184,1609
11:14,100.0345,100.0979,100.0345,100.0979,1918
11:15,100.0704,100.0704,100.0345,100.0345,809
11:16,99.9502,100.0704,99.9502,100.0704,624
11:17,99.8321,99.9502,99.8321,99.9502,1148
11:18,99.5543,99.8321,99.5543,99.8321,510
11:19,99.7087,99.7087,99.5543,99.5543,3827
11:20,99.6824,99.7087,99.6824,99.7087,718
11:21,99.7324,99.7324,99.6824,99.6824,702
11:22,99.5034,99.7324,99.5034,99.7324,1048
11:23,99.4738,99.5034,99.4738,99.5034,5543
11:24,99.788,99.788,99.4738,99.4738,3172
11:25,99.8257,99.8257,99.788,99.788,503
11:26,99.7665,99.8257,99.7665,99.8257,658
11:27,99.8579,99.8579,99.7665,99.7665,814
11:28,99.8391,99.8579,99.8391,99.8579,668
11:29,100.0548,100.0548,99.8391,99.8391,996
11:30,99.8574,100.0548,99.8574,100.0548,6172
11:31,99.9419,99.9419,99.8574,99.8574,829
11:32,100.0053,100.0053,99.9419,99.9419,946
11:33,100.0269,100.0269,100.0053,100.0053,881
11:34,100.0713,100.0713,100.0269,100.0269,2159
11:35,100.2849,100.2849,100.0713,100.0713,745
11:36,100.3865,100.3865,100.2849,100.2849,5341
11:37,100.3262,100.3865,100.3262,100.3865,4916
11:38,100.3446,100.3446,100.3262,100.3262,831
11:39,100.2668,100.3446,100.2668,100.3446,2209
11:40,100.2521,100.2668,100.2521,100.2668,841
11:41,100.1835,100.2521,100.1835,100.2521,1290
11:42,100.2414,100.2414,100.1835,100.1835,885
11:43,100.1826,100.2414,100.1826,100.2414,987
11:44,100.1972,100.1972,100.1826,100.1826,752
11:45,100.4166,100.4166,100.1972,100.1972,603
11:46,100.3755,100.4166,100.3755,100.4166,690
11:47,100.2504,100.3755,100.2504,100.3755,1813
11:48,100.2975,100.2975,100.2504,100.2504,830
11:49,100.2654,100.2975,100.2654,100.2975,1002
11:50,100.2558,100.2654,100.2558,100.2654,837
11:51,100.0637,100.2558,100.0637,100.2558,748
11:52,100.0343,100.0637,100.0343,100.0637,1637
11:53,99.9005,100.0343,99.9005,100.0343,927
11:54,99.9486,99.9486,99.9005,99.9005,16943
11:55,99.9034,99.9486,99.9034,99.9486,1314
11:56,99.9233,99.9233,99.9034,99.9034,1141
11:57,100.0701,100.0701,99.9233,99.9233,1267
11:58,100.1186,100.1186,100.0701,100.0701,1660
11:59,100.1198,100.1198,100.1186,100.1186,1794
12:00,100.2553,100.2553,100.1198,100.1198,1175
12:01,100.3663,100.3663,100.2553,100.2553,1102
12:02,100.2693,100.3663,100.2693,100.3663,2777
12:03,100.126,100.2693,100.126,100.2693,1092
12:04,100.0996,100.126,100.0996,100.126,612
12:05,100.1339,100.1339,100.0996,100.0996,804
12:06,100.1406,100.1406,100.1339,100.1339,940
12:07,100.3252,100.3252,100.1406,100.1406,807
12:08,100.4749,100.4749,100.3252,100.3252,669
12:09,100.5126,100.5126,100.4749,100.4749,9823
12:10,100.4614,100.5126,100.4614,100.5126,8942
12:11,100.3068,100.4614,100.3068,100.4614,789
12:12,100.3608,100.3608,100.3068,100.3068,1075
12:13,100.2826,100.3608,100.2826,100.3608,617
12:14,100.1957,100.2826,100.1957,100.2826,649
12:15,100.1113,100.1957,100.1113,100.1957,698
12:16,100.1643,100.1643,100.1113,100.1113,679
12:17,100.0834,100.1643,100.0834,100.1643,871
12:18,99.9775,100.0834,99.9775,100.0834,550
12:19,100.0634,100.0634,99.9775,99.9775,958
12:20,100.2084,100.2084,100.0634,100.0634,1629
12:21,100.1191,100.2084,100.1191,100.2084,990
12:22,100.0516,100.1191,100.0516,100.1191,765
12:23,99.9649,100.0516,99.9649,100.0516,871
12:24,99.9451,99.9649,99.9451,99.9649,886
12:25,99.9298,99.9451,99.9298,99.9451,911
12:26,99.8044,99.9298,99.8044,99.9298,766
12:27,99.8747,99.8747,99.8044,99.8044,1694
12:28,100.0478,100.0478,99.8747,99.8747,587
12:29,99.8928,100.0478,99.8928,100.0478,854
12:30,99.7737,99.8928,99.7737,99.8928,923
12:31,99.8043,99.8043,99.7737,99.7737,580
12:32,99.7261,99.8043,99.7261,99.8043,1046
12:33,99.5974,99.7261,99.5974,99.7261,950
12:34,99.5178,99.5974,99.5178,99.5974,8791
12:35,99.4322,99.5178,99.4322,99.5178,3715
12:36,99.2967,99.4322,99.2967,99.4322,2857
12:37,99.3471,99.3471,99.2967,99.2967,7445
12:38,99.326,99.3471,99.326,99.3471,7757
12:39,99.2608,99.326,99.2608,99.326,677
12:40,99.2269,99.2608,99.2269,99.2608,2660
12:41,99.1655,99.2269,99.1655,99.2269,819
12:42,98.9964,99.1655,98.9964,99.1655,363
12:43,98.9199,98.9964,98.9199,98.9964,7249
12:44,98.9229,98.9229,98.9199,98.9199,9606
12:45,98.8254,98.9229,98.8254,98.9229,7694
12:46,98.8003,98.8254,98.8003,98.8254,5331
12:47,98.7797,98.8003,98.7797,98.8003,4150
12:48,98.6227,98.7797,98.6227,98.7797,2409
12:49,98.3873,98.6227,98.3873,98.6227,5171
12:50,98.54,98.54,98.3873,98.3873,10597
12:51,98.4851,98.54,98.4851,98.54,4125
12:52,98.5134,98.5134,98.4851,98.4851,13322
12:53,98.433,98.5134,98.433,98.5134,2105
12:54,98.2916,98.433,98.2916,98.433,969
12:55,98.2204,98.2916,98.2204,98.2916,6848
12:56,98.1517,98.2204,98.1517,98.2204,7417
12:57,98.2867,98.2867,98.1517,98.1517,9556
12:58,98.3817,98.3817,98.2867,98.2867,1975
12:59,98.3047,98.3817,98.3047,98.3817,790
13:00,98.2417,98.3047,98.2417,98.3047,842
13:01,98.1851,98.2417,98.1851,98.2417,679
13:02,98.3223,98.3223,98.1851,98.1851,1711
13:03,98.4023,98.4023,98.3223,98.3223,753
13:04,98.2571,98.4023,98.2571,98.4023,674
13:05,98.3407,98.3407,98.2571,98.2571,1458
13:06,98.2588,98.3407,98.2588,98.3407,511
13:07,98.2834,98.2834,98.2588,98.2588,623
13:08,98.1277,98.2834,98.1277,98.2834,842
13:09,98.1357,98.1357,98.1277,98.1277,957
13:10,98.1801,98.1801,98.1357,98.1357,724
13:11,98.2647,98.2647,98.1801,98.1801,1061
13:12,98.0913,98.2647,98.0913,98.2647,1472
13:13,98.082,98.0913,98.082,98.0913,1278
13:14,98.0713,98.082,98.0713,98.082,791
13:15,98.0712,98.0713,98.0712,98.0713,1648
13:16,98.2045,98.2045,98.0712,98.0712,1977
13:17,98.123,98.2045,98.123,98.2045,663
13:18,98.0865,98.123,98.0865,98.123,568
13:19,98.0941,98.0941,98.0865,98.0865,1255
13:20,98.0298,98.0941,98.0298,98.0941,820
13:21,98.1744,98.1744,98.0298,98.0298,306
13:22,98.1707,98.1744,98.1707,98.1744,1098
13:23,98.1065,98.1707,98.1065,98.1707,970
13:24,97.9056,98.1065,97.9056,98.1065,696
13:25,98.0438,98.0438,97.9056,97.9056,1090
13:26,98.0278,98.0438,98.0278,98.0438,902
13:27,97.9726,98.0278,97.9726,98.0278,611
13:28,98.0043,98.0043,97.9726,97.9726,550
13:29,98.2371,98.2371,98.0043,98.0043,1008
13:30,98.2421,98.2421,98.2371,98.2371,1461
13:31,98.3361,98.3361,98.2421,98.2421,1136
13:32,98.283,98.3361,98.283,98.3361,1450
13:33,98.0929,98.283,98.0929,98.283,980
13:34,98.0305,98.0929,98.0305,98.0929,472
13:35,97.8673,98.0305,97.8673,98.0305,1705
13:36,97.9857,97.9857,97.8673,97.8673,11574
13:37,97.9211,97.9857,97.9211,97.9857,704
13:38,97.7904,97.9211,97.7904,97.9211,1537
13:39,97.8066,97.8066,97.7904,97.7904,1025
13:40,97.7524,97.8066,97.7524,97.8066,546
13:41,97.6481,97.7524,97.6481,97.7524,823
13:42,97.7967,97.7967,97.6481,97.6481,4355
13:43,97.8509,97.8509,97.7967,97.7967,512
13:44,97.9205,97.9205,97.8509,97.8509,898
13:45,98.0724,98.0724,97.9205,97.9205,1225
13:46,98.1459,98.1459,98.0724,98.0724,471
13:47,98.1165,98.1459,98.1165,98.1459,1704
13:48,98.0941,98.1165,98.0941,98.1165,700
13:49,98.2664,98.2664,98.0941,98.0941,661
13:50,98.2883,98.2883,98.2664,98.2664,1439
13:51,98.2378,98.2883,98.2378,98.2883,1007
13:52,98.3129,98.3129,98.2378,98.2378,887
13:53,98.1365,98.3129,98.1365,98.3129,1370
13:54,97.9542,98.1365,97.9542,98.1365,2264
13:55,97.8652,97.9542,97.8652,97.9542,1651
13:56,97.9601,97.9601,97.8652,97.8652,1798
13:57,97.9606,97.9606,97.9601,97.9601,490
13:58,97.871,97.9606,97.871,97.9606,529
13:59,97.8031,97.871,97.8031,97.871,609
14:00,97.9749,97.9749,97.8031,97.8031,1128
14:01,97.946,97.9749,97.946,97.9749,1264
14:02,97.85,97.946,97.85,97.946,452
14:03,97.8369,97.85,97.8369,97.85,990
14:04,97.8061,97.8369,97.8061,97.8369,921
14:05,97.7119,97.8061,97.7119,97.8061,723
14:06,97.5978,97.7119,97.5978,97.7119,548
14:07,97.6148,97.6148,97.5978,97.5978,3967
14:08,97.7005,97.7005,97.6148,97.6148,1856
14:09,97.6506,97.7005,97.6506,97.7005,1219
14:10,97.6996,97.6996,97.6506,97.6506,1400
14:11,97.6981,97.6996,97.6981,97.6996,1099
14:12,97.7966,97.7966,97.6981,97.6981,576
14:13,97.6604,97.7966,97.6604,97.7966,535
14:14,97.6529,97.6604,97.6529,97.6604,595
14:15,97.613,97.6529,97.613,97.6529,928
14:16,97.5297,97.613,97.5297,97.613,995
14:17,97.4291,97.5297,97.4291,97.5297,976
14:18,97.6011,97.6011,97.4291,97.4291,11873
14:19,97.6934,97.6934,97.6011,97.6011,1686
14:20,97.682,97.6934,97.682,97.6934,742
14:21,97.4892,97.682,97.4892,97.682,1766
14:22,97.5877,97.5877,97.4892,97.4892,807
14:23,97.6427,97.6427,97.5877,97.5877,366
14:24,97.7472,97.7472,97.6427,97.6427,449
14:25,97.6527,97.7472,97.6527,97.7472,1610
14:26,97.6193,97.6527,97.6193,97.6527,714
14:27,97.6189,97.6193,97.6189,97.6193,596
14:28,97.8253,97.8253,97.6189,97.6189,688
14:29,97.9615,97.9615,97.8253,97.8253,690
14:30,97.8806,97.9615,97.8806,97.9615,8877
14:31,97.9914,97.9914,97.8806,97.8806,1350
14:32,98.0459,98.0459,97.9914,97.9914,941
14:33,98.128,98.128,98.0459,98.0459,1697
14:34,97.7358,98.128,97.7358,98.128,9027
14:35,97.5942,97.7358,97.5942,97.7358,876
14:36,97.5112,97.5942,97.5112,97.5942,1288
14:37,97.4508,97.5112,97.4508,97.5112,5108
14:38,97.5434,97.5434,97.4508,97.4508,3476
14:39,97.5083,97.5434,97.5083,97.5434,1920
14:40,97.5527,97.5527,97.5083,97.5083,1500
14:41,97.678,97.678,97.5527,97.5527,592
14:42,97.7198,97.7198,97.678,97.678,1460
14:43,97.7569,97.7569,97.7198,97.7198,868
14:44,97.711,97.7569,97.711,97.7569,406
14:45,97.8172,97.8172,97.711,97.711,763
14:46,97.7095,97.8172,97.7095,97.8172,1254
14:47,97.5441,97.7095,97.5441,97.7095,688
14:48,97.612,97.612,97.5441,97.5441,1104
14:49,97.6333,97.6333,97.612,97.612,533
14:50,97.7823,97.7823,97.6333,97.6333,1921
14:51,97.7965,97.7965,97.7823,97.7823,930
14:52,97.6365,97.7965,97.6365,97.7965,570
14:53,97.5966,97.6365,97.5966,97.6365,1876
14:54,97.5034,97.5966,97.5034,97.5966,833
14:55,97.5552,97.5552,97.5034,97.5034,569
14:56,97.6868,97.6868,97.5552,97.5552,1316
14:57,97.6117,97.6868,97.6117,97.6868,1342
14:58,97.5968,97.6117,97.5968,97.6117,955
14:59,97.5447,97.5968,97.5447,97.5968,604
15:00,97.5246,97.5447,97.5246,97.5447,1262
15:01,97.6889,97.6889,97.5246,97.5246,1594
15:02,97.749,97.749,97.6889,97.6889,1292
15:03,97.7931,97.7931,97.749,97.749,607
15:04,97.8994,97.8994,97.7931,97.7931,683
15:05,97.9114,97.9114,97.8994,97.8994,937
15:06,97.8188,97.9114,97.8188,97.9114,1075
15:07,97.7972,97.8188,97.7972,97.8188,634
15:08,97.8999,97.8999,97.7972,97.7972,384
15:09,97.8262,97.8999,97.8262,97.8999,1088
15:10,97.6475,97.8262,97.6475,97.8262,817
15:11,97.7861,97.7861,97.6475,97.6475,1261
15:12,97.6518,97.7861,97.6518,97.7861,1181
15:13,97.6605,97.6605,97.6518,97.6518,1157
15:14,97.7689,97.7689,97.6605,97.6605,876
15:15,97.8885,97.8885,97.7689,97.7689,590
15:16,97.8727,97.8885,97.8727,97.8885,1278
15:17,97.8255,97.8727,97.8255,97.8727,431
15:18,97.9851,97.9851,97.8255,97.8255,1676
15:19,97.9569,97.9851,97.9569,97.9851,1172
15:20,97.8558,97.9569,97.8558,97.9569,817
15:21,97.8105,97.8558,97.8105,97.8558,652
15:22,97.6515,97.8105,97.6515,97.8105,732
15:23,97.7271,97.7271,97.6515,97.6515,782
15:24,97.7107,97.7271,97.7107,97.7271,674
15:25,97.8288,97.8288,97.7107,97.7107,1651
15:26,97.9531,97.9531,97.8288,97.8288,522
15:27,97.9333,97.9531,97.9333,97.9531,744
15:28,97.8728,97.9333,97.8728,97.9333,537
15:29,97.8426,97.8728,97.8426,97.8728,537
15:30,97.6867,97.8426,97.6867,97.8426,604
15:31,97.8017,97.8017,97.6867,97.6867,1081
15:32,98.0031,98.0031,97.8017,97.8017,724
15:33,98.006,98.006,98.0031,98.0031,517
15:34,97.8689,98.006,97.8689,98.006,657
15:35,97.941,97.941,97.8689,97.8689,1516
15:36,97.979,97.979,97.941,97.941,590
15:37,97.8483,97.979,97.8483,97.979,929
15:38,97.8582,97.8582,97.8483,97.8483,649
15:39,97.7901,97.8582,97.7901,97.8582,1394
15:40,97.7536,97.7901,97.7536,97.7901,871
15:41,97.5542,97.7536,97.5542,97.7536,411
15:42,97.4545,97.5542,97.4545,97.5542,4259
15:43,97.4156,97.4545,97.4156,97.4545,15018
15:44,97.502,97.502,97.4156,97.4156,9132
15:45,97.7072,97.7072,97.502,97.502,1114
15:46,97.7611,97.7611,97.7072,97.7072,492
15:47,97.7284,97.7611,97.7284,97.7611,3256
15:48,97.9188,97.9188,97.7284,97.7284,1334
15:49,97.9992,97.9992,97.9188,97.9188,2042
15:50,97.6058,97.9992,97.6058,97.9992,9493
15:51,97.6392,97.6392,97.6058,97.6058,1126
15:52,97.6449,97.6449,97.6392,97.6392,643
15:53,97.5856,97.6449,97.5856,97.6449,1224
15:54,97.4777,97.5856,97.4777,97.5856,2734
15:55,97.4872,97.4872,97.4777,97.4777,2714
15:56,97.6092,97.6092,97.4872,97.4872,3357
15:57,97.712,97.712,97.6092,97.6092,2319
15:58,97.6461,97.712,97.6461,97.712,5032
15:59,97.5398,97.6461,97.5398,97.6461,5918
