Time,Close,High,Low,Open,Volume
09:30,99.4614,99.5685,99.4614,99.5685,47785
09:31,99.5372,99.5372,99.4614,99.4614,50156
09:32,99.7856,99.7856,99.5372,99.5372,28168
09:33,99.9393,99.9393,99.7856,99.7856,4694
09:34,99.8716,99.9393,99.8716,99.9393,2884
09:35,99.9743,99.9743,99.8716,99.8716,1737
09:36,99.9941,99.9941,99.9743,99.9743,2248
09:37,100.0219,100.0219,99.9941,99.9941,3449
09:38,100.0359,100.0359,100.0219,100.0219,1324
09:39,99.9243,100.0359,99.9243,100.0359,2467
09:40,99.889,99.9243,99.889,99.9243,1261
09:41,99.8092,99.889,99.8092,99.889,1609
09:42,99.7393,99.8092,99.7393,99.8092,365
09:43,99.7697,99.7697,99.7393,99.7393,871
09:44,99.7908,99.7908,99.7697,99.7697,1148
09:45,99.8052,99.8052,99.7908,99.7908,975
09:46,99.9054,99.9054,99.8052,99.8052,1136
09:47,100.0087,100.0087,99.9054,99.9054,1471
09:48,100.0128,100.0128,100.0087,100.0087,1309
09:49,99.9521,100.0128,99.9521,100.0128,796
09:50,99.9854,99.9854,99.9521,99.9521,1399
09:51,100.0157,100.0157,99.9854,99.9854,475
09:52,100.1138,100.1138,100.0157,100.0157,934
09:53,99.9696,100.1138,99.9696,100.1138,926
09:54,99.976,99.976,99.9696,99.9696,643
09:55,100.1256,100.1256,99.976,99.976,831
09:56,100.2581,100.2581,100.1256,100.1256,823
09:57,100.2613,100.2613,100.2581,100.2581,699
09:58,100.1191,100.2613,100.1191,100.2613,1415
09:59,99.9084,100.1191,99.9084,100.1191,1443
10:00,99.8072,99.9084,99.8072,99.9084,662
10:01,99.9259,99.9259,99.8072,99.8072,5698
10:02,99.9174,99.9259,99.9174,99.9259,1063
10:03,99.9765,99.9765,99.9174,99.9174,959
10:04,99.9182,99.9765,99.9182,99.9765,609
10:05,99.9749,99.9749,99.9182,99.9182,878
10:06,99.9053,99.9749,99.9053,99.9749,843
10:07,99.9551,99.9551,99.9053,99.9053,665
10:08,99.9121,99.9551,99.9121,99.9551,532
10:09,99.8838,99.9121,99.8838,99.9121,3043
10:10,99.7779,99.8838,99.7779,99.8838,653
10:11,99.7887,99.7887,99.7779,99.7779,1691
10:12,99.8908,99.8908,99.7887,99.7887,773
10:13,99.9232,99.9232,99.8908,99.8908,1318
10:14,100.0563,100.0563,99.9232,99.9232,606
10:15,99.8591,100.0563,99.8591,100.0563,704
10:16,100.0257,100.0257,99.8591,99.8591,657
10:17,99.9478,100.0257,99.9478,100.0257,331
10:18,99.9401,99.9478,99.9401,99.9478,927
10:19,99.8147,99.9401,99.8147,99.9401,729
10:20,99.9777,99.9777,99.8147,99.8147,2605
10:21,99.9733,99.9777,99.9733,99.9777,867
10:22,100.0793,100.0793,99.9733,99.9733,535
10:23,100.0385,100.0793,100.0385,100.0793,1140
10:24,100.1633,100.1633,100.0385,100.0385,461
10:25,100.3192,100.3192,100.1633,100.1633,993
10:26,100.4408,100.4408,100.3192,100.3192,5529
10:27,100.3955,100.4408,100.3955,100.4408,4305
10:28,100.4529,100.4529,100.3955,100.3955,2076
10:29,100.3517,100.4529,100.3517,100.4529,3508
10:30,100.27,100.3517,100.27,100.3517,1102
10:31,100.11,100.27,100.11,100.27,798
10:32,100.097,100.11,100.097,100.11,1538
10:33,100.1625,100.1625,100.097,100.097,455
10:34,100.1878,100.1878,100.1625,100.1625,622
10:35,100.2541,100.2541,100.1878,100.1878,573
10:36,100.1968,100.2541,100.1968,100.2541,965
10:37,100.3048,100.3048,100.1968,100.1968,1143
10:38,100.2583,100.3048,100.2583,100.3048,565
10:39,100.2316,100.2583,100.2316,100.2583,874
10:40,100.132,100.2316,100.132,100.2316,1147
10:41,100.1586,100.1586,100.132,100.132,1418
10:42,100.086,100.1586,100.086,100.1586,789
10:43,99.8824,100.086,99.8824,100.086,1319
10:44,99.7604,99.8824,99.7604,99.8824,870
10:45,99.714,99.7604,99.714,99.7604,2739
10:46,99.6406,99.714,99.6406,99.714,5639
10:47,99.4884,99.6406,99.4884,99.6406,21457
10:48,99.6101,99.6101,99.4884,99.4884,9034
10:49,99.5158,99.6101,99.5158,99.6101,670
10:50,99.5298,99.5298,99.5158,99.5158,6881
10:51,99.4474,99.5298,99.4474,99.5298,641
10:52,99.719,99.719,99.4474,99.4474,6316
10:53,99.8654,99.8654,99.719,99.719,693
10:54,99.9795,99.9795,99.8654,99.8654,391
10:55,100.0349,100.0349,99.9795,99.9795,834
10:56,100.0028,100.0349,100.0028,100.0349,8471
10:57,99.9377,100.0028,99.9377,100.0028,1385
10:58,99.9048,99.9377,99.9048,99.9377,830
10:59,99.934,99.934,99.9048,99.9048,672
11:00,99.9168,99.934,99.9168,99.934,270
11:01,100.0925,100.0925,99.9168,99.9168,928
11:02,99.9656,100.0925,99.9656,100.0925,527
11:03,100.0407,100.0407,99.9656,99.9656,977
11:04,100.01,100.0407,100.01,100.0407,718
11:05,99.9888,100.01,99.9888,100.01,1217
11:06,99.9486,99.9888,99.9486,99.9888,1395
11:07,99.9073,99.9486,99.9073,99.9486,1063
11:08,99.9648,99.9648,99.9073,99.9073,1674
11:09,99.9582,99.9648,99.9582,99.9648,748
11:10,99.8852,99.9582,99.8852,99.9582,697
11:11,99.9081,99.9081,99.8852,99.8852,1267
11:12,100.0148,100.0148,99.9081,99.9081,1272
11:13,99.9251,100.0148,99.9251,100.0148,468
11:14,99.8994,99.9251,99.8994,99.9251,393
11:15,100.0736,100.0736,99.8994,99.8994,831
11:16,100.0761,100.0761,100.0736,100.0736,588
11:17,100.0868,100.0868,100.0761,100.0761,716
11:18,100.1887,100.1887,100.0868,100.0868,649
11:19,100.1207,100.1887,100.1207,100.1887,1208
11:20,100.1671,100.1671,100.1207,100.1207,1142
11:21,100.0505,100.1671,100.0505,100.1671,1462
11:22,99.9283,100.0505,99.9283,100.0505,1041
11:23,99.8721,99.9283,99.8721,99.9283,1127
11:24,100.0309,100.0309,99.8721,99.8721,1631
11:25,99.9974,100.0309,99.9974,100.0309,830
11:26,99.9428,99.9974,99.9428,99.9974,616
11:27,99.9306,99.9428,99.9306,99.9428,1145
11:28,99.8953,99.9306,99.8953,99.9306,490
11:29,99.8433,99.8953,99.8433,99.8953,523
11:30,99.9302,99.9302,99.8433,99.8433,1939
11:31,99.9417,99.9417,99.9302,99.9302,497
11:32,99.995,99.995,99.9417,99.9417,690
11:33,100.1164,100.1164,99.995,99.995,704
11:34,99.9754,100.1164,99.9754,100.1164,645
11:35,99.7947,99.9754,99.7947,99.9754,637
11:36,99.7862,99.7947,99.7862,99.7947,1340
11:37,99.7685,99.7862,99.7685,99.7862,547
11:38,99.8016,99.8016,99.7685,99.7685,1445
11:39,99.7601,99.8016,99.7601,99.8016,600
11:40,99.9342,99.9342,99.7601,99.7601,1045
11:41,99.9364,99.9364,99.9342,99.9342,813
11:42,99.9357,99.9364,99.9357,99.9364,699
11:43,99.9761,99.9761,99.9357,99.9357,599
11:44,99.8979,99.9761,99.8979,99.9761,440
11:45,99.9233,99.9233,99.8979,99.8979,540
11:46,99.9619,99.9619,99.9233,99.9233,480
11:47,100.0263,100.0263,99.9619,99.9619,1073
11:48,99.9813,100.0263,99.9813,100.0263,1124
11:49,100.0195,100.0195,99.9813,99.9813,599
11:50,100.058,100.058,100.0195,100.0195,763
11:51,100.0359,100.058,100.0359,100.058,864
11:52,99.9796,100.0359,99.9796,100.0359,1359
11:53,100.0446,100.0446,99.9796,99.9796,840
11:54,99.9247,100.0446,99.9247,100.0446,1120
11:55,99.8261,99.9247,99.8261,99.9247,789
11:56,99.7778,99.8261,99.7778,99.8261,669
11:57,99.9561,99.9561,99.7778,99.7778,1094
11:58,100.104,100.104,99.9561,99.9561,599
11:59,100.1225,100.1225,100.104,100.104,1511
12:00,100.133,100.133,100.1225,100.1225,1515
12:01,99.9848,100.133,99.9848,100.133,1596
12:02,100.3418,100.3418,99.9848,99.9848,919
12:03,100.2581,100.3418,100.2581,100.3418,4481
12:04,100.3872,100.3872,100.2581,100.2581,1969
12:05,100.3284,100.3872,100.3284,100.3872,4734
12:06,100.2422,100.3284,100.2422,100.3284,2362
12:07,100.3053,100.3053,100.2422,100.2422,848
12:08,100.3853,100.3853,100.3053,100.3053,1301
12:09,100.3416,100.3853,100.3416,100.3853,540
12:10,100.3462,100.3462,100.3416,100.3416,677
12:11,100.2095,100.3462,100.2095,100.3462,1434
12:12,100.5142,100.5142,100.2095,100.2095,632
12:13,100.5781,100.5781,100.5142,100.5142,2188
12:14,100.4864,100.5781,100.4864,100.5781,3211
12:15,100.5461,100.5461,100.4864,100.4864,510
12:16,100.4285,100.5461,100.4285,100.5461,1080
12:17,100.4255,100.4285,100.4255,100.4285,993
12:18,100.3049,100.4255,100.3049,100.4255,909
12:19,100.4363,100.4363,100.3049,100.3049,673
12:20,100.3597,100.4363,100.3597,100.4363,1589
12:21,100.2697,100.3597,100.2697,100.3597,696
12:22,100.3164,100.3164,100.2697,100.2697,1262
12:23,100.2995,100.3164,100.2995,100.3164,517
12:24,100.4078,100.4078,100.2995,100.2995,1016
12:25,100.2241,100.4078,100.2241,100.4078,1041
12:26,100.1668,100.2241,100.1668,100.2241,1381
12:27,100.0643,100.1668,100.0643,100.1668,928
12:28,100.0041,100.0643,100.0041,100.0643,880
12:29,100.1329,100.1329,100.0041,100.0041,5047
12:30,100.2431,100.2431,100.1329,100.1329,1363
12:31,100.2467,100.2467,100.2431,100.2431,1358
12:32,100.208,100.2467,100.208,100.2467,1509
12:33,100.173,100.208,100.173,100.208,1092
12:34,100.1191,100.173,100.1191,100.173,1146
12:35,100.406,100.406,100.1191,100.1191,1075
12:36,100.3422,100.406,100.3422,100.406,1559
12:37,100.3079,100.3422,100.3079,100.3422,776
12:38,100.3288,100.3288,100.3079,100.3079,735
12:39,100.4025,100.4025,100.3288,100.3288,616
12:40,100.3922,100.4025,100.3922,100.4025,1146
12:41,100.3362,100.3922,100.3362,100.3922,1055
12:42,100.1981,100.3362,100.1981,100.3362,516
12:43,100.1407,100.1981,100.1407,100.1981,1070
12:44,100.1033,100.1407,100.1033,100.1407,2419
12:45,100.0664,100.1033,100.0664,100.1033,926
12:46,100.1143,100.1143,100.0664,100.0664,1212
12:47,100.2116,100.2116,100.1143,100.1143,925
12:48,100.113,100.2116,100.113,100.2116,909
12:49,99.8776,100.113,99.8776,100.113,556
12:50,99.8359,99.8776,99.8359,99.8776,2538
12:51,99.7917,99.8359,99.7917,99.8359,4451
12:52,99.8698,99.8698,99.7917,99.7917,3180
12:53,99.8219,99.8698,99.8219,99.8698,1299
12:54,99.9454,99.9454,99.8219,99.8219,1175
12:55,99.9493,99.9493,99.9454,99.9454,816
12:56,99.9432,99.9493,99.9432,99.9493,2057
12:57,100.0382,100.0382,99.9432,99.9432,871
12:58,99.9634,100.0382,99.9634,100.0382,387
12:59,100.0454,100.0454,99.9634,99.9634,1307
13:00,100.0755,100.0755,100.0454,100.0454,770
13:01,100.0644,100.0755,100.0644,100.0755,547
13:02,100.1128,100.1128,100.0644,100.0644,625
13:03,100.1965,100.1965,100.1128,100.1128,747
13:04,100.1792,100.1965,100.1792,100.1965,1233
13:05,100.3611,100.3611,100.1792,100.1792,480
13:06,100.251,100.3611,100.251,100.3611,2472
13:07,100.243,100.251,100.243,100.251,628
13:08,100.4149,100.4149,100.243,100.243,629
13:09,100.4712,100.4712,100.4149,100.4149,1658
13:10,100.551,100.551,100.4712,100.4712,1511
13:11,100.6102,100.6102,100.551,100.551,6834
13:12,100.5595,100.6102,100.5595,100.6102,3596
13:13,100.3339,100.5595,100.3339,100.5595,859
13:14,100.2587,100.3339,100.2587,100.3339,385
13:15,100.3149,100.3149,100.2587,100.2587,1454
13:16,100.1736,100.3149,100.1736,100.3149,1111
13:17,100.2634,100.2634,100.1736,100.1736,1231
13:18,100.3825,100.3825,100.2634,100.2634,645
13:19,100.4736,100.4736,100.3825,100.3825,731
13:20,100.4476,100.4736,100.4476,100.4736,686
13:21,100.3614,100.4476,100.3614,100.4476,1593
13:22,100.5844,100.5844,100.3614,100.3614,568
13:23,100.6144,100.6144,100.5844,100.5844,1114
13:24,100.5988,100.6144,100.5988,100.6144,1533
13:25,100.6751,100.6751,100.5988,100.5988,845
13:26,100.5482,100.6751,100.5482,100.6751,576
13:27,100.6838,100.6838,100.5482,100.5482,803
13:28,100.9525,100.9525,100.6838,100.6838,2012
13:29,100.9089,100.9525,100.9089,100.9525,13006
13:30,101.0622,101.0622,100.9089,100.9089,1433
13:31,101.0072,101.0622,101.0072,101.0622,9022
13:32,100.9423,101.0072,100.9423,101.0072,3924
13:33,101.0014,101.0014,100.9423,100.9423,860
13:34,100.8998,101.0014,100.8998,101.0014,1023
13:35,100.9345,100.9345,100.8998,100.8998,666
13:36,101.0224,101.0224,100.9345,100.9345,636
13:37,100.9465,101.0224,100.9465,101.0224,620
13:38,101.1389,101.1389,100.9465,100.9465,753
13:39,101.0455,101.1389,101.0455,101.1389,1141
13:40,101.1511,101.1511,101.0455,101.0455,1085
13:41,101.1489,101.1511,101.1489,101.1511,690
13:42,101.1193,101.1489,101.1193,101.1489,815
13:43,101.1509,101.1509,101.1193,101.1193,931
13:44,101.1026,101.1509,101.1026,101.1509,1293
13:45,101.0684,101.1026,101.0684,101.1026,612
13:46,101.2685,101.2685,101.0684,101.0684,333
13:47,101.5355,101.5355,101.2685,101.2685,837
13:48,101.5383,101.5383,101.5355,101.5355,4896
13:49,101.4454,101.5383,101.4454,101.5383,3779
13:50,101.5164,101.5164,101.4454,101.4454,1696
13:51,101.5542,101.5542,101.5164,101.5164,1052
13:52,101.7422,101.7422,101.5542,101.5542,1057
13:53,101.8975,101.8975,101.7422,101.7422,3671
13:54,101.8353,101.8975,101.8353,101.8975,8015
13:55,101.934,101.934,101.8353,101.8353,3247
13:56,101.7951,101.934,101.7951,101.934,4560
13:57,101.8784,101.8784,101.7951,101.7951,1247
13:58,101.7636,101.8784,101.7636,101.8784,1162
13:59,101.6581,101.7636,101.6581,101.7636,996
14:00,101.6766,101.6766,101.6581,101.6581,815
14:01,101.6739,101.6766,101.6739,101.6766,631
14:02,101.6214,101.6739,101.6214,101.6739,853
14:03,101.6041,101.6214,101.6041,101.6214,669
14:04,101.5259,101.6041,101.5259,101.6041,886
14:05,101.5111,101.5259,101.5111,101.5259,852
14:06,101.6155,101.6155,101.5111,101.5111,617
14:07,101.7026,101.7026,101.6155,101.6155,1354
14:08,101.7951,101.7951,101.7026,101.7026,1004
14:09,101.691,101.7951,101.691,101.7951,1418
14:10,101.7487,101.7487,101.691,101.691,533
14:11,101.76,101.76,101.7487,101.7487,1304
14:12,101.7559,101.76,101.7559,101.76,508
14:13,101.9602,101.9602,101.7559,101.7559,709
14:14,102.0491,102.0491,101.9602,101.9602,923
14:15,102.3042,102.3042,102.0491,102.0491,3312
14:16,102.2579,102.3042,102.2579,102.3042,7573
14:17,102.2069,102.2579,102.2069,102.2579,7203
14:18,102.4099,102.4099,102.2069,102.2069,1043
14:19,102.386,102.4099,102.386,102.4099,13560
14:20,102.3492,102.386,102.3492,102.386,3564
14:21,102.3331,102.3492,102.3331,102.3492,923
14:22,102.2531,102.3331,102.2531,102.3331,1416
14:23,102.1468,102.2531,102.1468,102.2531,846
14:24,102.1717,102.1717,102.1468,102.1468,643
14:25,102.1297,102.1717,102.1297,102.1717,565
14:26,102.1701,102.1701,102.1297,102.1297,998
14:27,102.2818,102.2818,102.1701,102.1701,1195
14:28,102.3077,102.3077,102.2818,102.2818,814
14:29,102.3966,102.3966,102.3077,102.3077,707
14:30,102.4994,102.4994,102.3966,102.3966,1460
14:31,102.5458,102.5458,102.4994,102.4994,1642
14:32,102.5127,102.5458,102.5127,102.5458,1785
14:33,102.4966,102.5127,102.4966,102.5127,622
14:34,102.4708,102.4966,102.4708,102.4966,1544
14:35,102.2932,102.4708,102.2932,102.4708,460
14:36,102.1888,102.2932,102.1888,102.2932,640
14:37,102.3521,102.3521,102.1888,102.1888,551
14:38,102.3262,102.3521,102.3262,102.3521,1821
14:39,102.3017,102.3262,102.3017,102.3262,966
14:40,102.2293,102.3017,102.2293,102.3017,492
14:41,102.2506,102.2506,102.2293,102.2293,781
14:42,102.1713,102.2506,102.1713,102.2506,1019
14:43,102.1327,102.1713,102.1327,102.1713,410
14:44,102.0359,102.1327,102.0359,102.1327,1452
14:45,102.1392,102.1392,102.0359,102.0359,698
14:46,102.1886,102.1886,102.1392,102.1392,801
14:47,102.2417,102.2417,102.1886,102.1886,916
14:48,102.1679,102.2417,102.1679,102.2417,516
14:49,102.3045,102.3045,102.1679,102.1679,1042
14:50,102.1559,102.3045,102.1559,102.3045,1050
14:51,102.1344,102.1559,102.1344,102.1559,840
14:52,102.1763,102.1763,102.1344,102.1344,845
14:53,102.3205,102.3205,102.1763,102.1763,1453
14:54,102.3792,102.3792,102.3205,102.3205,834
14:55,102.3516,102.3792,102.3516,102.3792,907
14:56,102.2649,102.3516,102.2649,102.3516,1009
14:57,102.3043,102.3043,102.2649,102.2649,494
14:58,102.4426,102.4426,102.3043,102.3043,428
14:59,102.4631,102.4631,102.4426,102.4426,948
15:00,102.3179,102.4631,102.3179,102.4631,1308
15:01,102.202,102.3179,102.202,102.3179,958
15:02,102.2597,102.2597,102.202,102.202,955
15:03,102.2075,102.2597,102.2075,102.2597,662
15:04,102.3561,102.3561,102.2075,102.2075,984
15:05,102.4418,102.4418,102.3561,102.3561,1061
15:06,102.5568,102.5568,102.4418,102.4418,702
15:07,102.6041,102.6041,102.5568,102.5568,782
15:08,102.8139,102.8139,102.6041,102.6041,1068
15:09,102.8081,102.8139,102.8081,102.8139,6694
15:10,102.9542,102.9542,102.8081,102.8081,8733
15:11,102.979,102.979,102.9542,102.9542,7145
15:12,102.862,102.979,102.862,102.979,6636
15:13,102.8409,102.862,102.8409,102.862,1025
15:14,103.0239,103.0239,102.8409,102.8409,498
15:15,102.8435,103.0239,102.8435,103.0239,13149
15:16,102.8641,102.8641,102.8435,102.8435,1266
15:17,102.9828,102.9828,102.8641,102.8641,1444
15:18,102.9051,102.9828,102.9051,102.9828,1017
15:19,102.841,102.9051,102.841,102.9051,958
15:20,102.6711,102.841,102.6711,102.841,1364
15:21,102.7027,102.7027,102.6711,102.6711,801
15:22,102.6272,102.7027,102.6272,102.7027,445
15:23,102.8023,102.8023,102.6272,102.6272,890
15:24,102.7185,102.8023,102.7185,102.8023,817
15:25,102.7539,102.7539,102.7185,102.7185,1429
15:26,102.5924,102.7539,102.5924,102.7539,882
15:27,102.5785,102.5924,102.5785,102.5924,1121
15:28,102.3725,102.5785,102.3725,102.5785,768
15:29,102.3262,102.3725,102.3262,102.3725,6157
15:30,102.3273,102.3273,102.3262,102.3262,5189
15:31,102.5777,102.5777,102.3273,102.3273,3104
15:32,102.6316,102.6316,102.5777,102.5777,1071
15:33,102.6022,102.6316,102.6022,102.6316,833
15:34,102.6365,102.6365,102.6022,102.6022,1493
15:35,102.4885,102.6365,102.4885,102.6365,421
15:36,102.4973,102.4973,102.4885,102.4885,1347
15:37,102.5509,102.5509,102.4973,102.4973,446
15:38,102.5633,102.5633,102.5509,102.5509,861
15:39,102.7751,102.7751,102.5633,102.5633,1773
15:40,102.6781,102.7751,102.6781,102.7751,2195
15:41,102.5092,102.6781,102.5092,102.6781,1271
15:42,102.4521,102.5092,102.4521,102.5092,698
15:43,102.3584,102.4521,102.3584,102.4521,1341
15:44,102.2291,102.3584,102.2291,102.3584,1044
15:45,102.1374,102.2291,102.1374,102.2291,2040
15:46,102.1281,102.1374,102.1281,102.1374,5141
15:47,102.1225,102.1281,102.1225,102.1281,5761
15:48,102.1254,102.1254,102.1225,102.1225,1634
15:49,102.2449,102.2449,102.1254,102.1254,2544
15:50,102.4333,102.4333,102.2449,102.2449,1020
15:51,102.2959,102.4333,102.2959,102.4333,3870
15:52,102.4122,102.4122,102.2959,102.2959,741
15:53,102.3473,102.4122,102.3473,102.4122,2274
15:54,102.225,102.3473,102.225,102.3473,3308
15:55,102.2002,102.225,102.2002,102.225,2796
15:56,102.3104,102.3104,102.2002,102.2002,3003
15:57,102.4811,102.4811,102.3104,102.3104,4739
15:58,102.5873,102.5873,102.4811,102.4811,5271
15:59,102.4533,102.5873,102.4533,102.5873,91225
