Time,Close,High,Low,Open,Volume
09:30,100.1887,100.1887,100.1873,100.1873,8835
09:31,100.1503,100.1887,100.1503,100.1887,10202
09:32,100.2432,100.2432,100.1503,100.1503,6470
09:33,100.014,100.2432,100.014,100.2432,6044
09:34,100.0431,100.0431,100.014,100.014,3907
09:35,99.8858,100.0431,99.8858,100.0431,1952
09:36,99.7428,99.8858,99.7428,99.8858,1985
09:37,99.7405,99.7428,99.7405,99.7428,19026
09:38,99.7689,99.7689,99.7405,99.7405,21494
09:39,99.7259,99.7689,99.7259,99.7689,1472
09:40,99.7661,99.7661,99.7259,99.7259,1760
09:41,99.7969,99.7969,99.7661,99.7661,1669
09:42,99.9594,99.9594,99.7969,99.7969,1886
09:43,99.9707,99.9707,99.9594,99.9594,1224
09:44,99.9142,99.9707,99.9142,99.9707,594
09:45,99.8305,99.9142,99.8305,99.9142,959
09:46,99.9776,99.9776,99.8305,99.8305,1294
09:47,99.8693,99.9776,99.8693,99.9776,1224
09:48,99.8068,99.8693,99.8068,99.8693,1082
09:49,99.8726,99.8726,99.8068,99.8068,759
09:50,99.9566,99.9566,99.8726,99.8726,872
09:51,99.9221,99.9566,99.9221,99.9566,585
09:52,99.8926,99.9221,99.8926,99.9221,1265
09:53,99.9985,99.9985,99.8926,99.8926,2172
09:54,99.9926,99.9985,99.9926,99.9985,707
09:55,99.8789,99.9926,99.8789,99.9926,1219
09:56,100.0654,100.0654,99.8789,99.8789,619
09:57,99.9806,100.0654,99.9806,100.0654,623
09:58,99.9378,99.9806,99.9378,99.9806,1218
09:59,99.7316,99.9378,99.7316,99.9378,636
10:00,99.7424,99.7424,99.7316,99.7316,972
10:01,99.6439,99.7424,99.6439,99.7424,749
10:02,99.5741,99.6439,99.5741,99.6439,992
10:03,99.8588,99.8588,99.5741,99.5741,4957
10:04,100.0379,100.0379,99.8588,99.8588,656
10:05,100.0986,100.0986,100.0379,100.0379,729
10:06,100.2447,100.2447,100.0986,100.0986,1234
10:07,100.1834,100.2447,100.1834,100.2447,11314
10:08,100.1188,100.1834,100.1188,100.1834,1172
10:09,100.1684,100.1684,100.1188,100.1188,448
10:10,99.961,100.1684,99.961,100.1684,781
10:11,100.0129,100.0129,99.961,99.961,623
10:12,99.9487,100.0129,99.9487,100.0129,811
10:13,99.7475,99.9487,99.7475,99.9487,1046
10:14,99.9268,99.9268,99.7475,99.7475,4967
10:15,99.9343,99.9343,99.9268,99.9268,954
10:16,99.926,99.9343,99.926,99.9343,972
10:17,100.045,100.045,99.926,99.926,1132
10:18,100.0318,100.045,100.0318,100.045,1096
10:19,100.0799,100.0799,100.0318,100.0318,805
10:20,100.122,100.122,100.0799,100.0799,364
10:21,100.0644,100.122,100.0644,100.122,786
10:22,100.1432,100.1432,100.0644,100.0644,831
10:23,100.0993,100.1432,100.0993,100.1432,784
10:24,100.1329,100.1329,100.0993,100.0993,1030
10:25,100.1376,100.1376,100.1329,100.1329,498
10:26,100.2491,100.2491,100.1376,100.1376,1298
10:27,100.1814,100.2491,100.1814,100.2491,646
10:28,100.1293,100.1814,100.1293,100.1814,1342
10:29,100.141,100.141,100.1293,100.1293,850
10:30,100.3051,100.3051,100.141,100.141,659
10:31,100.2703,100.3051,100.2703,100.3051,625
10:32,100.2485,100.2703,100.2485,100.2703,873
10:33,100.4518,100.4518,100.2485,100.2485,466
10:34,100.3982,100.4518,100.3982,100.4518,6402
10:35,100.3081,100.3982,100.3081,100.3982,1020
10:36,100.3272,100.3272,100.3081,100.3081,764
10:37,100.1134,100.3272,100.1134,100.3272,541
10:38,99.8483,100.1134,99.8483,100.1134,1439
10:39,99.7146,99.8483,99.7146,99.8483,3780
10:40,99.5772,99.7146,99.5772,99.7146,7455
10:41,99.6037,99.6037,99.5772,99.5772,5955
10:42,99.5863,99.6037,99.5863,99.6037,5822
10:43,99.7072,99.7072,99.5863,99.5863,6897
10:44,99.6984,99.7072,99.6984,99.7072,1685
10:45,99.6471,99.6984,99.6471,99.6984,818
10:46,99.84,99.84,99.6471,99.6471,1604
10:47,99.675,99.84,99.675,99.84,912
10:48,99.634,99.675,99.634,99.675,2304
10:49,99.7964,99.7964,99.634,99.634,912
10:50,99.7524,99.7964,99.7524,99.7964,1761
10:51,99.7379,99.7524,99.7379,99.7524,725
10:52,99.8368,99.8368,99.7379,99.7379,937
10:53,99.9053,99.9053,99.8368,99.8368,1065
10:54,99.7989,99.9053,99.7989,99.9053,785
10:55,99.9274,99.9274,99.7989,99.7989,551
10:56,99.978,99.978,99.9274,99.9274,498
10:57,100.0348,100.0348,99.978,99.978,642
10:58,99.7689,100.0348,99.7689,100.0348,860
10:59,99.8542,99.8542,99.7689,99.7689,1492
11:00,99.6895,99.8542,99.6895,99.8542,600
11:01,99.7575,99.7575,99.6895,99.6895,1071
11:02,99.6123,99.7575,99.6123,99.7575,690
11:03,99.6513,99.6513,99.6123,99.6123,1490
11:04,99.5983,99.6513,99.5983,99.6513,1299
11:05,99.7819,99.7819,99.5983,99.5983,1223
11:06,99.6562,99.7819,99.6562,99.7819,1174
11:07,99.7553,99.7553,99.6562,99.6562,620
11:08,99.6395,99.7553,99.6395,99.7553,566
11:09,99.8035,99.8035,99.6395,99.6395,1098
11:10,99.7983,99.8035,99.7983,99.8035,692
11:11,99.6843,99.7983,99.6843,99.7983,521
11:12,99.6435,99.6843,99.6435,99.6843,935
11:13,99.64,99.6435,99.64,99.6435,797
11:14,99.812,99.812,99.64,99.64,622
11:15,100.0235,100.0235,99.812,99.812,366
11:16,100.119,100.119,100.0235,100.0235,4848
11:17,99.9935,100.119,99.9935,100.119,4228
11:18,99.9408,99.9935,99.9408,99.9935,786
11:19,100.0245,100.0245,99.9408,99.9408,1378
11:20,100.0548,100.0548,100.0245,100.0245,2143
11:21,100.2021,100.2021,100.0548,100.0548,1008
11:22,100.3095,100.3095,100.2021,100.2021,1664
11:23,100.1811,100.3095,100.1811,100.3095,4377
11:24,100.1062,100.1811,100.1062,100.1811,1432
11:25,100.0471,100.1062,100.0471,100.1062,913
11:26,100.0295,100.0471,100.0295,100.0471,539
11:27,99.9704,100.0295,99.9704,100.0295,784
11:28,100.071,100.071,99.9704,99.9704,1159
11:29,100.0046,100.071,100.0046,100.071,835
11:30,99.957,100.0046,99.957,100.0046,438
11:31,100.1119,100.1119,99.957,99.957,1216
11:32,100.0537,100.1119,100.0537,100.1119,748
11:33,100.1157,100.1157,100.0537,100.0537,1054
11:34,100.1323,100.1323,100.1157,100.1157,781
11:35,99.8957,100.1323,99.8957,100.1323,1498
11:36,99.9307,99.9307,99.8957,99.8957,819
11:37,99.9095,99.9307,99.9095,99.9307,707
11:38,99.9086,99.9095,99.9086,99.9095,2628
11:39,100.046,100.046,99.9086,99.9086,687
11:40,100.0577,100.0577,100.046,100.046,698
11:41,99.864,100.0577,99.864,100.0577,678
11:42,99.9715,99.9715,99.864,99.864,997
11:43,100.0059,100.0059,99.9715,99.9715,484
11:44,100.0733,100.0733,100.0059,100.0059,2817
11:45,100.0147,100.0733,100.0147,100.0733,701
11:46,100.0086,100.0147,100.0086,100.0147,1333
11:47,100.1575,100.1575,100.0086,100.0086,607
11:48,100.1345,100.1575,100.1345,100.1575,352
11:49,100.2413,100.2413,100.1345,100.1345,407
11:50,100.3202,100.3202,100.2413,100.2413,1063
11:51,100.2717,100.3202,100.2717,100.3202,1001
11:52,100.1886,100.2717,100.1886,100.2717,1297
11:53,100.1341,100.1886,100.1341,100.1886,665
11:54,100.2144,100.2144,100.1341,100.1341,595
11:55,100.0713,100.2144,100.0713,100.2144,762
11:56,100.0259,100.0713,100.0259,100.0713,905
11:57,99.9008,100.0259,99.9008,100.0259,1152
11:58,99.8579,99.9008,99.8579,99.9008,1425
11:59,99.7433,99.8579,99.7433,99.8579,912
12:00,99.8103,99.8103,99.7433,99.7433,6284
12:01,99.7972,99.8103,99.7972,99.8103,1094
12:02,99.7896,99.7972,99.7896,99.7972,1038
12:03,99.7129,99.7896,99.7129,99.7896,1046
12:04,99.8306,99.8306,99.7129,99.7129,1253
12:05,99.892,99.892,99.8306,99.8306,506
12:06,99.8854,99.892,99.8854,99.892,450
12:07,99.6519,99.8854,99.6519,99.8854,1055
12:08,99.3773,99.6519,99.3773,99.6519,474
12:09,99.2568,99.3773,99.2568,99.3773,9973
12:10,99.1838,99.2568,99.1838,99.2568,4679
12:11,99.252,99.252,99.1838,99.1838,3489
12:12,99.117,99.252,99.117,99.252,4448
12:13,99.102,99.117,99.102,99.117,9849
12:14,99.1409,99.1409,99.102,99.102,4779
12:15,99.0081,99.1409,99.0081,99.1409,1278
12:16,98.9427,99.0081,98.9427,99.0081,6496
12:17,98.9679,98.9679,98.9427,98.9427,4197
12:18,98.9099,98.9679,98.9099,98.9679,834
12:19,98.7525,98.9099,98.7525,98.9099,1066
12:20,98.6329,98.7525,98.6329,98.7525,5775
12:21,98.5707,98.6329,98.5707,98.6329,6348
12:22,98.4716,98.5707,98.4716,98.5707,10807
12:23,98.6202,98.6202,98.4716,98.4716,4655
12:24,98.6395,98.6395,98.6202,98.6202,1654
12:25,98.5895,98.6395,98.5895,98.6395,786
12:26,98.5352,98.5895,98.5352,98.5895,638
12:27,98.4579,98.5352,98.4579,98.5352,996
12:28,98.4433,98.4579,98.4433,98.4579,710
12:29,98.648,98.648,98.4433,98.4433,6181
12:30,98.5518,98.648,98.5518,98.648,1139
12:31,98.3917,98.5518,98.3917,98.5518,547
12:32,98.3865,98.3917,98.3865,98.3917,1323
12:33,98.25,98.3865,98.25,98.3865,1611
12:34,98.0962,98.25,98.0962,98.25,2544
12:35,98.0599,98.0962,98.0599,98.0962,8674
12:36,98.0016,98.0599,98.0016,98.0599,4058
12:37,97.9839,98.0016,97.9839,98.0016,5411
12:38,97.9904,97.9904,97.9839,97.9839,9603
12:39,97.9208,97.9904,97.9208,97.9904,760
12:40,97.8773,97.9208,97.8773,97.9208,3487
12:41,97.9749,97.9749,97.8773,97.8773,6696
12:42,98.0106,98.0106,97.9749,97.9749,1217
12:43,98.1121,98.1121,98.0106,98.0106,1027
12:44,97.9514,98.1121,97.9514,98.1121,596
12:45,97.9483,97.9514,97.9483,97.9514,1335
12:46,97.9522,97.9522,97.9483,97.9483,561
12:47,97.9208,97.9522,97.9208,97.9522,1405
12:48,97.8754,97.9208,97.8754,97.9208,799
12:49,97.6569,97.8754,97.6569,97.8754,849
12:50,97.886,97.886,97.6569,97.6569,2727
12:51,97.883,97.886,97.883,97.886,505
12:52,97.6298,97.883,97.6298,97.883,694
12:53,97.5165,97.6298,97.5165,97.6298,769
12:54,97.4486,97.5165,97.4486,97.5165,3630
12:55,97.3865,97.4486,97.3865,97.4486,5670
12:56,97.4609,97.4609,97.3865,97.3865,3066
12:57,97.6562,97.6562,97.4609,97.4609,3435
12:58,97.5601,97.6562,97.5601,97.6562,481
12:59,97.737,97.737,97.5601,97.5601,1069
13:00,97.7792,97.7792,97.737,97.737,902
13:01,97.8768,97.8768,97.7792,97.7792,1624
13:02,97.7327,97.8768,97.7327,97.8768,1245
13:03,97.9907,97.9907,97.7327,97.7327,746
13:04,97.9162,97.9907,97.9162,97.9907,4870
13:05,97.8121,97.9162,97.8121,97.9162,770
13:06,97.6779,97.8121,97.6779,97.8121,1255
13:07,97.6401,97.6779,97.6401,97.6779,795
13:08,97.4638,97.6401,97.4638,97.6401,1230
13:09,97.403,97.4638,97.403,97.4638,3221
13:10,97.4027,97.403,97.4027,97.403,2704
13:11,97.4083,97.4083,97.4027,97.4027,1103
13:12,97.4131,97.4131,97.4083,97.4083,896
13:13,97.245,97.4131,97.245,97.4131,1018
13:14,97.1073,97.245,97.1073,97.245,5649
13:15,97.1689,97.1689,97.1073,97.1073,13097
13:16,97.0139,97.1689,97.0139,97.1689,1278
13:17,96.9369,97.0139,96.9369,97.0139,13778
13:18,96.8925,96.9369,96.8925,96.9369,9970
13:19,96.9148,96.9148,96.8925,96.8925,3367
13:20,96.9813,96.9813,96.9148,96.9148,8187
13:21,97.0047,97.0047,96.9813,96.9813,1235
13:22,97.0242,97.0242,97.0047,97.0047,1141
13:23,96.9519,97.0242,96.9519,97.0242,576
13:24,96.8878,96.9519,96.8878,96.9519,1141
13:25,96.9706,96.9706,96.8878,96.8878,577
13:26,96.9516,96.9706,96.9516,96.9706,1430
13:27,97.0122,97.0122,96.9516,96.9516,1150
13:28,97.3075,97.3075,97.0122,97.0122,691
13:29,97.249,97.3075,97.249,97.3075,4056
13:30,97.2741,97.2741,97.249,97.249,755
13:31,97.3306,97.3306,97.2741,97.2741,556
13:32,97.3124,97.3306,97.3124,97.3306,1042
13:33,97.4467,97.4467,97.3124,97.3124,828
13:34,97.4935,97.4935,97.4467,97.4467,892
13:35,97.3959,97.4935,97.3959,97.4935,2820
13:36,97.4221,97.4221,97.3959,97.3959,805
13:37,97.4219,97.4221,97.4219,97.4221,2210
13:38,97.3781,97.4219,97.3781,97.4219,626
13:39,97.3405,97.3781,97.3405,97.3781,872
13:40,97.4005,97.4005,97.3405,97.3405,1263
13:41,97.3676,97.4005,97.3676,97.4005,733
13:42,97.3036,97.3676,97.3036,97.3676,1055
13:43,97.2599,97.3036,97.2599,97.3036,831
13:44,97.2449,97.2599,97.2449,97.2599,543
13:45,97.1961,97.2449,97.1961,97.2449,894
13:46,97.2726,97.2726,97.1961,97.1961,824
13:47,97.2717,97.2726,97.2717,97.2726,490
13:48,97.1755,97.2717,97.1755,97.2717,1000
13:49,97.2798,97.2798,97.1755,97.1755,528
13:50,97.2552,97.2798,97.2552,97.2798,800
13:51,97.2282,97.2552,97.2282,97.2552,614
13:52,97.2002,97.2282,97.2002,97.2282,693
13:53,97.2664,97.2664,97.2002,97.2002,681
13:54,97.2635,97.2664,97.2635,97.2664,1154
13:55,97.1754,97.2635,97.1754,97.2635,1139
13:56,97.2091,97.2091,97.1754,97.1754,1060
13:57,97.4097,97.4097,97.2091,97.2091,790
13:58,97.413,97.413,97.4097,97.4097,1726
13:59,97.2157,97.413,97.2157,97.413,1117
14:00,97.3271,97.3271,97.2157,97.2157,743
14:01,97.3104,97.3271,97.3104,97.3271,789
14:02,97.2784,97.3104,97.2784,97.3104,857
14:03,97.2885,97.2885,97.2784,97.2784,864
14:04,97.2994,97.2994,97.2885,97.2885,813
14:05,97.4511,97.4511,97.2994,97.2994,710
14:06,97.6872,97.6872,97.4511,97.4511,1337
14:07,97.6879,97.6879,97.6872,97.6872,5268
14:08,97.891,97.891,97.6879,97.6879,1189
14:09,97.8755,97.891,97.8755,97.891,10412
14:10,97.8604,97.8755,97.8604,97.8755,5322
14:11,97.792,97.8604,97.792,97.8604,6460
14:12,97.6666,97.792,97.6666,97.792,801
14:13,97.695,97.695,97.6666,97.6666,602
14:14,97.414,97.695,97.414,97.695,337
14:15,97.3494,97.414,97.3494,97.414,1632
14:16,97.1664,97.3494,97.1664,97.3494,968
14:17,97.165,97.1664,97.165,97.1664,7028
14:18,97.1429,97.165,97.1429,97.165,5947
14:19,97.0118,97.1429,97.0118,97.1429,3625
14:20,96.9496,97.0118,96.9496,97.0118,3363
14:21,96.8651,96.9496,96.8651,96.9496,8536
14:22,96.8737,96.8737,96.8651,96.8651,8295
14:23,96.8043,96.8737,96.8043,96.8737,4646
14:24,96.9478,96.9478,96.8043,96.8043,4688
14:25,97.0136,97.0136,96.9478,96.9478,1139
14:26,97.019,97.019,97.0136,97.0136,1835
14:27,97.2222,97.2222,97.019,97.019,1143
14:28,97.2559,97.2559,97.2222,97.2222,994
14:29,97.4847,97.4847,97.2559,97.2559,765
14:30,97.6254,97.6254,97.4847,97.4847,3695
14:31,97.5429,97.6254,97.5429,97.6254,6810
14:32,97.5484,97.5484,97.5429,97.5429,4703
14:33,97.5184,97.5484,97.5184,97.5484,1413
14:34,97.2961,97.5184,97.2961,97.5184,1030
14:35,97.3237,97.3237,97.2961,97.2961,763
14:36,97.3096,97.3237,97.3096,97.3237,1026
14:37,97.0623,97.3096,97.0623,97.3096,548
14:38,96.9971,97.0623,96.9971,97.0623,4941
14:39,97.0645,97.0645,96.9971,96.9971,3524
14:40,97.0684,97.0684,97.0645,97.0645,1067
14:41,97.2337,97.2337,97.0684,97.0684,1024
14:42,97.1529,97.2337,97.1529,97.2337,865
14:43,97.3129,97.3129,97.1529,97.1529,625
14:44,97.3299,97.3299,97.3129,97.3129,1337
14:45,97.1479,97.3299,97.1479,97.3299,730
14:46,96.909,97.1479,96.909,97.1479,636
14:47,96.8338,96.909,96.8338,96.909,5214
14:48,96.7525,96.8338,96.7525,96.8338,2484
14:49,96.7579,96.7579,96.7525,96.7525,6737
14:50,96.9067,96.9067,96.7579,96.7579,8571
14:51,96.9882,96.9882,96.9067,96.9067,950
14:52,97.105,97.105,96.9882,96.9882,1071
14:53,97.2848,97.2848,97.105,97.105,830
14:54,97.3363,97.3363,97.2848,97.2848,2633
14:55,97.2267,97.3363,97.2267,97.3363,4100
14:56,97.19,97.2267,97.19,97.2267,1299
14:57,97.1957,97.1957,97.19,97.19,559
14:58,97.3295,97.3295,97.1957,97.1957,520
14:59,97.3083,97.3295,97.3083,97.3295,701
15:00,97.242,97.3083,97.242,97.3083,527
15:01,97.2303,97.242,97.2303,97.242,836
15:02,97.2976,97.2976,97.2303,97.2303,614
15:03,97.1839,97.2976,97.1839,97.2976,1081
15:04,97.1221,97.1839,97.1221,97.1839,754
15:05,97.0905,97.1221,97.0905,97.1221,1466
15:06,97.1277,97.1277,97.0905,97.0905,847
15:07,97.1093,97.1277,97.1093,97.1277,1307
15:08,97.3072,97.3072,97.1093,97.1093,1255
15:09,97.3076,97.3076,97.3072,97.3072,1398
15:10,97.3205,97.3205,97.3076,97.3076,584
15:11,97.3221,97.3221,97.3205,97.3205,666
15:12,97.4321,97.4321,97.3221,97.3221,617
15:13,97.4489,97.4489,97.4321,97.4321,980
15:14,97.4823,97.4823,97.4489,97.4489,838
15:15,97.3652,97.4823,97.3652,97.4823,1483
15:16,97.2637,97.3652,97.2637,97.3652,804
15:17,97.2968,97.2968,97.2637,97.2637,749
15:18,97.3046,97.3046,97.2968,97.2968,777
15:19,97.2995,97.3046,97.2995,97.3046,1184
15:20,97.0935,97.2995,97.0935,97.2995,748
15:21,97.0696,97.0935,97.0696,97.0935,1687
15:22,97.0721,97.0721,97.0696,97.0696,2469
15:23,96.9775,97.0721,96.9775,97.0721,718
15:24,97.0353,97.0353,96.9775,96.9775,2671
15:25,96.9235,97.0353,96.9235,97.0353,836
15:26,96.932,96.932,96.9235,96.9235,927
15:27,97.1006,97.1006,96.932,96.932,1495
15:28,97.0979,97.1006,97.0979,97.1006,1695
15:29,96.9814,97.0979,96.9814,97.0979,1202
15:30,97.1556,97.1556,96.9814,96.9814,1491
15:31,97.0859,97.1556,97.0859,97.1556,604
15:32,97.1137,97.1137,97.0859,97.0859,378
15:33,97.0939,97.1137,97.0939,97.1137,1158
15:34,96.983,97.0939,96.983,97.0939,539
15:35,97.1468,97.1468,96.983,96.983,1009
15:36,97.2953,97.2953,97.1468,97.1468,918
15:37,97.3515,97.3515,97.2953,97.2953,499
15:38,97.5891,97.5891,97.3515,97.3515,1188
15:39,97.3726,97.5891,97.3726,97.5891,3583
15:40,97.2829,97.3726,97.2829,97.3726,1245
15:41,97.5212,97.5212,97.2829,97.2829,1270
15:42,97.3724,97.5212,97.3724,97.5212,7253
15:43,97.2473,97.3724,97.2473,97.3724,614
15:44,97.2498,97.2498,97.2473,97.2473,862
15:45,97.2068,97.2498,97.2068,97.2498,1390
15:46,97.2942,97.2942,97.2068,97.2068,760
15:47,97.3786,97.3786,97.2942,97.2942,890
15:48,97.3274,97.3786,97.3274,97.3786,630
15:49,97.2151,97.3274,97.2151,97.3274,2614
15:50,97.2109,97.2151,97.2109,97.2151,1882
15:51,97.0523,97.2109,97.0523,97.2109,1809
15:52,97.0569,97.0569,97.0523,97.0523,1635
15:53,97.038,97.0569,97.038,97.0569,2131
15:54,97.098,97.098,97.038,97.038,1177
15:55,97.0344,97.098,97.0344,97.098,1116
15:56,97.0944,97.0944,97.0344,97.0344,3201
15:57,97.0676,97.0944,97.0676,97.0944,4889
15:58,97.1222,97.1222,97.0676,97.0676,5216
15:59,97.2045,97.2045,97.1222,97.1222,5083
