Time,Close,High,Low,Open,Volume
09:30,100.3675,100.3675,100.2563,100.2563,5648
09:31,100.3481,100.3675,100.3481,100.3675,4727
09:32,100.3357,100.3481,100.3357,100.3481,3328
09:33,100.4007,100.4007,100.3357,100.3357,2554
09:34,100.3245,100.4007,100.3245,100.4007,6286
09:35,100.2027,100.3245,100.2027,100.3245,3081
09:36,100.2512,100.2512,100.2027,100.2027,3059
09:37,100.246,100.2512,100.246,100.2512,2416
09:38,100.3389,100.3389,100.246,100.246,4327
09:39,100.1664,100.3389,100.1664,100.3389,626
09:40,100.1485,100.1664,100.1485,100.1664,951
09:41,100.2076,100.2076,100.1485,100.1485,2601
09:42,100.4466,100.4466,100.2076,100.2076,2545
09:43,100.5197,100.5197,100.4466,100.4466,795
09:44,100.5704,100.5704,100.5197,100.5197,964
09:45,100.448,100.5704,100.448,100.5704,8516
09:46,100.6027,100.6027,100.448,100.448,546
09:47,100.4846,100.6027,100.4846,100.6027,2457
09:48,100.5488,100.5488,100.4846,100.4846,719
09:49,100.411,100.5488,100.411,100.5488,883
09:50,100.4915,100.4915,100.411,100.411,1145
09:51,100.5507,100.5507,100.4915,100.4915,767
09:52,100.4408,100.5507,100.4408,100.5507,1468
09:53,100.5425,100.5425,100.4408,100.4408,830
09:54,100.4503,100.5425,100.4503,100.5425,761
09:55,100.3934,100.4503,100.3934,100.4503,1211
09:56,100.4368,100.4368,100.3934,100.3934,2078
09:57,100.4252,100.4368,100.4252,100.4368,828
09:58,100.4707,100.4707,100.4252,100.4252,623
09:59,100.3627,100.4707,100.3627,100.4707,768
10:00,100.3882,100.3882,100.3627,100.3627,534
10:01,100.1576,100.3882,100.1576,100.3882,1313
10:02,100.3267,100.3267,100.1576,100.1576,5306
10:03,100.1757,100.3267,100.1757,100.3267,693
10:04,100.0706,100.1757,100.0706,100.1757,2358
10:05,100.0064,100.0706,100.0064,100.0706,1543
10:06,99.9942,100.0064,99.9942,100.0064,5205
10:07,100.1587,100.1587,99.9942,99.9942,2789
10:08,100.0428,100.1587,100.0428,100.1587,518
10:09,100.0904,100.0904,100.0428,100.0428,865
10:10,99.9738,100.0904,99.9738,100.0904,903
10:11,100.019,100.019,99.9738,99.9738,1089
10:12,100.1878,100.1878,100.019,100.019,862
10:13,100.1991,100.1991,100.1878,100.1878,784
10:14,100.1478,100.1991,100.1478,100.1991,297
10:15,100.1913,100.1913,100.1478,100.1478,926
10:16,100.1216,100.1913,100.1216,100.1913,1014
10:17,100.0198,100.1216,100.0198,100.1216,795
10:18,99.8967,100.0198,99.8967,100.0198,659
10:19,100.0928,100.0928,99.8967,99.8967,1309
10:20,100.1521,100.1521,100.0928,100.0928,904
10:21,100.0019,100.1521,100.0019,100.1521,1206
10:22,99.8553,100.0019,99.8553,100.0019,966
10:23,99.6795,99.8553,99.6795,99.8553,1076
10:24,99.8479,99.8479,99.6795,99.6795,9323
10:25,99.9066,99.9066,99.8479,99.8479,403
10:26,99.9332,99.9332,99.9066,99.9066,788
10:27,100.0355,100.0355,99.9332,99.9332,630
10:28,99.9301,100.0355,99.9301,100.0355,856
10:29,99.8953,99.9301,99.8953,99.9301,734
10:30,99.9937,99.9937,99.8953,99.8953,1354
10:31,99.9741,99.9937,99.9741,99.9937,1129
10:32,99.9541,99.9741,99.9541,99.9741,1188
10:33,100.0917,100.0917,99.9541,99.9541,679
10:34,100.1606,100.1606,100.0917,100.0917,1201
10:35,99.942,100.1606,99.942,100.1606,902
10:36,100.0906,100.0906,99.942,99.942,528
10:37,99.9822,100.0906,99.9822,100.0906,933
10:38,99.9171,99.9822,99.9171,99.9822,827
10:39,99.9336,99.9336,99.9171,99.9171,782
10:40,99.8394,99.9336,99.8394,99.9336,765
10:41,99.8874,99.8874,99.8394,99.8394,972
10:42,99.9792,99.9792,99.8874,99.8874,800
10:43,99.8848,99.9792,99.8848,99.9792,1199
10:44,99.8335,99.8848,99.8335,99.8848,879
10:45,99.9045,99.9045,99.8335,99.8335,1311
10:46,99.7396,99.9045,99.7396,99.9045,584
10:47,99.7353,99.7396,99.7353,99.7396,899
10:48,99.6318,99.7353,99.6318,99.7353,1641
10:49,99.7498,99.7498,99.6318,99.6318,1064
10:50,99.7125,99.7498,99.7125,99.7498,800
10:51,99.776,99.776,99.7125,99.7125,1599
10:52,99.8562,99.8562,99.776,99.776,1158
10:53,99.8856,99.8856,99.8562,99.8562,624
10:54,99.9015,99.9015,99.8856,99.8856,1013
10:55,100.0585,100.0585,99.9015,99.9015,659
10:56,100.142,100.142,100.0585,100.0585,1003
10:57,100.1952,100.1952,100.142,100.142,777
10:58,100.1069,100.1952,100.1069,100.1952,10716
10:59,100.245,100.245,100.1069,100.1069,1526
11:00,100.2834,100.2834,100.245,100.245,1248
11:01,100.1393,100.2834,100.1393,100.2834,3063
11:02,100.2851,100.2851,100.1393,100.1393,707
11:03,100.2785,100.2851,100.2785,100.2851,1211
11:04,100.3224,100.3224,100.2785,100.2785,536
11:05,100.2485,100.3224,100.2485,100.3224,894
11:06,100.3819,100.3819,100.2485,100.2485,572
11:07,100.3478,100.3819,100.3478,100.3819,2359
11:08,100.4668,100.4668,100.3478,100.3478,1383
11:09,100.614,100.614,100.4668,100.4668,920
11:10,100.579,100.614,100.579,100.614,4924
11:11,100.7679,100.7679,100.579,100.579,3534
11:12,100.7992,100.7992,100.7679,100.7679,8957
11:13,100.9399,100.9399,100.7992,100.7992,5880
11:14,100.8146,100.9399,100.8146,100.9399,5725
11:15,100.8216,100.8216,100.8146,100.8146,1045
11:16,100.8178,100.8216,100.8178,100.8216,1111
11:17,100.8644,100.8644,100.8178,100.8178,1208
11:18,100.7533,100.8644,100.7533,100.8644,1586
11:19,100.6783,100.7533,100.6783,100.7533,451
11:20,100.6369,100.6783,100.6369,100.6783,1069
11:21,100.7083,100.7083,100.6369,100.6369,914
11:22,100.7682,100.7682,100.7083,100.7083,941
11:23,100.8352,100.8352,100.7682,100.7682,1072
11:24,100.8217,100.8352,100.8217,100.8352,607
11:25,100.9033,100.9033,100.8217,100.8217,1054
11:26,101.052,101.052,100.9033,100.9033,1689
11:27,101.1958,101.1958,101.052,101.052,667
11:28,101.1252,101.1958,101.1252,101.1958,7218
11:29,101.057,101.1252,101.057,101.1252,2358
11:30,101.1452,101.1452,101.057,101.057,990
11:31,101.1861,101.1861,101.1452,101.1452,1234
11:32,101.2028,101.2028,101.1861,101.1861,606
11:33,101.218,101.218,101.2028,101.2028,630
11:34,101.0799,101.218,101.0799,101.218,1715
11:35,101.218,101.218,101.0799,101.0799,701
11:36,101.1891,101.218,101.1891,101.218,928
11:37,101.1006,101.1891,101.1006,101.1891,620
11:38,101.3287,101.3287,101.1006,101.1006,1378
11:39,101.6006,101.6006,101.3287,101.3287,987
11:40,101.7078,101.7078,101.6006,101.6006,4576
11:41,101.7498,101.7498,101.7078,101.7078,5464
11:42,101.784,101.784,101.7498,101.7498,10246
11:43,101.8495,101.8495,101.784,101.784,10067
11:44,101.88,101.88,101.8495,101.8495,6441
11:45,101.7558,101.88,101.7558,101.88,4908
11:46,101.79,101.79,101.7558,101.7558,1216
11:47,101.9017,101.9017,101.79,101.79,1047
11:48,101.8579,101.9017,101.8579,101.9017,1654
11:49,101.7966,101.8579,101.7966,101.8579,1009
11:50,101.7681,101.7966,101.7681,101.7966,688
11:51,101.8458,101.8458,101.7681,101.7681,945
11:52,101.8679,101.8679,101.8458,101.8458,575
11:53,101.7318,101.8679,101.7318,101.8679,1100
11:54,101.6364,101.7318,101.6364,101.7318,1083
11:55,101.6282,101.6364,101.6282,101.6364,757
11:56,101.542,101.6282,101.542,101.6282,1563
11:57,101.5469,101.5469,101.542,101.542,771
11:58,101.5401,101.5469,101.5401,101.5469,1314
11:59,101.7632,101.7632,101.5401,101.5401,1133
12:00,101.7073,101.7632,101.7073,101.7632,686
12:01,101.6966,101.7073,101.6966,101.7073,608
12:02,101.6443,101.6966,101.6443,101.6966,644
12:03,101.5087,101.6443,101.5087,101.6443,371
12:04,101.5504,101.5504,101.5087,101.5087,627
12:05,101.5391,101.5504,101.5391,101.5504,487
12:06,101.5756,101.5756,101.5391,101.5391,762
12:07,101.7738,101.7738,101.5756,101.5756,1321
12:08,101.6476,101.7738,101.6476,101.7738,914
12:09,101.7877,101.7877,101.6476,101.6476,836
12:10,101.7298,101.7877,101.7298,101.7877,723
12:11,101.8651,101.8651,101.7298,101.7298,656
12:12,101.8728,101.8728,101.8651,101.8651,750
12:13,102.0425,102.0425,101.8728,101.8728,863
12:14,101.8937,102.0425,101.8937,102.0425,7546
12:15,101.8095,101.8937,101.8095,101.8937,1612
12:16,101.8815,101.8815,101.8095,101.8095,610
12:17,101.7691,101.8815,101.7691,101.8815,1886
12:18,101.5636,101.7691,101.5636,101.7691,457
12:19,101.6404,101.6404,101.5636,101.5636,1125
12:20,101.698,101.698,101.6404,101.6404,822
12:21,101.7606,101.7606,101.698,101.698,667
12:22,101.653,101.7606,101.653,101.7606,956
12:23,101.7151,101.7151,101.653,101.653,865
12:24,101.8785,101.8785,101.7151,101.7151,610
12:25,101.8548,101.8785,101.8548,101.8785,1198
12:26,101.9637,101.9637,101.8548,101.8548,1352
12:27,101.9459,101.9637,101.9459,101.9637,673
12:28,101.967,101.967,101.9459,101.9459,870
12:29,102.0944,102.0944,101.967,101.967,2125
12:30,102.166,102.166,102.0944,102.0944,771
12:31,102.2419,102.2419,102.166,102.166,1604
12:32,102.1286,102.2419,102.1286,102.2419,6956
12:33,102.0793,102.1286,102.0793,102.1286,1145
12:34,102.0872,102.0872,102.0793,102.0793,562
12:35,102.1879,102.1879,102.0872,102.0872,407
12:36,102.051,102.1879,102.051,102.1879,1785
12:37,101.9952,102.051,101.9952,102.051,414
12:38,102.0809,102.0809,101.9952,101.9952,931
12:39,101.9925,102.0809,101.9925,102.0809,237
12:40,102.0303,102.0303,101.9925,101.9925,1851
12:41,102.1578,102.1578,102.0303,102.0303,900
12:42,102.0854,102.1578,102.0854,102.1578,1427
12:43,102.0824,102.0854,102.0824,102.0854,540
12:44,102.172,102.172,102.0824,102.0824,575
12:45,102.2508,102.2508,102.172,102.172,1153
12:46,102.1916,102.2508,102.1916,102.2508,1441
12:47,102.1898,102.1916,102.1898,102.1916,904
12:48,102.1321,102.1898,102.1321,102.1898,1123
12:49,101.9688,102.1321,101.9688,102.1321,590
12:50,101.8392,101.9688,101.8392,101.9688,1259
12:51,101.726,101.8392,101.726,101.8392,892
12:52,101.6,101.726,101.6,101.726,8104
12:53,101.7191,101.7191,101.6,101.6,3527
12:54,101.8045,101.8045,101.7191,101.7191,978
12:55,101.7846,101.8045,101.7846,101.8045,851
12:56,101.5976,101.7846,101.5976,101.7846,709
12:57,101.6322,101.6322,101.5976,101.5976,5318
12:58,101.5427,101.6322,101.5427,101.6322,719
12:59,101.6325,101.6325,101.5427,101.5427,565
13:00,101.6517,101.6517,101.6325,101.6325,1065
13:01,101.7359,101.7359,101.6517,101.6517,785
13:02,101.7149,101.7359,101.7149,101.7359,668
13:03,101.7732,101.7732,101.7149,101.7149,968
13:04,101.8634,101.8634,101.7732,101.7732,788
13:05,101.8126,101.8634,101.8126,101.8634,868
13:06,101.7795,101.8126,101.7795,101.8126,1085
13:07,101.9281,101.9281,101.7795,101.7795,897
13:08,101.8506,101.9281,101.8506,101.9281,1537
13:09,101.7416,101.8506,101.7416,101.8506,811
13:10,101.7826,101.7826,101.7416,101.7416,942
13:11,101.7909,101.7909,101.7826,101.7826,1002
13:12,101.8435,101.8435,101.7909,101.7909,2187
13:13,101.9651,101.9651,101.8435,101.8435,832
13:14,101.7944,101.9651,101.7944,101.9651,2077
13:15,101.94,101.94,101.7944,101.7944,482
13:16,101.9217,101.94,101.9217,101.94,793
13:17,102.058,102.058,101.9217,101.9217,484
13:18,102.1451,102.1451,102.058,102.058,1497
13:19,102.1713,102.1713,102.1451,102.1451,1144
13:20,102.1564,102.1713,102.1564,102.1713,1293
13:21,102.1853,102.1853,102.1564,102.1564,928
13:22,102.1483,102.1853,102.1483,102.1853,659
13:23,101.9803,102.1483,101.9803,102.1483,931
13:24,101.9944,101.9944,101.9803,101.9803,661
13:25,102.0444,102.0444,101.9944,101.9944,616
13:26,102.1184,102.1184,102.0444,102.0444,728
13:27,102.0232,102.1184,102.0232,102.1184,1295
13:28,101.9656,102.0232,101.9656,102.0232,509
13:29,101.9709,101.9709,101.9656,101.9656,1015
13:30,101.9121,101.9709,101.9121,101.9709,1002
13:31,102.0004,102.0004,101.9121,101.9121,712
13:32,102.0654,102.0654,102.0004,102.0004,839
13:33,101.9568,102.0654,101.9568,102.0654,795
13:34,101.8547,101.9568,101.8547,101.9568,599
13:35,101.7557,101.8547,101.7557,101.8547,816
13:36,101.6493,101.7557,101.6493,101.7557,998
13:37,101.4921,101.6493,101.4921,101.6493,434
13:38,101.5704,101.5704,101.4921,101.4921,7010
13:39,101.5668,101.5704,101.5668,101.5704,2567
13:40,101.6335,101.6335,101.5668,101.5668,719
13:41,101.7923,101.7923,101.6335,101.6335,647
13:42,101.8618,101.8618,101.7923,101.7923,838
13:43,101.7691,101.8618,101.7691,101.8618,731
13:44,101.7377,101.7691,101.7377,101.7691,1197
13:45,101.7756,101.7756,101.7377,101.7377,1099
13:46,101.8423,101.8423,101.7756,101.7756,934
13:47,101.8778,101.8778,101.8423,101.8423,1442
13:48,101.8967,101.8967,101.8778,101.8778,502
13:49,101.8554,101.8967,101.8554,101.8967,1090
13:50,101.9241,101.9241,101.8554,101.8554,984
13:51,102.0092,102.0092,101.9241,101.9241,860
13:52,102.1175,102.1175,102.0092,102.0092,2978
13:53,102.0337,102.1175,102.0337,102.1175,1172
13:54,102.0729,102.0729,102.0337,102.0337,780
13:55,102.0984,102.0984,102.0729,102.0729,2426
13:56,102.0558,102.0984,102.0558,102.0984,722
13:57,102.0939,102.0939,102.0558,102.0558,1210
13:58,102.1561,102.1561,102.0939,102.0939,1892
13:59,102.0431,102.1561,102.0431,102.1561,1896
14:00,102.002,102.0431,102.002,102.0431,584
14:01,101.9992,102.002,101.9992,102.002,702
14:02,101.9752,101.9992,101.9752,101.9992,735
14:03,101.8486,101.9752,101.8486,101.9752,1192
14:04,101.632,101.8486,101.632,101.8486,923
14:05,101.6396,101.6396,101.632,101.632,6167
14:06,101.6962,101.6962,101.6396,101.6396,4266
14:07,101.6868,101.6962,101.6868,101.6962,1138
14:08,101.5464,101.6868,101.5464,101.6868,354
14:09,101.6505,101.6505,101.5464,101.5464,3342
14:10,101.7698,101.7698,101.6505,101.6505,1085
14:11,101.7887,101.7887,101.7698,101.7698,372
14:12,101.92,101.92,101.7887,101.7887,726
14:13,101.8294,101.92,101.8294,101.92,1014
14:14,101.8063,101.8294,101.8063,101.8294,489
14:15,101.5556,101.8063,101.5556,101.8063,776
14:16,101.5876,101.5876,101.5556,101.5556,1294
14:17,101.6161,101.6161,101.5876,101.5876,1131
14:18,101.4762,101.6161,101.4762,101.6161,378
14:19,101.5602,101.5602,101.4762,101.4762,2034
14:20,101.6238,101.6238,101.5602,101.5602,1721
14:21,101.6636,101.6636,101.6238,101.6238,554
14:22,101.6648,101.6648,101.6636,101.6636,744
14:23,101.768,101.768,101.6648,101.6648,633
14:24,101.9473,101.9473,101.768,101.768,478
14:25,102.0273,102.0273,101.9473,101.9473,792
14:26,102.1574,102.1574,102.0273,102.0273,1582
14:27,102.0045,102.1574,102.0045,102.1574,4645
14:28,101.8655,102.0045,101.8655,102.0045,1948
14:29,101.8722,101.8722,101.8655,101.8655,735
14:30,101.9046,101.9046,101.8722,101.8722,672
14:31,101.8179,101.9046,101.8179,101.9046,1071
14:32,101.9437,101.9437,101.8179,101.8179,1814
14:33,102.0768,102.0768,101.9437,101.9437,1066
14:34,102.2233,102.2233,102.0768,102.0768,1425
14:35,102.2352,102.2352,102.2233,102.2233,11284
14:36,102.3065,102.3065,102.2352,102.2352,589
14:37,102.2207,102.3065,102.2207,102.3065,4641
14:38,102.2184,102.2207,102.2184,102.2207,728
14:39,102.0231,102.2184,102.0231,102.2184,727
14:40,102.0042,102.0231,102.0042,102.0231,403
14:41,101.9524,102.0042,101.9524,102.0042,715
14:42,101.9332,101.9524,101.9332,101.9524,640
14:43,102.0375,102.0375,101.9332,101.9332,454
14:44,101.9728,102.0375,101.9728,102.0375,748
14:45,101.8295,101.9728,101.8295,101.9728,757
14:46,101.8606,101.8606,101.8295,101.8295,922
14:47,101.8318,101.8606,101.8318,101.8606,1190
14:48,101.8268,101.8318,101.8268,101.8318,1187
14:49,101.7882,101.8268,101.7882,101.8268,492
14:50,101.6019,101.7882,101.6019,101.7882,838
14:51,101.4845,101.6019,101.4845,101.6019,1539
14:52,101.3663,101.4845,101.3663,101.4845,5256
14:53,101.597,101.597,101.3663,101.3663,6411
14:54,101.6749,101.6749,101.597,101.597,657
14:55,101.5428,101.6749,101.5428,101.6749,568
14:56,101.4888,101.5428,101.4888,101.5428,331
14:57,101.4206,101.4888,101.4206,101.4888,1182
14:58,101.4545,101.4545,101.4206,101.4206,1236
14:59,101.5626,101.5626,101.4545,101.4545,1027
15:00,101.4821,101.5626,101.4821,101.5626,743
15:01,101.5227,101.5227,101.4821,101.4821,813
15:02,101.7313,101.7313,101.5227,101.5227,816
15:03,101.8775,101.8775,101.7313,101.7313,950
15:04,101.8793,101.8793,101.8775,101.8775,4218
15:05,101.9999,101.9999,101.8793,101.8793,1658
15:06,101.8643,101.9999,101.8643,101.9999,8564
15:07,102.0247,102.0247,101.8643,101.8643,661
15:08,102.1337,102.1337,102.0247,102.0247,1331
15:09,101.8035,102.1337,101.8035,102.1337,12463
15:10,101.8091,101.8091,101.8035,101.8035,639
15:11,101.8867,101.8867,101.8091,101.8091,605
15:12,101.7958,101.8867,101.7958,101.8867,442
15:13,101.8796,101.8796,101.7958,101.7958,643
15:14,101.8175,101.8796,101.8175,101.8796,1008
15:15,101.8671,101.8671,101.8175,101.8175,692
15:16,102.114,102.114,101.8671,101.8671,819
15:17,102.2099,102.2099,102.114,102.114,754
15:18,102.1264,102.2099,102.1264,102.2099,5518
15:19,102.1523,102.1523,102.1264,102.1264,991
15:20,102.3595,102.3595,102.1523,102.1523,864
15:21,102.3145,102.3595,102.3145,102.3595,13205
15:22,102.2822,102.3145,102.2822,102.3145,1002
15:23,102.1951,102.2822,102.1951,102.2822,1173
15:24,102.1781,102.1951,102.1781,102.1951,1575
15:25,102.0746,102.1781,102.0746,102.1781,733
15:26,102.0228,102.0746,102.0228,102.0746,491
15:27,102.1363,102.1363,102.0228,102.0228,643
15:28,102.1622,102.1622,102.1363,102.1363,640
15:29,102.0133,102.1622,102.0133,102.1622,1019
15:30,102.0555,102.0555,102.0133,102.0133,1180
15:31,102.0032,102.0555,102.0032,102.0555,859
15:32,101.8741,102.0032,101.8741,102.0032,495
15:33,101.8846,101.8846,101.8741,101.8741,1050
15:34,101.9007,101.9007,101.8846,101.8846,926
15:35,101.9422,101.9422,101.9007,101.9007,867
15:36,101.9015,101.9422,101.9015,101.9422,510
15:37,101.836,101.9015,101.836,101.9015,993
15:38,101.8655,101.8655,101.836,101.836,1121
15:39,101.8535,101.8655,101.8535,101.8655,371
15:40,101.7555,101.8535,101.7555,101.8535,957
15:41,101.7514,101.7555,101.7514,101.7555,2031
15:42,101.5723,101.7514,101.5723,101.7514,1027
15:43,101.6009,101.6009,101.5723,101.5723,3400
15:44,101.6746,101.6746,101.6009,101.6009,1641
15:45,101.5612,101.6746,101.5612,101.6746,1206
15:46,101.7326,101.7326,101.5612,101.5612,2426
15:47,101.7806,101.7806,101.7326,101.7326,1429
15:48,101.7642,101.7806,101.7642,101.7806,1692
15:49,101.6142,101.7642,101.6142,101.7642,1177
15:50,101.5709,101.6142,101.5709,101.6142,1881
15:51,101.7028,101.7028,101.5709,101.5709,2861
15:52,101.8222,101.8222,101.7028,101.7028,1168
15:53,101.6803,101.8222,101.6803,101.8222,2909
15:54,101.6986,101.6986,101.6803,101.6803,4006
15:55,101.9237,101.9237,101.6986,101.6986,2513
15:56,102.0436,102.0436,101.9237,101.9237,2350
15:57,101.8375,102.0436,101.8375,102.0436,27301
15:58,101.943,101.943,101.8375,101.8375,6034
15:59,101.9268,101.943,101.9268,101.943,5332
