Time,Close,High,Low,Open,Volume
09:30,100.305,100.4489,100.305,100.4489,155852
09:31,100.1374,100.305,100.1374,100.305,12808
09:32,100.0056,100.1374,100.0056,100.1374,1676
09:33,99.9179,100.0056,99.9179,100.0056,2690
09:34,99.9153,99.9179,99.9153,99.9179,4783
09:35,99.9073,99.9153,99.9073,99.9153,9668
09:36,100.0348,100.0348,99.9073,99.9073,3412
09:37,99.8987,100.0348,99.8987,100.0348,2023
09:38,99.9592,99.9592,99.8987,99.8987,1605
09:39,100.118,100.118,99.9592,99.9592,2029
09:40,100.0699,100.118,100.0699,100.118,1715
09:41,99.8822,100.0699,99.8822,100.0699,790
09:42,99.9344,99.9344,99.8822,99.8822,1383
09:43,100.1201,100.1201,99.9344,99.9344,1229
09:44,100.096,100.1201,100.096,100.1201,1856
09:45,100.03,100.096,100.03,100.096,1920
09:46,100.0728,100.0728,100.03,100.03,963
09:47,99.9814,100.0728,99.9814,100.0728,1040
09:48,100.0407,100.0407,99.9814,99.9814,1159
09:49,100.0431,100.0431,100.0407,100.0407,522
09:50,100.0768,100.0768,100.0431,100.0431,1269
09:51,100.104,100.104,100.0768,100.0768,960
09:52,100.1639,100.1639,100.104,100.104,1018
09:53,100.0064,100.1639,100.0064,100.1639,1179
09:54,100.1086,100.1086,100.0064,100.0064,668
09:55,100.2597,100.2597,100.1086,100.1086,558
09:56,100.1363,100.2597,100.1363,100.2597,818
09:57,100.1454,100.1454,100.1363,100.1363,822
09:58,100.2294,100.2294,100.1454,100.1454,610
09:59,100.3034,100.3034,100.2294,100.2294,508
10:00,100.3702,100.3702,100.3034,100.3034,756
10:01,100.1514,100.3702,100.1514,100.3702,1413
10:02,100.1478,100.1514,100.1478,100.1514,705
10:03,100.1175,100.1478,100.1175,100.1478,817
10:04,100.2676,100.2676,100.1175,100.1175,1175
10:05,100.3354,100.3354,100.2676,100.2676,575
10:06,100.3054,100.3354,100.3054,100.3354,945
10:07,100.5223,100.5223,100.3054,100.3054,556
10:08,100.5573,100.5573,100.5223,100.5223,10549
10:09,100.3859,100.5573,100.3859,100.5573,5852
10:10,100.413,100.413,100.3859,100.3859,658
10:11,100.4214,100.4214,100.413,100.413,527
10:12,100.3704,100.4214,100.3704,100.4214,608
10:13,100.5285,100.5285,100.3704,100.3704,561
10:14,100.4676,100.5285,100.4676,100.5285,998
10:15,100.3223,100.4676,100.3223,100.4676,960
10:16,100.2223,100.3223,100.2223,100.3223,821
10:17,100.051,100.2223,100.051,100.2223,1272
10:18,99.9609,100.051,99.9609,100.051,5304
10:19,99.8936,99.9609,99.8936,99.9609,9955
10:20,99.9514,99.9514,99.8936,99.8936,8506
10:21,100.0018,100.0018,99.9514,99.9514,1582
10:22,100.1112,100.1112,100.0018,100.0018,1092
10:23,100.1646,100.1646,100.1112,100.1112,812
10:24,100.0753,100.1646,100.0753,100.1646,587
10:25,100.0857,100.0857,100.0753,100.0753,801
10:26,99.9491,100.0857,99.9491,100.0857,619
10:27,99.9532,99.9532,99.9491,99.9491,1722
10:28,100.0749,100.0749,99.9532,99.9532,833
10:29,100.0305,100.0749,100.0305,100.0749,746
10:30,99.9841,100.0305,99.9841,100.0305,1262
10:31,99.9407,99.9841,99.9407,99.9841,949
10:32,99.9122,99.9407,99.9122,99.9407,770
10:33,99.9513,99.9513,99.9122,99.9122,854
10:34,99.8324,99.9513,99.8324,99.9513,1088
10:35,99.9397,99.9397,99.8324,99.8324,1118
10:36,99.8381,99.9397,99.8381,99.9397,424
10:37,99.8358,99.8381,99.8358,99.8381,698
10:38,100.0223,100.0223,99.8358,99.8358,609
10:39,100.0124,100.0223,100.0124,100.0223,877
10:40,100.016,100.016,100.0124,100.0124,359
10:41,100.0349,100.0349,100.016,100.016,1055
10:42,100.2704,100.2704,100.0349,100.0349,418
10:43,100.2333,100.2704,100.2333,100.2704,12733
10:44,100.0153,100.2333,100.0153,100.2333,1184
10:45,100.022,100.022,100.0153,100.0153,435
10:46,99.9377,100.022,99.9377,100.022,957
10:47,100.0321,100.0321,99.9377,99.9377,987
10:48,100.0099,100.0321,100.0099,100.0321,1077
10:49,100.061,100.061,100.0099,100.0099,820
10:50,100.1193,100.1193,100.061,100.061,727
10:51,100.0558,100.1193,100.0558,100.1193,1107
10:52,100.1973,100.1973,100.0558,100.0558,590
10:53,100.0951,100.1973,100.0951,100.1973,1398
10:54,100.1266,100.1266,100.0951,100.0951,545
10:55,100.1963,100.1963,100.1266,100.1266,908
10:56,100.1593,100.1963,100.1593,100.1963,964
10:57,100.3107,100.3107,100.1593,100.1593,1240
10:58,100.3358,100.3358,100.3107,100.3107,994
10:59,100.4963,100.4963,100.3358,100.3358,899
11:00,100.4698,100.4963,100.4698,100.4963,5973
11:01,100.472,100.472,100.4698,100.4698,965
11:02,100.4668,100.472,100.4668,100.472,1037
11:03,100.3351,100.4668,100.3351,100.4668,1204
11:04,100.1267,100.3351,100.1267,100.3351,645
11:05,100.3452,100.3452,100.1267,100.1267,1328
11:06,100.3723,100.3723,100.3452,100.3452,650
11:07,100.2194,100.3723,100.2194,100.3723,983
11:08,100.2383,100.2383,100.2194,100.2194,1496
11:09,100.2751,100.2751,100.2383,100.2383,707
11:10,100.3698,100.3698,100.2751,100.2751,524
11:11,100.3381,100.3698,100.3381,100.3698,796
11:12,100.3861,100.3861,100.3381,100.3381,1325
11:13,100.3003,100.3861,100.3003,100.3861,1032
11:14,100.2922,100.3003,100.2922,100.3003,408
11:15,100.2325,100.2922,100.2325,100.2922,571
11:16,100.3258,100.3258,100.2325,100.2325,1232
11:17,100.3934,100.3934,100.3258,100.3258,1690
11:18,100.341,100.3934,100.341,100.3934,973
11:19,100.4139,100.4139,100.341,100.341,1211
11:20,100.3357,100.4139,100.3357,100.4139,1036
11:21,100.4258,100.4258,100.3357,100.3357,479
11:22,100.4699,100.4699,100.4258,100.4258,601
11:23,100.281,100.4699,100.281,100.4699,622
11:24,100.1449,100.281,100.1449,100.281,1008
11:25,100.082,100.1449,100.082,100.1449,927
11:26,100.0932,100.0932,100.082,100.082,1135
11:27,100.0806,100.0932,100.0806,100.0932,854
11:28,100.02,100.0806,100.02,100.0806,461
11:29,99.9917,100.02,99.9917,100.02,661
11:30,99.8703,99.9917,99.8703,99.9917,1185
11:31,99.9078,99.9078,99.8703,99.8703,4909
11:32,99.6241,99.9078,99.6241,99.9078,847
11:33,99.7288,99.7288,99.6241,99.6241,6917
11:34,99.7192,99.7288,99.7192,99.7288,1380
11:35,99.7657,99.7657,99.7192,99.7192,951
11:36,99.7147,99.7657,99.7147,99.7657,927
11:37,99.7651,99.7651,99.7147,99.7147,1260
11:38,99.7222,99.7651,99.7222,99.7651,1024
11:39,99.6923,99.7222,99.6923,99.7222,786
11:40,99.5881,99.6923,99.5881,99.6923,706
11:41,99.6593,99.6593,99.5881,99.5881,2582
11:42,99.7481,99.7481,99.6593,99.6593,882
11:43,99.6987,99.7481,99.6987,99.7481,320
11:44,99.7944,99.7944,99.6987,99.6987,466
11:45,99.6986,99.7944,99.6986,99.7944,1391
11:46,99.6791,99.6986,99.6791,99.6986,1211
11:47,99.7564,99.7564,99.6791,99.6791,1252
11:48,99.7134,99.7564,99.7134,99.7564,782
11:49,99.791,99.791,99.7134,99.7134,1727
11:50,99.8004,99.8004,99.791,99.791,704
11:51,99.7033,99.8004,99.7033,99.8004,687
11:52,99.7301,99.7301,99.7033,99.7033,798
11:53,99.9006,99.9006,99.7301,99.7301,680
11:54,99.7652,99.9006,99.7652,99.9006,472
11:55,99.6763,99.7652,99.6763,99.7652,804
11:56,99.8323,99.8323,99.6763,99.6763,701
11:57,99.8192,99.8323,99.8192,99.8323,899
11:58,99.9604,99.9604,99.8192,99.8192,474
11:59,100.0968,100.0968,99.9604,99.9604,1392
12:00,100.0573,100.0968,100.0573,100.0968,3549
12:01,100.0196,100.0573,100.0196,100.0573,1423
12:02,99.9922,100.0196,99.9922,100.0196,1056
12:03,99.8051,99.9922,99.8051,99.9922,725
12:04,100.0208,100.0208,99.8051,99.8051,2404
12:05,100.1221,100.1221,100.0208,100.0208,1354
12:06,100.0993,100.1221,100.0993,100.1221,1035
12:07,100.1604,100.1604,100.0993,100.0993,868
12:08,100.1608,100.1608,100.1604,100.1604,462
12:09,100.1134,100.1608,100.1134,100.1608,643
12:10,100.1447,100.1447,100.1134,100.1134,992
12:11,100.0476,100.1447,100.0476,100.1447,789
12:12,100.1441,100.1441,100.0476,100.0476,494
12:13,100.3154,100.3154,100.1441,100.1441,547
12:14,100.2717,100.3154,100.2717,100.3154,889
12:15,100.2391,100.2717,100.2391,100.2717,1081
12:16,100.2061,100.2391,100.2061,100.2391,805
12:17,100.1352,100.2061,100.1352,100.2061,774
12:18,100.1307,100.1352,100.1307,100.1352,913
12:19,100.2079,100.2079,100.1307,100.1307,853
12:20,100.3416,100.3416,100.2079,100.2079,519
12:21,100.214,100.3416,100.214,100.3416,637
12:22,100.2131,100.214,100.2131,100.214,737
12:23,100.1588,100.2131,100.1588,100.2131,1060
12:24,100.1203,100.1588,100.1203,100.1588,398
12:25,100.1946,100.1946,100.1203,100.1203,1290
12:26,100.1449,100.1946,100.1449,100.1946,684
12:27,100.0375,100.1449,100.0375,100.1449,642
12:28,100.109,100.109,100.0375,100.0375,572
12:29,99.9654,100.109,99.9654,100.109,542
12:30,100.0227,100.0227,99.9654,99.9654,3599
12:31,100.0165,100.0227,100.0165,100.0227,818
12:32,99.7352,100.0165,99.7352,100.0165,809
12:33,99.8661,99.8661,99.7352,99.7352,2633
12:34,99.9567,99.9567,99.8661,99.8661,1090
12:35,99.9859,99.9859,99.9567,99.9567,799
12:36,100.0143,100.0143,99.9859,99.9859,403
12:37,100.1974,100.1974,100.0143,100.0143,1114
12:38,100.2018,100.2018,100.1974,100.1974,715
12:39,100.328,100.328,100.2018,100.2018,1558
12:40,100.3171,100.328,100.3171,100.328,1899
12:41,100.2709,100.3171,100.2709,100.3171,1884
12:42,100.3712,100.3712,100.2709,100.2709,555
12:43,100.2613,100.3712,100.2613,100.3712,1155
12:44,100.0606,100.2613,100.0606,100.2613,1785
12:45,99.9778,100.0606,99.9778,100.0606,730
12:46,100.0731,100.0731,99.9778,99.9778,1352
12:47,99.9994,100.0731,99.9994,100.0731,1079
12:48,100.1319,100.1319,99.9994,99.9994,681
12:49,100.0759,100.1319,100.0759,100.1319,784
12:50,100.1805,100.1805,100.0759,100.0759,1187
12:51,100.1707,100.1805,100.1707,100.1805,1136
12:52,100.2246,100.2246,100.1707,100.1707,1732
12:53,100.3851,100.3851,100.2246,100.2246,667
12:54,100.5049,100.5049,100.3851,100.3851,1235
12:55,100.5759,100.5759,100.5049,100.5049,8485
12:56,100.4118,100.5759,100.4118,100.5759,9220
12:57,100.2626,100.4118,100.2626,100.4118,579
12:58,100.1659,100.2626,100.1659,100.2626,863
12:59,100.1911,100.1911,100.1659,100.1659,1223
13:00,100.0834,100.1911,100.0834,100.1911,882
13:01,100.1973,100.1973,100.0834,100.0834,646
13:02,100.0959,100.1973,100.0959,100.1973,952
13:03,100.0452,100.0959,100.0452,100.0959,2046
13:04,100.1162,100.1162,100.0452,100.0452,609
13:05,99.972,100.1162,99.972,100.1162,771
13:06,99.9408,99.972,99.9408,99.972,735
13:07,99.8725,99.9408,99.8725,99.9408,1191
13:08,99.9549,99.9549,99.8725,99.8725,845
13:09,100.0811,100.0811,99.9549,99.9549,947
13:10,100.1297,100.1297,100.0811,100.0811,642
13:11,100.0667,100.1297,100.0667,100.1297,531
13:12,100.0218,100.0667,100.0218,100.0667,817
13:13,100.056,100.056,100.0218,100.0218,871
13:14,100.1707,100.1707,100.056,100.056,661
13:15,100.3269,100.3269,100.1707,100.1707,916
13:16,100.4257,100.4257,100.3269,100.3269,1220
13:17,100.5636,100.5636,100.4257,100.4257,785
13:18,100.4919,100.5636,100.4919,100.5636,6980
13:19,100.5163,100.5163,100.4919,100.4919,1239
13:20,100.5084,100.5163,100.5084,100.5163,799
13:21,100.4906,100.5084,100.4906,100.5084,1211
13:22,100.4873,100.4906,100.4873,100.4906,682
13:23,100.7622,100.7622,100.4873,100.4873,1090
13:24,100.6786,100.7622,100.6786,100.7622,8409
13:25,100.8385,100.8385,100.6786,100.6786,1198
13:26,100.8533,100.8533,100.8385,100.8385,4326
13:27,100.7392,100.8533,100.7392,100.8533,3689
13:28,100.7574,100.7574,100.7392,100.7392,997
13:29,100.7758,100.7758,100.7574,100.7574,427
13:30,100.8484,100.8484,100.7758,100.7758,1527
13:31,100.9749,100.9749,100.8484,100.8484,849
13:32,100.9927,100.9927,100.9749,100.9749,2579
13:33,100.8937,100.9927,100.8937,100.9927,1386
13:34,100.9447,100.9447,100.8937,100.8937,2144
13:35,100.7384,100.9447,100.7384,100.9447,1825
13:36,100.6713,100.7384,100.6713,100.7384,602
13:37,100.7151,100.7151,100.6713,100.6713,528
13:38,100.7519,100.7519,100.7151,100.7151,770
13:39,100.8796,100.8796,100.7519,100.7519,574
13:40,100.9087,100.9087,100.8796,100.8796,781
13:41,100.7684,100.9087,100.7684,100.9087,1102
13:42,100.8405,100.8405,100.7684,100.7684,998
13:43,100.793,100.8405,100.793,100.8405,632
13:44,100.8376,100.8376,100.793,100.793,603
13:45,100.7631,100.8376,100.7631,100.8376,1460
13:46,100.7642,100.7642,100.7631,100.7631,1035
13:47,100.7722,100.7722,100.7642,100.7642,726
13:48,100.7232,100.7722,100.7232,100.7722,948
13:49,100.5787,100.7232,100.5787,100.7232,957
13:50,100.5731,100.5787,100.5731,100.5787,1447
13:51,100.633,100.633,100.5731,100.5731,1346
13:52,100.6775,100.6775,100.633,100.633,1486
13:53,100.8338,100.8338,100.6775,100.6775,1146
13:54,100.7757,100.8338,100.7757,100.8338,528
13:55,100.8339,100.8339,100.7757,100.7757,1313
13:56,100.8578,100.8578,100.8339,100.8339,606
13:57,100.7931,100.8578,100.7931,100.8578,832
13:58,100.8793,100.8793,100.7931,100.7931,796
13:59,100.9584,100.9584,100.8793,100.8793,960
14:00,100.749,100.9584,100.749,100.9584,1080
14:01,100.8161,100.8161,100.749,100.749,781
14:02,100.6773,100.8161,100.6773,100.8161,598
14:03,100.6865,100.6865,100.6773,100.6773,620
14:04,100.6421,100.6865,100.6421,100.6865,948
14:05,100.6748,100.6748,100.6421,100.6421,1129
14:06,100.7316,100.7316,100.6748,100.6748,919
14:07,100.6447,100.7316,100.6447,100.7316,356
14:08,100.8673,100.8673,100.6447,100.6447,1450
14:09,100.8039,100.8673,100.8039,100.8673,1808
14:10,100.757,100.8039,100.757,100.8039,1556
14:11,100.9369,100.9369,100.757,100.757,550
14:12,100.9732,100.9732,100.9369,100.9369,2023
14:13,101.1058,101.1058,100.9732,100.9732,798
14:14,100.9814,101.1058,100.9814,101.1058,3398
14:15,101.0032,101.0032,100.9814,100.9814,1222
14:16,100.9807,101.0032,100.9807,101.0032,1641
14:17,101.0002,101.0002,100.9807,100.9807,471
14:18,101.166,101.166,101.0002,101.0002,327
14:19,101.2643,101.2643,101.166,101.166,868
14:20,101.1304,101.2643,101.1304,101.2643,8083
14:21,101.2305,101.2305,101.1304,101.1304,629
14:22,101.3038,101.3038,101.2305,101.2305,1208
14:23,101.3897,101.3897,101.3038,101.3038,1266
14:24,101.4375,101.4375,101.3897,101.3897,1304
14:25,101.3015,101.4375,101.3015,101.4375,5567
14:26,101.4781,101.4781,101.3015,101.3015,787
14:27,101.4386,101.4781,101.4386,101.4781,912
14:28,101.4256,101.4386,101.4256,101.4386,1215
14:29,101.4889,101.4889,101.4256,101.4256,977
14:30,101.435,101.4889,101.435,101.4889,1761
14:31,101.423,101.435,101.423,101.435,1338
14:32,101.455,101.455,101.423,101.423,1070
14:33,101.3614,101.455,101.3614,101.455,884
14:34,101.3719,101.3719,101.3614,101.3614,882
14:35,101.5221,101.5221,101.3719,101.3719,683
14:36,101.4336,101.5221,101.4336,101.5221,1207
14:37,101.4912,101.4912,101.4336,101.4336,849
14:38,101.5194,101.5194,101.4912,101.4912,847
14:39,101.5614,101.5614,101.5194,101.5194,2126
14:40,101.5992,101.5992,101.5614,101.5614,496
14:41,101.6618,101.6618,101.5992,101.5992,1516
14:42,101.537,101.6618,101.537,101.6618,776
14:43,101.5714,101.5714,101.537,101.537,748
14:44,101.7213,101.7213,101.5714,101.5714,1151
14:45,101.7049,101.7213,101.7049,101.7213,1491
14:46,101.5735,101.7049,101.5735,101.7049,861
14:47,101.2913,101.5735,101.2913,101.5735,618
14:48,101.391,101.391,101.2913,101.2913,5429
14:49,101.2357,101.391,101.2357,101.391,544
14:50,101.4341,101.4341,101.2357,101.2357,6646
14:51,101.3343,101.4341,101.3343,101.4341,673
14:52,101.1249,101.3343,101.1249,101.3343,516
14:53,101.1673,101.1673,101.1249,101.1249,7871
14:54,101.0806,101.1673,101.0806,101.1673,1080
14:55,101.1921,101.1921,101.0806,101.0806,3864
14:56,101.2823,101.2823,101.1921,101.1921,283
14:57,101.4283,101.4283,101.2823,101.2823,882
14:58,101.67,101.67,101.4283,101.4283,1429
14:59,101.6501,101.67,101.6501,101.67,11948
15:00,101.4934,101.6501,101.4934,101.6501,6567
15:01,101.42,101.4934,101.42,101.4934,556
15:02,101.2292,101.42,101.2292,101.42,597
15:03,101.2844,101.2844,101.2292,101.2292,1954
15:04,101.3795,101.3795,101.2844,101.2844,740
15:05,101.4289,101.4289,101.3795,101.3795,1037
15:06,101.5003,101.5003,101.4289,101.4289,797
15:07,101.476,101.5003,101.476,101.5003,1148
15:08,101.3343,101.476,101.3343,101.476,773
15:09,101.2599,101.3343,101.2599,101.3343,1149
15:10,101.2797,101.2797,101.2599,101.2599,886
15:11,101.1022,101.2797,101.1022,101.2797,548
15:12,101.074,101.1022,101.074,101.1022,1311
15:13,101.0907,101.0907,101.074,101.074,2563
15:14,101.0585,101.0907,101.0585,101.0907,907
15:15,101.1506,101.1506,101.0585,101.0585,719
15:16,101.1019,101.1506,101.1019,101.1506,537
15:17,101.1035,101.1035,101.1019,101.1019,1023
15:18,100.9945,101.1035,100.9945,101.1035,836
15:19,101.083,101.083,100.9945,100.9945,828
15:20,101.0196,101.083,101.0196,101.083,669
15:21,101.1278,101.1278,101.0196,101.0196,1713
15:22,101.0456,101.1278,101.0456,101.1278,794
15:23,101.3209,101.3209,101.0456,101.0456,916
15:24,101.1787,101.3209,101.1787,101.3209,1150
15:25,101.2006,101.2006,101.1787,101.1787,545
15:26,101.1556,101.2006,101.1556,101.2006,860
15:27,101.1216,101.1556,101.1216,101.1556,1080
15:28,101.156,101.156,101.1216,101.1216,487
15:29,101.2705,101.2705,101.156,101.156,809
15:30,101.1034,101.2705,101.1034,101.2705,807
15:31,101.0118,101.1034,101.0118,101.1034,652
15:32,100.9813,101.0118,100.9813,101.0118,1172
15:33,100.9831,100.9831,100.9813,100.9813,1152
15:34,101.2362,101.2362,100.9831,100.9831,1084
15:35,101.1894,101.2362,101.1894,101.2362,1920
15:36,101.1249,101.1894,101.1249,101.1894,881
15:37,101.1714,101.1714,101.1249,101.1249,506
15:38,101.1727,101.1727,101.1714,101.1714,267
15:39,101.1645,101.1727,101.1645,101.1727,557
15:40,101.2097,101.2097,101.1645,101.1645,1430
15:41,101.0934,101.2097,101.0934,101.2097,622
15:42,101.1953,101.1953,101.0934,101.0934,518
15:43,101.1918,101.1953,101.1918,101.1953,778
15:44,101.3108,101.3108,101.1918,101.1918,882
15:45,101.4443,101.4443,101.3108,101.3108,1246
15:46,101.3332,101.4443,101.3332,101.4443,5416
15:47,101.4126,101.4126,101.3332,101.3332,1016
15:48,101.376,101.4126,101.376,101.4126,1369
15:49,101.2028,101.376,101.2028,101.376,2176
15:50,101.1932,101.2028,101.1932,101.2028,1143
15:51,101.1151,101.1932,101.1151,101.1932,1205
15:52,101.165,101.165,101.1151,101.1151,2145
15:53,101.0831,101.165,101.0831,101.165,3789
15:54,101.1507,101.1507,101.0831,101.0831,2214
15:55,101.0667,101.1507,101.0667,101.1507,2480
15:56,100.9956,101.0667,100.9956,101.0667,5659
15:57,101.0666,101.0666,100.9956,100.9956,3936
15:58,101.1995,101.1995,101.0666,101.0666,1963
15:59,101.2237,101.2237,101.1995,101.1995,6260
