Time,Close,High,Low,Open,Volume
09:30,100.5137,100.5137,100.4106,100.4106,6613
09:31,100.4008,100.5137,100.4008,100.5137,25441
09:32,100.3301,100.4008,100.3301,100.4008,5885
09:33,100.3999,100.3999,100.3301,100.3301,4953
09:34,100.387,100.3999,100.387,100.3999,1654
09:35,100.361,100.387,100.361,100.387,3328
09:36,100.367,100.367,100.361,100.361,1200
09:37,100.2975,100.367,100.2975,100.367,2979
09:38,100.3036,100.3036,100.2975,100.2975,1362
09:39,100.477,100.477,100.3036,100.3036,2260
09:40,100.2842,100.477,100.2842,100.477,2009
09:41,100.285,100.285,100.2842,100.2842,969
09:42,100.2356,100.285,100.2356,100.285,1667
09:43,100.1805,100.2356,100.1805,100.2356,1214
09:44,100.1561,100.1805,100.1561,100.1805,1340
09:45,100.051,100.1561,100.051,100.1561,2261
09:46,99.9309,100.051,99.9309,100.051,1626
09:47,99.9688,99.9688,99.9309,99.9309,8423
09:48,100.0095,100.0095,99.9688,99.9688,2111
09:49,100.0812,100.0812,100.0095,100.0095,851
09:50,100.2217,100.2217,100.0812,100.0812,374
09:51,100.2558,100.2558,100.2217,100.2217,754
09:52,100.1123,100.2558,100.1123,100.2558,638
09:53,99.9833,100.1123,99.9833,100.1123,1056
09:54,99.8713,99.9833,99.8713,99.9833,538
09:55,99.8899,99.8899,99.8713,99.8713,941
09:56,99.8485,99.8899,99.8485,99.8899,842
09:57,99.8102,99.8485,99.8102,99.8485,902
09:58,99.7946,99.8102,99.7946,99.8102,1802
09:59,99.7861,99.7946,99.7861,99.7946,964
10:00,99.7783,99.7861,99.7783,99.7861,851
10:01,99.7237,99.7783,99.7237,99.7783,373
10:02,99.7297,99.7297,99.7237,99.7237,1410
10:03,99.9308,99.9308,99.7297,99.7297,1504
10:04,100.039,100.039,99.9308,99.9308,796
10:05,100.2026,100.2026,100.039,100.039,936
10:06,100.2478,100.2478,100.2026,100.2026,2637
10:07,100.2165,100.2478,100.2165,100.2478,5332
10:08,100.2572,100.2572,100.2165,100.2165,604
10:09,100.2144,100.2572,100.2144,100.2572,1252
10:10,100.3141,100.3141,100.2144,100.2144,547
10:11,100.4378,100.4378,100.3141,100.3141,1260
10:12,100.4096,100.4378,100.4096,100.4378,3541
10:13,100.4592,100.4592,100.4096,100.4096,527
10:14,100.4242,100.4592,100.4242,100.4592,821
10:15,100.4445,100.4445,100.4242,100.4242,944
10:16,100.3448,100.4445,100.3448,100.4445,1576
10:17,100.3335,100.3448,100.3335,100.3448,1121
10:18,100.3525,100.3525,100.3335,100.3335,691
10:19,100.3222,100.3525,100.3222,100.3525,566
10:20,100.4254,100.4254,100.3222,100.3222,804
10:21,100.1603,100.4254,100.1603,100.4254,708
10:22,100.0764,100.1603,100.0764,100.1603,1344
10:23,100.0171,100.0764,100.0171,100.0764,1843
10:24,100.0195,100.0195,100.0171,100.0171,1996
10:25,100.1739,100.1739,100.0195,100.0195,1412
10:26,100.4068,100.4068,100.1739,100.1739,812
10:27,100.4384,100.4384,100.4068,100.4068,1344
10:28,100.4807,100.4807,100.4384,100.4384,1051
10:29,100.3138,100.4807,100.3138,100.4807,2285
10:30,100.1053,100.3138,100.1053,100.3138,907
10:31,100.2102,100.2102,100.1053,100.1053,1440
10:32,100.2799,100.2799,100.2102,100.2102,574
10:33,100.2896,100.2896,100.2799,100.2799,914
10:34,100.38,100.38,100.2896,100.2896,663
10:35,100.2081,100.38,100.2081,100.38,457
10:36,100.2509,100.2509,100.2081,100.2081,491
10:37,100.3059,100.3059,100.2509,100.2509,390
10:38,100.3761,100.3761,100.3059,100.3059,517
10:39,100.2618,100.3761,100.2618,100.3761,631
10:40,100.2477,100.2618,100.2477,100.2618,1194
10:41,100.3106,100.3106,100.2477,100.2477,503
10:42,100.3534,100.3534,100.3106,100.3106,717
10:43,100.3018,100.3534,100.3018,100.3534,935
10:44,100.5089,100.5089,100.3018,100.3018,746
10:45,100.5217,100.5217,100.5089,100.5089,2374
10:46,100.3464,100.5217,100.3464,100.5217,795
10:47,100.3153,100.3464,100.3153,100.3464,789
10:48,100.2873,100.3153,100.2873,100.3153,1288
10:49,100.3051,100.3051,100.2873,100.2873,672
10:50,100.0928,100.3051,100.0928,100.3051,926
10:51,100.068,100.0928,100.068,100.0928,1217
10:52,99.8833,100.068,99.8833,100.068,1855
10:53,99.8871,99.8871,99.8833,99.8833,3117
10:54,99.7818,99.8871,99.7818,99.8871,5076
10:55,99.5964,99.7818,99.5964,99.7818,7757
10:56,99.6924,99.6924,99.5964,99.5964,26143
10:57,99.5645,99.6924,99.5645,99.6924,8063
10:58,99.5828,99.5828,99.5645,99.5645,4191
10:59,99.6937,99.6937,99.5828,99.5828,6623
11:00,99.6143,99.6937,99.6143,99.6937,1581
11:01,99.5818,99.6143,99.5818,99.6143,1419
11:02,99.8337,99.8337,99.5818,99.5818,1001
11:03,99.9461,99.9461,99.8337,99.8337,531
11:04,99.9677,99.9677,99.9461,99.9461,638
11:05,99.9827,99.9827,99.9677,99.9677,1549
11:06,100.0735,100.0735,99.9827,99.9827,873
11:07,99.8315,100.0735,99.8315,100.0735,8669
11:08,99.9705,99.9705,99.8315,99.8315,689
11:09,99.8231,99.9705,99.8231,99.9705,895
11:10,99.9032,99.9032,99.8231,99.8231,1177
11:11,99.9251,99.9251,99.9032,99.9032,1142
11:12,99.928,99.928,99.9251,99.9251,563
11:13,99.7646,99.928,99.7646,99.928,531
11:14,99.7555,99.7646,99.7555,99.7646,1090
11:15,99.5283,99.7555,99.5283,99.7555,291
11:16,99.602,99.602,99.5283,99.5283,4865
11:17,99.8332,99.8332,99.602,99.602,1308
11:18,99.6967,99.8332,99.6967,99.8332,539
11:19,99.6554,99.6967,99.6554,99.6967,945
11:20,99.6516,99.6554,99.6516,99.6554,1165
11:21,99.6619,99.6619,99.6516,99.6516,678
11:22,99.855,99.855,99.6619,99.6619,815
11:23,99.9275,99.9275,99.855,99.855,1089
11:24,99.9976,99.9976,99.9275,99.9275,542
11:25,100.0057,100.0057,99.9976,99.9976,1191
11:26,100.1747,100.1747,100.0057,100.0057,676
11:27,100.2466,100.2466,100.1747,100.1747,4421
11:28,100.1032,100.2466,100.1032,100.2466,8929
11:29,100.3241,100.3241,100.1032,100.1032,790
11:30,100.2715,100.3241,100.2715,100.3241,6702
11:31,100.2895,100.2895,100.2715,100.2715,834
11:32,100.1837,100.2895,100.1837,100.2895,1137
11:33,100.2325,100.2325,100.1837,100.1837,592
11:34,100.1512,100.2325,100.1512,100.2325,754
11:35,100.1127,100.1512,100.1127,100.1512,975
11:36,100.2123,100.2123,100.1127,100.1127,900
11:37,100.1292,100.2123,100.1292,100.2123,723
11:38,100.208,100.208,100.1292,100.1292,1258
11:39,100.1704,100.208,100.1704,100.208,1041
11:40,100.2628,100.2628,100.1704,100.1704,473
11:41,100.1013,100.2628,100.1013,100.2628,940
11:42,100.2327,100.2327,100.1013,100.1013,479
11:43,100.2233,100.2327,100.2233,100.2327,1162
11:44,100.1653,100.2233,100.1653,100.2233,640
11:45,100.2257,100.2257,100.1653,100.1653,491
11:46,100.364,100.364,100.2257,100.2257,558
11:47,100.1571,100.364,100.1571,100.364,875
11:48,100.018,100.1571,100.018,100.1571,815
11:49,100.0512,100.0512,100.018,100.018,921
11:50,99.9155,100.0512,99.9155,100.0512,1704
11:51,99.8529,99.9155,99.8529,99.9155,1228
11:52,100.0576,100.0576,99.8529,99.8529,4863
11:53,99.9271,100.0576,99.9271,100.0576,942
11:54,99.9866,99.9866,99.9271,99.9271,1145
11:55,99.9303,99.9866,99.9303,99.9866,1033
11:56,100.0843,100.0843,99.9303,99.9303,1118
11:57,100.0309,100.0843,100.0309,100.0843,1232
11:58,100.0636,100.0636,100.0309,100.0309,647
11:59,100.1113,100.1113,100.0636,100.0636,1069
12:00,100.1569,100.1569,100.1113,100.1113,993
12:01,100.0281,100.1569,100.0281,100.1569,1375
12:02,100.0665,100.0665,100.0281,100.0281,605
12:03,100.1465,100.1465,100.0665,100.0665,1568
12:04,100.2789,100.2789,100.1465,100.1465,510
12:05,100.2434,100.2789,100.2434,100.2789,1149
12:06,100.34,100.34,100.2434,100.2434,985
12:07,100.1779,100.34,100.1779,100.34,1209
12:08,100.1434,100.1779,100.1434,100.1779,1531
12:09,100.1234,100.1434,100.1234,100.1434,626
12:10,99.997,100.1234,99.997,100.1234,1188
12:11,99.95,99.997,99.95,99.997,548
12:12,99.8404,99.95,99.8404,99.95,607
12:13,99.7273,99.8404,99.7273,99.8404,944
12:14,99.693,99.7273,99.693,99.7273,12346
12:15,99.8503,99.8503,99.693,99.693,6212
12:16,99.8979,99.8979,99.8503,99.8503,1441
12:17,99.8489,99.8979,99.8489,99.8979,608
12:18,99.7441,99.8489,99.7441,99.8489,1115
12:19,99.8436,99.8436,99.7441,99.7441,1144
12:20,99.8727,99.8727,99.8436,99.8436,610
12:21,99.7935,99.8727,99.7935,99.8727,725
12:22,99.8058,99.8058,99.7935,99.7935,341
12:23,99.8158,99.8158,99.8058,99.8058,492
12:24,99.8647,99.8647,99.8158,99.8158,803
12:25,99.7068,99.8647,99.7068,99.8647,611
12:26,99.6077,99.7068,99.6077,99.7068,545
12:27,99.52,99.6077,99.52,99.6077,1451
12:28,99.626,99.626,99.52,99.52,1900
12:29,99.5629,99.626,99.5629,99.626,1723
12:30,99.4521,99.5629,99.4521,99.5629,1414
12:31,99.3803,99.4521,99.3803,99.4521,1045
12:32,99.3965,99.3965,99.3803,99.3803,5950
12:33,99.5386,99.5386,99.3965,99.3965,1589
12:34,99.5813,99.5813,99.5386,99.5386,977
12:35,99.4951,99.5813,99.4951,99.5813,775
12:36,99.4854,99.4951,99.4854,99.4951,775
12:37,99.363,99.4854,99.363,99.4854,797
12:38,99.2612,99.363,99.2612,99.363,900
12:39,99.2539,99.2612,99.2539,99.2612,953
12:40,99.3455,99.3455,99.2539,99.2539,1201
12:41,99.3411,99.3455,99.3411,99.3455,895
12:42,99.4278,99.4278,99.3411,99.3411,1368
12:43,99.5249,99.5249,99.4278,99.4278,822
12:44,99.5918,99.5918,99.5249,99.5249,1928
12:45,99.5274,99.5918,99.5274,99.5918,1358
12:46,99.5508,99.5508,99.5274,99.5274,857
12:47,99.366,99.5508,99.366,99.5508,1092
12:48,99.4414,99.4414,99.366,99.366,492
12:49,99.5112,99.5112,99.4414,99.4414,1038
12:50,99.5735,99.5735,99.5112,99.5112,873
12:51,99.6436,99.6436,99.5735,99.5735,993
12:52,99.5219,99.6436,99.5219,99.6436,801
12:53,99.5651,99.5651,99.5219,99.5219,465
12:54,99.3771,99.5651,99.3771,99.5651,874
12:55,99.3374,99.3771,99.3374,99.3771,618
12:56,99.3305,99.3374,99.3305,99.3374,500
12:57,99.3741,99.3741,99.3305,99.3305,775
12:58,99.3723,99.3741,99.3723,99.3741,747
12:59,99.334,99.3723,99.334,99.3723,687
13:00,99.1862,99.334,99.1862,99.334,435
13:01,99.0741,99.1862,99.0741,99.1862,1136
13:02,99.1753,99.1753,99.0741,99.0741,11061
13:03,99.1333,99.1753,99.1333,99.1753,1032
13:04,99.111,99.1333,99.111,99.1333,832
13:05,99.0125,99.111,99.0125,99.111,998
13:06,99.0748,99.0748,99.0125,99.0125,809
13:07,99.0181,99.0748,99.0181,99.0748,680
13:08,98.9105,99.0181,98.9105,99.0181,385
13:09,98.7991,98.9105,98.7991,98.9105,1428
13:10,98.903,98.903,98.7991,98.7991,3876
13:11,98.8858,98.903,98.8858,98.903,771
13:12,98.6371,98.8858,98.6371,98.8858,346
13:13,98.765,98.765,98.6371,98.6371,7102
13:14,98.6858,98.765,98.6858,98.765,2170
13:15,98.7147,98.7147,98.6858,98.6858,1358
13:16,98.6249,98.7147,98.6249,98.7147,923
13:17,98.5857,98.6249,98.5857,98.6249,1312
13:18,98.7176,98.7176,98.5857,98.5857,1620
13:19,98.6633,98.7176,98.6633,98.7176,850
13:20,98.4685,98.6633,98.4685,98.6633,634
13:21,98.3942,98.4685,98.3942,98.4685,2071
13:22,98.4257,98.4257,98.3942,98.3942,4959
13:23,98.4345,98.4345,98.4257,98.4257,613
13:24,98.1822,98.4345,98.1822,98.4345,537
13:25,98.2153,98.2153,98.1822,98.1822,5125
13:26,98.1826,98.2153,98.1826,98.2153,5202
13:27,98.2871,98.2871,98.1826,98.1826,13510
13:28,98.0521,98.2871,98.0521,98.2871,1185
13:29,98.0351,98.0521,98.0351,98.0521,6485
13:30,97.8796,98.0351,97.8796,98.0351,1345
13:31,97.7682,97.8796,97.7682,97.8796,6345
13:32,97.6075,97.7682,97.6075,97.7682,9953
13:33,97.6311,97.6311,97.6075,97.6075,10247
13:34,97.704,97.704,97.6311,97.6311,10345
13:35,97.6726,97.704,97.6726,97.704,10769
13:36,97.542,97.6726,97.542,97.6726,691
13:37,97.6035,97.6035,97.542,97.542,4748
13:38,97.6338,97.6338,97.6035,97.6035,1130
13:39,97.5887,97.6338,97.5887,97.6338,1591
13:40,97.5183,97.5887,97.5183,97.5887,1120
13:41,97.5741,97.5741,97.5183,97.5183,1480
13:42,97.5042,97.5741,97.5042,97.5741,933
13:43,97.568,97.568,97.5042,97.5042,1325
13:44,97.7489,97.7489,97.568,97.568,657
13:45,97.6722,97.7489,97.6722,97.7489,502
13:46,97.7295,97.7295,97.6722,97.6722,806
13:47,97.7293,97.7295,97.7293,97.7295,821
13:48,97.7609,97.7609,97.7293,97.7293,960
13:49,97.7979,97.7979,97.7609,97.7609,1343
13:50,97.8554,97.8554,97.7979,97.7979,342
13:51,97.962,97.962,97.8554,97.8554,524
13:52,97.8726,97.962,97.8726,97.962,3374
13:53,97.7879,97.8726,97.7879,97.8726,471
13:54,97.9543,97.9543,97.7879,97.7879,1447
13:55,98.077,98.077,97.9543,97.9543,1391
13:56,97.994,98.077,97.994,98.077,12022
13:57,97.8219,97.994,97.8219,97.994,425
13:58,97.947,97.947,97.8219,97.8219,1324
13:59,97.9495,97.9495,97.947,97.947,531
14:00,98.0097,98.0097,97.9495,97.9495,589
14:01,97.8965,98.0097,97.8965,98.0097,1038
14:02,98.0394,98.0394,97.8965,97.8965,947
14:03,98.0008,98.0394,98.0008,98.0394,919
14:04,97.912,98.0008,97.912,98.0008,1104
14:05,97.914,97.914,97.912,97.912,674
14:06,98.1032,98.1032,97.914,97.914,808
14:07,98.073,98.1032,98.073,98.1032,660
14:08,98.096,98.096,98.073,98.073,737
14:09,98.1381,98.1381,98.096,98.096,1367
14:10,98.0856,98.1381,98.0856,98.1381,1402
14:11,97.9418,98.0856,97.9418,98.0856,393
14:12,97.9698,97.9698,97.9418,97.9418,1836
14:13,97.9068,97.9698,97.9068,97.9698,1097
14:14,97.9337,97.9337,97.9068,97.9068,653
14:15,97.9969,97.9969,97.9337,97.9337,559
14:16,98.0807,98.0807,97.9969,97.9969,624
14:17,98.1438,98.1438,98.0807,98.0807,826
14:18,98.1745,98.1745,98.1438,98.1438,1398
14:19,97.933,98.1745,97.933,98.1745,1335
14:20,97.7543,97.933,97.7543,97.933,905
14:21,97.728,97.7543,97.728,97.7543,6966
14:22,97.7256,97.728,97.7256,97.728,3915
14:23,97.6957,97.7256,97.6957,97.7256,1345
14:24,97.7244,97.7244,97.6957,97.6957,1385
14:25,97.7649,97.7649,97.7244,97.7244,1211
14:26,97.7559,97.7649,97.7559,97.7649,795
14:27,97.7038,97.7559,97.7038,97.7559,1049
14:28,97.6387,97.7038,97.6387,97.7038,794
14:29,97.5065,97.6387,97.5065,97.6387,1048
14:30,97.6417,97.6417,97.5065,97.5065,4949
14:31,97.6035,97.6417,97.6035,97.6417,1031
14:32,97.6262,97.6262,97.6035,97.6035,445
14:33,97.5392,97.6262,97.5392,97.6262,549
14:34,97.6254,97.6254,97.5392,97.5392,1436
14:35,97.6675,97.6675,97.6254,97.6254,493
14:36,97.5619,97.6675,97.5619,97.6675,731
14:37,97.5769,97.5769,97.5619,97.5619,651
14:38,97.2363,97.5769,97.2363,97.5769,465
14:39,97.2776,97.2776,97.2363,97.2363,7409
14:40,97.5234,97.5234,97.2776,97.2776,6266
14:41,97.6248,97.6248,97.5234,97.5234,476
14:42,97.6723,97.6723,97.6248,97.6248,805
14:43,97.645,97.6723,97.645,97.6723,921
14:44,97.621,97.645,97.621,97.645,873
14:45,97.596,97.621,97.596,97.621,550
14:46,97.5389,97.596,97.5389,97.596,1022
14:47,97.6391,97.6391,97.5389,97.5389,1155
14:48,97.7267,97.7267,97.6391,97.6391,988
14:49,97.8088,97.8088,97.7267,97.7267,1104
14:50,97.9385,97.9385,97.8088,97.8088,975
14:51,97.916,97.9385,97.916,97.9385,6306
14:52,97.9582,97.9582,97.916,97.916,1464
14:53,97.9643,97.9643,97.9582,97.9582,1249
14:54,97.9064,97.9643,97.9064,97.9643,462
14:55,97.9034,97.9064,97.9034,97.9064,2001
14:56,97.9695,97.9695,97.9034,97.9034,1233
14:57,97.7967,97.9695,97.7967,97.9695,1051
14:58,97.7075,97.7967,97.7075,97.7967,929
14:59,97.656,97.7075,97.656,97.7075,695
15:00,97.6122,97.656,97.6122,97.656,1551
15:01,97.7347,97.7347,97.6122,97.6122,977
15:02,97.8411,97.8411,97.7347,97.7347,660
15:03,97.8755,97.8755,97.8411,97.8411,1311
15:04,97.9021,97.9021,97.8755,97.8755,441
15:05,98.0082,98.0082,97.9021,97.9021,998
15:06,98.0838,98.0838,98.0082,98.0082,1851
15:07,98.2315,98.2315,98.0838,98.0838,1145
15:08,98.1422,98.2315,98.1422,98.2315,13307
15:09,98.0815,98.1422,98.0815,98.1422,606
15:10,98.0447,98.0815,98.0447,98.0815,953
15:11,98.0796,98.0796,98.0447,98.0447,993
15:12,97.8588,98.0796,97.8588,98.0796,458
15:13,97.6985,97.8588,97.6985,97.8588,943
15:14,97.7532,97.7532,97.6985,97.6985,3966
15:15,97.8889,97.8889,97.7532,97.7532,1354
15:16,97.7228,97.8889,97.7228,97.8889,1079
15:17,97.9088,97.9088,97.7228,97.7228,1253
15:18,97.9021,97.9088,97.9021,97.9088,643
15:19,97.9885,97.9885,97.9021,97.9021,748
15:20,97.9277,97.9885,97.9277,97.9885,398
15:21,97.783,97.9277,97.783,97.9277,589
15:22,97.8573,97.8573,97.783,97.783,818
15:23,98.0559,98.0559,97.8573,97.8573,589
15:24,98.2258,98.2258,98.0559,98.0559,842
15:25,98.4856,98.4856,98.2258,98.2258,745
15:26,98.4302,98.4856,98.4302,98.4856,15378
15:27,98.2955,98.4302,98.2955,98.4302,8376
15:28,98.1781,98.2955,98.1781,98.2955,1300
15:29,98.2519,98.2519,98.1781,98.1781,988
15:30,98.2741,98.2741,98.2519,98.2519,1102
15:31,98.1632,98.2741,98.1632,98.2741,1047
15:32,98.149,98.1632,98.149,98.1632,623
15:33,98.07,98.149,98.07,98.149,2738
15:34,97.8833,98.07,97.8833,98.07,494
15:35,97.9344,97.9344,97.8833,97.8833,4543
15:36,98.0396,98.0396,97.9344,97.9344,1094
15:37,97.8826,98.0396,97.8826,98.0396,572
15:38,98.0411,98.0411,97.8826,97.8826,487
15:39,98.0209,98.0411,98.0209,98.0411,1224
15:40,97.9548,98.0209,97.9548,98.0209,944
15:41,97.9272,97.9548,97.9272,97.9548,779
15:42,98.0163,98.0163,97.9272,97.9272,1357
15:43,98.0267,98.0267,98.0163,98.0163,1008
15:44,98.2042,98.2042,98.0267,98.0267,447
15:45,98.2776,98.2776,98.2042,98.2042,1895
15:46,98.3587,98.3587,98.2776,98.2776,1539
15:47,98.4634,98.4634,98.3587,98.3587,1675
15:48,98.4534,98.4634,98.4534,98.4634,7587
15:49,98.1733,98.4534,98.1733,98.4534,12901
15:50,98.1875,98.1875,98.1733,98.1733,1187
15:51,98.0657,98.1875,98.0657,98.1875,1857
15:52,98.0602,98.0657,98.0602,98.0657,1505
15:53,98.0116,98.0602,98.0116,98.0602,789
15:54,98.1349,98.1349,98.0116,98.0116,5280
15:55,98.1554,98.1554,98.1349,98.1349,2703
15:56,97.9239,98.1554,97.9239,98.1554,2297
15:57,97.8899,97.9239,97.8899,97.9239,7561
15:58,97.9079,97.9079,97.8899,97.8899,11191
15:59,97.9587,97.9587,97.9079,97.9079,5607
