Time,Close,High,Low,Open,Volume
09:30,99.9448,99.9905,99.9448,99.9905,9391
09:31,99.9904,99.9904,99.9448,99.9448,2136
09:32,99.9012,99.9904,99.9012,99.9904,5863
09:33,99.8473,99.9012,99.8473,99.9012,3124
09:34,99.6957,99.8473,99.6957,99.8473,2576
09:35,99.6473,99.6957,99.6473,99.6957,2573
09:36,99.7954,99.7954,99.6473,99.6473,14488
09:37,99.8614,99.8614,99.7954,99.7954,2383
09:38,99.8226,99.8614,99.8226,99.8614,1488
09:39,99.8894,99.8894,99.8226,99.8226,1137
09:40,99.9128,99.9128,99.8894,99.8894,1674
09:41,99.8886,99.9128,99.8886,99.9128,516
09:42,99.8941,99.8941,99.8886,99.8886,1347
09:43,99.9994,99.9994,99.8941,99.8941,1118
09:44,100.0856,100.0856,99.9994,99.9994,939
09:45,100.1237,100.1237,100.0856,100.0856,804
09:46,100.0233,100.1237,100.0233,100.1237,897
09:47,100.0106,100.0233,100.0106,100.0233,921
09:48,100.1281,100.1281,100.0106,100.0106,566
09:49,100.1856,100.1856,100.1281,100.1281,600
09:50,100.27,100.27,100.1856,100.1856,920
09:51,100.2489,100.27,100.2489,100.27,771
09:52,100.1751,100.2489,100.1751,100.2489,1024
09:53,100.0477,100.1751,100.0477,100.1751,433
09:54,100.04,100.0477,100.04,100.0477,591
09:55,100.0435,100.0435,100.04,100.04,648
09:56,100.2019,100.2019,100.0435,100.0435,691
09:57,100.2246,100.2246,100.2019,100.2019,786
09:58,100.2178,100.2246,100.2178,100.2246,713
09:59,100.1967,100.2178,100.1967,100.2178,1965
10:00,100.2228,100.2228,100.1967,100.1967,464
10:01,100.307,100.307,100.2228,100.2228,418
10:02,100.1477,100.307,100.1477,100.307,966
10:03,100.0176,100.1477,100.0176,100.1477,1044
10:04,99.9493,100.0176,99.9493,100.0176,1534
10:05,99.9372,99.9493,99.9372,99.9493,2123
10:06,99.953,99.953,99.9372,99.9372,652
10:07,99.9065,99.953,99.9065,99.953,1087
10:08,99.7728,99.9065,99.7728,99.9065,892
10:09,99.9201,99.9201,99.7728,99.7728,3475
10:10,99.9631,99.9631,99.9201,99.9201,944
10:11,100.2566,100.2566,99.9631,99.9631,1239
10:12,100.114,100.2566,100.114,100.2566,6905
10:13,99.9965,100.114,99.9965,100.114,783
10:14,99.9586,99.9965,99.9586,99.9965,1022
10:15,99.9832,99.9832,99.9586,99.9586,949
10:16,100.0813,100.0813,99.9832,99.9832,1217
10:17,100.0095,100.0813,100.0095,100.0813,1599
10:18,99.9886,100.0095,99.9886,100.0095,893
10:19,99.9926,99.9926,99.9886,99.9886,943
10:20,100.0646,100.0646,99.9926,99.9926,1149
10:21,100.0802,100.0802,100.0646,100.0646,561
10:22,100.2643,100.2643,100.0802,100.0802,655
10:23,100.2434,100.2643,100.2434,100.2643,699
10:24,100.2471,100.2471,100.2434,100.2434,654
10:25,100.3295,100.3295,100.2471,100.2471,1441
10:26,100.3439,100.3439,100.3295,100.3295,1601
10:27,100.2938,100.3439,100.2938,100.3439,1168
10:28,100.357,100.357,100.2938,100.2938,900
10:29,100.4163,100.4163,100.357,100.357,616
10:30,100.57,100.57,100.4163,100.4163,704
10:31,100.6602,100.6602,100.57,100.57,3536
10:32,100.6459,100.6602,100.6459,100.6602,6146
10:33,100.5548,100.6459,100.5548,100.6459,4706
10:34,100.4888,100.5548,100.4888,100.5548,872
10:35,100.4259,100.4888,100.4259,100.4888,1402
10:36,100.3204,100.4259,100.3204,100.4259,452
10:37,100.3792,100.3792,100.3204,100.3204,817
10:38,100.5177,100.5177,100.3792,100.3792,604
10:39,100.5299,100.5299,100.5177,100.5177,1371
10:40,100.5785,100.5785,100.5299,100.5299,787
10:41,100.411,100.5785,100.411,100.5785,1022
10:42,100.4841,100.4841,100.411,100.411,685
10:43,100.4834,100.4841,100.4834,100.4841,958
10:44,100.3885,100.4834,100.3885,100.4834,774
10:45,100.253,100.3885,100.253,100.3885,301
10:46,100.2889,100.2889,100.253,100.253,1382
10:47,100.3212,100.3212,100.2889,100.2889,755
10:48,100.1426,100.3212,100.1426,100.3212,1359
10:49,100.0232,100.1426,100.0232,100.1426,653
10:50,99.926,100.0232,99.926,100.0232,4676
10:51,99.9318,99.9318,99.926,99.926,4330
10:52,99.9097,99.9318,99.9097,99.9318,4466
10:53,99.9898,99.9898,99.9097,99.9097,5827
10:54,100.0393,100.0393,99.9898,99.9898,876
10:55,99.8982,100.0393,99.8982,100.0393,764
10:56,99.8995,99.8995,99.8982,99.8982,855
10:57,100.0884,100.0884,99.8995,99.8995,1084
10:58,100.0376,100.0884,100.0376,100.0884,548
10:59,99.8646,100.0376,99.8646,100.0376,1006
11:00,99.8186,99.8646,99.8186,99.8646,1338
11:01,99.8738,99.8738,99.8186,99.8186,504
11:02,99.8673,99.8738,99.8673,99.8738,673
11:03,99.8293,99.8673,99.8293,99.8673,784
11:04,99.7372,99.8293,99.7372,99.8293,1120
11:05,99.8652,99.8652,99.7372,99.7372,643
11:06,99.8325,99.8652,99.8325,99.8652,490
11:07,99.8667,99.8667,99.8325,99.8325,504
11:08,99.8443,99.8667,99.8443,99.8667,834
11:09,99.9378,99.9378,99.8443,99.8443,1506
11:10,99.9282,99.9378,99.9282,99.9378,980
11:11,99.8564,99.9282,99.8564,99.9282,1601
11:12,99.6756,99.8564,99.6756,99.8564,1014
11:13,99.6418,99.6756,99.6418,99.6756,2111
11:14,99.4561,99.6418,99.4561,99.6418,760
11:15,99.5696,99.5696,99.4561,99.4561,10942
11:16,99.6009,99.6009,99.5696,99.5696,923
11:17,99.6623,99.6623,99.6009,99.6009,1091
11:18,99.6538,99.6623,99.6538,99.6623,1127
11:19,99.6042,99.6538,99.6042,99.6538,602
11:20,99.736,99.736,99.6042,99.6042,1034
11:21,99.6702,99.736,99.6702,99.736,974
11:22,99.6477,99.6702,99.6477,99.6702,630
11:23,99.8189,99.8189,99.6477,99.6477,524
11:24,99.8587,99.8587,99.8189,99.8189,578
11:25,99.8413,99.8587,99.8413,99.8587,1036
11:26,99.8451,99.8451,99.8413,99.8413,486
11:27,99.893,99.893,99.8451,99.8451,1035
11:28,99.9896,99.9896,99.893,99.893,1341
11:29,100.0227,100.0227,99.9896,99.9896,539
11:30,99.8408,100.0227,99.8408,100.0227,596
11:31,99.7366,99.8408,99.7366,99.8408,1019
11:32,99.632,99.7366,99.632,99.7366,901
11:33,99.7569,99.7569,99.632,99.632,1175
11:34,99.8725,99.8725,99.7569,99.7569,832
11:35,99.8483,99.8725,99.8483,99.8725,693
11:36,99.6818,99.8483,99.6818,99.8483,806
11:37,99.5065,99.6818,99.5065,99.6818,1544
11:38,99.5202,99.5202,99.5065,99.5065,8690
11:39,99.6074,99.6074,99.5202,99.5202,2167
11:40,99.6406,99.6406,99.6074,99.6074,812
11:41,99.5482,99.6406,99.5482,99.6406,642
11:42,99.6545,99.6545,99.5482,99.5482,1906
11:43,99.7033,99.7033,99.6545,99.6545,1232
11:44,99.6759,99.7033,99.6759,99.7033,1471
11:45,99.6947,99.6947,99.6759,99.6759,817
11:46,99.7099,99.7099,99.6947,99.6947,871
11:47,99.665,99.7099,99.665,99.7099,521
11:48,99.6765,99.6765,99.665,99.665,492
11:49,99.7357,99.7357,99.6765,99.6765,633
11:50,99.6089,99.7357,99.6089,99.7357,454
11:51,99.4217,99.6089,99.4217,99.6089,1498
11:52,99.376,99.4217,99.376,99.4217,1158
11:53,99.3418,99.376,99.3418,99.376,838
11:54,99.3682,99.3682,99.3418,99.3418,1642
11:55,99.4189,99.4189,99.3682,99.3682,1177
11:56,99.4827,99.4827,99.4189,99.4189,1056
11:57,99.4918,99.4918,99.4827,99.4827,352
11:58,99.5167,99.5167,99.4918,99.4918,1209
11:59,99.6423,99.6423,99.5167,99.5167,1203
12:00,99.6218,99.6423,99.6218,99.6423,1793
12:01,99.6872,99.6872,99.6218,99.6218,1473
12:02,99.7457,99.7457,99.6872,99.6872,2055
12:03,99.5954,99.7457,99.5954,99.7457,1021
12:04,99.4648,99.5954,99.4648,99.5954,689
12:05,99.5157,99.5157,99.4648,99.4648,1584
12:06,99.4337,99.5157,99.4337,99.5157,949
12:07,99.5977,99.5977,99.4337,99.4337,532
12:08,99.639,99.639,99.5977,99.5977,525
12:09,99.5394,99.639,99.5394,99.639,559
12:10,99.4417,99.5394,99.4417,99.5394,548
12:11,99.2668,99.4417,99.2668,99.4417,690
12:12,99.1451,99.2668,99.1451,99.2668,702
12:13,99.0508,99.1451,99.0508,99.1451,9328
12:14,98.952,99.0508,98.952,99.0508,5450
12:15,99.0603,99.0603,98.952,98.952,4249
12:16,99.1088,99.1088,99.0603,99.0603,1174
12:17,99.068,99.1088,99.068,99.1088,1103
12:18,99.0952,99.0952,99.068,99.068,619
12:19,99.0479,99.0952,99.0479,99.0952,1161
12:20,99.0127,99.0479,99.0127,99.0479,711
12:21,98.9433,99.0127,98.9433,99.0127,804
12:22,98.7226,98.9433,98.7226,98.9433,1683
12:23,98.4866,98.7226,98.4866,98.7226,4901
12:24,98.5621,98.5621,98.4866,98.4866,7461
12:25,98.3586,98.5621,98.3586,98.5621,9538
12:26,98.4224,98.4224,98.3586,98.3586,6588
12:27,98.5515,98.5515,98.4224,98.4224,4981
12:28,98.5643,98.5643,98.5515,98.5515,1715
12:29,98.5312,98.5643,98.5312,98.5643,809
12:30,98.3103,98.5312,98.3103,98.5312,668
12:31,98.3603,98.3603,98.3103,98.3103,6188
12:32,98.3075,98.3603,98.3075,98.3603,1322
12:33,98.4666,98.4666,98.3075,98.3075,4310
12:34,98.4071,98.4666,98.4071,98.4666,290
12:35,98.4618,98.4618,98.4071,98.4071,340
12:36,98.4096,98.4618,98.4096,98.4618,1977
12:37,98.2977,98.4096,98.2977,98.4096,577
12:38,98.0792,98.2977,98.0792,98.2977,605
12:39,97.7801,98.0792,97.7801,98.0792,3430
12:40,97.7067,97.7801,97.7067,97.7801,6305
12:41,97.8423,97.8423,97.7067,97.7067,16164
12:42,97.8028,97.8423,97.8028,97.8423,3293
12:43,97.8707,97.8707,97.8028,97.8028,7346
12:44,97.917,97.917,97.8707,97.8707,1327
12:45,97.9751,97.9751,97.917,97.917,642
12:46,98.0365,98.0365,97.9751,97.9751,1258
12:47,98.0045,98.0365,98.0045,98.0365,863
12:48,97.8273,98.0045,97.8273,98.0045,861
12:49,97.8017,97.8273,97.8017,97.8273,1148
12:50,97.7841,97.8017,97.7841,97.8017,1065
12:51,97.7406,97.7841,97.7406,97.7841,684
12:52,97.8292,97.8292,97.7406,97.7406,1082
12:53,97.9437,97.9437,97.8292,97.8292,783
12:54,97.7456,97.9437,97.7456,97.9437,543
12:55,97.6369,97.7456,97.6369,97.7456,458
12:56,97.6671,97.6671,97.6369,97.6369,888
12:57,97.7755,97.7755,97.6671,97.6671,869
12:58,97.6768,97.7755,97.6768,97.7755,1157
12:59,97.4753,97.6768,97.4753,97.6768,890
13:00,97.3679,97.4753,97.3679,97.4753,5169
13:01,97.2891,97.3679,97.2891,97.3679,7194
13:02,97.2654,97.2891,97.2654,97.2891,9555
13:03,97.2145,97.2654,97.2145,97.2654,4473
13:04,97.2692,97.2692,97.2145,97.2145,3676
13:05,97.2355,97.2692,97.2355,97.2692,1386
13:06,97.24,97.24,97.2355,97.2355,2053
13:07,97.0445,97.24,97.0445,97.24,1136
13:08,96.8967,97.0445,96.8967,97.0445,5182
13:09,97.1304,97.1304,96.8967,96.8967,9053
13:10,97.0275,97.1304,97.0275,97.1304,1033
13:11,96.7642,97.0275,96.7642,97.0275,1575
13:12,96.6634,96.7642,96.6634,96.7642,9941
13:13,96.6846,96.6846,96.6634,96.6634,6034
13:14,96.6909,96.6909,96.6846,96.6846,6254
13:15,96.678,96.6909,96.678,96.6909,6305
13:16,96.806,96.806,96.678,96.678,4328
13:17,96.8222,96.8222,96.806,96.806,609
13:18,96.9024,96.9024,96.8222,96.8222,742
13:19,96.8275,96.9024,96.8275,96.9024,650
13:20,96.6543,96.8275,96.6543,96.8275,571
13:21,96.6752,96.6752,96.6543,96.6543,904
13:22,96.7449,96.7449,96.6752,96.6752,1267
13:23,96.8684,96.8684,96.7449,96.7449,811
13:24,96.8872,96.8872,96.8684,96.8684,400
13:25,96.9061,96.9061,96.8872,96.8872,539
13:26,97.0951,97.0951,96.9061,96.9061,1035
13:27,96.897,97.0951,96.897,97.0951,3727
13:28,97.0187,97.0187,96.897,96.897,902
13:29,96.9352,97.0187,96.9352,97.0187,1098
13:30,96.8364,96.9352,96.8364,96.9352,342
13:31,96.8407,96.8407,96.8364,96.8364,497
13:32,96.9448,96.9448,96.8407,96.8407,396
13:33,96.9613,96.9613,96.9448,96.9448,1584
13:34,96.9787,96.9787,96.9613,96.9613,792
13:35,97.0857,97.0857,96.9787,96.9787,592
13:36,97.0681,97.0857,97.0681,97.0857,804
13:37,97.0858,97.0858,97.0681,97.0681,1372
13:38,97.083,97.0858,97.083,97.0858,641
13:39,97.0758,97.083,97.0758,97.083,1069
13:40,97.109,97.109,97.0758,97.0758,1182
13:41,97.2422,97.2422,97.109,97.109,739
13:42,97.3148,97.3148,97.2422,97.2422,1062
13:43,97.4461,97.4461,97.3148,97.3148,677
13:44,97.3939,97.4461,97.3939,97.4461,5562
13:45,97.3997,97.3997,97.3939,97.3939,949
13:46,97.3401,97.3997,97.3401,97.3997,700
13:47,97.3363,97.3401,97.3363,97.3401,676
13:48,97.3529,97.3529,97.3363,97.3363,492
13:49,97.238,97.3529,97.238,97.3529,1664
13:50,97.1273,97.238,97.1273,97.238,894
13:51,97.1041,97.1273,97.1041,97.1273,513
13:52,97.2929,97.2929,97.1041,97.1041,940
13:53,97.2516,97.2929,97.2516,97.2929,2410
13:54,97.2245,97.2516,97.2245,97.2516,1255
13:55,97.3441,97.3441,97.2245,97.2245,1367
13:56,97.2718,97.3441,97.2718,97.3441,617
13:57,97.387,97.387,97.2718,97.2718,1276
13:58,97.4121,97.4121,97.387,97.387,877
13:59,97.3281,97.4121,97.3281,97.4121,968
14:00,97.3769,97.3769,97.3281,97.3281,1374
14:01,97.4653,97.4653,97.3769,97.3769,566
14:02,97.3964,97.4653,97.3964,97.4653,880
14:03,97.5066,97.5066,97.3964,97.3964,397
14:04,97.4126,97.5066,97.4126,97.5066,751
14:05,97.3652,97.4126,97.3652,97.4126,449
14:06,97.3926,97.3926,97.3652,97.3652,977
14:07,97.3934,97.3934,97.3926,97.3926,682
14:08,97.3192,97.3934,97.3192,97.3934,784
14:09,97.2343,97.3192,97.2343,97.3192,577
14:10,97.2248,97.2343,97.2248,97.2343,372
14:11,97.2597,97.2597,97.2248,97.2248,1228
14:12,97.1122,97.2597,97.1122,97.2597,543
14:13,97.1318,97.1318,97.1122,97.1122,994
14:14,97.1158,97.1318,97.1158,97.1318,1330
14:15,97.0697,97.1158,97.0697,97.1158,561
14:16,97.2765,97.2765,97.0697,97.0697,1326
14:17,97.0862,97.2765,97.0862,97.2765,1181
14:18,97.1669,97.1669,97.0862,97.0862,1830
14:19,97.0237,97.1669,97.0237,97.1669,964
14:20,97.1581,97.1581,97.0237,97.0237,439
14:21,97.0543,97.1581,97.0543,97.1581,576
14:22,96.9888,97.0543,96.9888,97.0543,656
14:23,96.8281,96.9888,96.8281,96.9888,649
14:24,96.7973,96.8281,96.7973,96.8281,6806
14:25,96.8034,96.8034,96.7973,96.7973,7586
14:26,96.8322,96.8322,96.8034,96.8034,889
14:27,96.8291,96.8322,96.8291,96.8322,717
14:28,96.8706,96.8706,96.8291,96.8291,1074
14:29,96.9891,96.9891,96.8706,96.8706,772
14:30,96.977,96.9891,96.977,96.9891,1280
14:31,97.0036,97.0036,96.977,96.977,667
14:32,96.8046,97.0036,96.8046,97.0036,855
14:33,96.6773,96.8046,96.6773,96.8046,1011
14:34,96.5998,96.6773,96.5998,96.6773,903
14:35,96.6016,96.6016,96.5998,96.5998,3910
14:36,96.6989,96.6989,96.6016,96.6016,970
14:37,96.845,96.845,96.6989,96.6989,787
14:38,96.8088,96.845,96.8088,96.845,712
14:39,96.8215,96.8215,96.8088,96.8088,917
14:40,96.8978,96.8978,96.8215,96.8215,1118
14:41,96.9267,96.9267,96.8978,96.8978,808
14:42,96.8393,96.9267,96.8393,96.9267,834
14:43,97.001,97.001,96.8393,96.8393,592
14:44,96.8821,97.001,96.8821,97.001,1136
14:45,96.8396,96.8821,96.8396,96.8821,991
14:46,96.951,96.951,96.8396,96.8396,855
14:47,96.9473,96.951,96.9473,96.951,478
14:48,96.9269,96.9473,96.9269,96.9473,603
14:49,96.7966,96.9269,96.7966,96.9269,1804
14:50,96.8496,96.8496,96.7966,96.7966,722
14:51,96.8941,96.8941,96.8496,96.8496,971
14:52,96.8504,96.8941,96.8504,96.8941,294
14:53,96.7276,96.8504,96.7276,96.8504,970
14:54,96.7526,96.7526,96.7276,96.7276,1209
14:55,96.8654,96.8654,96.7526,96.7526,950
14:56,96.8742,96.8742,96.8654,96.8654,691
14:57,96.841,96.8742,96.841,96.8742,1226
14:58,96.8478,96.8478,96.841,96.841,729
14:59,96.9038,96.9038,96.8478,96.8478,641
15:00,97.0108,97.0108,96.9038,96.9038,517
15:01,97.1648,97.1648,97.0108,97.0108,876
15:02,97.2394,97.2394,97.1648,97.1648,3652
15:03,97.1493,97.2394,97.1493,97.2394,3257
15:04,97.2376,97.2376,97.1493,97.1493,738
15:05,97.1724,97.2376,97.1724,97.2376,477
15:06,97.3357,97.3357,97.1724,97.1724,649
15:07,97.167,97.3357,97.167,97.3357,2878
15:08,96.9649,97.167,96.9649,97.167,1197
15:09,96.9707,96.9707,96.9649,96.9649,1044
15:10,96.9952,96.9952,96.9707,96.9707,1444
15:11,96.8672,96.9952,96.8672,96.9952,628
15:12,96.9885,96.9885,96.8672,96.8672,1651
15:13,96.909,96.9885,96.909,96.9885,684
15:14,96.9199,96.9199,96.909,96.909,795
15:15,96.85,96.9199,96.85,96.9199,2711
15:16,96.9252,96.9252,96.85,96.85,903
15:17,96.5724,96.9252,96.5724,96.9252,341
15:18,96.5905,96.5905,96.5724,96.5724,4047
15:19,96.7368,96.7368,96.5905,96.5905,16100
15:20,96.7342,96.7368,96.7342,96.7368,918
15:21,96.5478,96.7342,96.5478,96.7342,445
15:22,96.4995,96.5478,96.4995,96.5478,1652
15:23,96.5456,96.5456,96.4995,96.4995,5627
15:24,96.496,96.5456,96.496,96.5456,824
15:25,96.6985,96.6985,96.496,96.496,977
15:26,96.7285,96.7285,96.6985,96.6985,434
15:27,97.0168,97.0168,96.7285,96.7285,600
15:28,96.9866,97.0168,96.9866,97.0168,4094
15:29,96.9331,96.9866,96.9331,96.9866,6624
15:30,96.8475,96.9331,96.8475,96.9331,710
15:31,97.0002,97.0002,96.8475,96.8475,766
15:32,97.0329,97.0329,97.0002,97.0002,1260
15:33,97.0751,97.0751,97.0329,97.0329,1659
15:34,97.0182,97.0751,97.0182,97.0751,901
15:35,97.0627,97.0627,97.0182,97.0182,953
15:36,97.0573,97.0627,97.0573,97.0627,1264
15:37,96.9693,97.0573,96.9693,97.0573,652
15:38,97.0034,97.0034,96.9693,96.9693,688
15:39,96.9165,97.0034,96.9165,97.0034,1106
15:40,96.991,96.991,96.9165,96.9165,684
15:41,97.089,97.089,96.991,96.991,588
15:42,96.9513,97.089,96.9513,97.089,815
15:43,96.9758,96.9758,96.9513,96.9513,1687
15:44,96.8927,96.9758,96.8927,96.9758,700
15:45,96.9643,96.9643,96.8927,96.8927,1051
15:46,97.1801,97.1801,96.9643,96.9643,1063
15:47,97.177,97.1801,97.177,97.1801,1692
15:48,97.191,97.191,97.177,97.177,671
15:49,97.1525,97.191,97.1525,97.191,987
15:50,97.254,97.254,97.1525,97.1525,856
15:51,97.061,97.254,97.061,97.254,1597
15:52,96.9451,97.061,96.9451,97.061,1125
15:53,96.8758,96.9451,96.8758,96.9451,1260
15:54,96.8839,96.8839,96.8758,96.8758,3506
15:55,97.1382,97.1382,96.8839,96.8839,6066
15:56,97.132,97.1382,97.132,97.1382,6348
15:57,97.2481,97.2481,97.132,97.132,4533
15:58,97.2643,97.2643,97.2481,97.2481,5870
15:59,97.2961,97.2961,97.2643,97.2643,12627
