Time,Close,High,Low,Open,Volume
09:30,100.0949,100.0949,100.0833,100.0833,7777
09:31,99.8874,100.0949,99.8874,100.0949,5566
09:32,99.8202,99.8874,99.8202,99.8874,7664
09:33,99.8221,99.8221,99.8202,99.8202,11403
09:34,99.8449,99.8449,99.8221,99.8221,2780
09:35,99.9343,99.9343,99.8449,99.8449,2321
09:36,99.8705,99.9343,99.8705,99.9343,2319
09:37,99.8376,99.8705,99.8376,99.8705,1366
09:38,100.0158,100.0158,99.8376,99.8376,886
09:39,100.1818,100.1818,100.0158,100.0158,2764
09:40,100.161,100.1818,100.161,100.1818,1739
09:41,100.0779,100.161,100.0779,100.161,2145
09:42,99.9135,100.0779,99.9135,100.0779,966
09:43,100.0526,100.0526,99.9135,99.9135,912
09:44,99.9372,100.0526,99.9372,100.0526,1033
09:45,100.0296,100.0296,99.9372,99.9372,608
09:46,99.8796,100.0296,99.8796,100.0296,861
09:47,99.9077,99.9077,99.8796,99.8796,936
09:48,99.8545,99.9077,99.8545,99.9077,870
09:49,99.8449,99.8545,99.8449,99.8545,490
09:50,99.9658,99.9658,99.8449,99.8449,521
09:51,99.9269,99.9658,99.9269,99.9658,595
09:52,99.9753,99.9753,99.9269,99.9269,564
09:53,99.9002,99.9753,99.9002,99.9753,743
09:54,99.748,99.9002,99.748,99.9002,900
09:55,99.9084,99.9084,99.748,99.748,938
09:56,99.8772,99.9084,99.8772,99.9084,722
09:57,99.8882,99.8882,99.8772,99.8772,667
09:58,100.1118,100.1118,99.8882,99.8882,387
09:59,100.1016,100.1118,100.1016,100.1118,814
10:00,100.0911,100.1016,100.0911,100.1016,1097
10:01,100.1317,100.1317,100.0911,100.0911,748
10:02,99.9751,100.1317,99.9751,100.1317,1662
10:03,99.8901,99.9751,99.8901,99.9751,641
10:04,99.8161,99.8901,99.8161,99.8901,1138
10:05,99.9137,99.9137,99.8161,99.8161,1314
10:06,100.0215,100.0215,99.9137,99.9137,539
10:07,100.0313,100.0313,100.0215,100.0215,910
10:08,99.938,100.0313,99.938,100.0313,768
10:09,99.939,99.939,99.938,99.938,1098
10:10,100.0359,100.0359,99.939,99.939,767
10:11,99.9258,100.0359,99.9258,100.0359,1156
10:12,99.9645,99.9645,99.9258,99.9258,791
10:13,99.8719,99.9645,99.8719,99.9645,618
10:14,99.9507,99.9507,99.8719,99.8719,813
10:15,100.0838,100.0838,99.9507,99.9507,1295
10:16,100.1872,100.1872,100.0838,100.0838,522
10:17,100.1388,100.1872,100.1388,100.1872,453
10:18,100.1333,100.1388,100.1333,100.1388,1358
10:19,100.1532,100.1532,100.1333,100.1333,1176
10:20,100.2894,100.2894,100.1532,100.1532,920
10:21,100.339,100.339,100.2894,100.2894,865
10:22,100.1908,100.339,100.1908,100.339,1792
10:23,100.2063,100.2063,100.1908,100.1908,376
10:24,100.2781,100.2781,100.2063,100.2063,684
10:25,100.3823,100.3823,100.2781,100.2781,1341
10:26,100.2872,100.3823,100.2872,100.3823,2054
10:27,100.0846,100.2872,100.0846,100.2872,550
10:28,100.1244,100.1244,100.0846,100.0846,614
10:29,100.0822,100.1244,100.0822,100.1244,1008
10:30,100.1637,100.1637,100.0822,100.0822,2362
10:31,100.1606,100.1637,100.1606,100.1637,420
10:32,100.0633,100.1606,100.0633,100.1606,698
10:33,99.8703,100.0633,99.8703,100.0633,746
10:34,99.8984,99.8984,99.8703,99.8703,5955
10:35,99.9744,99.9744,99.8984,99.8984,1120
10:36,100.0995,100.0995,99.9744,99.9744,676
10:37,100.0621,100.0995,100.0621,100.0995,784
10:38,100.1239,100.1239,100.0621,100.0621,568
10:39,99.9765,100.1239,99.9765,100.1239,677
10:40,99.9515,99.9765,99.9515,99.9765,657
10:41,99.9894,99.9894,99.9515,99.9515,1662
10:42,100.0588,100.0588,99.9894,99.9894,902
10:43,100.1161,100.1161,100.0588,100.0588,857
10:44,99.9965,100.1161,99.9965,100.1161,1493
10:45,100.3086,100.3086,99.9965,99.9965,1099
10:46,100.3594,100.3594,100.3086,100.3086,1121
10:47,100.4051,100.4051,100.3594,100.3594,2921
10:48,100.2805,100.4051,100.2805,100.4051,5130
10:49,100.2578,100.2805,100.2578,100.2805,879
10:50,100.1639,100.2578,100.1639,100.2578,409
10:51,100.0326,100.1639,100.0326,100.1639,1168
10:52,100.0805,100.0805,100.0326,100.0326,1000
10:53,100.0338,100.0805,100.0338,100.0805,425
10:54,100.0442,100.0442,100.0338,100.0338,878
10:55,100.2295,100.2295,100.0442,100.0442,1582
10:56,100.2177,100.2295,100.2177,100.2295,1570
10:57,100.054,100.2177,100.054,100.2177,934
10:58,99.7868,100.054,99.7868,100.054,1263
10:59,99.6753,99.7868,99.6753,99.7868,4277
11:00,99.5984,99.6753,99.5984,99.6753,3046
11:01,99.5751,99.5984,99.5751,99.5984,4758
11:02,99.4707,99.5751,99.4707,99.5751,9517
11:03,99.5518,99.5518,99.4707,99.4707,2785
11:04,99.5582,99.5582,99.5518,99.5518,987
11:05,99.7087,99.7087,99.5582,99.5582,1406
11:06,99.695,99.7087,99.695,99.7087,702
11:07,99.8104,99.8104,99.695,99.695,840
11:08,100.0739,100.0739,99.8104,99.8104,987
11:09,100.0181,100.0739,100.0181,100.0739,11878
11:10,99.9831,100.0181,99.9831,100.0181,1436
11:11,99.8963,99.9831,99.8963,99.9831,609
11:12,99.9553,99.9553,99.8963,99.8963,561
11:13,99.9742,99.9742,99.9553,99.9553,1659
11:14,99.775,99.9742,99.775,99.9742,669
11:15,99.9542,99.9542,99.775,99.775,981
11:16,100.0075,100.0075,99.9542,99.9542,913
11:17,99.927,100.0075,99.927,100.0075,972
11:18,99.7499,99.927,99.7499,99.927,415
11:19,99.9393,99.9393,99.7499,99.7499,2263
11:20,99.8692,99.9393,99.8692,99.9393,1126
11:21,99.8542,99.8692,99.8542,99.8692,709
11:22,99.7579,99.8542,99.7579,99.8542,611
11:23,99.6789,99.7579,99.6789,99.7579,887
11:24,99.5797,99.6789,99.5797,99.6789,1044
11:25,99.488,99.5797,99.488,99.5797,1311
11:26,99.5285,99.5285,99.488,99.488,6413
11:27,99.3158,99.5285,99.3158,99.5285,511
11:28,99.3982,99.3982,99.3158,99.3158,6386
11:29,99.1462,99.3982,99.1462,99.3982,1514
11:30,99.1629,99.1629,99.1462,99.1462,12635
11:31,99.1214,99.1629,99.1214,99.1629,5202
11:32,99.2002,99.2002,99.1214,99.1214,5441
11:33,99.1033,99.2002,99.1033,99.2002,1294
11:34,99.0339,99.1033,99.0339,99.1033,453
11:35,99.0391,99.0391,99.0339,99.0339,4223
11:36,99.0445,99.0445,99.0391,99.0391,1667
11:37,99.0305,99.0445,99.0305,99.0445,765
11:38,98.9475,99.0305,98.9475,99.0305,1138
11:39,98.8801,98.9475,98.8801,98.9475,1171
11:40,98.9157,98.9157,98.8801,98.8801,1900
11:41,98.8439,98.9157,98.8439,98.9157,752
11:42,98.7371,98.8439,98.7371,98.8439,478
11:43,98.4735,98.7371,98.4735,98.7371,1113
11:44,98.411,98.4735,98.411,98.4735,3360
11:45,98.4399,98.4399,98.411,98.411,5354
11:46,98.2391,98.4399,98.2391,98.4399,5213
11:47,98.1836,98.2391,98.1836,98.2391,5559
11:48,98.2196,98.2196,98.1836,98.1836,4368
11:49,98.0884,98.2196,98.0884,98.2196,5367
11:50,98.1314,98.1314,98.0884,98.0884,7585
11:51,98.2942,98.2942,98.1314,98.1314,10600
11:52,98.2153,98.2942,98.2153,98.2942,1661
11:53,97.9871,98.2153,97.9871,98.2153,579
11:54,97.8969,97.9871,97.8969,97.9871,4648
11:55,97.9429,97.9429,97.8969,97.8969,5574
11:56,97.6263,97.9429,97.6263,97.9429,956
11:57,97.4304,97.6263,97.4304,97.6263,7431
11:58,97.5361,97.5361,97.4304,97.4304,12853
11:59,97.4527,97.5361,97.4527,97.5361,6771
12:00,97.2467,97.4527,97.2467,97.4527,9250
12:01,97.0872,97.2467,97.0872,97.2467,6413
12:02,97.0857,97.0872,97.0857,97.0872,4021
12:03,97.0497,97.0857,97.0497,97.0857,14125
12:04,97.2055,97.2055,97.0497,97.0497,6297
12:05,97.0883,97.2055,97.0883,97.2055,1021
12:06,97.0575,97.0883,97.0575,97.0883,4655
12:07,96.9946,97.0575,96.9946,97.0575,5078
12:08,97.0781,97.0781,96.9946,96.9946,6344
12:09,97.0558,97.0781,97.0558,97.0781,1013
12:10,97.1607,97.1607,97.0558,97.0558,729
12:11,97.162,97.162,97.1607,97.1607,893
12:12,97.2207,97.2207,97.162,97.162,1416
12:13,97.3654,97.3654,97.2207,97.2207,747
12:14,97.4352,97.4352,97.3654,97.3654,872
12:15,97.5296,97.5296,97.4352,97.4352,868
12:16,97.5547,97.5547,97.5296,97.5296,1799
12:17,97.5327,97.5547,97.5327,97.5547,1403
12:18,97.5835,97.5835,97.5327,97.5327,1765
12:19,97.6383,97.6383,97.5835,97.5835,1378
12:20,97.4856,97.6383,97.4856,97.6383,547
12:21,97.2275,97.4856,97.2275,97.4856,739
12:22,97.2246,97.2275,97.2246,97.2275,788
12:23,97.1975,97.2246,97.1975,97.2246,2106
12:24,97.1968,97.1975,97.1968,97.1975,1782
12:25,97.2895,97.2895,97.1968,97.1968,684
12:26,97.2905,97.2905,97.2895,97.2895,994
12:27,97.2898,97.2905,97.2898,97.2905,904
12:28,97.2798,97.2898,97.2798,97.2898,453
12:29,97.2261,97.2798,97.2261,97.2798,928
12:30,97.3365,97.3365,97.2261,97.2261,928
12:31,97.2497,97.3365,97.2497,97.3365,1449
12:32,97.2335,97.2497,97.2335,97.2497,547
12:33,97.0547,97.2335,97.0547,97.2335,438
12:34,97.1211,97.1211,97.0547,97.0547,1343
12:35,97.1886,97.1886,97.1211,97.1211,1092
12:36,97.3105,97.3105,97.1886,97.1886,746
12:37,97.384,97.384,97.3105,97.3105,879
12:38,97.3414,97.384,97.3414,97.384,857
12:39,97.3837,97.3837,97.3414,97.3414,918
12:40,97.3132,97.3837,97.3132,97.3837,1044
12:41,97.2785,97.3132,97.2785,97.3132,629
12:42,97.0576,97.2785,97.0576,97.2785,684
12:43,97.0664,97.0664,97.0576,97.0576,2052
12:44,97.1078,97.1078,97.0664,97.0664,1351
12:45,97.1709,97.1709,97.1078,97.1078,713
12:46,97.301,97.301,97.1709,97.1709,779
12:47,97.3339,97.3339,97.301,97.301,679
12:48,97.2821,97.3339,97.2821,97.3339,876
12:49,97.5522,97.5522,97.2821,97.2821,317
12:50,97.6277,97.6277,97.5522,97.5522,5894
12:51,97.6317,97.6317,97.6277,97.6277,3366
12:52,97.5807,97.6317,97.5807,97.6317,8070
12:53,97.4121,97.5807,97.4121,97.5807,719
12:54,97.4519,97.4519,97.4121,97.4121,869
12:55,97.4915,97.4915,97.4519,97.4519,731
12:56,97.3786,97.4915,97.3786,97.4915,659
12:57,97.3669,97.3786,97.3669,97.3786,775
12:58,97.5072,97.5072,97.3669,97.3669,1020
12:59,97.5182,97.5182,97.5072,97.5072,855
13:00,97.5091,97.5182,97.5091,97.5182,650
13:01,97.5273,97.5273,97.5091,97.5091,419
13:02,97.6478,97.6478,97.5273,97.5273,330
13:03,97.6438,97.6478,97.6438,97.6478,432
13:04,97.7473,97.7473,97.6438,97.6438,681
13:05,97.616,97.7473,97.616,97.7473,1359
13:06,97.4722,97.616,97.4722,97.616,347
13:07,97.301,97.4722,97.301,97.4722,2435
13:08,97.3944,97.3944,97.301,97.301,4363
13:09,97.2542,97.3944,97.2542,97.3944,399
13:10,96.9351,97.2542,96.9351,97.2542,855
13:11,97.0339,97.0339,96.9351,96.9351,8455
13:12,96.9974,97.0339,96.9974,97.0339,5439
13:13,97.0531,97.0531,96.9974,96.9974,3688
13:14,97.1465,97.1465,97.0531,97.0531,961
13:15,97.1944,97.1944,97.1465,97.1465,823
13:16,97.3478,97.3478,97.1944,97.1944,565
13:17,97.3017,97.3478,97.3017,97.3478,1302
13:18,97.3516,97.3516,97.3017,97.3017,1997
13:19,97.3397,97.3516,97.3397,97.3516,826
13:20,97.3333,97.3397,97.3333,97.3397,695
13:21,97.2204,97.3333,97.2204,97.3333,469
13:22,97.0736,97.2204,97.0736,97.2204,738
13:23,97.0291,97.0736,97.0291,97.0736,541
13:24,97.2829,97.2829,97.0291,97.0291,3875
13:25,97.2428,97.2829,97.2428,97.2829,657
13:26,97.0409,97.2428,97.0409,97.2428,673
13:27,97.1896,97.1896,97.0409,97.0409,694
13:28,97.0376,97.1896,97.0376,97.1896,399
13:29,97.1934,97.1934,97.0376,97.0376,1172
13:30,97.4872,97.4872,97.1934,97.1934,997
13:31,97.4627,97.4872,97.4627,97.4872,6858
13:32,97.5096,97.5096,97.4627,97.4627,1532
13:33,97.4092,97.5096,97.4092,97.5096,7165
13:34,97.3665,97.4092,97.3665,97.4092,738
13:35,97.2651,97.3665,97.2651,97.3665,954
13:36,97.2336,97.2651,97.2336,97.2651,1165
13:37,97.22,97.2336,97.22,97.2336,313
13:38,97.2664,97.2664,97.22,97.22,703
13:39,97.3195,97.3195,97.2664,97.2664,958
13:40,97.488,97.488,97.3195,97.3195,801
13:41,97.5801,97.5801,97.488,97.488,1157
13:42,97.4379,97.5801,97.4379,97.5801,1877
13:43,97.5074,97.5074,97.4379,97.4379,1490
13:44,97.6877,97.6877,97.5074,97.5074,534
13:45,97.5797,97.6877,97.5797,97.6877,6721
13:46,97.5733,97.5797,97.5733,97.5797,644
13:47,97.4982,97.5733,97.4982,97.5733,656
13:48,97.3988,97.4982,97.3988,97.4982,768
13:49,97.2735,97.3988,97.2735,97.3988,1033
13:50,97.2543,97.2735,97.2543,97.2735,1219
13:51,97.2845,97.2845,97.2543,97.2543,805
13:52,97.1909,97.2845,97.1909,97.2845,856
13:53,97.1207,97.1909,97.1207,97.1909,1043
13:54,97.114,97.1207,97.114,97.1207,904
13:55,97.0482,97.114,97.0482,97.114,881
13:56,97.0982,97.0982,97.0482,97.0482,1009
13:57,97.1371,97.1371,97.0982,97.0982,990
13:58,96.9008,97.1371,96.9008,97.1371,518
13:59,97.0909,97.0909,96.9008,96.9008,3288
14:00,97.1355,97.1355,97.0909,97.0909,712
14:01,97.2022,97.2022,97.1355,97.1355,679
14:02,97.1526,97.2022,97.1526,97.2022,675
14:03,97.2276,97.2276,97.1526,97.1526,1816
14:04,97.1834,97.2276,97.1834,97.2276,877
14:05,97.0014,97.1834,97.0014,97.1834,703
14:06,97.0897,97.0897,97.0014,97.0014,1929
14:07,96.9081,97.0897,96.9081,97.0897,556
14:08,96.8828,96.9081,96.8828,96.9081,2216
14:09,96.9979,96.9979,96.8828,96.8828,688
14:10,96.9636,96.9979,96.9636,96.9979,1266
14:11,96.8859,96.9636,96.8859,96.9636,1612
14:12,96.899,96.899,96.8859,96.8859,1499
14:13,97.024,97.024,96.899,96.899,850
14:14,97.1607,97.1607,97.024,97.024,1012
14:15,97.1909,97.1909,97.1607,97.1607,1104
14:16,97.2923,97.2923,97.1909,97.1909,1957
14:17,97.4403,97.4403,97.2923,97.2923,803
14:18,97.3321,97.4403,97.3321,97.4403,9946
14:19,97.3046,97.3321,97.3046,97.3321,1526
14:20,97.179,97.3046,97.179,97.3046,1089
14:21,96.9882,97.179,96.9882,97.179,931
14:22,97.0942,97.0942,96.9882,96.9882,604
14:23,97.1306,97.1306,97.0942,97.0942,829
14:24,97.0812,97.1306,97.0812,97.1306,737
14:25,97.0437,97.0812,97.0437,97.0812,562
14:26,97.0947,97.0947,97.0437,97.0437,1339
14:27,96.9994,97.0947,96.9994,97.0947,771
14:28,97.1004,97.1004,96.9994,96.9994,723
14:29,97.019,97.1004,97.019,97.1004,907
14:30,97.2399,97.2399,97.019,97.019,1274
14:31,97.2949,97.2949,97.2399,97.2399,1316
14:32,97.3556,97.3556,97.2949,97.2949,1372
14:33,97.3802,97.3802,97.3556,97.3556,1007
14:34,97.5996,97.5996,97.3802,97.3802,1520
14:35,97.6902,97.6902,97.5996,97.5996,4784
14:36,97.7313,97.7313,97.6902,97.6902,5423
14:37,97.8264,97.8264,97.7313,97.7313,6574
14:38,97.7747,97.8264,97.7747,97.8264,4519
14:39,97.8531,97.8531,97.7747,97.7747,7627
14:40,97.8651,97.8651,97.8531,97.8531,4093
14:41,97.7004,97.8651,97.7004,97.8651,5574
14:42,97.7256,97.7256,97.7004,97.7004,794
14:43,97.6726,97.7256,97.6726,97.7256,646
14:44,97.6041,97.6726,97.6041,97.6726,879
14:45,97.5472,97.6041,97.5472,97.6041,772
14:46,97.3428,97.5472,97.3428,97.5472,923
14:47,97.3401,97.3428,97.3401,97.3428,4760
14:48,97.5306,97.5306,97.3401,97.3401,2721
14:49,97.597,97.597,97.5306,97.5306,617
14:50,97.2783,97.597,97.2783,97.597,629
14:51,97.2109,97.2783,97.2109,97.2783,2654
14:52,97.129,97.2109,97.129,97.2109,3808
14:53,97.3415,97.3415,97.129,97.129,4537
14:54,97.203,97.3415,97.203,97.3415,1318
14:55,97.1382,97.203,97.1382,97.203,1006
14:56,97.3041,97.3041,97.1382,97.1382,1318
14:57,97.3126,97.3126,97.3041,97.3041,876
14:58,97.2158,97.3126,97.2158,97.3126,534
14:59,97.3132,97.3132,97.2158,97.2158,1194
15:00,97.4612,97.4612,97.3132,97.3132,580
15:01,97.4583,97.4612,97.4583,97.4612,1337
15:02,97.5294,97.5294,97.4583,97.4583,1004
15:03,97.2844,97.5294,97.2844,97.5294,1012
15:04,97.5075,97.5075,97.2844,97.2844,633
15:05,97.649,97.649,97.5075,97.5075,1238
15:06,97.5525,97.649,97.5525,97.649,6221
15:07,97.4973,97.5525,97.4973,97.5525,928
15:08,97.3036,97.4973,97.3036,97.4973,1510
15:09,97.2412,97.3036,97.2412,97.3036,1469
15:10,97.3075,97.3075,97.2412,97.2412,1837
15:11,97.2531,97.3075,97.2531,97.3075,572
15:12,97.2202,97.2531,97.2202,97.2531,916
15:13,97.3552,97.3552,97.2202,97.2202,646
15:14,97.2327,97.3552,97.2327,97.3552,642
15:15,97.3492,97.3492,97.2327,97.2327,428
15:16,97.2757,97.3492,97.2757,97.3492,668
15:17,97.3276,97.3276,97.2757,97.2757,701
15:18,97.1704,97.3276,97.1704,97.3276,971
15:19,97.116,97.1704,97.116,97.1704,1571
15:20,97.3465,97.3465,97.116,97.116,1099
15:21,97.2176,97.3465,97.2176,97.3465,1638
15:22,97.207,97.2176,97.207,97.2176,503
15:23,97.302,97.302,97.207,97.207,453
15:24,97.269,97.302,97.269,97.302,778
15:25,97.1065,97.269,97.1065,97.269,601
15:26,97.0634,97.1065,97.0634,97.1065,817
15:27,97.0898,97.0898,97.0634,97.0634,1070
15:28,97.1571,97.1571,97.0898,97.0898,1309
15:29,97.1726,97.1726,97.1571,97.1571,629
15:30,97.3233,97.3233,97.1726,97.1726,641
15:31,97.262,97.3233,97.262,97.3233,2192
15:32,97.1629,97.262,97.1629,97.262,701
15:33,97.2904,97.2904,97.1629,97.1629,298
15:34,97.408,97.408,97.2904,97.2904,448
15:35,97.5146,97.5146,97.408,97.408,950
15:36,97.5767,97.5767,97.5146,97.5146,1523
15:37,97.5352,97.5767,97.5352,97.5767,2897
15:38,97.6464,97.6464,97.5352,97.5352,853
15:39,97.8028,97.8028,97.6464,97.6464,1186
15:40,97.6848,97.8028,97.6848,97.8028,4918
15:41,97.8029,97.8029,97.6848,97.6848,1026
15:42,97.8836,97.8836,97.8029,97.8029,1467
15:43,97.853,97.8836,97.853,97.8836,8743
15:44,97.8478,97.853,97.8478,97.853,1742
15:45,97.9258,97.9258,97.8478,97.8478,2438
15:46,97.8356,97.9258,97.8356,97.9258,1293
15:47,97.8914,97.8914,97.8356,97.8356,828
15:48,97.762,97.8914,97.762,97.8914,2518
15:49,97.6491,97.762,97.6491,97.762,801
15:50,97.4919,97.6491,97.4919,97.6491,1288
15:51,97.4445,97.4919,97.4445,97.4919,2279
15:52,97.4902,97.4902,97.4445,97.4445,9047
15:53,97.4679,97.4902,97.4679,97.4902,1721
15:54,97.5466,97.5466,97.4679,97.4679,3676
15:55,97.4039,97.5466,97.4039,97.5466,1964
15:56,97.2753,97.4039,97.2753,97.4039,2924
15:57,97.2938,97.2938,97.2753,97.2753,21617
15:58,97.169,97.2938,97.169,97.2938,3440
15:59,97.1757,97.1757,97.169,97.169,26858
