Time,Close,High,Low,Open,Volume
09:30,99.9324,99.9324,99.7299,99.7299,3638
09:31,99.9584,99.9584,99.9324,99.9324,8249
09:32,99.8567,99.9584,99.8567,99.9584,6849
09:33,99.731,99.8567,99.731,99.8567,2593
09:34,99.8856,99.8856,99.731,99.731,7216
09:35,99.8515,99.8856,99.8515,99.8856,2274
09:36,99.8348,99.8515,99.8348,99.8515,3586
09:37,99.8677,99.8677,99.8348,99.8348,1835
09:38,100.0213,100.0213,99.8677,99.8677,1031
09:39,100.1062,100.1062,100.0213,100.0213,2507
09:40,100.0385,100.1062,100.0385,100.1062,852
09:41,100.1156,100.1156,100.0385,100.0385,1993
09:42,100.0509,100.1156,100.0509,100.1156,907
09:43,100.1519,100.1519,100.0509,100.0509,1045
09:44,99.9506,100.1519,99.9506,100.1519,1712
09:45,99.9856,99.9856,99.9506,99.9506,987
09:46,99.9429,99.9856,99.9429,99.9856,830
09:47,99.9713,99.9713,99.9429,99.9429,930
09:48,100.0043,100.0043,99.9713,99.9713,530
09:49,100.0124,100.0124,100.0043,100.0043,672
09:50,100.0286,100.0286,100.0124,100.0124,781
09:51,100.0602,100.0602,100.0286,100.0286,488
09:52,100.1539,100.1539,100.0602,100.0602,574
09:53,100.2535,100.2535,100.1539,100.1539,950
09:54,100.3011,100.3011,100.2535,100.2535,1250
09:55,100.2968,100.3011,100.2968,100.3011,474
09:56,100.1364,100.2968,100.1364,100.2968,1054
09:57,100.4052,100.4052,100.1364,100.1364,658
09:58,100.2892,100.4052,100.2892,100.4052,6985
09:59,100.405,100.405,100.2892,100.2892,1603
10:00,100.4912,100.4912,100.405,100.405,1172
10:01,100.2809,100.4912,100.2809,100.4912,7035
10:02,100.2985,100.2985,100.2809,100.2809,836
10:03,100.1477,100.2985,100.1477,100.2985,907
10:04,100.022,100.1477,100.022,100.1477,1559
10:05,99.9491,100.022,99.9491,100.022,1316
10:06,100.0356,100.0356,99.9491,99.9491,6000
10:07,99.9493,100.0356,99.9493,100.0356,774
10:08,99.907,99.9493,99.907,99.9493,856
10:09,100.003,100.003,99.907,99.907,1936
10:10,99.9689,100.003,99.9689,100.003,536
10:11,99.9514,99.9689,99.9514,99.9689,635
10:12,99.9937,99.9937,99.9514,99.9514,923
10:13,100.0971,100.0971,99.9937,99.9937,1255
10:14,100.1378,100.1378,100.0971,100.0971,354
10:15,100.1,100.1378,100.1,100.1378,662
10:16,100.1567,100.1567,100.1,100.1,830
10:17,100.1768,100.1768,100.1567,100.1567,676
10:18,100.2175,100.2175,100.1768,100.1768,1143
10:19,100.2155,100.2175,100.2155,100.2175,844
10:20,100.3192,100.3192,100.2155,100.2155,883
10:21,100.2092,100.3192,100.2092,100.3192,1232
10:22,100.142,100.2092,100.142,100.2092,1219
10:23,99.9522,100.142,99.9522,100.142,1058
10:24,100.1787,100.1787,99.9522,99.9522,1253
10:25,100.2183,100.2183,100.1787,100.1787,1136
10:26,100.2882,100.2882,100.2183,100.2183,731
10:27,100.2837,100.2882,100.2837,100.2882,1242
10:28,100.2337,100.2837,100.2337,100.2837,1110
10:29,100.1846,100.2337,100.1846,100.2337,1061
10:30,100.0762,100.1846,100.0762,100.1846,860
10:31,100.0188,100.0762,100.0188,100.0762,1108
10:32,100.0027,100.0188,100.0027,100.0188,358
10:33,99.9446,100.0027,99.9446,100.0027,734
10:34,100.0279,100.0279,99.9446,99.9446,1659
10:35,99.8486,100.0279,99.8486,100.0279,945
10:36,99.9038,99.9038,99.8486,99.8486,1219
10:37,99.9822,99.9822,99.9038,99.9038,909
10:38,100.0772,100.0772,99.9822,99.9822,760
10:39,100.0187,100.0772,100.0187,100.0772,719
10:40,99.6812,100.0187,99.6812,100.0187,812
10:41,99.7568,99.7568,99.6812,99.6812,5982
10:42,99.9533,99.9533,99.7568,99.7568,1594
10:43,100.1899,100.1899,99.9533,99.9533,728
10:44,100.1216,100.1899,100.1216,100.1899,2406
10:45,99.9632,100.1216,99.9632,100.1216,784
10:46,99.8531,99.9632,99.8531,99.9632,841
10:47,99.9857,99.9857,99.8531,99.8531,792
10:48,99.9259,99.9857,99.9259,99.9857,2203
10:49,99.9511,99.9511,99.9259,99.9259,1219
10:50,100.0055,100.0055,99.9511,99.9511,1008
10:51,99.986,100.0055,99.986,100.0055,887
10:52,99.9353,99.986,99.9353,99.986,426
10:53,100.0606,100.0606,99.9353,99.9353,2061
10:54,100.3221,100.3221,100.0606,100.0606,1040
10:55,100.4099,100.4099,100.3221,100.3221,2665
10:56,100.1198,100.4099,100.1198,100.4099,5884
10:57,100.1168,100.1198,100.1168,100.1198,927
10:58,100.0627,100.1168,100.0627,100.1168,1220
10:59,99.9381,100.0627,99.9381,100.0627,787
11:00,99.7706,99.9381,99.7706,99.9381,1050
11:01,99.6969,99.7706,99.6969,99.7706,2702
11:02,99.6202,99.6969,99.6202,99.6969,11949
11:03,99.7317,99.7317,99.6202,99.6202,4729
11:04,99.8132,99.8132,99.7317,99.7317,1152
11:05,99.9929,99.9929,99.8132,99.8132,522
11:06,100.1441,100.1441,99.9929,99.9929,1395
11:07,100.2106,100.2106,100.1441,100.1441,1593
11:08,100.0755,100.2106,100.0755,100.2106,6582
11:09,100.042,100.0755,100.042,100.0755,2920
11:10,100.0568,100.0568,100.042,100.042,764
11:11,99.9463,100.0568,99.9463,100.0568,1591
11:12,100.1359,100.1359,99.9463,99.9463,641
11:13,100.2408,100.2408,100.1359,100.1359,1105
11:14,100.2162,100.2408,100.2162,100.2408,1589
11:15,100.2204,100.2204,100.2162,100.2162,1115
11:16,100.1901,100.2204,100.1901,100.2204,700
11:17,100.0461,100.1901,100.0461,100.1901,858
11:18,100.1361,100.1361,100.0461,100.0461,2342
11:19,100.0194,100.1361,100.0194,100.1361,644
11:20,99.9753,100.0194,99.9753,100.0194,823
11:21,99.936,99.9753,99.936,99.9753,646
11:22,99.7956,99.936,99.7956,99.936,1159
11:23,99.6685,99.7956,99.6685,99.7956,2924
11:24,99.8787,99.8787,99.6685,99.6685,2802
11:25,99.927,99.927,99.8787,99.8787,553
11:26,99.8901,99.927,99.8901,99.927,694
11:27,99.8225,99.8901,99.8225,99.8901,580
11:28,99.5837,99.8225,99.5837,99.8225,862
11:29,99.5408,99.5837,99.5408,99.5837,4806
11:30,99.5226,99.5408,99.5226,99.5408,5987
11:31,99.418,99.5226,99.418,99.5226,2130
11:32,99.5514,99.5514,99.418,99.418,6091
11:33,99.7914,99.7914,99.5514,99.5514,1700
11:34,99.8479,99.8479,99.7914,99.7914,539
11:35,99.9484,99.9484,99.8479,99.8479,983
11:36,99.9798,99.9798,99.9484,99.9484,1165
11:37,99.9104,99.9798,99.9104,99.9798,718
11:38,100.0716,100.0716,99.9104,99.9104,957
11:39,99.9055,100.0716,99.9055,100.0716,3369
11:40,99.8005,99.9055,99.8005,99.9055,870
11:41,99.8848,99.8848,99.8005,99.8005,960
11:42,99.7543,99.8848,99.7543,99.8848,644
11:43,99.9168,99.9168,99.7543,99.7543,982
11:44,99.8782,99.9168,99.8782,99.9168,495
11:45,99.9391,99.9391,99.8782,99.8782,894
11:46,99.9605,99.9605,99.9391,99.9391,735
11:47,100.0143,100.0143,99.9605,99.9605,1070
11:48,99.8996,100.0143,99.8996,100.0143,1324
11:49,99.6357,99.8996,99.6357,99.8996,906
11:50,99.4697,99.6357,99.4697,99.6357,1618
11:51,99.3427,99.4697,99.3427,99.4697,3308
11:52,99.4438,99.4438,99.3427,99.3427,20764
11:53,99.2401,99.4438,99.2401,99.4438,1349
11:54,99.3871,99.3871,99.2401,99.2401,7825
11:55,99.4818,99.4818,99.3871,99.3871,946
11:56,99.4519,99.4818,99.4519,99.4818,822
11:57,99.5413,99.5413,99.4519,99.4519,1172
11:58,99.6805,99.6805,99.5413,99.5413,787
11:59,99.5866,99.6805,99.5866,99.6805,436
12:00,99.6665,99.6665,99.5866,99.5866,1203
12:01,99.5299,99.6665,99.5299,99.6665,1137
12:02,99.6998,99.6998,99.5299,99.5299,660
12:03,99.6736,99.6998,99.6736,99.6998,1129
12:04,99.6194,99.6736,99.6194,99.6736,922
12:05,99.6676,99.6676,99.6194,99.6194,926
12:06,99.5497,99.6676,99.5497,99.6676,771
12:07,99.6681,99.6681,99.5497,99.5497,1221
12:08,99.809,99.809,99.6681,99.6681,1004
12:09,99.7911,99.809,99.7911,99.809,1216
12:10,99.7434,99.7911,99.7434,99.7911,1800
12:11,99.8377,99.8377,99.7434,99.7434,515
12:12,99.7802,99.8377,99.7802,99.8377,849
12:13,99.7631,99.7802,99.7631,99.7802,620
12:14,99.8448,99.8448,99.7631,99.7631,585
12:15,99.8963,99.8963,99.8448,99.8448,821
12:16,100.0585,100.0585,99.8963,99.8963,569
12:17,100.05,100.0585,100.05,100.0585,4744
12:18,100.1497,100.1497,100.05,100.05,749
12:19,100.1353,100.1497,100.1353,100.1497,4264
12:20,100.0777,100.1353,100.0777,100.1353,1184
12:21,100.0079,100.0777,100.0079,100.0777,711
12:22,99.7733,100.0079,99.7733,100.0079,671
12:23,99.8314,99.8314,99.7733,99.7733,1938
12:24,99.8592,99.8592,99.8314,99.8314,983
12:25,99.8051,99.8592,99.8051,99.8592,787
12:26,99.7514,99.8051,99.7514,99.8051,1354
12:27,99.7127,99.7514,99.7127,99.7514,869
12:28,99.7304,99.7304,99.7127,99.7127,1374
12:29,99.9023,99.9023,99.7304,99.7304,1027
12:30,99.7959,99.9023,99.7959,99.9023,1053
12:31,99.7219,99.7959,99.7219,99.7959,431
12:32,99.7366,99.7366,99.7219,99.7219,1453
12:33,99.754,99.754,99.7366,99.7366,772
12:34,99.7444,99.754,99.7444,99.754,834
12:35,99.8857,99.8857,99.7444,99.7444,924
12:36,99.9495,99.9495,99.8857,99.8857,814
12:37,99.8809,99.9495,99.8809,99.9495,543
12:38,99.8205,99.8809,99.8205,99.8809,634
12:39,99.7515,99.8205,99.7515,99.8205,612
12:40,99.7177,99.7515,99.7177,99.7515,774
12:41,99.6116,99.7177,99.6116,99.7177,953
12:42,99.7443,99.7443,99.6116,99.6116,591
12:43,99.63,99.7443,99.63,99.7443,496
12:44,99.5022,99.63,99.5022,99.63,571
12:45,99.6254,99.6254,99.5022,99.5022,1082
12:46,99.7066,99.7066,99.6254,99.6254,686
12:47,99.6433,99.7066,99.6433,99.7066,864
12:48,99.5565,99.6433,99.5565,99.6433,1159
12:49,99.617,99.617,99.5565,99.5565,1112
12:50,99.5798,99.617,99.5798,99.617,875
12:51,99.4702,99.5798,99.4702,99.5798,1579
12:52,99.5487,99.5487,99.4702,99.4702,1299
12:53,99.5723,99.5723,99.5487,99.5487,667
12:54,99.6324,99.6324,99.5723,99.5723,1041
12:55,99.6528,99.6528,99.6324,99.6324,331
12:56,99.8964,99.8964,99.6528,99.6528,1128
12:57,99.708,99.8964,99.708,99.8964,3316
12:58,99.6963,99.708,99.6963,99.708,1384
12:59,99.7074,99.7074,99.6963,99.6963,613
13:00,99.7675,99.7675,99.7074,99.7074,705
13:01,99.7076,99.7675,99.7076,99.7675,806
13:02,99.7519,99.7519,99.7076,99.7076,1239
13:03,99.8228,99.8228,99.7519,99.7519,1014
13:04,99.9388,99.9388,99.8228,99.8228,727
13:05,99.7556,99.9388,99.7556,99.9388,2530
13:06,99.8271,99.8271,99.7556,99.7556,813
13:07,99.9703,99.9703,99.8271,99.8271,2355
13:08,99.9572,99.9703,99.9572,99.9703,1768
13:09,99.9265,99.9572,99.9265,99.9572,868
13:10,99.9354,99.9354,99.9265,99.9265,926
13:11,99.8596,99.9354,99.8596,99.9354,721
13:12,99.8706,99.8706,99.8596,99.8596,714
13:13,99.7652,99.8706,99.7652,99.8706,640
13:14,99.9157,99.9157,99.7652,99.7652,983
13:15,99.8356,99.9157,99.8356,99.9157,924
13:16,99.9411,99.9411,99.8356,99.8356,839
13:17,99.9576,99.9576,99.9411,99.9411,785
13:18,100.1613,100.1613,99.9576,99.9576,477
13:19,100.2533,100.2533,100.1613,100.1613,504
13:20,100.4005,100.4005,100.2533,100.2533,8570
13:21,100.4284,100.4284,100.4005,100.4005,4186
13:22,100.308,100.4284,100.308,100.4284,4874
13:23,100.0845,100.308,100.0845,100.308,1022
13:24,100.0412,100.0845,100.0412,100.0845,1747
13:25,100.1349,100.1349,100.0412,100.0412,1438
13:26,100.0639,100.1349,100.0639,100.1349,711
13:27,100.082,100.082,100.0639,100.0639,871
13:28,100.0888,100.0888,100.082,100.082,731
13:29,100.0381,100.0888,100.0381,100.0888,507
13:30,100.0228,100.0381,100.0228,100.0381,646
13:31,100.082,100.082,100.0228,100.0228,738
13:32,100.1141,100.1141,100.082,100.082,582
13:33,100.2173,100.2173,100.1141,100.1141,1055
13:34,100.1618,100.2173,100.1618,100.2173,1006
13:35,100.1852,100.1852,100.1618,100.1618,594
13:36,100.2431,100.2431,100.1852,100.1852,782
13:37,100.0619,100.2431,100.0619,100.2431,762
13:38,100.0766,100.0766,100.0619,100.0619,985
13:39,100.0847,100.0847,100.0766,100.0766,672
13:40,100.0976,100.0976,100.0847,100.0847,587
13:41,100.1387,100.1387,100.0976,100.0976,894
13:42,99.8671,100.1387,99.8671,100.1387,574
13:43,99.809,99.8671,99.809,99.8671,1344
13:44,99.9288,99.9288,99.809,99.809,5559
13:45,99.8292,99.9288,99.8292,99.9288,975
13:46,99.8426,99.8426,99.8292,99.8292,2581
13:47,99.8912,99.8912,99.8426,99.8426,780
13:48,100.0709,100.0709,99.8912,99.8912,1540
13:49,100.1229,100.1229,100.0709,100.0709,859
13:50,100.1727,100.1727,100.1229,100.1229,1629
13:51,100.1191,100.1727,100.1191,100.1727,2239
13:52,100.07,100.1191,100.07,100.1191,776
13:53,99.863,100.07,99.863,100.07,1369
13:54,99.8057,99.863,99.8057,99.863,807
13:55,99.8442,99.8442,99.8057,99.8057,2290
13:56,99.6454,99.8442,99.6454,99.8442,1229
13:57,99.4867,99.6454,99.4867,99.6454,4237
13:58,99.3506,99.4867,99.3506,99.4867,5968
13:59,99.3873,99.3873,99.3506,99.3506,8148
14:00,99.4392,99.4392,99.3873,99.3873,5042
14:01,99.284,99.4392,99.284,99.4392,733
14:02,99.0178,99.284,99.0178,99.284,7135
14:03,98.9885,99.0178,98.9885,99.0178,12170
14:04,98.8977,98.9885,98.8977,98.9885,6102
14:05,98.933,98.933,98.8977,98.8977,9632
14:06,98.8945,98.933,98.8945,98.933,4384
14:07,98.9895,98.9895,98.8945,98.8945,9042
14:08,99.1456,99.1456,98.9895,98.9895,1601
14:09,99.0606,99.1456,99.0606,99.1456,627
14:10,98.9945,99.0606,98.9945,99.0606,464
14:11,98.8494,98.9945,98.8494,98.9945,693
14:12,98.9075,98.9075,98.8494,98.8494,5144
14:13,98.8613,98.9075,98.8613,98.9075,1559
14:14,98.8828,98.8828,98.8613,98.8613,1059
14:15,98.6764,98.8828,98.6764,98.8828,1603
14:16,98.8611,98.8611,98.6764,98.6764,11251
14:17,98.8403,98.8611,98.8403,98.8611,1105
14:18,98.7499,98.8403,98.7499,98.8403,624
14:19,98.8573,98.8573,98.7499,98.7499,1027
14:20,98.9262,98.9262,98.8573,98.8573,664
14:21,98.9191,98.9262,98.9191,98.9262,685
14:22,98.9766,98.9766,98.9191,98.9191,973
14:23,99.0644,99.0644,98.9766,98.9766,1124
14:24,98.871,99.0644,98.871,99.0644,550
14:25,98.8765,98.8765,98.871,98.871,870
14:26,98.8074,98.8765,98.8074,98.8765,572
14:27,98.8887,98.8887,98.8074,98.8074,881
14:28,98.8904,98.8904,98.8887,98.8887,413
14:29,98.9256,98.9256,98.8904,98.8904,454
14:30,98.7594,98.9256,98.7594,98.9256,1311
14:31,98.6409,98.7594,98.6409,98.7594,724
14:32,98.4302,98.6409,98.4302,98.6409,892
14:33,98.4361,98.4361,98.4302,98.4302,4728
14:34,98.421,98.4361,98.421,98.4361,4589
14:35,98.5608,98.5608,98.421,98.421,7490
14:36,98.6049,98.6049,98.5608,98.5608,733
14:37,98.5211,98.6049,98.5211,98.6049,457
14:38,98.5578,98.5578,98.5211,98.5211,873
14:39,98.6063,98.6063,98.5578,98.5578,580
14:40,98.5883,98.6063,98.5883,98.6063,854
14:41,98.4653,98.5883,98.4653,98.5883,742
14:42,98.4447,98.4653,98.4447,98.4653,1903
14:43,98.6303,98.6303,98.4447,98.4447,975
14:44,98.741,98.741,98.6303,98.6303,958
14:45,98.7306,98.741,98.7306,98.741,1257
14:46,98.7366,98.7366,98.7306,98.7306,908
14:47,98.6506,98.7366,98.6506,98.7366,1061
14:48,98.4228,98.6506,98.4228,98.6506,1542
14:49,98.5758,98.5758,98.4228,98.4228,590
14:50,98.5899,98.5899,98.5758,98.5758,773
14:51,98.4561,98.5899,98.4561,98.5899,1240
14:52,98.3611,98.4561,98.3611,98.4561,662
14:53,98.5659,98.5659,98.3611,98.3611,1573
14:54,98.5095,98.5659,98.5095,98.5659,1025
14:55,98.4392,98.5095,98.4392,98.5095,490
14:56,98.6072,98.6072,98.4392,98.4392,743
14:57,98.6712,98.6712,98.6072,98.6072,619
14:58,98.6104,98.6712,98.6104,98.6712,643
14:59,98.7102,98.7102,98.6104,98.6104,1370
15:00,98.5708,98.7102,98.5708,98.7102,943
15:01,98.6031,98.6031,98.5708,98.5708,1043
15:02,98.7091,98.7091,98.6031,98.6031,1259
15:03,98.7204,98.7204,98.7091,98.7091,1028
15:04,98.5847,98.7204,98.5847,98.7204,813
15:05,98.6313,98.6313,98.5847,98.5847,1079
15:06,98.4917,98.6313,98.4917,98.6313,329
15:07,98.5421,98.5421,98.4917,98.4917,1240
15:08,98.454,98.5421,98.454,98.5421,785
15:09,98.3602,98.454,98.3602,98.454,893
15:10,98.3031,98.3602,98.3031,98.3602,824
15:11,98.2606,98.3031,98.2606,98.3031,2741
15:12,98.3485,98.3485,98.2606,98.2606,1520
15:13,98.3924,98.3924,98.3485,98.3485,667
15:14,98.2413,98.3924,98.2413,98.3924,685
15:15,98.243,98.243,98.2413,98.2413,781
15:16,98.0946,98.243,98.0946,98.243,2367
15:17,98.0609,98.0946,98.0609,98.0946,4878
15:18,97.8677,98.0609,97.8677,98.0609,472
15:19,97.7525,97.8677,97.7525,97.8677,2307
15:20,97.8203,97.8203,97.7525,97.7525,7399
15:21,97.9766,97.9766,97.8203,97.8203,7283
15:22,97.9298,97.9766,97.9298,97.9766,673
15:23,98.1354,98.1354,97.9298,97.9298,1156
15:24,98.1022,98.1354,98.1022,98.1354,1081
15:25,97.9787,98.1022,97.9787,98.1022,863
15:26,97.9925,97.9925,97.9787,97.9787,1055
15:27,97.9638,97.9925,97.9638,97.9925,583
15:28,97.9485,97.9638,97.9485,97.9638,841
15:29,98.0009,98.0009,97.9485,97.9485,440
15:30,98.0902,98.0902,98.0009,98.0009,730
15:31,97.9321,98.0902,97.9321,98.0902,1666
15:32,97.998,97.998,97.9321,97.9321,882
15:33,98.1582,98.1582,97.998,97.998,868
15:34,98.0608,98.1582,98.0608,98.1582,543
15:35,97.9555,98.0608,97.9555,98.0608,722
15:36,97.8205,97.9555,97.8205,97.9555,1015
15:37,97.8798,97.8798,97.8205,97.8205,556
15:38,97.892,97.892,97.8798,97.8798,658
15:39,97.8896,97.892,97.8896,97.892,835
15:40,97.9202,97.9202,97.8896,97.8896,920
15:41,98.0305,98.0305,97.9202,97.9202,987
15:42,97.9357,98.0305,97.9357,98.0305,761
15:43,98.0112,98.0112,97.9357,97.9357,1114
15:44,98.0887,98.0887,98.0112,98.0112,1309
15:45,98.1095,98.1095,98.0887,98.0887,997
15:46,98.2219,98.2219,98.1095,98.1095,1230
15:47,98.2289,98.2289,98.2219,98.2219,1832
15:48,98.2339,98.2339,98.2289,98.2289,2186
15:49,98.1947,98.2339,98.1947,98.2339,1350
15:50,98.1102,98.1947,98.1102,98.1947,1618
15:51,97.9828,98.1102,97.9828,98.1102,1254
15:52,98.0197,98.0197,97.9828,97.9828,1934
15:53,98.1119,98.1119,98.0197,98.0197,2441
15:54,98.2617,98.2617,98.1119,98.1119,1394
15:55,98.4442,98.4442,98.2617,98.2617,2242
15:56,98.3381,98.4442,98.3381,98.4442,20011
15:57,98.1771,98.3381,98.1771,98.3381,3735
15:58,98.094,98.1771,98.094,98.1771,2553
15:59,97.9958,98.094,97.9958,98.094,9731
