Time,Close,High,Low,Open,Volume
09:30,100.0106,100.0106,99.8927,99.8927,10733
09:31,99.9936,100.0106,99.9936,100.0106,5851
09:32,99.8111,99.9936,99.8111,99.9936,6712
09:33,99.7631,99.8111,99.7631,99.8111,4822
09:34,99.7895,99.7895,99.7631,99.7631,3478
09:35,99.7289,99.7895,99.7289,99.7895,3610
09:36,99.7597,99.7597,99.7289,99.7289,1998
09:37,99.8992,99.8992,99.7597,99.7597,1090
09:38,99.9408,99.9408,99.8992,99.8992,1419
09:39,100.1466,100.1466,99.9408,99.9408,1489
09:40,100.2044,100.2044,100.1466,100.1466,7197
09:41,100.262,100.262,100.2044,100.2044,14018
09:42,100.3113,100.3113,100.262,100.262,3556
09:43,100.3319,100.3319,100.3113,100.3113,6781
09:44,100.2735,100.3319,100.2735,100.3319,3145
09:45,100.1413,100.2735,100.1413,100.2735,1304
09:46,100.0622,100.1413,100.0622,100.1413,1334
09:47,100.073,100.073,100.0622,100.0622,1839
09:48,99.9231,100.073,99.9231,100.073,734
09:49,99.8878,99.9231,99.8878,99.9231,753
09:50,99.932,99.932,99.8878,99.8878,1400
09:51,99.7947,99.932,99.7947,99.932,479
09:52,99.7939,99.7947,99.7939,99.7947,1883
09:53,99.8818,99.8818,99.7939,99.7939,959
09:54,99.9245,99.9245,99.8818,99.8818,1250
09:55,99.7587,99.9245,99.7587,99.9245,697
09:56,99.6852,99.7587,99.6852,99.7587,765
09:57,99.6971,99.6971,99.6852,99.6852,1727
09:58,99.8909,99.8909,99.6971,99.6971,1442
09:59,99.9615,99.9615,99.8909,99.8909,634
10:00,100.0869,100.0869,99.9615,99.9615,988
10:01,100.142,100.142,100.0869,100.0869,1651
10:02,100.0513,100.142,100.0513,100.142,1987
10:03,99.9757,100.0513,99.9757,100.0513,1465
10:04,99.7494,99.9757,99.7494,99.9757,570
10:05,99.7868,99.7868,99.7494,99.7494,718
10:06,99.7328,99.7868,99.7328,99.7868,1026
10:07,99.8553,99.8553,99.7328,99.7328,1888
10:08,99.7321,99.8553,99.7321,99.8553,1259
10:09,99.7732,99.7732,99.7321,99.7321,468
10:10,99.8811,99.8811,99.7732,99.7732,961
10:11,99.813,99.8811,99.813,99.8811,722
10:12,99.5914,99.813,99.5914,99.813,1065
10:13,99.7438,99.7438,99.5914,99.5914,4483
10:14,99.8099,99.8099,99.7438,99.7438,1228
10:15,99.8998,99.8998,99.8099,99.8099,742
10:16,99.8469,99.8998,99.8469,99.8998,1136
10:17,99.8507,99.8507,99.8469,99.8469,1573
10:18,99.9932,99.9932,99.8507,99.8507,796
10:19,99.9961,99.9961,99.9932,99.9932,772
10:20,100.2221,100.2221,99.9961,99.9961,1049
10:21,100.1227,100.2221,100.1227,100.2221,6755
10:22,100.1462,100.1462,100.1227,100.1227,2303
10:23,100.3364,100.3364,100.1462,100.1462,1075
10:24,100.3313,100.3364,100.3313,100.3364,4957
10:25,99.9988,100.3313,99.9988,100.3313,4225
10:26,100.0301,100.0301,99.9988,99.9988,575
10:27,99.9427,100.0301,99.9427,100.0301,580
10:28,99.8089,99.9427,99.8089,99.9427,584
10:29,99.7211,99.8089,99.7211,99.8089,512
10:30,99.6826,99.7211,99.6826,99.7211,2546
10:31,99.5757,99.6826,99.5757,99.6826,656
10:32,99.7412,99.7412,99.5757,99.5757,5028
10:33,99.9002,99.9002,99.7412,99.7412,678
10:34,99.9723,99.9723,99.9002,99.9002,1945
10:35,99.9635,99.9723,99.9635,99.9723,703
10:36,99.9774,99.9774,99.9635,99.9635,517
10:37,99.6529,99.9774,99.6529,99.9774,756
10:38,99.5677,99.6529,99.5677,99.6529,1525
10:39,99.3893,99.5677,99.3893,99.5677,1415
10:40,99.4882,99.4882,99.3893,99.3893,8527
10:41,99.4978,99.4978,99.4882,99.4882,910
10:42,99.5259,99.5259,99.4978,99.4978,1333
10:43,99.5415,99.5415,99.5259,99.5259,502
10:44,99.5529,99.5529,99.5415,99.5415,749
10:45,99.5385,99.5529,99.5385,99.5529,389
10:46,99.4907,99.5385,99.4907,99.5385,1948
10:47,99.6306,99.6306,99.4907,99.4907,955
10:48,99.6751,99.6751,99.6306,99.6306,428
10:49,99.7133,99.7133,99.6751,99.6751,888
10:50,99.8113,99.8113,99.7133,99.7133,426
10:51,99.788,99.8113,99.788,99.8113,1004
10:52,99.8458,99.8458,99.788,99.788,667
10:53,99.8387,99.8458,99.8387,99.8458,1334
10:54,99.9424,99.9424,99.8387,99.8387,903
10:55,99.8715,99.9424,99.8715,99.9424,2834
10:56,99.8359,99.8715,99.8359,99.8715,517
10:57,99.7894,99.8359,99.7894,99.8359,1263
10:58,99.7465,99.7894,99.7465,99.7894,366
10:59,99.8007,99.8007,99.7465,99.7465,601
11:00,99.8506,99.8506,99.8007,99.8007,990
11:01,99.884,99.884,99.8506,99.8506,834
11:02,99.9257,99.9257,99.884,99.884,920
11:03,100.0309,100.0309,99.9257,99.9257,435
11:04,100.0424,100.0424,100.0309,100.0309,1624
11:05,100.1093,100.1093,100.0424,100.0424,1008
11:06,100.1313,100.1313,100.1093,100.1093,1245
11:07,100.1922,100.1922,100.1313,100.1313,576
11:08,100.0528,100.1922,100.0528,100.1922,1220
11:09,100.0577,100.0577,100.0528,100.0528,855
11:10,100.0594,100.0594,100.0577,100.0577,1290
11:11,100.004,100.0594,100.004,100.0594,615
11:12,99.992,100.004,99.992,100.004,662
11:13,99.9205,99.992,99.9205,99.992,1029
11:14,99.9259,99.9259,99.9205,99.9205,995
11:15,99.9086,99.9259,99.9086,99.9259,661
11:16,99.9954,99.9954,99.9086,99.9086,663
11:17,99.8353,99.9954,99.8353,99.9954,747
11:18,99.8385,99.8385,99.8353,99.8353,1338
11:19,99.6392,99.8385,99.6392,99.8385,1138
11:20,99.6876,99.6876,99.6392,99.6392,6057
11:21,99.8627,99.8627,99.6876,99.6876,1611
11:22,99.9199,99.9199,99.8627,99.8627,635
11:23,99.9075,99.9199,99.9075,99.9199,880
11:24,100.0601,100.0601,99.9075,99.9075,690
11:25,100.2634,100.2634,100.0601,100.0601,1556
11:26,100.253,100.2634,100.253,100.2634,3608
11:27,100.133,100.253,100.133,100.253,10082
11:28,100.1543,100.1543,100.133,100.133,603
11:29,100.2998,100.2998,100.1543,100.1543,983
11:30,100.2095,100.2998,100.2095,100.2998,1474
11:31,100.1383,100.2095,100.1383,100.2095,887
11:32,100.1725,100.1725,100.1383,100.1383,792
11:33,100.1667,100.1725,100.1667,100.1725,922
11:34,100.1631,100.1667,100.1631,100.1667,751
11:35,100.0133,100.1631,100.0133,100.1631,823
11:36,100.1,100.1,100.0133,100.0133,362
11:37,100.1501,100.1501,100.1,100.1,1406
11:38,100.1338,100.1501,100.1338,100.1501,969
11:39,99.962,100.1338,99.962,100.1338,1211
11:40,99.8053,99.962,99.8053,99.962,802
11:41,99.6813,99.8053,99.6813,99.8053,1232
11:42,99.7645,99.7645,99.6813,99.6813,5086
11:43,99.8446,99.8446,99.7645,99.7645,1291
11:44,99.9646,99.9646,99.8446,99.8446,1232
11:45,99.9022,99.9646,99.9022,99.9646,1516
11:46,99.9244,99.9244,99.9022,99.9022,817
11:47,99.637,99.9244,99.637,99.9244,1160
11:48,99.6721,99.6721,99.637,99.637,5111
11:49,99.6544,99.6721,99.6544,99.6721,1088
11:50,99.7671,99.7671,99.6544,99.6544,1079
11:51,99.7889,99.7889,99.7671,99.7671,590
11:52,99.7746,99.7889,99.7746,99.7889,762
11:53,99.8022,99.8022,99.7746,99.7746,1048
11:54,99.8152,99.8152,99.8022,99.8022,1092
11:55,99.7835,99.8152,99.7835,99.8152,913
11:56,99.742,99.7835,99.742,99.7835,502
11:57,99.7785,99.7785,99.742,99.742,901
11:58,99.6386,99.7785,99.6386,99.7785,651
11:59,99.7501,99.7501,99.6386,99.6386,918
12:00,99.7204,99.7501,99.7204,99.7501,1130
12:01,99.8017,99.8017,99.7204,99.7204,662
12:02,99.8997,99.8997,99.8017,99.8017,680
12:03,99.8372,99.8997,99.8372,99.8997,1773
12:04,99.9283,99.9283,99.8372,99.8372,887
12:05,99.9604,99.9604,99.9283,99.9283,753
12:06,99.932,99.9604,99.932,99.9604,817
12:07,99.9796,99.9796,99.932,99.932,695
12:08,99.9737,99.9796,99.9737,99.9796,1129
12:09,99.9117,99.9737,99.9117,99.9737,969
12:10,99.8976,99.9117,99.8976,99.9117,653
12:11,99.7791,99.8976,99.7791,99.8976,841
12:12,99.7118,99.7791,99.7118,99.7791,1326
12:13,99.7517,99.7517,99.7118,99.7118,840
12:14,99.7559,99.7559,99.7517,99.7517,961
12:15,99.8198,99.8198,99.7559,99.7559,653
12:16,99.8062,99.8198,99.8062,99.8198,1274
12:17,99.7681,99.8062,99.7681,99.8062,732
12:18,99.8054,99.8054,99.7681,99.7681,594
12:19,99.7305,99.8054,99.7305,99.8054,528
12:20,99.6201,99.7305,99.6201,99.7305,776
12:21,99.48,99.6201,99.48,99.6201,1295
12:22,99.2763,99.48,99.2763,99.48,2138
12:23,99.1693,99.2763,99.1693,99.2763,2887
12:24,99.3961,99.3961,99.1693,99.1693,7590
12:25,99.2661,99.3961,99.2661,99.3961,1959
12:26,99.1281,99.2661,99.1281,99.2661,718
12:27,98.9897,99.1281,98.9897,99.1281,5376
12:28,99.1358,99.1358,98.9897,98.9897,14964
12:29,99.2425,99.2425,99.1358,99.1358,1310
12:30,99.2549,99.2549,99.2425,99.2425,679
12:31,99.2908,99.2908,99.2549,99.2549,649
12:32,99.4099,99.4099,99.2908,99.2908,747
12:33,99.5008,99.5008,99.4099,99.4099,441
12:34,99.4984,99.5008,99.4984,99.5008,1254
12:35,99.405,99.4984,99.405,99.4984,992
12:36,99.4725,99.4725,99.405,99.405,394
12:37,99.6228,99.6228,99.4725,99.4725,626
12:38,99.4189,99.6228,99.4189,99.6228,8107
12:39,99.3924,99.4189,99.3924,99.4189,567
12:40,99.3891,99.3924,99.3891,99.3924,524
12:41,99.2517,99.3891,99.2517,99.3891,967
12:42,99.2593,99.2593,99.2517,99.2517,527
12:43,99.2911,99.2911,99.2593,99.2593,577
12:44,99.2112,99.2911,99.2112,99.2911,410
12:45,99.1991,99.2112,99.1991,99.2112,945
12:46,99.1542,99.1991,99.1542,99.1991,858
12:47,99.2248,99.2248,99.1542,99.1542,1141
12:48,99.1214,99.2248,99.1214,99.2248,1718
12:49,98.9639,99.1214,98.9639,99.1214,955
12:50,98.9349,98.9639,98.9349,98.9639,2743
12:51,98.9189,98.9349,98.9189,98.9349,747
12:52,98.741,98.9189,98.741,98.9189,683
12:53,98.712,98.741,98.712,98.741,6682
12:54,98.5564,98.712,98.5564,98.712,4366
12:55,98.4616,98.5564,98.4616,98.5564,6035
12:56,98.4653,98.4653,98.4616,98.4616,5263
12:57,98.312,98.4653,98.312,98.4653,4090
12:58,98.1197,98.312,98.1197,98.312,5664
12:59,98.0923,98.1197,98.0923,98.1197,13709
13:00,98.0594,98.0923,98.0594,98.0923,17131
13:01,98.0406,98.0594,98.0406,98.0594,5371
13:02,97.968,98.0406,97.968,98.0406,3827
13:03,97.7564,97.968,97.7564,97.968,3874
13:04,97.7016,97.7564,97.7016,97.7564,7484
13:05,97.6868,97.7016,97.6868,97.7016,7384
13:06,97.7461,97.7461,97.6868,97.6868,4990
13:07,97.6867,97.7461,97.6867,97.7461,2818
13:08,97.6796,97.6867,97.6796,97.6867,8457
13:09,97.6332,97.6796,97.6332,97.6796,1245
13:10,97.5969,97.6332,97.5969,97.6332,904
13:11,97.5518,97.5969,97.5518,97.5969,1026
13:12,97.3341,97.5518,97.3341,97.5518,716
13:13,97.5267,97.5267,97.3341,97.3341,4436
13:14,97.6411,97.6411,97.5267,97.5267,835
13:15,97.5946,97.6411,97.5946,97.6411,558
13:16,97.5007,97.5946,97.5007,97.5946,754
13:17,97.4289,97.5007,97.4289,97.5007,712
13:18,97.3775,97.4289,97.3775,97.4289,956
13:19,97.3911,97.3911,97.3775,97.3775,1764
13:20,97.2399,97.3911,97.2399,97.3911,1356
13:21,97.1833,97.2399,97.1833,97.2399,6419
13:22,97.1458,97.1833,97.1458,97.1833,5534
13:23,97.2459,97.2459,97.1458,97.1458,3947
13:24,97.3081,97.3081,97.2459,97.2459,668
13:25,97.0711,97.3081,97.0711,97.3081,466
13:26,97.0172,97.0711,97.0172,97.0711,5451
13:27,97.1532,97.1532,97.0172,97.0172,4116
13:28,97.2954,97.2954,97.1532,97.1532,983
13:29,97.2889,97.2954,97.2889,97.2954,695
13:30,97.2704,97.2889,97.2704,97.2889,783
13:31,97.3601,97.3601,97.2704,97.2704,1055
13:32,97.5079,97.5079,97.3601,97.3601,680
13:33,97.4995,97.5079,97.4995,97.5079,1440
13:34,97.4618,97.4995,97.4618,97.4995,1312
13:35,97.6473,97.6473,97.4618,97.4618,722
13:36,97.5817,97.6473,97.5817,97.6473,4938
13:37,97.5507,97.5817,97.5507,97.5817,1212
13:38,97.7143,97.7143,97.5507,97.5507,513
13:39,97.7667,97.7667,97.7143,97.7143,470
13:40,97.8168,97.8168,97.7667,97.7667,1255
13:41,97.8371,97.8371,97.8168,97.8168,1002
13:42,97.7019,97.8371,97.7019,97.8371,4818
13:43,97.5458,97.7019,97.5458,97.7019,526
13:44,97.4487,97.5458,97.4487,97.5458,523
13:45,97.3178,97.4487,97.3178,97.4487,1275
13:46,97.433,97.433,97.3178,97.3178,9724
13:47,97.3536,97.433,97.3536,97.433,917
13:48,97.115,97.3536,97.115,97.3536,1503
13:49,97.053,97.115,97.053,97.115,10918
13:50,97.0801,97.0801,97.053,97.053,4957
13:51,97.0696,97.0801,97.0696,97.0801,4581
13:52,97.2166,97.2166,97.0696,97.0696,3043
13:53,97.3665,97.3665,97.2166,97.2166,987
13:54,97.4421,97.4421,97.3665,97.3665,1256
13:55,97.4812,97.4812,97.4421,97.4421,970
13:56,97.6177,97.6177,97.4812,97.4812,459
13:57,97.3792,97.6177,97.3792,97.6177,10129
13:58,97.4541,97.4541,97.3792,97.3792,920
13:59,97.5242,97.5242,97.4541,97.4541,839
14:00,97.6067,97.6067,97.5242,97.5242,771
14:01,97.6633,97.6633,97.6067,97.6067,1280
14:02,97.6137,97.6633,97.6137,97.6633,822
14:03,97.5782,97.6137,97.5782,97.6137,819
14:04,97.5386,97.5782,97.5386,97.5782,1674
14:05,97.4918,97.5386,97.4918,97.5386,1333
14:06,97.5094,97.5094,97.4918,97.4918,429
14:07,97.4721,97.5094,97.4721,97.5094,710
14:08,97.5971,97.5971,97.4721,97.4721,524
14:09,97.39,97.5971,97.39,97.5971,525
14:10,97.291,97.39,97.291,97.39,1606
14:11,97.1736,97.291,97.1736,97.291,1316
14:12,97.0837,97.1736,97.0837,97.1736,4187
14:13,96.9663,97.0837,96.9663,97.0837,4082
14:14,96.9493,96.9663,96.9493,96.9663,9232
14:15,96.9701,96.9701,96.9493,96.9493,10250
14:16,96.9905,96.9905,96.9701,96.9701,5934
14:17,96.9521,96.9905,96.9521,96.9905,922
14:18,97.0667,97.0667,96.9521,96.9521,1035
14:19,97.2389,97.2389,97.0667,97.0667,895
14:20,97.1646,97.2389,97.1646,97.2389,651
14:21,97.2755,97.2755,97.1646,97.1646,1246
14:22,97.4017,97.4017,97.2755,97.2755,572
14:23,97.3485,97.4017,97.3485,97.4017,1811
14:24,97.2652,97.3485,97.2652,97.3485,1553
14:25,97.4701,97.4701,97.2652,97.2652,720
14:26,97.5143,97.5143,97.4701,97.4701,680
14:27,97.5412,97.5412,97.5143,97.5143,1108
14:28,97.5283,97.5412,97.5283,97.5412,1134
14:29,97.6498,97.6498,97.5283,97.5283,781
14:30,97.7377,97.7377,97.6498,97.6498,1202
14:31,97.7389,97.7389,97.7377,97.7377,4336
14:32,97.6719,97.7389,97.6719,97.7389,4599
14:33,97.8089,97.8089,97.6719,97.6719,1228
14:34,97.7021,97.8089,97.7021,97.8089,2102
14:35,97.5944,97.7021,97.5944,97.7021,1536
14:36,97.4309,97.5944,97.4309,97.5944,1082
14:37,97.4824,97.4824,97.4309,97.4309,3680
14:38,97.5508,97.5508,97.4824,97.4824,923
14:39,97.5526,97.5526,97.5508,97.5508,1462
14:40,97.6486,97.6486,97.5526,97.5526,1049
14:41,97.6552,97.6552,97.6486,97.6486,1552
14:42,97.6706,97.6706,97.6552,97.6552,871
14:43,97.5698,97.6706,97.5698,97.6706,1037
14:44,97.5641,97.5698,97.5641,97.5698,556
14:45,97.646,97.646,97.5641,97.5641,1037
14:46,97.4506,97.646,97.4506,97.646,436
14:47,97.5059,97.5059,97.4506,97.4506,1282
14:48,97.3932,97.5059,97.3932,97.5059,977
14:49,97.3145,97.3932,97.3145,97.3932,686
14:50,97.2675,97.3145,97.2675,97.3145,1100
14:51,97.2868,97.2868,97.2675,97.2675,1261
14:52,97.3404,97.3404,97.2868,97.2868,1592
14:53,97.2237,97.3404,97.2237,97.3404,1044
14:54,97.296,97.296,97.2237,97.2237,725
14:55,97.3652,97.3652,97.296,97.296,920
14:56,97.2926,97.3652,97.2926,97.3652,497
14:57,97.2859,97.2926,97.2859,97.2926,638
14:58,97.2061,97.2859,97.2061,97.2859,545
14:59,97.3009,97.3009,97.2061,97.2061,1317
15:00,97.3324,97.3324,97.3009,97.3009,691
15:01,97.4378,97.4378,97.3324,97.3324,1323
15:02,97.4226,97.4378,97.4226,97.4378,1175
15:03,97.1227,97.4226,97.1227,97.4226,700
15:04,97.1634,97.1634,97.1227,97.1227,696
15:05,97.4591,97.4591,97.1634,97.1634,1158
15:06,97.4733,97.4733,97.4591,97.4591,729
15:07,97.3977,97.4733,97.3977,97.4733,480
15:08,97.3999,97.3999,97.3977,97.3977,914
15:09,97.5239,97.5239,97.3999,97.3999,495
15:10,97.5006,97.5239,97.5006,97.5239,1440
15:11,97.4487,97.5006,97.4487,97.5006,1424
15:12,97.6025,97.6025,97.4487,97.4487,796
15:13,97.5395,97.6025,97.5395,97.6025,862
15:14,97.6836,97.6836,97.5395,97.5395,846
15:15,97.6258,97.6836,97.6258,97.6836,562
15:16,97.6105,97.6258,97.6105,97.6258,704
15:17,97.7664,97.7664,97.6105,97.6105,631
15:18,97.908,97.908,97.7664,97.7664,547
15:19,97.8041,97.908,97.8041,97.908,9926
15:20,97.694,97.8041,97.694,97.8041,416
15:21,97.7048,97.7048,97.694,97.694,634
15:22,97.751,97.751,97.7048,97.7048,688
15:23,97.8731,97.8731,97.751,97.751,721
15:24,97.7655,97.8731,97.7655,97.8731,799
15:25,97.7062,97.7655,97.7062,97.7655,515
15:26,97.7457,97.7457,97.7062,97.7062,504
15:27,97.7193,97.7457,97.7193,97.7457,646
15:28,97.7695,97.7695,97.7193,97.7193,915
15:29,97.7809,97.7809,97.7695,97.7695,634
15:30,97.8308,97.8308,97.7809,97.7809,1133
15:31,97.804,97.8308,97.804,97.8308,1836
15:32,97.716,97.804,97.716,97.804,757
15:33,97.7789,97.7789,97.716,97.716,591
15:34,97.8092,97.8092,97.7789,97.7789,1311
15:35,97.5911,97.8092,97.5911,97.8092,523
15:36,97.5505,97.5911,97.5505,97.5911,888
15:37,97.5005,97.5505,97.5005,97.5505,1378
15:38,97.5157,97.5157,97.5005,97.5005,1262
15:39,97.6814,97.6814,97.5157,97.5157,1578
15:40,97.5409,97.6814,97.5409,97.6814,554
15:41,97.5463,97.5463,97.5409,97.5409,1298
15:42,97.4984,97.5463,97.4984,97.5463,533
15:43,97.7092,97.7092,97.4984,97.4984,755
15:44,97.6562,97.7092,97.6562,97.7092,911
15:45,97.7992,97.7992,97.6562,97.6562,1266
15:46,97.7945,97.7992,97.7945,97.7992,1388
15:47,97.7705,97.7945,97.7705,97.7945,847
15:48,97.9593,97.9593,97.7705,97.7705,2099
15:49,97.9388,97.9593,97.9388,97.9593,10679
15:50,97.8536,97.9388,97.8536,97.9388,1185
15:51,97.9089,97.9089,97.8536,97.8536,3325
15:52,97.9062,97.9089,97.9062,97.9089,2133
15:53,97.9548,97.9548,97.9062,97.9062,2729
15:54,97.9584,97.9584,97.9548,97.9548,5582
15:55,97.9033,97.9584,97.9033,97.9584,3106
15:56,97.8295,97.9033,97.8295,97.9033,2598
15:57,97.6591,97.8295,97.6591,97.8295,2562
15:58,97.4736,97.6591,97.4736,97.6591,2894
15:59,97.6421,97.6421,97.4736,97.4736,68829
