Time,Close,High,Low,Open,Volume
09:30,99.5589,99.7176,99.5589,99.7176,8226
09:31,99.7516,99.7516,99.5589,99.5589,84775
09:32,99.6123,99.7516,99.6123,99.7516,4676
09:33,99.6745,99.6745,99.6123,99.6123,6727
09:34,99.6447,99.6745,99.6447,99.6745,3481
09:35,99.789,99.789,99.6447,99.6447,3132
09:36,99.8354,99.8354,99.789,99.789,2578
09:37,99.8395,99.8395,99.8354,99.8354,3315
09:38,99.7525,99.8395,99.7525,99.8395,2908
09:39,99.7726,99.7726,99.7525,99.7525,1948
09:40,99.7578,99.7726,99.7578,99.7726,1576
09:41,99.6407,99.7578,99.6407,99.7578,929
09:42,99.5405,99.6407,99.5405,99.6407,2609
09:43,99.5451,99.5451,99.5405,99.5405,3444
09:44,99.5559,99.5559,99.5451,99.5451,800
09:45,99.4369,99.5559,99.4369,99.5559,1144
09:46,99.5158,99.5158,99.4369,99.4369,1148
09:47,99.2969,99.5158,99.2969,99.5158,1284
09:48,99.268,99.2969,99.268,99.2969,8226
09:49,99.2226,99.268,99.2226,99.268,3301
09:50,99.4636,99.4636,99.2226,99.2226,12222
09:51,99.5659,99.5659,99.4636,99.4636,660
09:52,99.7051,99.7051,99.5659,99.5659,710
09:53,99.6371,99.7051,99.6371,99.7051,2668
09:54,99.7919,99.7919,99.6371,99.6371,462
09:55,99.851,99.851,99.7919,99.7919,2621
09:56,99.9053,99.9053,99.851,99.851,2387
09:57,99.8814,99.9053,99.8814,99.9053,3235
09:58,99.8705,99.8814,99.8705,99.8814,2591
09:59,100.0048,100.0048,99.8705,99.8705,1339
10:00,100.0673,100.0673,100.0048,100.0048,1250
10:01,99.9879,100.0673,99.9879,100.0673,9129
10:02,100.0493,100.0493,99.9879,99.9879,1196
10:03,100.0684,100.0684,100.0493,100.0493,2381
10:04,100.0086,100.0684,100.0086,100.0684,1246
10:05,100.0392,100.0392,100.0086,100.0086,510
10:06,100.0678,100.0678,100.0392,100.0392,906
10:07,100.0135,100.0678,100.0135,100.0678,1105
10:08,100.172,100.172,100.0135,100.0135,560
10:09,100.1236,100.172,100.1236,100.172,1130
10:10,100.3416,100.3416,100.1236,100.1236,959
10:11,100.2466,100.3416,100.2466,100.3416,8080
10:12,100.1059,100.2466,100.1059,100.2466,1263
10:13,100.0996,100.1059,100.0996,100.1059,1110
10:14,100.09,100.0996,100.09,100.0996,1091
10:15,100.0816,100.09,100.0816,100.09,1263
10:16,100.0686,100.0816,100.0686,100.0816,927
10:17,100.1078,100.1078,100.0686,100.0686,516
10:18,99.9578,100.1078,99.9578,100.1078,935
10:19,99.811,99.9578,99.811,99.9578,1156
10:20,99.742,99.811,99.742,99.811,1522
10:21,99.8187,99.8187,99.742,99.742,5889
10:22,100.0419,100.0419,99.8187,99.8187,1095
10:23,100.1282,100.1282,100.0419,100.0419,703
10:24,99.9909,100.1282,99.9909,100.1282,1523
10:25,99.9841,99.9909,99.9841,99.9909,793
10:26,99.9469,99.9841,99.9469,99.9841,511
10:27,100.1232,100.1232,99.9469,99.9469,811
10:28,99.8959,100.1232,99.8959,100.1232,2115
10:29,99.6988,99.8959,99.6988,99.8959,1052
10:30,99.9482,99.9482,99.6988,99.6988,6919
10:31,99.9926,99.9926,99.9482,99.9482,1088
10:32,100.0596,100.0596,99.9926,99.9926,661
10:33,100.0379,100.0596,100.0379,100.0596,401
10:34,100.0023,100.0379,100.0023,100.0379,810
10:35,99.9896,100.0023,99.9896,100.0023,514
10:36,100.0669,100.0669,99.9896,99.9896,439
10:37,100.1313,100.1313,100.0669,100.0669,1310
10:38,100.2106,100.2106,100.1313,100.1313,953
10:39,100.322,100.322,100.2106,100.2106,1243
10:40,100.2696,100.322,100.2696,100.322,4814
10:41,100.1456,100.2696,100.1456,100.2696,1146
10:42,100.1029,100.1456,100.1029,100.1456,847
10:43,100.056,100.1029,100.056,100.1029,709
10:44,100.0004,100.056,100.0004,100.056,752
10:45,99.9999,100.0004,99.9999,100.0004,1503
10:46,100.0578,100.0578,99.9999,99.9999,863
10:47,100.1647,100.1647,100.0578,100.0578,2051
10:48,100.1452,100.1647,100.1452,100.1647,1102
10:49,100.1466,100.1466,100.1452,100.1452,727
10:50,100.0212,100.1466,100.0212,100.1466,714
10:51,99.994,100.0212,99.994,100.0212,932
10:52,99.9267,99.994,99.9267,99.994,778
10:53,100.165,100.165,99.9267,99.9267,1456
10:54,100.1724,100.1724,100.165,100.165,823
10:55,100.101,100.1724,100.101,100.1724,1094
10:56,99.9695,100.101,99.9695,100.101,423
10:57,99.9076,99.9695,99.9076,99.9695,1050
10:58,99.8738,99.9076,99.8738,99.9076,789
10:59,99.8511,99.8738,99.8511,99.8738,1009
11:00,99.8261,99.8511,99.8261,99.8511,636
11:01,100.0013,100.0013,99.8261,99.8261,963
11:02,100.1613,100.1613,100.0013,100.0013,328
11:03,100.1056,100.1613,100.1056,100.1613,839
11:04,99.9917,100.1056,99.9917,100.1056,1473
11:05,100.0592,100.0592,99.9917,99.9917,652
11:06,100.0981,100.0981,100.0592,100.0592,449
11:07,100.0203,100.0981,100.0203,100.0981,997
11:08,99.94,100.0203,99.94,100.0203,808
11:09,99.993,99.993,99.94,99.94,1565
11:10,100.0611,100.0611,99.993,99.993,1472
11:11,100.0536,100.0611,100.0536,100.0611,466
11:12,100.1931,100.1931,100.0536,100.0536,570
11:13,100.2752,100.2752,100.1931,100.1931,608
11:14,100.3999,100.3999,100.2752,100.2752,915
11:15,100.29,100.3999,100.29,100.3999,11523
11:16,100.2529,100.29,100.2529,100.29,635
11:17,100.138,100.2529,100.138,100.2529,1009
11:18,100.1091,100.138,100.1091,100.138,503
11:19,100.059,100.1091,100.059,100.1091,1099
11:20,100.0417,100.059,100.0417,100.059,731
11:21,100.0328,100.0417,100.0328,100.0417,646
11:22,100.0862,100.0862,100.0328,100.0328,1227
11:23,100.0856,100.0862,100.0856,100.0862,756
11:24,100.1554,100.1554,100.0856,100.0856,721
11:25,100.1801,100.1801,100.1554,100.1554,640
11:26,100.1208,100.1801,100.1208,100.1801,548
11:27,100.2564,100.2564,100.1208,100.1208,703
11:28,100.2967,100.2967,100.2564,100.2564,447
11:29,100.2223,100.2967,100.2223,100.2967,4077
11:30,100.0724,100.2223,100.0724,100.2223,1121
11:31,100.0182,100.0724,100.0182,100.0724,1070
11:32,100.1653,100.1653,100.0182,100.0182,1210
11:33,100.0003,100.1653,100.0003,100.1653,1219
11:34,99.8666,100.0003,99.8666,100.0003,1343
11:35,99.8948,99.8948,99.8666,99.8666,1705
11:36,99.8974,99.8974,99.8948,99.8948,1198
11:37,99.8717,99.8974,99.8717,99.8974,950
11:38,99.8369,99.8717,99.8369,99.8717,1371
11:39,99.9679,99.9679,99.8369,99.8369,1140
11:40,99.9382,99.9679,99.9382,99.9679,610
11:41,100.0402,100.0402,99.9382,99.9382,1017
11:42,99.9386,100.0402,99.9386,100.0402,1387
11:43,99.9416,99.9416,99.9386,99.9386,846
11:44,100.0081,100.0081,99.9416,99.9416,804
11:45,100.0556,100.0556,100.0081,100.0081,999
11:46,100.0689,100.0689,100.0556,100.0556,647
11:47,100.0316,100.0689,100.0316,100.0689,1244
11:48,99.966,100.0316,99.966,100.0316,1176
11:49,99.9326,99.966,99.9326,99.966,928
11:50,100.0382,100.0382,99.9326,99.9326,1109
11:51,100.0075,100.0382,100.0075,100.0382,414
11:52,99.9555,100.0075,99.9555,100.0075,499
11:53,99.8157,99.9555,99.8157,99.9555,433
11:54,99.7685,99.8157,99.7685,99.8157,2126
11:55,99.9442,99.9442,99.7685,99.7685,1233
11:56,99.9377,99.9442,99.9377,99.9442,1026
11:57,100.1011,100.1011,99.9377,99.9377,815
11:58,100.1135,100.1135,100.1011,100.1011,824
11:59,100.2294,100.2294,100.1135,100.1135,432
12:00,100.2398,100.2398,100.2294,100.2294,1660
12:01,100.2536,100.2536,100.2398,100.2398,627
12:02,100.2918,100.2918,100.2536,100.2536,890
12:03,100.1263,100.2918,100.1263,100.2918,1010
12:04,100.13,100.13,100.1263,100.1263,1043
12:05,100.1147,100.13,100.1147,100.13,863
12:06,100.1373,100.1373,100.1147,100.1147,1139
12:07,100.2191,100.2191,100.1373,100.1373,1244
12:08,100.1157,100.2191,100.1157,100.2191,980
12:09,100.1903,100.1903,100.1157,100.1157,1666
12:10,100.2181,100.2181,100.1903,100.1903,491
12:11,100.3251,100.3251,100.2181,100.2181,837
12:12,100.431,100.431,100.3251,100.3251,635
12:13,100.496,100.496,100.431,100.431,1556
12:14,100.5788,100.5788,100.496,100.496,2362
12:15,100.5601,100.5788,100.5601,100.5788,3810
12:16,100.4422,100.5601,100.4422,100.5601,1536
12:17,100.5022,100.5022,100.4422,100.4422,1029
12:18,100.2505,100.5022,100.2505,100.5022,2476
12:19,100.2058,100.2505,100.2058,100.2505,1422
12:20,100.1993,100.2058,100.1993,100.2058,1345
12:21,100.1779,100.1993,100.1779,100.1993,935
12:22,100.3562,100.3562,100.1779,100.1779,1088
12:23,100.2763,100.3562,100.2763,100.3562,1599
12:24,100.3642,100.3642,100.2763,100.2763,719
12:25,100.2628,100.3642,100.2628,100.3642,1088
12:26,100.3058,100.3058,100.2628,100.2628,1462
12:27,100.3842,100.3842,100.3058,100.3058,495
12:28,100.3626,100.3842,100.3626,100.3842,1021
12:29,100.4876,100.4876,100.3626,100.3626,602
12:30,100.3925,100.4876,100.3925,100.4876,1466
12:31,100.2933,100.3925,100.2933,100.3925,1696
12:32,100.4162,100.4162,100.2933,100.2933,975
12:33,100.4678,100.4678,100.4162,100.4162,577
12:34,100.4016,100.4678,100.4016,100.4678,742
12:35,100.5025,100.5025,100.4016,100.4016,650
12:36,100.5078,100.5078,100.5025,100.5025,770
12:37,100.5507,100.5507,100.5078,100.5078,462
12:38,100.3802,100.5507,100.3802,100.5507,1598
12:39,100.5333,100.5333,100.3802,100.3802,862
12:40,100.3286,100.5333,100.3286,100.5333,1020
12:41,100.4963,100.4963,100.3286,100.3286,1043
12:42,100.467,100.4963,100.467,100.4963,801
12:43,100.3559,100.467,100.3559,100.467,555
12:44,100.452,100.452,100.3559,100.3559,1340
12:45,100.6502,100.6502,100.452,100.452,1011
12:46,100.6699,100.6699,100.6502,100.6502,404
12:47,100.6761,100.6761,100.6699,100.6699,781
12:48,100.7328,100.7328,100.6761,100.6761,2083
12:49,100.6826,100.7328,100.6826,100.7328,1104
12:50,100.7415,100.7415,100.6826,100.6826,1526
12:51,100.77,100.77,100.7415,100.7415,680
12:52,100.6491,100.77,100.6491,100.77,465
12:53,100.6803,100.6803,100.6491,100.6491,900
12:54,100.6711,100.6803,100.6711,100.6803,1247
12:55,100.6911,100.6911,100.6711,100.6711,1403
12:56,100.9702,100.9702,100.6911,100.6911,950
12:57,100.8767,100.9702,100.8767,100.9702,7534
12:58,100.9427,100.9427,100.8767,100.8767,1013
12:59,100.7049,100.9427,100.7049,100.9427,2020
13:00,100.7208,100.7208,100.7049,100.7049,934
13:01,100.6278,100.7208,100.6278,100.7208,696
13:02,100.7188,100.7188,100.6278,100.6278,1562
13:03,100.705,100.7188,100.705,100.7188,777
13:04,100.6057,100.705,100.6057,100.705,1105
13:05,100.6672,100.6672,100.6057,100.6057,1436
13:06,100.8189,100.8189,100.6672,100.6672,1054
13:07,100.8546,100.8546,100.8189,100.8189,688
13:08,100.9108,100.9108,100.8546,100.8546,528
13:09,100.7662,100.9108,100.7662,100.9108,826
13:10,100.7709,100.7709,100.7662,100.7662,557
13:11,100.7504,100.7709,100.7504,100.7709,790
13:12,100.7921,100.7921,100.7504,100.7504,798
13:13,100.804,100.804,100.7921,100.7921,812
13:14,100.752,100.804,100.752,100.804,548
13:15,100.758,100.758,100.752,100.752,920
13:16,100.7811,100.7811,100.758,100.758,828
13:17,100.7829,100.7829,100.7811,100.7811,2183
13:18,100.7005,100.7829,100.7005,100.7829,639
13:19,100.7134,100.7134,100.7005,100.7005,564
13:20,100.5735,100.7134,100.5735,100.7134,1033
13:21,100.7815,100.7815,100.5735,100.5735,1421
13:22,100.7989,100.7989,100.7815,100.7815,520
13:23,100.8102,100.8102,100.7989,100.7989,561
13:24,100.7914,100.8102,100.7914,100.8102,731
13:25,100.7823,100.7914,100.7823,100.7914,861
13:26,100.6634,100.7823,100.6634,100.7823,1068
13:27,100.8095,100.8095,100.6634,100.6634,430
13:28,100.8876,100.8876,100.8095,100.8095,597
13:29,100.7469,100.8876,100.7469,100.8876,1064
13:30,100.7409,100.7469,100.7409,100.7469,775
13:31,100.7362,100.7409,100.7362,100.7409,628
13:32,100.8434,100.8434,100.7362,100.7362,1579
13:33,100.8653,100.8653,100.8434,100.8434,908
13:34,100.9748,100.9748,100.8653,100.8653,804
13:35,101.165,101.165,100.9748,100.9748,1012
13:36,101.0046,101.165,101.0046,101.165,5139
13:37,100.9954,101.0046,100.9954,101.0046,1076
13:38,101.0081,101.0081,100.9954,100.9954,1201
13:39,100.986,101.0081,100.986,101.0081,1769
13:40,100.8371,100.986,100.8371,100.986,725
13:41,100.7965,100.8371,100.7965,100.8371,1160
13:42,100.8866,100.8866,100.7965,100.7965,1317
13:43,100.9505,100.9505,100.8866,100.8866,425
13:44,101.0712,101.0712,100.9505,100.9505,996
13:45,101.0671,101.0712,101.0671,101.0712,789
13:46,101.0316,101.0671,101.0316,101.0671,537
13:47,100.7476,101.0316,100.7476,101.0316,1151
13:48,100.7052,100.7476,100.7052,100.7476,1895
13:49,100.7692,100.7692,100.7052,100.7052,1164
13:50,100.8669,100.8669,100.7692,100.7692,1474
13:51,100.8526,100.8669,100.8526,100.8669,897
13:52,100.7382,100.8526,100.7382,100.8526,729
13:53,100.5201,100.7382,100.5201,100.7382,814
13:54,100.5723,100.5723,100.5201,100.5201,7615
13:55,100.6174,100.6174,100.5723,100.5723,942
13:56,100.5699,100.6174,100.5699,100.6174,579
13:57,100.6597,100.6597,100.5699,100.5699,1615
13:58,100.5551,100.6597,100.5551,100.6597,896
13:59,100.6593,100.6593,100.5551,100.5551,1157
14:00,100.6905,100.6905,100.6593,100.6593,1131
14:01,100.6826,100.6905,100.6826,100.6905,1102
14:02,100.5504,100.6826,100.5504,100.6826,779
14:03,100.4984,100.5504,100.4984,100.5504,759
14:04,100.6234,100.6234,100.4984,100.4984,1467
14:05,100.5865,100.6234,100.5865,100.6234,754
14:06,100.5672,100.5865,100.5672,100.5865,393
14:07,100.713,100.713,100.5672,100.5672,1211
14:08,100.7304,100.7304,100.713,100.713,593
14:09,100.6756,100.7304,100.6756,100.7304,913
14:10,100.7193,100.7193,100.6756,100.6756,889
14:11,100.7689,100.7689,100.7193,100.7193,803
14:12,100.7874,100.7874,100.7689,100.7689,600
14:13,100.7776,100.7874,100.7776,100.7874,1603
14:14,100.8138,100.8138,100.7776,100.7776,893
14:15,100.7702,100.8138,100.7702,100.8138,752
14:16,100.8617,100.8617,100.7702,100.7702,717
14:17,100.874,100.874,100.8617,100.8617,1125
14:18,100.9058,100.9058,100.874,100.874,1214
14:19,100.792,100.9058,100.792,100.9058,1233
14:20,100.7069,100.792,100.7069,100.792,1648
14:21,100.7552,100.7552,100.7069,100.7069,514
14:22,100.9603,100.9603,100.7552,100.7552,537
14:23,100.9525,100.9603,100.9525,100.9603,1778
14:24,100.8928,100.9525,100.8928,100.9525,1824
14:25,101.0348,101.0348,100.8928,100.8928,963
14:26,101.1512,101.1512,101.0348,101.0348,530
14:27,101.156,101.156,101.1512,101.1512,999
14:28,101.1933,101.1933,101.156,101.156,1932
14:29,101.1313,101.1933,101.1313,101.1933,3038
14:30,101.2328,101.2328,101.1313,101.1313,757
14:31,101.3661,101.3661,101.2328,101.2328,541
14:32,101.3202,101.3661,101.3202,101.3661,4696
14:33,101.3251,101.3251,101.3202,101.3202,1266
14:34,101.2539,101.3251,101.2539,101.3251,1073
14:35,101.2063,101.2539,101.2063,101.2539,917
14:36,101.0813,101.2063,101.0813,101.2063,765
14:37,101.1617,101.1617,101.0813,101.0813,863
14:38,101.2208,101.2208,101.1617,101.1617,973
14:39,101.1616,101.2208,101.1616,101.2208,722
14:40,101.1822,101.1822,101.1616,101.1616,617
14:41,101.2159,101.2159,101.1822,101.1822,885
14:42,101.2407,101.2407,101.2159,101.2159,813
14:43,101.1479,101.2407,101.1479,101.2407,962
14:44,101.2553,101.2553,101.1479,101.1479,695
14:45,101.2455,101.2553,101.2455,101.2553,645
14:46,101.1245,101.2455,101.1245,101.2455,889
14:47,101.1787,101.1787,101.1245,101.1245,1559
14:48,101.0115,101.1787,101.0115,101.1787,931
14:49,101.0288,101.0288,101.0115,101.0115,1142
14:50,101.0248,101.0288,101.0248,101.0288,990
14:51,101.2056,101.2056,101.0248,101.0248,732
14:52,101.2322,101.2322,101.2056,101.2056,946
14:53,101.1719,101.2322,101.1719,101.2322,1328
14:54,100.9597,101.1719,100.9597,101.1719,546
14:55,100.9072,100.9597,100.9072,100.9597,1774
14:56,100.957,100.957,100.9072,100.9072,1535
14:57,101.0297,101.0297,100.957,100.957,814
14:58,100.9352,101.0297,100.9352,101.0297,720
14:59,100.9351,100.9352,100.9351,100.9352,886
15:00,101.01,101.01,100.9351,100.9351,1127
15:01,100.9703,101.01,100.9703,101.01,843
15:02,101.1019,101.1019,100.9703,100.9703,1025
15:03,101.0476,101.1019,101.0476,101.1019,1005
15:04,101.1675,101.1675,101.0476,101.0476,419
15:05,101.3359,101.3359,101.1675,101.1675,851
15:06,101.3099,101.3359,101.3099,101.3359,7802
15:07,101.32,101.32,101.3099,101.3099,2049
15:08,101.4191,101.4191,101.32,101.32,801
15:09,101.3411,101.4191,101.3411,101.4191,1106
15:10,101.2635,101.3411,101.2635,101.3411,803
15:11,101.374,101.374,101.2635,101.2635,944
15:12,101.3634,101.374,101.3634,101.374,999
15:13,101.3269,101.3634,101.3269,101.3634,1187
15:14,101.1268,101.3269,101.1268,101.3269,1229
15:15,101.184,101.184,101.1268,101.1268,1007
15:16,101.2129,101.2129,101.184,101.184,526
15:17,101.2455,101.2455,101.2129,101.2129,1091
15:18,101.2107,101.2455,101.2107,101.2455,697
15:19,101.2481,101.2481,101.2107,101.2107,1096
15:20,101.2565,101.2565,101.2481,101.2481,560
15:21,101.314,101.314,101.2565,101.2565,853
15:22,101.3019,101.314,101.3019,101.314,653
15:23,101.2586,101.3019,101.2586,101.3019,1565
15:24,101.2913,101.2913,101.2586,101.2586,742
15:25,101.2145,101.2913,101.2145,101.2913,1237
15:26,101.1451,101.2145,101.1451,101.2145,295
15:27,101.2169,101.2169,101.1451,101.1451,1687
15:28,101.2219,101.2219,101.2169,101.2169,519
15:29,101.1548,101.2219,101.1548,101.2219,1247
15:30,101.1212,101.1548,101.1212,101.1548,559
15:31,100.9928,101.1212,100.9928,101.1212,488
15:32,100.9559,100.9928,100.9559,100.9928,860
15:33,100.9106,100.9559,100.9106,100.9559,1677
15:34,100.871,100.9106,100.871,100.9106,1102
15:35,100.9814,100.9814,100.871,100.871,1435
15:36,101.0833,101.0833,100.9814,100.9814,1171
15:37,101.0034,101.0833,101.0034,101.0833,1061
15:38,101.1619,101.1619,101.0034,101.0034,835
15:39,101.1217,101.1619,101.1217,101.1619,723
15:40,101.0379,101.1217,101.0379,101.1217,1120
15:41,100.8051,101.0379,100.8051,101.0379,478
15:42,100.7294,100.8051,100.7294,100.8051,1661
15:43,100.7226,100.7294,100.7226,100.7294,5767
15:44,100.7,100.7226,100.7,100.7226,1250
15:45,100.5901,100.7,100.5901,100.7,1958
15:46,100.5488,100.5901,100.5488,100.5901,6856
15:47,100.3676,100.5488,100.3676,100.5488,1636
15:48,100.3719,100.3719,100.3676,100.3676,6148
15:49,100.4992,100.4992,100.3719,100.3719,16757
15:50,100.3964,100.4992,100.3964,100.4992,1885
15:51,100.498,100.498,100.3964,100.3964,1652
15:52,100.5231,100.5231,100.498,100.498,3761
15:53,100.5704,100.5704,100.5231,100.5231,2831
15:54,100.5704,100.5704,100.5704,100.5704,2153
15:55,100.5653,100.5704,100.5653,100.5704,2843
15:56,100.5489,100.5653,100.5489,100.5653,1468
15:57,100.4171,100.5489,100.4171,100.5489,4321
15:58,100.5601,100.5601,100.4171,100.4171,11610
15:59,100.7347,100.7347,100.5601,100.5601,8295
