Time,Close,High,Low,Open,Volume
09:30,99.5148,99.6518,99.5148,99.6518,15418
09:31,99.6358,99.6358,99.5148,99.5148,29836
09:32,99.4922,99.6358,99.4922,99.6358,13727
09:33,99.5826,99.5826,99.4922,99.4922,5151
09:34,99.7939,99.7939,99.5826,99.5826,5267
09:35,99.8584,99.8584,99.7939,99.7939,2178
09:36,99.8459,99.8584,99.8459,99.8584,2051
09:37,99.8904,99.8904,99.8459,99.8459,1685
09:38,99.8281,99.8904,99.8281,99.8904,2642
09:39,99.6221,99.8281,99.6221,99.8281,1507
09:40,99.4714,99.6221,99.4714,99.6221,1728
09:41,99.4132,99.4714,99.4132,99.4714,2888
09:42,99.4546,99.4546,99.4132,99.4132,7333
09:43,99.5945,99.5945,99.4546,99.4546,1514
09:44,99.513,99.5945,99.513,99.5945,1406
09:45,99.4666,99.513,99.4666,99.513,528
09:46,99.3952,99.4666,99.3952,99.4666,632
09:47,99.5413,99.5413,99.3952,99.3952,1670
09:48,99.6214,99.6214,99.5413,99.5413,450
09:49,99.7652,99.7652,99.6214,99.6214,1489
09:50,99.8014,99.8014,99.7652,99.7652,1271
09:51,99.6779,99.8014,99.6779,99.8014,432
09:52,99.8159,99.8159,99.6779,99.6779,513
09:53,99.6752,99.8159,99.6752,99.8159,1070
09:54,99.8265,99.8265,99.6752,99.6752,1311
09:55,99.8312,99.8312,99.8265,99.8265,946
09:56,99.9132,99.9132,99.8312,99.8312,1194
09:57,100.045,100.045,99.9132,99.9132,1713
09:58,99.9104,100.045,99.9104,100.045,4658
09:59,100.0161,100.0161,99.9104,99.9104,771
10:00,99.9811,100.0161,99.9811,100.0161,1216
10:01,100.1778,100.1778,99.9811,99.9811,880
10:02,100.2845,100.2845,100.1778,100.1778,9309
10:03,100.171,100.2845,100.171,100.2845,5907
10:04,100.0535,100.171,100.0535,100.171,1159
10:05,99.9015,100.0535,99.9015,100.0535,1145
10:06,99.9599,99.9599,99.9015,99.9015,1305
10:07,100.1226,100.1226,99.9599,99.9599,972
10:08,99.9926,100.1226,99.9926,100.1226,3115
10:09,100.0403,100.0403,99.9926,99.9926,1078
10:10,100.0483,100.0483,100.0403,100.0403,727
10:11,99.9604,100.0483,99.9604,100.0483,1013
10:12,99.8859,99.9604,99.8859,99.9604,782
10:13,99.9994,99.9994,99.8859,99.8859,993
10:14,100.1391,100.1391,99.9994,99.9994,473
10:15,100.1766,100.1766,100.1391,100.1391,887
10:16,100.1555,100.1766,100.1555,100.1766,875
10:17,100.1999,100.1999,100.1555,100.1555,564
10:18,100.0494,100.1999,100.0494,100.1999,618
10:19,100.1013,100.1013,100.0494,100.0494,979
10:20,100.0866,100.1013,100.0866,100.1013,582
10:21,99.926,100.0866,99.926,100.0866,1092
10:22,99.8245,99.926,99.8245,99.926,1438
10:23,99.8393,99.8393,99.8245,99.8245,957
10:24,99.719,99.8393,99.719,99.8393,1044
10:25,99.7977,99.7977,99.719,99.719,7658
10:26,99.9387,99.9387,99.7977,99.7977,1112
10:27,99.931,99.9387,99.931,99.9387,482
10:28,100.1355,100.1355,99.931,99.931,951
10:29,99.917,100.1355,99.917,100.1355,2005
10:30,99.869,99.917,99.869,99.917,490
10:31,99.9234,99.9234,99.869,99.869,1199
10:32,99.8512,99.9234,99.8512,99.9234,1759
10:33,99.7549,99.8512,99.7549,99.8512,887
10:34,99.8719,99.8719,99.7549,99.7549,1770
10:35,99.8785,99.8785,99.8719,99.8719,806
10:36,100.028,100.028,99.8785,99.8785,449
10:37,100.2085,100.2085,100.028,100.028,746
10:38,100.3463,100.3463,100.2085,100.2085,1274
10:39,100.1987,100.3463,100.1987,100.3463,7471
10:40,100.1354,100.1987,100.1354,100.1987,2231
10:41,100.0097,100.1354,100.0097,100.1354,891
10:42,100.0769,100.0769,100.0097,100.0097,1253
10:43,99.9589,100.0769,99.9589,100.0769,1399
10:44,99.9144,99.9589,99.9144,99.9589,435
10:45,99.9112,99.9144,99.9112,99.9144,844
10:46,99.8583,99.9112,99.8583,99.9112,719
10:47,99.764,99.8583,99.764,99.8583,829
10:48,99.7322,99.764,99.7322,99.764,937
10:49,99.6747,99.7322,99.6747,99.7322,447
10:50,99.4525,99.6747,99.4525,99.6747,951
10:51,99.5231,99.5231,99.4525,99.4525,5147
10:52,99.6191,99.6191,99.5231,99.5231,4481
10:53,99.4819,99.6191,99.4819,99.6191,740
10:54,99.4754,99.4819,99.4754,99.4819,1013
10:55,99.5433,99.5433,99.4754,99.4754,1954
10:56,99.7062,99.7062,99.5433,99.5433,1684
10:57,99.6271,99.7062,99.6271,99.7062,1239
10:58,99.826,99.826,99.6271,99.6271,855
10:59,99.7273,99.826,99.7273,99.826,1131
11:00,99.7384,99.7384,99.7273,99.7273,832
11:01,99.7864,99.7864,99.7384,99.7384,922
11:02,99.7486,99.7864,99.7486,99.7864,2249
11:03,99.6507,99.7486,99.6507,99.7486,1085
11:04,99.6302,99.6507,99.6302,99.6507,1140
11:05,99.6259,99.6302,99.6259,99.6302,519
11:06,99.6864,99.6864,99.6259,99.6259,969
11:07,99.5644,99.6864,99.5644,99.6864,557
11:08,99.7206,99.7206,99.5644,99.5644,2078
11:09,99.86,99.86,99.7206,99.7206,1241
11:10,99.7592,99.86,99.7592,99.86,958
11:11,99.7413,99.7592,99.7413,99.7592,424
11:12,99.7349,99.7413,99.7349,99.7413,990
11:13,99.8352,99.8352,99.7349,99.7349,1081
11:14,99.92,99.92,99.8352,99.8352,340
11:15,100.0522,100.0522,99.92,99.92,1173
11:16,99.9843,100.0522,99.9843,100.0522,6557
11:17,99.9029,99.9843,99.9029,99.9843,1135
11:18,99.7517,99.9029,99.7517,99.9029,553
11:19,99.7545,99.7545,99.7517,99.7517,711
11:20,99.7912,99.7912,99.7545,99.7545,825
11:21,99.9085,99.9085,99.7912,99.7912,889
11:22,99.8436,99.9085,99.8436,99.9085,507
11:23,99.8423,99.8436,99.8423,99.8436,707
11:24,99.8331,99.8423,99.8331,99.8423,571
11:25,99.7609,99.8331,99.7609,99.8331,487
11:26,99.7926,99.7926,99.7609,99.7609,798
11:27,99.7172,99.7926,99.7172,99.7926,618
11:28,99.7467,99.7467,99.7172,99.7172,1361
11:29,99.6984,99.7467,99.6984,99.7467,556
11:30,99.6845,99.6984,99.6845,99.6984,810
11:31,99.7161,99.7161,99.6845,99.6845,963
11:32,99.6966,99.7161,99.6966,99.7161,603
11:33,99.9123,99.9123,99.6966,99.6966,558
11:34,100.1624,100.1624,99.9123,99.9123,1016
11:35,100.0397,100.1624,100.0397,100.1624,9156
11:36,99.9561,100.0397,99.9561,100.0397,797
11:37,99.848,99.9561,99.848,99.9561,1093
11:38,99.8776,99.8776,99.848,99.848,1159
11:39,99.9914,99.9914,99.8776,99.8776,566
11:40,100.1124,100.1124,99.9914,99.9914,405
11:41,100.0255,100.1124,100.0255,100.1124,410
11:42,99.8445,100.0255,99.8445,100.0255,981
11:43,100.0376,100.0376,99.8445,99.8445,910
11:44,99.9057,100.0376,99.9057,100.0376,665
11:45,100.0849,100.0849,99.9057,99.9057,800
11:46,100.1704,100.1704,100.0849,100.0849,478
11:47,100.0445,100.1704,100.0445,100.1704,1367
11:48,100.11,100.11,100.0445,100.0445,650
11:49,99.9441,100.11,99.9441,100.11,601
11:50,99.9894,99.9894,99.9441,99.9441,1005
11:51,100.0469,100.0469,99.9894,99.9894,886
11:52,100.0944,100.0944,100.0469,100.0469,417
11:53,99.9692,100.0944,99.9692,100.0944,802
11:54,99.9502,99.9692,99.9502,99.9692,716
11:55,100.0978,100.0978,99.9502,99.9502,510
11:56,100.1361,100.1361,100.0978,100.0978,776
11:57,100.195,100.195,100.1361,100.1361,909
11:58,100.0924,100.195,100.0924,100.195,1128
11:59,100.2954,100.2954,100.0924,100.0924,801
12:00,100.4573,100.4573,100.2954,100.2954,1994
12:01,100.4479,100.4573,100.4479,100.4573,3841
12:02,100.5199,100.5199,100.4479,100.4479,1199
12:03,100.4314,100.5199,100.4314,100.5199,2914
12:04,100.3713,100.4314,100.3713,100.4314,722
12:05,100.2499,100.3713,100.2499,100.3713,1393
12:06,100.2996,100.2996,100.2499,100.2499,502
12:07,100.4278,100.4278,100.2996,100.2996,906
12:08,100.4843,100.4843,100.4278,100.4278,718
12:09,100.3353,100.4843,100.3353,100.4843,561
12:10,100.2051,100.3353,100.2051,100.3353,707
12:11,100.3314,100.3314,100.2051,100.2051,844
12:12,100.3103,100.3314,100.3103,100.3314,914
12:13,100.2523,100.3103,100.2523,100.3103,1041
12:14,100.3036,100.3036,100.2523,100.2523,340
12:15,100.5983,100.5983,100.3036,100.3036,553
12:16,100.5358,100.5983,100.5358,100.5983,4690
12:17,100.5987,100.5987,100.5358,100.5358,1051
12:18,100.5374,100.5987,100.5374,100.5987,358
12:19,100.4887,100.5374,100.4887,100.5374,1627
12:20,100.4409,100.4887,100.4409,100.4887,1466
12:21,100.6112,100.6112,100.4409,100.4409,1103
12:22,100.4377,100.6112,100.4377,100.6112,842
12:23,100.4857,100.4857,100.4377,100.4377,1183
12:24,100.4642,100.4857,100.4642,100.4857,291
12:25,100.4932,100.4932,100.4642,100.4642,495
12:26,100.4559,100.4932,100.4559,100.4932,946
12:27,100.3616,100.4559,100.3616,100.4559,415
12:28,100.249,100.3616,100.249,100.3616,673
12:29,100.1663,100.249,100.1663,100.249,1433
12:30,100.0405,100.1663,100.0405,100.1663,1419
12:31,100.1741,100.1741,100.0405,100.0405,7092
12:32,99.9214,100.1741,99.9214,100.1741,596
12:33,99.7498,99.9214,99.7498,99.9214,7500
12:34,99.7341,99.7498,99.7341,99.7498,7942
12:35,99.8231,99.8231,99.7341,99.7341,4096
12:36,99.8837,99.8837,99.8231,99.8231,10405
12:37,100.0624,100.0624,99.8837,99.8837,1223
12:38,100.0666,100.0666,100.0624,100.0624,712
12:39,100.0674,100.0674,100.0666,100.0666,942
12:40,99.9984,100.0674,99.9984,100.0674,580
12:41,99.8608,99.9984,99.8608,99.9984,720
12:42,99.9069,99.9069,99.8608,99.8608,585
12:43,100.0959,100.0959,99.9069,99.9069,2433
12:44,100.1604,100.1604,100.0959,100.0959,970
12:45,100.2584,100.2584,100.1604,100.1604,887
12:46,100.2023,100.2584,100.2023,100.2584,1813
12:47,100.1487,100.2023,100.1487,100.2023,1073
12:48,100.0861,100.1487,100.0861,100.1487,1470
12:49,99.8977,100.0861,99.8977,100.0861,955
12:50,100.0654,100.0654,99.8977,99.8977,912
12:51,100.0605,100.0654,100.0605,100.0654,823
12:52,100.0949,100.0949,100.0605,100.0605,1120
12:53,100.2063,100.2063,100.0949,100.0949,665
12:54,100.1555,100.2063,100.1555,100.2063,1248
12:55,100.1119,100.1555,100.1119,100.1555,1230
12:56,100.2715,100.2715,100.1119,100.1119,448
12:57,100.0016,100.2715,100.0016,100.2715,1040
12:58,100.0728,100.0728,100.0016,100.0016,894
12:59,100.0374,100.0728,100.0374,100.0728,910
13:00,100.0473,100.0473,100.0374,100.0374,1279
13:01,99.9071,100.0473,99.9071,100.0473,703
13:02,99.9533,99.9533,99.9071,99.9071,1278
13:03,99.9612,99.9612,99.9533,99.9533,875
13:04,99.8307,99.9612,99.8307,99.9612,1414
13:05,99.8329,99.8329,99.8307,99.8307,1128
13:06,99.8983,99.8983,99.8329,99.8329,1168
13:07,100.0245,100.0245,99.8983,99.8983,796
13:08,99.9972,100.0245,99.9972,100.0245,690
13:09,100.0769,100.0769,99.9972,99.9972,1128
13:10,100.0619,100.0769,100.0619,100.0769,1044
13:11,100.0776,100.0776,100.0619,100.0619,826
13:12,100.1356,100.1356,100.0776,100.0776,390
13:13,99.9549,100.1356,99.9549,100.1356,890
13:14,99.8933,99.9549,99.8933,99.9549,881
13:15,99.8243,99.8933,99.8243,99.8933,895
13:16,99.7755,99.8243,99.7755,99.8243,1231
13:17,99.8708,99.8708,99.7755,99.7755,992
13:18,99.8139,99.8708,99.8139,99.8708,855
13:19,99.8529,99.8529,99.8139,99.8139,777
13:20,99.9283,99.9283,99.8529,99.8529,500
13:21,99.8412,99.9283,99.8412,99.9283,865
13:22,99.9189,99.9189,99.8412,99.8412,1120
13:23,99.9253,99.9253,99.9189,99.9189,568
13:24,99.9475,99.9475,99.9253,99.9253,229
13:25,100.0318,100.0318,99.9475,99.9475,414
13:26,100.1475,100.1475,100.0318,100.0318,1049
13:27,100.1793,100.1793,100.1475,100.1475,819
13:28,100.3184,100.3184,100.1793,100.1793,1234
13:29,100.2736,100.3184,100.2736,100.3184,4979
13:30,100.2819,100.2819,100.2736,100.2736,1180
13:31,100.3451,100.3451,100.2819,100.2819,410
13:32,100.3545,100.3545,100.3451,100.3451,871
13:33,100.3168,100.3545,100.3168,100.3545,1126
13:34,100.1763,100.3168,100.1763,100.3168,1121
13:35,100.0052,100.1763,100.0052,100.1763,878
13:36,99.801,100.0052,99.801,100.0052,1026
13:37,99.7122,99.801,99.7122,99.801,4304
13:38,99.4637,99.7122,99.4637,99.7122,4908
13:39,99.4563,99.4637,99.4563,99.4637,5057
13:40,99.5449,99.5449,99.4563,99.4563,6548
13:41,99.5445,99.5449,99.5445,99.5449,5003
13:42,99.6277,99.6277,99.5445,99.5445,2982
13:43,99.6405,99.6405,99.6277,99.6277,713
13:44,99.6842,99.6842,99.6405,99.6405,1108
13:45,99.7909,99.7909,99.6842,99.6842,796
13:46,99.7659,99.7909,99.7659,99.7909,1196
13:47,99.7338,99.7659,99.7338,99.7659,712
13:48,99.7618,99.7618,99.7338,99.7338,790
13:49,99.8819,99.8819,99.7618,99.7618,666
13:50,99.9564,99.9564,99.8819,99.8819,811
13:51,100.1019,100.1019,99.9564,99.9564,760
13:52,100.1336,100.1336,100.1019,100.1019,3011
13:53,100.0194,100.1336,100.0194,100.1336,9646
13:54,99.931,100.0194,99.931,100.0194,1281
13:55,99.9445,99.9445,99.931,99.931,451
13:56,100.0197,100.0197,99.9445,99.9445,618
13:57,99.9966,100.0197,99.9966,100.0197,1543
13:58,99.9292,99.9966,99.9292,99.9966,679
13:59,99.9158,99.9292,99.9158,99.9292,702
14:00,99.9897,99.9897,99.9158,99.9158,685
14:01,99.8488,99.9897,99.8488,99.9897,512
14:02,99.8664,99.8664,99.8488,99.8488,1553
14:03,99.8323,99.8664,99.8323,99.8664,779
14:04,99.6764,99.8323,99.6764,99.8323,406
14:05,99.75,99.75,99.6764,99.6764,721
14:06,99.7272,99.75,99.7272,99.75,864
14:07,99.5286,99.7272,99.5286,99.7272,393
14:08,99.366,99.5286,99.366,99.5286,651
14:09,99.3374,99.366,99.3374,99.366,4508
14:10,99.3939,99.3939,99.3374,99.3374,9168
14:11,99.369,99.3939,99.369,99.3939,1432
14:12,99.2593,99.369,99.2593,99.369,625
14:13,99.2741,99.2741,99.2593,99.2593,6965
14:14,99.6011,99.6011,99.2741,99.2741,3538
14:15,99.5532,99.6011,99.5532,99.6011,652
14:16,99.4723,99.5532,99.4723,99.5532,720
14:17,99.6202,99.6202,99.4723,99.4723,970
14:18,99.5349,99.6202,99.5349,99.6202,850
14:19,99.499,99.5349,99.499,99.5349,1276
14:20,99.5836,99.5836,99.499,99.499,561
14:21,99.458,99.5836,99.458,99.5836,606
14:22,99.3732,99.458,99.3732,99.458,738
14:23,99.2822,99.3732,99.2822,99.3732,1024
14:24,99.0778,99.2822,99.0778,99.2822,872
14:25,98.9689,99.0778,98.9689,99.0778,5552
14:26,98.9871,98.9871,98.9689,98.9689,5694
14:27,98.8546,98.9871,98.8546,98.9871,4313
14:28,98.551,98.8546,98.551,98.8546,5184
14:29,98.5954,98.5954,98.551,98.551,13528
14:30,98.5677,98.5954,98.5677,98.5954,9340
14:31,98.4813,98.5677,98.4813,98.5677,4484
14:32,98.5761,98.5761,98.4813,98.4813,5096
14:33,98.5556,98.5761,98.5556,98.5761,2618
14:34,98.4587,98.5556,98.4587,98.5556,1089
14:35,98.39,98.4587,98.39,98.4587,8127
14:36,98.262,98.39,98.262,98.39,6435
14:37,98.0964,98.262,98.0964,98.262,6910
14:38,98.1038,98.1038,98.0964,98.0964,4706
14:39,98.0906,98.1038,98.0906,98.1038,9461
14:40,97.8856,98.0906,97.8856,98.0906,11167
14:41,97.7387,97.8856,97.7387,97.8856,5047
14:42,97.8097,97.8097,97.7387,97.7387,15725
14:43,97.8521,97.8521,97.8097,97.8097,6318
14:44,97.7334,97.8521,97.7334,97.8521,843
14:45,97.7125,97.7334,97.7125,97.7334,4494
14:46,97.692,97.7125,97.692,97.7125,7989
14:47,97.7026,97.7026,97.692,97.692,2573
14:48,97.7653,97.7653,97.7026,97.7026,1635
14:49,97.7801,97.7801,97.7653,97.7653,718
14:50,97.7381,97.7801,97.7381,97.7801,581
14:51,97.6532,97.7381,97.6532,97.7381,932
14:52,97.4828,97.6532,97.4828,97.6532,743
14:53,97.4483,97.4828,97.4483,97.4828,3009
14:54,97.2855,97.4483,97.2855,97.4483,1357
14:55,97.4097,97.4097,97.2855,97.2855,5427
14:56,97.4274,97.4274,97.4097,97.4097,1487
14:57,97.4384,97.4384,97.4274,97.4274,2078
14:58,97.6341,97.6341,97.4384,97.4384,735
14:59,97.4949,97.6341,97.4949,97.6341,1230
15:00,97.461,97.4949,97.461,97.4949,671
15:01,97.2538,97.461,97.2538,97.461,668
15:02,97.166,97.2538,97.166,97.2538,1298
15:03,97.1593,97.166,97.1593,97.166,7530
15:04,97.2204,97.2204,97.1593,97.1593,1997
15:05,97.3735,97.3735,97.2204,97.2204,1359
15:06,97.4475,97.4475,97.3735,97.3735,690
15:07,97.4813,97.4813,97.4475,97.4475,537
15:08,97.5285,97.5285,97.4813,97.4813,389
15:09,97.4805,97.5285,97.4805,97.5285,604
15:10,97.2956,97.4805,97.2956,97.4805,440
15:11,97.0418,97.2956,97.0418,97.2956,996
15:12,97.0412,97.0418,97.0412,97.0418,6338
15:13,97.0747,97.0747,97.0412,97.0412,7683
15:14,97.1647,97.1647,97.0747,97.0747,1690
15:15,97.0632,97.1647,97.0632,97.1647,961
15:16,97.0773,97.0773,97.0632,97.0632,1259
15:17,97.079,97.079,97.0773,97.0773,1526
15:18,97.1502,97.1502,97.079,97.079,819
15:19,97.0118,97.1502,97.0118,97.1502,761
15:20,96.9426,97.0118,96.9426,97.0118,953
15:21,96.8976,96.9426,96.8976,96.9426,844
15:22,96.8371,96.8976,96.8371,96.8976,1035
15:23,96.8271,96.8371,96.8271,96.8371,1096
15:24,96.8434,96.8434,96.8271,96.8271,746
15:25,96.9951,96.9951,96.8434,96.8434,661
15:26,97.0039,97.0039,96.9951,96.9951,667
15:27,97.1341,97.1341,97.0039,97.0039,780
15:28,97.1472,97.1472,97.1341,97.1341,944
15:29,97.2597,97.2597,97.1472,97.1472,676
15:30,97.2499,97.2597,97.2499,97.2597,1471
15:31,97.2206,97.2499,97.2206,97.2499,829
15:32,97.2144,97.2206,97.2144,97.2206,600
15:33,97.1487,97.2144,97.1487,97.2144,2091
15:34,97.1847,97.1847,97.1487,97.1487,790
15:35,97.1058,97.1847,97.1058,97.1847,985
15:36,97.0516,97.1058,97.0516,97.1058,1163
15:37,97.1046,97.1046,97.0516,97.0516,856
15:38,97.0231,97.1046,97.0231,97.1046,604
15:39,97.0818,97.0818,97.0231,97.0231,488
15:40,96.936,97.0818,96.936,97.0818,499
15:41,97.0343,97.0343,96.936,96.936,953
15:42,97.196,97.196,97.0343,97.0343,1592
15:43,97.1303,97.196,97.1303,97.196,851
15:44,96.9766,97.1303,96.9766,97.1303,1169
15:45,96.8296,96.9766,96.8296,96.9766,957
15:46,96.9391,96.9391,96.8296,96.8296,3521
15:47,97.0208,97.0208,96.9391,96.9391,1223
15:48,97.3168,97.3168,97.0208,97.0208,637
15:49,97.4196,97.4196,97.3168,97.3168,6164
15:50,97.3865,97.4196,97.3865,97.4196,8093
15:51,97.3343,97.3865,97.3343,97.3865,11762
15:52,97.4028,97.4028,97.3343,97.3343,1789
15:53,97.3474,97.4028,97.3474,97.4028,4526
15:54,97.4933,97.4933,97.3474,97.3474,2467
15:55,97.4694,97.4933,97.4694,97.4933,5739
15:56,97.4794,97.4794,97.4694,97.4694,2991
15:57,97.4319,97.4794,97.4319,97.4794,7407
15:58,97.1929,97.4319,97.1929,97.4319,6670
15:59,97.1748,97.1929,97.1748,97.1929,10010
