Time,Close,High,Low,Open,Volume
09:30,100.4996,100.4996,100.4343,100.4343,65430
09:31,100.535,100.535,100.4996,100.4996,41752
09:32,100.687,100.687,100.535,100.535,5430
09:33,100.7369,100.7369,100.687,100.687,46876
09:34,100.2403,100.7369,100.2403,100.7369,28003
09:35,100.2944,100.2944,100.2403,100.2403,5179
09:36,100.2793,100.2944,100.2793,100.2944,3138
09:37,100.1963,100.2793,100.1963,100.2793,1840
09:38,100.2024,100.2024,100.1963,100.1963,2724
09:39,100.1125,100.2024,100.1125,100.2024,1056
09:40,100.0979,100.1125,100.0979,100.1125,1324
09:41,100.0805,100.0979,100.0805,100.0979,916
09:42,100.0942,100.0942,100.0805,100.0805,2368
09:43,100.0588,100.0942,100.0588,100.0942,941
09:44,100.2162,100.2162,100.0588,100.0588,1224
09:45,100.1924,100.2162,100.1924,100.2162,1407
09:46,100.2546,100.2546,100.1924,100.1924,708
09:47,100.3331,100.3331,100.2546,100.2546,760
09:48,100.3094,100.3331,100.3094,100.3331,1944
09:49,100.4206,100.4206,100.3094,100.3094,1028
09:50,100.208,100.4206,100.208,100.4206,1114
09:51,100.1898,100.208,100.1898,100.208,856
09:52,100.2925,100.2925,100.1898,100.1898,1530
09:53,100.3015,100.3015,100.2925,100.2925,659
09:54,100.3347,100.3347,100.3015,100.3015,963
09:55,100.3458,100.3458,100.3347,100.3347,1140
09:56,100.1862,100.3458,100.1862,100.3458,464
09:57,100.1881,100.1881,100.1862,100.1862,859
09:58,100.1246,100.1881,100.1246,100.1881,1056
09:59,100.0836,100.1246,100.0836,100.1246,998
10:00,100.152,100.152,100.0836,100.0836,894
10:01,100.1424,100.152,100.1424,100.152,590
10:02,99.9532,100.1424,99.9532,100.1424,651
10:03,99.9595,99.9595,99.9532,99.9532,761
10:04,99.9735,99.9735,99.9595,99.9595,1718
10:05,100.0471,100.0471,99.9735,99.9735,810
10:06,100.0123,100.0471,100.0123,100.0471,554
10:07,99.942,100.0123,99.942,100.0123,524
10:08,99.9183,99.942,99.9183,99.942,1596
10:09,99.9425,99.9425,99.9183,99.9183,1224
10:10,99.8385,99.9425,99.8385,99.9425,489
10:11,99.8008,99.8385,99.8008,99.8385,919
10:12,99.8744,99.8744,99.8008,99.8008,1064
10:13,99.7671,99.8744,99.7671,99.8744,1153
10:14,99.8156,99.8156,99.7671,99.7671,1170
10:15,99.8138,99.8156,99.8138,99.8156,428
10:16,99.9185,99.9185,99.8138,99.8138,620
10:17,99.925,99.925,99.9185,99.9185,1688
10:18,99.9381,99.9381,99.925,99.925,592
10:19,99.8573,99.9381,99.8573,99.9381,1106
10:20,99.9499,99.9499,99.8573,99.8573,1348
10:21,99.9497,99.9499,99.9497,99.9499,1481
10:22,99.9583,99.9583,99.9497,99.9497,1128
10:23,99.9421,99.9583,99.9421,99.9583,522
10:24,99.9957,99.9957,99.9421,99.9421,739
10:25,99.8693,99.9957,99.8693,99.9957,691
10:26,99.8668,99.8693,99.8668,99.8693,764
10:27,99.9149,99.9149,99.8668,99.8668,915
10:28,100.0802,100.0802,99.9149,99.9149,905
10:29,100.0647,100.0802,100.0647,100.0802,1125
10:30,100.1307,100.1307,100.0647,100.0647,594
10:31,100.1087,100.1307,100.1087,100.1307,517
10:32,100.0017,100.1087,100.0017,100.1087,1112
10:33,100.0001,100.0017,100.0001,100.0017,853
10:34,100.0227,100.0227,100.0001,100.0001,569
10:35,99.7805,100.0227,99.7805,100.0227,804
10:36,99.6432,99.7805,99.6432,99.7805,1058
10:37,99.7043,99.7043,99.6432,99.6432,3695
10:38,99.832,99.832,99.7043,99.7043,1139
10:39,99.8614,99.8614,99.832,99.832,662
10:40,99.9151,99.9151,99.8614,99.8614,736
10:41,100.0275,100.0275,99.9151,99.9151,911
10:42,100.0766,100.0766,100.0275,100.0275,1068
10:43,100.0553,100.0766,100.0553,100.0766,962
10:44,100.0707,100.0707,100.0553,100.0553,563
10:45,100.1475,100.1475,100.0707,100.0707,766
10:46,100.2847,100.2847,100.1475,100.1475,513
10:47,100.1459,100.2847,100.1459,100.2847,4781
10:48,100.1208,100.1459,100.1208,100.1459,1616
10:49,100.1157,100.1208,100.1157,100.1208,1075
10:50,100.0935,100.1157,100.0935,100.1157,793
10:51,99.9326,100.0935,99.9326,100.0935,647
10:52,99.8752,99.9326,99.8752,99.9326,409
10:53,99.9721,99.9721,99.8752,99.8752,1620
10:54,100.0137,100.0137,99.9721,99.9721,1011
10:55,100.0004,100.0137,100.0004,100.0137,556
10:56,99.9249,100.0004,99.9249,100.0004,815
10:57,99.8716,99.9249,99.8716,99.9249,1603
10:58,99.9525,99.9525,99.8716,99.8716,813
10:59,100.0626,100.0626,99.9525,99.9525,832
11:00,99.8643,100.0626,99.8643,100.0626,861
11:01,99.759,99.8643,99.759,99.8643,696
11:02,99.9475,99.9475,99.759,99.759,1745
11:03,99.9824,99.9824,99.9475,99.9475,729
11:04,100.0025,100.0025,99.9824,99.9824,660
11:05,99.9476,100.0025,99.9476,100.0025,1072
11:06,99.9475,99.9476,99.9475,99.9476,671
11:07,100.1596,100.1596,99.9475,99.9475,707
11:08,100.2593,100.2593,100.1596,100.1596,995
11:09,100.2515,100.2593,100.2515,100.2593,5484
11:10,100.2948,100.2948,100.2515,100.2515,1121
11:11,100.2839,100.2948,100.2839,100.2948,1290
11:12,100.3017,100.3017,100.2839,100.2839,591
11:13,100.2587,100.3017,100.2587,100.3017,668
11:14,100.1512,100.2587,100.1512,100.2587,1190
11:15,100.1521,100.1521,100.1512,100.1512,939
11:16,100.1911,100.1911,100.1521,100.1521,1094
11:17,100.2043,100.2043,100.1911,100.1911,1204
11:18,100.2943,100.2943,100.2043,100.2043,666
11:19,100.293,100.2943,100.293,100.2943,694
11:20,100.1748,100.293,100.1748,100.293,693
11:21,100.1715,100.1748,100.1715,100.1748,304
11:22,100.2179,100.2179,100.1715,100.1715,487
11:23,100.1553,100.2179,100.1553,100.2179,774
11:24,100.0954,100.1553,100.0954,100.1553,680
11:25,100.0918,100.0954,100.0918,100.0954,484
11:26,99.92,100.0918,99.92,100.0918,555
11:27,99.7025,99.92,99.7025,99.92,1569
11:28,99.6325,99.7025,99.6325,99.7025,4685
11:29,99.8672,99.8672,99.6325,99.6325,10944
11:30,99.9171,99.9171,99.8672,99.8672,832
11:31,99.9132,99.9171,99.9132,99.9171,1034
11:32,99.8154,99.9132,99.8154,99.9132,841
11:33,99.835,99.835,99.8154,99.8154,544
11:34,99.7326,99.835,99.7326,99.835,971
11:35,99.6339,99.7326,99.6339,99.7326,758
11:36,99.603,99.6339,99.603,99.6339,1385
11:37,99.677,99.677,99.603,99.603,975
11:38,99.641,99.677,99.641,99.677,738
11:39,99.8895,99.8895,99.641,99.641,1331
11:40,99.9302,99.9302,99.8895,99.8895,940
11:41,99.9263,99.9302,99.9263,99.9302,1842
11:42,99.9998,99.9998,99.9263,99.9263,876
11:43,99.9906,99.9998,99.9906,99.9998,1474
11:44,99.9791,99.9906,99.9791,99.9906,1336
11:45,99.7793,99.9791,99.7793,99.9791,835
11:46,99.6545,99.7793,99.6545,99.7793,444
11:47,99.7736,99.7736,99.6545,99.6545,1072
11:48,99.9203,99.9203,99.7736,99.7736,501
11:49,99.9224,99.9224,99.9203,99.9203,1084
11:50,99.7279,99.9224,99.7279,99.9224,902
11:51,99.7897,99.7897,99.7279,99.7279,1161
11:52,99.8427,99.8427,99.7897,99.7897,665
11:53,99.7401,99.8427,99.7401,99.8427,949
11:54,99.748,99.748,99.7401,99.7401,641
11:55,99.7955,99.7955,99.748,99.748,489
11:56,99.7705,99.7955,99.7705,99.7955,953
11:57,99.9099,99.9099,99.7705,99.7705,633
11:58,99.9127,99.9127,99.9099,99.9099,1002
11:59,99.8415,99.9127,99.8415,99.9127,1866
12:00,99.8055,99.8415,99.8055,99.8415,465
12:01,99.8291,99.8291,99.8055,99.8055,460
12:02,99.9464,99.9464,99.8291,99.8291,878
12:03,100.0072,100.0072,99.9464,99.9464,692
12:04,99.8083,100.0072,99.8083,100.0072,658
12:05,99.8687,99.8687,99.8083,99.8083,940
12:06,99.8856,99.8856,99.8687,99.8687,372
12:07,99.8352,99.8856,99.8352,99.8856,906
12:08,99.7328,99.8352,99.7328,99.8352,636
12:09,99.6472,99.7328,99.6472,99.7328,594
12:10,99.7449,99.7449,99.6472,99.6472,1383
12:11,99.605,99.7449,99.605,99.7449,1261
12:12,99.7979,99.7979,99.605,99.605,346
12:13,99.8247,99.8247,99.7979,99.7979,737
12:14,99.8979,99.8979,99.8247,99.8247,845
12:15,99.8218,99.8979,99.8218,99.8979,1041
12:16,99.6766,99.8218,99.6766,99.8218,565
12:17,99.7494,99.7494,99.6766,99.6766,1294
12:18,99.8985,99.8985,99.7494,99.7494,1132
12:19,100.0122,100.0122,99.8985,99.8985,1378
12:20,100.0466,100.0466,100.0122,100.0122,941
12:21,99.9238,100.0466,99.9238,100.0466,1063
12:22,99.958,99.958,99.9238,99.9238,852
12:23,99.8427,99.958,99.8427,99.958,1490
12:24,99.8417,99.8427,99.8417,99.8427,791
12:25,100.0262,100.0262,99.8417,99.8417,1656
12:26,100.0864,100.0864,100.0262,100.0262,1367
12:27,99.9434,100.0864,99.9434,100.0864,2163
12:28,100.0076,100.0076,99.9434,99.9434,842
12:29,100.053,100.053,100.0076,100.0076,1445
12:30,100.0123,100.053,100.0123,100.053,989
12:31,99.9848,100.0123,99.9848,100.0123,483
12:32,99.944,99.9848,99.944,99.9848,1574
12:33,99.9916,99.9916,99.944,99.944,1082
12:34,99.8155,99.9916,99.8155,99.9916,1375
12:35,99.8074,99.8155,99.8074,99.8155,1434
12:36,99.7824,99.8074,99.7824,99.8074,1309
12:37,99.8363,99.8363,99.7824,99.7824,712
12:38,100.0011,100.0011,99.8363,99.8363,818
12:39,99.9776,100.0011,99.9776,100.0011,468
12:40,100.01,100.01,99.9776,99.9776,925
12:41,100.0683,100.0683,100.01,100.01,975
12:42,100.1879,100.1879,100.0683,100.0683,1200
12:43,100.1565,100.1879,100.1565,100.1879,1022
12:44,100.1986,100.1986,100.1565,100.1565,1033
12:45,100.3659,100.3659,100.1986,100.1986,1210
12:46,100.5607,100.5607,100.3659,100.3659,994
12:47,100.5072,100.5607,100.5072,100.5607,9293
12:48,100.4196,100.5072,100.4196,100.5072,11803
12:49,100.5094,100.5094,100.4196,100.4196,1265
12:50,100.2774,100.5094,100.2774,100.5094,3114
12:51,100.1712,100.2774,100.1712,100.2774,617
12:52,100.2545,100.2545,100.1712,100.1712,1028
12:53,100.2544,100.2545,100.2544,100.2545,1187
12:54,100.3024,100.3024,100.2544,100.2544,533
12:55,100.2194,100.3024,100.2194,100.3024,908
12:56,100.1336,100.2194,100.1336,100.2194,1031
12:57,99.9444,100.1336,99.9444,100.1336,668
12:58,99.8873,99.9444,99.8873,99.9444,3542
12:59,99.9952,99.9952,99.8873,99.8873,6004
13:00,100.145,100.145,99.9952,99.9952,878
13:01,100.1578,100.1578,100.145,100.145,1132
13:02,100.3377,100.3377,100.1578,100.1578,301
13:03,100.4314,100.4314,100.3377,100.3377,765
13:04,100.5795,100.5795,100.4314,100.4314,975
13:05,100.6583,100.6583,100.5795,100.5795,6086
13:06,100.8526,100.8526,100.6583,100.6583,9451
13:07,100.8862,100.8862,100.8526,100.8526,15217
13:08,100.8432,100.8862,100.8432,100.8862,8375
13:09,100.754,100.8432,100.754,100.8432,8204
13:10,100.7366,100.754,100.7366,100.754,1071
13:11,100.9062,100.9062,100.7366,100.7366,902
13:12,100.9322,100.9322,100.9062,100.9062,9334
13:13,100.935,100.935,100.9322,100.9322,2830
13:14,100.9562,100.9562,100.935,100.935,1406
13:15,100.9746,100.9746,100.9562,100.9562,937
13:16,101.0857,101.0857,100.9746,100.9746,1989
13:17,101.1163,101.1163,101.0857,101.0857,1810
13:18,101.2339,101.2339,101.1163,101.1163,905
13:19,101.1143,101.2339,101.1143,101.2339,10602
13:20,101.176,101.176,101.1143,101.1143,1277
13:21,101.2669,101.2669,101.176,101.176,808
13:22,101.2765,101.2765,101.2669,101.2669,1511
13:23,101.4154,101.4154,101.2765,101.2765,1508
13:24,101.378,101.4154,101.378,101.4154,1651
13:25,101.4654,101.4654,101.378,101.378,946
13:26,101.534,101.534,101.4654,101.4654,1526
13:27,101.508,101.534,101.508,101.534,8536
13:28,101.4838,101.508,101.4838,101.508,995
13:29,101.7772,101.7772,101.4838,101.4838,1224
13:30,101.5782,101.7772,101.5782,101.7772,7157
13:31,101.5348,101.5782,101.5348,101.5782,1004
13:32,101.6482,101.6482,101.5348,101.5348,1129
13:33,101.6624,101.6624,101.6482,101.6482,1712
13:34,101.7743,101.7743,101.6624,101.6624,592
13:35,101.7804,101.7804,101.7743,101.7743,1514
13:36,101.6799,101.7804,101.6799,101.7804,1043
13:37,101.6317,101.6799,101.6317,101.6799,972
13:38,101.6574,101.6574,101.6317,101.6317,767
13:39,101.704,101.704,101.6574,101.6574,806
13:40,101.6746,101.704,101.6746,101.704,1922
13:41,101.583,101.6746,101.583,101.6746,811
13:42,101.5638,101.583,101.5638,101.583,1246
13:43,101.546,101.5638,101.546,101.5638,664
13:44,101.6546,101.6546,101.546,101.546,841
13:45,101.5845,101.6546,101.5845,101.6546,1014
13:46,101.5891,101.5891,101.5845,101.5845,877
13:47,101.6222,101.6222,101.5891,101.5891,604
13:48,101.5328,101.6222,101.5328,101.6222,1270
13:49,101.544,101.544,101.5328,101.5328,946
13:50,101.6624,101.6624,101.544,101.544,817
13:51,101.4942,101.6624,101.4942,101.6624,1582
13:52,101.3483,101.4942,101.3483,101.4942,780
13:53,101.4108,101.4108,101.3483,101.3483,1001
13:54,101.4482,101.4482,101.4108,101.4108,1054
13:55,101.602,101.602,101.4482,101.4482,842
13:56,101.7851,101.7851,101.602,101.602,1221
13:57,101.6727,101.7851,101.6727,101.7851,3748
13:58,101.4496,101.6727,101.4496,101.6727,1309
13:59,101.4742,101.4742,101.4496,101.4496,1059
14:00,101.5051,101.5051,101.4742,101.4742,1388
14:01,101.5142,101.5142,101.5051,101.5051,720
14:02,101.6817,101.6817,101.5142,101.5142,1169
14:03,101.6105,101.6817,101.6105,101.6817,1431
14:04,101.6218,101.6218,101.6105,101.6105,302
14:05,101.4374,101.6218,101.4374,101.6218,669
14:06,101.4766,101.4766,101.4374,101.4374,2059
14:07,101.5828,101.5828,101.4766,101.4766,1727
14:08,101.5213,101.5828,101.5213,101.5828,1407
14:09,101.3533,101.5213,101.3533,101.5213,601
14:10,101.2575,101.3533,101.2575,101.3533,1234
14:11,101.4589,101.4589,101.2575,101.2575,4432
14:12,101.3624,101.4589,101.3624,101.4589,1124
14:13,101.4275,101.4275,101.3624,101.3624,973
14:14,101.4956,101.4956,101.4275,101.4275,609
14:15,101.6433,101.6433,101.4956,101.4956,702
14:16,101.6142,101.6433,101.6142,101.6433,597
14:17,101.622,101.622,101.6142,101.6142,1244
14:18,101.7677,101.7677,101.622,101.622,982
14:19,101.7937,101.7937,101.7677,101.7677,1674
14:20,101.8363,101.8363,101.7937,101.7937,1467
14:21,101.8933,101.8933,101.8363,101.8363,1020
14:22,101.9721,101.9721,101.8933,101.8933,2017
14:23,101.8872,101.9721,101.8872,101.9721,6744
14:24,101.7742,101.8872,101.7742,101.8872,2936
14:25,101.7029,101.7742,101.7029,101.7742,376
14:26,101.7699,101.7699,101.7029,101.7029,792
14:27,101.8058,101.8058,101.7699,101.7699,410
14:28,101.7767,101.8058,101.7767,101.8058,685
14:29,101.7969,101.7969,101.7767,101.7767,864
14:30,101.5225,101.7969,101.5225,101.7969,970
14:31,101.4661,101.5225,101.4661,101.5225,2253
14:32,101.3765,101.4661,101.3765,101.4661,738
14:33,101.4004,101.4004,101.3765,101.3765,5531
14:34,101.5688,101.5688,101.4004,101.4004,1015
14:35,101.6,101.6,101.5688,101.5688,1196
14:36,101.658,101.658,101.6,101.6,1490
14:37,101.6789,101.6789,101.658,101.658,463
14:38,101.6682,101.6789,101.6682,101.6789,918
14:39,101.5383,101.6682,101.5383,101.6682,639
14:40,101.4408,101.5383,101.4408,101.5383,855
14:41,101.4807,101.4807,101.4408,101.4408,1152
14:42,101.5913,101.5913,101.4807,101.4807,1120
14:43,101.4073,101.5913,101.4073,101.5913,881
14:44,101.2877,101.4073,101.2877,101.4073,458
14:45,101.2699,101.2877,101.2699,101.2877,828
14:46,101.3058,101.3058,101.2699,101.2699,558
14:47,101.2873,101.3058,101.2873,101.3058,1039
14:48,101.3653,101.3653,101.2873,101.2873,986
14:49,101.4516,101.4516,101.3653,101.3653,1002
14:50,101.5193,101.5193,101.4516,101.4516,399
14:51,101.4513,101.5193,101.4513,101.5193,398
14:52,101.3841,101.4513,101.3841,101.4513,404
14:53,101.3217,101.3841,101.3217,101.3841,884
14:54,101.3743,101.3743,101.3217,101.3217,898
14:55,101.5252,101.5252,101.3743,101.3743,868
14:56,101.4756,101.5252,101.4756,101.5252,1171
14:57,101.4701,101.4756,101.4701,101.4756,1841
14:58,101.484,101.484,101.4701,101.4701,673
14:59,101.4608,101.484,101.4608,101.484,1127
15:00,101.2839,101.4608,101.2839,101.4608,1341
15:01,101.3817,101.3817,101.2839,101.2839,937
15:02,101.3078,101.3817,101.3078,101.3817,298
15:03,101.3874,101.3874,101.3078,101.3078,902
15:04,101.2808,101.3874,101.2808,101.3874,580
15:05,101.1817,101.2808,101.1817,101.2808,719
15:06,101.1796,101.1817,101.1796,101.1817,897
15:07,101.3385,101.3385,101.1796,101.1796,1240
15:08,101.4457,101.4457,101.3385,101.3385,788
15:09,101.4897,101.4897,101.4457,101.4457,393
15:10,101.5867,101.5867,101.4897,101.4897,718
15:11,101.6881,101.6881,101.5867,101.5867,1249
15:12,101.7428,101.7428,101.6881,101.6881,1430
15:13,101.7358,101.7428,101.7358,101.7428,4875
15:14,101.8539,101.8539,101.7358,101.7358,1564
15:15,101.7135,101.8539,101.7135,101.8539,2893
15:16,101.6045,101.7135,101.6045,101.7135,2065
15:17,101.8536,101.8536,101.6045,101.6045,487
15:18,101.9138,101.9138,101.8536,101.8536,2228
15:19,101.9128,101.9138,101.9128,101.9138,2901
15:20,101.8426,101.9128,101.8426,101.9128,3700
15:21,101.8733,101.8733,101.8426,101.8426,526
15:22,101.7312,101.8733,101.7312,101.8733,2436
15:23,101.6488,101.7312,101.6488,101.7312,582
15:24,101.5278,101.6488,101.5278,101.6488,813
15:25,101.6007,101.6007,101.5278,101.5278,873
15:26,101.4569,101.6007,101.4569,101.6007,1079
15:27,101.5038,101.5038,101.4569,101.4569,719
15:28,101.5929,101.5929,101.5038,101.5038,1179
15:29,101.6831,101.6831,101.5929,101.5929,635
15:30,101.5971,101.6831,101.5971,101.6831,992
15:31,101.6468,101.6468,101.5971,101.5971,298
15:32,101.5262,101.6468,101.5262,101.6468,973
15:33,101.6417,101.6417,101.5262,101.5262,553
15:34,101.6954,101.6954,101.6417,101.6417,862
15:35,101.6244,101.6954,101.6244,101.6954,997
15:36,101.7538,101.7538,101.6244,101.6244,884
15:37,101.7313,101.7538,101.7313,101.7538,1208
15:38,101.7176,101.7313,101.7176,101.7313,527
15:39,101.5698,101.7176,101.5698,101.7176,713
15:40,101.6215,101.6215,101.5698,101.5698,879
15:41,101.7334,101.7334,101.6215,101.6215,666
15:42,101.648,101.7334,101.648,101.7334,735
15:43,101.6078,101.648,101.6078,101.648,1224
15:44,101.851,101.851,101.6078,101.6078,897
15:45,101.8256,101.851,101.8256,101.851,823
15:46,101.8124,101.8256,101.8124,101.8256,773
15:47,101.7053,101.8124,101.7053,101.8124,1054
15:48,101.6543,101.7053,101.6543,101.7053,1196
15:49,101.6645,101.6645,101.6543,101.6543,795
15:50,101.8608,101.8608,101.6645,101.6645,1064
15:51,101.8746,101.8746,101.8608,101.8608,1595
15:52,101.7596,101.8746,101.7596,101.8746,1205
15:53,101.6345,101.7596,101.6345,101.7596,2019
15:54,101.5548,101.6345,101.5548,101.6345,1731
15:55,101.6019,101.6019,101.5548,101.5548,2351
15:56,101.7027,101.7027,101.6019,101.6019,2077
15:57,101.6889,101.7027,101.6889,101.7027,7272
15:58,101.5905,101.6889,101.5905,101.6889,4895
15:59,101.481,101.5905,101.481,101.5905,7642
