Time,Close,High,Low,Open,Volume
09:30,99.9947,100.1439,99.9947,100.1439,10332
09:31,100.0703,100.0703,99.9947,99.9947,5268
09:32,99.9149,100.0703,99.9149,100.0703,4381
09:33,99.8611,99.9149,99.8611,99.9149,6663
09:34,99.7194,99.8611,99.7194,99.8611,2730
09:35,99.8667,99.8667,99.7194,99.7194,12232
09:36,99.942,99.942,99.8667,99.8667,1672
09:37,99.8898,99.942,99.8898,99.942,1513
09:38,99.9985,99.9985,99.8898,99.8898,1117
09:39,100.0153,100.0153,99.9985,99.9985,1570
09:40,100.0022,100.0153,100.0022,100.0153,2840
09:41,99.888,100.0022,99.888,100.0022,1686
09:42,99.8778,99.888,99.8778,99.888,993
09:43,100.0399,100.0399,99.8778,99.8778,2085
09:44,100.0129,100.0399,100.0129,100.0399,1656
09:45,100.0666,100.0666,100.0129,100.0129,1147
09:46,100.1324,100.1324,100.0666,100.0666,1419
09:47,100.096,100.1324,100.096,100.1324,1072
09:48,100.2173,100.2173,100.096,100.096,445
09:49,100.1289,100.2173,100.1289,100.2173,1666
09:50,100.1344,100.1344,100.1289,100.1289,697
09:51,100.1313,100.1344,100.1313,100.1344,538
09:52,99.9327,100.1313,99.9327,100.1313,1347
09:53,99.7302,99.9327,99.7302,99.9327,406
09:54,99.7564,99.7564,99.7302,99.7302,5647
09:55,99.82,99.82,99.7564,99.7564,1910
09:56,99.8032,99.82,99.8032,99.82,955
09:57,99.8299,99.8299,99.8032,99.8032,874
09:58,99.7547,99.8299,99.7547,99.8299,543
09:59,99.9322,99.9322,99.7547,99.7547,1038
10:00,100.0015,100.0015,99.9322,99.9322,549
10:01,99.9366,100.0015,99.9366,100.0015,1575
10:02,99.7864,99.9366,99.7864,99.9366,687
10:03,99.7066,99.7864,99.7066,99.7864,1077
10:04,99.6066,99.7066,99.6066,99.7066,945
10:05,99.7553,99.7553,99.6066,99.6066,3800
10:06,99.738,99.7553,99.738,99.7553,911
10:07,99.7348,99.738,99.7348,99.738,905
10:08,99.6334,99.7348,99.6334,99.7348,738
10:09,99.8319,99.8319,99.6334,99.6334,1240
10:10,99.8852,99.8852,99.8319,99.8319,1286
10:11,99.8832,99.8852,99.8832,99.8852,775
10:12,99.9487,99.9487,99.8832,99.8832,542
10:13,100.047,100.047,99.9487,99.9487,1202
10:14,100.0356,100.047,100.0356,100.047,747
10:15,100.0364,100.0364,100.0356,100.0356,789
10:16,99.9606,100.0364,99.9606,100.0364,622
10:17,99.9089,99.9606,99.9089,99.9606,1293
10:18,100.0323,100.0323,99.9089,99.9089,889
10:19,100.0077,100.0323,100.0077,100.0323,1390
10:20,99.9313,100.0077,99.9313,100.0077,885
10:21,100.0995,100.0995,99.9313,99.9313,1405
10:22,100.0864,100.0995,100.0864,100.0995,632
10:23,100.11,100.11,100.0864,100.0864,1421
10:24,100.2567,100.2567,100.11,100.11,1216
10:25,100.2739,100.2739,100.2567,100.2567,1051
10:26,100.358,100.358,100.2739,100.2739,1263
10:27,100.424,100.424,100.358,100.358,417
10:28,100.323,100.424,100.323,100.424,4026
10:29,100.4113,100.4113,100.323,100.323,812
10:30,100.444,100.444,100.4113,100.4113,1144
10:31,100.3421,100.444,100.3421,100.444,1386
10:32,100.5231,100.5231,100.3421,100.3421,742
10:33,100.5358,100.5358,100.5231,100.5231,651
10:34,100.3806,100.5358,100.3806,100.5358,1084
10:35,100.2103,100.3806,100.2103,100.3806,960
10:36,100.1575,100.2103,100.1575,100.2103,1066
10:37,100.152,100.1575,100.152,100.1575,1020
10:38,100.2513,100.2513,100.152,100.152,819
10:39,100.403,100.403,100.2513,100.2513,1281
10:40,100.3139,100.403,100.3139,100.403,1255
10:41,100.2547,100.3139,100.2547,100.3139,949
10:42,100.2257,100.2547,100.2257,100.2547,600
10:43,100.0387,100.2257,100.0387,100.2257,970
10:44,99.9925,100.0387,99.9925,100.0387,949
10:45,99.9517,99.9925,99.9517,99.9925,783
10:46,99.7715,99.9517,99.7715,99.9517,814
10:47,99.6659,99.7715,99.6659,99.7715,11288
10:48,99.6782,99.6782,99.6659,99.6659,6884
10:49,99.7097,99.7097,99.6782,99.6782,4416
10:50,99.8734,99.8734,99.7097,99.7097,4773
10:51,100.1116,100.1116,99.8734,99.8734,567
10:52,100.0767,100.1116,100.0767,100.1116,923
10:53,100.0609,100.0767,100.0609,100.0767,894
10:54,99.9629,100.0609,99.9629,100.0609,1310
10:55,100.0826,100.0826,99.9629,99.9629,715
10:56,100.0572,100.0826,100.0572,100.0826,1113
10:57,100.2955,100.2955,100.0572,100.0572,1607
10:58,100.4993,100.4993,100.2955,100.2955,1292
10:59,100.6978,100.6978,100.4993,100.4993,5659
11:00,100.4548,100.6978,100.4548,100.6978,9038
11:01,100.5204,100.5204,100.4548,100.4548,1150
11:02,100.5614,100.5614,100.5204,100.5204,1705
11:03,100.5628,100.5628,100.5614,100.5614,1016
11:04,100.5274,100.5628,100.5274,100.5628,752
11:05,100.5342,100.5342,100.5274,100.5274,925
11:06,100.5832,100.5832,100.5342,100.5342,1119
11:07,100.6049,100.6049,100.5832,100.5832,1878
11:08,100.4824,100.6049,100.4824,100.6049,737
11:09,100.3489,100.4824,100.3489,100.4824,861
11:10,100.5424,100.5424,100.3489,100.3489,1341
11:11,100.6431,100.6431,100.5424,100.5424,665
11:12,100.5474,100.6431,100.5474,100.6431,1648
11:13,100.5069,100.5474,100.5069,100.5474,950
11:14,100.6144,100.6144,100.5069,100.5069,1249
11:15,100.7551,100.7551,100.6144,100.6144,610
11:16,100.735,100.7551,100.735,100.7551,951
11:17,100.7774,100.7774,100.735,100.735,999
11:18,100.6329,100.7774,100.6329,100.7774,847
11:19,100.5229,100.6329,100.5229,100.6329,574
11:20,100.5376,100.5376,100.5229,100.5229,1073
11:21,100.2728,100.5376,100.2728,100.5376,1001
11:22,100.3019,100.3019,100.2728,100.2728,6058
11:23,100.3499,100.3499,100.3019,100.3019,929
11:24,100.4172,100.4172,100.3499,100.3499,1183
11:25,100.2636,100.4172,100.2636,100.4172,530
11:26,100.1756,100.2636,100.1756,100.2636,893
11:27,100.1555,100.1756,100.1555,100.1756,1371
11:28,100.2421,100.2421,100.1555,100.1555,673
11:29,100.1566,100.2421,100.1566,100.2421,641
11:30,100.2516,100.2516,100.1566,100.1566,1516
11:31,100.05,100.2516,100.05,100.2516,594
11:32,99.9012,100.05,99.9012,100.05,1904
11:33,99.7646,99.9012,99.7646,99.9012,4680
11:34,99.9435,99.9435,99.7646,99.7646,10780
11:35,99.8182,99.9435,99.8182,99.9435,455
11:36,99.7861,99.8182,99.7861,99.8182,885
11:37,99.8034,99.8034,99.7861,99.7861,1966
11:38,99.8516,99.8516,99.8034,99.8034,936
11:39,99.581,99.8516,99.581,99.8516,896
11:40,99.6136,99.6136,99.581,99.581,3888
11:41,99.7466,99.7466,99.6136,99.6136,3755
11:42,99.8359,99.8359,99.7466,99.7466,479
11:43,99.9361,99.9361,99.8359,99.8359,656
11:44,99.9895,99.9895,99.9361,99.9361,746
11:45,99.794,99.9895,99.794,99.9895,1005
11:46,99.8185,99.8185,99.794,99.794,812
11:47,99.7036,99.8185,99.7036,99.8185,789
11:48,99.562,99.7036,99.562,99.7036,460
11:49,99.555,99.562,99.555,99.562,1156
11:50,99.6483,99.6483,99.555,99.555,1544
11:51,99.6847,99.6847,99.6483,99.6483,1593
11:52,99.6382,99.6847,99.6382,99.6847,529
11:53,99.6617,99.6617,99.6382,99.6382,873
11:54,99.6252,99.6617,99.6252,99.6617,839
11:55,99.6334,99.6334,99.6252,99.6252,1043
11:56,99.5414,99.6334,99.5414,99.6334,672
11:57,99.6074,99.6074,99.5414,99.5414,1323
11:58,99.5701,99.6074,99.5701,99.6074,1269
11:59,99.5238,99.5701,99.5238,99.5701,728
12:00,99.484,99.5238,99.484,99.5238,944
12:01,99.6034,99.6034,99.484,99.484,1334
12:02,99.7492,99.7492,99.6034,99.6034,739
12:03,99.794,99.794,99.7492,99.7492,1072
12:04,99.8577,99.8577,99.794,99.794,729
12:05,99.776,99.8577,99.776,99.8577,1991
12:06,99.9241,99.9241,99.776,99.776,492
12:07,99.9668,99.9668,99.9241,99.9241,1068
12:08,99.9123,99.9668,99.9123,99.9668,743
12:09,99.7623,99.9123,99.7623,99.9123,2169
12:10,99.8323,99.8323,99.7623,99.7623,749
12:11,99.7806,99.8323,99.7806,99.8323,705
12:12,99.7998,99.7998,99.7806,99.7806,353
12:13,99.8173,99.8173,99.7998,99.7998,1247
12:14,99.6231,99.8173,99.6231,99.8173,547
12:15,99.8344,99.8344,99.6231,99.6231,512
12:16,99.6202,99.8344,99.6202,99.8344,907
12:17,99.6601,99.6601,99.6202,99.6202,449
12:18,99.8176,99.8176,99.6601,99.6601,580
12:19,99.9588,99.9588,99.8176,99.8176,594
12:20,100.0152,100.0152,99.9588,99.9588,723
12:21,100.0159,100.0159,100.0152,100.0152,1742
12:22,99.9494,100.0159,99.9494,100.0159,868
12:23,100.0959,100.0959,99.9494,99.9494,859
12:24,100.0456,100.0959,100.0456,100.0959,737
12:25,99.9392,100.0456,99.9392,100.0456,1059
12:26,100.1274,100.1274,99.9392,99.9392,1015
12:27,100.0526,100.1274,100.0526,100.1274,1110
12:28,100.0537,100.0537,100.0526,100.0526,633
12:29,100.1704,100.1704,100.0537,100.0537,791
12:30,100.3516,100.3516,100.1704,100.1704,786
12:31,100.3109,100.3516,100.3109,100.3516,4102
12:32,100.3619,100.3619,100.3109,100.3109,1108
12:33,100.1259,100.3619,100.1259,100.3619,5048
12:34,100.2049,100.2049,100.1259,100.1259,1023
12:35,100.2425,100.2425,100.2049,100.2049,796
12:36,100.3085,100.3085,100.2425,100.2425,943
12:37,100.1792,100.3085,100.1792,100.3085,1078
12:38,100.1269,100.1792,100.1269,100.1792,800
12:39,100.1249,100.1269,100.1249,100.1269,517
12:40,100.2162,100.2162,100.1249,100.1249,879
12:41,100.3114,100.3114,100.2162,100.2162,590
12:42,100.2639,100.3114,100.2639,100.3114,897
12:43,100.0527,100.2639,100.0527,100.2639,798
12:44,100.0646,100.0646,100.0527,100.0527,1237
12:45,100.0836,100.0836,100.0646,100.0646,1437
12:46,99.9024,100.0836,99.9024,100.0836,352
12:47,99.8631,99.9024,99.8631,99.9024,1138
12:48,99.9408,99.9408,99.8631,99.8631,3763
12:49,99.91,99.9408,99.91,99.9408,445
12:50,100.0556,100.0556,99.91,99.91,523
12:51,100.0056,100.0556,100.0056,100.0556,733
12:52,100.1584,100.1584,100.0056,100.0056,532
12:53,99.9996,100.1584,99.9996,100.1584,928
12:54,99.9815,99.9996,99.9815,99.9996,1088
12:55,99.8394,99.9815,99.8394,99.9815,1104
12:56,99.774,99.8394,99.774,99.8394,709
12:57,99.7605,99.774,99.7605,99.774,895
12:58,99.6849,99.7605,99.6849,99.7605,1176
12:59,99.5519,99.6849,99.5519,99.6849,487
13:00,99.5624,99.5624,99.5519,99.5519,7450
13:01,99.5614,99.5624,99.5614,99.5624,1583
13:02,99.6587,99.6587,99.5614,99.5614,1629
13:03,99.5396,99.6587,99.5396,99.6587,814
13:04,99.476,99.5396,99.476,99.5396,958
13:05,99.5622,99.5622,99.476,99.476,1849
13:06,99.5361,99.5622,99.5361,99.5622,867
13:07,99.5728,99.5728,99.5361,99.5361,824
13:08,99.6018,99.6018,99.5728,99.5728,1098
13:09,99.7098,99.7098,99.6018,99.6018,960
13:10,99.5855,99.7098,99.5855,99.7098,1400
13:11,99.5603,99.5855,99.5603,99.5855,441
13:12,99.5133,99.5603,99.5133,99.5603,774
13:13,99.2512,99.5133,99.2512,99.5133,581
13:14,99.3189,99.3189,99.2512,99.2512,4256
13:15,99.1059,99.3189,99.1059,99.3189,1056
13:16,99.0893,99.1059,99.0893,99.1059,3589
13:17,99.0208,99.0893,99.0208,99.0893,5592
13:18,99.1167,99.1167,99.0208,99.0208,7542
13:19,99.1664,99.1664,99.1167,99.1167,1483
13:20,99.0612,99.1664,99.0612,99.1664,716
13:21,98.9549,99.0612,98.9549,99.0612,667
13:22,99.0362,99.0362,98.9549,98.9549,3888
13:23,99.0508,99.0508,99.0362,99.0362,1052
13:24,98.9669,99.0508,98.9669,99.0508,1057
13:25,98.9818,98.9818,98.9669,98.9669,2079
13:26,99.0521,99.0521,98.9818,98.9818,646
13:27,98.9383,99.0521,98.9383,99.0521,579
13:28,99.0196,99.0196,98.9383,98.9383,1593
13:29,99.1068,99.1068,99.0196,99.0196,1159
13:30,98.946,99.1068,98.946,99.1068,902
13:31,98.8481,98.946,98.8481,98.946,677
13:32,98.7713,98.8481,98.7713,98.8481,1007
13:33,98.6449,98.7713,98.6449,98.7713,1095
13:34,98.5987,98.6449,98.5987,98.6449,3806
13:35,98.4809,98.5987,98.4809,98.5987,4476
13:36,98.4977,98.4977,98.4809,98.4809,7476
13:37,98.3273,98.4977,98.3273,98.4977,2331
13:38,98.2939,98.3273,98.2939,98.3273,7526
13:39,98.2599,98.2939,98.2599,98.2939,3526
13:40,98.3828,98.3828,98.2599,98.2599,4891
13:41,98.4394,98.4394,98.3828,98.3828,866
13:42,98.4014,98.4394,98.4014,98.4394,528
13:43,98.4299,98.4299,98.4014,98.4014,690
13:44,98.4282,98.4299,98.4282,98.4299,518
13:45,98.4472,98.4472,98.4282,98.4282,1306
13:46,98.227,98.4472,98.227,98.4472,1223
13:47,98.2099,98.227,98.2099,98.227,821
13:48,98.1808,98.2099,98.1808,98.2099,706
13:49,98.1085,98.1808,98.1085,98.1808,751
13:50,98.2818,98.2818,98.1085,98.1085,6442
13:51,98.2294,98.2818,98.2294,98.2818,364
13:52,98.1637,98.2294,98.1637,98.2294,567
13:53,98.0017,98.1637,98.0017,98.1637,1209
13:54,97.9231,98.0017,97.9231,98.0017,2071
13:55,97.7158,97.9231,97.7158,97.9231,1631
13:56,97.6721,97.7158,97.6721,97.7158,6166
13:57,97.638,97.6721,97.638,97.6721,17106
13:58,97.8268,97.8268,97.638,97.638,13338
13:59,97.7805,97.8268,97.7805,97.8268,696
14:00,97.905,97.905,97.7805,97.7805,1051
14:01,97.7938,97.905,97.7938,97.905,628
14:02,97.5926,97.7938,97.5926,97.7938,639
14:03,97.6198,97.6198,97.5926,97.5926,5224
14:04,97.5532,97.6198,97.5532,97.6198,432
14:05,97.7472,97.7472,97.5532,97.5532,3562
14:06,97.7664,97.7664,97.7472,97.7472,767
14:07,97.826,97.826,97.7664,97.7664,2107
14:08,97.729,97.826,97.729,97.826,1319
14:09,97.6584,97.729,97.6584,97.729,875
14:10,97.8047,97.8047,97.6584,97.6584,1272
14:11,97.751,97.8047,97.751,97.8047,532
14:12,97.8959,97.8959,97.751,97.751,824
14:13,97.8319,97.8959,97.8319,97.8959,1350
14:14,97.6357,97.8319,97.6357,97.8319,826
14:15,97.6423,97.6423,97.6357,97.6357,2155
14:16,97.5517,97.6423,97.5517,97.6423,924
14:17,97.3704,97.5517,97.3704,97.5517,768
14:18,97.4806,97.4806,97.3704,97.3704,6133
14:19,97.5993,97.5993,97.4806,97.4806,780
14:20,97.6441,97.6441,97.5993,97.5993,495
14:21,97.432,97.6441,97.432,97.6441,845
14:22,97.4756,97.4756,97.432,97.432,1232
14:23,97.3391,97.4756,97.3391,97.4756,810
14:24,97.2801,97.3391,97.2801,97.3391,1079
14:25,97.3667,97.3667,97.2801,97.2801,5786
14:26,97.4262,97.4262,97.3667,97.3667,860
14:27,97.4954,97.4954,97.4262,97.4262,698
14:28,97.3458,97.4954,97.3458,97.4954,1012
14:29,97.2545,97.3458,97.2545,97.3458,765
14:30,97.2557,97.2557,97.2545,97.2545,978
14:31,97.2191,97.2557,97.2191,97.2557,1150
14:32,97.136,97.2191,97.136,97.2191,603
14:33,97.1895,97.1895,97.136,97.136,1511
14:34,97.2616,97.2616,97.1895,97.1895,1276
14:35,97.3449,97.3449,97.2616,97.2616,1604
14:36,97.2109,97.3449,97.2109,97.3449,1008
14:37,97.2924,97.2924,97.2109,97.2109,713
14:38,97.2031,97.2924,97.2031,97.2924,794
14:39,97.1354,97.2031,97.1354,97.2031,900
14:40,97.0927,97.1354,97.0927,97.1354,580
14:41,97.0408,97.0927,97.0408,97.0927,2124
14:42,96.8827,97.0408,96.8827,97.0408,1741
14:43,96.8765,96.8827,96.8765,96.8827,6906
14:44,96.9144,96.9144,96.8765,96.8765,4999
14:45,96.9451,96.9451,96.9144,96.9144,2238
14:46,96.9451,96.9451,96.9451,96.9451,1140
14:47,96.9429,96.9451,96.9429,96.9451,1037
14:48,97.041,97.041,96.9429,96.9429,1060
14:49,97.0526,97.0526,97.041,97.041,822
14:50,97.0777,97.0777,97.0526,97.0526,697
14:51,97.0255,97.0777,97.0255,97.0777,2088
14:52,97.0458,97.0458,97.0255,97.0255,502
14:53,96.9685,97.0458,96.9685,97.0458,525
14:54,96.8261,96.9685,96.8261,96.9685,1193
14:55,96.9603,96.9603,96.8261,96.8261,1713
14:56,97.002,97.002,96.9603,96.9603,657
14:57,97.0108,97.0108,97.002,97.002,643
14:58,96.8764,97.0108,96.8764,97.0108,1117
14:59,96.8651,96.8764,96.8651,96.8764,1015
15:00,96.8258,96.8651,96.8258,96.8651,910
15:01,96.8379,96.8379,96.8258,96.8258,958
15:02,96.9145,96.9145,96.8379,96.8379,941
15:03,96.9006,96.9145,96.9006,96.9145,725
15:04,96.6511,96.9006,96.6511,96.9006,1194
15:05,96.6997,96.6997,96.6511,96.6511,4733
15:06,96.7845,96.7845,96.6997,96.6997,1720
15:07,96.4441,96.7845,96.4441,96.7845,477
15:08,96.5309,96.5309,96.4441,96.4441,6619
15:09,96.5955,96.5955,96.5309,96.5309,942
15:10,96.6533,96.6533,96.5955,96.5955,1186
15:11,96.6181,96.6533,96.6181,96.6533,566
15:12,96.6158,96.6181,96.6158,96.6181,1454
15:13,96.6955,96.6955,96.6158,96.6158,364
15:14,96.7846,96.7846,96.6955,96.6955,760
15:15,96.8968,96.8968,96.7846,96.7846,880
15:16,96.9375,96.9375,96.8968,96.8968,2096
15:17,96.849,96.9375,96.849,96.9375,1336
15:18,96.833,96.849,96.833,96.849,1150
15:19,96.8386,96.8386,96.833,96.833,847
15:20,96.9358,96.9358,96.8386,96.8386,798
15:21,97.122,97.122,96.9358,96.9358,595
15:22,97.1602,97.1602,97.122,97.122,9804
15:23,97.2194,97.2194,97.1602,97.1602,3554
15:24,97.2135,97.2194,97.2135,97.2194,5737
15:25,97.2134,97.2135,97.2134,97.2135,1234
15:26,97.1351,97.2134,97.1351,97.2134,866
15:27,97.1609,97.1609,97.1351,97.1351,1247
15:28,97.3585,97.3585,97.1609,97.1609,862
15:29,97.2978,97.3585,97.2978,97.3585,3816
15:30,97.2827,97.2978,97.2827,97.2978,1076
15:31,97.1933,97.2827,97.1933,97.2827,1530
15:32,97.1667,97.1933,97.1667,97.1933,675
15:33,97.0668,97.1667,97.0668,97.1667,667
15:34,96.914,97.0668,96.914,97.0668,962
15:35,97.0543,97.0543,96.914,96.914,3908
15:36,97.0322,97.0543,97.0322,97.0543,998
15:37,96.9427,97.0322,96.9427,97.0322,1286
15:38,96.9827,96.9827,96.9427,96.9427,993
15:39,96.9426,96.9827,96.9426,96.9827,377
15:40,96.8085,96.9426,96.8085,96.9426,1529
15:41,96.9337,96.9337,96.8085,96.8085,1929
15:42,96.8777,96.9337,96.8777,96.9337,614
15:43,96.8816,96.8816,96.8777,96.8777,967
15:44,96.7895,96.8816,96.7895,96.8816,856
15:45,96.9057,96.9057,96.7895,96.7895,1182
15:46,96.8665,96.9057,96.8665,96.9057,754
15:47,96.8978,96.8978,96.8665,96.8665,1333
15:48,96.9351,96.9351,96.8978,96.8978,1498
15:49,97.0911,97.0911,96.9351,96.9351,737
15:50,97.107,97.107,97.0911,97.0911,1933
15:51,97.3099,97.3099,97.107,97.107,1767
15:52,97.3512,97.3512,97.3099,97.3099,5540
15:53,97.0919,97.3512,97.0919,97.3512,16241
15:54,97.096,97.096,97.0919,97.0919,1555
15:55,96.9454,97.096,96.9454,97.096,1085
15:56,96.7643,96.9454,96.7643,96.9454,2991
15:57,96.7765,96.7765,96.7643,96.7643,21877
15:58,96.9971,96.9971,96.7765,96.7765,25264
15:59,96.9958,96.9971,96.9958,96.9971,4481
