Time,Close,High,Low,Open,Volume
09:30,99.8997,100.0541,99.8997,100.0541,19859
09:31,99.8963,99.8997,99.8963,99.8997,15488
09:32,99.9271,99.9271,99.8963,99.8963,3268
09:33,99.633,99.9271,99.633,99.9271,4843
09:34,99.5177,99.633,99.5177,99.633,54095
09:35,99.4437,99.5177,99.4437,99.5177,38441
09:36,99.5193,99.5193,99.4437,99.4437,12926
09:37,99.5545,99.5545,99.5193,99.5193,14189
09:38,99.668,99.668,99.5545,99.5545,1681
09:39,99.7676,99.7676,99.668,99.668,778
09:40,99.7038,99.7676,99.7038,99.7676,1582
09:41,99.7464,99.7464,99.7038,99.7038,718
09:42,99.6361,99.7464,99.6361,99.7464,1457
09:43,99.7417,99.7417,99.6361,99.6361,1379
09:44,99.5794,99.7417,99.5794,99.7417,901
09:45,99.4193,99.5794,99.4193,99.5794,930
09:46,99.4259,99.4259,99.4193,99.4193,3972
09:47,99.2811,99.4259,99.2811,99.4259,613
09:48,99.283,99.283,99.2811,99.2811,5397
09:49,99.3712,99.3712,99.283,99.283,8843
09:50,99.5662,99.5662,99.3712,99.3712,2487
09:51,99.5407,99.5662,99.5407,99.5662,1405
09:52,99.4476,99.5407,99.4476,99.5407,584
09:53,99.424,99.4476,99.424,99.4476,834
09:54,99.4984,99.4984,99.424,99.424,1107
09:55,99.5447,99.5447,99.4984,99.4984,1212
09:56,99.6544,99.6544,99.5447,99.5447,655
09:57,99.5511,99.6544,99.5511,99.6544,836
09:58,99.602,99.602,99.5511,99.5511,870
09:59,99.5283,99.602,99.5283,99.602,1182
10:00,99.5828,99.5828,99.5283,99.5283,921
10:01,99.5668,99.5828,99.5668,99.5828,933
10:02,99.4891,99.5668,99.4891,99.5668,585
10:03,99.6674,99.6674,99.4891,99.4891,880
10:04,99.9165,99.9165,99.6674,99.6674,734
10:05,99.8186,99.9165,99.8186,99.9165,7591
10:06,99.9127,99.9127,99.8186,99.8186,1319
10:07,99.9209,99.9209,99.9127,99.9127,432
10:08,99.9428,99.9428,99.9209,99.9209,1468
10:09,100.1236,100.1236,99.9428,99.9428,1065
10:10,100.0483,100.1236,100.0483,100.1236,3222
10:11,100.1782,100.1782,100.0483,100.0483,867
10:12,100.2421,100.2421,100.1782,100.1782,7683
10:13,100.3393,100.3393,100.2421,100.2421,3754
10:14,100.2486,100.3393,100.2486,100.3393,4287
10:15,100.2539,100.2539,100.2486,100.2486,2317
10:16,100.2154,100.2539,100.2154,100.2539,1153
10:17,100.2051,100.2154,100.2051,100.2154,439
10:18,100.0896,100.2051,100.0896,100.2051,2051
10:19,99.9803,100.0896,99.9803,100.0896,791
10:20,100.0178,100.0178,99.9803,99.9803,1109
10:21,100.1108,100.1108,100.0178,100.0178,537
10:22,100.1089,100.1108,100.1089,100.1108,770
10:23,100.1289,100.1289,100.1089,100.1089,1161
10:24,100.1029,100.1289,100.1029,100.1289,640
10:25,100.1071,100.1071,100.1029,100.1029,1429
10:26,99.9389,100.1071,99.9389,100.1071,839
10:27,99.8457,99.9389,99.8457,99.9389,1275
10:28,99.9493,99.9493,99.8457,99.8457,945
10:29,99.8554,99.9493,99.8554,99.9493,433
10:30,99.959,99.959,99.8554,99.8554,1160
10:31,99.9097,99.959,99.9097,99.959,592
10:32,100.0545,100.0545,99.9097,99.9097,797
10:33,99.9876,100.0545,99.9876,100.0545,568
10:34,100.0883,100.0883,99.9876,99.9876,649
10:35,100.0153,100.0883,100.0153,100.0883,1560
10:36,100.0041,100.0153,100.0041,100.0153,753
10:37,99.8906,100.0041,99.8906,100.0041,484
10:38,100.0472,100.0472,99.8906,99.8906,1189
10:39,100.1313,100.1313,100.0472,100.0472,552
10:40,100.0501,100.1313,100.0501,100.1313,695
10:41,100.033,100.0501,100.033,100.0501,1220
10:42,100.0242,100.033,100.0242,100.033,912
10:43,100.0097,100.0242,100.0097,100.0242,402
10:44,99.844,100.0097,99.844,100.0097,421
10:45,99.7889,99.844,99.7889,99.844,603
10:46,99.8158,99.8158,99.7889,99.7889,1132
10:47,99.8205,99.8205,99.8158,99.8158,911
10:48,99.8764,99.8764,99.8205,99.8205,897
10:49,99.7773,99.8764,99.7773,99.8764,849
10:50,99.7487,99.7773,99.7487,99.7773,1561
10:51,99.9421,99.9421,99.7487,99.7487,1388
10:52,99.9008,99.9421,99.9008,99.9421,1004
10:53,99.8351,99.9008,99.8351,99.9008,1305
10:54,99.8368,99.8368,99.8351,99.8351,1672
10:55,99.8606,99.8606,99.8368,99.8368,859
10:56,99.8482,99.8606,99.8482,99.8606,1084
10:57,99.7897,99.8482,99.7897,99.8482,604
10:58,99.8335,99.8335,99.7897,99.7897,561
10:59,99.7395,99.8335,99.7395,99.8335,450
11:00,99.7342,99.7395,99.7342,99.7395,838
11:01,99.792,99.792,99.7342,99.7342,602
11:02,99.8069,99.8069,99.792,99.792,514
11:03,99.618,99.8069,99.618,99.8069,1844
11:04,99.686,99.686,99.618,99.618,1463
11:05,99.5523,99.686,99.5523,99.686,661
11:06,99.635,99.635,99.5523,99.5523,819
11:07,99.5125,99.635,99.5125,99.635,413
11:08,99.3857,99.5125,99.3857,99.5125,1794
11:09,99.5823,99.5823,99.3857,99.3857,10642
11:10,99.7022,99.7022,99.5823,99.5823,1127
11:11,99.8065,99.8065,99.7022,99.7022,818
11:12,99.9904,99.9904,99.8065,99.8065,679
11:13,100.0095,100.0095,99.9904,99.9904,6936
11:14,100.0168,100.0168,100.0095,100.0095,4620
11:15,100.0477,100.0477,100.0168,100.0168,948
11:16,99.9449,100.0477,99.9449,100.0477,1329
11:17,99.8034,99.9449,99.8034,99.9449,1811
11:18,99.7605,99.8034,99.7605,99.8034,598
11:19,99.7678,99.7678,99.7605,99.7605,699
11:20,99.9112,99.9112,99.7678,99.7678,869
11:21,100.0408,100.0408,99.9112,99.9112,1093
11:22,100.054,100.054,100.0408,100.0408,1177
11:23,100.047,100.054,100.047,100.054,1220
11:24,100.103,100.103,100.047,100.047,925
11:25,100.0314,100.103,100.0314,100.103,754
11:26,100.0667,100.0667,100.0314,100.0314,701
11:27,100.0055,100.0667,100.0055,100.0667,719
11:28,99.9056,100.0055,99.9056,100.0055,606
11:29,99.8162,99.9056,99.8162,99.9056,541
11:30,99.7765,99.8162,99.7765,99.8162,799
11:31,99.6609,99.7765,99.6609,99.7765,829
11:32,99.7844,99.7844,99.6609,99.6609,9599
11:33,99.6849,99.7844,99.6849,99.7844,665
11:34,99.7742,99.7742,99.6849,99.6849,696
11:35,99.8001,99.8001,99.7742,99.7742,703
11:36,99.9482,99.9482,99.8001,99.8001,1104
11:37,99.9215,99.9482,99.9215,99.9482,656
11:38,99.8579,99.9215,99.8579,99.9215,1290
11:39,99.8728,99.8728,99.8579,99.8579,1244
11:40,99.8284,99.8728,99.8284,99.8728,410
11:41,99.8541,99.8541,99.8284,99.8284,971
11:42,99.9212,99.9212,99.8541,99.8541,393
11:43,99.9041,99.9212,99.9041,99.9212,455
11:44,99.9303,99.9303,99.9041,99.9041,714
11:45,99.9144,99.9303,99.9144,99.9303,1787
11:46,99.9414,99.9414,99.9144,99.9144,536
11:47,99.911,99.9414,99.911,99.9414,912
11:48,99.8045,99.911,99.8045,99.911,914
11:49,99.8895,99.8895,99.8045,99.8045,1317
11:50,99.873,99.8895,99.873,99.8895,775
11:51,99.8242,99.873,99.8242,99.873,775
11:52,99.7804,99.8242,99.7804,99.8242,553
11:53,99.7271,99.7804,99.7271,99.7804,1054
11:54,99.776,99.776,99.7271,99.7271,962
11:55,99.7822,99.7822,99.776,99.776,1131
11:56,99.8878,99.8878,99.7822,99.7822,694
11:57,99.8995,99.8995,99.8878,99.8878,875
11:58,99.8746,99.8995,99.8746,99.8995,780
11:59,99.914,99.914,99.8746,99.8746,922
12:00,99.9193,99.9193,99.914,99.914,924
12:01,99.7139,99.9193,99.7139,99.9193,1167
12:02,99.6559,99.7139,99.6559,99.7139,851
12:03,99.659,99.659,99.6559,99.6559,2041
12:04,99.5968,99.659,99.5968,99.659,542
12:05,99.667,99.667,99.5968,99.5968,2308
12:06,99.6162,99.667,99.6162,99.667,591
12:07,99.5592,99.6162,99.5592,99.6162,716
12:08,99.8152,99.8152,99.5592,99.5592,1793
12:09,99.8835,99.8835,99.8152,99.8152,683
12:10,99.9738,99.9738,99.8835,99.8835,630
12:11,99.9041,99.9738,99.9041,99.9738,797
12:12,99.8492,99.9041,99.8492,99.9041,776
12:13,99.7532,99.8492,99.7532,99.8492,664
12:14,99.9211,99.9211,99.7532,99.7532,931
12:15,99.9633,99.9633,99.9211,99.9211,1049
12:16,99.8741,99.9633,99.8741,99.9633,821
12:17,99.7079,99.8741,99.7079,99.8741,602
12:18,99.7079,99.7079,99.7079,99.7079,1273
12:19,99.5762,99.7079,99.5762,99.7079,765
12:20,99.5465,99.5762,99.5465,99.5762,1778
12:21,99.7303,99.7303,99.5465,99.5465,2314
12:22,99.6436,99.7303,99.6436,99.7303,662
12:23,99.7391,99.7391,99.6436,99.6436,1100
12:24,99.6429,99.7391,99.6429,99.7391,1068
12:25,99.6622,99.6622,99.6429,99.6429,504
12:26,99.6394,99.6622,99.6394,99.6622,1559
12:27,99.6688,99.6688,99.6394,99.6394,918
12:28,99.6128,99.6688,99.6128,99.6688,702
12:29,99.704,99.704,99.6128,99.6128,844
12:30,99.6612,99.704,99.6612,99.704,650
12:31,99.4561,99.6612,99.4561,99.6612,919
12:32,99.2683,99.4561,99.2683,99.4561,867
12:33,99.2217,99.2683,99.2217,99.2683,5567
12:34,99.4155,99.4155,99.2217,99.2217,9641
12:35,99.4672,99.4672,99.4155,99.4155,947
12:36,99.4791,99.4791,99.4672,99.4672,623
12:37,99.365,99.4791,99.365,99.4791,859
12:38,99.3095,99.365,99.3095,99.365,995
12:39,99.0751,99.3095,99.0751,99.3095,639
12:40,99.1601,99.1601,99.0751,99.0751,14463
12:41,99.0728,99.1601,99.0728,99.1601,679
12:42,99.1029,99.1029,99.0728,99.0728,5794
12:43,99.0778,99.1029,99.0778,99.1029,643
12:44,98.8866,99.0778,98.8866,99.0778,1445
12:45,98.7758,98.8866,98.7758,98.8866,4743
12:46,98.7187,98.7758,98.7187,98.7758,8562
12:47,98.792,98.792,98.7187,98.7187,9122
12:48,98.6876,98.792,98.6876,98.792,1369
12:49,98.7983,98.7983,98.6876,98.6876,5477
12:50,98.7422,98.7983,98.7422,98.7983,510
12:51,98.5955,98.7422,98.5955,98.7422,1044
12:52,98.5862,98.5955,98.5862,98.5955,4931
12:53,98.4758,98.5862,98.4758,98.5862,774
12:54,98.4012,98.4758,98.4012,98.4758,6517
12:55,98.4354,98.4354,98.4012,98.4012,2521
12:56,98.4847,98.4847,98.4354,98.4354,1470
12:57,98.489,98.489,98.4847,98.4847,848
12:58,98.5287,98.5287,98.489,98.489,1423
12:59,98.4542,98.5287,98.4542,98.5287,691
13:00,98.5274,98.5274,98.4542,98.4542,1176
13:01,98.3513,98.5274,98.3513,98.5274,445
13:02,98.3973,98.3973,98.3513,98.3513,1100
13:03,98.3934,98.3973,98.3934,98.3973,660
13:04,98.5598,98.5598,98.3934,98.3934,1032
13:05,98.4986,98.5598,98.4986,98.5598,1042
13:06,98.3501,98.4986,98.3501,98.4986,673
13:07,98.1214,98.3501,98.1214,98.3501,955
13:08,98.0595,98.1214,98.0595,98.1214,2625
13:09,98.1026,98.1026,98.0595,98.0595,9775
13:10,98.136,98.136,98.1026,98.1026,697
13:11,98.2367,98.2367,98.136,98.136,982
13:12,98.2399,98.2399,98.2367,98.2367,798
13:13,98.2748,98.2748,98.2399,98.2399,1017
13:14,98.3114,98.3114,98.2748,98.2748,1437
13:15,98.1848,98.3114,98.1848,98.3114,860
13:16,98.214,98.214,98.1848,98.1848,774
13:17,98.3362,98.3362,98.214,98.214,1260
13:18,98.2388,98.3362,98.2388,98.3362,863
13:19,98.0828,98.2388,98.0828,98.2388,483
13:20,98.1501,98.1501,98.0828,98.0828,1080
13:21,98.1275,98.1501,98.1275,98.1501,483
13:22,98.0135,98.1275,98.0135,98.1275,1075
13:23,97.6879,98.0135,97.6879,98.0135,867
13:24,97.7184,97.7184,97.6879,97.6879,9135
13:25,97.753,97.753,97.7184,97.7184,10981
13:26,97.7218,97.753,97.7218,97.753,6521
13:27,97.7374,97.7374,97.7218,97.7218,2077
13:28,97.774,97.774,97.7374,97.7374,962
13:29,97.7252,97.774,97.7252,97.774,788
13:30,97.8926,97.8926,97.7252,97.7252,1114
13:31,97.8693,97.8926,97.8693,97.8926,937
13:32,97.7124,97.8693,97.7124,97.8693,1953
13:33,97.5778,97.7124,97.5778,97.7124,802
13:34,97.6423,97.6423,97.5778,97.5778,5959
13:35,97.7074,97.7074,97.6423,97.6423,415
13:36,98.0122,98.0122,97.7074,97.7074,872
13:37,98.1285,98.1285,98.0122,98.0122,1249
13:38,98.1278,98.1285,98.1278,98.1285,3755
13:39,98.0568,98.1278,98.0568,98.1278,4261
13:40,97.794,98.0568,97.794,98.0568,1270
13:41,97.7464,97.794,97.7464,97.794,1860
13:42,97.7268,97.7464,97.7268,97.7464,913
13:43,97.5701,97.7268,97.5701,97.7268,916
13:44,97.5568,97.5701,97.5568,97.5701,12079
13:45,97.5985,97.5985,97.5568,97.5568,937
13:46,97.4913,97.5985,97.4913,97.5985,768
13:47,97.4488,97.4913,97.4488,97.4913,930
13:48,97.4993,97.4993,97.4488,97.4488,834
13:49,97.4255,97.4993,97.4255,97.4993,814
13:50,97.3558,97.4255,97.3558,97.4255,1124
13:51,97.3352,97.3558,97.3352,97.3558,1964
13:52,97.2965,97.3352,97.2965,97.3352,1371
13:53,97.3896,97.3896,97.2965,97.2965,615
13:54,97.3792,97.3896,97.3792,97.3896,607
13:55,97.4136,97.4136,97.3792,97.3792,582
13:56,97.4714,97.4714,97.4136,97.4136,1146
13:57,97.5594,97.5594,97.4714,97.4714,925
13:58,97.4801,97.5594,97.4801,97.5594,748
13:59,97.3519,97.4801,97.3519,97.4801,508
14:00,97.3656,97.3656,97.3519,97.3519,896
14:01,97.5453,97.5453,97.3656,97.3656,694
14:02,97.7463,97.7463,97.5453,97.5453,635
14:03,97.7716,97.7716,97.7463,97.7463,4330
14:04,97.867,97.867,97.7716,97.7716,1469
14:05,97.9006,97.9006,97.867,97.867,5697
14:06,97.6825,97.9006,97.6825,97.9006,11024
14:07,97.4958,97.6825,97.4958,97.6825,1378
14:08,97.4522,97.4958,97.4522,97.4958,647
14:09,97.4526,97.4526,97.4522,97.4522,1208
14:10,97.5845,97.5845,97.4526,97.4526,877
14:11,97.6921,97.6921,97.5845,97.5845,517
14:12,97.7088,97.7088,97.6921,97.6921,594
14:13,97.7128,97.7128,97.7088,97.7088,1267
14:14,97.6357,97.7128,97.6357,97.7128,1114
14:15,97.7596,97.7596,97.6357,97.6357,969
14:16,97.7648,97.7648,97.7596,97.7596,683
14:17,97.8634,97.8634,97.7648,97.7648,732
14:18,97.9126,97.9126,97.8634,97.8634,635
14:19,98.017,98.017,97.9126,97.9126,988
14:20,98.1234,98.1234,98.017,98.017,1311
14:21,98.1835,98.1835,98.1234,98.1234,7098
14:22,98.0771,98.1835,98.0771,98.1835,4420
14:23,98.1096,98.1096,98.0771,98.0771,1292
14:24,98.136,98.136,98.1096,98.1096,874
14:25,98.1727,98.1727,98.136,98.136,1074
14:26,98.0896,98.1727,98.0896,98.1727,1137
14:27,98.0942,98.0942,98.0896,98.0896,707
14:28,97.8257,98.0942,97.8257,98.0942,780
14:29,97.7517,97.8257,97.7517,97.8257,1220
14:30,97.6333,97.7517,97.6333,97.7517,683
14:31,97.6033,97.6333,97.6033,97.6333,4889
14:32,97.4826,97.6033,97.4826,97.6033,3457
14:33,97.6726,97.6726,97.4826,97.4826,6170
14:34,97.8284,97.8284,97.6726,97.6726,828
14:35,97.7911,97.8284,97.7911,97.8284,963
14:36,97.7273,97.7911,97.7273,97.7911,733
14:37,97.8662,97.8662,97.7273,97.7273,920
14:38,97.8366,97.8662,97.8366,97.8662,623
14:39,97.8649,97.8649,97.8366,97.8366,777
14:40,97.9718,97.9718,97.8649,97.8649,863
14:41,97.9202,97.9718,97.9202,97.9718,710
14:42,97.7757,97.9202,97.7757,97.9202,673
14:43,97.7871,97.7871,97.7757,97.7757,817
14:44,97.5831,97.7871,97.5831,97.7871,1471
14:45,97.5024,97.5831,97.5024,97.5831,481
14:46,97.474,97.5024,97.474,97.5024,6290
14:47,97.2538,97.474,97.2538,97.474,1564
14:48,97.2514,97.2538,97.2514,97.2538,2806
14:49,97.3059,97.3059,97.2514,97.2514,5832
14:50,97.3895,97.3895,97.3059,97.3059,10114
14:51,97.4922,97.4922,97.3895,97.3895,461
14:52,97.3646,97.4922,97.3646,97.4922,504
14:53,97.292,97.3646,97.292,97.3646,1231
14:54,97.2296,97.292,97.2296,97.292,777
14:55,97.2077,97.2296,97.2077,97.2296,792
14:56,97.1718,97.2077,97.1718,97.2077,1095
14:57,97.3028,97.3028,97.1718,97.1718,1006
14:58,97.298,97.3028,97.298,97.3028,1737
14:59,97.2241,97.298,97.2241,97.298,572
15:00,97.2668,97.2668,97.2241,97.2241,1723
15:01,97.2075,97.2668,97.2075,97.2668,521
15:02,97.1775,97.2075,97.1775,97.2075,2277
15:03,97.3071,97.3071,97.1775,97.1775,1532
15:04,97.485,97.485,97.3071,97.3071,528
15:05,97.4358,97.485,97.4358,97.485,820
15:06,97.6759,97.6759,97.4358,97.4358,601
15:07,97.531,97.6759,97.531,97.6759,7198
15:08,97.4945,97.531,97.4945,97.531,1499
15:09,97.4355,97.4945,97.4355,97.4945,899
15:10,97.4945,97.4945,97.4355,97.4355,1070
15:11,97.5771,97.5771,97.4945,97.4945,1058
15:12,97.4791,97.5771,97.4791,97.5771,1294
15:13,97.5642,97.5642,97.4791,97.4791,891
15:14,97.533,97.5642,97.533,97.5642,840
15:15,97.4461,97.533,97.4461,97.533,653
15:16,97.2994,97.4461,97.2994,97.4461,1033
15:17,97.3785,97.3785,97.2994,97.2994,913
15:18,97.4359,97.4359,97.3785,97.3785,1134
15:19,97.3943,97.4359,97.3943,97.4359,1107
15:20,97.5101,97.5101,97.3943,97.3943,634
15:21,97.4456,97.5101,97.4456,97.5101,721
15:22,97.4139,97.4456,97.4139,97.4456,734
15:23,97.2797,97.4139,97.2797,97.4139,1204
15:24,97.3414,97.3414,97.2797,97.2797,1403
15:25,97.2317,97.3414,97.2317,97.3414,967
15:26,97.363,97.363,97.2317,97.2317,1071
15:27,97.5762,97.5762,97.363,97.363,635
15:28,97.5747,97.5762,97.5747,97.5762,1481
15:29,97.5473,97.5747,97.5473,97.5747,864
15:30,97.4094,97.5473,97.4094,97.5473,860
15:31,97.3629,97.4094,97.3629,97.4094,696
15:32,97.3084,97.3629,97.3084,97.3629,1219
15:33,97.0154,97.3084,97.0154,97.3084,1137
15:34,96.9946,97.0154,96.9946,97.0154,8177
15:35,96.9635,96.9946,96.9635,96.9946,7353
15:36,96.9027,96.9635,96.9027,96.9635,2621
15:37,96.7985,96.9027,96.7985,96.9027,3169
15:38,96.892,96.892,96.7985,96.7985,8244
15:39,96.9227,96.9227,96.892,96.892,565
15:40,96.9288,96.9288,96.9227,96.9227,1013
15:41,96.916,96.9288,96.916,96.9288,1013
15:42,96.9852,96.9852,96.916,96.916,739
15:43,97.0409,97.0409,96.9852,96.9852,701
15:44,97.1155,97.1155,97.0409,97.0409,1108
15:45,97.0802,97.1155,97.0802,97.1155,854
15:46,97.1379,97.1379,97.0802,97.0802,835
15:47,97.2849,97.2849,97.1379,97.1379,1235
15:48,97.4326,97.4326,97.2849,97.2849,2447
15:49,97.4297,97.4326,97.4297,97.4326,9247
15:50,97.5993,97.5993,97.4297,97.4297,1572
15:51,97.736,97.736,97.5993,97.5993,11924
15:52,97.864,97.864,97.736,97.736,16916
15:53,97.7935,97.864,97.7935,97.864,33524
15:54,97.8393,97.8393,97.7935,97.7935,30508
15:55,97.7029,97.8393,97.7029,97.8393,23380
15:56,97.6641,97.7029,97.6641,97.7029,5230
15:57,97.6793,97.6793,97.6641,97.6641,4739
15:58,97.559,97.6793,97.559,97.6793,6877
15:59,97.6036,97.6036,97.559,97.559,5261
