Time,Close,High,Low,Open,Volume
09:30,99.792,99.8003,99.792,99.8003,10119
09:31,99.7164,99.792,99.7164,99.792,8095
09:32,99.7361,99.7361,99.7164,99.7164,6508
09:33,99.8425,99.8425,99.7361,99.7361,6653
09:34,99.8252,99.8425,99.8252,99.8425,3804
09:35,99.9211,99.9211,99.8252,99.8252,1615
09:36,99.6007,99.9211,99.6007,99.9211,2031
09:37,99.7931,99.7931,99.6007,99.6007,17351
09:38,99.7662,99.7931,99.7662,99.7931,1456
09:39,99.9379,99.9379,99.7662,99.7662,1604
09:40,100.0803,100.0803,99.9379,99.9379,1565
09:41,99.9326,100.0803,99.9326,100.0803,6731
09:42,99.8292,99.9326,99.8292,99.9326,655
09:43,99.8233,99.8292,99.8233,99.8292,1024
09:44,99.8235,99.8235,99.8233,99.8233,1022
09:45,99.8625,99.8625,99.8235,99.8235,624
09:46,99.8709,99.8709,99.8625,99.8625,1281
09:47,100.0169,100.0169,99.8709,99.8709,594
09:48,99.8694,100.0169,99.8694,100.0169,965
09:49,99.8074,99.8694,99.8074,99.8694,1120
09:50,99.8133,99.8133,99.8074,99.8074,1021
09:51,99.9016,99.9016,99.8133,99.8133,1054
09:52,99.9469,99.9469,99.9016,99.9016,1128
09:53,99.863,99.9469,99.863,99.9469,1661
09:54,100.0032,100.0032,99.863,99.863,543
09:55,100.1081,100.1081,100.0032,100.0032,1558
09:56,100.1743,100.1743,100.1081,100.1081,1271
09:57,100.2131,100.2131,100.1743,100.1743,1080
09:58,100.1257,100.2131,100.1257,100.2131,2210
09:59,100.1879,100.1879,100.1257,100.1257,649
10:00,100.276,100.276,100.1879,100.1879,1438
10:01,100.1882,100.276,100.1882,100.276,896
10:02,100.0418,100.1882,100.0418,100.1882,741
10:03,100.0531,100.0531,100.0418,100.0418,836
10:04,100.1858,100.1858,100.0531,100.0531,606
10:05,100.2449,100.2449,100.1858,100.1858,352
10:06,100.1003,100.2449,100.1003,100.2449,988
10:07,100.0988,100.1003,100.0988,100.1003,592
10:08,100.0646,100.0988,100.0646,100.0988,546
10:09,100.0624,100.0646,100.0624,100.0646,723
10:10,100.065,100.065,100.0624,100.0624,1109
10:11,99.9924,100.065,99.9924,100.065,526
10:12,100.0306,100.0306,99.9924,99.9924,704
10:13,99.8171,100.0306,99.8171,100.0306,704
10:14,99.7865,99.8171,99.7865,99.8171,1797
10:15,99.8437,99.8437,99.7865,99.7865,2769
10:16,99.8496,99.8496,99.8437,99.8437,1143
10:17,99.9092,99.9092,99.8496,99.8496,989
10:18,100.0553,100.0553,99.9092,99.9092,1124
10:19,99.9465,100.0553,99.9465,100.0553,1850
10:20,99.8141,99.9465,99.8141,99.9465,689
10:21,99.9323,99.9323,99.8141,99.8141,556
10:22,99.77,99.9323,99.77,99.9323,806
10:23,99.8752,99.8752,99.77,99.77,775
10:24,100.0716,100.0716,99.8752,99.8752,1661
10:25,99.89,100.0716,99.89,100.0716,819
10:26,99.8677,99.89,99.8677,99.89,1083
10:27,99.9289,99.9289,99.8677,99.8677,947
10:28,99.9603,99.9603,99.9289,99.9289,803
10:29,99.9556,99.9603,99.9556,99.9603,1736
10:30,99.8628,99.9556,99.8628,99.9556,367
10:31,99.8334,99.8628,99.8334,99.8628,1097
10:32,99.9725,99.9725,99.8334,99.8334,873
10:33,99.978,99.978,99.9725,99.9725,846
10:34,99.9512,99.978,99.9512,99.978,615
10:35,99.8647,99.9512,99.8647,99.9512,653
10:36,100.0203,100.0203,99.8647,99.8647,859
10:37,99.9511,100.0203,99.9511,100.0203,699
10:38,99.8207,99.9511,99.8207,99.9511,578
10:39,99.8765,99.8765,99.8207,99.8207,1616
10:40,99.9731,99.9731,99.8765,99.8765,913
10:41,99.9518,99.9731,99.9518,99.9731,465
10:42,99.8672,99.9518,99.8672,99.9518,722
10:43,99.7951,99.8672,99.7951,99.8672,929
10:44,99.9812,99.9812,99.7951,99.7951,491
10:45,100.1148,100.1148,99.9812,99.9812,764
10:46,100.1776,100.1776,100.1148,100.1148,1029
10:47,100.2073,100.2073,100.1776,100.1776,928
10:48,100.3421,100.3421,100.2073,100.2073,820
10:49,100.4835,100.4835,100.3421,100.3421,4254
10:50,100.6815,100.6815,100.4835,100.4835,6171
10:51,100.5748,100.6815,100.5748,100.6815,19917
10:52,100.4841,100.5748,100.4841,100.5748,5963
10:53,100.5803,100.5803,100.4841,100.4841,1203
10:54,100.4814,100.5803,100.4814,100.5803,8178
10:55,100.4009,100.4814,100.4009,100.4814,1278
10:56,100.202,100.4009,100.202,100.4009,1136
10:57,100.4936,100.4936,100.202,100.202,846
10:58,100.5655,100.5655,100.4936,100.4936,851
10:59,100.5195,100.5655,100.5195,100.5655,2073
11:00,100.4981,100.5195,100.4981,100.5195,1439
11:01,100.4614,100.4981,100.4614,100.4981,763
11:02,100.4472,100.4614,100.4472,100.4614,712
11:03,100.3275,100.4472,100.3275,100.4472,780
11:04,100.3754,100.3754,100.3275,100.3275,482
11:05,100.3955,100.3955,100.3754,100.3754,494
11:06,100.5234,100.5234,100.3955,100.3955,960
11:07,100.5029,100.5234,100.5029,100.5234,869
11:08,100.264,100.5029,100.264,100.5029,958
11:09,100.3455,100.3455,100.264,100.264,775
11:10,100.3772,100.3772,100.3455,100.3455,971
11:11,100.2573,100.3772,100.2573,100.3772,709
11:12,100.2158,100.2573,100.2158,100.2573,1919
11:13,100.3018,100.3018,100.2158,100.2158,797
11:14,100.2331,100.3018,100.2331,100.3018,694
11:15,100.1231,100.2331,100.1231,100.2331,931
11:16,99.9471,100.1231,99.9471,100.1231,772
11:17,99.5428,99.9471,99.5428,99.9471,1273
11:18,99.5237,99.5428,99.5237,99.5428,24338
11:19,99.5128,99.5237,99.5128,99.5237,6644
11:20,99.3948,99.5128,99.3948,99.5128,9593
11:21,99.3339,99.3948,99.3339,99.3948,9246
11:22,99.4269,99.4269,99.3339,99.3339,11628
11:23,99.4661,99.4661,99.4269,99.4269,7149
11:24,99.5027,99.5027,99.4661,99.4661,1158
11:25,99.6581,99.6581,99.5027,99.5027,1686
11:26,99.5912,99.6581,99.5912,99.6581,880
11:27,99.6495,99.6495,99.5912,99.5912,659
11:28,99.7176,99.7176,99.6495,99.6495,719
11:29,99.8103,99.8103,99.7176,99.7176,878
11:30,99.7282,99.8103,99.7282,99.8103,2558
11:31,99.8203,99.8203,99.7282,99.7282,841
11:32,99.9172,99.9172,99.8203,99.8203,671
11:33,99.8453,99.9172,99.8453,99.9172,1091
11:34,99.7479,99.8453,99.7479,99.8453,636
11:35,99.6675,99.7479,99.6675,99.7479,486
11:36,99.6534,99.6675,99.6534,99.6675,1205
11:37,99.6043,99.6534,99.6043,99.6534,784
11:38,99.565,99.6043,99.565,99.6043,737
11:39,99.4921,99.565,99.4921,99.565,574
11:40,99.5706,99.5706,99.4921,99.4921,1689
11:41,99.6993,99.6993,99.5706,99.5706,833
11:42,99.5749,99.6993,99.5749,99.6993,936
11:43,99.8559,99.8559,99.5749,99.5749,580
11:44,99.9316,99.9316,99.8559,99.8559,1319
11:45,100.0331,100.0331,99.9316,99.9316,1230
11:46,99.9425,100.0331,99.9425,100.0331,5011
11:47,99.9735,99.9735,99.9425,99.9425,616
11:48,100.1418,100.1418,99.9735,99.9735,443
11:49,100.2125,100.2125,100.1418,100.1418,5495
11:50,100.2601,100.2601,100.2125,100.2125,10932
11:51,100.3226,100.3226,100.2601,100.2601,8286
11:52,100.1527,100.3226,100.1527,100.3226,8763
11:53,100.236,100.236,100.1527,100.1527,531
11:54,100.2163,100.236,100.2163,100.236,1015
11:55,100.3663,100.3663,100.2163,100.2163,834
11:56,100.1378,100.3663,100.1378,100.3663,2819
11:57,100.0392,100.1378,100.0392,100.1378,1483
11:58,100.1369,100.1369,100.0392,100.0392,878
11:59,100.2979,100.2979,100.1369,100.1369,589
12:00,100.3684,100.3684,100.2979,100.2979,1888
12:01,100.2767,100.3684,100.2767,100.3684,1316
12:02,100.3293,100.3293,100.2767,100.2767,1906
12:03,100.1166,100.3293,100.1166,100.3293,1552
12:04,100.0701,100.1166,100.0701,100.1166,1301
12:05,100.0659,100.0701,100.0659,100.0701,777
12:06,100.0896,100.0896,100.0659,100.0659,655
12:07,100.1998,100.1998,100.0896,100.0896,1525
12:08,100.219,100.219,100.1998,100.1998,672
12:09,100.0964,100.219,100.0964,100.219,618
12:10,99.9933,100.0964,99.9933,100.0964,1347
12:11,100.0671,100.0671,99.9933,99.9933,959
12:12,99.9744,100.0671,99.9744,100.0671,1426
12:13,99.7962,99.9744,99.7962,99.9744,1379
12:14,99.7948,99.7962,99.7948,99.7962,7065
12:15,99.8876,99.8876,99.7948,99.7948,5890
12:16,100.0263,100.0263,99.8876,99.8876,1582
12:17,100.1228,100.1228,100.0263,100.0263,685
12:18,100.1441,100.1441,100.1228,100.1228,658
12:19,100.1745,100.1745,100.1441,100.1441,671
12:20,100.1994,100.1994,100.1745,100.1745,575
12:21,100.0945,100.1994,100.0945,100.1994,685
12:22,100.1077,100.1077,100.0945,100.0945,553
12:23,100.1284,100.1284,100.1077,100.1077,641
12:24,100.236,100.236,100.1284,100.1284,1038
12:25,100.1904,100.236,100.1904,100.236,1154
12:26,100.3163,100.3163,100.1904,100.1904,536
12:27,100.3066,100.3163,100.3066,100.3163,1180
12:28,100.3037,100.3066,100.3037,100.3066,1048
12:29,100.288,100.3037,100.288,100.3037,482
12:30,100.2858,100.288,100.2858,100.288,955
12:31,100.4288,100.4288,100.2858,100.2858,537
12:32,100.3684,100.4288,100.3684,100.4288,1357
12:33,100.338,100.3684,100.338,100.3684,657
12:34,100.4455,100.4455,100.338,100.338,620
12:35,100.385,100.4455,100.385,100.4455,737
12:36,100.5163,100.5163,100.385,100.385,449
12:37,100.6916,100.6916,100.5163,100.5163,807
12:38,100.65,100.6916,100.65,100.6916,8469
12:39,100.6032,100.65,100.6032,100.65,2530
12:40,100.6178,100.6178,100.6032,100.6032,1125
12:41,100.5924,100.6178,100.5924,100.6178,2456
12:42,100.6125,100.6125,100.5924,100.5924,800
12:43,100.6781,100.6781,100.6125,100.6125,1384
12:44,100.5386,100.6781,100.5386,100.6781,869
12:45,100.5572,100.5572,100.5386,100.5386,669
12:46,100.6474,100.6474,100.5572,100.5572,605
12:47,100.5454,100.6474,100.5454,100.6474,1107
12:48,100.5584,100.5584,100.5454,100.5454,498
12:49,100.6592,100.6592,100.5584,100.5584,743
12:50,100.6361,100.6592,100.6361,100.6592,1271
12:51,100.6085,100.6361,100.6085,100.6361,832
12:52,100.7145,100.7145,100.6085,100.6085,976
12:53,100.7341,100.7341,100.7145,100.7145,741
12:54,100.5907,100.7341,100.5907,100.7341,1305
12:55,100.5313,100.5907,100.5313,100.5907,1046
12:56,100.555,100.555,100.5313,100.5313,855
12:57,100.628,100.628,100.555,100.555,1177
12:58,100.5066,100.628,100.5066,100.628,811
12:59,100.6893,100.6893,100.5066,100.5066,1137
13:00,100.6125,100.6893,100.6125,100.6893,963
13:01,100.4651,100.6125,100.4651,100.6125,546
13:02,100.6952,100.6952,100.4651,100.4651,947
13:03,100.6273,100.6952,100.6273,100.6952,804
13:04,100.6953,100.6953,100.6273,100.6273,699
13:05,100.683,100.6953,100.683,100.6953,828
13:06,100.7805,100.7805,100.683,100.683,788
13:07,100.8743,100.8743,100.7805,100.7805,953
13:08,100.7604,100.8743,100.7604,100.8743,2427
13:09,100.8403,100.8403,100.7604,100.7604,989
13:10,100.7844,100.8403,100.7844,100.8403,902
13:11,100.8453,100.8453,100.7844,100.7844,857
13:12,100.9077,100.9077,100.8453,100.8453,870
13:13,101.0633,101.0633,100.9077,100.9077,1072
13:14,101.0787,101.0787,101.0633,101.0633,7102
13:15,101.1023,101.1023,101.0787,101.0787,1965
13:16,100.9138,101.1023,100.9138,101.1023,5337
13:17,100.9297,100.9297,100.9138,100.9138,910
13:18,100.7002,100.9297,100.7002,100.9297,706
13:19,100.654,100.7002,100.654,100.7002,993
13:20,100.5775,100.654,100.5775,100.654,1802
13:21,100.6195,100.6195,100.5775,100.5775,1567
13:22,100.6615,100.6615,100.6195,100.6195,1102
13:23,100.7978,100.7978,100.6615,100.6615,833
13:24,100.7875,100.7978,100.7875,100.7978,680
13:25,100.7283,100.7875,100.7283,100.7875,932
13:26,100.7899,100.7899,100.7283,100.7283,900
13:27,100.9427,100.9427,100.7899,100.7899,557
13:28,100.8321,100.9427,100.8321,100.9427,909
13:29,100.7406,100.8321,100.7406,100.8321,512
13:30,100.7645,100.7645,100.7406,100.7406,558
13:31,100.7891,100.7891,100.7645,100.7645,514
13:32,100.7167,100.7891,100.7167,100.7891,699
13:33,100.7756,100.7756,100.7167,100.7167,794
13:34,100.7097,100.7756,100.7097,100.7756,466
13:35,100.5338,100.7097,100.5338,100.7097,1307
13:36,100.7255,100.7255,100.5338,100.5338,4887
13:37,100.6902,100.7255,100.6902,100.7255,665
13:38,100.6309,100.6902,100.6309,100.6902,856
13:39,100.6994,100.6994,100.6309,100.6309,1710
13:40,100.7504,100.7504,100.6994,100.6994,1614
13:41,100.5841,100.7504,100.5841,100.7504,929
13:42,100.7076,100.7076,100.5841,100.5841,1651
13:43,100.8686,100.8686,100.7076,100.7076,583
13:44,100.9651,100.9651,100.8686,100.8686,518
13:45,100.8442,100.9651,100.8442,100.9651,2892
13:46,100.9745,100.9745,100.8442,100.8442,651
13:47,100.8888,100.9745,100.8888,100.9745,1524
13:48,100.9336,100.9336,100.8888,100.8888,983
13:49,100.7488,100.9336,100.7488,100.9336,991
13:50,100.6347,100.7488,100.6347,100.7488,912
13:51,100.7999,100.7999,100.6347,100.6347,460
13:52,100.8536,100.8536,100.7999,100.7999,941
13:53,100.7948,100.8536,100.7948,100.8536,893
13:54,100.6039,100.7948,100.6039,100.7948,638
13:55,100.6947,100.6947,100.6039,100.6039,1843
13:56,100.826,100.826,100.6947,100.6947,669
13:57,100.9557,100.9557,100.826,100.826,434
13:58,100.8643,100.9557,100.8643,100.9557,1342
13:59,100.8754,100.8754,100.8643,100.8643,900
14:00,100.9424,100.9424,100.8754,100.8754,909
14:01,100.8028,100.9424,100.8028,100.9424,1048
14:02,101.0947,101.0947,100.8028,100.8028,408
14:03,101.2038,101.2038,101.0947,101.0947,705
14:04,101.0909,101.2038,101.0909,101.2038,6944
14:05,101.106,101.106,101.0909,101.0909,669
14:06,101.0773,101.106,101.0773,101.106,1595
14:07,101.227,101.227,101.0773,101.0773,519
14:08,101.2679,101.2679,101.227,101.227,1368
14:09,101.1804,101.2679,101.1804,101.2679,1391
14:10,101.2574,101.2574,101.1804,101.1804,630
14:11,101.3353,101.3353,101.2574,101.2574,995
14:12,101.4681,101.4681,101.3353,101.3353,451
14:13,101.4735,101.4735,101.4681,101.4681,4141
14:14,101.4684,101.4735,101.4684,101.4735,1865
14:15,101.4436,101.4684,101.4436,101.4684,633
14:16,101.3041,101.4436,101.3041,101.4436,1195
14:17,101.1606,101.3041,101.1606,101.3041,806
14:18,101.2831,101.2831,101.1606,101.1606,692
14:19,101.3261,101.3261,101.2831,101.2831,1462
14:20,101.3148,101.3261,101.3148,101.3261,1071
14:21,101.2641,101.3148,101.2641,101.3148,476
14:22,101.3521,101.3521,101.2641,101.2641,864
14:23,101.4674,101.4674,101.3521,101.3521,226
14:24,101.4512,101.4674,101.4512,101.4674,1861
14:25,101.2447,101.4512,101.2447,101.4512,1149
14:26,101.0817,101.2447,101.0817,101.2447,522
14:27,101.1137,101.1137,101.0817,101.0817,2044
14:28,101.0659,101.1137,101.0659,101.1137,1431
14:29,101.024,101.0659,101.024,101.0659,1146
14:30,101.1599,101.1599,101.024,101.024,1055
14:31,101.1888,101.1888,101.1599,101.1599,999
14:32,101.0249,101.1888,101.0249,101.1888,1511
14:33,101.0697,101.0697,101.0249,101.0249,1247
14:34,101.1024,101.1024,101.0697,101.0697,1130
14:35,101.0584,101.1024,101.0584,101.1024,526
14:36,101.0519,101.0584,101.0519,101.0584,800
14:37,100.9407,101.0519,100.9407,101.0519,1399
14:38,101.0818,101.0818,100.9407,100.9407,1601
14:39,101.0257,101.0818,101.0257,101.0818,760
14:40,101.0453,101.0453,101.0257,101.0257,679
14:41,100.9922,101.0453,100.9922,101.0453,1615
14:42,101.007,101.007,100.9922,100.9922,752
14:43,100.8897,101.007,100.8897,101.007,1038
14:44,101.0042,101.0042,100.8897,100.8897,1786
14:45,100.9795,101.0042,100.9795,101.0042,909
14:46,101.0032,101.0032,100.9795,100.9795,605
14:47,101.121,101.121,101.0032,101.0032,1521
14:48,101.2396,101.2396,101.121,101.121,894
14:49,101.2359,101.2396,101.2359,101.2396,1442
14:50,101.22,101.2359,101.22,101.2359,1239
14:51,101.2048,101.22,101.2048,101.22,625
14:52,101.2268,101.2268,101.2048,101.2048,899
14:53,101.3511,101.3511,101.2268,101.2268,1590
14:54,101.3015,101.3511,101.3015,101.3511,929
14:55,101.1913,101.3015,101.1913,101.3015,814
14:56,101.2348,101.2348,101.1913,101.1913,951
14:57,101.3931,101.3931,101.2348,101.2348,1218
14:58,101.423,101.423,101.3931,101.3931,834
14:59,101.3341,101.423,101.3341,101.423,588
15:00,101.2744,101.3341,101.2744,101.3341,1587
15:01,101.2099,101.2744,101.2099,101.2744,393
15:02,101.4347,101.4347,101.2099,101.2099,1097
15:03,101.3069,101.4347,101.3069,101.4347,800
15:04,101.3757,101.3757,101.3069,101.3069,569
15:05,101.2865,101.3757,101.2865,101.3757,1247
15:06,101.3253,101.3253,101.2865,101.2865,767
15:07,101.1613,101.3253,101.1613,101.3253,1549
15:08,101.2358,101.2358,101.1613,101.1613,990
15:09,101.2121,101.2358,101.2121,101.2358,474
15:10,101.2468,101.2468,101.2121,101.2121,666
15:11,101.2925,101.2925,101.2468,101.2468,751
15:12,101.1866,101.2925,101.1866,101.2925,1843
15:13,101.1267,101.1866,101.1267,101.1866,729
15:14,101.1265,101.1267,101.1265,101.1267,1206
15:15,101.2302,101.2302,101.1265,101.1265,1204
15:16,101.3212,101.3212,101.2302,101.2302,386
15:17,101.5067,101.5067,101.3212,101.3212,543
15:18,101.3995,101.5067,101.3995,101.5067,5772
15:19,101.3119,101.3995,101.3119,101.3995,1162
15:20,101.3854,101.3854,101.3119,101.3119,891
15:21,101.3682,101.3854,101.3682,101.3854,936
15:22,101.3162,101.3682,101.3162,101.3682,865
15:23,101.3962,101.3962,101.3162,101.3162,677
15:24,101.5611,101.5611,101.3962,101.3962,1359
15:25,101.4709,101.5611,101.4709,101.5611,1344
15:26,101.5344,101.5344,101.4709,101.4709,1023
15:27,101.4154,101.5344,101.4154,101.5344,980
15:28,101.3239,101.4154,101.3239,101.4154,1767
15:29,101.2972,101.3239,101.2972,101.3239,840
15:30,101.2301,101.2972,101.2301,101.2972,388
15:31,101.3618,101.3618,101.2301,101.2301,1105
15:32,101.3072,101.3618,101.3072,101.3618,541
15:33,101.3451,101.3451,101.3072,101.3072,1519
15:34,101.4204,101.4204,101.3451,101.3451,1642
15:35,101.4918,101.4918,101.4204,101.4204,1229
15:36,101.4354,101.4918,101.4354,101.4918,1842
15:37,101.5824,101.5824,101.4354,101.4354,554
15:38,101.4181,101.5824,101.4181,101.5824,929
15:39,101.3118,101.4181,101.3118,101.4181,528
15:40,101.307,101.3118,101.307,101.3118,1102
15:41,101.539,101.539,101.307,101.307,1581
15:42,101.5117,101.539,101.5117,101.539,1539
15:43,101.655,101.655,101.5117,101.5117,714
15:44,101.4573,101.655,101.4573,101.655,2803
15:45,101.4523,101.4573,101.4523,101.4573,1119
15:46,101.4107,101.4523,101.4107,101.4523,631
15:47,101.1038,101.4107,101.1038,101.4107,1296
15:48,101.1409,101.1409,101.1038,101.1038,21231
15:49,101.0766,101.1409,101.0766,101.1409,1841
15:50,101.292,101.292,101.0766,101.0766,9706
15:51,101.4963,101.4963,101.292,101.292,936
15:52,101.469,101.4963,101.469,101.4963,2258
15:53,101.4507,101.469,101.4507,101.469,2004
15:54,101.4657,101.4657,101.4507,101.4507,3738
15:55,101.6234,101.6234,101.4657,101.4657,2605
15:56,101.6936,101.6936,101.6234,101.6234,5662
15:57,101.6023,101.6936,101.6023,101.6936,19632
15:58,101.4896,101.6023,101.4896,101.6023,5818
15:59,101.5849,101.5849,101.4896,101.4896,3377
