Time,Close,High,Low,Open,Volume
09:30,176.35,176.35,176.35,176.35,5602579.0
09:31,176.76,176.8,176.58,176.75,4050078.0
09:32,177.18,177.25,176.82,177.16,2497576.0
09:33,177.23,177.49,176.82,177.18,1046883.0
09:34,177.25,177.31,177.0,177.21,536597.0
09:35,177.3,177.49,177.13,177.25,741645.0
09:36,177.28,177.68,177.15,177.3,878047.0
09:37,177.5,177.54,177.14,177.27,516410.0
09:38,177.22,177.52,177.21,177.49,547546.0
09:39,177.41,177.45,177.18,177.21,502881.0
09:40,177.41,177.47,177.27,177.42,402432.0
09:41,177.38,177.62,177.32,177.42,626421.0
09:42,177.23,177.48,177.16,177.37,477435.0
09:43,177.2,177.33,177.07,177.23,457152.0
09:44,177.32,177.37,177.1,177.21,373330.0
09:45,177.79,177.85,177.31,177.32,852681.0
09:46,177.6,177.9,177.55,177.79,756967.0
09:47,177.68,177.83,177.55,177.6,680939.0
09:48,177.59,177.82,177.54,177.68,519711.0
09:49,177.85,177.93,177.57,177.58,601274.0
09:50,177.96,178.06,177.8,177.85,999478.0
09:51,178.05,178.09,177.89,177.96,574191.0
09:52,178.05,178.1,177.87,178.05,630096.0
09:53,177.9,178.12,177.89,178.03,471923.0
09:54,177.76,177.91,177.63,177.9,581730.0
09:55,177.95,178.08,177.75,177.76,451849.0
09:56,177.72,177.99,177.68,177.96,429242.0
09:57,177.93,177.96,177.7,177.72,347210.0
09:58,177.82,177.93,177.76,177.92,243618.0
09:59,177.66,177.81,177.5,177.81,486284.0
10:00,177.68,177.82,177.63,177.68,290185.0
10:01,177.76,177.84,177.63,177.67,364739.0
10:02,177.79,177.91,177.71,177.77,300165.0
10:03,177.88,177.95,177.78,177.78,292538.0
10:04,178.02,178.05,177.84,177.88,450418.0
10:05,177.97,178.02,177.88,178.01,307613.0
10:06,178.01,178.14,177.95,177.98,610192.0
10:07,178.24,178.3,177.95,178.01,708208.0
10:08,178.29,178.3,178.14,178.23,349090.0
10:09,178.12,178.35,178.08,178.29,480513.0
10:10,178.07,178.13,177.98,178.12,448560.0
10:11,177.93,178.08,177.9,178.06,300726.0
10:12,178.19,178.22,177.9,177.93,349974.0
10:13,178.04,178.25,178.02,178.19,304901.0
10:14,178.23,178.25,177.98,178.04,285168.0
10:15,178.2,178.32,178.17,178.24,356823.0
10:16,178.3,178.35,178.19,178.2,293697.0
10:17,178.29,178.38,178.23,178.29,374752.0
10:18,178.35,178.37,178.21,178.3,308648.0
10:19,178.26,178.4,178.25,178.35,324453.0
10:20,178.32,178.35,178.17,178.27,321600.0
10:21,178.49,178.55,178.29,178.31,808928.0
10:22,178.51,178.54,178.46,178.49,396117.0
10:23,178.56,178.56,178.4,178.52,448177.0
10:24,178.53,178.59,178.49,178.55,302634.0
10:25,178.59,178.59,178.48,178.53,351691.0
10:26,178.68,178.7,178.58,178.59,584728.0
10:27,178.66,178.72,178.59,178.68,551144.0
10:28,178.59,178.74,178.48,178.65,532127.0
10:29,178.46,178.57,178.32,178.57,489207.0
10:30,178.57,178.65,178.45,178.46,383295.0
10:31,178.6,178.66,178.49,178.56,309484.0
10:32,178.55,178.65,178.5,178.6,254542.0
10:33,178.48,178.56,178.42,178.54,321320.0
10:34,178.5,178.52,178.38,178.48,365784.0
10:35,178.48,178.57,178.44,178.49,275650.0
10:36,178.45,178.57,178.43,178.49,242388.0
10:37,178.48,178.52,178.43,178.45,201075.0
10:38,178.52,178.59,178.48,178.49,214171.0
10:39,178.47,178.57,178.45,178.52,228039.0
10:40,178.52,178.57,178.49,178.54,404548.0
10:41,178.56,178.57,178.54,178.55,581058.0
10:42,178.67,178.68,178.5,178.55,238658.0
10:43,178.73,178.79,178.65,178.67,411918.0
10:44,178.76,178.76,178.61,178.73,311162.0
10:45,178.72,178.84,178.7,178.76,467214.0
10:46,178.8,178.87,178.65,178.73,394056.0
10:47,178.84,178.85,178.75,178.81,245040.0
10:48,178.88,178.88,178.8,178.83,307684.0
10:49,178.79,178.88,178.75,178.88,313004.0
10:50,178.94,178.96,178.74,178.8,480773.0
10:51,179.02,179.14,178.93,178.94,1047081.0
10:52,178.96,179.03,178.93,179.02,366622.0
10:53,178.96,179.02,178.93,178.96,277651.0
10:54,178.97,179.05,178.9,178.96,347852.0
10:55,179.11,179.12,178.94,178.97,512069.0
10:56,179.21,179.28,179.07,179.11,812215.0
10:57,179.01,179.26,178.96,179.21,650405.0
10:58,178.84,179.01,178.82,179.0,488014.0
10:59,178.87,178.9,178.71,178.83,503732.0
11:00,178.85,178.97,178.85,178.86,382250.0
11:01,178.68,178.85,178.62,178.84,574099.0
11:02,178.71,178.77,178.66,178.68,304845.0
11:03,178.6,178.72,178.54,178.71,396613.0
11:04,178.68,178.7,178.55,178.6,273043.0
11:05,178.58,178.73,178.58,178.68,277198.0
11:06,178.61,178.65,178.5,178.57,329247.0
11:07,178.67,178.73,178.6,178.62,277411.0
11:08,178.69,178.72,178.64,178.66,190611.0
11:09,178.6,178.71,178.55,178.67,191623.0
11:10,178.54,178.57,178.47,178.51,450855.0
11:11,178.38,178.53,178.3,178.53,593402.0
11:12,178.37,178.45,178.28,178.38,308137.0
11:13,178.26,178.45,178.22,178.38,356888.0
11:14,178.29,178.31,178.19,178.26,386122.0
11:15,178.46,178.5,178.26,178.29,372862.0
11:16,178.41,178.49,178.32,178.45,281038.0
11:17,178.46,178.48,178.37,178.4,233958.0
11:18,178.62,178.62,178.41,178.46,296750.0
11:19,178.54,178.63,178.51,178.6,206226.0
11:20,178.46,178.54,178.41,178.54,329356.0
11:21,178.5,178.52,178.45,178.46,163559.0
11:22,178.41,178.49,178.36,178.49,185339.0
11:23,178.54,178.6,178.41,178.41,242082.0
11:24,178.51,178.62,178.48,178.54,445163.0
11:25,178.47,178.56,178.46,178.51,214440.0
11:26,178.4,178.51,178.39,178.48,194474.0
11:27,178.34,178.39,178.29,178.39,218544.0
11:28,178.3,178.41,178.26,178.34,179074.0
11:29,178.27,178.34,178.25,178.29,164462.0
11:30,178.3,178.35,178.2,178.26,316035.0
11:31,178.22,178.35,178.22,178.3,204787.0
11:32,178.26,178.32,178.21,178.21,174989.0
11:33,178.27,178.32,178.21,178.27,208345.0
11:34,178.28,178.32,178.21,178.24,193029.0
11:35,178.38,178.4,178.26,178.27,256036.0
11:36,178.35,178.5,178.34,178.39,262173.0
11:37,178.24,178.37,178.21,178.34,183649.0
11:38,178.24,178.27,178.14,178.25,257438.0
11:39,178.26,178.26,178.18,178.24,142389.0
11:40,178.41,178.43,178.25,178.25,204706.0
11:41,178.44,178.45,178.35,178.4,181532.0
11:42,178.46,178.57,178.41,178.43,266889.0
11:43,178.52,178.57,178.45,178.45,166128.0
11:44,178.57,178.65,178.51,178.51,515021.0
11:45,178.54,178.58,178.51,178.56,131913.0
11:46,178.59,178.59,178.51,178.54,156000.0
11:47,178.5,178.6,178.44,178.59,187120.0
11:48,178.52,178.54,178.46,178.49,127149.0
11:49,178.57,178.61,178.51,178.53,173448.0
11:50,178.57,178.58,178.51,178.57,118738.0
11:51,178.64,178.67,178.54,178.57,179582.0
11:52,178.61,178.68,178.57,178.65,201392.0
11:53,178.66,178.68,178.6,178.62,152764.0
11:54,178.88,178.9,178.66,178.66,481611.0
11:55,178.9,178.94,178.81,178.89,306423.0
11:56,178.9,178.91,178.84,178.9,260187.0
11:57,179.06,179.1,178.88,178.9,526556.0
11:58,178.93,179.12,178.92,179.07,416954.0
11:59,178.87,178.98,178.85,178.93,277860.0
12:00,178.74,178.87,178.7,178.86,327622.0
12:01,178.79,178.84,178.69,178.74,301588.0
12:02,178.72,178.93,178.71,178.79,269926.0
12:03,178.79,178.79,178.64,178.71,194220.0
12:04,178.87,178.88,178.79,178.8,190593.0
12:05,178.9,178.96,178.8,178.87,247631.0
12:06,178.82,178.93,178.8,178.9,158871.0
12:07,178.85,178.88,178.82,178.83,102279.0
12:08,178.91,178.95,178.85,178.86,191507.0
12:09,178.93,178.96,178.88,178.91,155968.0
12:10,178.9,178.95,178.87,178.93,150627.0
12:11,178.87,178.94,178.87,178.91,147730.0
12:12,178.89,178.89,178.79,178.85,179427.0
12:13,178.96,178.97,178.88,178.9,176251.0
12:14,178.92,178.99,178.91,178.96,161386.0
12:15,179.05,179.08,178.91,178.91,359447.0
12:16,179.05,179.08,179.01,179.05,185775.0
12:17,179.0,179.09,179.0,179.04,194837.0
12:18,178.98,179.02,178.93,179.01,274742.0
12:19,178.99,178.99,178.91,178.96,244214.0
12:20,179.12,179.12,178.96,178.99,313257.0
12:21,179.09,179.2,179.08,179.12,442489.0
12:22,179.04,179.1,178.99,179.08,309386.0
12:23,179.07,179.1,179.01,179.04,172790.0
12:24,178.98,179.07,178.98,179.06,157985.0
12:25,178.97,178.99,178.91,178.97,167969.0
12:26,178.93,178.98,178.9,178.96,150467.0
12:27,178.95,178.99,178.9,178.93,129217.0
12:28,178.84,178.96,178.82,178.95,199409.0
12:29,178.8,178.85,178.77,178.84,218160.0
12:30,178.88,178.94,178.8,178.8,254139.0
12:31,178.93,178.97,178.83,178.87,188354.0
12:32,178.91,178.95,178.88,178.94,167037.0
12:33,178.9,178.95,178.87,178.92,156673.0
12:34,178.97,179.0,178.89,178.9,1148355.0
12:35,178.95,179.04,178.95,178.96,237383.0
12:36,178.93,179.01,178.93,178.95,115204.0
12:37,178.98,178.99,178.88,178.93,205864.0
12:38,178.9,178.98,178.87,178.98,164681.0
12:39,178.96,178.98,178.88,178.91,180723.0
12:40,178.96,179.0,178.93,178.96,331844.0
12:41,178.99,179.02,178.88,178.96,319222.0
12:42,179.02,179.04,178.97,178.99,182376.0
12:43,179.07,179.1,179.0,179.02,334627.0
12:44,179.01,179.13,178.99,179.06,273434.0
12:45,179.0,179.03,178.96,179.02,205630.0
12:46,179.11,179.13,178.98,178.99,204120.0
12:47,179.01,179.13,178.99,179.11,304443.0
12:48,179.01,179.03,178.98,179.01,204238.0
12:49,179.12,179.14,178.99,179.01,242773.0
12:50,179.2,179.26,179.12,179.12,541331.0
12:51,179.12,179.31,179.1,179.18,615442.0
12:52,179.07,179.12,178.99,179.11,391292.0
12:53,179.11,179.13,179.04,179.06,168194.0
12:54,179.13,179.16,179.11,179.11,142621.0
12:55,179.01,179.17,179.0,179.13,157248.0
12:56,179.12,179.15,179.01,179.02,115361.0
12:57,179.13,179.25,179.11,179.12,218550.0
12:58,179.22,179.23,179.1,179.13,171780.0
12:59,179.2,179.25,179.19,179.22,151843.0
13:00,179.21,179.22,179.14,179.21,208632.0
13:01,179.21,179.25,179.15,179.2,167918.0
13:02,179.26,179.29,179.2,179.21,237559.0
13:03,179.24,179.27,179.2,179.26,141906.0
13:04,179.22,179.28,179.2,179.24,143608.0
13:05,179.24,179.24,179.15,179.21,207065.0
13:06,179.21,179.26,179.2,179.24,138486.0
13:07,179.13,179.21,179.09,179.21,221323.0
13:08,179.17,179.2,179.11,179.13,192023.0
13:09,179.18,179.2,179.13,179.16,131966.0
13:10,179.12,179.2,179.1,179.18,194526.0
13:11,179.24,179.24,179.11,179.12,160005.0
13:12,179.13,179.25,179.13,179.24,183620.0
13:13,179.16,179.18,179.1,179.13,154682.0
13:14,179.17,179.2,179.13,179.15,92446.0
13:15,179.2,179.27,179.14,179.18,271683.0
13:16,179.3,179.32,179.2,179.21,599758.0
13:17,179.29,179.32,179.24,179.3,339107.0
13:18,179.32,179.4,179.29,179.3,427945.0
13:19,179.28,179.39,179.27,179.32,213499.0
13:20,179.19,179.29,179.18,179.29,209260.0
13:21,179.22,179.25,179.18,179.18,137888.0
13:22,179.18,179.24,179.15,179.22,156855.0
13:23,179.1,179.2,179.08,179.19,179505.0
13:24,179.14,179.17,179.09,179.1,167819.0
13:25,179.09,179.15,179.07,179.13,157343.0
13:26,179.1,179.12,179.05,179.08,174973.0
13:27,179.04,179.1,178.99,179.1,370432.0
13:28,178.99,179.04,178.98,179.04,169240.0
13:29,179.01,179.05,178.96,178.99,192355.0
13:30,178.99,179.03,178.93,179.01,211795.0
13:31,179.03,179.07,178.97,178.99,154537.0
13:32,179.03,179.03,178.97,179.02,140136.0
13:33,178.98,179.03,178.96,179.02,150218.0
13:34,179.07,179.08,178.97,178.98,127782.0
13:35,178.94,179.1,178.93,179.07,190552.0
13:36,178.93,178.97,178.88,178.94,242361.0
13:37,178.99,178.99,178.93,178.94,128022.0
13:38,178.99,179.02,178.97,178.98,119029.0
13:39,179.02,179.03,178.96,178.98,140839.0
13:40,179.04,179.08,179.01,179.03,178938.0
13:41,179.02,179.07,178.99,179.05,161787.0
13:42,179.01,179.07,179.0,179.01,104185.0
13:43,178.99,179.02,178.96,179.01,98916.0
13:44,179.04,179.04,178.94,178.99,136711.0
13:45,178.96,179.06,178.95,179.04,103920.0
13:46,179.04,179.05,178.95,178.96,170192.0
13:47,178.99,179.03,178.95,179.03,150701.0
13:48,179.07,179.09,178.98,178.99,149171.0
13:49,179.12,179.14,179.06,179.07,203155.0
13:50,179.03,179.11,179.01,179.11,126559.0
13:51,178.99,179.04,178.95,179.02,150098.0
13:52,179.07,179.08,178.98,178.99,109791.0
13:53,179.14,179.17,179.05,179.08,165050.0
13:54,179.13,179.18,179.12,179.14,145464.0
13:55,179.13,179.17,179.12,179.15,139957.0
13:56,179.15,179.15,179.07,179.13,112070.0
13:57,179.16,179.18,179.11,179.14,115019.0
13:58,179.24,179.26,179.15,179.16,254018.0
13:59,179.21,179.28,179.18,179.24,153748.0
14:00,179.3,179.35,179.17,179.23,271693.0
14:01,179.08,179.33,179.08,179.33,212318.0
14:02,179.03,179.1,178.93,179.09,499217.0
14:03,179.15,179.19,179.0,179.03,290000.0
14:04,179.14,179.2,179.09,179.13,161755.0
14:05,179.28,179.31,179.12,179.15,251674.0
14:06,179.48,179.5,179.24,179.29,784229.0
14:07,179.54,179.57,179.48,179.48,532338.0
14:08,179.59,179.65,179.53,179.54,539282.0
14:09,179.49,179.64,179.36,179.58,442701.0
14:10,179.51,179.65,179.49,179.49,347956.0
14:11,179.56,179.62,179.46,179.51,286753.0
14:12,179.54,179.59,179.45,179.57,268291.0
14:13,179.62,179.68,179.53,179.54,428706.0
14:14,179.57,179.67,179.51,179.62,260281.0
14:15,179.55,179.6,179.52,179.59,177150.0
14:16,179.57,179.65,179.51,179.56,219864.0
14:17,179.61,179.64,179.53,179.58,174018.0
14:18,179.6,179.63,179.58,179.61,205062.0
14:19,179.47,179.6,179.46,179.6,220477.0
14:20,179.48,179.52,179.4,179.48,302632.0
14:21,179.4,179.54,179.4,179.47,211669.0
14:22,179.37,179.45,179.36,179.4,216960.0
14:23,179.35,179.43,179.33,179.37,231415.0
14:24,179.34,179.36,179.26,179.35,275643.0
14:25,179.45,179.48,179.34,179.34,218382.0
14:26,179.46,179.47,179.38,179.46,190106.0
14:27,179.51,179.52,179.41,179.47,191202.0
14:28,179.51,179.57,179.45,179.51,162012.0
14:29,179.55,179.58,179.48,179.52,151618.0
14:30,179.58,179.6,179.5,179.55,158341.0
14:31,179.66,179.68,179.55,179.58,307439.0
14:32,179.57,179.69,179.54,179.66,249206.0
14:33,179.49,179.63,179.42,179.57,295543.0
14:34,179.57,179.66,179.48,179.49,355245.0
14:35,179.74,179.74,179.55,179.57,444651.0
14:36,179.51,179.8,179.43,179.74,574879.0
14:37,179.58,179.8,179.5,179.54,542553.0
14:38,179.65,179.7,179.55,179.57,394375.0
14:39,179.62,179.75,179.5,179.64,499971.0
14:40,179.63,179.64,179.48,179.62,398368.0
14:41,179.66,179.7,179.5,179.6,430851.0
14:42,179.75,179.78,179.59,179.65,392217.0
14:43,179.83,179.87,179.73,179.76,573286.0
14:44,179.79,179.87,179.76,179.84,284082.0
14:45,179.85,179.88,179.76,179.79,293730.0
14:46,179.79,179.89,179.76,179.85,333066.0
14:47,179.77,179.82,179.7,179.77,327021.0
14:48,179.54,179.78,179.52,179.78,374386.0
14:49,179.61,179.67,179.49,179.53,376097.0
14:50,179.3,179.62,179.26,179.62,657889.0
14:51,179.5,179.54,179.27,179.3,496376.0
14:52,179.4,179.51,179.34,179.49,292477.0
14:53,179.38,179.41,179.16,179.4,501069.0
14:54,179.23,179.52,179.22,179.39,392157.0
14:55,179.16,179.42,179.16,179.23,355386.0
14:56,178.88,179.16,178.75,179.15,858913.0
14:57,178.67,178.88,178.55,178.86,632650.0
14:58,178.52,178.8,178.44,178.65,701355.0
14:59,178.14,178.52,177.87,178.5,1225830.0
15:00,178.02,178.15,177.56,178.13,1205051.0
15:01,178.26,178.3,177.74,177.99,756496.0
15:02,178.54,178.59,178.05,178.27,868954.0
15:03,178.39,178.56,178.33,178.55,555935.0
15:04,178.3,178.45,178.21,178.39,465947.0
15:05,178.19,178.46,178.14,178.29,516342.0
15:06,178.48,178.53,178.04,178.18,557169.0
15:07,178.54,178.68,178.38,178.47,630139.0
15:08,178.61,178.67,178.3,178.56,592087.0
15:09,178.87,178.97,178.62,178.62,548772.0
15:10,178.84,178.95,178.74,178.86,409006.0
15:11,178.98,179.12,178.76,178.84,570519.0
15:12,179.05,179.11,178.89,178.96,317113.0
15:13,179.13,179.18,178.99,179.04,384428.0
15:14,179.08,179.3,179.06,179.13,653336.0
15:15,179.16,179.2,179.0,179.08,354480.0
15:16,178.93,179.23,178.91,179.17,376673.0
15:17,179.08,179.09,178.88,178.93,325120.0
15:18,178.84,179.16,178.82,179.06,412542.0
15:19,178.85,178.91,178.73,178.83,304728.0
15:20,179.02,179.03,178.77,178.86,382931.0
15:21,178.88,179.07,178.88,179.01,348054.0
15:22,178.68,178.96,178.68,178.89,441961.0
15:23,178.63,178.72,178.57,178.68,395039.0
15:24,178.62,178.72,178.55,178.62,268559.0
15:25,178.74,178.8,178.61,178.61,342640.0
15:26,178.64,178.77,178.45,178.73,439145.0
15:27,178.68,178.74,178.58,178.63,615222.0
15:28,178.5,178.7,178.48,178.68,280702.0
15:29,178.59,178.63,178.46,178.5,362175.0
15:30,178.83,178.85,178.58,178.59,477057.0
15:31,178.93,179.1,178.84,178.84,455859.0
15:32,178.89,179.06,178.85,178.88,601722.0
15:33,178.86,179.02,178.85,178.93,747585.0
15:34,178.88,178.95,178.84,178.86,239906.0
15:35,178.94,178.96,178.78,178.88,313264.0
15:36,178.9,178.99,178.87,178.94,332319.0
15:37,178.85,178.91,178.79,178.88,339809.0
15:38,178.84,178.92,178.82,178.85,287928.0
15:39,178.7,178.84,178.62,178.84,378414.0
15:40,178.8,178.8,178.58,178.7,321865.0
15:41,178.98,179.01,178.75,178.79,454121.0
15:42,178.82,179.0,178.79,178.97,293137.0
15:43,178.79,178.83,178.71,178.82,264755.0
15:44,178.69,178.8,178.67,178.79,277030.0
15:45,178.84,178.85,178.63,178.7,444414.0
15:46,178.97,179.01,178.82,178.84,465689.0
15:47,178.95,178.99,178.89,178.97,315913.0
15:48,178.88,178.97,178.86,178.95,288737.0
15:49,178.99,179.03,178.85,178.89,404376.0
15:50,179.14,179.31,178.99,178.99,805953.0
15:51,179.15,179.26,179.07,179.14,559755.0
15:52,179.1,179.17,179.08,179.15,399333.0
15:53,179.1,179.12,178.93,179.11,541340.0
15:54,179.3,179.4,179.1,179.1,902914.0
15:55,179.09,179.31,178.79,179.31,1151881.0
15:56,179.05,179.13,179.01,179.08,637798.0
15:57,179.07,179.19,178.97,179.05,953805.0
15:58,179.25,179.27,179.06,179.08,1046125.0
15:59,179.29,179.36,179.08,179.25,2597229.0
