Time,Close,High,Low,Open,Volume
09:30,136.06,136.1,135.76,136.05,11676463.0
09:31,135.63,136.16,135.38,136.09,1816703.0
09:32,135.47,135.71,135.29,135.63,1216723.0
09:33,135.34,135.68,135.26,135.47,1165782.0
09:34,135.52,135.67,135.32,135.33,674627.0
09:35,135.45,135.65,135.39,135.54,1447136.0
09:36,135.44,135.65,135.3,135.46,911345.0
09:37,135.31,135.46,135.25,135.44,750993.0
09:38,135.6,135.68,135.33,135.33,845952.0
09:39,135.88,135.93,135.51,135.59,1173810.0
09:40,135.9,135.99,135.84,135.87,1112266.0
09:41,135.98,136.05,135.88,135.9,1232213.0
09:42,136.17,136.28,135.88,135.97,1608260.0
09:43,135.97,136.3,135.88,136.18,1038246.0
09:44,135.75,135.97,135.72,135.96,945601.0
09:45,135.73,135.91,135.7,135.76,912676.0
09:46,135.63,135.8,135.48,135.72,1068684.0
09:47,135.52,135.73,135.5,135.63,633056.0
09:48,135.29,135.53,135.28,135.52,898952.0
09:49,135.27,135.35,135.17,135.29,1009017.0
09:50,135.2,135.33,135.14,135.27,1020365.0
09:51,135.33,135.4,135.12,135.24,959139.0
09:52,135.4,135.48,135.3,135.32,905372.0
09:53,135.46,135.51,135.33,135.4,724112.0
09:54,135.45,135.49,135.37,135.46,557620.0
09:55,135.34,135.46,135.25,135.46,497002.0
09:56,135.34,135.38,135.27,135.33,449582.0
09:57,135.17,135.35,135.13,135.35,642706.0
09:58,135.34,135.35,135.15,135.16,537287.0
09:59,135.05,135.34,135.05,135.33,649409.0
10:00,135.23,135.26,135.03,135.05,748592.0
10:01,135.29,135.3,135.11,135.24,543161.0
10:02,135.21,135.32,135.15,135.29,424993.0
10:03,135.29,135.31,135.14,135.21,469877.0
10:04,135.35,135.4,135.26,135.3,522355.0
10:05,135.2,135.37,135.19,135.35,588729.0
10:06,135.17,135.23,135.03,135.2,705394.0
10:07,135.15,135.21,135.05,135.16,553088.0
10:08,135.23,135.28,135.14,135.15,538795.0
10:09,135.19,135.24,135.13,135.23,254107.0
10:10,135.21,135.29,135.17,135.21,642757.0
10:11,135.23,135.28,135.18,135.21,374244.0
10:12,135.21,135.23,135.0,135.23,882646.0
10:13,135.12,135.26,135.12,135.21,467175.0
10:14,135.23,135.27,135.09,135.12,481339.0
10:15,135.25,135.32,135.18,135.23,636078.0
10:16,135.15,135.37,135.14,135.26,557950.0
10:17,135.18,135.2,135.04,135.15,537142.0
10:18,135.26,135.3,135.16,135.18,356356.0
10:19,135.31,135.32,135.23,135.26,355217.0
10:20,135.47,135.48,135.28,135.31,623497.0
10:21,135.26,135.48,135.23,135.47,734039.0
10:22,135.28,135.32,135.17,135.26,498597.0
10:23,135.38,135.4,135.28,135.28,417783.0
10:24,135.33,135.4,135.32,135.38,292519.0
10:25,135.32,135.34,135.24,135.32,462323.0
10:26,135.25,135.35,135.24,135.33,340444.0
10:27,135.27,135.32,135.2,135.24,364208.0
10:28,135.21,135.27,135.13,135.27,402002.0
10:29,135.26,135.28,135.2,135.21,285552.0
10:30,135.18,135.3,135.15,135.26,390539.0
10:31,135.09,135.18,135.03,135.18,580131.0
10:32,135.13,135.21,135.07,135.09,456797.0
10:33,135.19,135.22,135.0,135.13,658886.0
10:34,135.26,135.26,135.12,135.19,415831.0
10:35,135.25,135.33,135.2,135.26,480979.0
10:36,135.27,135.29,135.21,135.24,241415.0
10:37,135.16,135.29,135.15,135.29,355258.0
10:38,135.27,135.29,135.16,135.17,290190.0
10:39,135.33,135.35,135.23,135.26,551724.0
10:40,135.37,135.4,135.28,135.33,479778.0
10:41,135.33,135.44,135.33,135.37,725344.0
10:42,135.35,135.38,135.3,135.33,350825.0
10:43,135.28,135.37,135.26,135.35,263042.0
10:44,135.35,135.38,135.25,135.29,294915.0
10:45,135.17,135.35,135.15,135.34,412917.0
10:46,135.26,135.28,135.11,135.16,447999.0
10:47,135.29,135.32,135.23,135.26,289933.0
10:48,135.23,135.32,135.22,135.29,295122.0
10:49,135.26,135.31,135.23,135.24,271492.0
10:50,135.26,135.38,135.21,135.26,460915.0
10:51,135.29,135.4,135.26,135.27,366179.0
10:52,135.4,135.41,135.29,135.29,288821.0
10:53,135.37,135.4,135.3,135.4,280939.0
10:54,135.2,135.37,135.17,135.36,378932.0
10:55,135.24,135.24,135.17,135.2,242810.0
10:56,135.12,135.27,135.11,135.24,281743.0
10:57,135.1,135.15,135.07,135.11,586812.0
10:58,134.87,135.11,134.8,135.1,1420805.0
10:59,134.99,135.05,134.83,134.86,557290.0
11:00,135.1,135.14,134.98,134.99,499818.0
11:01,135.18,135.19,135.07,135.09,399741.0
11:02,135.12,135.19,135.09,135.18,294957.0
11:03,135.22,135.24,135.11,135.12,394144.0
11:04,135.28,135.32,135.22,135.23,707467.0
11:05,135.29,135.35,135.24,135.28,334994.0
11:06,135.34,135.35,135.25,135.28,307788.0
11:07,135.3,135.35,135.29,135.33,283167.0
11:08,135.28,135.32,135.24,135.3,289169.0
11:09,135.34,135.35,135.23,135.27,258412.0
11:10,135.21,135.35,135.2,135.33,343673.0
11:11,135.23,135.26,135.18,135.22,229806.0
11:12,135.22,135.28,135.21,135.24,199701.0
11:13,135.21,135.24,135.16,135.24,282618.0
11:14,135.15,135.28,135.14,135.2,311138.0
11:15,135.24,135.24,135.14,135.15,548646.0
11:16,135.27,135.3,135.22,135.24,363054.0
11:17,135.25,135.28,135.23,135.28,265651.0
11:18,135.29,135.3,135.24,135.26,260967.0
11:19,135.26,135.3,135.23,135.29,280642.0
11:20,135.32,135.35,135.23,135.26,341920.0
11:21,135.46,135.47,135.32,135.33,554674.0
11:22,135.54,135.58,135.45,135.46,805590.0
11:23,135.49,135.54,135.49,135.54,333559.0
11:24,135.49,135.54,135.48,135.5,312901.0
11:25,135.54,135.58,135.47,135.49,452784.0
11:26,135.52,135.57,135.51,135.54,264954.0
11:27,135.6,135.62,135.49,135.52,402729.0
11:28,135.55,135.63,135.52,135.61,326444.0
11:29,135.59,135.61,135.54,135.55,231785.0
11:30,135.74,135.75,135.57,135.6,584291.0
11:31,135.66,135.74,135.61,135.74,421684.0
11:32,135.69,135.74,135.64,135.66,378217.0
11:33,135.85,135.86,135.68,135.69,623804.0
11:34,135.77,135.87,135.76,135.86,605387.0
11:35,135.72,135.85,135.68,135.77,422932.0
11:36,135.71,135.78,135.68,135.71,406175.0
11:37,135.67,135.75,135.64,135.72,403216.0
11:38,135.62,135.68,135.59,135.68,357254.0
11:39,135.73,135.77,135.61,135.62,334331.0
11:40,135.86,135.88,135.7,135.72,480312.0
11:41,135.83,135.91,135.79,135.85,436607.0
11:42,135.76,135.87,135.74,135.84,303048.0
11:43,135.82,135.84,135.72,135.76,312601.0
11:44,135.75,135.84,135.74,135.82,247784.0
11:45,135.74,135.79,135.7,135.74,261630.0
11:46,135.63,135.76,135.6,135.75,378870.0
11:47,135.64,135.68,135.62,135.64,327527.0
11:48,135.63,135.7,135.61,135.65,252403.0
11:49,135.65,135.69,135.61,135.63,152484.0
11:50,135.73,135.75,135.66,135.66,308949.0
11:51,135.72,135.75,135.65,135.73,290526.0
11:52,135.74,135.75,135.64,135.72,235213.0
11:53,135.74,135.8,135.73,135.74,311608.0
11:54,135.76,135.79,135.7,135.74,267835.0
11:55,135.68,135.78,135.67,135.76,464068.0
11:56,135.63,135.71,135.63,135.67,325431.0
11:57,135.63,135.65,135.61,135.63,239073.0
11:58,135.59,135.65,135.59,135.63,257864.0
11:59,135.53,135.6,135.48,135.59,566714.0
12:00,135.59,135.62,135.52,135.52,448322.0
12:01,135.61,135.64,135.55,135.6,292609.0
12:02,135.77,135.77,135.6,135.62,425777.0
12:03,135.79,135.8,135.73,135.77,370784.0
12:04,135.86,135.87,135.76,135.79,407208.0
12:05,135.94,135.96,135.85,135.87,595572.0
12:06,135.96,135.99,135.93,135.93,522305.0
12:07,135.88,135.99,135.88,135.95,479373.0
12:08,135.88,135.93,135.88,135.88,323597.0
12:09,135.93,135.94,135.88,135.88,238491.0
12:10,135.93,135.95,135.85,135.93,280931.0
12:11,135.95,136.0,135.91,135.93,451077.0
12:12,135.95,135.99,135.88,135.94,339266.0
12:13,135.91,135.96,135.9,135.96,223589.0
12:14,135.95,135.97,135.86,135.91,275526.0
12:15,135.89,135.97,135.88,135.95,218305.0
12:16,135.92,135.93,135.88,135.88,153805.0
12:17,135.96,135.98,135.91,135.92,260672.0
12:18,136.0,136.02,135.94,135.96,1131505.0
12:19,135.98,136.04,135.95,136.0,508636.0
12:20,136.02,136.1,135.96,135.98,594036.0
12:21,136.01,136.06,136.0,136.02,308672.0
12:22,136.01,136.07,135.96,136.01,385835.0
12:23,135.92,136.03,135.92,136.01,285346.0
12:24,135.96,135.97,135.88,135.93,287726.0
12:25,135.99,136.05,135.95,135.95,312503.0
12:26,135.91,136.04,135.91,135.99,358673.0
12:27,135.92,135.96,135.9,135.91,190826.0
12:28,135.95,135.97,135.92,135.93,135485.0
12:29,135.94,135.98,135.91,135.96,225526.0
12:30,135.98,136.01,135.9,135.93,313433.0
12:31,136.02,136.05,135.96,135.98,346421.0
12:32,136.04,136.11,136.02,136.02,500268.0
12:33,136.02,136.05,135.97,136.04,360613.0
12:34,136.0,136.09,135.97,136.01,318803.0
12:35,136.01,136.02,135.95,135.99,301264.0
12:36,135.98,136.04,135.95,136.01,467876.0
12:37,135.88,135.99,135.83,135.99,374190.0
12:38,135.87,135.9,135.83,135.88,228142.0
12:39,135.82,135.92,135.8,135.88,345234.0
12:40,135.84,135.85,135.8,135.82,287864.0
12:41,135.87,135.92,135.77,135.83,380507.0
12:42,135.73,135.88,135.73,135.87,382627.0
12:43,135.76,135.79,135.72,135.73,329626.0
12:44,135.74,135.77,135.69,135.76,428101.0
12:45,135.66,135.77,135.61,135.74,360484.0
12:46,135.68,135.69,135.64,135.66,210663.0
12:47,135.71,135.73,135.67,135.68,223241.0
12:48,135.76,135.77,135.67,135.71,213771.0
12:49,135.75,135.77,135.71,135.76,158969.0
12:50,135.77,135.79,135.68,135.74,332120.0
12:51,135.76,135.84,135.76,135.78,260361.0
12:52,135.68,135.79,135.66,135.76,403968.0
12:53,135.56,135.68,135.54,135.67,562798.0
12:54,135.62,135.62,135.52,135.57,282047.0
12:55,135.62,135.64,135.55,135.61,342957.0
12:56,135.72,135.73,135.62,135.63,295824.0
12:57,135.73,135.76,135.71,135.73,229236.0
12:58,135.76,135.77,135.69,135.74,232238.0
12:59,135.76,135.81,135.73,135.76,282958.0
13:00,135.79,135.82,135.75,135.76,309555.0
13:01,135.9,135.91,135.77,135.79,403381.0
13:02,135.89,135.99,135.89,135.91,614677.0
13:03,135.95,135.99,135.89,135.89,368446.0
13:04,135.94,135.99,135.94,135.95,285242.0
13:05,135.91,135.98,135.9,135.95,333628.0
13:06,135.96,135.98,135.91,135.91,266651.0
13:07,135.9,135.98,135.88,135.96,329030.0
13:08,135.93,135.96,135.89,135.9,209950.0
13:09,135.93,135.95,135.91,135.93,197088.0
13:10,135.86,135.95,135.85,135.93,259017.0
13:11,135.88,135.9,135.82,135.86,247300.0
13:12,135.96,136.01,135.87,135.87,711080.0
13:13,135.93,135.97,135.87,135.96,247895.0
13:14,135.9,135.95,135.88,135.93,163860.0
13:15,135.97,135.98,135.86,135.89,281944.0
13:16,135.99,136.0,135.93,135.98,300258.0
13:17,135.95,136.02,135.94,136.0,302108.0
13:18,135.97,135.98,135.92,135.95,197976.0
13:19,135.99,136.0,135.96,135.97,356222.0
13:20,135.99,136.01,135.98,135.99,239128.0
13:21,136.1,136.1,135.99,135.99,602768.0
13:22,136.13,136.15,136.09,136.1,502502.0
13:23,136.09,136.16,136.07,136.13,568625.0
13:24,136.27,136.3,136.08,136.09,894686.0
13:25,136.19,136.3,136.16,136.27,742212.0
13:26,136.17,136.29,136.16,136.2,668230.0
13:27,136.21,136.24,136.08,136.17,668643.0
13:28,136.4,136.4,136.21,136.21,917285.0
13:29,136.45,136.5,136.39,136.4,960145.0
13:30,136.34,136.45,136.3,136.45,504737.0
13:31,136.37,136.38,136.32,136.34,273301.0
13:32,136.43,136.44,136.35,136.38,449144.0
13:33,136.3,136.43,136.3,136.43,507076.0
13:34,136.33,136.35,136.3,136.31,246522.0
13:35,136.38,136.39,136.3,136.32,359345.0
13:36,136.33,136.44,136.25,136.38,682772.0
13:37,136.32,136.36,136.3,136.33,289840.0
13:38,136.28,136.33,136.24,136.32,234277.0
13:39,136.34,136.36,136.27,136.27,264050.0
13:40,136.38,136.42,136.32,136.33,295980.0
13:41,136.36,136.4,136.33,136.37,221165.0
13:42,136.26,136.38,136.25,136.37,264585.0
13:43,136.32,136.33,136.25,136.25,257389.0
13:44,136.32,136.34,136.29,136.31,263880.0
13:45,136.35,136.4,136.29,136.32,318684.0
13:46,136.39,136.4,136.3,136.35,265972.0
13:47,136.37,136.4,136.35,136.38,203802.0
13:48,136.42,136.43,136.34,136.37,355806.0
13:49,136.47,136.5,136.42,136.43,548269.0
13:50,136.42,136.49,136.39,136.47,327998.0
13:51,136.42,136.43,136.38,136.41,246425.0
13:52,136.43,136.46,136.34,136.41,251183.0
13:53,136.34,136.43,136.32,136.43,357157.0
13:54,136.4,136.4,136.31,136.33,288342.0
13:55,136.55,136.57,136.38,136.4,963200.0
13:56,136.54,136.6,136.54,136.55,486862.0
13:57,136.53,136.55,136.49,136.55,267948.0
13:58,136.59,136.59,136.52,136.53,256196.0
13:59,136.66,136.68,136.56,136.58,686203.0
14:00,136.74,136.74,136.65,136.67,453744.0
14:01,136.75,136.8,136.73,136.74,639318.0
14:02,136.79,136.8,136.74,136.74,427976.0
14:03,136.7,136.84,136.69,136.78,585808.0
14:04,136.75,136.8,136.67,136.7,489139.0
14:05,136.85,136.85,136.74,136.76,530268.0
14:06,136.71,136.85,136.7,136.85,453598.0
14:07,136.78,136.79,136.67,136.71,297419.0
14:08,136.95,136.96,136.77,136.77,635533.0
14:09,136.99,136.99,136.95,136.96,515193.0
14:10,137.14,137.2,136.97,136.99,1624289.0
14:11,137.22,137.25,137.14,137.15,726559.0
14:12,137.12,137.22,137.0,137.21,1012845.0
14:13,137.08,137.16,137.06,137.12,695496.0
14:14,137.18,137.19,137.08,137.08,454290.0
14:15,137.07,137.18,137.05,137.18,438347.0
14:16,137.17,137.18,137.06,137.07,427459.0
14:17,137.1,137.18,137.08,137.17,255758.0
14:18,137.05,137.13,137.01,137.1,478156.0
14:19,136.95,137.06,136.92,137.05,543374.0
14:20,136.96,137.06,136.94,136.94,428221.0
14:21,136.97,137.03,136.93,136.96,426681.0
14:22,137.02,137.04,136.98,136.98,309440.0
14:23,137.05,137.08,137.02,137.02,313116.0
14:24,137.04,137.11,136.95,137.05,817910.0
14:25,137.07,137.07,136.96,137.04,353953.0
14:26,136.89,137.07,136.87,137.07,676575.0
14:27,136.84,136.9,136.78,136.88,560621.0
14:28,136.65,136.84,136.63,136.84,703318.0
14:29,136.67,136.76,136.62,136.65,651255.0
14:30,136.71,136.74,136.62,136.66,506339.0
14:31,136.49,136.71,136.46,136.71,661001.0
14:32,136.47,136.53,136.45,136.49,640543.0
14:33,136.62,136.66,136.46,136.47,639589.0
14:34,136.55,136.65,136.55,136.62,374996.0
14:35,136.6,136.65,136.54,136.55,318735.0
14:36,136.64,136.73,136.6,136.6,430786.0
14:37,136.74,136.75,136.64,136.65,371073.0
14:38,136.77,136.79,136.71,136.74,431670.0
14:39,136.86,136.86,136.75,136.77,369862.0
14:40,136.85,136.92,136.83,136.85,582352.0
14:41,136.89,136.91,136.82,136.85,341476.0
14:42,136.93,136.97,136.89,136.89,464772.0
14:43,136.94,136.96,136.9,136.93,330820.0
14:44,136.95,136.97,136.93,136.94,242755.0
14:45,136.94,136.95,136.87,136.95,439985.0
14:46,136.99,136.99,136.9,136.95,384767.0
14:47,136.99,137.04,136.9,136.99,836520.0
14:48,136.95,136.99,136.89,136.99,363838.0
14:49,136.83,136.96,136.82,136.96,355091.0
14:50,136.84,136.9,136.82,136.82,343596.0
14:51,136.71,136.87,136.69,136.83,477925.0
14:52,136.64,136.71,136.32,136.71,1237019.0
14:53,136.59,136.8,136.59,136.64,639354.0
14:54,136.51,136.65,136.43,136.6,633674.0
14:55,136.74,136.76,136.48,136.52,524848.0
14:56,136.82,136.87,136.68,136.74,528251.0
14:57,136.88,136.91,136.75,136.82,422957.0
14:58,136.94,136.95,136.86,136.88,330515.0
14:59,136.9,136.94,136.87,136.94,331528.0
15:00,136.89,136.92,136.79,136.9,402372.0
15:01,136.94,136.99,136.87,136.9,461119.0
15:02,137.0,137.06,136.89,136.95,692161.0
15:03,137.01,137.04,136.99,137.0,405094.0
15:04,136.99,137.02,136.94,137.02,365120.0
15:05,136.93,136.99,136.87,136.99,437233.0
15:06,137.0,137.05,136.93,136.93,585646.0
15:07,136.98,137.03,136.96,137.0,365152.0
15:08,137.1,137.16,136.98,136.99,989985.0
15:09,137.14,137.19,137.1,137.1,459008.0
15:10,137.1,137.16,137.06,137.14,547125.0
15:11,137.05,137.11,137.02,137.1,361872.0
15:12,137.0,137.1,136.93,137.04,514423.0
15:13,136.75,137.1,136.72,136.99,1079412.0
15:14,137.06,137.08,136.71,136.74,1325800.0
15:15,136.88,137.15,136.86,137.07,753621.0
15:16,136.9,136.92,136.78,136.88,561908.0
15:17,136.73,136.9,136.69,136.9,653782.0
15:18,136.77,136.79,136.65,136.72,574945.0
15:19,136.73,136.79,136.67,136.79,515988.0
15:20,136.75,136.78,136.62,136.73,467457.0
15:21,136.71,136.77,136.69,136.75,264531.0
15:22,136.71,136.76,136.65,136.71,398132.0
15:23,136.64,136.71,136.6,136.71,344604.0
15:24,136.74,136.77,136.62,136.65,436388.0
15:25,136.66,136.8,136.6,136.74,511951.0
15:26,136.69,136.72,136.65,136.67,393572.0
15:27,136.78,136.83,136.67,136.7,499040.0
15:28,136.82,136.88,136.78,136.79,542346.0
15:29,136.83,136.86,136.77,136.82,425700.0
15:30,136.6,136.83,136.56,136.83,673998.0
15:31,136.61,136.68,136.51,136.6,583905.0
15:32,136.56,136.62,136.42,136.62,874099.0
15:33,136.51,136.59,136.47,136.55,543830.0
15:34,136.49,136.53,136.43,136.52,433177.0
15:35,136.26,136.49,136.26,136.48,701355.0
15:36,136.11,136.26,136.1,136.26,1069674.0
15:37,136.18,136.24,136.1,136.11,604719.0
15:38,136.16,136.28,136.1,136.18,782989.0
15:39,136.04,136.2,136.02,136.16,936103.0
15:40,135.88,136.07,135.75,136.04,1594540.0
15:41,135.68,135.96,135.66,135.88,1348909.0
15:42,135.83,135.87,135.68,135.68,1002088.0
15:43,135.73,135.86,135.67,135.84,743752.0
15:44,135.55,135.74,135.46,135.72,1191383.0
15:45,135.47,135.66,135.47,135.56,1047126.0
15:46,135.68,135.73,135.46,135.47,925748.0
15:47,135.8,135.92,135.67,135.68,1076741.0
15:48,135.85,136.01,135.79,135.8,1190413.0
15:49,135.65,135.88,135.65,135.85,975567.0
15:50,135.36,135.66,135.15,135.66,1573297.0
15:51,135.34,135.5,135.31,135.36,989192.0
15:52,135.29,135.4,135.24,135.33,853191.0
15:53,135.21,135.31,135.17,135.29,784216.0
15:54,135.23,135.26,134.84,135.21,2178523.0
15:55,135.19,135.22,134.79,135.21,1611811.0
15:56,135.19,135.31,135.0,135.19,1470064.0
15:57,135.16,135.29,135.08,135.19,1605400.0
15:58,135.14,135.35,135.0,135.15,1833272.0
15:59,134.81,135.28,134.81,135.13,3232488.0
