Time,Close,High,Low,Open,Volume
09:30,143.75,143.95,143.2,143.35,7244879.0
09:31,143.89,144.32,143.74,143.76,1776133.0
09:32,144.05,144.25,143.78,143.89,976138.0
09:33,144.18,144.18,143.74,144.05,831576.0
09:34,143.95,144.3,143.85,144.18,882527.0
09:35,143.65,143.95,143.65,143.94,1039966.0
09:36,143.92,143.92,143.5,143.66,900661.0
09:37,144.05,144.08,143.82,143.91,893876.0
09:38,143.9,144.08,143.9,144.05,605419.0
09:39,144.01,144.1,143.9,143.9,565544.0
09:40,143.79,144.04,143.7,144.01,693977.0
09:41,143.79,143.88,143.69,143.79,549609.0
09:42,143.7,143.9,143.69,143.79,560589.0
09:43,143.82,143.87,143.7,143.71,435234.0
09:44,143.76,143.92,143.71,143.83,804896.0
09:45,143.89,143.97,143.74,143.77,889004.0
09:46,143.77,143.85,143.69,143.84,689932.0
09:47,143.71,143.89,143.68,143.77,649071.0
09:48,143.79,143.83,143.71,143.71,332668.0
09:49,144.05,144.07,143.77,143.81,1469204.0
09:50,143.96,144.07,143.9,144.06,479670.0
09:51,144.07,144.14,143.92,143.95,668173.0
09:52,144.09,144.12,143.97,144.07,452129.0
09:53,144.32,144.35,144.04,144.09,842404.0
09:54,144.26,144.39,144.17,144.32,630614.0
09:55,144.52,144.55,144.26,144.26,1181880.0
09:56,144.61,144.71,144.48,144.51,996278.0
09:57,144.48,144.7,144.48,144.62,580291.0
09:58,144.68,144.68,144.47,144.51,642638.0
09:59,144.73,144.77,144.57,144.73,947866.0
10:00,144.76,144.89,144.73,144.74,995056.0
10:01,144.74,144.85,144.63,144.76,535248.0
10:02,144.74,144.79,144.58,144.74,504439.0
10:03,144.56,144.74,144.52,144.73,420021.0
10:04,144.56,144.56,144.45,144.55,496486.0
10:05,144.41,144.66,144.34,144.56,702169.0
10:06,144.45,144.48,144.25,144.41,663757.0
10:07,144.26,144.39,144.24,144.39,449668.0
10:08,144.31,144.33,144.2,144.25,431137.0
10:09,144.24,144.37,144.19,144.31,632975.0
10:10,144.4,144.44,144.22,144.23,432571.0
10:11,144.42,144.46,144.37,144.4,259487.0
10:12,144.55,144.65,144.43,144.43,1699682.0
10:13,144.52,144.65,144.48,144.56,651381.0
10:14,144.51,144.6,144.46,144.52,384557.0
10:15,144.54,144.56,144.38,144.5,450090.0
10:16,144.54,144.63,144.5,144.54,355543.0
10:17,144.63,144.63,144.49,144.55,292025.0
10:18,144.65,144.7,144.55,144.63,466161.0
10:19,144.58,144.66,144.55,144.66,262550.0
10:20,144.51,144.61,144.48,144.58,331575.0
10:21,144.49,144.55,144.45,144.51,299652.0
10:22,144.31,144.49,144.27,144.49,465909.0
10:23,144.38,144.38,144.25,144.3,348681.0
10:24,144.36,144.47,144.35,144.38,337200.0
10:25,144.35,144.42,144.28,144.36,350320.0
10:26,144.38,144.42,144.28,144.34,329414.0
10:27,144.35,144.4,144.31,144.34,357791.0
10:28,144.48,144.48,144.32,144.35,332787.0
10:29,144.48,144.5,144.4,144.48,405557.0
10:30,144.5,144.53,144.39,144.48,329178.0
10:31,144.46,144.53,144.34,144.5,338922.0
10:32,144.43,144.47,144.39,144.46,208749.0
10:33,144.43,144.44,144.37,144.43,281365.0
10:34,144.66,144.66,144.41,144.43,553604.0
10:35,144.68,144.74,144.65,144.66,477032.0
10:36,144.54,144.68,144.47,144.68,425125.0
10:37,144.51,144.59,144.45,144.57,440693.0
10:38,144.52,144.54,144.44,144.51,280092.0
10:39,144.48,144.57,144.42,144.51,298920.0
10:40,144.4,144.55,144.4,144.48,283696.0
10:41,144.62,144.63,144.4,144.4,731536.0
10:42,144.48,144.65,144.43,144.62,485564.0
10:43,144.49,144.5,144.36,144.47,367472.0
10:44,144.5,144.55,144.44,144.49,603838.0
10:45,144.44,144.55,144.43,144.51,268805.0
10:46,144.36,144.5,144.29,144.45,466513.0
10:47,144.21,144.36,144.19,144.36,474583.0
10:48,144.27,144.31,144.17,144.22,429370.0
10:49,144.24,144.29,144.19,144.27,223002.0
10:50,144.13,144.24,144.03,144.24,522532.0
10:51,144.15,144.16,144.02,144.13,344217.0
10:52,144.38,144.4,144.16,144.16,591879.0
10:53,144.38,144.47,144.35,144.38,472765.0
10:54,144.47,144.5,144.37,144.38,304329.0
10:55,144.44,144.55,144.44,144.47,400417.0
10:56,144.48,144.5,144.39,144.44,267593.0
10:57,144.52,144.53,144.4,144.49,271354.0
10:58,144.57,144.6,144.47,144.52,506573.0
10:59,144.75,144.75,144.5,144.57,544434.0
11:00,144.81,144.82,144.71,144.74,899535.0
11:01,144.91,144.94,144.8,144.82,893245.0
11:02,144.99,144.99,144.86,144.92,895873.0
11:03,144.9,145.0,144.89,144.99,1430409.0
11:04,145.34,145.34,144.83,144.87,6295382.0
11:05,145.47,145.55,145.3,145.34,2046710.0
11:06,145.57,145.64,145.46,145.46,1055457.0
11:07,145.75,145.8,145.56,145.57,1050465.0
11:08,145.79,145.83,145.69,145.75,1084146.0
11:09,145.85,145.88,145.7,145.78,946949.0
11:10,145.99,145.99,145.83,145.85,1167521.0
11:11,145.89,146.18,145.88,145.99,3478648.0
11:12,145.68,145.95,145.58,145.93,1047634.0
11:13,145.67,145.75,145.6,145.68,642259.0
11:14,145.71,145.72,145.52,145.67,652325.0
11:15,145.65,145.78,145.63,145.71,522290.0
11:16,145.68,145.73,145.58,145.64,365404.0
11:17,145.82,145.82,145.64,145.67,465022.0
11:18,145.84,145.91,145.82,145.9,518659.0
11:19,145.95,145.99,145.82,145.84,469437.0
11:20,145.84,146.04,145.78,145.94,751363.0
11:21,145.74,145.85,145.73,145.85,339893.0
11:22,145.73,145.84,145.71,145.74,364885.0
11:23,145.73,145.78,145.68,145.73,334545.0
11:24,145.85,145.86,145.72,145.74,312793.0
11:25,145.97,145.97,145.85,145.86,460308.0
11:26,145.65,146.04,145.62,145.96,895579.0
11:27,145.5,145.73,145.46,145.64,600452.0
11:28,145.53,145.6,145.5,145.5,355221.0
11:29,145.47,145.58,145.42,145.53,461111.0
11:30,145.61,145.62,145.4,145.46,360759.0
11:31,145.52,145.69,145.46,145.62,390022.0
11:32,145.6,145.64,145.48,145.51,247560.0
11:33,145.71,145.72,145.55,145.6,294783.0
11:34,145.91,145.93,145.68,145.71,445408.0
11:35,145.73,145.92,145.69,145.91,385770.0
11:36,145.84,145.88,145.8,145.8,295910.0
11:37,145.82,145.89,145.75,145.85,259839.0
11:38,145.75,145.89,145.72,145.84,281713.0
11:39,145.76,145.76,145.67,145.76,172419.0
11:40,145.74,145.82,145.73,145.77,251488.0
11:41,145.63,145.76,145.58,145.74,258494.0
11:42,145.67,145.68,145.56,145.63,227894.0
11:43,145.67,145.71,145.6,145.67,213511.0
11:44,145.65,145.68,145.6,145.68,160961.0
11:45,145.68,145.76,145.65,145.65,272626.0
11:46,145.79,145.79,145.66,145.68,224896.0
11:47,145.77,145.8,145.71,145.78,204811.0
11:48,145.68,145.8,145.67,145.78,146772.0
11:49,145.65,145.68,145.6,145.68,144668.0
11:50,145.71,145.73,145.58,145.64,208378.0
11:51,145.59,145.72,145.59,145.7,230098.0
11:52,145.66,145.66,145.57,145.59,243035.0
11:53,145.68,145.73,145.56,145.66,428237.0
11:54,145.57,145.68,145.54,145.68,313422.0
11:55,145.58,145.76,145.51,145.65,651251.0
11:56,145.58,145.85,145.48,145.62,989080.0
11:57,145.65,145.67,145.56,145.59,258603.0
11:58,145.65,145.7,145.6,145.64,288413.0
11:59,145.49,145.66,145.45,145.65,363110.0
12:00,145.73,145.74,145.48,145.5,336676.0
12:01,145.62,145.76,145.59,145.74,219679.0
12:02,145.62,145.65,145.58,145.62,155880.0
12:03,145.6,145.63,145.58,145.62,169928.0
12:04,145.74,145.74,145.57,145.6,268762.0
12:05,145.66,145.76,145.65,145.74,216889.0
12:06,145.73,145.8,145.68,145.68,244711.0
12:07,145.82,145.82,145.7,145.72,280849.0
12:08,145.88,145.89,145.8,145.82,344625.0
12:09,145.83,145.88,145.78,145.88,264260.0
12:10,145.88,145.93,145.84,145.84,332389.0
12:11,145.95,145.95,145.86,145.89,251982.0
12:12,145.93,145.97,145.91,145.94,309204.0
12:13,145.94,146.0,145.93,145.98,757591.0
12:14,145.95,146.02,145.94,146.01,1205979.0
12:15,145.96,146.05,145.95,146.05,1654366.0
12:16,145.96,146.03,145.94,145.96,209044.0
12:17,145.98,146.03,145.95,145.96,340506.0
12:18,146.04,146.06,145.98,145.98,316166.0
12:19,146.01,146.05,145.99,146.04,233148.0
12:20,145.94,146.06,145.92,146.0,373565.0
12:21,145.99,146.0,145.92,145.94,177023.0
12:22,145.98,146.06,145.97,146.0,344838.0
12:23,145.98,146.02,145.95,145.98,226239.0
12:24,145.9,145.99,145.85,145.97,415395.0
12:25,145.93,145.98,145.88,145.9,280827.0
12:26,145.9,145.98,145.9,145.94,268480.0
12:27,145.91,145.99,145.89,145.91,191431.0
12:28,145.99,146.0,145.89,145.92,240089.0
12:29,145.96,146.0,145.93,145.99,307768.0
12:30,145.99,146.04,145.97,146.0,339949.0
12:31,145.91,145.99,145.9,145.99,261546.0
12:32,145.96,145.98,145.86,145.91,309957.0
12:33,145.99,146.0,145.91,145.96,246155.0
12:34,145.91,146.02,145.9,145.99,229145.0
12:35,145.96,145.96,145.88,145.9,212034.0
12:36,145.99,146.02,145.9,145.96,266565.0
12:37,145.86,146.0,145.85,145.99,292205.0
12:38,145.79,145.88,145.75,145.87,408694.0
12:39,145.78,145.8,145.74,145.79,283323.0
12:40,145.63,145.79,145.62,145.79,369801.0
12:41,145.62,145.73,145.59,145.64,309309.0
12:42,145.74,145.77,145.56,145.62,450301.0
12:43,145.71,145.77,145.66,145.74,279285.0
12:44,145.68,145.72,145.61,145.7,273530.0
12:45,145.63,145.71,145.61,145.7,222899.0
12:46,145.64,145.66,145.53,145.63,379956.0
12:47,145.74,145.75,145.63,145.65,313070.0
12:48,145.71,145.72,145.7,145.71,160073.0
12:49,145.68,145.74,145.67,145.71,149426.0
12:50,145.65,145.68,145.61,145.67,172895.0
12:51,145.74,145.75,145.62,145.65,221303.0
12:52,145.73,145.75,145.62,145.74,292319.0
12:53,145.75,145.92,145.72,145.73,635247.0
12:54,145.73,145.77,145.67,145.75,176983.0
12:55,145.81,145.81,145.68,145.72,223941.0
12:56,145.73,145.8,145.67,145.8,197051.0
12:57,145.69,145.73,145.67,145.73,177501.0
12:58,145.71,145.75,145.68,145.69,246270.0
12:59,145.66,145.7,145.62,145.69,252562.0
13:00,145.68,145.72,145.62,145.66,161084.0
13:01,145.65,145.7,145.6,145.69,171390.0
13:02,145.66,145.73,145.64,145.66,224679.0
13:03,145.64,145.68,145.63,145.66,112094.0
13:04,145.7,145.71,145.62,145.64,165642.0
13:05,145.59,145.71,145.57,145.7,267859.0
13:06,145.56,145.62,145.47,145.59,490035.0
13:07,145.6,145.65,145.54,145.55,264980.0
13:08,145.51,145.62,145.5,145.6,162512.0
13:09,145.6,145.6,145.49,145.51,170584.0
13:10,145.55,145.57,145.55,145.57,172770.0
13:11,145.54,145.6,145.51,145.56,161586.0
13:12,145.5,145.54,145.48,145.53,273784.0
13:13,145.53,145.54,145.41,145.51,337644.0
13:14,145.48,145.54,145.43,145.53,225456.0
13:15,145.45,145.49,145.36,145.48,314170.0
13:16,145.62,145.66,145.43,145.45,310163.0
13:17,145.65,145.65,145.56,145.62,228446.0
13:18,145.65,145.67,145.57,145.65,308877.0
13:19,145.71,145.72,145.62,145.65,271624.0
13:20,145.66,145.8,145.66,145.72,312780.0
13:21,145.71,145.77,145.66,145.66,208441.0
13:22,145.71,145.76,145.7,145.71,145228.0
13:23,145.62,145.72,145.57,145.71,257383.0
13:24,145.62,145.65,145.57,145.62,188104.0
13:25,145.65,145.69,145.56,145.62,252105.0
13:26,145.64,145.7,145.6,145.65,119974.0
13:27,145.64,145.65,145.55,145.63,148821.0
13:28,145.71,145.76,145.63,145.63,246021.0
13:29,145.62,145.74,145.62,145.73,113521.0
13:30,145.69,145.7,145.6,145.62,208019.0
13:31,145.59,145.68,145.53,145.68,270025.0
13:32,145.54,145.61,145.48,145.59,299391.0
13:33,145.43,145.58,145.43,145.54,211900.0
13:34,145.46,145.47,145.4,145.45,233088.0
13:35,145.39,145.51,145.33,145.46,321184.0
13:36,145.37,145.44,145.3,145.38,288622.0
13:37,145.38,145.4,145.3,145.37,193337.0
13:38,145.38,145.43,145.35,145.38,183575.0
13:39,145.36,145.41,145.33,145.39,152537.0
13:40,145.45,145.47,145.34,145.36,165503.0
13:41,145.48,145.52,145.43,145.45,196145.0
13:42,145.34,145.5,145.34,145.48,172346.0
13:43,145.3,145.4,145.28,145.38,372660.0
13:44,145.27,145.3,145.21,145.28,572974.0
13:45,145.36,145.36,145.26,145.26,223372.0
13:46,145.36,145.37,145.27,145.35,188564.0
13:47,145.31,145.37,145.29,145.36,177915.0
13:48,145.43,145.45,145.29,145.31,234424.0
13:49,145.37,145.44,145.36,145.42,179689.0
13:50,145.38,145.4,145.34,145.38,135661.0
13:51,145.36,145.38,145.27,145.38,165259.0
13:52,145.3,145.38,145.26,145.38,263025.0
13:53,145.3,145.32,145.26,145.3,189662.0
13:54,145.26,145.35,145.25,145.3,291538.0
13:55,145.21,145.27,145.14,145.26,445205.0
13:56,145.12,145.25,145.12,145.21,169094.0
13:57,145.07,145.18,145.07,145.12,359096.0
13:58,145.1,145.11,145.03,145.07,353412.0
13:59,145.2,145.21,145.05,145.09,290705.0
14:00,145.23,145.25,145.18,145.2,216600.0
14:01,145.33,145.35,145.21,145.23,355843.0
14:02,145.26,145.34,145.25,145.34,197885.0
14:03,145.26,145.29,145.18,145.26,205622.0
14:04,145.23,145.27,145.2,145.26,124453.0
14:05,145.26,145.27,145.2,145.23,135325.0
14:06,145.25,145.29,145.22,145.26,177158.0
14:07,145.22,145.24,145.17,145.24,157905.0
14:08,145.14,145.25,145.14,145.21,167021.0
14:09,145.15,145.17,145.12,145.15,212040.0
14:10,145.12,145.16,145.09,145.16,164173.0
14:11,145.05,145.12,145.04,145.12,259792.0
14:12,145.12,145.14,145.04,145.04,251588.0
14:13,145.1,145.16,145.1,145.12,158627.0
14:14,145.13,145.15,145.1,145.1,140236.0
14:15,145.26,145.26,145.13,145.13,245602.0
14:16,145.17,145.17,145.14,145.15,271899.0
14:17,145.15,145.19,145.13,145.17,146125.0
14:18,145.15,145.17,145.12,145.15,113699.0
14:19,145.18,145.19,145.12,145.15,121263.0
14:20,145.09,145.18,145.07,145.17,193038.0
14:21,145.15,145.16,145.06,145.09,214374.0
14:22,145.15,145.16,145.12,145.15,104866.0
14:23,145.21,145.23,145.14,145.15,167727.0
14:24,145.25,145.27,145.19,145.2,169316.0
14:25,145.21,145.28,145.2,145.25,192552.0
14:26,145.19,145.26,145.16,145.21,133913.0
14:27,145.18,145.25,145.15,145.18,717610.0
14:28,145.22,145.25,145.18,145.18,87641.0
14:29,145.23,145.25,145.2,145.23,107390.0
14:30,145.1,145.25,145.1,145.22,206751.0
14:31,145.11,145.18,145.09,145.1,202995.0
14:32,145.12,145.13,145.07,145.1,171242.0
14:33,145.14,145.16,145.07,145.11,150379.0
14:34,145.14,145.16,145.1,145.14,113557.0
14:35,145.13,145.16,145.08,145.12,184945.0
14:36,145.22,145.26,145.12,145.13,343457.0
14:37,145.2,145.24,145.19,145.23,188414.0
14:38,145.18,145.25,145.17,145.2,128167.0
14:39,145.1,145.19,145.06,145.19,171505.0
14:40,145.13,145.13,145.05,145.1,160588.0
14:41,145.2,145.22,145.12,145.12,159448.0
14:42,145.18,145.23,145.16,145.2,114325.0
14:43,145.18,145.2,145.16,145.18,95104.0
14:44,145.19,145.2,145.18,145.18,106032.0
14:45,145.15,145.23,145.11,145.19,184815.0
14:46,145.08,145.2,145.08,145.14,299288.0
14:47,145.07,145.1,145.07,145.09,123574.0
14:48,145.07,145.1,145.04,145.07,198048.0
14:49,144.9,145.07,144.87,145.07,767331.0
14:50,144.96,144.96,144.85,144.9,324157.0
14:51,144.97,144.98,144.89,144.96,223807.0
14:52,145.01,145.06,144.96,144.98,322350.0
14:53,145.01,145.08,145.01,145.01,538550.0
14:54,145.08,145.08,144.99,145.01,187431.0
14:55,145.05,145.1,145.04,145.07,226008.0
14:56,145.04,145.1,145.03,145.05,157522.0
14:57,145.07,145.08,145.06,145.07,120353.0
14:58,145.05,145.12,145.02,145.08,427388.0
14:59,145.0,145.08,144.99,145.05,219303.0
15:00,145.06,145.1,144.99,145.0,225273.0
15:01,145.07,145.09,145.03,145.07,119888.0
15:02,145.07,145.1,145.05,145.06,141888.0
15:03,145.04,145.07,145.03,145.07,146496.0
15:04,145.07,145.09,145.02,145.04,224073.0
15:05,145.02,145.08,145.01,145.07,296554.0
15:06,145.06,145.07,145.02,145.02,196142.0
15:07,145.09,145.1,145.03,145.07,255739.0
15:08,144.96,145.11,144.94,145.1,444994.0
15:09,144.96,144.96,144.87,144.96,354678.0
15:10,144.91,144.96,144.86,144.95,259302.0
15:11,144.8,144.92,144.71,144.92,573527.0
15:12,144.77,144.78,144.75,144.75,296091.0
15:13,144.95,144.97,144.78,144.78,347606.0
15:14,144.84,144.98,144.83,144.96,271282.0
15:15,144.83,144.84,144.79,144.84,206982.0
15:16,144.96,144.99,144.82,144.83,309662.0
15:17,144.81,144.99,144.8,144.97,247673.0
15:18,144.89,144.91,144.8,144.81,194349.0
15:19,144.87,144.89,144.85,144.89,146886.0
15:20,144.76,144.87,144.76,144.86,215578.0
15:21,145.01,145.09,144.74,144.76,765989.0
15:22,145.02,145.02,144.9,145.01,319738.0
15:23,145.05,145.1,145.02,145.03,441669.0
15:24,145.02,145.07,144.98,145.06,215275.0
15:25,145.04,145.04,144.94,145.02,302724.0
15:26,145.02,145.07,144.99,145.04,269662.0
15:27,145.02,145.25,145.0,145.03,472840.0
15:28,145.01,145.03,144.95,145.01,238327.0
15:29,144.97,145.03,144.93,145.01,214613.0
15:30,144.9,145.0,144.89,144.98,306271.0
15:31,144.71,144.93,144.71,144.89,654307.0
15:32,144.76,144.76,144.71,144.71,838746.5
15:33,144.77,144.81,144.74,144.76,1023186.0
15:34,144.74,144.79,144.71,144.77,200256.0
15:35,144.7,144.74,144.67,144.74,267587.0
15:36,144.72,144.75,144.63,144.71,316342.0
15:37,144.62,144.76,144.6,144.71,297588.0
15:38,144.6,144.64,144.57,144.63,300145.0
15:39,144.6,144.62,144.53,144.6,343284.0
15:40,144.66,144.68,144.57,144.6,279422.0
15:41,144.71,144.71,144.63,144.67,271081.0
15:42,144.65,144.74,144.65,144.71,99488.0
15:43,144.6,144.66,144.55,144.65,283900.0
15:44,144.68,144.68,144.56,144.6,253328.0
15:45,144.7,144.73,144.65,144.67,273700.0
15:46,144.62,144.71,144.59,144.71,283820.0
15:47,144.68,144.68,144.57,144.63,300388.0
15:48,144.67,144.68,144.58,144.68,340791.0
15:49,144.68,144.7,144.63,144.68,293765.0
15:50,144.56,144.6,144.5,144.6,619319.0
15:51,144.41,144.56,144.39,144.55,606693.0
15:52,144.43,144.5,144.4,144.42,442135.0
15:53,144.34,144.48,144.29,144.43,632551.0
15:54,144.54,144.73,144.27,144.33,901347.0
15:55,144.52,144.74,144.43,144.54,761165.0
15:56,144.6,144.62,144.47,144.53,653637.0
15:57,144.55,144.62,144.5,144.6,886572.0
15:58,144.4,144.58,144.38,144.54,1168601.0
15:59,144.67,144.69,144.31,144.4,2695171.0
