Time,Close,High,Low,Open,Volume
09:30,106.36,106.89,106.35,106.86,11496605.0
09:31,106.06,106.7,105.96,106.36,1331790.0
09:32,105.89,106.14,105.73,106.05,1068384.0
09:33,106.23,106.3,105.88,105.88,943787.0
09:34,107.25,107.27,106.2,106.23,1473549.0
09:35,107.09,107.33,106.92,107.24,1551763.0
09:36,107.37,107.43,107.0,107.1,1171833.0
09:37,107.67,107.72,107.1,107.36,1104872.0
09:38,107.38,107.69,107.34,107.67,1188835.0
09:39,107.32,107.55,107.24,107.38,825258.0
09:40,107.53,107.56,107.3,107.31,707018.0
09:41,107.22,107.52,107.11,107.52,753327.0
09:42,107.17,107.42,107.13,107.23,682192.0
09:43,107.0,107.25,106.95,107.18,802711.0
09:44,107.01,107.11,106.92,107.02,633113.0
09:45,107.12,107.21,107.01,107.01,599878.0
09:46,106.8,107.17,106.74,107.13,760671.0
09:47,106.71,106.87,106.61,106.78,799596.0
09:48,106.77,106.93,106.69,106.71,648526.0
09:49,106.87,106.99,106.76,106.78,499007.0
09:50,106.78,106.89,106.49,106.86,817627.0
09:51,106.63,106.91,106.5,106.79,744548.0
09:52,106.47,106.65,106.46,106.62,231655.0
09:53,106.42,106.52,106.35,106.51,1235777.0
09:54,106.61,106.66,106.41,106.42,498495.0
09:55,106.69,106.77,106.54,106.61,528689.0
09:56,106.71,106.82,106.59,106.69,492988.0
09:57,106.71,106.77,106.56,106.71,491721.0
09:58,107.01,107.05,106.65,106.72,795831.0
09:59,106.86,107.0,106.83,107.0,535431.0
10:00,107.24,107.37,106.77,106.9,1168101.0
10:01,107.14,107.4,107.12,107.25,611110.0
10:02,107.31,107.44,107.14,107.14,673127.0
10:03,107.2,107.38,107.17,107.3,598234.0
10:04,107.13,107.44,107.05,107.2,812586.0
10:05,107.29,107.35,107.06,107.13,468782.0
10:06,107.63,107.65,107.28,107.29,941941.0
10:07,107.74,107.82,107.46,107.62,1128989.0
10:08,107.8,107.82,107.67,107.74,836540.0
10:09,107.77,107.82,107.65,107.79,606654.0
10:10,107.8,107.88,107.53,107.76,803829.0
10:11,107.85,107.88,107.66,107.79,600312.0
10:12,108.08,108.1,107.86,107.86,1343997.0
10:13,107.91,108.08,107.89,108.06,759107.0
10:14,108.04,108.06,107.87,107.91,940222.0
10:15,108.01,108.07,107.93,108.04,565486.0
10:16,107.85,108.06,107.82,108.01,756081.0
10:17,107.92,107.95,107.71,107.85,757424.0
10:18,107.82,107.99,107.8,107.92,543376.0
10:19,107.86,107.97,107.78,107.82,510102.0
10:20,107.85,107.99,107.78,107.87,464919.0
10:21,107.57,107.92,107.55,107.85,674903.0
10:22,107.3,107.62,107.27,107.57,990771.0
10:23,107.38,107.41,107.17,107.29,728678.0
10:24,107.46,107.58,107.36,107.36,599093.0
10:25,107.44,107.49,107.25,107.47,467970.0
10:26,107.46,107.52,107.33,107.44,388172.0
10:27,107.45,107.57,107.38,107.45,464316.0
10:28,107.35,107.46,107.21,107.44,481913.0
10:29,107.54,107.58,107.34,107.34,417211.0
10:30,107.57,107.73,107.55,107.56,594096.0
10:31,107.45,107.57,107.31,107.56,517174.0
10:32,107.69,107.69,107.36,107.44,431357.0
10:33,107.81,107.82,107.62,107.7,456073.0
10:34,107.89,107.97,107.78,107.81,583821.0
10:35,107.75,107.92,107.73,107.89,382801.0
10:36,107.86,107.95,107.74,107.75,503438.0
10:37,107.91,107.99,107.78,107.85,390961.0
10:38,108.1,108.13,107.88,107.92,828046.0
10:39,108.32,108.35,108.09,108.09,791120.0
10:40,108.43,108.44,108.21,108.32,728067.0
10:41,108.35,108.49,108.29,108.43,644172.0
10:42,108.23,108.37,108.2,108.35,432893.0
10:43,108.29,108.34,108.2,108.23,337711.0
10:44,108.35,108.41,108.21,108.28,577114.0
10:45,108.34,108.41,108.25,108.35,520961.0
10:46,108.36,108.5,108.29,108.34,678190.0
10:47,108.32,108.42,108.25,108.36,392270.0
10:48,108.42,108.42,108.25,108.32,285739.0
10:49,108.37,108.45,108.24,108.42,547962.0
10:50,108.01,108.35,107.97,108.35,816340.0
10:51,108.02,108.09,107.95,108.01,408485.0
10:52,108.06,108.14,107.98,108.04,335149.0
10:53,108.23,108.28,108.05,108.07,373875.0
10:54,108.16,108.27,108.02,108.24,397603.0
10:55,108.07,108.2,108.06,108.17,288741.0
10:56,108.04,108.19,107.98,108.08,501859.0
10:57,107.97,108.04,107.82,108.04,489858.0
10:58,107.88,108.04,107.88,107.98,297696.0
10:59,108.09,108.12,107.85,107.88,374578.0
11:00,107.95,108.15,107.89,108.1,497839.0
11:01,108.01,108.1,107.92,107.98,279043.0
11:02,107.98,108.03,107.93,108.02,261637.0
11:03,107.97,108.09,107.9,107.97,374497.0
11:04,108.11,108.15,107.95,107.98,353228.0
11:05,108.17,108.2,108.04,108.12,273421.0
11:06,108.18,108.2,108.11,108.17,299522.0
11:07,108.17,108.21,108.11,108.19,298341.0
11:08,108.16,108.24,108.14,108.18,316913.0
11:09,108.24,108.25,108.11,108.15,268214.0
11:10,108.39,108.4,108.19,108.25,419339.0
11:11,108.37,108.43,108.26,108.39,371125.0
11:12,108.31,108.39,108.31,108.36,311057.0
11:13,108.39,108.4,108.23,108.32,292262.0
11:14,108.46,108.49,108.37,108.38,358632.0
11:15,108.46,108.54,108.42,108.46,498356.0
11:16,108.4,108.53,108.38,108.45,548246.0
11:17,108.45,108.49,108.28,108.41,426314.0
11:18,108.66,108.68,108.45,108.46,601456.0
11:19,108.59,108.7,108.58,108.67,431386.0
11:20,108.81,108.82,108.59,108.59,536828.0
11:21,108.81,108.84,108.76,108.81,432237.0
11:22,108.93,108.93,108.81,108.81,435082.0
11:23,108.94,108.96,108.87,108.93,472847.0
11:24,108.94,108.97,108.91,108.94,436309.0
11:25,108.81,108.98,108.78,108.94,502893.0
11:26,108.77,108.83,108.68,108.82,501268.0
11:27,108.92,108.96,108.75,108.77,379525.0
11:28,108.77,108.94,108.76,108.91,368385.0
11:29,108.66,108.79,108.64,108.78,479172.0
11:30,108.73,108.77,108.6,108.66,404211.0
11:31,108.71,108.75,108.64,108.74,227992.0
11:32,108.65,108.72,108.6,108.7,296980.0
11:33,108.81,108.84,108.63,108.65,313843.0
11:34,108.9,108.92,108.75,108.83,338241.0
11:35,108.9,108.98,108.86,108.9,474368.0
11:36,109.0,109.07,108.86,108.89,793079.0
11:37,109.06,109.08,108.93,109.01,478552.0
11:38,108.89,109.06,108.83,109.06,417347.0
11:39,108.96,109.03,108.84,108.88,412414.0
11:40,109.18,109.18,108.96,108.96,569846.0
11:41,109.29,109.32,109.16,109.18,916075.0
11:42,109.23,109.32,109.22,109.28,581148.0
11:43,109.12,109.25,109.09,109.22,460826.0
11:44,109.07,109.16,109.01,109.12,464608.0
11:45,109.14,109.16,108.96,109.08,535824.0
11:46,109.04,109.15,109.0,109.14,337149.0
11:47,108.94,109.04,108.9,109.04,489184.0
11:48,108.97,109.07,108.92,108.94,688259.0
11:49,108.99,109.05,108.9,108.96,346520.0
11:50,109.07,109.07,108.97,108.99,567002.0
11:51,109.11,109.18,109.05,109.07,444151.0
11:52,109.18,109.2,109.06,109.11,304209.0
11:53,109.2,109.21,109.12,109.18,310241.0
11:54,109.17,109.28,109.14,109.2,562889.0
11:55,109.17,109.21,109.07,109.17,314503.0
11:56,109.16,109.22,109.14,109.17,314398.0
11:57,109.12,109.18,109.07,109.18,242193.0
11:58,109.16,109.18,109.09,109.12,200462.0
11:59,109.02,109.18,109.02,109.15,332576.0
12:00,109.01,109.05,108.98,109.03,515046.0
12:01,109.01,109.1,108.97,109.01,428268.0
12:02,108.92,109.06,108.89,109.01,342592.0
12:03,108.8,108.97,108.78,108.92,563637.0
12:04,108.78,108.81,108.68,108.8,454806.0
12:05,108.86,108.89,108.69,108.79,414747.0
12:06,108.73,108.88,108.68,108.86,444112.0
12:07,108.66,108.75,108.59,108.73,463650.0
12:08,108.67,108.75,108.57,108.66,461380.0
12:09,108.62,108.68,108.57,108.67,239696.0
12:10,108.54,108.62,108.49,108.62,573793.0
12:11,108.61,108.62,108.48,108.54,363530.0
12:12,108.79,108.8,108.61,108.62,462097.0
12:13,108.9,108.91,108.79,108.8,370142.0
12:14,108.89,108.91,108.79,108.9,292819.0
12:15,108.9,108.91,108.79,108.89,298400.0
12:16,109.0,109.03,108.89,108.9,413881.0
12:17,109.05,109.06,108.98,109.01,324150.0
12:18,109.11,109.12,109.0,109.04,315034.0
12:19,109.13,109.22,109.07,109.11,340480.0
12:20,109.17,109.2,109.09,109.12,294567.0
12:21,109.18,109.18,109.1,109.16,200287.0
12:22,109.27,109.27,109.17,109.18,303615.0
12:23,109.33,109.36,109.23,109.26,467248.0
12:24,109.39,109.4,109.3,109.32,324933.0
12:25,109.45,109.46,109.38,109.38,404726.0
12:26,109.39,109.47,109.36,109.45,494895.0
12:27,109.42,109.44,109.35,109.39,288880.0
12:28,109.48,109.49,109.4,109.42,314223.0
12:29,109.47,109.52,109.42,109.47,634059.0
12:30,109.34,109.47,109.32,109.47,502541.0
12:31,109.52,109.53,109.32,109.35,412965.0
12:32,109.73,109.77,109.51,109.52,859652.0
12:33,109.83,109.84,109.72,109.73,507476.0
12:34,109.83,109.85,109.73,109.82,574624.0
12:35,109.94,109.99,109.84,109.84,742721.0
12:36,110.05,110.09,109.94,109.94,2469635.0
12:37,110.03,110.1,109.96,110.06,839581.0
12:38,110.07,110.14,110.01,110.02,621788.0
12:39,110.26,110.28,110.06,110.06,741434.0
12:40,110.54,110.55,110.25,110.25,1100725.0
12:41,110.4,110.67,110.36,110.55,1521168.0
12:42,110.44,110.46,110.28,110.41,826572.0
12:43,110.46,110.5,110.41,110.44,535280.0
12:44,110.4,110.47,110.35,110.45,492650.0
12:45,110.37,110.45,110.29,110.4,545058.0
12:46,110.36,110.44,110.33,110.38,462206.0
12:47,110.23,110.38,110.18,110.36,621424.0
12:48,110.21,110.23,110.12,110.22,590845.0
12:49,110.28,110.31,110.19,110.21,474834.0
12:50,110.36,110.37,110.17,110.28,501731.0
12:51,110.29,110.36,110.25,110.36,311688.0
12:52,110.31,110.39,110.25,110.28,320900.0
12:53,110.43,110.43,110.29,110.3,340527.0
12:54,110.42,110.47,110.38,110.43,436454.0
12:55,110.43,110.43,110.36,110.43,335365.0
12:56,110.62,110.63,110.42,110.43,599259.0
12:57,110.71,110.74,110.6,110.63,656126.0
12:58,110.88,110.88,110.71,110.71,824476.0
12:59,110.97,111.02,110.83,110.88,709512.0
13:00,110.88,110.97,110.87,110.97,555395.0
13:01,110.82,110.89,110.72,110.89,600150.0
13:02,110.68,110.88,110.66,110.82,457601.0
13:03,110.65,110.69,110.54,110.68,483985.0
13:04,110.8,110.8,110.64,110.65,458063.0
13:05,110.93,110.95,110.79,110.79,495526.0
13:06,110.93,110.96,110.83,110.93,456429.0
13:07,111.09,111.1,110.92,110.92,1072760.0
13:08,111.12,111.14,111.07,111.1,572644.0
13:09,111.01,111.14,110.96,111.12,543512.0
13:10,110.98,111.1,110.96,111.02,425522.0
13:11,111.04,111.06,110.9,110.98,535433.0
13:12,111.12,111.22,111.04,111.05,592307.0
13:13,111.15,111.26,111.1,111.11,523111.0
13:14,111.27,111.31,111.14,111.15,570538.0
13:15,111.18,111.29,111.15,111.26,1098673.0
13:16,111.26,111.26,111.14,111.19,486003.0
13:17,111.43,111.44,111.23,111.26,674918.0
13:18,111.36,111.51,111.36,111.43,680472.0
13:19,111.49,111.5,111.34,111.37,541661.0
13:20,111.64,111.65,111.47,111.48,614607.0
13:21,111.76,111.8,111.64,111.64,861907.0
13:22,111.59,111.77,111.57,111.77,754552.0
13:23,111.67,111.69,111.53,111.59,660187.0
13:24,111.58,111.75,111.57,111.67,652094.0
13:25,111.75,111.77,111.45,111.57,733602.0
13:26,111.85,111.92,111.71,111.75,1025375.0
13:27,111.85,111.88,111.77,111.84,444582.0
13:28,111.86,111.92,111.8,111.85,598460.0
13:29,111.87,111.88,111.75,111.86,606658.0
13:30,111.61,111.9,111.57,111.86,871790.0
13:31,111.36,111.61,111.33,111.61,927022.0
13:32,111.39,111.47,111.27,111.36,591272.0
13:33,111.59,111.66,111.38,111.39,760308.0
13:34,111.52,111.59,111.41,111.59,558602.0
13:35,111.54,111.64,111.5,111.53,536830.0
13:36,111.62,111.66,111.53,111.54,477199.0
13:37,111.56,111.65,111.52,111.61,392479.0
13:38,111.02,111.57,110.97,111.57,1594429.0
13:39,110.68,111.06,110.62,111.02,1124553.0
13:40,110.77,110.81,110.5,110.68,1043673.0
13:41,110.97,111.1,110.68,110.76,944796.0
13:42,110.88,111.05,110.77,110.99,653633.0
13:43,110.66,110.92,110.63,110.88,607320.0
13:44,110.73,110.78,110.55,110.66,722782.0
13:45,110.55,110.77,110.51,110.73,592356.0
13:46,110.48,110.67,110.42,110.56,695538.0
13:47,110.39,110.49,110.21,110.49,1045889.0
13:48,110.27,110.42,110.2,110.4,605074.0
13:49,110.37,110.4,110.12,110.27,838336.0
13:50,110.09,110.42,110.05,110.37,750188.0
13:51,110.2,110.28,110.1,110.12,579642.0
13:52,110.09,110.24,109.95,110.19,798430.0
13:53,110.13,110.18,110.05,110.07,491991.0
13:54,110.1,110.14,110.01,110.13,343142.0
13:55,110.0,110.18,109.99,110.1,537230.0
13:56,109.95,110.08,109.82,110.01,777258.0
13:57,109.97,109.98,109.85,109.96,527827.0
13:58,110.23,110.24,109.85,109.97,813830.0
13:59,110.37,110.37,110.23,110.23,780689.0
14:00,110.3,110.4,110.22,110.36,595782.0
14:01,110.24,110.29,110.15,110.29,343855.0
14:02,110.32,110.35,110.22,110.22,381177.0
14:03,110.52,110.55,110.32,110.33,725564.0
14:04,110.46,110.54,110.36,110.51,502138.0
14:05,110.42,110.48,110.37,110.45,310270.0
14:06,110.52,110.54,110.4,110.4,330324.0
14:07,110.49,110.55,110.45,110.53,278072.0
14:08,110.56,110.58,110.46,110.49,308372.0
14:09,110.61,110.64,110.52,110.56,325098.0
14:10,110.58,110.73,110.54,110.62,532825.0
14:11,110.49,110.68,110.47,110.58,418595.0
14:12,110.56,110.59,110.48,110.5,323320.0
14:13,110.49,110.58,110.45,110.56,311667.0
14:14,110.48,110.59,110.47,110.51,224215.0
14:15,110.52,110.53,110.41,110.47,300288.0
14:16,110.51,110.54,110.45,110.53,281449.0
14:17,110.56,110.57,110.46,110.51,300983.0
14:18,110.59,110.62,110.5,110.56,224129.0
14:19,110.63,110.68,110.52,110.59,299860.0
14:20,110.62,110.64,110.52,110.63,320333.0
14:21,110.79,110.79,110.61,110.62,402930.0
14:22,110.86,110.92,110.75,110.79,560109.0
14:23,110.95,110.95,110.83,110.85,434541.0
14:24,110.9,110.97,110.88,110.95,412336.0
14:25,111.08,111.08,110.87,110.9,688452.0
14:26,110.97,111.09,110.9,111.08,529009.0
14:27,110.81,111.01,110.79,110.97,485523.0
14:28,110.83,110.89,110.75,110.8,496507.0
14:29,110.83,110.92,110.82,110.84,270977.0
14:30,110.9,110.98,110.83,110.84,374775.0
14:31,110.91,110.95,110.83,110.89,308827.0
14:32,110.97,111.0,110.9,110.92,344975.0
14:33,111.02,111.05,110.93,110.97,440998.0
14:34,110.97,111.02,110.93,111.01,288621.0
14:35,111.02,111.05,110.89,110.97,365461.0
14:36,111.13,111.13,110.96,111.03,489713.0
14:37,111.16,111.2,111.1,111.12,540025.0
14:38,111.25,111.3,111.15,111.16,675585.0
14:39,111.35,111.36,111.23,111.25,586851.0
14:40,111.37,111.44,111.34,111.35,589774.0
14:41,111.23,111.41,111.23,111.38,582705.0
14:42,111.29,111.33,111.23,111.24,351820.0
14:43,111.31,111.34,111.26,111.3,326524.0
14:44,111.25,111.32,111.23,111.31,272726.0
14:45,111.25,111.32,111.23,111.25,344672.0
14:46,111.04,111.27,111.01,111.25,729902.0
14:47,111.14,111.14,111.03,111.04,367219.0
14:48,111.22,111.24,111.08,111.13,340400.0
14:49,111.26,111.28,111.2,111.22,310670.0
14:50,111.1,111.26,111.08,111.25,467456.0
14:51,111.06,111.14,111.04,111.11,462538.0
14:52,111.0,111.09,110.98,111.06,517615.0
14:53,111.1,111.14,110.9,110.98,665771.0
14:54,111.33,111.35,111.1,111.11,579864.0
14:55,111.28,111.38,111.18,111.33,617570.0
14:56,111.05,111.3,111.01,111.28,537070.0
14:57,111.1,111.13,111.02,111.04,338177.0
14:58,111.18,111.21,111.09,111.1,369090.0
14:59,111.09,111.19,111.07,111.18,272294.0
15:00,111.11,111.15,111.0,111.09,403466.0
15:01,111.14,111.18,111.1,111.11,285977.0
15:02,111.1,111.19,111.09,111.13,251206.0
15:03,111.14,111.14,111.05,111.11,254743.0
15:04,111.11,111.18,111.09,111.12,258361.0
15:05,111.03,111.12,110.97,111.11,437822.0
15:06,110.97,111.06,110.92,111.03,358177.0
15:07,111.02,111.05,110.9,110.98,482176.0
15:08,110.87,111.03,110.84,111.01,474971.0
15:09,110.88,110.93,110.85,110.88,255002.0
15:10,110.86,110.92,110.85,110.88,246546.0
15:11,110.65,110.86,110.64,110.86,653697.0
15:12,110.67,110.77,110.63,110.64,504413.0
15:13,110.65,110.72,110.6,110.67,470894.0
15:14,110.79,110.79,110.65,110.66,405124.0
15:15,110.71,110.84,110.69,110.78,376182.0
15:16,110.88,110.9,110.7,110.71,433887.0
15:17,110.98,111.01,110.87,110.89,678606.0
15:18,110.94,111.05,110.87,111.0,439978.0
15:19,110.88,111.0,110.85,110.94,327656.0
15:20,110.82,110.91,110.8,110.89,316625.0
15:21,111.01,111.01,110.81,110.82,416590.0
15:22,110.96,111.04,110.92,111.01,369146.0
15:23,110.99,111.0,110.93,110.97,253793.0
15:24,111.02,111.02,110.97,110.99,288208.0
15:25,110.89,111.03,110.89,111.02,305278.0
15:26,110.88,110.93,110.83,110.89,370901.0
15:27,110.89,110.92,110.84,110.89,313076.0
15:28,110.79,110.91,110.74,110.89,463753.0
15:29,110.74,110.81,110.68,110.79,488175.0
15:30,110.67,110.74,110.54,110.74,768817.0
15:31,110.61,110.74,110.61,110.67,508510.0
15:32,110.61,110.68,110.5,110.61,551112.0
15:33,110.64,110.75,110.6,110.61,530571.0
15:34,110.55,110.68,110.55,110.65,393666.0
15:35,110.59,110.72,110.52,110.56,558389.0
15:36,110.43,110.64,110.42,110.59,607742.0
15:37,110.31,110.44,110.28,110.43,708019.0
15:38,110.35,110.4,110.24,110.3,527186.0
15:39,110.33,110.39,110.28,110.34,420079.0
15:40,110.31,110.45,110.26,110.34,563806.0
15:41,110.26,110.36,110.22,110.32,394096.0
15:42,110.54,110.55,110.26,110.26,611631.0
15:43,110.47,110.55,110.45,110.54,508158.0
15:44,110.5,110.52,110.44,110.46,328424.0
15:45,110.45,110.54,110.38,110.51,731631.0
15:46,110.29,110.47,110.22,110.44,688479.0
15:47,110.28,110.33,110.2,110.29,480277.0
15:48,110.36,110.41,110.28,110.29,461903.0
15:49,110.39,110.39,110.29,110.37,364815.0
15:50,110.74,110.74,110.39,110.39,1154189.0
15:51,110.67,110.74,110.61,110.74,647271.0
15:52,110.74,110.74,110.66,110.68,577765.0
15:53,110.75,110.79,110.69,110.74,716898.0
15:54,110.8,110.84,110.7,110.75,965326.0
15:55,110.74,110.89,110.65,110.81,1191717.0
15:56,110.78,110.84,110.73,110.73,948477.0
15:57,110.86,110.88,110.77,110.78,1145522.0
15:58,110.81,110.88,110.8,110.85,1305807.0
15:59,110.96,111.0,110.8,110.81,3712642.0
