Time,Close,High,Low,Open,Volume
09:30,163.96,164.37,163.85,164.36,11497024.0
09:31,163.89,164.11,163.72,163.96,1135070.0
09:32,163.59,163.93,163.35,163.89,1629560.0
09:33,163.57,163.62,163.32,163.58,877052.0
09:34,163.32,163.62,163.22,163.56,1014743.0
09:35,163.55,163.66,163.19,163.32,1157233.0
09:36,163.51,163.6,163.31,163.55,741613.0
09:37,163.43,163.54,163.35,163.51,756453.0
09:38,163.55,163.55,163.3,163.43,864930.0
09:39,163.69,163.72,163.4,163.57,896546.0
09:40,163.49,163.65,163.49,163.51,683674.0
09:41,163.48,163.62,163.39,163.49,584411.0
09:42,163.54,163.65,163.45,163.47,468588.0
09:43,163.81,163.87,163.5,163.54,772670.0
09:44,164.04,164.09,163.8,163.8,1071511.0
09:45,163.96,164.1,163.88,164.04,788471.0
09:46,163.91,164.02,163.83,163.96,515484.0
09:47,163.9,163.97,163.8,163.91,430366.0
09:48,163.65,163.96,163.64,163.89,654873.0
09:49,163.49,163.7,163.4,163.64,887086.0
09:50,163.55,163.59,163.33,163.49,632502.0
09:51,163.57,163.66,163.49,163.55,438937.0
09:52,163.37,163.6,163.35,163.57,466257.0
09:53,163.37,163.38,163.26,163.27,801413.0
09:54,163.39,163.49,163.29,163.37,538481.0
09:55,163.07,163.46,163.04,163.4,688662.0
09:56,162.88,163.1,162.85,163.07,1339641.0
09:57,162.71,162.89,162.63,162.89,876194.0
09:58,162.41,162.71,162.32,162.71,1299005.0
09:59,162.9,163.02,162.31,162.41,1429850.0
10:00,162.65,163.0,162.61,162.9,953694.0
10:01,162.68,162.84,162.52,162.65,698147.0
10:02,162.87,162.93,162.66,162.68,580654.0
10:03,162.56,162.87,162.5,162.87,688996.0
10:04,162.52,162.59,162.4,162.55,711859.0
10:05,162.32,162.67,162.29,162.51,700072.0
10:06,162.07,162.32,161.89,162.31,1455998.0
10:07,162.32,162.33,161.95,162.03,719543.0
10:08,162.34,162.37,162.16,162.32,596478.0
10:09,162.32,162.35,162.21,162.34,426348.0
10:10,162.51,162.55,162.29,162.32,557731.0
10:11,162.32,162.55,162.2,162.52,577961.0
10:12,162.39,162.39,162.11,162.31,514121.0
10:13,162.27,162.43,162.2,162.37,368052.0
10:14,162.12,162.29,162.05,162.27,672433.0
10:15,162.35,162.41,162.05,162.12,592033.0
10:16,162.46,162.47,162.3,162.37,440955.0
10:17,162.69,162.73,162.44,162.46,682044.0
10:18,162.71,162.77,162.64,162.7,602207.0
10:19,162.74,162.76,162.58,162.71,472232.0
10:20,162.63,162.78,162.59,162.74,477077.0
10:21,162.65,162.74,162.56,162.61,397793.0
10:22,162.63,162.75,162.54,162.66,336114.0
10:23,162.46,162.75,162.43,162.63,489030.0
10:24,162.36,162.61,162.33,162.54,649380.0
10:25,162.27,162.46,162.24,162.45,809729.0
10:26,162.33,162.39,162.16,162.27,396615.0
10:27,162.23,162.38,162.21,162.34,273105.0
10:28,162.38,162.52,162.09,162.24,780569.0
10:29,162.41,162.43,162.26,162.38,372822.0
10:30,162.54,162.61,162.37,162.4,389961.0
10:31,162.31,162.6,162.25,162.54,507537.0
10:32,162.2,162.34,162.17,162.32,326210.0
10:33,162.21,162.31,162.14,162.21,401674.0
10:34,162.23,162.23,162.14,162.21,271613.0
10:35,162.32,162.39,162.15,162.24,365096.0
10:36,162.35,162.43,162.31,162.32,301168.0
10:37,162.52,162.54,162.34,162.35,396325.0
10:38,162.57,162.67,162.49,162.53,405610.0
10:39,162.57,162.67,162.54,162.58,440123.0
10:40,162.6,162.61,162.52,162.54,292809.0
10:41,162.48,162.62,162.47,162.6,434839.0
10:42,162.41,162.51,162.35,162.48,407200.0
10:43,162.33,162.49,162.33,162.41,264848.0
10:44,162.25,162.4,162.25,162.34,352947.0
10:45,162.23,162.38,162.22,162.26,352475.0
10:46,162.2,162.27,162.1,162.23,493480.0
10:47,162.33,162.36,162.18,162.18,287231.0
10:48,162.46,162.48,162.31,162.33,288227.0
10:49,162.43,162.53,162.42,162.46,304967.0
10:50,162.57,162.59,162.43,162.43,289104.0
10:51,162.61,162.65,162.57,162.57,308167.0
10:52,162.6,162.67,162.52,162.6,308923.0
10:53,162.79,162.8,162.6,162.61,450050.0
10:54,162.68,162.8,162.65,162.78,347408.0
10:55,162.63,162.68,162.54,162.68,335742.0
10:56,162.58,162.69,162.58,162.6,348539.0
10:57,162.65,162.66,162.54,162.6,198278.0
10:58,162.55,162.65,162.5,162.64,202134.0
10:59,162.47,162.56,162.45,162.54,219515.0
11:00,162.34,162.47,162.31,162.46,303346.0
11:01,162.37,162.37,162.26,162.35,314274.0
11:02,162.43,162.54,162.33,162.36,438220.0
11:03,162.27,162.45,162.24,162.43,266911.0
11:04,162.24,162.32,162.2,162.28,269495.0
11:05,162.35,162.38,162.22,162.24,313093.0
11:06,162.45,162.45,162.35,162.36,229735.0
11:07,162.4,162.48,162.37,162.46,208938.0
11:08,162.41,162.43,162.3,162.39,243295.0
11:09,162.34,162.43,162.3,162.4,268639.0
11:10,162.31,162.36,162.19,162.34,293743.0
11:11,162.21,162.41,162.2,162.32,288317.0
11:12,162.08,162.21,161.91,162.21,2234566.0
11:13,161.67,162.1,161.61,162.1,833462.0
11:14,161.7,161.73,161.61,161.66,695688.0
11:15,161.65,161.78,161.63,161.7,366474.0
11:16,161.93,161.93,161.63,161.66,460009.0
11:17,162.0,162.08,161.91,161.93,424704.0
11:18,161.9,162.03,161.9,162.02,413644.0
11:19,161.94,161.96,161.8,161.91,294898.0
11:20,161.85,161.98,161.8,161.94,282573.0
11:21,162.1,162.14,161.84,161.85,323019.0
11:22,162.09,162.18,162.06,162.1,281351.0
11:23,162.29,162.29,162.08,162.1,373932.0
11:24,162.41,162.41,162.26,162.28,321428.0
11:25,162.38,162.53,162.35,162.4,489601.0
11:26,162.55,162.57,162.38,162.38,423381.0
11:27,162.62,162.68,162.54,162.55,368475.0
11:28,162.66,162.7,162.56,162.62,332604.0
11:29,162.6,162.74,162.54,162.66,358230.0
11:30,162.65,162.7,162.59,162.6,243974.0
11:31,162.73,162.74,162.62,162.65,380587.0
11:32,162.63,162.74,162.62,162.73,247354.0
11:33,162.67,162.74,162.61,162.63,303342.0
11:34,162.63,162.7,162.6,162.68,262966.0
11:35,162.91,162.93,162.62,162.63,787973.0
11:36,162.82,163.01,162.81,162.9,655003.0
11:37,162.74,162.85,162.72,162.83,342918.0
11:38,162.78,162.81,162.71,162.74,200014.0
11:39,162.74,162.8,162.71,162.79,179548.0
11:40,162.68,162.76,162.63,162.74,246190.0
11:41,162.7,162.76,162.67,162.67,257017.0
11:42,162.73,162.78,162.69,162.7,238280.0
11:43,162.82,162.84,162.72,162.73,207336.0
11:44,162.9,162.9,162.76,162.83,241004.0
11:45,162.83,162.95,162.81,162.9,315518.0
11:46,162.76,162.85,162.74,162.83,194184.0
11:47,162.87,162.89,162.75,162.77,173828.0
11:48,162.94,163.0,162.86,162.88,355525.0
11:49,162.95,162.99,162.9,162.95,220921.0
11:50,162.88,162.98,162.86,162.95,186694.0
11:51,162.9,162.96,162.85,162.88,159886.0
11:52,163.03,163.03,162.87,162.9,333473.0
11:53,163.01,163.04,162.98,163.02,224736.0
11:54,163.07,163.13,162.99,163.01,421513.0
11:55,163.23,163.24,163.06,163.06,335789.0
11:56,163.15,163.25,163.13,163.23,351122.0
11:57,163.07,163.2,163.05,163.16,288702.0
11:58,162.98,163.14,162.98,163.07,264144.0
11:59,163.02,163.04,162.96,162.98,246321.0
12:00,162.96,163.04,162.93,163.02,232016.0
12:01,163.01,163.03,162.83,162.95,351875.0
12:02,162.92,163.05,162.88,163.0,254817.0
12:03,162.93,162.93,162.86,162.91,179395.0
12:04,162.93,162.98,162.9,162.93,173875.0
12:05,163.0,163.03,162.91,162.94,217075.0
12:06,162.93,163.01,162.9,163.0,208824.0
12:07,162.9,162.95,162.86,162.93,231661.0
12:08,162.87,162.9,162.83,162.88,303931.0
12:09,162.84,162.86,162.81,162.83,376201.0
12:10,162.8,162.91,162.79,162.84,281595.0
12:11,162.74,162.83,162.68,162.8,285966.0
12:12,162.62,162.74,162.6,162.73,305639.0
12:13,162.74,162.78,162.6,162.62,279646.0
12:14,162.75,162.76,162.64,162.74,165980.0
12:15,162.67,162.8,162.63,162.74,260681.0
12:16,162.62,162.68,162.57,162.68,206005.0
12:17,162.66,162.7,162.59,162.63,178614.0
12:18,162.73,162.75,162.63,162.67,170186.0
12:19,162.79,162.81,162.69,162.73,160701.0
12:20,162.82,162.84,162.74,162.79,178899.0
12:21,162.94,162.94,162.8,162.82,223225.0
12:22,162.98,163.0,162.9,162.94,205961.0
12:23,163.03,163.05,162.98,162.99,200047.0
12:24,163.09,163.09,163.0,163.05,221160.0
12:25,163.23,163.3,163.07,163.08,627562.0
12:26,163.24,163.32,163.21,163.22,294394.0
12:27,163.17,163.26,163.14,163.23,296825.0
12:28,163.2,163.24,163.15,163.16,205986.0
12:29,163.27,163.28,163.18,163.2,223853.0
12:30,163.26,163.35,163.22,163.28,336635.0
12:31,163.2,163.26,163.18,163.26,239205.0
12:32,163.2,163.24,163.18,163.2,174065.0
12:33,163.18,163.2,163.1,163.19,297974.0
12:34,163.15,163.19,163.14,163.18,176738.0
12:35,163.06,163.18,163.0,163.16,462799.0
12:36,163.15,163.2,163.06,163.06,286947.0
12:37,163.24,163.24,163.14,163.16,199622.0
12:38,163.21,163.27,163.2,163.24,238662.0
12:39,163.26,163.28,163.2,163.22,154878.0
12:40,163.36,163.37,163.23,163.26,196120.0
12:41,163.41,163.44,163.35,163.35,338866.0
12:42,163.45,163.45,163.41,163.41,261854.0
12:43,163.49,163.5,163.4,163.45,417164.0
12:44,163.49,163.5,163.42,163.48,187161.0
12:45,163.4,163.53,163.4,163.49,542736.0
12:46,163.4,163.44,163.37,163.41,236707.0
12:47,163.35,163.39,163.33,163.39,200088.0
12:48,163.29,163.38,163.26,163.35,242208.0
12:49,163.11,163.29,163.11,163.28,292831.0
12:50,163.2,163.29,163.18,163.29,400604.0
12:51,163.28,163.3,163.24,163.3,508376.0
12:52,163.28,163.3,163.25,163.28,213839.0
12:53,163.32,163.35,163.27,163.28,178899.0
12:54,163.32,163.39,163.3,163.33,162436.0
12:55,163.32,163.35,163.25,163.32,166831.0
12:56,163.32,163.37,163.26,163.32,167610.0
12:57,163.35,163.37,163.29,163.32,143823.0
12:58,163.31,163.38,163.29,163.34,171289.0
12:59,163.23,163.35,163.2,163.31,162230.0
13:00,163.26,163.29,163.21,163.22,101159.0
13:01,163.25,163.32,163.24,163.26,126164.0
13:02,163.23,163.26,163.21,163.25,154104.0
13:03,163.29,163.29,163.2,163.22,138993.0
13:04,163.32,163.32,163.26,163.29,85575.0
13:05,163.29,163.31,163.28,163.31,22904.0
13:06,163.24,163.32,163.21,163.31,278793.0
13:07,163.3,163.3,163.23,163.24,116112.0
13:08,163.3,163.33,163.26,163.3,116136.0
13:09,163.35,163.41,163.29,163.3,190601.0
13:10,163.36,163.37,163.32,163.35,117688.0
13:11,163.38,163.4,163.35,163.37,170908.0
13:12,163.35,163.4,163.34,163.38,154310.0
13:13,163.32,163.38,163.29,163.36,260369.0
13:14,163.32,163.38,163.32,163.32,145617.0
13:15,163.29,163.33,163.27,163.33,144056.0
13:16,163.23,163.32,163.23,163.29,144632.0
13:17,163.27,163.35,163.27,163.31,207832.0
13:18,163.3,163.38,163.3,163.32,271031.0
13:19,163.29,163.33,163.26,163.31,157890.0
13:20,163.24,163.32,163.23,163.29,111390.0
13:21,163.31,163.32,163.2,163.25,151637.0
13:22,163.34,163.36,163.28,163.31,174762.0
13:23,163.34,163.37,163.31,163.35,113452.0
13:24,163.43,163.45,163.33,163.35,262243.0
13:25,163.46,163.48,163.36,163.43,218391.0
13:26,163.57,163.58,163.46,163.47,402942.0
13:27,163.57,163.66,163.55,163.57,409301.0
13:28,163.51,163.63,163.5,163.56,233956.0
13:29,163.45,163.54,163.4,163.52,233556.0
13:30,163.45,163.45,163.39,163.45,128792.0
13:31,163.46,163.48,163.41,163.46,135775.0
13:32,163.54,163.56,163.46,163.47,170722.0
13:33,163.53,163.6,163.52,163.54,183324.0
13:34,163.54,163.6,163.5,163.52,126156.0
13:35,163.46,163.55,163.44,163.54,183757.0
13:36,163.54,163.55,163.46,163.47,198929.0
13:37,163.53,163.62,163.51,163.54,190786.0
13:38,163.74,163.75,163.68,163.68,730683.0
13:39,163.89,163.92,163.73,163.75,984187.0
13:40,164.01,164.03,163.85,163.89,2820618.0
13:41,164.01,164.06,164.0,164.01,404024.0
13:42,164.0,164.03,163.98,164.01,317727.0
13:43,164.01,164.04,163.94,164.01,368539.0
13:44,164.0,164.04,164.0,164.01,171253.0
13:45,164.01,164.06,164.0,164.01,216120.0
13:46,164.02,164.04,164.0,164.01,190319.0
13:47,164.02,164.05,163.91,164.02,482045.0
13:48,164.11,164.11,164.0,164.02,382410.0
13:49,164.11,164.15,164.06,164.1,309825.0
13:50,164.03,164.12,164.03,164.1,301260.0
13:51,164.18,164.19,164.03,164.04,287525.0
13:52,164.12,164.18,164.09,164.18,204857.0
13:53,164.03,164.12,164.03,164.12,206183.0
13:54,164.03,164.08,164.0,164.04,227167.0
13:55,164.01,164.05,164.0,164.03,144593.0
13:56,164.04,164.06,164.0,164.01,156420.0
13:57,164.02,164.04,163.99,164.04,180292.0
13:58,164.03,164.05,164.0,164.03,145782.0
13:59,164.03,164.04,163.99,164.02,176516.0
14:00,164.02,164.05,164.0,164.04,174863.0
14:01,164.02,164.06,163.99,164.02,315289.0
14:02,164.02,164.04,164.0,164.02,134037.0
14:03,164.01,164.08,163.99,164.02,244167.0
14:04,164.04,164.05,164.0,164.01,129789.0
14:05,164.17,164.24,164.04,164.04,488911.0
14:06,164.31,164.31,164.15,164.17,494654.0
14:07,164.41,164.46,164.29,164.3,1157925.0
14:08,164.41,164.49,164.38,164.42,704403.0
14:09,164.2,164.42,164.19,164.42,489909.0
14:10,164.09,164.22,164.07,164.19,306487.0
14:11,164.07,164.09,164.01,164.09,253516.0
14:12,164.02,164.1,163.98,164.07,345459.0
14:13,164.03,164.07,163.98,164.03,277773.0
14:14,164.02,164.09,164.02,164.04,215842.0
14:15,164.01,164.05,163.97,164.02,227548.0
14:16,164.08,164.13,164.0,164.01,245496.0
14:17,164.12,164.13,164.07,164.07,172493.0
14:18,164.09,164.15,164.06,164.12,151441.0
14:19,163.96,164.11,163.96,164.09,228153.0
14:20,163.93,164.01,163.9,163.96,468390.0
14:21,163.89,163.92,163.84,163.84,708628.0
14:22,163.82,163.9,163.81,163.88,212261.0
14:23,163.8,163.85,163.8,163.82,167951.0
14:24,163.76,163.84,163.71,163.8,380898.0
14:25,163.68,163.79,163.65,163.76,316327.0
14:26,163.68,163.73,163.65,163.68,235298.0
14:27,163.77,163.79,163.68,163.68,286938.0
14:28,163.76,163.84,163.75,163.77,247023.0
14:29,163.73,163.76,163.71,163.76,150835.0
14:30,163.74,163.75,163.68,163.73,183010.0
14:31,163.84,163.86,163.72,163.74,244495.0
14:32,163.91,163.92,163.81,163.83,323646.0
14:33,163.88,163.95,163.87,163.91,220310.0
14:34,163.89,163.94,163.87,163.88,186252.0
14:35,164.0,164.03,163.9,163.9,302367.0
14:36,163.91,164.0,163.89,164.0,158470.0
14:37,163.88,163.94,163.86,163.92,212149.0
14:38,163.84,163.91,163.83,163.88,149420.0
14:39,163.83,163.86,163.8,163.84,140950.0
14:40,163.87,163.91,163.83,163.84,149547.0
14:41,163.91,163.91,163.85,163.88,109954.0
14:42,163.95,163.98,163.91,163.91,206793.0
14:43,163.89,163.94,163.87,163.94,86198.0
14:44,163.78,163.88,163.75,163.88,283099.0
14:45,163.78,163.82,163.75,163.78,142426.0
14:46,163.72,163.79,163.72,163.77,135422.0
14:47,163.82,163.86,163.71,163.73,236848.0
14:48,163.8,163.83,163.79,163.82,108497.0
14:49,163.8,163.81,163.76,163.79,126759.0
14:50,163.79,163.84,163.77,163.8,117344.0
14:51,163.79,163.88,163.74,163.79,698978.0
14:52,163.74,163.83,163.74,163.8,174918.0
14:53,163.7,163.76,163.65,163.74,188795.0
14:54,163.74,163.76,163.69,163.7,157442.0
14:55,163.85,163.85,163.73,163.74,224246.0
14:56,163.79,163.85,163.78,163.85,157117.0
14:57,163.78,163.8,163.74,163.79,124075.0
14:58,163.77,163.79,163.75,163.77,144962.0
14:59,163.75,163.79,163.73,163.77,137051.0
15:00,163.85,163.87,163.73,163.76,210887.0
15:01,163.83,163.87,163.81,163.85,183931.0
15:02,163.88,163.9,163.81,163.85,178454.0
15:03,163.92,163.94,163.85,163.88,214940.0
15:04,163.83,163.94,163.83,163.93,151133.0
15:05,163.84,163.85,163.78,163.84,207284.0
15:06,163.8,163.84,163.79,163.84,156266.0
15:07,163.78,163.84,163.78,163.8,133376.0
15:08,163.83,163.86,163.79,163.79,246161.0
15:09,163.84,163.84,163.79,163.82,125591.0
15:10,163.9,163.92,163.8,163.84,287350.0
15:11,163.88,163.91,163.87,163.9,355735.0
15:12,163.81,163.89,163.8,163.88,165200.0
15:13,163.8,163.86,163.78,163.8,233080.0
15:14,163.86,163.9,163.8,163.81,185393.0
15:15,164.01,164.04,163.84,163.85,540320.0
15:16,164.04,164.17,163.97,164.01,614540.0
15:17,164.12,164.13,163.98,164.05,347769.0
15:18,164.11,164.13,164.07,164.13,227711.0
15:19,164.17,164.17,164.03,164.11,312354.0
15:20,164.29,164.32,164.16,164.16,612550.0
15:21,164.01,164.32,164.01,164.28,509488.0
15:22,164.04,164.07,163.98,164.02,340014.0
15:23,164.04,164.08,163.98,164.05,265021.0
15:24,164.07,164.08,164.01,164.05,300223.0
15:25,164.07,164.12,164.02,164.06,194285.0
15:26,164.0,164.13,163.99,164.08,259777.0
15:27,163.99,164.05,163.96,164.0,244744.0
15:28,163.97,164.03,163.97,164.0,198414.0
15:29,164.06,164.09,163.97,163.98,178540.0
15:30,163.94,164.07,163.88,164.06,371990.0
15:31,163.99,164.01,163.93,163.93,198242.0
15:32,164.1,164.13,163.97,163.99,311003.0
15:33,164.05,164.1,164.03,164.1,213432.0
15:34,164.03,164.07,164.0,164.05,270339.0
15:35,164.11,164.13,164.02,164.02,486855.0
15:36,164.07,164.12,164.05,164.11,327321.0
15:37,164.04,164.12,164.01,164.06,224557.0
15:38,164.01,164.09,164.01,164.04,192458.0
15:39,164.04,164.07,164.0,164.01,355464.0
15:40,164.18,164.2,164.03,164.04,371947.0
15:41,164.13,164.2,164.12,164.18,293601.0
15:42,164.13,164.17,164.1,164.12,353620.0
15:43,164.15,164.19,164.11,164.12,260943.0
15:44,164.16,164.19,164.14,164.15,229378.0
15:45,164.18,164.2,164.15,164.16,268955.0
15:46,164.2,164.28,164.16,164.19,425105.0
15:47,164.23,164.26,164.19,164.2,386486.0
15:48,164.24,164.27,164.18,164.24,327959.0
15:49,164.26,164.28,164.2,164.23,374125.0
15:50,164.16,164.28,163.86,164.27,1167847.0
15:51,163.99,164.18,163.98,164.17,1034824.0
15:52,163.88,164.01,163.8,163.99,622551.0
15:53,164.02,164.05,163.87,163.88,532685.0
15:54,164.13,164.2,164.0,164.02,751377.0
15:55,164.16,164.24,164.13,164.14,751579.0
15:56,164.18,164.25,164.15,164.15,866949.0
15:57,164.18,164.21,164.15,164.19,559070.0
15:58,164.11,164.22,164.08,164.19,686851.0
15:59,164.1,164.16,164.0,164.1,1649841.0
