Time,Close,High,Low,Open,Volume
09:30,155.46,156.0,155.3,155.38,16335922.0
09:31,154.94,155.58,154.75,155.45,2785673.0
09:32,154.89,155.0,154.5,154.94,1820364.0
09:33,154.9,155.0,154.51,154.9,1335082.0
09:34,155.11,155.14,155.03,155.08,1642282.0
09:35,155.19,155.46,155.03,155.13,1467019.0
09:36,155.13,155.25,154.74,155.19,1582956.0
09:37,154.76,155.19,154.72,155.12,932860.0
09:38,154.83,154.96,154.62,154.75,927521.0
09:39,154.95,154.98,154.54,154.84,972867.0
09:40,154.76,154.98,154.71,154.96,698619.0
09:41,154.42,155.0,154.35,154.76,1211776.0
09:42,154.22,154.6,154.16,154.43,1176537.0
09:43,154.48,154.55,154.15,154.22,1045929.0
09:44,154.95,154.96,154.45,154.47,1061424.0
09:45,154.68,155.09,154.63,154.96,1361817.0
09:46,155.01,155.02,154.64,154.7,805435.0
09:47,154.85,155.15,154.82,155.01,799162.0
09:48,154.75,154.88,154.6,154.85,784995.0
09:49,154.63,154.75,154.55,154.74,551226.0
09:50,154.14,154.65,154.05,154.63,1339169.0
09:51,154.07,154.28,154.04,154.13,917826.0
09:52,154.24,154.29,154.04,154.08,738367.0
09:53,154.59,154.62,154.12,154.25,849336.0
09:54,154.8,154.87,154.53,154.6,884252.0
09:55,154.94,154.98,154.69,154.79,726808.0
09:56,155.04,155.06,154.91,154.95,665935.0
09:57,155.18,155.36,155.04,155.05,1062411.0
09:58,155.54,155.57,155.17,155.17,1171511.0
09:59,155.77,155.83,155.53,155.54,1287875.0
10:00,155.83,155.99,155.77,155.77,1517100.0
10:01,155.61,155.89,155.6,155.85,879897.0
10:02,155.84,155.88,155.57,155.62,646868.0
10:03,155.96,155.99,155.78,155.84,817051.0
10:04,156.1,156.2,155.86,155.95,1604658.0
10:05,155.96,156.17,155.91,156.1,811956.0
10:06,155.79,156.07,155.74,155.95,744240.0
10:07,155.6,155.66,155.22,155.57,2112527.0
10:08,155.66,155.81,155.55,155.6,617944.0
10:09,155.79,155.82,155.63,155.66,536370.0
10:10,155.87,155.99,155.74,155.79,582441.0
10:11,156.16,156.17,155.85,155.87,828747.0
10:12,156.11,156.24,156.03,156.16,802299.0
10:13,156.11,156.16,156.04,156.11,541263.0
10:14,155.85,156.12,155.77,156.12,669982.0
10:15,155.94,155.98,155.79,155.84,553701.0
10:16,156.03,156.09,155.91,155.94,563231.0
10:17,155.99,156.14,155.95,156.03,451590.0
10:18,156.03,156.09,155.95,155.99,340383.0
10:19,155.96,156.03,155.86,156.03,514250.0
10:20,155.98,156.11,155.88,155.96,600775.0
10:21,156.07,156.1,155.96,155.98,478616.0
10:22,156.14,156.28,156.04,156.07,991007.0
10:23,156.11,156.15,155.86,156.15,882862.0
10:24,156.29,156.3,156.08,156.12,536145.0
10:25,156.14,156.34,156.06,156.29,597007.0
10:26,156.33,156.4,156.09,156.12,642184.0
10:27,156.38,156.43,156.29,156.32,520811.0
10:28,156.38,156.47,156.22,156.38,650162.0
10:29,156.45,156.46,156.43,156.44,497705.0
10:30,156.6,156.69,156.35,156.45,1218213.0
10:31,156.69,156.71,156.45,156.59,829253.0
10:32,156.54,156.71,156.53,156.68,837483.0
10:33,156.45,156.59,156.45,156.54,492403.0
10:34,156.46,156.55,156.4,156.45,486233.0
10:35,156.52,156.53,156.3,156.46,556245.0
10:36,156.26,156.54,156.22,156.51,485293.0
10:37,156.3,156.43,156.24,156.26,353819.0
10:38,156.32,156.39,156.28,156.31,381323.0
10:39,156.37,156.4,156.24,156.32,326442.0
10:40,156.28,156.38,156.2,156.37,396243.0
10:41,156.27,156.32,156.14,156.28,477405.0
10:42,156.17,156.32,156.15,156.27,380397.0
10:43,156.05,156.21,156.02,156.17,477861.0
10:44,156.1,156.11,156.0,156.06,399982.0
10:45,155.85,156.11,155.83,156.1,894219.0
10:46,156.01,156.05,155.76,155.84,647078.0
10:47,156.09,156.11,155.95,156.0,893444.0
10:48,155.93,156.12,155.93,156.1,372831.0
10:49,155.87,155.96,155.82,155.94,433695.0
10:50,155.76,155.93,155.75,155.87,433261.0
10:51,155.71,155.79,155.6,155.77,584753.0
10:52,155.74,155.83,155.7,155.72,374896.0
10:53,155.88,155.88,155.74,155.76,278539.0
10:54,155.91,155.91,155.78,155.88,341506.0
10:55,155.73,155.91,155.71,155.9,423712.0
10:56,155.7,155.77,155.6,155.74,358197.0
10:57,155.62,155.8,155.59,155.7,527829.0
10:58,155.51,155.65,155.5,155.61,513315.0
10:59,155.49,155.51,155.38,155.38,773826.0
11:00,155.61,155.63,155.31,155.49,548395.0
11:01,155.49,155.67,155.47,155.6,608447.0
11:02,155.59,155.59,155.43,155.5,419781.0
11:03,155.6,155.66,155.54,155.59,310342.0
11:04,155.61,155.65,155.56,155.6,236317.0
11:05,155.57,155.73,155.57,155.6,448031.0
11:06,155.59,155.62,155.43,155.58,432837.0
11:07,155.77,155.78,155.55,155.59,356818.0
11:08,155.6,155.66,155.59,155.62,224491.0
11:09,155.68,155.7,155.67,155.69,478914.0
11:10,155.65,155.76,155.63,155.67,317317.0
11:11,155.85,155.85,155.65,155.65,653096.0
11:12,155.84,155.88,155.81,155.85,988875.0
11:13,155.8,155.81,155.74,155.79,239982.0
11:14,155.69,155.72,155.66,155.71,530171.0
11:15,155.79,155.84,155.65,155.68,255104.0
11:16,155.89,155.89,155.79,155.79,623199.5
11:17,155.97,155.97,155.88,155.89,991295.0
11:18,155.95,155.99,155.95,155.97,28297.0
11:19,155.8,155.82,155.77,155.78,775329.0
11:20,155.76,155.78,155.73,155.76,601236.0
11:21,155.65,155.66,155.63,155.64,458204.0
11:22,155.71,155.74,155.64,155.66,205669.0
11:23,155.56,155.71,155.56,155.71,398717.0
11:24,155.55,155.6,155.55,155.56,591765.0
11:25,155.5,155.62,155.48,155.62,565083.0
11:26,155.39,155.59,155.38,155.49,415472.0
11:27,155.27,155.4,155.22,155.4,716915.0
11:28,155.05,155.3,155.03,155.28,533243.0
11:29,154.96,155.07,154.79,155.05,1018108.0
11:30,154.94,154.98,154.81,154.95,561750.0
11:31,154.96,155.07,154.87,154.95,507344.0
11:32,154.95,155.0,154.82,154.97,582020.0
11:33,155.08,155.12,154.91,154.94,377330.0
11:34,155.1,155.19,155.06,155.09,513987.0
11:35,155.2,155.22,155.08,155.1,399963.0
11:36,155.32,155.32,155.16,155.2,429045.0
11:37,155.45,155.49,155.27,155.31,459315.0
11:38,155.3,155.5,155.28,155.45,363103.0
11:39,155.38,155.38,155.26,155.3,315012.0
11:40,155.32,155.42,155.31,155.38,263542.0
11:41,155.31,155.33,155.2,155.32,326714.0
11:42,155.37,155.45,155.3,155.31,276514.0
11:43,155.35,155.42,155.32,155.36,173161.0
11:44,155.28,155.38,155.24,155.35,215705.0
11:45,155.35,155.39,155.26,155.28,203737.0
11:46,155.41,155.42,155.34,155.36,206393.0
11:47,155.35,155.42,155.32,155.42,190857.0
11:48,155.41,155.41,155.33,155.34,205744.0
11:49,155.35,155.42,155.28,155.41,291262.0
11:50,155.4,155.4,155.27,155.35,216838.0
11:51,155.43,155.45,155.33,155.39,233711.0
11:52,155.35,155.44,155.33,155.43,154744.0
11:53,155.4,155.46,155.34,155.35,194936.0
11:54,155.49,155.55,155.4,155.4,412475.0
11:55,155.37,155.51,155.36,155.49,249601.0
11:56,155.38,155.41,155.32,155.37,154718.0
11:57,155.41,155.44,155.35,155.38,152009.0
11:58,155.41,155.46,155.4,155.4,178792.0
11:59,155.37,155.43,155.35,155.42,296200.0
12:00,155.39,155.41,155.32,155.37,259975.0
12:01,155.46,155.5,155.35,155.38,281983.0
12:02,155.6,155.62,155.45,155.45,373278.0
12:03,155.61,155.65,155.53,155.6,351124.0
12:04,155.55,155.65,155.54,155.62,268188.0
12:05,155.64,155.64,155.5,155.55,264152.0
12:06,155.64,155.66,155.57,155.65,279980.0
12:07,155.65,155.66,155.56,155.63,239748.0
12:08,155.7,155.73,155.63,155.66,327479.0
12:09,155.62,155.72,155.6,155.7,232622.0
12:10,155.57,155.63,155.52,155.62,185761.0
12:11,155.54,155.59,155.5,155.57,231288.0
12:12,155.54,155.64,155.53,155.54,205037.0
12:13,155.46,155.56,155.45,155.54,214152.0
12:14,155.43,155.48,155.42,155.48,187165.0
12:15,155.43,155.45,155.34,155.44,304633.0
12:16,155.32,155.45,155.29,155.43,207472.0
12:17,155.39,155.4,155.26,155.32,256597.0
12:18,155.35,155.38,155.33,155.38,152240.0
12:19,155.41,155.42,155.35,155.35,187493.0
12:20,155.46,155.5,155.4,155.41,201436.0
12:21,155.48,155.49,155.44,155.46,173590.0
12:22,155.48,155.54,155.46,155.49,278962.0
12:23,155.48,155.54,155.48,155.49,199815.0
12:24,155.49,155.49,155.41,155.49,222267.0
12:25,155.57,155.61,155.49,155.49,274157.0
12:26,155.61,155.65,155.57,155.57,200928.0
12:27,155.56,155.63,155.53,155.6,174518.0
12:28,155.6,155.62,155.55,155.56,168527.0
12:29,155.62,155.64,155.56,155.61,225600.0
12:30,155.64,155.67,155.57,155.62,219565.0
12:31,155.63,155.7,155.61,155.64,244227.0
12:32,155.55,155.64,155.54,155.63,257851.0
12:33,155.52,155.6,155.51,155.55,218668.0
12:34,155.52,155.55,155.49,155.51,176226.0
12:35,155.41,155.54,155.39,155.52,319602.0
12:36,155.24,155.43,155.23,155.41,425026.0
12:37,155.19,155.26,155.12,155.24,422213.0
12:38,155.27,155.27,155.13,155.2,369375.0
12:39,155.23,155.29,155.22,155.26,203872.0
12:40,155.18,155.27,155.18,155.23,185761.0
12:41,155.31,155.38,155.16,155.17,275672.0
12:42,155.37,155.38,155.25,155.32,225526.0
12:43,155.46,155.46,155.32,155.38,260536.0
12:44,155.41,155.52,155.38,155.46,226648.0
12:45,155.43,155.44,155.34,155.41,188636.0
12:46,155.45,155.49,155.41,155.43,215923.0
12:47,155.39,155.46,155.37,155.45,127045.0
12:48,155.46,155.48,155.35,155.39,147600.0
12:49,155.39,155.47,155.37,155.46,169982.0
12:50,155.43,155.47,155.35,155.37,191838.0
12:51,155.4,155.48,155.37,155.43,206418.0
12:52,155.4,155.46,155.38,155.4,151861.0
12:53,155.45,155.47,155.4,155.42,140036.0
12:54,155.43,155.47,155.41,155.43,119384.0
12:55,155.34,155.43,155.31,155.43,216124.0
12:56,155.43,155.44,155.31,155.34,163611.0
12:57,155.37,155.45,155.33,155.43,213709.0
12:58,155.43,155.45,155.36,155.37,139064.0
12:59,155.49,155.49,155.43,155.43,180017.0
13:00,155.34,155.49,155.31,155.48,264834.0
13:01,155.48,155.56,155.42,155.51,443328.0
13:02,155.62,155.63,155.53,155.54,621822.0
13:03,155.71,155.73,155.59,155.62,345644.0
13:04,155.82,155.85,155.69,155.71,397314.0
13:05,155.76,155.84,155.7,155.82,306805.0
13:06,155.8,155.82,155.72,155.76,267371.0
13:07,155.81,155.84,155.79,155.8,160213.0
13:08,155.87,155.89,155.79,155.81,268305.0
13:09,155.81,155.91,155.79,155.87,263564.0
13:10,155.88,155.88,155.8,155.8,988934.0
13:11,155.89,155.9,155.79,155.88,232550.0
13:12,155.85,155.91,155.84,155.9,183187.0
13:13,155.91,155.94,155.84,155.85,233814.0
13:14,155.83,155.97,155.82,155.91,313833.0
13:15,155.9,155.92,155.81,155.84,249026.0
13:16,155.95,155.99,155.9,155.9,252424.0
13:17,156.02,156.03,155.91,155.95,609825.0
13:18,155.99,156.06,155.94,156.03,369910.0
13:19,155.97,155.99,155.93,155.99,198621.0
13:20,155.91,156.02,155.88,155.96,289498.0
13:21,155.93,155.98,155.9,155.91,207269.0
13:22,156.07,156.11,155.93,155.93,323368.0
13:23,155.98,156.09,155.96,156.07,227374.0
13:24,156.01,156.06,155.96,155.97,240019.0
13:25,156.04,156.06,155.99,156.0,171831.0
13:26,156.13,156.13,156.05,156.05,303514.0
13:27,156.16,156.18,156.1,156.12,333451.0
13:28,156.1,156.18,156.06,156.15,247714.0
13:29,156.03,156.1,155.96,156.1,360793.0
13:30,156.09,156.09,155.97,156.04,286751.0
13:31,156.12,156.15,156.05,156.09,613719.0
13:32,156.09,156.17,156.07,156.12,235611.0
13:33,156.1,156.11,156.03,156.09,170265.0
13:34,156.09,156.13,156.07,156.11,211600.0
13:35,156.06,156.11,156.04,156.1,212769.0
13:36,156.07,156.1,156.05,156.07,170780.0
13:37,156.04,156.09,156.04,156.07,156108.0
13:38,156.14,156.14,155.98,156.05,330758.0
13:39,156.18,156.18,156.11,156.14,285886.0
13:40,156.15,156.19,156.07,156.18,294311.0
13:41,156.04,156.18,156.02,156.15,229674.0
13:42,155.85,156.05,155.85,156.04,316164.0
13:43,155.76,155.87,155.76,155.85,337762.0
13:44,155.92,155.93,155.76,155.77,312929.0
13:45,155.92,155.96,155.91,155.93,229231.0
13:46,155.94,155.98,155.92,155.92,238071.0
13:47,155.96,156.02,155.93,155.94,252152.0
13:48,155.95,155.98,155.91,155.95,144612.0
13:49,155.98,156.02,155.94,155.96,244055.0
13:50,155.93,156.0,155.91,155.97,180798.0
13:51,156.01,156.02,155.92,155.92,161772.0
13:52,155.97,156.01,155.94,156.01,118748.0
13:53,155.99,156.0,155.91,155.97,175933.0
13:54,155.96,156.02,155.93,155.99,246290.0
13:55,156.01,156.02,155.94,155.95,319430.0
13:56,155.98,156.02,155.93,155.98,360494.0
13:57,155.94,156.01,155.91,156.01,401558.0
13:58,156.01,156.01,156.0,156.01,157948.0
13:59,155.95,156.01,155.93,156.01,136036.0
14:00,155.9,155.95,155.83,155.94,331162.0
14:01,155.99,156.0,155.9,155.9,180025.0
14:02,155.93,156.0,155.91,155.99,174006.0
14:03,155.97,155.98,155.9,155.93,159958.0
14:04,155.96,156.0,155.95,155.98,171143.0
14:05,156.06,156.15,155.91,155.96,610167.0
14:06,156.14,156.18,156.02,156.05,312228.0
14:07,156.25,156.26,156.12,156.14,435470.0
14:08,156.36,156.37,156.25,156.25,613539.0
14:09,156.39,156.46,156.35,156.36,549631.0
14:10,156.34,156.4,156.28,156.4,359449.0
14:11,156.43,156.44,156.32,156.33,250207.0
14:12,156.46,156.48,156.41,156.44,341797.0
14:13,156.36,156.49,156.32,156.46,410071.0
14:14,156.35,156.43,156.34,156.35,261893.0
14:15,156.32,156.38,156.28,156.35,292130.0
14:16,156.3,156.35,156.29,156.32,273213.0
14:17,156.27,156.31,156.25,156.3,258957.0
14:18,156.24,156.34,156.21,156.27,262288.0
14:19,156.3,156.34,156.24,156.24,315474.0
14:20,156.32,156.37,156.29,156.3,199898.0
14:21,156.27,156.35,156.24,156.35,211059.0
14:22,156.29,156.33,156.23,156.28,159610.0
14:23,156.32,156.36,156.26,156.29,249565.0
14:24,156.26,156.32,156.24,156.32,212376.0
14:25,156.17,156.26,156.12,156.25,323154.0
14:26,156.16,156.2,156.14,156.17,149504.0
14:27,156.12,156.23,156.12,156.17,186162.0
14:28,156.1,156.13,156.04,156.12,264140.0
14:29,156.04,156.11,156.01,156.11,338092.0
14:30,155.99,156.09,155.97,156.09,412043.0
14:31,155.98,156.08,155.97,155.99,246800.0
14:32,156.06,156.09,156.04,156.04,233759.0
14:33,156.04,156.09,156.0,156.07,222023.0
14:34,156.08,156.08,155.99,156.04,168156.0
14:35,156.03,156.09,156.01,156.08,151597.0
14:36,155.96,156.04,155.94,156.04,197150.0
14:37,155.9,156.01,155.9,155.96,208327.0
14:38,155.86,155.95,155.82,155.9,254883.0
14:39,155.89,155.98,155.87,155.87,292403.0
14:40,155.93,155.94,155.86,155.88,213378.0
14:41,155.91,155.96,155.89,155.94,196602.0
14:42,155.93,155.98,155.89,155.91,193374.0
14:43,155.88,155.94,155.86,155.92,228449.0
14:44,155.87,155.88,155.76,155.88,413031.0
14:45,155.96,155.96,155.86,155.88,220700.0
14:46,155.89,155.97,155.83,155.96,169770.0
14:47,155.88,155.95,155.87,155.88,177507.0
14:48,155.79,155.88,155.76,155.87,396971.0
14:49,155.79,155.79,155.71,155.79,356853.0
14:50,155.74,155.82,155.73,155.79,202556.0
14:51,155.78,155.84,155.74,155.75,184689.0
14:52,155.73,155.79,155.69,155.78,225947.0
14:53,155.74,155.75,155.66,155.72,264789.0
14:54,155.76,155.77,155.72,155.74,186376.0
14:55,155.7,155.79,155.66,155.76,355217.0
14:56,155.78,155.81,155.69,155.71,258978.0
14:57,155.74,155.78,155.68,155.77,224700.0
14:58,155.82,155.88,155.72,155.74,325866.0
14:59,155.83,155.9,155.82,155.83,248145.0
15:00,155.89,155.9,155.78,155.84,264770.0
15:01,155.88,155.95,155.87,155.89,277599.0
15:02,155.86,155.92,155.85,155.88,172919.0
15:03,155.79,155.89,155.73,155.86,304554.0
15:04,155.77,155.81,155.74,155.79,181873.0
15:05,155.73,155.76,155.67,155.76,281058.0
15:06,155.67,155.76,155.62,155.74,236799.0
15:07,155.65,155.77,155.63,155.67,394415.0
15:08,155.64,155.69,155.6,155.65,234209.0
15:09,155.66,155.69,155.6,155.63,273473.0
15:10,155.66,155.71,155.62,155.66,242444.0
15:11,155.65,155.7,155.65,155.66,187449.0
15:12,155.54,155.65,155.51,155.65,387700.0
15:13,155.56,155.6,155.48,155.54,285645.0
15:14,155.54,155.62,155.53,155.56,208337.0
15:15,155.5,155.55,155.47,155.55,230078.0
15:16,155.57,155.58,155.47,155.51,280284.0
15:17,155.52,155.6,155.48,155.56,209395.0
15:18,155.63,155.64,155.48,155.51,3273971.0
15:19,155.61,155.66,155.59,155.63,276755.0
15:20,155.56,155.63,155.54,155.6,194964.0
15:21,155.51,155.6,155.48,155.57,217180.0
15:22,155.57,155.61,155.51,155.51,200480.0
15:23,155.54,155.72,155.54,155.56,258386.0
15:24,155.6,155.6,155.53,155.54,208853.0
15:25,155.62,155.66,155.59,155.6,220837.0
15:26,155.59,155.66,155.58,155.62,260560.0
15:27,155.53,155.62,155.52,155.59,246006.0
15:28,155.44,155.54,155.44,155.52,317455.0
15:29,155.46,155.53,155.43,155.45,292790.0
15:30,155.42,155.46,155.35,155.46,451607.0
15:31,155.54,155.54,155.4,155.41,343433.0
15:32,155.54,155.59,155.52,155.59,781900.0
15:33,155.41,155.54,155.41,155.54,356251.0
15:34,155.43,155.46,155.38,155.42,252008.0
15:35,155.41,155.46,155.39,155.43,232498.0
15:36,155.3,155.41,155.28,155.41,424019.0
15:37,155.18,155.35,155.16,155.31,514324.0
15:38,155.21,155.24,155.16,155.18,368862.0
15:39,155.19,155.24,155.18,155.21,218014.0
15:40,155.25,155.3,155.19,155.2,397748.0
15:41,155.24,155.27,155.21,155.26,286094.0
15:42,155.29,155.29,155.17,155.24,458820.0
15:43,155.32,155.33,155.27,155.29,351116.0
15:44,155.32,155.35,155.27,155.32,333191.0
15:45,155.3,155.34,155.27,155.32,272932.0
15:46,155.33,155.38,155.3,155.3,270106.0
15:47,155.38,155.4,155.25,155.33,515106.0
15:48,155.29,155.46,155.26,155.38,485615.0
15:49,155.3,155.31,155.21,155.29,407508.0
15:50,155.34,155.38,155.15,155.3,686089.0
15:51,155.23,155.35,155.15,155.33,535491.0
15:52,155.3,155.33,155.18,155.23,458024.0
15:53,155.24,155.34,155.23,155.29,444175.0
15:54,155.16,155.26,155.15,155.24,576614.0
15:55,154.96,155.16,154.9,155.16,1358325.0
15:56,155.02,155.04,154.92,154.96,748198.0
15:57,155.04,155.05,154.97,155.03,839026.0
15:58,155.11,155.12,155.01,155.04,935250.0
15:59,155.08,155.17,154.88,155.11,2660188.0
