Time,Close,High,Low,Open,Volume
09:30,99.27,99.27,99.27,99.27,14065484.0
09:31,98.96,99.34,98.81,99.28,1590661.0
09:32,99.26,99.28,98.56,98.94,1677245.0
09:33,99.09,99.29,98.75,99.24,1105264.0
09:34,99.04,99.29,98.83,99.1,1047672.0
09:35,98.34,99.29,98.33,99.04,1912210.0
09:36,97.79,98.41,97.76,98.36,2789731.0
09:37,97.96,98.03,97.46,97.77,2423679.0
09:38,97.98,98.11,97.78,97.97,1096714.0
09:39,98.15,98.17,97.62,97.98,1284064.0
09:40,98.15,98.25,97.93,98.13,1083932.0
09:41,98.22,98.23,97.86,98.14,913957.0
09:42,97.98,98.23,97.91,98.21,917866.0
09:43,98.0,98.05,97.77,97.98,842092.0
09:44,97.85,98.02,97.72,98.0,887453.0
09:45,97.93,98.16,97.67,97.86,1073031.0
09:46,97.62,97.93,97.57,97.93,1023607.0
09:47,97.48,97.63,97.26,97.62,1645560.0
09:48,97.91,98.0,97.43,97.48,1391576.0
09:49,98.05,98.19,97.91,97.93,1406232.0
09:50,97.83,98.13,97.77,98.05,857871.0
09:51,97.7,97.97,97.67,97.85,832153.0
09:52,97.45,97.75,97.37,97.7,1075300.0
09:53,97.51,97.57,97.42,97.44,823488.0
09:54,97.37,97.54,97.28,97.51,1002220.0
09:55,97.28,97.49,97.27,97.36,1008462.0
09:56,97.04,97.29,96.9,97.28,2360691.0
09:57,96.9,97.15,96.89,97.05,1278138.0
09:58,96.93,96.99,96.84,96.9,1094041.0
09:59,96.84,97.03,96.8,96.93,903408.0
10:00,96.68,97.05,96.64,96.84,1593722.0
10:01,96.73,96.83,96.63,96.68,977324.0
10:02,96.61,96.75,96.5,96.72,1519829.0
10:03,96.46,96.69,96.43,96.61,1191614.0
10:04,96.72,96.75,96.45,96.45,1018638.0
10:05,96.74,96.86,96.67,96.72,858873.0
10:06,96.57,96.74,96.55,96.73,817298.0
10:07,96.49,96.63,96.47,96.57,844508.0
10:08,96.49,96.53,96.36,96.49,935716.0
10:09,96.44,96.56,96.4,96.49,721445.0
10:10,96.45,96.65,96.4,96.44,1080235.0
10:11,96.37,96.53,96.36,96.44,816100.0
10:12,96.42,96.46,96.22,96.36,1321029.0
10:13,96.33,96.42,96.13,96.42,1260523.0
10:14,96.21,96.33,95.91,96.32,2534026.0
10:15,96.25,96.31,96.09,96.21,835906.0
10:16,95.89,96.25,95.83,96.23,1370375.0
10:17,96.11,96.12,95.74,95.89,1474460.0
10:18,95.88,96.11,95.83,96.1,839050.0
10:19,96.0,96.04,95.88,95.88,1202431.0
10:20,96.07,96.29,95.97,95.99,997266.0
10:21,96.09,96.19,96.02,96.08,659745.0
10:22,95.95,96.15,95.93,96.11,705252.0
10:23,95.91,96.04,95.86,95.95,695995.0
10:24,95.99,96.08,95.9,95.91,656910.0
10:25,96.14,96.16,95.97,95.98,768709.0
10:26,96.06,96.16,95.94,96.14,732948.0
10:27,95.73,96.1,95.73,96.06,1185060.0
10:28,95.78,95.86,95.57,95.73,1630015.0
10:29,95.83,95.88,95.69,95.78,814539.0
10:30,95.99,96.05,95.72,95.83,918125.0
10:31,95.86,96.02,95.82,96.0,518609.0
10:32,95.69,95.91,95.65,95.85,810238.0
10:33,95.78,95.8,95.65,95.68,615399.0
10:34,95.95,96.0,95.76,95.78,984954.0
10:35,96.28,96.3,95.95,95.96,1076861.0
10:36,96.35,96.4,96.22,96.28,903513.0
10:37,96.31,96.37,96.2,96.35,614100.0
10:38,96.23,96.32,96.15,96.31,615339.0
10:39,96.38,96.4,96.24,96.24,737306.0
10:40,96.44,96.47,96.31,96.38,677933.0
10:41,96.4,96.49,96.36,96.44,561250.0
10:42,96.32,96.5,96.32,96.4,668674.0
10:43,96.2,96.34,96.2,96.34,638687.0
10:44,96.11,96.22,96.05,96.21,601668.0
10:45,96.28,96.3,96.1,96.11,500047.0
10:46,96.03,96.34,96.0,96.28,741409.0
10:47,96.01,96.06,95.99,96.04,428883.0
10:48,95.95,96.11,95.9,96.02,625867.0
10:49,95.98,96.02,95.91,95.96,465920.0
10:50,95.96,96.07,95.9,95.97,471277.0
10:51,95.93,96.0,95.91,95.96,344524.0
10:52,95.83,95.94,95.82,95.94,533329.0
10:53,96.01,96.02,95.75,95.83,796429.0
10:54,96.11,96.16,96.0,96.01,425315.0
10:55,96.15,96.25,96.08,96.09,581396.0
10:56,96.15,96.25,96.08,96.14,492245.0
10:57,96.17,96.22,96.08,96.15,420655.0
10:58,96.39,96.39,96.13,96.17,536850.0
10:59,96.36,96.42,96.32,96.39,565992.0
11:00,96.42,96.42,96.29,96.36,415371.0
11:01,96.12,96.42,96.08,96.41,600029.0
11:02,96.04,96.12,95.97,96.11,666938.0
11:03,96.04,96.06,95.93,96.04,457263.0
11:04,96.12,96.14,96.01,96.04,339504.0
11:05,96.21,96.31,96.13,96.13,418914.0
11:06,96.27,96.28,96.07,96.21,434305.0
11:07,96.16,96.29,96.14,96.27,428100.0
11:08,96.15,96.17,96.07,96.16,364766.0
11:09,96.35,96.39,96.15,96.16,834110.0
11:10,96.32,96.47,96.31,96.36,559130.0
11:11,96.51,96.57,96.3,96.32,712482.0
11:12,96.52,96.56,96.46,96.51,518166.0
11:13,96.43,96.56,96.38,96.52,556243.0
11:14,96.17,96.43,96.15,96.42,644538.0
11:15,96.16,96.23,96.12,96.18,388754.0
11:16,96.15,96.2,96.1,96.17,437401.0
11:17,96.21,96.22,96.11,96.15,361085.0
11:18,96.32,96.42,96.17,96.21,596047.0
11:19,96.35,96.36,96.3,96.31,360369.0
11:20,96.22,96.37,96.22,96.35,344198.0
11:21,96.1,96.24,96.02,96.24,570763.0
11:22,96.08,96.19,96.07,96.1,382972.0
11:23,96.19,96.21,96.04,96.08,385633.0
11:24,96.11,96.21,96.08,96.19,242678.0
11:25,96.04,96.12,96.04,96.11,287848.0
11:26,95.97,96.05,95.9,96.05,657883.0
11:27,96.01,96.01,95.94,95.96,353254.0
11:28,95.82,96.01,95.8,96.0,509376.0
11:29,95.89,95.93,95.77,95.82,459031.0
11:30,95.99,96.04,95.82,95.89,415109.0
11:31,95.88,96.01,95.87,95.99,370834.0
11:32,95.93,95.94,95.81,95.88,404009.0
11:33,95.93,95.94,95.79,95.93,462021.0
11:34,95.77,95.93,95.75,95.93,426380.0
11:35,95.81,95.85,95.75,95.76,400361.0
11:36,95.89,95.91,95.79,95.8,386731.0
11:37,95.93,95.95,95.85,95.9,293833.0
11:38,95.86,96.0,95.82,95.93,490389.0
11:39,95.94,95.96,95.8,95.85,394327.0
11:40,95.96,96.0,95.87,95.94,392528.0
11:41,95.97,96.03,95.9,95.97,365870.0
11:42,95.99,96.03,95.93,95.97,352993.0
11:43,95.94,95.99,95.93,95.99,337633.0
11:44,95.82,95.95,95.82,95.94,564587.0
11:45,95.81,95.85,95.78,95.82,605074.0
11:46,95.79,95.87,95.74,95.8,628181.0
11:47,95.84,95.86,95.76,95.79,314320.0
11:48,95.78,95.85,95.76,95.84,356069.0
11:49,95.95,95.97,95.78,95.79,498455.0
11:50,95.92,95.97,95.85,95.95,424834.0
11:51,95.83,95.92,95.82,95.92,298824.0
11:52,95.93,95.94,95.8,95.83,510886.0
11:53,95.89,95.98,95.87,95.94,342034.0
11:54,95.88,95.9,95.82,95.9,332332.0
11:55,95.92,95.93,95.81,95.87,336696.0
11:56,95.92,95.95,95.9,95.92,233712.0
11:57,96.01,96.03,95.9,95.92,508701.0
11:58,95.96,96.02,95.85,96.02,470491.0
11:59,95.84,95.98,95.82,95.95,314043.0
12:00,96.08,96.09,95.84,95.84,521068.0
12:01,96.17,96.18,96.06,96.08,501037.0
12:02,96.07,96.18,96.05,96.16,374643.0
12:03,96.13,96.15,96.03,96.06,296835.0
12:04,96.18,96.2,96.06,96.13,305590.0
12:05,96.17,96.22,96.12,96.16,407060.0
12:06,96.14,96.18,96.11,96.17,335890.0
12:07,96.11,96.16,96.08,96.14,380717.0
12:08,96.15,96.18,96.06,96.1,320853.0
12:09,96.2,96.24,96.13,96.14,424211.0
12:10,96.26,96.27,96.08,96.21,521457.0
12:11,96.27,96.28,96.19,96.26,485738.0
12:12,96.19,96.26,96.11,96.26,292063.0
12:13,96.21,96.22,96.16,96.19,268583.0
12:14,96.17,96.22,96.11,96.2,266004.0
12:15,96.18,96.28,96.14,96.18,399412.0
12:16,96.06,96.19,96.05,96.18,422042.0
12:17,96.1,96.14,96.04,96.06,258791.0
12:18,95.93,96.11,95.92,96.1,605260.0
12:19,95.97,96.01,95.92,95.94,271868.0
12:20,96.14,96.14,95.96,95.98,317518.0
12:21,95.99,96.14,95.97,96.14,429516.0
12:22,95.96,96.0,95.92,96.0,251928.0
12:23,96.0,96.04,95.94,95.96,442350.0
12:24,96.02,96.03,95.93,96.0,274497.0
12:25,95.97,96.06,95.96,96.01,216271.0
12:26,95.94,96.0,95.92,95.97,247145.0
12:27,95.94,95.96,95.89,95.93,368034.0
12:28,95.86,95.94,95.85,95.94,411387.0
12:29,95.8,95.88,95.76,95.87,536449.0
12:30,95.94,95.94,95.77,95.8,348834.0
12:31,95.91,95.95,95.88,95.93,323091.0
12:32,96.06,96.08,95.9,95.92,487463.0
12:33,96.0,96.07,96.0,96.07,317507.0
12:34,95.94,96.01,95.85,96.0,301061.0
12:35,95.98,95.98,95.89,95.94,230192.0
12:36,96.07,96.1,95.97,95.98,343318.0
12:37,96.06,96.1,96.04,96.08,210181.0
12:38,96.06,96.07,96.0,96.07,264129.0
12:39,96.14,96.18,96.06,96.06,401063.0
12:40,96.22,96.26,96.14,96.14,413890.0
12:41,96.26,96.28,96.19,96.22,339589.0
12:42,96.31,96.33,96.22,96.25,413863.0
12:43,96.38,96.39,96.3,96.31,314118.0
12:44,96.32,96.39,96.29,96.38,406407.0
12:45,96.38,96.38,96.23,96.32,348062.0
12:46,96.19,96.38,96.16,96.37,434981.0
12:47,96.07,96.28,96.04,96.19,558023.0
12:48,96.08,96.14,96.06,96.07,391788.0
12:49,96.06,96.15,96.03,96.08,340667.0
12:50,95.96,96.06,95.92,96.05,506211.0
12:51,95.85,95.96,95.85,95.95,473356.0
12:52,95.89,95.92,95.82,95.86,382695.0
12:53,95.89,95.9,95.81,95.9,371130.0
12:54,95.92,95.98,95.89,95.89,350568.0
12:55,95.87,95.92,95.81,95.92,373425.0
12:56,95.85,95.9,95.82,95.86,332894.0
12:57,95.83,95.85,95.77,95.85,406122.0
12:58,95.7,95.83,95.7,95.82,645976.0
12:59,95.71,95.75,95.68,95.71,393516.0
13:00,95.79,95.82,95.69,95.71,424557.0
13:01,95.75,95.85,95.74,95.79,307235.0
13:02,95.65,95.77,95.56,95.75,773427.0
13:03,95.42,95.68,95.4,95.68,1103587.0
13:04,95.47,95.47,95.34,95.41,786389.0
13:05,95.37,95.5,95.33,95.43,539015.0
13:06,95.3,95.36,95.28,95.36,615417.0
13:07,95.31,95.31,95.2,95.3,631950.0
13:08,95.25,95.35,95.22,95.3,523236.0
13:09,95.18,95.3,95.17,95.25,433748.0
13:10,95.24,95.25,95.15,95.18,459850.0
13:11,95.37,95.37,95.22,95.24,469383.0
13:12,95.4,95.43,95.33,95.36,450863.0
13:13,95.39,95.39,95.26,95.39,436488.0
13:14,95.37,95.43,95.33,95.39,239879.0
13:15,95.36,95.39,95.31,95.37,196413.0
13:16,95.35,95.36,95.3,95.36,210087.0
13:17,95.39,95.41,95.25,95.35,396363.0
13:18,95.36,95.4,95.29,95.39,256365.0
13:19,95.42,95.48,95.34,95.35,353285.0
13:20,95.45,95.47,95.38,95.41,336828.0
13:21,95.41,95.45,95.38,95.45,219534.0
13:22,95.48,95.52,95.4,95.4,336739.0
13:23,95.53,95.54,95.46,95.49,244066.0
13:24,95.36,95.53,95.34,95.53,375263.0
13:25,95.21,95.36,95.19,95.36,448417.0
13:26,95.29,95.32,95.2,95.2,282577.0
13:27,95.41,95.42,95.29,95.3,278078.0
13:28,95.41,95.46,95.33,95.42,370931.0
13:29,95.37,95.46,95.34,95.41,330192.0
13:30,95.45,95.47,95.31,95.36,248353.0
13:31,95.53,95.58,95.43,95.45,896732.0
13:32,95.54,95.59,95.48,95.52,281370.0
13:33,95.36,95.54,95.29,95.52,501932.0
13:34,95.35,95.38,95.32,95.36,331488.0
13:35,95.34,95.41,95.29,95.36,268782.0
13:36,95.35,95.35,95.29,95.34,214164.0
13:37,95.24,95.35,95.19,95.35,395630.0
13:38,95.2,95.25,95.18,95.25,325031.0
13:39,95.09,95.22,95.09,95.21,614551.0
13:40,95.17,95.3,95.09,95.11,678026.0
13:41,95.22,95.29,95.17,95.17,328250.0
13:42,95.11,95.24,95.1,95.22,365457.0
13:43,95.11,95.18,95.05,95.12,877398.0
13:44,95.18,95.23,95.09,95.11,329493.0
13:45,95.24,95.28,95.17,95.17,357958.0
13:46,95.17,95.24,95.14,95.23,278861.0
13:47,95.17,95.18,95.12,95.17,221372.0
13:48,95.15,95.17,95.1,95.17,228915.0
13:49,95.08,95.14,95.07,95.14,253918.0
13:50,95.23,95.25,95.07,95.09,441901.0
13:51,95.17,95.24,95.08,95.22,281405.0
13:52,95.19,95.19,95.12,95.16,210659.0
13:53,95.25,95.26,95.14,95.19,343457.0
13:54,95.2,95.25,95.18,95.25,178535.0
13:55,95.19,95.22,95.11,95.19,283416.0
13:56,95.12,95.2,95.11,95.19,207374.0
13:57,95.15,95.16,95.07,95.13,404408.0
13:58,95.11,95.16,95.07,95.16,296044.0
13:59,95.17,95.22,95.1,95.11,265451.0
14:00,95.13,95.22,95.12,95.17,409135.0
14:01,95.11,95.17,95.07,95.13,336718.0
14:02,95.17,95.2,95.04,95.11,799270.0
14:03,95.25,95.26,95.15,95.18,316420.0
14:04,95.23,95.3,95.2,95.24,318757.0
14:05,95.18,95.24,95.14,95.22,334105.0
14:06,95.35,95.36,95.13,95.19,427152.0
14:07,95.33,95.44,95.3,95.35,387684.0
14:08,95.44,95.44,95.31,95.32,350935.0
14:09,95.44,95.48,95.36,95.43,380378.0
14:10,95.35,95.44,95.34,95.43,581999.0
14:11,95.49,95.5,95.33,95.36,410516.0
14:12,95.47,95.5,95.42,95.48,240936.0
14:13,95.56,95.56,95.4,95.47,359359.0
14:14,95.54,95.6,95.48,95.56,357718.0
14:15,95.52,95.57,95.48,95.54,344926.0
14:16,95.6,95.63,95.52,95.52,388060.0
14:17,95.62,95.64,95.58,95.6,271018.0
14:18,95.67,95.68,95.58,95.62,320403.0
14:19,95.55,95.66,95.54,95.66,286500.0
14:20,95.45,95.62,95.43,95.54,421442.0
14:21,95.47,95.47,95.36,95.44,389741.0
14:22,95.42,95.47,95.4,95.46,195887.0
14:23,95.39,95.42,95.33,95.42,474059.0
14:24,95.34,95.4,95.31,95.39,206592.0
14:25,95.35,95.36,95.28,95.35,283814.0
14:26,95.43,95.44,95.34,95.35,237893.0
14:27,95.52,95.53,95.43,95.44,388883.0
14:28,95.54,95.54,95.47,95.52,232800.0
14:29,95.59,95.62,95.46,95.54,282371.0
14:30,95.69,95.75,95.58,95.59,479181.0
14:31,95.73,95.81,95.69,95.7,544579.0
14:32,95.64,95.73,95.62,95.72,341639.0
14:33,95.75,95.75,95.61,95.64,308533.0
14:34,95.66,95.77,95.63,95.74,361591.0
14:35,95.77,95.78,95.65,95.65,401836.0
14:36,95.65,95.78,95.61,95.77,367600.0
14:37,95.63,95.66,95.57,95.65,230168.0
14:38,95.65,95.71,95.6,95.64,279290.0
14:39,95.62,95.67,95.6,95.64,596344.0
14:40,95.52,95.64,95.47,95.61,462776.0
14:41,95.44,95.52,95.36,95.52,1120182.0
14:42,95.35,95.45,95.33,95.44,353980.0
14:43,95.34,95.41,95.3,95.34,317122.0
14:44,95.42,95.42,95.31,95.34,267975.0
14:45,95.44,95.54,95.38,95.42,520573.0
14:46,95.35,95.47,95.33,95.45,359586.0
14:47,95.22,95.4,95.2,95.34,453816.0
14:48,95.23,95.27,95.2,95.23,336433.0
14:49,95.29,95.31,95.16,95.24,409629.0
14:50,95.21,95.29,95.16,95.28,293103.0
14:51,95.28,95.28,95.15,95.21,303727.0
14:52,95.21,95.3,95.18,95.27,343464.0
14:53,95.19,95.21,95.15,95.21,80104.0
14:54,95.24,95.26,95.17,95.19,279428.0
14:55,95.23,95.24,95.19,95.24,169007.0
14:56,95.25,95.26,95.19,95.22,249213.0
14:57,95.33,95.36,95.23,95.25,394777.0
14:58,95.33,95.39,95.32,95.34,236798.0
14:59,95.29,95.34,95.25,95.34,291396.0
15:00,95.49,95.49,95.21,95.29,497202.0
15:01,95.53,95.58,95.44,95.45,463066.0
15:02,95.57,95.65,95.5,95.54,436019.0
15:03,95.63,95.63,95.5,95.58,423535.0
15:04,95.64,95.69,95.6,95.62,342171.0
15:05,95.68,95.76,95.64,95.64,571467.0
15:06,95.76,95.83,95.67,95.68,642396.0
15:07,95.67,95.79,95.67,95.76,487531.0
15:08,95.72,95.74,95.62,95.68,521518.0
15:09,95.62,95.76,95.62,95.72,417969.0
15:10,95.68,95.71,95.6,95.62,413382.0
15:11,95.65,95.69,95.61,95.67,284457.0
15:12,95.62,95.69,95.61,95.64,390404.0
15:13,95.6,95.65,95.54,95.63,475690.0
15:14,95.51,95.61,95.5,95.6,455213.0
15:15,95.61,95.63,95.5,95.51,411549.0
15:16,95.51,95.65,95.51,95.61,405491.0
15:17,95.6,95.6,95.51,95.52,305300.0
15:18,95.67,95.68,95.57,95.6,490982.0
15:19,95.67,95.71,95.66,95.68,435873.0
15:20,95.83,95.86,95.65,95.67,686232.0
15:21,95.77,95.85,95.73,95.83,480972.0
15:22,95.85,95.85,95.76,95.78,613820.0
15:23,95.66,95.86,95.64,95.85,501008.0
15:24,95.76,95.78,95.67,95.67,445228.0
15:25,95.72,95.79,95.71,95.76,376457.0
15:26,95.76,95.85,95.71,95.72,404568.0
15:27,95.61,95.75,95.55,95.75,553402.0
15:28,95.52,95.61,95.51,95.61,427677.0
15:29,95.6,95.61,95.46,95.53,566798.0
15:30,95.64,95.73,95.6,95.6,513941.0
15:31,95.68,95.68,95.62,95.64,385460.0
15:32,95.74,95.8,95.68,95.68,542800.0
15:33,95.82,95.82,95.67,95.74,427559.0
15:34,95.78,95.82,95.68,95.81,500294.0
15:35,95.86,95.89,95.76,95.78,639233.0
15:36,95.94,95.95,95.79,95.86,558691.0
15:37,95.95,96.07,95.92,95.94,896943.0
15:38,96.05,96.14,95.9,95.94,750836.0
15:39,96.14,96.19,96.02,96.05,733879.0
15:40,96.12,96.23,96.07,96.14,795716.0
15:41,96.02,96.2,96.01,96.12,658025.0
15:42,96.04,96.09,95.94,96.03,698740.0
15:43,96.17,96.17,96.04,96.04,531504.0
15:44,96.18,96.23,96.11,96.18,609466.0
15:45,96.16,96.27,96.15,96.18,655734.0
15:46,96.06,96.27,96.04,96.16,616726.0
15:47,96.16,96.21,96.03,96.06,611448.0
15:48,96.36,96.38,96.15,96.15,759563.0
15:49,96.43,96.49,96.36,96.36,862136.0
15:50,96.47,96.59,96.28,96.43,1391161.0
15:51,96.38,96.51,96.31,96.48,904203.0
15:52,96.39,96.45,96.3,96.38,614985.0
15:53,96.5,96.63,96.37,96.38,1037272.0
15:54,96.67,96.69,96.46,96.49,1051164.0
15:55,96.87,96.9,96.64,96.67,1533795.0
15:56,96.92,96.97,96.82,96.87,1241567.0
15:57,97.01,97.01,96.91,96.91,1452117.0
15:58,97.07,97.2,96.95,97.01,2162960.0
15:59,96.8,97.08,96.69,97.06,4321016.0
