Time,Close,High,Low,Open,Volume
09:30,174.6,175.11,174.3,175.1,8476713.0
09:31,174.62,175.04,174.37,174.58,959729.0
09:32,174.28,174.66,174.1,174.62,983937.0
09:33,174.72,174.8,174.24,174.3,762229.0
09:34,174.07,174.8,174.01,174.73,1138665.0
09:35,173.9,174.44,173.83,174.08,1400290.0
09:36,173.67,174.35,173.65,173.88,1134995.0
09:37,173.95,174.03,173.55,173.67,895836.0
09:38,173.95,174.1,173.78,173.96,700523.0
09:39,173.69,173.96,173.6,173.96,781952.0
09:40,173.74,174.04,173.64,173.68,898075.0
09:41,173.64,173.78,173.29,173.75,1249730.0
09:42,173.94,174.06,173.49,173.64,907724.0
09:43,173.76,174.06,173.62,173.97,636564.0
09:44,173.15,173.77,173.13,173.76,808007.0
09:45,172.55,173.16,172.43,172.55,1824300.0
09:46,171.92,172.57,171.9,172.56,1868615.0
09:47,172.1,172.32,171.82,171.91,1306027.0
09:48,172.27,172.5,172.02,172.09,1104249.0
09:49,172.2,172.51,172.17,172.23,871653.0
09:50,171.66,172.22,171.6,172.2,1505236.0
09:51,171.52,171.8,171.34,171.66,1275545.0
09:52,171.54,171.68,171.2,171.52,1175885.0
09:53,170.62,171.55,170.34,171.54,2514229.0
09:54,170.22,170.67,170.13,170.64,2029479.0
09:55,171.0,171.07,170.12,170.22,1823847.0
09:56,170.88,171.04,170.22,171.0,1135434.0
09:57,170.71,171.11,170.57,170.89,1048116.0
09:58,170.75,171.08,170.58,170.69,1001525.0
09:59,170.54,170.79,170.32,170.75,1173027.0
10:00,171.2,171.39,170.43,170.51,1479244.0
10:01,171.44,171.62,171.19,171.19,1127550.0
10:02,171.71,171.73,171.34,171.45,1076472.0
10:03,171.6,171.8,171.43,171.71,854305.0
10:04,171.19,171.74,171.18,171.6,906066.0
10:05,170.62,171.3,170.6,171.19,799004.0
10:06,170.29,170.68,170.26,170.6,940993.0
10:07,170.68,170.68,170.19,170.29,805857.0
10:08,168.84,170.68,168.82,170.68,4445657.0
10:09,169.71,169.84,168.8,168.85,2005379.0
10:10,169.86,170.04,169.65,169.71,1415205.0
10:11,169.99,170.4,169.76,169.84,1107790.0
10:12,169.81,170.13,169.46,170.0,1137592.0
10:13,170.27,170.32,169.51,169.81,897289.0
10:14,170.11,170.32,169.82,170.25,731659.0
10:15,169.99,170.17,169.83,170.1,744424.0
10:16,169.44,170.06,169.36,170.01,911448.0
10:17,169.93,169.99,169.12,169.44,898771.0
10:18,169.46,169.94,169.23,169.93,704791.0
10:19,169.93,170.18,169.38,169.45,1157173.0
10:20,170.28,170.39,169.81,169.93,948537.0
10:21,170.65,170.87,170.23,170.28,985426.0
10:22,170.54,170.71,170.37,170.65,731138.0
10:23,170.62,170.74,170.42,170.53,524770.0
10:24,170.88,170.97,170.61,170.62,797927.0
10:25,170.82,171.04,170.74,170.88,879542.0
10:26,170.87,171.11,170.73,170.82,645951.0
10:27,170.89,171.05,170.79,170.87,484261.0
10:28,170.3,170.98,170.3,170.88,971717.0
10:29,170.31,170.47,170.05,170.3,728226.0
10:30,170.3,170.64,170.21,170.31,661934.0
10:31,170.49,170.5,170.1,170.32,694151.0
10:32,170.13,170.52,169.88,170.49,846216.0
10:33,170.11,170.26,169.98,170.13,539260.0
10:34,170.25,170.38,170.0,170.12,636686.0
10:35,170.15,170.34,170.01,170.26,496542.0
10:36,169.91,170.3,169.88,170.15,567280.0
10:37,169.95,170.2,169.9,169.91,484040.0
10:38,170.05,170.1,169.85,169.93,507397.0
10:39,169.82,170.09,169.74,170.04,495134.0
10:40,169.64,169.94,169.56,169.83,582911.0
10:41,169.87,169.96,169.35,169.63,786852.0
10:42,169.92,169.95,169.72,169.86,438810.0
10:43,169.63,169.93,169.54,169.92,583204.0
10:44,169.61,169.79,169.59,169.63,625909.0
10:45,169.91,169.99,169.56,169.6,687639.0
10:46,169.3,169.92,169.25,169.92,639740.0
10:47,169.72,169.72,169.28,169.31,614858.0
10:48,169.23,169.78,169.18,169.72,649538.0
10:49,169.11,169.28,169.06,169.23,640542.0
10:50,169.16,169.41,169.11,169.11,526978.0
10:51,169.13,169.44,169.11,169.19,513782.0
10:52,169.11,169.18,168.9,169.14,921194.0
10:53,169.1,169.32,169.1,169.12,448606.0
10:54,169.26,169.28,169.02,169.12,475758.0
10:55,169.45,169.5,169.26,169.26,507249.0
10:56,169.48,169.75,169.4,169.44,698610.0
10:57,169.29,169.51,169.14,169.46,549964.0
10:58,169.55,169.65,169.28,169.28,625070.0
10:59,169.55,169.62,169.4,169.56,436919.0
11:00,169.93,169.96,169.41,169.55,812018.0
11:01,170.07,170.13,169.92,169.93,744771.0
11:02,169.95,170.11,169.89,170.06,407437.0
11:03,170.02,170.07,169.9,169.96,388504.0
11:04,170.18,170.19,169.95,170.02,381545.0
11:05,170.26,170.31,170.11,170.19,222662.0
11:06,170.7,170.75,170.48,170.52,1120215.0
11:07,171.01,171.04,170.67,170.69,761387.0
11:08,170.84,171.12,170.76,171.01,789245.0
11:09,170.85,170.9,170.77,170.82,401755.0
11:10,170.8,170.98,170.73,170.85,517379.0
11:11,171.26,171.3,170.79,170.79,620370.0
11:12,171.42,171.47,171.21,171.26,590928.0
11:13,171.1,171.46,171.08,171.43,694286.0
11:14,171.23,171.34,171.03,171.1,455553.0
11:15,171.18,171.38,171.13,171.22,571554.0
11:16,171.36,171.44,171.09,171.18,515018.0
11:17,171.42,171.47,171.07,171.36,472358.0
11:18,171.49,171.6,171.42,171.44,848485.0
11:19,171.74,171.75,171.43,171.49,564563.0
11:20,171.9,171.97,171.72,171.74,801110.0
11:21,172.03,172.09,171.76,171.89,818687.0
11:22,172.34,172.37,171.99,172.03,736262.0
11:23,172.41,172.48,172.22,172.34,713030.0
11:24,172.38,172.48,172.11,172.41,761033.0
11:25,172.18,172.39,172.12,172.39,451684.0
11:26,171.96,172.2,171.88,172.18,750134.0
11:27,172.15,172.19,171.87,171.96,483425.0
11:28,172.15,172.3,172.12,172.16,454214.0
11:29,172.43,172.47,172.14,172.15,670678.0
11:30,172.2,172.45,172.15,172.42,548425.0
11:31,172.39,172.45,172.15,172.19,371846.0
11:32,172.71,172.82,172.38,172.4,609042.0
11:33,172.73,172.88,172.66,172.71,638530.0
11:34,172.9,172.98,172.73,172.73,586060.0
11:35,172.93,173.1,172.83,172.88,812570.0
11:36,172.66,172.96,172.5,172.94,701607.0
11:37,172.9,172.93,172.7,172.73,478297.0
11:38,172.82,173.0,172.72,172.9,514918.0
11:39,172.46,172.85,172.46,172.82,583980.0
11:40,172.62,172.67,172.46,172.48,442991.0
11:41,172.8,172.84,172.61,172.62,348782.0
11:42,173.04,173.1,172.68,172.8,561815.0
11:43,172.66,173.05,172.66,173.05,479445.0
11:44,172.78,172.8,172.56,172.67,372888.0
11:45,172.93,172.95,172.7,172.79,389888.0
11:46,172.85,172.96,172.81,172.93,298514.0
11:47,172.88,172.96,172.84,172.85,286606.0
11:48,172.67,172.93,172.67,172.91,322244.0
11:49,172.66,172.71,172.58,172.68,302114.0
11:50,172.55,172.72,172.51,172.65,304918.0
11:51,172.41,172.66,172.37,172.54,517895.0
11:52,172.1,172.45,172.07,172.41,623971.0
11:53,171.85,172.13,171.84,172.1,625482.0
11:54,172.0,172.09,171.85,171.87,383914.0
11:55,172.0,172.1,171.95,172.02,303585.0
11:56,171.74,172.06,171.7,172.01,426906.0
11:57,171.87,171.96,171.75,171.75,302021.0
11:58,171.99,172.11,171.84,171.88,409766.0
11:59,171.93,172.0,171.88,171.98,244770.0
12:00,172.04,172.04,171.8,171.93,312424.0
12:01,172.4,172.4,171.96,172.04,463675.0
12:02,172.53,172.57,172.35,172.4,440799.0
12:03,172.68,172.83,172.49,172.54,494042.0
12:04,172.72,172.77,172.63,172.7,274223.0
12:05,172.57,172.82,172.52,172.72,365756.0
12:06,172.59,172.64,172.49,172.58,272207.0
12:07,172.52,172.63,172.5,172.59,201839.0
12:08,172.69,172.71,172.44,172.5,327498.0
12:09,172.63,172.71,172.57,172.7,231499.0
12:10,172.94,172.95,172.54,172.64,405203.0
12:11,172.93,172.96,172.76,172.93,329699.0
12:12,172.8,172.99,172.77,172.91,339546.0
12:13,172.92,172.97,172.79,172.8,261971.0
12:14,173.02,173.08,172.93,172.97,430658.0
12:15,173.17,173.22,172.97,173.01,368906.0
12:16,173.18,173.25,173.12,173.17,324841.0
12:17,173.4,173.4,173.17,173.18,383569.0
12:18,173.27,173.41,173.26,173.4,358315.0
12:19,173.49,173.5,173.28,173.28,398634.0
12:20,173.71,173.72,173.44,173.49,551658.0
12:21,173.47,173.71,173.38,173.71,579507.0
12:22,173.4,173.6,173.35,173.47,424054.0
12:23,173.55,173.59,173.37,173.41,351310.0
12:24,173.49,173.65,173.45,173.55,307437.0
12:25,173.47,173.65,173.45,173.48,338281.0
12:26,173.7,173.77,173.42,173.48,538915.0
12:27,173.63,173.84,173.61,173.71,418125.0
12:28,173.85,173.9,173.63,173.64,379681.0
12:29,174.05,174.11,173.85,173.86,617930.0
12:30,173.9,174.08,173.9,174.05,463173.0
12:31,173.85,173.94,173.79,173.9,453472.0
12:32,173.75,174.0,173.69,173.87,356231.0
12:33,173.76,173.95,173.72,173.74,238128.0
12:34,173.87,173.87,173.7,173.76,236219.0
12:35,173.76,173.87,173.72,173.85,233717.0
12:36,173.6,173.85,173.57,173.76,342098.0
12:37,173.62,173.67,173.52,173.61,285506.0
12:38,173.49,173.62,173.46,173.62,255590.0
12:39,173.55,173.58,173.4,173.49,284715.0
12:40,173.46,173.62,173.42,173.55,200165.0
12:41,173.24,173.52,173.23,173.45,308392.0
12:42,173.2,173.24,173.08,173.24,343565.0
12:43,173.3,173.35,173.11,173.2,307144.0
12:44,173.38,173.45,173.26,173.28,247519.0
12:45,173.28,173.39,173.25,173.39,214351.0
12:46,173.34,173.39,173.18,173.28,216210.0
12:47,173.32,173.38,173.21,173.32,170577.0
12:48,172.99,173.33,172.98,173.32,367123.0
12:49,173.19,173.19,172.96,172.99,270748.0
12:50,173.14,173.27,173.07,173.18,224727.0
12:51,173.26,173.29,173.15,173.15,182308.0
12:52,173.18,173.39,173.13,173.26,260380.0
12:53,173.14,173.24,173.1,173.2,189983.0
12:54,173.26,173.39,173.1,173.15,267924.0
12:55,173.0,173.27,173.0,173.19,335026.0
12:56,172.9,173.07,172.9,173.01,326119.0
12:57,172.95,172.99,172.83,172.9,308971.0
12:58,172.76,172.95,172.65,172.94,375684.0
12:59,172.9,172.92,172.7,172.76,274988.0
13:00,172.91,173.05,172.79,172.9,293576.0
13:01,173.26,173.27,172.9,172.91,367167.0
13:02,173.39,173.43,173.25,173.26,281144.0
13:03,173.47,173.49,173.34,173.38,245204.0
13:04,173.44,173.55,173.38,173.43,262812.0
13:05,173.34,173.46,173.26,173.46,206026.0
13:06,173.28,173.4,173.16,173.34,272382.0
13:07,173.29,173.37,173.23,173.28,145119.0
13:08,173.62,173.62,173.26,173.3,258705.0
13:09,173.57,173.62,173.49,173.61,219421.0
13:10,173.41,173.57,173.4,173.57,172237.0
13:11,173.51,173.57,173.38,173.4,207136.0
13:12,173.17,173.52,173.16,173.52,239969.0
13:13,173.04,173.29,173.04,173.16,251731.0
13:14,173.05,173.16,173.03,173.04,184634.0
13:15,173.23,173.24,173.0,173.04,214582.0
13:16,173.29,173.36,173.21,173.24,165902.0
13:17,173.07,173.29,173.07,173.29,192210.0
13:18,173.29,173.31,173.08,173.09,178727.0
13:19,173.37,173.38,173.22,173.29,147831.0
13:20,173.47,173.51,173.35,173.38,225887.0
13:21,173.55,173.6,173.41,173.45,176492.0
13:22,173.43,173.58,173.42,173.56,146499.0
13:23,173.3,173.46,173.27,173.43,192288.0
13:24,173.32,173.42,173.3,173.3,150869.0
13:25,173.35,173.42,173.26,173.32,164882.0
13:26,173.45,173.47,173.33,173.35,142090.0
13:27,173.35,173.38,173.34,173.38,141063.0
13:28,173.5,173.51,173.32,173.35,230847.0
13:29,173.48,173.51,173.41,173.51,835924.0
13:30,173.64,173.64,173.43,173.47,218507.0
13:31,173.77,173.79,173.63,173.63,614086.0
13:32,173.91,173.92,173.75,173.76,258589.0
13:33,174.07,174.09,173.88,173.92,347561.0
13:34,174.07,174.15,174.01,174.07,278947.0
13:35,174.06,174.08,173.92,174.07,813445.0
13:36,174.12,174.13,174.0,174.07,271320.0
13:37,174.01,174.15,173.96,174.13,240139.0
13:38,174.05,174.09,173.99,174.02,205865.0
13:39,174.05,174.08,173.98,174.05,151195.0
13:40,174.02,174.15,173.98,174.06,258401.0
13:41,174.18,174.21,173.97,174.02,309014.0
13:42,174.16,174.23,174.07,174.19,252891.0
13:43,174.16,174.22,174.09,174.16,270103.0
13:44,174.24,174.26,174.07,174.16,318573.0
13:45,174.39,174.41,174.17,174.23,362150.0
13:46,174.37,174.41,174.22,174.41,242450.0
13:47,174.38,174.39,174.29,174.36,163716.0
13:48,174.15,174.42,174.13,174.38,341359.0
13:49,174.1,174.19,174.07,174.15,253850.0
13:50,174.03,174.14,173.88,174.1,391729.0
13:51,173.9,174.1,173.85,174.02,207033.0
13:52,173.85,173.93,173.75,173.9,264646.0
13:53,174.0,174.01,173.82,173.86,262469.0
13:54,173.85,174.02,173.84,174.0,178710.0
13:55,173.68,173.88,173.63,173.84,232054.0
13:56,173.63,173.77,173.6,173.69,197525.0
13:57,173.64,173.68,173.57,173.64,257615.0
13:58,173.56,173.69,173.54,173.64,179464.0
13:59,173.56,173.62,173.43,173.55,294823.0
14:00,173.52,173.75,173.49,173.58,304817.0
14:01,173.29,173.67,173.28,173.52,461529.0
14:02,172.83,173.32,172.77,173.3,639077.0
14:03,172.91,173.02,172.74,172.83,354396.0
14:04,173.01,173.13,172.87,172.92,328832.0
14:05,173.01,173.15,173.0,173.03,259333.0
14:06,173.15,173.16,172.96,173.01,228618.0
14:07,173.07,173.18,173.0,173.14,193145.0
14:08,173.18,173.19,173.06,173.07,219538.0
14:09,173.36,173.4,173.15,173.17,287998.0
14:10,173.38,173.41,173.21,173.36,231039.0
14:11,172.97,173.39,172.97,173.37,316770.0
14:12,173.06,173.12,172.96,172.96,218077.0
14:13,173.04,173.08,172.85,173.05,329850.0
14:14,173.05,173.08,173.02,173.03,157792.0
14:15,172.96,173.08,172.92,173.05,336611.0
14:16,173.01,173.04,172.9,172.97,163488.0
14:17,172.94,173.03,172.88,173.02,158662.0
14:18,172.85,172.94,172.8,172.93,225904.0
14:19,172.6,172.88,172.56,172.85,507795.0
14:20,172.78,172.85,172.59,172.59,270981.0
14:21,172.74,172.9,172.74,172.79,226856.0
14:22,172.65,172.78,172.64,172.74,265399.0
14:23,172.99,173.03,172.66,172.66,255874.0
14:24,172.96,173.04,172.9,172.99,216535.0
14:25,173.12,173.14,172.9,172.96,268577.0
14:26,173.09,173.16,173.0,173.12,180154.0
14:27,172.97,173.1,172.96,173.09,155633.0
14:28,172.84,173.02,172.81,172.98,247346.0
14:29,172.82,172.9,172.77,172.83,216657.0
14:30,172.76,172.98,172.76,172.83,216578.0
14:31,172.79,172.89,172.75,172.76,183708.0
14:32,172.88,172.93,172.79,172.8,112020.0
14:33,173.09,173.09,172.86,172.88,231217.0
14:34,173.0,173.1,172.88,172.98,327371.0
14:35,172.91,173.1,172.89,173.08,423525.0
14:36,173.26,173.26,172.95,173.0,250209.0
14:37,173.26,173.28,173.16,173.25,223502.0
14:38,173.22,173.38,173.19,173.26,246794.0
14:39,173.46,173.46,173.16,173.21,303044.0
14:40,173.29,173.54,173.28,173.44,403714.0
14:41,173.37,173.43,173.3,173.3,181899.0
14:42,173.49,173.54,173.38,173.38,224936.0
14:43,173.51,173.54,173.44,173.49,203193.0
14:44,173.46,173.58,173.42,173.51,268926.0
14:45,173.45,173.52,173.42,173.45,142538.0
14:46,173.48,173.52,173.38,173.45,239973.0
14:47,173.58,173.66,173.46,173.47,329890.0
14:48,173.73,173.74,173.58,173.6,252637.0
14:49,173.66,173.74,173.65,173.73,225498.0
14:50,173.7,173.77,173.57,173.66,263949.0
14:51,173.82,173.83,173.7,173.7,256679.0
14:52,173.74,173.83,173.71,173.82,218286.0
14:53,173.73,173.83,173.71,173.74,196838.0
14:54,173.72,173.75,173.67,173.74,166559.0
14:55,173.61,173.8,173.6,173.72,267993.0
14:56,173.52,173.66,173.51,173.6,264336.0
14:57,173.46,173.58,173.43,173.53,236066.0
14:58,173.41,173.48,173.4,173.46,203588.0
14:59,173.4,173.44,173.32,173.42,330645.0
15:00,173.6,173.64,173.4,173.4,257922.0
15:01,173.65,173.69,173.55,173.6,233374.0
15:02,173.6,173.71,173.52,173.65,213221.0
15:03,173.59,173.66,173.55,173.6,280435.0
15:04,173.69,173.72,173.59,173.6,185251.0
15:05,173.68,173.71,173.57,173.7,177044.0
15:06,173.81,173.83,173.62,173.68,262521.0
15:07,173.82,173.93,173.77,173.8,320920.0
15:08,173.88,173.91,173.79,173.81,193471.0
15:09,173.95,173.96,173.84,173.88,233630.0
15:10,174.0,174.01,173.93,173.94,262052.0
15:11,174.2,174.21,173.99,173.99,372465.0
15:12,174.43,174.44,174.2,174.2,440229.0
15:13,174.22,174.45,174.16,174.43,485607.0
15:14,174.29,174.43,174.23,174.23,367701.0
15:15,174.35,174.38,174.28,174.28,240119.0
15:16,174.37,174.38,174.25,174.36,298699.0
15:17,174.49,174.58,174.35,174.37,381728.0
15:18,174.6,174.61,174.49,174.49,334063.0
15:19,174.49,174.61,174.48,174.6,231788.0
15:20,174.6,174.63,174.42,174.49,262637.0
15:21,174.59,174.65,174.52,174.6,260896.0
15:22,174.58,174.61,174.52,174.59,188001.0
15:23,174.77,174.86,174.58,174.59,471416.0
15:24,174.79,174.82,174.71,174.74,227007.0
15:25,174.59,174.79,174.55,174.78,349665.0
15:26,174.48,174.68,174.46,174.59,557142.0
15:27,174.51,174.55,174.4,174.47,271534.0
15:28,174.54,174.62,174.46,174.48,216796.0
15:29,174.58,174.71,174.54,174.55,295739.0
15:30,174.54,174.62,174.46,174.58,293769.0
15:31,174.68,174.71,174.5,174.54,341658.0
15:32,174.62,174.71,174.53,174.69,281650.0
15:33,174.71,174.73,174.6,174.62,233382.0
15:34,174.82,174.83,174.68,174.71,1311305.0
15:35,174.82,174.87,174.76,174.82,278508.0
15:36,174.79,174.96,174.74,174.82,461199.0
15:37,174.62,174.78,174.6,174.78,346546.0
15:38,174.66,174.68,174.58,174.62,284919.0
15:39,174.54,174.68,174.51,174.66,313945.0
15:40,174.6,174.68,174.52,174.55,268226.0
15:41,174.49,174.63,174.43,174.6,320983.0
15:42,174.5,174.64,174.49,174.5,274416.0
15:43,174.57,174.62,174.51,174.51,196858.0
15:44,174.58,174.65,174.53,174.57,188665.0
15:45,174.69,174.72,174.53,174.59,269995.0
15:46,174.68,174.77,174.64,174.68,243154.0
15:47,174.63,174.69,174.57,174.68,206113.0
15:48,174.71,174.75,174.63,174.63,220158.0
15:49,174.84,174.84,174.65,174.71,336336.0
15:50,174.75,175.0,174.73,174.83,616047.0
15:51,174.66,174.84,174.65,174.76,412003.0
15:52,174.65,174.68,174.6,174.66,326072.0
15:53,174.77,174.78,174.65,174.65,344552.0
15:54,175.09,175.1,174.73,174.78,1083779.0
15:55,175.38,175.53,175.05,175.1,1346195.0
15:56,175.28,175.42,175.26,175.38,866693.0
15:57,175.45,175.49,175.27,175.27,919527.0
15:58,175.37,175.46,175.34,175.45,950857.0
15:59,175.39,175.49,175.32,175.37,1919628.0
