Time,Close,High,Low,Open,Volume
09:30,177.76,178.45,177.76,178.35,7777481.0
09:31,177.47,178.03,177.3,177.76,1103082.0
09:32,177.17,177.51,177.02,177.48,861896.0
09:33,176.62,177.17,176.61,177.15,1057280.0
09:34,177.12,177.12,176.57,176.65,845042.0
09:35,177.42,177.59,177.0,177.09,961253.0
09:36,177.35,177.42,177.02,177.42,647097.0
09:37,177.34,177.58,177.29,177.54,712875.0
09:38,177.6,177.64,177.18,177.33,656810.0
09:39,177.35,177.68,177.3,177.58,601073.0
09:40,176.87,177.4,176.85,177.34,867145.0
09:41,176.78,177.02,176.73,176.87,707576.0
09:42,177.02,177.05,176.73,176.8,630077.0
09:43,177.03,177.29,176.92,177.02,632678.0
09:44,177.01,177.11,176.82,177.01,537576.0
09:45,176.87,177.11,176.8,176.88,591091.0
09:46,177.23,177.41,176.85,176.88,772384.0
09:47,177.38,177.57,177.07,177.23,553283.0
09:48,177.64,177.69,177.28,177.4,552466.0
09:49,177.88,177.94,177.48,177.63,707913.0
09:50,177.63,177.89,177.5,177.83,536518.0
09:51,177.45,177.68,177.21,177.62,695148.0
09:52,177.2,177.73,177.15,177.45,655457.0
09:53,177.41,177.48,177.17,177.2,399880.0
09:54,177.59,177.63,177.35,177.39,363013.0
09:55,177.54,177.64,177.43,177.6,342137.0
09:56,177.89,177.91,177.57,177.57,554806.0
09:57,178.15,178.18,177.88,177.9,734649.0
09:58,178.29,178.34,178.06,178.15,649177.0
09:59,178.45,178.45,178.23,178.27,525283.0
10:00,178.35,178.77,178.35,178.45,1050392.0
10:01,178.85,178.88,178.25,178.35,817436.0
10:02,178.93,179.05,178.73,178.85,832949.0
10:03,179.05,179.13,178.83,178.93,661732.0
10:04,179.33,179.34,179.07,179.07,596708.0
10:05,179.07,179.41,178.96,179.33,877088.0
10:06,178.99,179.15,178.94,179.1,458073.0
10:07,179.1,179.13,178.93,178.97,434100.0
10:08,179.2,179.27,179.06,179.12,456848.0
10:09,179.09,179.31,179.07,179.19,386469.0
10:10,178.92,179.13,178.86,179.09,488492.0
10:11,178.85,179.04,178.76,178.92,602855.0
10:12,178.85,179.05,178.84,178.85,400658.0
10:13,178.98,179.05,178.8,178.87,336539.0
10:14,179.15,179.26,178.93,178.98,412343.0
10:15,179.24,179.24,179.02,179.14,364427.0
10:16,179.01,179.38,178.95,179.23,676022.0
10:17,179.14,179.18,179.01,179.02,362494.0
10:18,179.12,179.18,178.89,179.14,423240.0
10:19,178.83,179.12,178.83,179.12,309938.0
10:20,178.66,179.03,178.66,178.84,449348.0
10:21,178.79,178.99,178.6,178.66,477641.0
10:22,178.93,178.98,178.76,178.78,335979.0
10:23,179.07,179.11,178.92,178.93,359354.0
10:24,178.88,179.08,178.84,179.07,333327.0
10:25,178.99,179.08,178.87,178.88,326745.0
10:26,179.03,179.16,178.94,178.98,392959.0
10:27,179.13,179.25,178.93,179.02,543705.0
10:28,178.85,179.32,178.85,179.13,543794.0
10:29,178.99,179.02,178.83,178.85,320145.0
10:30,178.92,179.07,178.9,178.98,287847.0
10:31,179.08,179.1,178.86,178.9,307951.0
10:32,179.12,179.27,179.01,179.07,531695.0
10:33,179.19,179.26,179.02,179.12,333357.0
10:34,179.0,179.31,178.96,179.19,442258.0
10:35,179.36,179.42,178.99,179.01,521804.0
10:36,179.4,179.6,179.33,179.37,679234.0
10:37,179.66,179.7,179.38,179.38,487944.0
10:38,179.42,179.68,179.4,179.67,493491.0
10:39,179.49,179.58,179.34,179.42,491693.0
10:40,179.34,179.55,179.27,179.49,383847.0
10:41,179.42,179.46,179.24,179.33,350733.0
10:42,179.4,179.57,179.34,179.4,455309.0
10:43,179.15,179.41,179.12,179.39,960539.0
10:44,179.35,179.4,179.13,179.16,355403.0
10:45,179.32,179.48,179.24,179.34,340323.0
10:46,179.37,179.38,179.22,179.33,245855.0
10:47,179.51,179.54,179.34,179.36,397294.0
10:48,179.6,179.61,179.32,179.51,363743.0
10:49,179.79,179.82,179.57,179.6,561140.0
10:50,179.84,179.86,179.68,179.77,357520.0
10:51,179.85,179.9,179.78,179.84,460502.0
10:52,179.63,179.91,179.61,179.85,494173.0
10:53,179.72,179.8,179.63,179.64,312629.0
10:54,179.68,179.72,179.61,179.71,295074.0
10:55,179.48,179.67,179.47,179.67,489751.0
10:56,179.59,179.59,179.46,179.48,345658.0
10:57,179.74,179.77,179.57,179.59,405444.0
10:58,179.68,179.85,179.66,179.74,297042.0
10:59,179.88,179.9,179.65,179.68,483684.0
11:00,180.04,180.11,179.87,179.88,1252949.0
11:01,180.04,180.15,180.02,180.04,556945.0
11:02,180.29,180.3,180.04,180.04,616357.0
11:03,180.33,180.38,180.19,180.29,636629.0
11:04,180.3,180.38,180.25,180.34,424334.0
11:05,180.4,180.45,180.27,180.29,542052.0
11:06,180.56,180.63,180.37,180.39,769340.0
11:07,180.59,180.65,180.49,180.56,568496.0
11:08,180.63,180.65,180.48,180.6,458176.0
11:09,180.57,180.68,180.54,180.63,515555.0
11:10,180.74,180.83,180.55,180.57,696678.0
11:11,180.83,180.84,180.61,180.75,526098.0
11:12,180.79,180.89,180.75,180.84,479057.0
11:13,180.72,180.85,180.67,180.79,456199.0
11:14,180.68,180.74,180.57,180.73,447031.0
11:15,180.74,180.81,180.64,180.68,444177.0
11:16,180.8,180.83,180.72,180.74,326374.0
11:17,180.74,180.88,180.73,180.8,417007.0
11:18,180.57,180.76,180.57,180.73,999559.0
11:19,180.6,180.68,180.54,180.56,323122.0
11:20,180.63,180.77,180.55,180.6,435811.0
11:21,180.82,180.85,180.56,180.63,366317.0
11:22,181.05,181.06,180.78,180.82,908636.0
11:23,181.07,181.09,180.98,181.06,327302.0
11:24,181.07,181.09,181.01,181.08,335109.0
11:25,181.08,181.11,180.98,181.05,373612.0
11:26,181.06,181.12,180.98,181.09,412111.0
11:27,181.1,181.12,181.0,181.06,295939.0
11:28,181.17,181.19,181.1,181.1,332789.0
11:29,181.22,181.25,181.15,181.17,525105.0
11:30,181.29,181.36,181.23,181.24,640293.0
11:31,181.61,181.63,181.26,181.29,773140.0
11:32,181.51,181.62,181.46,181.61,514933.0
11:33,181.54,181.68,181.49,181.51,615161.0
11:34,181.44,181.56,181.4,181.54,396218.0
11:35,181.38,181.54,181.36,181.45,394903.0
11:36,181.17,181.4,181.17,181.38,522605.0
11:37,181.15,181.21,181.04,181.18,505482.0
11:38,181.38,181.38,181.12,181.15,402949.0
11:39,181.26,181.38,181.23,181.38,340247.0
11:40,181.38,181.39,181.24,181.26,302667.0
11:41,181.38,181.45,181.33,181.38,375952.0
11:42,181.31,181.45,181.3,181.39,341347.0
11:43,181.15,181.32,181.14,181.31,385748.0
11:44,181.27,181.35,181.13,181.16,338524.0
11:45,181.18,181.27,181.15,181.25,253368.0
11:46,181.13,181.19,181.04,181.18,432977.0
11:47,181.22,181.25,181.1,181.13,234189.0
11:48,181.1,181.28,181.1,181.23,267056.0
11:49,181.21,181.25,181.1,181.1,213053.0
11:50,181.53,181.54,181.2,181.21,573224.0
11:51,181.54,181.55,181.39,181.53,422236.0
11:52,181.57,181.64,181.51,181.53,423966.0
11:53,181.56,181.66,181.52,181.57,379168.0
11:54,181.37,181.56,181.33,181.55,315251.0
11:55,181.6,181.62,181.34,181.36,317294.0
11:56,181.48,181.63,181.45,181.6,246786.0
11:57,181.57,181.59,181.46,181.48,273331.0
11:58,181.51,181.62,181.5,181.58,291398.0
11:59,181.57,181.67,181.51,181.51,327877.0
12:00,181.74,181.74,181.55,181.57,413078.0
12:01,181.6,181.79,181.55,181.73,411332.0
12:02,181.6,181.66,181.55,181.59,271310.0
12:03,181.54,181.6,181.45,181.59,302447.0
12:04,181.57,181.6,181.52,181.53,183191.0
12:05,181.62,181.7,181.54,181.57,286941.0
12:06,181.76,181.82,181.62,181.64,541826.0
12:07,181.8,181.82,181.69,181.76,418717.0
12:08,181.8,181.81,181.72,181.81,266394.0
12:09,181.71,181.85,181.69,181.81,344455.0
12:10,181.64,181.78,181.54,181.71,367938.0
12:11,181.8,181.82,181.62,181.63,270157.0
12:12,181.74,181.81,181.65,181.8,216781.0
12:13,181.8,181.91,181.7,181.74,493529.0
12:14,181.77,181.82,181.7,181.79,261304.0
12:15,181.71,181.79,181.64,181.77,266819.0
12:16,181.69,181.72,181.62,181.71,249669.0
12:17,181.69,181.76,181.65,181.7,193641.0
12:18,181.71,181.76,181.68,181.68,582422.0
12:19,181.57,181.73,181.54,181.71,275439.0
12:20,181.54,181.63,181.53,181.57,252828.0
12:21,181.54,181.58,181.49,181.54,257769.0
12:22,181.65,181.66,181.5,181.54,265997.0
12:23,181.54,181.66,181.52,181.66,267866.0
12:24,181.48,181.54,181.45,181.53,228439.0
12:25,181.37,181.47,181.35,181.47,365816.0
12:26,181.37,181.43,181.35,181.37,258941.0
12:27,181.4,181.42,181.33,181.36,217715.0
12:28,181.52,181.58,181.39,181.39,445381.0
12:29,181.52,181.54,181.47,181.52,214961.0
12:30,181.46,181.54,181.42,181.51,246911.0
12:31,181.41,181.52,181.41,181.47,213294.0
12:32,181.42,181.46,181.4,181.41,177179.0
12:33,181.46,181.48,181.42,181.43,162056.0
12:34,181.5,181.54,181.44,181.47,239173.0
12:35,181.62,181.63,181.47,181.51,310765.0
12:36,181.59,181.66,181.55,181.62,230487.0
12:37,181.47,181.59,181.45,181.58,196467.0
12:38,181.43,181.5,181.39,181.47,204056.0
12:39,181.53,181.53,181.4,181.42,211770.0
12:40,181.58,181.58,181.52,181.52,195399.0
12:41,181.62,181.62,181.52,181.59,155167.0
12:42,181.6,181.67,181.58,181.62,194253.0
12:43,181.68,181.68,181.58,181.6,160050.0
12:44,181.65,181.71,181.6,181.68,218598.0
12:45,181.66,181.71,181.63,181.65,191535.0
12:46,181.62,181.66,181.59,181.65,189772.0
12:47,181.64,181.65,181.6,181.62,112534.0
12:48,181.52,181.65,181.49,181.65,209414.0
12:49,181.46,181.53,181.42,181.52,177547.0
12:50,181.35,181.45,181.32,181.45,302372.0
12:51,181.22,181.38,181.22,181.35,306783.0
12:52,181.23,181.31,181.2,181.22,314284.0
12:53,181.21,181.24,181.16,181.23,271878.0
12:54,181.18,181.21,181.13,181.21,217569.0
12:55,180.99,181.19,180.97,181.18,573505.0
12:56,181.1,181.18,180.93,180.98,445412.0
12:57,181.13,181.16,181.09,181.1,218989.0
12:58,181.19,181.21,181.12,181.13,250829.0
12:59,181.02,181.2,181.02,181.18,267967.0
13:00,180.83,181.05,180.83,181.02,355136.0
13:01,180.81,180.85,180.74,180.84,427666.0
13:02,180.88,180.91,180.77,180.81,282202.0
13:03,180.76,180.93,180.75,180.88,279406.0
13:04,180.7,180.83,180.62,180.76,459027.0
13:05,180.78,180.81,180.68,180.7,251513.0
13:06,181.01,181.01,180.77,180.77,353624.0
13:07,181.05,181.1,180.99,181.02,331507.0
13:08,181.01,181.06,180.96,181.05,234786.0
13:09,181.02,181.07,180.97,181.01,185139.0
13:10,180.85,181.02,180.82,181.02,328955.0
13:11,181.02,181.03,180.85,180.85,193296.0
13:12,180.97,181.02,180.93,181.01,147777.0
13:13,180.97,181.04,180.96,180.98,163952.0
13:14,180.78,180.99,180.78,180.98,228943.0
13:15,180.75,180.86,180.7,180.79,253734.0
13:16,180.76,180.79,180.71,180.75,185374.0
13:17,180.84,180.85,180.74,180.76,186198.0
13:18,180.81,180.86,180.77,180.83,233908.0
13:19,180.87,180.88,180.81,180.82,159434.0
13:20,180.71,180.87,180.71,180.87,188403.0
13:21,180.77,180.8,180.71,180.71,195948.0
13:22,181.01,181.01,180.74,180.77,336755.0
13:23,180.93,181.01,180.91,181.01,198374.0
13:24,181.01,181.05,180.93,180.93,217616.0
13:25,180.89,181.07,180.88,181.01,269837.0
13:26,180.96,180.98,180.89,180.89,145316.0
13:27,180.95,180.97,180.88,180.96,136451.0
13:28,180.83,180.97,180.82,180.94,172289.0
13:29,181.0,181.01,180.79,180.82,262406.0
13:30,181.01,181.08,180.98,181.0,244552.0
13:31,180.9,181.02,180.9,181.02,156911.0
13:32,180.99,181.02,180.91,180.91,136533.0
13:33,181.02,181.07,180.99,180.99,159376.0
13:34,180.93,181.04,180.93,181.02,124868.0
13:35,180.95,181.01,180.93,180.93,148199.0
13:36,180.93,181.02,180.93,180.95,183659.0
13:37,180.99,181.0,180.89,180.92,186451.0
13:38,180.95,180.99,180.94,180.98,106869.0
13:39,180.99,181.01,180.95,180.96,137901.0
13:40,180.8,180.99,180.78,180.98,237198.0
13:41,180.88,180.89,180.74,180.8,269866.0
13:42,180.89,180.96,180.82,180.86,175717.0
13:43,181.01,181.03,180.88,180.9,274156.0
13:44,181.11,181.13,181.0,181.01,259802.0
13:45,181.2,181.24,181.09,181.12,408030.0
13:46,181.24,181.25,181.2,181.21,222150.0
13:47,181.27,181.3,181.22,181.24,293842.0
13:48,181.29,181.32,181.25,181.26,218412.0
13:49,181.2,181.31,181.16,181.29,280109.0
13:50,181.19,181.22,181.15,181.21,347213.0
13:51,181.16,181.2,181.13,181.18,166282.0
13:52,181.15,181.23,181.12,181.16,178074.0
13:53,181.18,181.2,181.07,181.15,132803.0
13:54,181.21,181.25,181.15,181.18,264885.0
13:55,181.27,181.28,181.2,181.21,185435.0
13:56,181.35,181.37,181.26,181.26,257843.0
13:57,181.32,181.38,181.31,181.35,237016.0
13:58,181.27,181.34,181.26,181.32,186579.0
13:59,181.28,181.29,181.22,181.28,159860.0
14:00,181.18,181.3,181.15,181.29,184134.0
14:01,181.24,181.3,181.18,181.18,209129.0
14:02,181.25,181.29,181.22,181.24,194006.0
14:03,181.13,181.3,181.12,181.25,224109.0
14:04,181.14,181.17,181.12,181.13,125963.0
14:05,181.2,181.2,181.1,181.13,369625.0
14:06,181.1,181.22,181.08,181.2,204686.0
14:07,181.2,181.22,181.08,181.09,197354.0
14:08,181.28,181.29,181.18,181.19,226305.0
14:09,181.28,181.29,181.24,181.27,134003.0
14:10,181.25,181.29,181.23,181.27,129308.0
14:11,181.24,181.26,181.19,181.25,117146.0
14:12,181.29,181.34,181.24,181.24,197820.0
14:13,181.35,181.38,181.29,181.29,183083.0
14:14,181.37,181.38,181.32,181.35,130277.0
14:15,181.38,181.47,181.35,181.37,282613.0
14:16,181.32,181.4,181.29,181.38,206500.0
14:17,181.32,181.37,181.29,181.31,233832.0
14:18,181.29,181.35,181.24,181.32,110573.0
14:19,181.24,181.29,181.21,181.29,148143.0
14:20,181.31,181.34,181.23,181.23,187268.0
14:21,181.36,181.37,181.27,181.3,156309.0
14:22,181.26,181.44,181.24,181.35,252167.0
14:23,181.45,181.45,181.26,181.26,194666.0
14:24,181.38,181.48,181.38,181.44,282275.0
14:25,181.46,181.48,181.37,181.38,345522.0
14:26,181.42,181.48,181.39,181.46,181092.0
14:27,181.41,181.46,181.38,181.41,141258.0
14:28,181.45,181.48,181.4,181.4,156995.0
14:29,181.34,181.46,181.34,181.45,162984.0
14:30,181.32,181.39,181.31,181.34,149066.0
14:31,181.43,181.43,181.32,181.32,167473.0
14:32,181.51,181.52,181.41,181.43,341685.0
14:33,181.54,181.55,181.46,181.51,225100.0
14:34,181.42,181.55,181.42,181.53,202460.0
14:35,181.42,181.45,181.37,181.42,130887.0
14:36,181.36,181.43,181.34,181.43,153997.0
14:37,181.45,181.46,181.35,181.36,159561.0
14:38,181.44,181.45,181.41,181.44,93946.0
14:39,181.45,181.5,181.43,181.45,145237.0
14:40,181.29,181.47,181.28,181.44,232784.0
14:41,181.26,181.34,181.25,181.28,232092.0
14:42,181.23,181.3,181.22,181.26,130708.0
14:43,181.18,181.24,181.13,181.22,214622.0
14:44,181.15,181.23,181.15,181.18,151001.0
14:45,181.18,181.19,181.09,181.15,173679.0
14:46,181.24,181.24,181.13,181.18,183397.0
14:47,181.24,181.25,181.18,181.23,115596.0
14:48,181.26,181.31,181.2,181.24,202882.0
14:49,181.26,181.3,181.24,181.25,132785.0
14:50,181.36,181.37,181.22,181.27,191988.0
14:51,181.3,181.38,181.3,181.37,177177.0
14:52,181.29,181.31,181.2,181.31,161599.0
14:53,181.3,181.32,181.26,181.29,124960.0
14:54,181.32,181.33,181.29,181.31,90089.0
14:55,181.35,181.36,181.28,181.31,138207.0
14:56,181.48,181.49,181.32,181.35,206376.0
14:57,181.54,181.56,181.48,181.49,289613.0
14:58,181.51,181.55,181.45,181.54,187634.0
14:59,181.41,181.52,181.39,181.51,228743.0
15:00,181.37,181.44,181.36,181.4,176829.0
15:01,181.35,181.44,181.34,181.37,146673.0
15:02,181.27,181.35,181.23,181.35,241236.0
15:03,181.33,181.35,181.28,181.28,139250.0
15:04,181.37,181.39,181.31,181.32,107017.0
15:05,181.41,181.42,181.32,181.38,143971.0
15:06,181.43,181.45,181.38,181.4,194325.0
15:07,181.37,181.45,181.36,181.43,139052.0
15:08,181.54,181.56,181.36,181.37,258296.0
15:09,181.57,181.6,181.51,181.54,273610.0
15:10,181.55,181.67,181.52,181.58,364651.0
15:11,181.5,181.58,181.46,181.56,207027.0
15:12,181.5,181.56,181.49,181.49,206884.0
15:13,181.48,181.52,181.46,181.49,115148.0
15:14,181.42,181.46,181.41,181.46,140490.0
15:15,181.32,181.45,181.32,181.43,273257.0
15:16,181.23,181.33,181.17,181.32,295275.0
15:17,181.23,181.31,181.17,181.24,291278.0
15:18,181.21,181.24,181.13,181.23,279735.0
15:19,181.2,181.26,181.18,181.21,222006.0
15:20,181.26,181.27,181.19,181.2,200605.0
15:21,181.25,181.29,181.23,181.25,173586.0
15:22,181.24,181.25,181.2,181.24,131056.0
15:23,181.1,181.25,181.07,181.24,243783.0
15:24,181.07,181.12,181.06,181.1,228070.0
15:25,181.07,181.12,181.02,181.07,243605.0
15:26,180.99,181.09,180.94,181.07,445798.0
15:27,180.96,181.0,180.92,180.99,234847.0
15:28,181.01,181.01,180.94,180.96,263866.0
15:29,181.04,181.07,180.94,181.01,335522.0
15:30,181.04,181.07,181.02,181.03,215112.0
15:31,180.99,181.05,180.94,181.04,243602.0
15:32,180.93,181.02,180.93,180.99,190823.0
15:33,180.96,180.99,180.9,180.93,231455.0
15:34,180.96,180.99,180.9,180.96,202622.0
15:35,181.07,181.11,180.96,180.96,323669.0
15:36,181.11,181.14,181.03,181.07,249167.0
15:37,181.15,181.18,181.07,181.11,254787.0
15:38,181.23,181.24,181.15,181.16,304594.0
15:39,181.21,181.24,181.19,181.23,226534.0
15:40,181.18,181.21,181.16,181.2,219596.0
15:41,181.1,181.23,181.08,181.18,295062.0
15:42,180.99,181.12,180.98,181.1,269806.0
15:43,180.9,180.99,180.88,180.99,307170.0
15:44,180.93,180.95,180.9,180.9,239319.0
15:45,180.91,180.98,180.89,180.93,292176.0
15:46,180.98,180.99,180.91,180.91,225122.0
15:47,181.02,181.04,180.9,180.98,359851.0
15:48,181.04,181.05,180.95,181.01,387909.0
15:49,181.17,181.18,181.04,181.04,349262.0
15:50,180.88,181.25,180.86,181.16,752016.0
15:51,180.84,180.91,180.72,180.87,730965.0
15:52,180.72,180.82,180.71,180.82,366937.0
15:53,180.65,180.73,180.6,180.72,657603.0
15:54,180.65,180.76,180.56,180.64,723569.0
15:55,180.32,180.66,180.31,180.65,1061578.0
15:56,180.18,180.36,180.16,180.32,766914.0
15:57,179.93,180.18,179.89,180.18,1469899.0
15:58,179.93,179.96,179.88,179.93,1007985.0
15:59,179.84,179.99,179.58,179.93,2556533.0
