Time,Close,High,Low,Open,Volume
09:30,173.07,173.38,172.65,172.74,5509146.0
09:31,172.46,173.2,172.46,173.06,997675.0
09:32,171.8,172.47,171.68,172.45,1238662.0
09:33,172.17,172.25,171.75,171.79,791259.0
09:34,172.02,172.34,171.91,172.17,1054034.0
09:35,172.1,172.16,171.9,172.03,563554.0
09:36,172.12,172.22,171.91,172.1,637118.0
09:37,172.06,172.2,171.9,172.12,564541.0
09:38,172.23,172.25,171.9,172.07,735052.0
09:39,172.02,172.26,171.98,172.21,642028.0
09:40,171.95,172.05,171.77,172.02,784755.0
09:41,172.12,172.22,171.92,171.96,601991.0
09:42,172.09,172.13,171.96,172.12,378579.0
09:43,172.02,172.12,171.95,172.09,437362.0
09:44,171.98,172.03,171.95,171.98,337712.0
09:45,172.1,172.15,171.98,171.99,530483.0
09:46,172.54,172.6,172.08,172.09,1089833.0
09:47,172.59,172.62,172.44,172.54,506702.0
09:48,172.86,172.88,172.57,172.6,642079.0
09:49,172.71,172.87,172.68,172.87,576960.0
09:50,172.57,172.78,172.56,172.7,588762.0
09:51,172.54,172.58,172.46,172.57,485153.0
09:52,172.94,172.97,172.55,172.55,583001.0
09:53,172.8,172.98,172.74,172.94,465253.0
09:54,172.68,172.81,172.54,172.8,388641.0
09:55,172.73,172.79,172.63,172.68,292686.0
09:56,172.72,172.86,172.7,172.73,417361.0
09:57,172.68,172.82,172.68,172.74,316185.0
09:58,172.59,172.69,172.46,172.68,542726.0
09:59,172.43,172.61,172.38,172.59,439193.0
10:00,172.45,172.56,172.35,172.43,431186.0
10:01,172.21,172.46,172.21,172.44,432407.0
10:02,172.32,172.4,172.09,172.22,488682.0
10:03,172.37,172.4,172.23,172.32,287842.0
10:04,172.27,172.38,172.23,172.35,236190.0
10:05,172.28,172.38,172.22,172.27,284498.0
10:06,172.49,172.52,172.28,172.28,363174.0
10:07,172.53,172.56,172.42,172.48,367799.0
10:08,172.62,172.63,172.47,172.53,311468.0
10:09,172.59,172.71,172.58,172.61,352708.0
10:10,172.5,172.65,172.5,172.65,517252.0
10:11,172.57,172.67,172.47,172.51,347845.0
10:12,172.64,172.72,172.54,172.57,303899.0
10:13,172.58,172.66,172.57,172.63,229025.0
10:14,172.63,172.66,172.54,172.57,178350.0
10:15,172.53,172.72,172.5,172.63,404956.0
10:16,172.58,172.67,172.5,172.54,269181.0
10:17,172.5,172.6,172.48,172.58,264962.0
10:18,172.49,172.59,172.48,172.5,265566.0
10:19,172.48,172.56,172.44,172.49,313348.0
10:20,172.79,172.81,172.48,172.49,700841.0
10:21,172.75,172.83,172.71,172.79,459362.0
10:22,172.69,172.77,172.65,172.76,265284.0
10:23,172.74,172.75,172.67,172.7,207386.0
10:24,172.77,172.83,172.71,172.74,313860.0
10:25,172.92,172.92,172.75,172.77,410822.0
10:26,172.78,172.96,172.75,172.92,447013.0
10:27,172.86,172.89,172.75,172.79,298059.0
10:28,172.98,173.07,172.83,172.87,746581.0
10:29,173.08,173.09,172.97,172.98,386059.0
10:30,172.99,173.13,172.95,173.09,498804.0
10:31,173.01,173.09,172.99,173.0,276490.0
10:32,172.98,173.04,172.93,173.01,313234.0
10:33,173.01,173.05,172.98,172.98,264489.0
10:34,173.03,173.08,173.01,173.01,264506.0
10:35,173.04,173.1,172.99,173.03,283907.0
10:36,173.05,173.11,173.01,173.03,252568.0
10:37,173.07,173.12,173.01,173.05,243242.0
10:38,173.04,173.14,173.04,173.13,335448.0
10:39,172.98,173.06,172.96,173.04,273925.0
10:40,172.82,173.01,172.82,172.98,472985.0
10:41,172.88,172.96,172.82,172.82,276783.0
10:42,172.85,172.91,172.82,172.88,193784.0
10:43,172.8,172.87,172.78,172.85,270703.0
10:44,172.83,172.84,172.68,172.79,315354.0
10:45,172.73,172.82,172.71,172.82,182249.0
10:46,172.7,172.8,172.64,172.73,302374.0
10:47,172.71,172.77,172.65,172.69,301397.0
10:48,172.75,172.84,172.7,172.71,300702.0
10:49,172.69,172.76,172.65,172.74,181018.0
10:50,172.54,172.78,172.51,172.7,414018.0
10:51,172.51,172.54,172.45,172.54,327833.0
10:52,172.62,172.63,172.51,172.52,276549.0
10:53,172.69,172.7,172.6,172.62,168334.0
10:54,172.75,172.78,172.68,172.68,237793.0
10:55,172.9,172.9,172.75,172.76,362038.0
10:56,172.91,172.96,172.86,172.9,249306.0
10:57,172.9,172.96,172.86,172.92,209167.0
10:58,172.92,173.01,172.88,172.89,341192.0
10:59,172.9,172.93,172.85,172.93,186791.0
11:00,172.81,172.93,172.8,172.9,311538.0
11:01,172.83,172.85,172.79,172.82,270031.0
11:02,172.95,172.97,172.83,172.83,177029.0
11:03,173.0,173.02,172.92,172.95,391660.0
11:04,172.94,173.02,172.93,172.99,178178.0
11:05,172.99,173.0,172.92,172.95,199654.0
11:06,173.01,173.03,172.93,172.99,229512.0
11:07,172.85,173.03,172.82,173.02,227503.0
11:08,172.84,172.92,172.83,172.85,162744.0
11:09,172.82,172.86,172.81,172.84,145930.0
11:10,172.89,172.9,172.78,172.82,191434.0
11:11,172.93,172.96,172.88,172.88,149158.0
11:12,172.85,172.96,172.85,172.93,162873.0
11:13,172.91,172.92,172.83,172.85,115334.0
11:14,172.96,172.97,172.88,172.92,137888.0
11:15,172.97,172.99,172.92,172.96,138203.0
11:16,172.96,172.98,172.93,172.96,142896.0
11:17,172.88,172.99,172.86,172.95,184881.0
11:18,172.82,172.92,172.82,172.89,140708.0
11:19,172.81,172.83,172.78,172.82,225105.0
11:20,172.8,172.83,172.7,172.8,356586.0
11:21,172.82,172.84,172.79,172.8,142902.0
11:22,172.79,172.84,172.74,172.82,353761.0
11:23,172.77,172.79,172.7,172.78,180460.0
11:24,172.76,172.77,172.75,172.76,125852.0
11:25,172.75,172.77,172.74,172.76,58877.0
11:26,172.74,172.78,172.74,172.77,233740.0
11:27,172.8,172.83,172.74,172.75,162147.0
11:28,172.74,172.81,172.72,172.8,227585.0
11:29,172.7,172.76,172.66,172.74,202639.0
11:30,172.71,172.76,172.67,172.69,189819.0
11:31,172.71,172.74,172.67,172.72,150593.0
11:32,172.76,172.82,172.68,172.71,239066.0
11:33,172.76,172.79,172.75,172.75,96085.0
11:34,172.79,172.81,172.72,172.77,150166.0
11:35,172.76,172.79,172.71,172.78,117438.0
11:36,172.73,172.81,172.71,172.76,164970.0
11:37,172.69,172.73,172.64,172.72,221677.0
11:38,172.67,172.7,172.64,172.69,123716.0
11:39,172.63,172.69,172.62,172.65,176051.0
11:40,172.65,172.71,172.64,172.64,138810.0
11:41,172.64,172.7,172.63,172.65,150417.0
11:42,172.64,172.67,172.62,172.64,169571.0
11:43,172.59,172.65,172.58,172.65,235412.0
11:44,172.55,172.6,172.53,172.58,293784.0
11:45,172.51,172.56,172.47,172.56,344840.0
11:46,172.51,172.54,172.49,172.52,176518.0
11:47,172.54,172.56,172.47,172.51,222611.0
11:48,172.46,172.57,172.43,172.55,358667.0
11:49,172.4,172.48,172.4,172.46,240046.0
11:50,172.51,172.51,172.4,172.4,231142.0
11:51,172.54,172.55,172.45,172.5,198148.0
11:52,172.53,172.55,172.49,172.55,168832.0
11:53,172.52,172.56,172.48,172.52,206052.0
11:54,172.48,172.53,172.44,172.53,187946.0
11:55,172.4,172.49,172.4,172.47,127228.0
11:56,172.35,172.44,172.34,172.41,287996.0
11:57,172.28,172.35,172.28,172.35,274744.0
11:58,172.3,172.31,172.23,172.29,325577.0
11:59,172.36,172.38,172.29,172.3,203285.0
12:00,172.22,172.35,172.22,172.35,246672.0
12:01,172.27,172.29,172.16,172.21,401472.0
12:02,172.48,172.48,172.24,172.28,279005.0
12:03,172.47,172.49,172.39,172.48,252831.0
12:04,172.4,172.47,172.38,172.47,207053.0
12:05,172.35,172.43,172.27,172.4,208773.0
12:06,172.24,172.35,172.23,172.35,207285.0
12:07,172.26,172.27,172.19,172.24,165100.0
12:08,172.29,172.31,172.26,172.29,115851.0
12:09,172.26,172.29,172.14,172.28,338041.0
12:10,172.24,172.28,172.21,172.26,104556.0
12:11,172.27,172.33,172.23,172.24,143968.0
12:12,172.3,172.36,172.2,172.26,1202536.0
12:13,172.34,172.36,172.27,172.29,148099.0
12:14,172.3,172.36,172.29,172.32,111776.0
12:15,172.24,172.32,172.22,172.31,131524.0
12:16,172.08,172.25,172.05,172.24,276843.0
12:17,172.02,172.06,171.99,172.06,759919.0
12:18,171.99,172.02,171.92,172.01,372776.0
12:19,172.03,172.06,171.95,172.0,230604.0
12:20,172.0,172.06,172.0,172.03,202023.0
12:21,171.82,172.01,171.81,172.01,501453.0
12:22,171.55,171.82,171.48,171.81,975693.0
12:23,171.62,171.65,171.45,171.55,620074.0
12:24,171.65,171.68,171.58,171.61,307412.0
12:25,171.74,171.79,171.61,171.65,328443.0
12:26,171.84,171.85,171.71,171.74,320534.0
12:27,171.98,171.98,171.84,171.85,350935.0
12:28,172.03,172.04,171.95,171.98,315546.0
12:29,172.03,172.05,171.99,172.01,193343.0
12:30,172.01,172.06,171.99,172.03,211301.0
12:31,172.01,172.05,171.99,172.02,209543.0
12:32,172.1,172.1,172.01,172.01,254397.0
12:33,172.14,172.18,172.08,172.1,245114.0
12:34,172.17,172.19,172.1,172.14,124154.0
12:35,172.15,172.2,172.14,172.17,144963.0
12:36,172.11,172.16,172.1,172.16,204836.0
12:37,172.12,172.12,172.06,172.1,156619.0
12:38,172.12,172.14,172.05,172.11,143292.0
12:39,172.14,172.15,172.07,172.12,206100.0
12:40,172.13,172.15,172.08,172.13,166845.0
12:41,172.25,172.26,172.12,172.13,207290.0
12:42,172.25,172.29,172.2,172.25,227085.0
12:43,172.32,172.36,172.24,172.24,198745.0
12:44,172.26,172.34,172.24,172.32,174128.0
12:45,172.24,172.3,172.23,172.26,134085.0
12:46,172.24,172.32,172.24,172.24,147426.0
12:47,172.2,172.25,172.17,172.24,190658.0
12:48,172.22,172.28,172.18,172.18,159506.0
12:49,172.22,172.23,172.17,172.22,269222.0
12:50,172.23,172.26,172.21,172.22,100187.0
12:51,172.26,172.28,172.17,172.24,183328.0
12:52,172.3,172.32,172.24,172.26,147454.0
12:53,172.36,172.37,172.3,172.31,156680.0
12:54,172.34,172.39,172.33,172.36,158200.0
12:55,172.35,172.39,172.33,172.34,161247.0
12:56,172.41,172.42,172.34,172.36,187813.0
12:57,172.42,172.45,172.4,172.41,200976.0
12:58,172.38,172.42,172.36,172.42,127408.0
12:59,172.35,172.38,172.33,172.38,113501.0
13:00,172.38,172.39,172.31,172.35,113521.0
13:01,172.4,172.43,172.38,172.39,113900.0
13:02,172.48,172.53,172.4,172.4,345130.0
13:03,172.5,172.54,172.47,172.48,204389.0
13:04,172.51,172.53,172.49,172.49,115452.0
13:05,172.5,172.54,172.49,172.51,132692.0
13:06,172.4,172.53,172.4,172.49,161227.0
13:07,172.33,172.42,172.32,172.4,175379.0
13:08,172.36,172.36,172.3,172.32,257179.0
13:09,172.32,172.39,172.31,172.35,103288.0
13:10,172.3,172.33,172.25,172.32,145894.0
13:11,172.24,172.31,172.24,172.31,130786.0
13:12,172.27,172.29,172.2,172.25,222068.0
13:13,172.35,172.36,172.26,172.28,152787.0
13:14,172.41,172.43,172.34,172.35,481968.0
13:15,172.4,172.42,172.35,172.4,86745.0
13:16,172.45,172.47,172.39,172.39,121391.0
13:17,172.52,172.54,172.44,172.44,163360.0
13:18,172.51,172.57,172.49,172.53,192408.0
13:19,172.49,172.52,172.49,172.51,100098.0
13:20,172.46,172.51,172.45,172.49,99812.0
13:21,172.52,172.56,172.44,172.46,140583.0
13:22,172.49,172.54,172.46,172.51,158871.0
13:23,172.51,172.51,172.45,172.49,68760.0
13:24,172.51,172.54,172.5,172.5,142029.0
13:25,172.53,172.55,172.5,172.51,126994.0
13:26,172.6,172.62,172.52,172.52,244765.0
13:27,172.55,172.61,172.55,172.6,116621.0
13:28,172.59,172.61,172.55,172.56,110161.0
13:29,172.55,172.6,172.55,172.59,74132.0
13:30,172.58,172.59,172.55,172.56,69410.0
13:31,172.57,172.59,172.53,172.59,92255.0
13:32,172.62,172.64,172.57,172.59,130068.0
13:33,172.61,172.64,172.6,172.61,83674.0
13:34,172.57,172.62,172.56,172.62,86075.0
13:35,172.58,172.59,172.54,172.57,93434.0
13:36,172.56,172.59,172.56,172.58,89241.0
13:37,172.59,172.61,172.56,172.56,107455.0
13:38,172.6,172.61,172.53,172.55,191840.0
13:39,172.6,172.61,172.51,172.55,276226.0
13:40,172.59,172.62,172.58,172.6,90168.0
13:41,172.57,172.64,172.55,172.6,138919.0
13:42,172.57,172.61,172.55,172.58,102479.0
13:43,172.57,172.61,172.54,172.57,109360.0
13:44,172.58,172.62,172.57,172.58,64985.0
13:45,172.55,172.62,172.55,172.57,140963.0
13:46,172.63,172.64,172.54,172.55,157273.0
13:47,172.65,172.66,172.59,172.64,134731.0
13:48,172.62,172.68,172.6,172.65,152459.0
13:49,172.61,172.64,172.6,172.61,92461.0
13:50,172.63,172.64,172.61,172.62,71158.0
13:51,172.69,172.71,172.62,172.63,152232.0
13:52,172.69,172.74,172.68,172.68,130160.0
13:53,172.73,172.76,172.68,172.7,134351.0
13:54,172.74,172.75,172.71,172.73,87921.0
13:55,172.74,172.76,172.72,172.75,160608.0
13:56,172.71,172.76,172.71,172.74,82325.0
13:57,172.7,172.73,172.7,172.71,74205.0
13:58,172.65,172.71,172.64,172.69,99479.0
13:59,172.64,172.66,172.62,172.64,124694.0
14:00,172.63,172.65,172.6,172.65,114559.0
14:01,172.67,172.67,172.63,172.63,89375.0
14:02,172.61,172.67,172.6,172.66,80648.0
14:03,172.57,172.61,172.56,172.6,87073.0
14:04,172.51,172.57,172.5,172.56,170712.0
14:05,172.52,172.59,172.47,172.5,307256.0
14:06,172.56,172.57,172.53,172.53,72767.0
14:07,172.58,172.58,172.54,172.55,68991.0
14:08,172.57,172.59,172.55,172.58,90282.0
14:09,172.55,172.58,172.55,172.58,88923.0
14:10,172.58,172.59,172.53,172.55,93098.0
14:11,172.55,172.59,172.55,172.58,94315.0
14:12,172.6,172.6,172.52,172.55,103430.0
14:13,172.62,172.63,172.57,172.6,138324.0
14:14,172.63,172.66,172.61,172.61,165643.0
14:15,172.72,172.73,172.63,172.63,161906.0
14:16,172.71,172.72,172.65,172.72,142645.0
14:17,172.72,172.73,172.67,172.71,138383.0
14:18,172.72,172.74,172.71,172.73,98551.0
14:19,172.68,172.71,172.66,172.71,97699.0
14:20,172.66,172.71,172.66,172.68,75737.0
14:21,172.73,172.76,172.66,172.66,135798.0
14:22,172.8,172.81,172.73,172.74,222065.0
14:23,172.78,172.81,172.77,172.8,125269.0
14:24,172.76,172.8,172.74,172.79,122381.0
14:25,172.75,172.77,172.7,172.76,181895.0
14:26,172.71,172.76,172.71,172.74,99119.0
14:27,172.76,172.76,172.7,172.71,72168.0
14:28,172.71,172.77,172.69,172.76,92849.0
14:29,172.7,172.71,172.67,172.71,82871.0
14:30,172.66,172.72,172.64,172.7,116952.0
14:31,172.68,172.73,172.66,172.67,90890.0
14:32,172.7,172.73,172.67,172.68,90474.0
14:33,172.7,172.7,172.67,172.7,75087.0
14:34,172.65,172.71,172.65,172.7,65534.0
14:35,172.64,172.68,172.64,172.65,58647.0
14:36,172.62,172.65,172.59,172.63,85838.0
14:37,172.59,172.62,172.59,172.62,74665.0
14:38,172.56,172.6,172.55,172.59,161396.0
14:39,172.57,172.59,172.55,172.56,72967.0
14:40,172.52,172.57,172.52,172.57,109947.0
14:41,172.53,172.53,172.48,172.52,206537.0
14:42,172.55,172.57,172.53,172.53,117303.0
14:43,172.52,172.56,172.49,172.55,131472.0
14:44,172.49,172.52,172.45,172.51,131578.0
14:45,172.53,172.54,172.48,172.49,96446.0
14:46,172.51,172.53,172.49,172.52,81345.0
14:47,172.38,172.5,172.3,172.5,358637.0
14:48,172.36,172.43,172.34,172.38,152390.0
14:49,172.37,172.37,172.29,172.36,145717.0
14:50,172.31,172.41,172.3,172.36,165665.0
14:51,172.31,172.38,172.3,172.31,151987.0
14:52,172.29,172.32,172.27,172.31,167686.0
14:53,172.31,172.34,172.23,172.29,204959.0
14:54,172.28,172.3,172.24,172.3,108137.0
14:55,172.26,172.29,172.23,172.28,116199.0
14:56,172.21,172.25,172.18,172.25,200875.0
14:57,172.29,172.29,172.19,172.21,162642.0
14:58,172.34,172.35,172.27,172.28,165200.0
14:59,172.29,172.38,172.29,172.35,149288.0
15:00,172.35,172.35,172.29,172.3,100910.0
15:01,172.29,172.35,172.24,172.35,186517.0
15:02,172.24,172.28,172.16,172.28,305309.0
15:03,172.2,172.24,172.19,172.24,88115.0
15:04,172.2,172.23,172.19,172.2,144396.0
15:05,172.16,172.21,172.12,172.19,167108.0
15:06,172.07,172.19,172.06,172.16,201754.0
15:07,172.21,172.22,172.05,172.07,252865.0
15:08,172.16,172.22,172.14,172.21,196536.0
15:09,172.17,172.29,172.14,172.15,278894.0
15:10,172.09,172.22,172.05,172.17,383726.0
15:11,172.13,172.18,172.05,172.09,185164.0
15:12,172.1,172.15,172.07,172.13,161876.0
15:13,172.1,172.11,172.05,172.1,155847.0
15:14,172.15,172.17,172.08,172.15,136140.0
15:15,172.09,172.16,172.09,172.15,120722.0
15:16,172.01,172.1,171.97,172.1,456064.0
15:17,172.01,172.04,171.99,172.0,183734.0
15:18,172.13,172.16,171.99,172.01,222876.0
15:19,172.1,172.15,172.08,172.13,147154.0
15:20,172.06,172.1,172.04,172.09,128516.0
15:21,172.06,172.1,172.02,172.07,187076.0
15:22,172.01,172.09,171.99,172.05,244563.0
15:23,172.12,172.12,172.0,172.01,167282.0
15:24,172.11,172.12,172.08,172.12,113000.0
15:25,172.16,172.18,172.11,172.12,231595.0
15:26,172.06,172.17,172.05,172.15,232907.0
15:27,171.98,172.05,171.97,172.05,300729.0
15:28,171.91,171.98,171.91,171.98,173389.0
15:29,171.96,171.99,171.86,171.92,324527.0
15:30,172.05,172.09,171.95,171.96,243903.0
15:31,172.12,172.13,172.05,172.05,184137.0
15:32,172.09,172.15,172.05,172.12,135304.0
15:33,172.05,172.11,172.04,172.09,213660.0
15:34,172.02,172.05,171.98,172.05,158696.0
15:35,171.9,172.01,171.88,172.01,288626.0
15:36,171.98,172.01,171.86,171.89,319652.0
15:37,171.96,171.98,171.92,171.98,142580.0
15:38,171.97,171.98,171.89,171.96,150005.0
15:39,171.94,171.98,171.91,171.96,126158.0
15:40,172.05,172.06,171.94,171.95,247596.0
15:41,172.01,172.06,172.0,172.05,184650.0
15:42,171.82,172.03,171.82,172.02,334541.0
15:43,171.79,171.86,171.76,171.82,355450.0
15:44,171.76,171.81,171.72,171.78,256926.0
15:45,171.77,171.82,171.71,171.75,280123.0
15:46,171.7,171.77,171.67,171.76,270034.0
15:47,171.53,171.7,171.53,171.7,385904.0
15:48,171.64,171.68,171.53,171.54,383082.0
15:49,171.64,171.66,171.61,171.65,276975.0
15:50,171.71,171.8,171.61,171.63,455330.0
15:51,171.64,171.72,171.59,171.72,350639.0
15:52,171.52,171.65,171.51,171.65,407420.0
15:53,171.57,171.58,171.5,171.53,537352.0
15:54,171.52,171.68,171.38,171.57,840200.0
15:55,171.4,171.55,171.4,171.52,381615.0
15:56,171.29,171.41,171.28,171.4,529679.0
15:57,171.24,171.29,171.2,171.29,611025.0
15:58,171.32,171.32,171.23,171.24,661673.0
15:59,171.46,171.48,171.06,171.31,2040154.0
