Time,Close,High,Low,Open,Volume
09:30,143.96,143.99,143.05,143.2,9140964.0
09:31,143.8,144.2,143.72,143.98,2315648.0
09:32,144.31,144.39,143.78,143.81,1524914.0
09:33,144.42,144.49,144.09,144.32,1627832.0
09:34,144.43,144.7,144.37,144.41,1809130.0
09:35,143.99,144.59,143.97,144.44,1411591.0
09:36,143.93,143.99,143.62,143.98,1155562.0
09:37,143.75,144.14,143.68,143.93,1003766.0
09:38,142.92,143.75,142.9,143.75,1279459.0
09:39,143.12,143.27,142.9,142.93,1002626.0
09:40,143.31,143.35,143.04,143.13,779157.0
09:41,143.47,143.52,143.21,143.29,782293.0
09:42,143.35,143.56,143.2,143.47,854357.0
09:43,143.31,143.46,143.28,143.35,503058.0
09:44,143.35,143.5,143.21,143.31,631655.0
09:45,143.1,143.41,143.06,143.35,553100.0
09:46,143.51,143.57,143.15,143.18,894327.0
09:47,143.82,143.88,143.5,143.51,1054441.0
09:48,143.74,143.84,143.6,143.83,489934.0
09:49,143.65,143.76,143.6,143.73,449670.0
09:50,143.6,143.79,143.54,143.65,484490.0
09:51,143.53,143.69,143.52,143.6,150754.0
09:52,143.85,143.92,143.74,143.84,911495.0
09:53,143.82,143.88,143.79,143.85,372703.0
09:54,143.94,143.99,143.76,143.82,476456.0
09:55,143.9,143.97,143.73,143.93,386091.0
09:56,143.7,143.9,143.69,143.88,369914.0
09:57,143.74,143.86,143.71,143.71,427048.0
09:58,143.66,143.78,143.59,143.74,448596.0
09:59,143.62,143.71,143.57,143.65,357227.0
10:00,143.79,143.86,143.57,143.63,426268.0
10:01,143.71,143.92,143.7,143.78,442254.0
10:02,143.6,143.77,143.57,143.7,468950.0
10:03,143.6,143.61,143.4,143.57,614585.0
10:04,143.51,143.69,143.51,143.6,330875.0
10:05,143.57,143.72,143.51,143.51,356649.0
10:06,143.49,143.61,143.47,143.56,372163.0
10:07,143.56,143.58,143.46,143.49,224142.0
10:08,143.52,143.59,143.48,143.56,247709.0
10:09,143.7,143.8,143.52,143.52,454424.0
10:10,143.81,143.92,143.64,143.7,625170.0
10:11,143.89,143.9,143.8,143.82,294649.0
10:12,144.17,144.18,143.98,143.98,1226281.0
10:13,144.01,144.18,144.0,144.16,469605.0
10:14,144.15,144.16,144.0,144.01,403041.0
10:15,144.09,144.21,144.05,144.14,479883.0
10:16,144.09,144.22,144.02,144.09,457476.0
10:17,144.04,144.14,144.02,144.09,415984.0
10:18,143.95,144.06,143.9,144.04,465404.0
10:19,143.95,143.98,143.9,143.95,304562.0
10:20,144.15,144.19,143.91,143.95,465977.0
10:21,144.07,144.17,144.02,144.15,318796.0
10:22,144.14,144.15,144.04,144.07,306618.0
10:23,144.19,144.24,144.11,144.13,433053.0
10:24,144.13,144.34,144.13,144.2,548252.0
10:25,144.19,144.23,144.1,144.13,333374.0
10:26,144.21,144.35,144.18,144.19,421635.0
10:27,144.31,144.35,144.19,144.21,297129.0
10:28,144.27,144.35,144.18,144.3,369469.0
10:29,144.38,144.38,144.25,144.26,339833.0
10:30,144.32,144.44,144.28,144.38,497987.0
10:31,144.4,144.48,144.3,144.33,479983.0
10:32,144.6,144.7,144.4,144.4,1289752.0
10:33,144.67,144.7,144.55,144.61,772215.0
10:34,144.77,144.79,144.61,144.68,1127279.0
10:35,144.66,144.87,144.6,144.77,1270329.0
10:36,144.88,144.9,144.61,144.66,916560.0
10:37,144.88,144.93,144.8,144.89,656735.0
10:38,144.79,144.9,144.78,144.86,483866.0
10:39,144.92,144.94,144.76,144.79,1150018.0
10:40,144.93,144.99,144.86,144.94,866649.0
10:41,144.91,145.0,144.88,144.93,859054.0
10:42,144.91,144.97,144.9,144.94,468584.0
10:43,144.78,144.95,144.77,144.9,582463.0
10:44,144.69,144.83,144.63,144.77,670823.0
10:45,144.54,144.75,144.5,144.69,963721.0
10:46,144.54,144.6,144.46,144.53,549647.0
10:47,144.68,144.73,144.47,144.54,646283.0
10:48,144.6,144.8,144.6,144.69,433830.0
10:49,144.66,144.7,144.47,144.61,437927.0
10:50,144.74,144.75,144.58,144.65,375635.0
10:51,144.62,144.78,144.59,144.75,402232.0
10:52,144.67,144.69,144.59,144.6,280915.0
10:53,144.62,144.69,144.59,144.67,226793.0
10:54,144.53,144.66,144.47,144.62,393278.0
10:55,144.46,144.52,144.44,144.52,378353.0
10:56,144.24,144.47,144.19,144.46,648590.0
10:57,144.23,144.26,144.04,144.25,817248.0
10:58,144.24,144.37,144.21,144.23,597087.0
10:59,144.24,144.3,144.19,144.24,250187.0
11:00,144.23,144.28,144.13,144.24,390681.0
11:01,144.12,144.29,144.07,144.24,879282.0
11:02,144.3,144.32,144.09,144.12,296900.0
11:03,144.37,144.4,144.29,144.3,546446.0
11:04,144.38,144.46,144.34,144.37,1.0
11:05,144.51,144.55,144.33,144.38,582252.0
11:06,144.37,144.42,144.37,144.4,246409.0
11:07,144.4,144.4,144.25,144.37,276733.0
11:08,144.51,144.52,144.37,144.4,348302.0
11:09,144.41,144.52,144.4,144.51,185580.0
11:10,144.4,144.48,144.38,144.41,198374.0
11:11,144.38,144.44,144.29,144.4,286939.0
11:12,144.58,144.6,144.37,144.38,499866.0
11:13,144.3,144.61,144.27,144.57,390345.0
11:14,144.3,144.35,144.25,144.3,271338.0
11:15,144.12,144.3,144.1,144.3,406612.0
11:16,144.09,144.16,144.06,144.13,316407.0
11:17,143.88,144.11,143.88,144.09,633617.0
11:18,143.81,143.95,143.81,143.89,547985.0
11:19,143.67,143.81,143.57,143.8,671377.0
11:20,143.78,143.81,143.62,143.65,443517.0
11:21,143.66,143.8,143.64,143.77,452215.0
11:22,143.69,143.71,143.46,143.65,739875.0
11:23,143.51,143.51,143.47,143.51,480062.0
11:24,143.5,143.55,143.4,143.5,616983.0
11:25,143.38,143.51,143.32,143.49,661459.0
11:26,143.25,143.4,143.24,143.38,534297.0
11:27,143.17,143.26,143.13,143.25,511547.0
11:28,143.17,143.26,143.14,143.17,543266.0
11:29,143.18,143.21,143.08,143.18,599354.0
11:30,143.49,143.5,143.18,143.19,730988.0
11:31,143.24,143.5,143.23,143.49,493687.0
11:32,143.21,143.26,143.04,143.23,727591.0
11:33,143.18,143.28,143.03,143.21,661930.0
11:34,142.88,143.21,142.84,143.18,2557611.0
11:35,142.96,143.0,142.87,142.88,611157.0
11:36,142.71,142.88,142.65,142.86,778107.0
11:37,142.7,142.81,142.64,142.7,585457.0
11:38,143.02,143.05,142.65,142.69,615731.0
11:39,143.2,143.2,142.99,143.01,684879.0
11:40,142.9,143.2,142.87,143.2,727710.0
11:41,142.71,142.9,142.68,142.9,719579.0
11:42,142.6,142.71,142.48,142.7,1229229.0
11:43,142.5,142.61,142.46,142.6,529843.0
11:44,142.65,142.71,142.5,142.51,474289.0
11:45,142.55,142.68,142.52,142.66,1666817.0
11:46,142.6,142.72,142.47,142.55,654808.0
11:47,142.55,142.63,142.4,142.6,685745.0
11:48,142.48,142.59,142.47,142.55,416263.0
11:49,142.51,142.51,142.44,142.48,426869.0
11:50,142.59,142.64,142.5,142.51,600889.0
11:51,142.75,142.82,142.55,142.59,707589.0
11:52,142.72,142.82,142.68,142.76,749169.0
11:53,142.78,142.89,142.7,142.74,690256.0
11:54,142.65,142.8,142.6,142.79,324842.0
11:55,142.75,142.76,142.61,142.65,1459985.0
11:56,142.67,142.82,142.66,142.76,347812.0
11:57,142.8,142.8,142.57,142.67,561771.0
11:58,142.7,142.81,142.67,142.8,292898.0
11:59,142.84,142.87,142.7,142.7,352829.0
12:00,142.8,142.82,142.67,142.72,535156.0
12:01,142.76,142.77,142.63,142.74,717484.0
12:02,142.71,142.77,142.62,142.76,300541.0
12:03,142.68,142.76,142.66,142.71,303295.0
12:04,142.8,142.81,142.58,142.68,387255.0
12:05,142.96,142.98,142.75,142.81,1038095.0
12:06,142.95,143.05,142.9,142.96,543987.0
12:07,142.87,142.97,142.86,142.94,655235.0
12:08,142.61,142.87,142.6,142.86,522221.0
12:09,142.48,142.6,142.42,142.6,970700.0
12:10,142.32,142.5,142.19,142.49,921169.0
12:11,142.15,142.35,142.09,142.32,537072.0
12:12,142.28,142.29,142.14,142.15,450785.0
12:13,142.34,142.34,142.15,142.27,358982.0
12:14,142.24,142.35,142.23,142.34,285829.0
12:15,142.26,142.33,142.2,142.24,276636.0
12:16,142.25,142.29,142.17,142.26,253487.0
12:17,142.1,142.11,142.07,142.07,965886.0
12:18,142.13,142.15,142.03,142.11,340303.0
12:19,142.1,142.18,142.05,142.13,245036.0
12:20,142.28,142.28,142.07,142.11,265264.0
12:21,142.29,142.32,142.16,142.27,399566.0
12:22,142.42,142.45,142.29,142.29,449733.0
12:23,142.37,142.51,142.36,142.43,542998.0
12:24,142.35,142.43,142.31,142.38,424840.0
12:25,142.38,142.38,142.31,142.36,236454.0
12:26,142.39,142.47,142.29,142.38,378986.0
12:27,142.27,142.43,142.25,142.38,303124.0
12:28,142.28,142.29,142.21,142.27,282395.0
12:29,142.23,142.29,142.16,142.28,244359.0
12:30,142.34,142.35,142.16,142.23,314308.0
12:31,142.45,142.46,142.31,142.34,250019.0
12:32,142.55,142.55,142.38,142.45,307300.0
12:33,142.57,142.63,142.51,142.54,444587.0
12:34,142.66,142.68,142.57,142.57,362943.0
12:35,142.57,142.68,142.56,142.66,234954.0
12:36,142.61,142.65,142.53,142.58,228196.0
12:37,142.65,142.67,142.55,142.62,197774.0
12:38,142.69,142.7,142.59,142.65,191046.0
12:39,142.66,142.7,142.63,142.7,228991.0
12:40,142.54,142.66,142.54,142.66,323852.0
12:41,142.46,142.53,142.42,142.53,384877.0
12:42,142.44,142.46,142.38,142.46,247188.0
12:43,142.49,142.5,142.35,142.43,319643.0
12:44,142.5,142.55,142.43,142.49,224003.0
12:45,142.53,142.57,142.5,142.54,339538.0
12:46,142.57,142.59,142.57,142.59,455074.0
12:47,142.54,142.59,142.53,142.56,124243.0
12:48,142.55,142.56,142.51,142.54,140557.0
12:49,142.55,142.58,142.48,142.54,174759.0
12:50,142.7,142.71,142.54,142.55,301130.0
12:51,142.79,142.85,142.68,142.7,465144.0
12:52,142.78,142.82,142.72,142.79,205694.0
12:53,142.76,142.8,142.72,142.77,273040.0
12:54,142.71,142.76,142.68,142.76,185102.0
12:55,142.68,142.74,142.67,142.7,238485.0
12:56,142.66,142.72,142.64,142.68,178157.0
12:57,142.66,142.72,142.63,142.66,169265.0
12:58,142.64,142.72,142.63,142.68,187728.0
12:59,142.69,142.71,142.58,142.63,293382.0
13:00,142.64,142.74,142.62,142.69,228079.0
13:01,142.79,142.8,142.65,142.65,224725.0
13:02,142.76,142.81,142.75,142.8,183051.0
13:03,142.68,142.76,142.66,142.76,199728.0
13:04,142.71,142.75,142.68,142.68,130366.0
13:05,142.68,142.73,142.67,142.71,186119.0
13:06,142.8,142.81,142.64,142.68,250611.0
13:07,142.75,142.83,142.72,142.79,156844.0
13:08,142.78,142.82,142.74,142.74,150378.0
13:09,142.75,142.8,142.74,142.77,128485.0
13:10,142.85,142.85,142.75,142.75,226135.0
13:11,142.74,142.85,142.71,142.85,265625.0
13:12,142.73,142.75,142.65,142.74,229271.0
13:13,142.89,142.92,142.72,142.73,268351.0
13:14,142.91,142.92,142.86,142.89,196283.0
13:15,142.88,142.95,142.82,142.9,207835.0
13:16,142.85,142.88,142.81,142.88,120434.0
13:17,142.69,142.85,142.67,142.85,247742.0
13:18,142.69,142.7,142.59,142.69,285992.0
13:19,142.71,142.73,142.64,142.68,150585.0
13:20,142.7,142.75,142.65,142.71,146962.0
13:21,142.68,142.75,142.64,142.71,208202.0
13:22,142.6,142.69,142.59,142.68,194896.0
13:23,142.61,142.61,142.56,142.61,180332.0
13:24,142.67,142.67,142.58,142.6,132202.0
13:25,142.93,143.02,142.64,142.66,724819.0
13:26,142.83,143.05,142.82,142.93,666237.0
13:27,142.81,142.87,142.74,142.85,231549.0
13:28,142.84,142.89,142.79,142.8,136208.0
13:29,142.77,142.85,142.75,142.84,148761.0
13:30,142.74,142.79,142.7,142.77,182192.0
13:31,142.66,142.76,142.61,142.73,212993.0
13:32,142.68,142.68,142.62,142.67,153999.0
13:33,142.7,142.71,142.65,142.68,145794.0
13:34,142.62,142.69,142.61,142.69,160866.0
13:35,142.55,142.62,142.5,142.62,206650.0
13:36,142.59,142.64,142.54,142.55,199308.0
13:37,142.6,142.63,142.56,142.58,193540.0
13:38,142.56,142.6,142.54,142.59,153501.0
13:39,142.62,142.62,142.54,142.55,105245.0
13:40,142.64,142.65,142.59,142.62,115483.0
13:41,142.56,142.65,142.52,142.65,160844.0
13:42,142.49,142.56,142.46,142.55,173883.0
13:43,142.51,142.55,142.48,142.49,131894.0
13:44,142.57,142.6,142.52,142.52,140990.0
13:45,142.63,142.65,142.57,142.57,166617.0
13:46,142.62,142.64,142.6,142.63,138669.0
13:47,142.44,142.63,142.41,142.63,226634.0
13:48,142.46,142.48,142.42,142.45,154904.0
13:49,142.39,142.47,142.37,142.47,229388.0
13:50,142.32,142.44,142.25,142.39,408965.0
13:51,142.22,142.31,142.2,142.31,276452.0
13:52,142.25,142.3,142.22,142.23,205797.0
13:53,142.2,142.27,142.14,142.25,261917.0
13:54,142.05,142.2,141.99,142.19,600923.0
13:55,142.05,142.08,141.97,142.05,405265.0
13:56,142.32,142.32,142.05,142.05,356975.0
13:57,142.34,142.38,142.26,142.31,226140.0
13:58,142.31,142.34,142.25,142.34,173364.0
13:59,142.32,142.32,142.28,142.31,134041.0
14:00,142.32,142.33,142.23,142.32,205980.0
14:01,142.24,142.34,142.18,142.33,309133.0
14:02,142.28,142.28,142.16,142.23,206821.0
14:03,142.34,142.41,142.27,142.27,284163.0
14:04,142.36,142.38,142.29,142.34,175944.0
14:05,142.29,142.3,142.2,142.26,199160.0
14:06,142.27,142.35,142.26,142.28,151164.0
14:07,142.38,142.38,142.27,142.28,151133.0
14:08,142.39,142.4,142.28,142.37,191341.0
14:09,142.42,142.46,142.38,142.38,183680.0
14:10,142.46,142.5,142.41,142.42,237546.0
14:11,142.43,142.48,142.41,142.46,163716.0
14:12,142.45,142.47,142.4,142.42,136116.0
14:13,142.38,142.46,142.36,142.44,167852.0
14:14,142.39,142.4,142.35,142.39,122494.0
14:15,142.44,142.45,142.38,142.4,142913.0
14:16,142.43,142.45,142.38,142.45,103239.0
14:17,142.47,142.49,142.41,142.42,230301.0
14:18,142.51,142.54,142.46,142.46,240112.0
14:19,142.51,142.53,142.5,142.51,140552.0
14:20,142.53,142.56,142.5,142.5,187845.0
14:21,142.63,142.64,142.5,142.52,196975.0
14:22,142.65,142.7,142.63,142.63,326863.0
14:23,142.64,142.66,142.58,142.65,214089.0
14:24,142.73,142.74,142.63,142.65,218033.0
14:25,142.74,142.75,142.71,142.73,169143.0
14:26,142.73,142.75,142.67,142.74,206338.0
14:27,142.78,142.78,142.76,142.77,296322.0
14:28,142.84,142.9,142.77,142.77,330961.0
14:29,142.84,142.87,142.8,142.83,230178.0
14:30,142.84,142.89,142.76,142.83,241258.0
14:31,142.79,142.84,142.74,142.84,234295.0
14:32,142.82,142.83,142.79,142.8,129350.0
14:33,142.84,142.87,142.79,142.82,262787.0
14:34,142.79,142.85,142.78,142.84,153268.0
14:35,142.82,142.84,142.78,142.79,141982.0
14:36,142.8,142.84,142.78,142.81,134380.0
14:37,142.67,142.81,142.65,142.8,273716.0
14:38,142.71,142.75,142.68,142.68,151931.0
14:39,142.59,142.71,142.53,142.7,313755.0
14:40,142.6,142.65,142.57,142.6,182457.0
14:41,142.63,142.65,142.59,142.6,144380.0
14:42,142.69,142.7,142.58,142.63,142421.0
14:43,142.74,142.76,142.67,142.68,216925.0
14:44,142.74,142.75,142.7,142.73,147093.0
14:45,142.86,142.87,142.74,142.74,206710.0
14:46,142.92,142.96,142.87,142.87,391524.0
14:47,142.93,142.94,142.89,142.91,139823.0
14:48,142.97,142.98,142.9,142.93,232393.0
14:49,142.92,143.03,142.89,142.97,454217.0
14:50,142.95,142.98,142.91,142.93,187335.0
14:51,142.93,142.96,142.89,142.95,213699.0
14:52,142.87,142.87,142.87,142.87,230732.0
14:53,142.87,142.95,142.87,142.88,143746.0
14:54,142.95,142.96,142.88,142.88,206815.0
14:55,142.92,142.99,142.92,142.95,303170.0
14:56,142.93,142.95,142.89,142.93,151835.0
14:57,142.88,142.95,142.87,142.93,164359.0
14:58,142.9,142.93,142.84,142.88,193497.0
14:59,142.81,142.94,142.81,142.9,211141.0
15:00,142.88,142.89,142.77,142.82,274168.0
15:01,142.82,142.91,142.81,142.88,160175.0
15:02,142.82,142.84,142.78,142.82,130516.0
15:03,142.9,142.9,142.8,142.82,158790.0
15:04,142.89,142.94,142.89,142.91,160361.0
15:05,142.82,142.9,142.8,142.9,133367.0
15:06,142.9,142.94,142.82,142.82,197721.0
15:07,142.84,142.91,142.8,142.9,159422.0
15:08,142.86,142.87,142.81,142.84,136042.0
15:09,142.84,142.87,142.8,142.87,123269.0
15:10,142.93,142.94,142.83,142.84,169780.0
15:11,142.91,142.95,142.89,142.93,132172.0
15:12,142.92,142.95,142.88,142.91,202106.0
15:13,142.93,142.97,142.89,142.91,171275.0
15:14,142.87,142.93,142.84,142.93,215217.0
15:15,142.77,142.87,142.65,142.87,424953.0
15:16,142.8,142.87,142.74,142.77,230211.0
15:17,142.85,142.86,142.8,142.81,171187.0
15:18,142.88,142.91,142.84,142.85,184560.0
15:19,142.91,142.93,142.85,142.87,180844.0
15:20,142.87,142.88,142.8,142.84,347215.0
15:21,142.82,142.83,142.74,142.8,513586.0
15:22,142.76,142.82,142.72,142.82,188994.0
15:23,142.74,142.76,142.68,142.76,241029.0
15:24,142.67,142.75,142.63,142.74,279210.0
15:25,142.78,142.79,142.63,142.66,257861.0
15:26,142.76,142.8,142.73,142.78,297190.0
15:27,142.77,142.83,142.74,142.76,238286.0
15:28,142.74,142.78,142.72,142.77,184385.0
15:29,142.77,142.8,142.74,142.75,160724.0
15:30,142.68,142.77,142.66,142.77,236044.0
15:31,142.7,142.71,142.62,142.68,302371.0
15:32,142.68,142.72,142.66,142.7,200432.0
15:33,142.65,142.68,142.61,142.68,218200.0
15:34,142.65,142.67,142.6,142.65,224607.0
15:35,142.67,142.73,142.62,142.64,266733.0
15:36,142.7,142.73,142.67,142.68,218063.0
15:37,142.68,142.72,142.66,142.7,180427.0
15:38,142.51,142.68,142.5,142.68,439598.0
15:39,142.49,142.54,142.46,142.5,433267.0
15:40,142.48,142.5,142.43,142.49,297114.0
15:41,142.57,142.66,142.46,142.47,420653.0
15:42,142.49,142.62,142.47,142.58,304838.0
15:43,142.53,142.55,142.44,142.49,283953.0
15:44,142.44,142.53,142.44,142.52,173341.0
15:45,142.37,142.41,142.35,142.39,331049.0
15:46,142.29,142.38,142.25,142.37,360360.0
15:47,142.33,142.34,142.25,142.29,285988.0
15:48,142.21,142.38,142.19,142.32,364841.0
15:49,142.29,142.29,142.19,142.21,294598.0
15:50,142.7,142.78,142.3,142.3,1314624.0
15:51,142.68,142.77,142.62,142.69,480011.0
15:52,142.66,142.74,142.64,142.68,514089.0
15:53,142.49,142.67,142.46,142.67,509329.0
15:54,142.51,142.59,142.41,142.49,628116.0
15:55,142.6,142.76,142.52,142.52,810784.0
15:56,142.6,142.66,142.58,142.6,528364.0
15:57,142.68,142.72,142.57,142.61,695832.0
15:58,142.74,142.75,142.68,142.69,792559.0
15:59,142.55,142.74,142.54,142.74,2565622.0
