Time,Close,High,Low,Open,Volume
09:30,171.48,171.75,170.89,171.0,10390972.0
09:31,170.81,171.55,170.68,171.48,1268914.0
09:32,171.02,171.19,170.61,170.86,1143073.0
09:33,170.94,171.04,170.74,171.03,755406.0
09:34,170.84,171.03,170.61,170.92,889737.0
09:35,171.23,171.32,170.79,170.82,959503.0
09:36,171.4,171.65,171.23,171.23,1077755.0
09:37,170.98,171.54,170.91,171.43,894974.0
09:38,171.02,171.11,170.76,170.99,730920.0
09:39,171.12,171.25,170.9,171.0,561080.0
09:40,170.88,171.17,170.8,171.12,727733.0
09:41,170.88,171.01,170.8,170.88,536824.0
09:42,171.08,171.22,170.75,170.89,779285.0
09:43,170.96,171.13,170.86,171.08,482103.0
09:44,170.91,171.07,170.87,170.97,426509.0
09:45,170.78,170.91,170.5,170.91,1134375.0
09:46,170.72,170.83,170.64,170.79,464645.0
09:47,171.05,171.09,170.68,170.7,596469.0
09:48,170.79,171.16,170.78,171.05,550956.0
09:49,170.77,170.9,170.7,170.78,511019.0
09:50,170.48,170.85,170.47,170.77,963695.0
09:51,170.32,170.57,170.28,170.48,982797.0
09:52,170.54,170.63,170.23,170.31,758694.0
09:53,170.53,170.58,170.43,170.54,443243.0
09:54,170.34,170.7,170.25,170.53,617982.0
09:55,170.33,170.46,170.24,170.33,465100.0
09:56,170.18,170.35,170.06,170.34,813640.0
09:57,170.09,170.27,170.04,170.17,606521.0
09:58,170.06,170.08,170.0,170.03,950639.0
09:59,170.2,170.34,170.05,170.05,575249.0
10:00,170.41,170.44,170.05,170.21,657390.0
10:01,170.5,170.55,170.37,170.42,607586.0
10:02,170.55,170.58,170.45,170.49,451626.0
10:03,170.54,170.63,170.4,170.54,524854.0
10:04,170.33,170.57,170.32,170.54,511183.0
10:05,170.27,170.43,170.23,170.32,490426.0
10:06,170.12,170.32,170.11,170.28,411741.0
10:07,170.18,170.31,170.11,170.12,380741.0
10:08,170.29,170.3,170.13,170.16,338813.0
10:09,170.38,170.48,170.27,170.3,541268.0
10:10,170.55,170.56,170.34,170.38,496219.0
10:11,170.52,170.59,170.38,170.55,497729.0
10:12,170.5,170.6,170.41,170.53,363475.0
10:13,170.29,170.5,170.25,170.49,502319.0
10:14,170.11,170.3,170.03,170.29,627546.0
10:15,170.07,170.16,169.92,170.1,699888.0
10:16,169.87,170.09,169.86,170.07,608771.0
10:17,170.07,170.08,169.81,169.86,625684.0
10:18,170.07,170.14,169.96,170.07,497197.0
10:19,170.11,170.19,170.02,170.07,321194.0
10:20,169.82,170.11,169.72,170.11,800813.0
10:21,169.88,169.89,169.7,169.82,521795.0
10:22,169.98,169.99,169.86,169.88,363798.0
10:23,169.89,170.08,169.89,169.98,440398.0
10:24,169.94,170.0,169.85,169.9,320554.0
10:25,169.66,169.95,169.65,169.93,494480.0
10:26,169.74,169.79,169.61,169.66,605227.0
10:27,169.91,169.94,169.71,169.74,414928.0
10:28,170.04,170.07,169.88,169.88,450313.0
10:29,169.96,170.06,169.95,170.04,390944.0
10:30,170.24,170.26,169.96,169.96,675444.0
10:31,170.09,170.25,170.01,170.23,454800.0
10:32,170.15,170.21,170.08,170.09,371022.0
10:33,170.18,170.2,170.1,170.16,262404.0
10:34,170.06,170.21,170.0,170.17,412486.0
10:35,170.02,170.13,169.98,170.07,394998.0
10:36,170.04,170.08,169.95,170.01,345851.0
10:37,170.13,170.21,170.01,170.04,406345.0
10:38,170.02,170.18,169.98,170.12,341654.0
10:39,170.12,170.14,169.97,170.01,269496.0
10:40,170.18,170.3,170.1,170.12,441238.0
10:41,169.82,170.18,169.8,170.18,525463.0
10:42,169.99,170.05,169.81,169.82,380875.0
10:43,169.89,170.01,169.88,170.0,282410.0
10:44,169.83,169.9,169.77,169.88,360820.0
10:45,169.87,169.95,169.79,169.82,316132.0
10:46,169.75,169.9,169.73,169.87,292952.0
10:47,169.8,169.83,169.7,169.72,342814.0
10:48,169.85,169.89,169.8,169.81,216677.0
10:49,169.8,169.95,169.8,169.86,258677.0
10:50,169.88,169.95,169.76,169.8,441499.0
10:51,169.91,170.0,169.86,169.88,250709.0
10:52,169.99,170.0,169.88,169.91,208717.0
10:53,170.03,170.04,169.94,170.0,338711.0
10:54,169.42,170.04,169.35,170.03,1621648.0
10:55,169.82,169.96,169.29,169.41,986620.0
10:56,169.96,169.98,169.7,169.84,392048.0
10:57,169.84,170.0,169.81,169.95,362942.0
10:58,169.59,169.84,169.55,169.84,519553.0
10:59,169.81,169.83,169.58,169.59,278635.0
11:00,170.03,170.04,169.8,169.81,446473.0
11:01,169.95,170.1,169.91,170.04,277208.0
11:02,170.0,170.01,169.79,169.95,263948.0
11:03,170.07,170.16,169.96,170.01,376488.0
11:04,170.09,170.16,170.04,170.05,212154.0
11:05,170.08,170.12,170.0,170.05,247436.0
11:06,169.96,170.08,169.92,170.08,258469.0
11:07,170.08,170.14,169.95,169.97,297394.0
11:08,170.15,170.21,170.04,170.07,296577.0
11:09,170.1,170.21,170.06,170.14,249249.0
11:10,170.2,170.22,170.03,170.12,202916.0
11:11,170.18,170.25,170.13,170.2,243271.0
11:12,170.21,170.22,170.13,170.17,212057.0
11:13,170.35,170.36,170.17,170.21,359298.0
11:14,170.57,170.58,170.35,170.35,665189.0
11:15,170.5,170.65,170.43,170.57,569072.0
11:16,170.17,170.53,169.93,170.51,1433375.0
11:17,170.37,170.41,169.91,170.17,629355.0
11:18,170.25,170.41,170.22,170.37,365616.0
11:19,169.97,170.27,169.91,170.23,513749.0
11:20,170.02,170.07,169.81,169.96,670247.0
11:21,170.0,170.15,170.0,170.01,516615.0
11:22,170.02,170.12,169.85,170.0,982317.0
11:23,170.39,170.41,170.03,170.03,548098.0
11:24,170.07,170.4,170.07,170.4,410836.0
11:25,170.12,170.22,170.02,170.07,331719.0
11:26,170.25,170.34,170.05,170.11,410941.0
11:27,170.22,170.39,170.19,170.26,360560.0
11:28,170.34,170.37,170.16,170.21,350271.0
11:29,170.38,170.49,170.31,170.35,411730.0
11:30,170.03,170.43,169.98,170.39,812280.0
11:31,170.12,170.13,169.81,170.03,593559.0
11:32,169.91,170.13,169.9,170.11,379667.0
11:33,169.84,169.92,169.73,169.9,677947.0
11:34,169.69,169.92,169.65,169.84,473611.0
11:35,169.4,169.72,169.39,169.69,847214.0
11:36,168.95,169.41,168.93,169.4,1528883.0
11:37,169.18,169.19,168.9,168.95,836994.0
11:38,169.13,169.23,169.01,169.18,704021.0
11:39,169.38,169.46,169.07,169.11,663490.0
11:40,169.66,169.71,169.33,169.39,538579.0
11:41,169.65,169.83,169.64,169.65,485424.0
11:42,169.75,169.86,169.64,169.65,434416.0
11:43,169.75,169.77,169.63,169.74,362934.0
11:44,169.76,169.84,169.69,169.75,329523.0
11:45,169.66,169.8,169.65,169.76,265757.0
11:46,169.65,169.8,169.52,169.67,468398.0
11:47,169.86,169.89,169.65,169.66,319331.0
11:48,169.84,169.88,169.71,169.84,202285.0
11:49,170.04,170.05,169.8,169.82,555599.0
11:50,170.07,170.18,169.94,170.03,388954.0
11:51,170.03,170.1,169.99,170.07,254380.0
11:52,169.82,170.07,169.8,170.04,328687.0
11:53,169.89,169.93,169.77,169.81,263680.0
11:54,170.19,170.25,170.07,170.12,950444.0
11:55,170.49,170.58,170.37,170.44,1637208.0
11:56,170.39,170.6,170.31,170.5,551106.0
11:57,170.25,170.66,170.15,170.4,578781.0
11:58,170.33,170.38,170.17,170.22,355414.0
11:59,170.29,170.36,170.22,170.31,272455.0
12:00,170.25,170.31,170.17,170.28,312896.0
12:01,170.34,170.42,170.26,170.26,288064.0
12:02,170.29,170.36,170.2,170.35,190947.0
12:03,170.31,170.37,170.24,170.28,194720.0
12:04,170.27,170.38,170.2,170.32,203876.0
12:05,170.3,170.34,170.17,170.27,225056.0
12:06,170.45,170.48,170.24,170.3,246228.0
12:07,170.38,170.47,170.38,170.46,183565.0
12:08,170.21,170.43,170.19,170.4,223685.0
12:09,170.3,170.31,170.09,170.19,323530.0
12:10,170.22,170.35,170.21,170.3,187685.0
12:11,170.39,170.39,170.2,170.23,241624.0
12:12,170.3,170.48,170.28,170.39,226843.0
12:13,170.34,170.4,170.3,170.31,127356.0
12:14,170.46,170.46,170.32,170.32,372507.0
12:15,170.49,170.57,170.42,170.46,316362.0
12:16,170.57,170.6,170.48,170.49,246017.0
12:17,170.64,170.68,170.56,170.57,356735.0
12:18,170.39,170.67,170.38,170.65,360580.0
12:19,170.45,170.46,170.36,170.38,211318.0
12:20,170.3,170.44,170.29,170.44,222885.0
12:21,170.24,170.31,170.18,170.31,353601.0
12:22,170.33,170.35,170.22,170.25,227160.0
12:23,170.32,170.41,170.27,170.34,210386.0
12:24,170.4,170.46,170.29,170.31,196155.0
12:25,170.19,170.4,170.17,170.4,227004.0
12:26,170.23,170.24,170.11,170.19,245955.0
12:27,170.43,170.43,170.21,170.22,275697.0
12:28,170.45,170.49,170.39,170.42,227175.0
12:29,170.4,170.49,170.38,170.45,136388.0
12:30,170.44,170.45,170.36,170.38,113925.0
12:31,170.39,170.49,170.36,170.44,143077.0
12:32,170.47,170.47,170.39,170.4,98640.0
12:33,170.46,170.5,170.4,170.46,156104.0
12:34,170.47,170.51,170.43,170.46,212375.0
12:35,170.44,170.54,170.43,170.47,157824.0
12:36,170.4,170.49,170.39,170.45,151542.0
12:37,170.46,170.46,170.33,170.4,163765.0
12:38,170.47,170.5,170.44,170.45,125454.0
12:39,170.51,170.54,170.48,170.48,147228.0
12:40,170.55,170.58,170.49,170.51,162801.0
12:41,170.58,170.64,170.55,170.56,190531.0
12:42,170.62,170.63,170.55,170.57,111378.0
12:43,170.61,170.66,170.6,170.62,178140.0
12:44,170.59,170.63,170.55,170.62,145228.0
12:45,170.59,170.61,170.53,170.58,135774.0
12:46,170.46,170.61,170.43,170.59,202665.0
12:47,170.57,170.57,170.4,170.44,182207.0
12:48,170.7,170.7,170.56,170.56,244237.0
12:49,170.83,170.87,170.7,170.7,454603.0
12:50,170.9,170.94,170.82,170.84,417713.0
12:51,170.97,171.05,170.88,170.9,700767.0
12:52,171.07,171.11,170.96,170.96,486593.0
12:53,171.01,171.08,170.98,171.07,349250.0
12:54,171.02,171.08,171.0,171.01,232232.0
12:55,171.07,171.09,170.99,171.02,226623.0
12:56,171.14,171.15,171.07,171.08,315993.0
12:57,171.14,171.19,171.09,171.14,271004.0
12:58,171.08,171.12,171.07,171.07,299252.0
12:59,171.1,171.16,171.08,171.09,210772.0
13:00,171.01,171.11,170.98,171.1,308899.0
13:01,171.03,171.05,170.95,171.0,240332.0
13:02,171.07,171.08,170.97,171.02,174993.0
13:03,171.23,171.25,171.07,171.07,404497.0
13:04,171.29,171.33,171.23,171.23,502349.0
13:05,171.38,171.38,171.26,171.29,330007.0
13:06,171.36,171.42,171.33,171.38,254482.0
13:07,171.29,171.39,171.27,171.36,244249.0
13:08,171.36,171.41,171.28,171.3,217259.0
13:09,171.34,171.39,171.29,171.38,170365.0
13:10,171.29,171.37,171.29,171.35,171592.0
13:11,171.12,171.3,171.11,171.3,322598.0
13:12,171.14,171.18,171.05,171.13,387793.0
13:13,171.15,171.21,171.12,171.14,199662.0
13:14,171.07,171.16,171.04,171.15,264329.0
13:15,171.06,171.09,170.98,171.06,263595.0
13:16,171.12,171.14,171.05,171.07,144923.0
13:17,171.14,171.2,171.11,171.12,154026.0
13:18,171.12,171.16,171.07,171.15,185390.0
13:19,171.07,171.12,171.04,171.12,110098.0
13:20,171.15,171.18,171.06,171.07,161291.0
13:21,171.09,171.2,171.07,171.15,171637.0
13:22,171.11,171.15,171.09,171.09,94447.0
13:23,171.1,171.12,171.04,171.1,140981.0
13:24,171.1,171.11,171.07,171.1,111691.0
13:25,171.07,171.11,171.04,171.11,105152.0
13:26,171.02,171.09,170.99,171.06,244847.0
13:27,170.93,171.02,170.89,171.02,312641.0
13:28,170.95,170.96,170.9,170.93,156588.0
13:29,170.9,170.96,170.88,170.95,163799.0
13:30,170.94,171.0,170.88,170.91,182715.0
13:31,170.87,170.94,170.84,170.93,185206.0
13:32,170.91,170.93,170.85,170.86,100607.0
13:33,170.93,170.94,170.85,170.9,121728.0
13:34,170.88,170.94,170.87,170.94,133886.0
13:35,170.93,170.95,170.86,170.89,118421.0
13:36,170.99,170.99,170.91,170.94,179369.0
13:37,170.9,170.99,170.89,170.98,111297.0
13:38,170.97,170.99,170.89,170.9,223098.0
13:39,170.91,170.95,170.89,170.94,118434.0
13:40,170.84,170.94,170.84,170.9,118207.0
13:41,170.87,170.9,170.83,170.85,159934.0
13:42,170.84,170.9,170.76,170.89,247895.0
13:43,170.82,170.84,170.8,170.83,117867.0
13:44,170.82,170.84,170.77,170.82,126918.0
13:45,170.85,170.88,170.76,170.82,200705.0
13:46,170.84,170.9,170.83,170.86,140364.0
13:47,170.8,170.85,170.79,170.83,283925.0
13:48,170.83,170.85,170.77,170.81,115651.0
13:49,170.79,170.85,170.77,170.83,109544.0
13:50,170.65,170.78,170.64,170.78,302797.0
13:51,170.78,170.79,170.62,170.65,235701.0
13:52,170.75,170.8,170.71,170.77,175329.0
13:53,170.79,170.81,170.72,170.75,137711.0
13:54,170.78,170.82,170.77,170.79,127013.0
13:55,170.77,170.8,170.75,170.77,90615.0
13:56,170.8,170.82,170.77,170.77,93943.0
13:57,170.88,170.88,170.78,170.79,197781.0
13:58,170.85,170.92,170.85,170.88,141120.0
13:59,170.79,170.87,170.79,170.84,158334.0
14:00,170.74,170.81,170.69,170.79,174046.0
14:01,170.79,170.8,170.73,170.73,100821.0
14:02,170.71,170.79,170.65,170.79,175238.0
14:03,170.77,170.79,170.69,170.71,105564.0
14:04,170.78,170.83,170.77,170.77,129419.0
14:05,170.76,170.79,170.73,170.77,162415.0
14:06,170.78,170.83,170.75,170.76,169570.0
14:07,170.85,170.87,170.76,170.78,131691.0
14:08,170.79,170.88,170.79,170.85,184973.0
14:09,170.76,170.79,170.71,170.79,132905.0
14:10,170.69,170.77,170.66,170.75,169816.0
14:11,170.72,170.73,170.66,170.68,101381.0
14:12,170.79,170.8,170.69,170.72,114728.0
14:13,170.85,170.88,170.77,170.79,148959.0
14:14,170.74,170.85,170.72,170.85,148327.0
14:15,170.79,170.79,170.72,170.75,146380.0
14:16,170.89,170.9,170.78,170.78,164646.0
14:17,170.87,170.9,170.85,170.88,121393.0
14:18,170.8,170.89,170.79,170.87,141923.0
14:19,170.81,170.82,170.76,170.8,132629.0
14:20,170.74,170.81,170.73,170.8,170840.0
14:21,170.87,170.88,170.7,170.74,139737.0
14:22,170.97,170.97,170.88,170.88,270376.0
14:23,170.98,170.98,170.87,170.97,212393.0
14:24,170.95,170.98,170.91,170.98,226605.0
14:25,170.98,170.99,170.9,170.96,152266.0
14:26,170.99,171.04,170.96,170.97,402184.0
14:27,170.96,171.01,170.94,170.99,157224.0
14:28,171.06,171.09,170.96,170.96,164932.0
14:29,171.01,171.1,171.0,171.06,151046.0
14:30,170.99,171.04,170.96,171.01,184560.0
14:31,170.93,170.98,170.9,170.98,194291.0
14:32,170.98,171.0,170.93,170.93,139772.0
14:33,170.99,171.05,170.96,170.98,177803.0
14:34,170.98,171.02,170.95,171.0,102495.0
14:35,171.0,171.05,170.96,170.98,109009.0
14:36,171.02,171.04,170.99,171.0,101236.0
14:37,171.06,171.08,171.03,171.06,177570.0
14:38,171.04,171.05,171.0,171.05,104739.0
14:39,171.05,171.06,171.01,171.04,141896.0
14:40,171.1,171.13,171.02,171.05,241248.0
14:41,171.13,171.14,171.09,171.1,215494.0
14:42,171.05,171.15,171.04,171.14,186916.0
14:43,171.07,171.09,171.04,171.06,102994.0
14:44,171.09,171.09,171.07,171.08,75301.0
14:45,171.02,171.1,171.0,171.08,192563.0
14:46,171.01,171.05,170.99,171.02,170896.0
14:47,170.98,171.02,170.94,171.01,129938.0
14:48,170.96,171.01,170.95,170.97,1107029.0
14:49,170.98,171.0,170.94,170.98,126425.0
14:50,170.92,170.98,170.9,170.97,141415.0
14:51,170.94,170.94,170.89,170.92,143034.0
14:52,170.96,170.99,170.92,170.93,100066.0
14:53,170.95,170.97,170.94,170.96,56864.0
14:54,170.97,170.97,170.94,170.94,83843.0
14:55,171.03,171.06,170.91,170.96,218611.0
14:56,171.07,171.09,171.03,171.04,180030.0
14:57,171.08,171.09,171.05,171.07,125031.0
14:58,171.08,171.09,171.05,171.09,112677.0
14:59,171.05,171.09,171.03,171.07,114366.0
15:00,170.98,171.05,170.96,171.04,261444.0
15:01,170.88,171.02,170.83,170.98,384916.0
15:02,170.84,170.89,170.76,170.89,411136.0
15:03,170.93,170.94,170.82,170.84,197370.0
15:04,170.93,170.98,170.92,170.93,206908.0
15:05,170.96,170.99,170.87,170.92,214627.0
15:06,170.95,171.02,170.93,170.96,250314.0
15:07,170.84,170.95,170.81,170.95,222911.0
15:08,170.85,170.85,170.8,170.84,169966.0
15:09,170.84,170.9,170.83,170.84,151080.0
15:10,170.78,170.85,170.78,170.81,265334.0
15:11,170.73,170.8,170.73,170.79,379587.0
15:12,170.73,170.74,170.68,170.73,224045.0
15:13,170.79,170.79,170.68,170.73,172679.0
15:14,170.77,170.81,170.77,170.79,165174.0
15:15,170.73,170.79,170.73,170.77,147862.0
15:16,170.74,170.76,170.68,170.74,213200.0
15:17,170.77,170.79,170.71,170.74,151819.0
15:18,170.76,170.81,170.71,170.77,203082.0
15:19,170.78,170.81,170.75,170.76,160457.0
15:20,170.84,170.84,170.76,170.78,176092.0
15:21,170.88,170.9,170.8,170.84,225013.0
15:22,170.8,170.88,170.8,170.87,198629.0
15:23,170.8,170.82,170.75,170.8,169524.0
15:24,170.84,170.86,170.78,170.79,168469.0
15:25,170.85,170.89,170.81,170.85,144997.0
15:26,170.85,170.88,170.81,170.84,122533.0
15:27,170.82,170.86,170.78,170.85,148543.0
15:28,170.82,170.86,170.79,170.82,143048.0
15:29,170.78,170.82,170.77,170.81,131540.0
15:30,170.88,170.92,170.76,170.78,251427.0
15:31,170.88,170.92,170.85,170.88,316727.0
15:32,170.9,170.93,170.86,170.87,214870.0
15:33,170.96,170.98,170.91,170.92,187413.0
15:34,170.97,170.98,170.94,170.96,179571.0
15:35,170.99,171.03,170.95,170.97,389983.0
15:36,170.96,170.99,170.91,170.99,218281.0
15:37,170.97,170.98,170.92,170.96,179944.0
15:38,171.01,171.02,170.97,170.98,238063.0
15:39,171.09,171.09,170.99,171.01,281745.0
15:40,171.39,171.39,171.09,171.09,975308.0
15:41,171.35,171.45,171.32,171.38,579368.0
15:42,171.35,171.42,171.35,171.35,328763.0
15:43,171.3,171.36,171.29,171.36,305638.0
15:44,171.24,171.32,171.22,171.29,364188.0
15:45,171.23,171.26,171.19,171.23,335521.0
15:46,171.23,171.27,171.18,171.22,332212.0
15:47,171.21,171.23,171.1,171.23,397054.0
15:48,171.23,171.23,171.17,171.21,243177.0
15:49,171.23,171.28,171.2,171.23,309004.0
15:50,171.23,171.35,171.18,171.22,482545.0
15:51,171.22,171.26,171.18,171.22,312311.0
15:52,171.18,171.25,171.13,171.22,442472.0
15:53,171.29,171.39,171.17,171.18,596834.0
15:54,171.35,171.36,171.27,171.29,438219.0
15:55,171.41,171.42,171.34,171.35,663548.0
15:56,171.38,171.43,171.34,171.4,441891.0
15:57,171.38,171.43,171.35,171.38,699787.0
15:58,171.33,171.39,171.32,171.38,645839.0
15:59,171.34,171.38,171.26,171.32,1439704.0
