Time,Close,High,Low,Open,Volume
09:30,104.04,104.47,104.01,104.43,17552343.0
09:31,103.46,104.36,103.24,104.05,1727930.0
09:32,103.49,103.83,103.43,103.46,1066139.0
09:33,103.34,103.62,103.11,103.48,1163177.0
09:34,102.98,103.44,102.91,103.33,1275619.0
09:35,103.25,103.29,102.8,102.98,1423776.0
09:36,103.25,103.4,103.0,103.26,1081825.0
09:37,103.26,103.29,102.96,103.26,872310.0
09:38,102.94,103.26,102.91,103.26,705356.0
09:39,102.84,102.95,102.71,102.94,1079296.0
09:40,102.63,102.93,102.52,102.84,1587398.0
09:41,103.15,103.21,102.6,102.63,1491103.0
09:42,102.84,103.28,102.83,103.15,2994852.0
09:43,102.75,103.07,102.71,102.85,1054452.0
09:44,102.65,102.97,102.51,102.76,1187249.0
09:45,102.56,102.56,102.56,102.56,1566985.0
09:46,102.13,102.58,102.04,102.54,1428173.0
09:47,102.06,102.36,102.03,102.12,1446140.0
09:48,102.45,102.5,102.04,102.04,1154467.0
09:49,102.84,102.85,102.32,102.45,1207474.0
09:50,103.18,103.21,102.84,102.85,1335235.0
09:51,103.11,103.26,103.0,103.19,1219306.0
09:52,103.38,103.38,103.03,103.11,864752.0
09:53,103.34,103.47,103.26,103.37,921459.0
09:54,103.33,103.6,103.27,103.33,954587.0
09:55,103.18,103.47,103.16,103.34,828147.0
09:56,103.06,103.33,103.0,103.18,841365.0
09:57,102.78,103.1,102.75,103.06,821240.0
09:58,102.72,102.88,102.72,102.79,641735.0
09:59,102.92,103.08,102.7,102.73,689400.0
10:00,102.81,102.92,102.55,102.92,983826.0
10:01,102.94,103.06,102.78,102.79,793065.0
10:02,102.76,103.03,102.58,102.94,722541.0
10:03,102.45,102.79,102.33,102.76,1025518.0
10:04,102.35,102.45,102.2,102.45,896120.0
10:05,102.47,102.5,102.26,102.35,818329.0
10:06,102.36,102.53,102.27,102.46,807130.0
10:07,102.08,102.38,101.9,102.36,1670257.0
10:08,102.08,102.2,101.86,102.06,931348.0
10:09,102.11,102.15,101.85,102.09,992222.0
10:10,101.98,102.15,101.85,102.1,831050.0
10:11,102.1,102.2,101.97,101.98,735597.0
10:12,102.02,102.31,102.02,102.1,940175.0
10:13,101.81,102.07,101.75,102.02,979441.0
10:14,101.9,101.92,101.77,101.81,724314.0
10:15,102.0,102.08,101.87,101.89,583989.0
10:16,101.84,102.0,101.77,102.0,833239.0
10:17,101.82,101.91,101.72,101.83,836450.0
10:18,101.68,101.89,101.66,101.83,634680.0
10:19,101.75,101.85,101.65,101.67,700807.0
10:20,101.47,101.74,101.32,101.74,1693196.0
10:21,101.31,101.54,101.26,101.46,950414.0
10:22,101.48,101.58,101.3,101.31,985781.0
10:23,101.33,101.5,101.3,101.48,759246.0
10:24,101.01,101.33,101.01,101.33,1630609.0
10:25,100.85,101.02,100.77,101.01,2097439.0
10:26,100.83,100.85,100.73,100.84,1125560.0
10:27,100.6,100.89,100.55,100.83,1578944.0
10:28,100.7,100.75,100.56,100.6,1020554.0
10:29,100.5,100.74,100.48,100.7,1247205.0
10:30,100.45,100.66,100.45,100.5,1519838.0
10:31,100.57,100.63,100.22,100.46,1922748.0
10:32,100.61,100.8,100.52,100.57,1219442.0
10:33,100.62,100.68,100.55,100.61,937807.0
10:34,100.34,100.63,100.33,100.62,1144367.0
10:35,100.25,100.41,100.22,100.34,1011945.0
10:36,100.24,100.27,100.12,100.25,1110534.0
10:37,100.32,100.34,100.14,100.23,845379.0
10:38,100.35,100.4,100.25,100.32,703728.0
10:39,100.55,100.65,100.26,100.34,1157398.0
10:40,100.82,100.83,100.5,100.56,1174161.0
10:41,100.97,101.02,100.74,100.83,1334905.0
10:42,100.86,100.98,100.74,100.97,1090379.0
10:43,100.54,100.97,100.5,100.86,1196950.0
10:44,100.86,100.89,100.53,100.53,731259.0
10:45,100.97,101.0,100.77,100.87,797838.0
10:46,100.93,101.08,100.86,100.99,1057318.0
10:47,100.9,101.0,100.86,100.93,666155.0
10:48,100.89,100.93,100.81,100.89,683738.0
10:49,100.89,100.95,100.8,100.88,512260.0
10:50,100.89,101.09,100.83,100.9,772698.0
10:51,100.53,100.97,100.5,100.88,887063.0
10:52,100.35,100.62,100.34,100.53,860280.0
10:53,100.45,100.48,100.34,100.35,497181.0
10:54,100.52,100.68,100.43,100.45,593372.0
10:55,100.33,100.54,100.26,100.51,851503.0
10:56,100.28,100.37,100.23,100.33,720875.0
10:57,100.33,100.38,100.12,100.28,1074454.0
10:58,100.32,100.4,100.26,100.34,622328.0
10:59,100.14,100.32,100.13,100.32,712054.0
11:00,100.36,100.36,100.1,100.14,964728.0
11:01,100.22,100.36,100.17,100.36,651732.0
11:02,100.17,100.3,100.12,100.21,630690.0
11:03,100.22,100.22,100.05,100.17,1128104.0
11:04,100.27,100.27,100.07,100.21,746352.0
11:05,100.43,100.5,100.19,100.26,879035.0
11:06,100.79,100.88,100.43,100.44,1065870.0
11:07,100.96,101.23,100.79,100.79,1553289.0
11:08,101.05,101.16,100.95,100.97,907284.0
11:09,100.87,101.08,100.86,101.05,732058.0
11:10,100.99,101.0,100.73,100.86,705580.0
11:11,101.15,101.2,100.97,100.98,776219.0
11:12,101.14,101.22,101.07,101.16,839132.0
11:13,101.04,101.22,101.0,101.13,629289.0
11:14,101.03,101.04,100.93,101.03,587897.0
11:15,100.86,101.05,100.85,101.02,776829.0
11:16,100.89,100.95,100.85,100.87,453069.0
11:17,101.07,101.1,100.88,100.89,578135.0
11:18,101.29,101.33,101.05,101.07,849805.0
11:19,101.28,101.32,101.16,101.28,700259.0
11:20,101.12,101.31,101.08,101.27,630851.0
11:21,100.88,101.13,100.88,101.11,665909.0
11:22,100.9,101.03,100.88,100.89,543627.0
11:23,101.04,101.1,100.91,100.91,500201.0
11:24,101.04,101.11,100.99,101.04,354990.0
11:25,100.95,101.08,100.94,101.05,463616.0
11:26,100.97,101.03,100.93,100.94,304990.0
11:27,100.61,100.99,100.61,100.98,915341.0
11:28,100.57,100.63,100.56,100.61,699604.0
11:29,100.4,100.58,100.29,100.57,1174692.0
11:30,100.54,100.62,100.39,100.39,560865.0
11:31,100.73,100.82,100.53,100.53,680718.0
11:32,100.76,100.79,100.66,100.72,426244.0
11:33,100.73,100.76,100.67,100.75,286729.0
11:34,100.7,100.83,100.69,100.74,390039.0
11:35,100.58,100.72,100.55,100.7,455591.0
11:36,100.64,100.7,100.51,100.58,524979.0
11:37,101.02,101.03,100.64,100.64,762017.0
11:38,100.81,101.05,100.72,101.01,608700.0
11:39,100.86,100.94,100.77,100.8,423163.0
11:40,100.83,100.9,100.78,100.86,285451.0
11:41,100.71,100.89,100.7,100.83,463215.0
11:42,100.53,100.74,100.52,100.71,500677.0
11:43,100.56,100.59,100.5,100.53,494849.0
11:44,100.57,100.64,100.52,100.57,478426.0
11:45,100.49,100.67,100.48,100.57,508199.0
11:46,100.43,100.5,100.33,100.49,711071.0
11:47,100.49,100.5,100.36,100.43,375913.0
11:48,100.58,100.62,100.46,100.49,541543.0
11:49,100.32,100.62,100.25,100.58,696029.0
11:50,100.26,100.34,100.25,100.31,468250.0
11:51,100.52,100.63,100.25,100.26,891276.0
11:52,100.39,100.61,100.35,100.52,598819.0
11:53,100.26,100.39,100.23,100.39,547885.0
11:54,100.25,100.29,100.23,100.26,400809.0
11:55,100.36,100.4,100.25,100.25,511496.0
11:56,100.35,100.44,100.32,100.36,356904.0
11:57,100.28,100.38,100.27,100.36,306929.0
11:58,100.33,100.33,100.25,100.28,405424.0
11:59,100.27,100.32,100.25,100.32,294557.0
12:00,100.42,100.73,100.26,100.28,841449.0
12:01,100.39,100.43,100.3,100.41,349662.0
12:02,100.39,100.51,100.36,100.39,391611.0
12:03,100.36,100.39,100.25,100.39,385231.0
12:04,100.21,100.36,100.2,100.36,547563.0
12:05,100.75,100.88,100.16,100.21,1758410.0
12:06,100.79,100.93,100.67,100.74,801584.0
12:07,101.1,101.15,100.72,100.78,1065832.0
12:08,101.22,101.25,101.08,101.11,832892.0
12:09,101.1,101.25,101.06,101.22,797883.0
12:10,100.97,101.15,100.92,101.1,658452.0
12:11,100.84,100.97,100.78,100.96,767345.0
12:12,100.61,100.85,100.51,100.85,774825.0
12:13,100.71,100.98,100.43,100.6,953555.0
12:14,100.86,100.88,100.69,100.73,677181.0
12:15,100.86,100.89,100.65,100.85,537695.0
12:16,101.01,101.02,100.81,100.86,648646.0
12:17,100.87,101.04,100.82,101.01,448787.0
12:18,100.93,100.93,100.77,100.88,415110.0
12:19,101.22,101.23,100.93,100.93,918540.0
12:20,101.06,101.22,101.0,101.21,513642.0
12:21,101.21,101.22,101.04,101.06,538444.0
12:22,101.07,101.24,101.06,101.21,468838.0
12:23,101.04,101.13,100.96,101.07,543723.0
12:24,101.12,101.14,101.02,101.04,378539.0
12:25,101.22,101.28,101.1,101.13,687644.0
12:26,101.21,101.26,101.1,101.22,350690.0
12:27,101.21,101.26,101.16,101.22,341643.0
12:28,101.27,101.29,101.19,101.21,391092.0
12:29,101.24,101.4,101.22,101.26,845994.0
12:30,101.14,101.24,101.1,101.24,515474.0
12:31,101.14,101.18,101.02,101.13,463786.0
12:32,101.12,101.2,101.05,101.14,350501.0
12:33,101.35,101.35,101.08,101.11,579409.0
12:34,101.27,101.39,101.23,101.34,372201.0
12:35,101.53,101.57,101.26,101.27,819865.0
12:36,101.51,101.71,101.5,101.53,865687.0
12:37,101.44,101.52,101.34,101.51,428788.0
12:38,101.47,101.51,101.38,101.45,313132.0
12:39,101.35,101.52,101.31,101.47,380255.0
12:40,101.37,101.4,101.25,101.35,376182.0
12:41,101.3,101.43,101.3,101.36,398482.0
12:42,101.17,101.31,101.14,101.31,563723.0
12:43,100.98,101.26,100.95,101.17,813824.0
12:44,100.86,100.97,100.76,100.97,654963.0
12:45,100.83,100.87,100.75,100.86,348526.0
12:46,101.18,101.2,100.83,100.83,606283.0
12:47,101.21,101.28,101.16,101.19,306318.0
12:48,101.06,101.29,101.05,101.21,340143.0
12:49,101.28,101.3,101.0,101.06,363284.0
12:50,101.43,101.48,101.28,101.29,473049.0
12:51,101.33,101.5,101.26,101.44,449426.0
12:52,101.41,101.46,101.25,101.33,419321.0
12:53,101.54,101.54,101.37,101.41,378771.0
12:54,101.49,101.54,101.45,101.54,298816.0
12:55,101.54,101.58,101.44,101.49,320433.0
12:56,101.6,101.67,101.53,101.54,415485.0
12:57,101.53,101.61,101.46,101.6,282066.0
12:58,101.69,101.71,101.52,101.52,298134.0
12:59,101.58,101.69,101.53,101.68,293409.0
13:00,101.68,101.71,101.52,101.55,424787.0
13:01,101.67,101.79,101.59,101.69,529038.0
13:02,101.64,101.7,101.58,101.66,420960.0
13:03,101.64,101.72,101.54,101.64,462682.0
13:04,101.67,101.69,101.55,101.65,425454.0
13:05,101.72,101.84,101.65,101.67,501668.0
13:06,101.54,101.72,101.51,101.71,435033.0
13:07,101.57,101.65,101.51,101.54,347593.0
13:08,101.56,101.58,101.45,101.57,444603.0
13:09,101.5,101.64,101.49,101.54,314305.0
13:10,101.46,101.55,101.43,101.5,369172.0
13:11,101.36,101.48,101.3,101.46,401440.0
13:12,101.37,101.43,101.31,101.35,350664.0
13:13,101.45,101.48,101.36,101.36,307181.0
13:14,101.43,101.45,101.34,101.44,236217.0
13:15,101.56,101.58,101.38,101.43,326976.0
13:16,101.33,101.56,101.33,101.56,405081.0
13:17,101.32,101.36,101.31,101.33,460354.0
13:18,101.18,101.39,101.15,101.33,606361.0
13:19,101.22,101.26,101.14,101.18,349377.0
13:20,101.11,101.22,101.09,101.21,304937.0
13:21,101.17,101.19,101.04,101.11,475626.0
13:22,101.07,101.17,101.03,101.16,290436.0
13:23,101.01,101.11,101.01,101.06,342817.0
13:24,101.01,101.03,100.93,101.01,602929.0
13:25,101.0,101.13,100.94,101.0,1574177.0
13:26,100.87,101.03,100.86,101.0,407213.0
13:27,100.86,100.92,100.85,100.88,330422.0
13:28,100.93,100.97,100.82,100.86,392654.0
13:29,100.83,100.93,100.82,100.92,301543.0
13:30,100.85,100.97,100.83,100.84,322136.0
13:31,101.06,101.07,100.85,100.86,433490.0
13:32,101.07,101.1,101.0,101.07,337622.0
13:33,101.13,101.14,101.03,101.07,360584.0
13:34,101.1,101.16,101.04,101.13,406763.0
13:35,101.11,101.2,101.07,101.11,321855.0
13:36,101.17,101.19,101.09,101.1,286180.0
13:37,101.14,101.22,101.11,101.17,252397.0
13:38,101.18,101.23,101.15,101.15,310343.0
13:39,101.21,101.28,101.12,101.18,424806.0
13:40,101.06,101.25,101.02,101.21,367041.0
13:41,100.92,101.08,100.91,101.06,377289.0
13:42,100.81,100.93,100.79,100.93,388840.0
13:43,100.98,100.98,100.79,100.8,355701.0
13:44,101.01,101.08,100.92,100.98,346585.0
13:45,101.11,101.15,100.98,101.0,319092.0
13:46,101.25,101.27,101.13,101.14,476803.0
13:47,101.35,101.44,101.25,101.25,716793.0
13:48,101.37,101.4,101.3,101.35,454732.0
13:49,101.21,101.37,101.15,101.36,444301.0
13:50,101.29,101.36,101.18,101.19,308900.0
13:51,101.33,101.4,101.25,101.29,315969.0
13:52,101.4,101.43,101.28,101.33,443629.0
13:53,101.47,101.48,101.32,101.41,405730.0
13:54,101.41,101.49,101.4,101.47,266521.0
13:55,101.66,101.7,101.38,101.41,733510.0
13:56,101.56,101.71,101.54,101.66,1377993.0
13:57,101.56,101.64,101.53,101.57,310382.0
13:58,101.55,101.57,101.5,101.54,250942.0
13:59,101.49,101.55,101.45,101.54,276427.0
14:00,101.51,101.6,101.43,101.49,414289.0
14:01,101.56,101.64,101.5,101.5,388078.0
14:02,101.54,101.56,101.46,101.56,575508.0
14:03,101.53,101.55,101.43,101.54,213738.0
14:04,101.7,101.77,101.51,101.52,811558.0
14:05,101.8,101.86,101.68,101.71,614197.0
14:06,101.73,101.81,101.66,101.8,486581.0
14:07,101.81,101.85,101.67,101.73,383936.0
14:08,101.98,101.98,101.78,101.81,517524.0
14:09,101.9,101.98,101.86,101.98,394672.0
14:10,101.91,101.98,101.87,101.89,472605.0
14:11,101.94,102.06,101.9,101.93,656538.0
14:12,101.78,101.94,101.74,101.94,430771.0
14:13,101.81,101.88,101.72,101.78,405304.0
14:14,101.73,101.83,101.68,101.81,291562.0
14:15,101.8,101.84,101.68,101.73,343750.0
14:16,101.73,101.82,101.71,101.81,276875.0
14:17,101.98,101.99,101.74,101.74,640958.0
14:18,101.9,102.0,101.88,101.99,382543.0
14:19,102.05,102.07,101.89,101.9,435757.0
14:20,102.26,102.28,102.0,102.04,761866.0
14:21,102.25,102.29,102.16,102.25,542651.0
14:22,102.22,102.3,102.17,102.25,577106.0
14:23,102.31,102.33,102.21,102.23,477875.0
14:24,102.29,102.35,102.26,102.31,552475.0
14:25,102.32,102.38,102.25,102.29,502211.0
14:26,102.16,102.35,102.11,102.32,663561.0
14:27,102.16,102.22,102.11,102.15,405181.0
14:28,102.24,102.24,102.1,102.15,316529.0
14:29,102.16,102.27,102.1,102.24,327440.0
14:30,102.32,102.41,102.16,102.16,594168.0
14:31,102.46,102.47,102.3,102.32,563255.0
14:32,102.39,102.49,102.35,102.46,468781.0
14:33,102.37,102.42,102.32,102.39,279442.0
14:34,102.29,102.41,102.26,102.38,411094.0
14:35,102.38,102.4,102.23,102.29,445111.0
14:36,102.19,102.39,102.16,102.38,392599.0
14:37,102.23,102.25,102.18,102.19,479094.0
14:38,102.22,102.26,102.18,102.24,280705.0
14:39,102.26,102.27,102.21,102.23,310820.0
14:40,102.13,102.28,102.12,102.27,420700.0
14:41,102.09,102.17,102.0,102.13,533020.0
14:42,102.04,102.1,102.0,102.08,394055.0
14:43,102.08,102.12,102.03,102.05,283716.0
14:44,102.2,102.21,102.05,102.08,320442.0
14:45,102.25,102.25,102.13,102.2,379503.0
14:46,102.14,102.32,101.89,102.25,889309.0
14:47,101.96,102.18,101.94,102.16,439086.0
14:48,101.97,102.0,101.77,101.96,571044.0
14:49,101.82,102.0,101.8,101.96,361929.0
14:50,101.68,101.82,101.6,101.81,769456.0
14:51,101.78,101.78,101.63,101.68,403461.0
14:52,101.96,102.0,101.75,101.77,601578.0
14:53,102.02,102.07,101.92,101.95,453781.0
14:54,101.8,102.1,101.8,102.02,353146.0
14:55,101.79,101.84,101.72,101.8,436615.0
14:56,101.72,101.79,101.67,101.77,300876.0
14:57,101.67,101.73,101.6,101.71,392848.0
14:58,101.6,101.74,101.56,101.67,414741.0
14:59,101.42,101.63,101.42,101.6,532586.0
15:00,101.5,101.55,101.37,101.43,580806.0
15:01,101.33,101.52,101.29,101.5,511650.0
15:02,101.39,101.44,101.3,101.33,367655.0
15:03,101.46,101.55,101.39,101.41,1075267.0
15:04,101.55,101.58,101.47,101.47,395029.0
15:05,101.58,101.64,101.46,101.54,433966.0
15:06,101.72,101.75,101.53,101.57,444896.0
15:07,101.72,101.82,101.69,101.72,881415.0
15:08,101.58,101.72,101.51,101.72,482630.0
15:09,101.59,101.64,101.49,101.58,329954.0
15:10,101.46,101.67,101.45,101.59,376040.0
15:11,101.44,101.53,101.42,101.45,360060.0
15:12,101.37,101.44,101.3,101.43,527030.0
15:13,101.33,101.37,101.3,101.37,324267.0
15:14,101.21,101.33,101.1,101.33,630119.0
15:15,101.31,101.32,101.12,101.21,536442.0
15:16,101.25,101.36,101.14,101.31,442630.0
15:17,101.23,101.29,101.16,101.25,351764.0
15:18,101.19,101.25,101.14,101.22,347288.0
15:19,101.25,101.33,101.15,101.2,421365.0
15:20,101.22,101.37,101.18,101.25,381168.0
15:21,101.07,101.22,101.02,101.21,533145.0
15:22,101.28,101.28,101.05,101.07,517171.0
15:23,101.51,101.52,101.25,101.29,565706.0
15:24,101.46,101.52,101.41,101.52,416724.0
15:25,101.34,101.46,101.21,101.46,486442.0
15:26,101.47,101.48,101.31,101.34,373569.0
15:27,101.42,101.51,101.41,101.47,459335.0
15:28,101.35,101.48,101.35,101.43,324186.0
15:29,101.21,101.37,101.17,101.35,416828.0
15:30,101.32,101.35,101.16,101.21,160085.0
15:31,101.57,101.65,101.46,101.47,932498.0
15:32,101.5,101.61,101.48,101.57,438062.0
15:33,101.5,101.57,101.43,101.5,392759.0
15:34,101.44,101.51,101.41,101.5,316911.0
15:35,101.51,101.63,101.4,101.45,419344.0
15:36,101.65,101.66,101.52,101.52,397693.0
15:37,101.57,101.7,101.53,101.65,387816.0
15:38,101.54,101.59,101.49,101.57,381922.0
15:39,101.46,101.6,101.46,101.54,326947.0
15:40,101.32,101.48,101.29,101.46,450342.0
15:41,101.38,101.39,101.24,101.33,569039.0
15:42,101.51,101.62,101.36,101.38,632358.0
15:43,101.31,101.53,101.28,101.51,418939.0
15:44,101.31,101.38,101.21,101.29,544414.0
15:45,101.25,101.4,101.22,101.32,467660.0
15:46,101.07,101.25,101.04,101.25,672147.0
15:47,101.02,101.11,101.0,101.06,804931.0
15:48,100.93,101.05,100.85,101.03,751860.0
15:49,100.99,101.06,100.9,100.92,622933.0
15:50,100.99,101.13,100.88,100.98,735299.0
15:51,100.95,101.07,100.86,100.99,794018.0
15:52,101.07,101.12,100.96,100.96,639995.0
15:53,100.97,101.08,100.9,101.07,574021.0
15:54,101.23,101.35,100.98,100.98,1236183.0
15:55,101.36,101.54,101.12,101.22,1447002.0
15:56,101.31,101.37,101.2,101.35,1167268.0
15:57,101.26,101.36,101.21,101.31,1538778.0
15:58,101.35,101.36,101.25,101.27,1382571.0
15:59,101.41,101.53,101.34,101.35,3148817.0
