Time,Close,High,Low,Open,Volume
09:30,109.03,109.2,108.53,108.59,15169480.0
09:31,108.7,109.2,108.63,109.02,1174302.0
09:32,108.07,108.89,108.02,108.7,1209223.0
09:33,108.43,108.53,107.9,108.11,1087581.0
09:34,108.43,108.49,107.97,108.43,959414.0
09:35,108.82,108.95,108.4,108.43,1099556.0
09:36,109.12,109.41,108.76,108.84,1532821.0
09:37,108.73,109.27,108.73,109.12,1023295.0
09:38,109.12,109.12,108.47,108.76,1106494.0
09:39,109.56,109.77,109.11,109.13,1725891.0
09:40,109.33,109.68,109.22,109.59,1114234.0
09:41,109.21,109.38,108.94,109.33,921774.0
09:42,109.88,109.9,108.97,109.2,1508088.0
09:43,110.0,110.34,109.75,109.9,2419552.0
09:44,109.77,110.2,109.7,110.01,1271581.0
09:45,110.0,110.0,110.0,110.0,1001344.0
09:46,110.25,110.54,109.99,110.01,1525187.0
09:47,110.39,110.53,110.25,110.25,1012311.0
09:48,110.15,110.52,110.11,110.41,1081819.0
09:49,109.9,110.25,109.88,110.12,1081384.0
09:50,109.41,110.13,109.36,109.89,1286358.0
09:51,109.68,109.96,109.38,109.41,1052579.0
09:52,109.98,110.2,109.68,109.69,1081960.0
09:53,110.42,110.5,109.99,109.99,1750656.0
09:54,110.44,110.68,110.33,110.43,1300046.0
09:55,110.11,110.46,109.9,110.44,1012573.0
09:56,110.13,110.44,110.1,110.11,781123.0
09:57,109.98,110.17,109.8,110.14,930062.0
09:58,110.35,110.38,109.98,110.0,1071936.0
09:59,110.35,110.69,110.27,110.36,1372298.0
10:00,110.06,110.6,109.97,110.29,1636368.0
10:01,109.83,110.45,109.71,110.07,1292315.0
10:02,109.38,109.84,109.21,109.82,1516469.0
10:03,108.92,109.43,108.72,109.31,1414267.0
10:04,109.35,109.47,108.83,108.91,990862.0
10:05,109.48,109.57,109.25,109.37,952031.0
10:06,109.58,109.6,109.17,109.48,715778.0
10:07,110.15,110.27,109.56,109.59,1469876.0
10:08,109.99,110.4,109.93,110.15,849842.0
10:09,110.29,110.36,109.93,109.97,765393.0
10:10,110.29,110.43,110.13,110.3,860689.0
10:11,109.76,110.31,109.51,110.29,1093025.0
10:12,109.57,109.77,109.37,109.77,1151771.0
10:13,109.76,109.99,109.41,109.56,787100.0
10:14,109.8,109.87,109.51,109.76,644257.0
10:15,110.19,110.33,109.77,109.77,882309.0
10:16,109.78,110.3,109.71,110.2,877801.0
10:17,109.23,109.79,109.18,109.78,814235.0
10:18,109.05,109.45,109.04,109.22,777084.0
10:19,108.76,109.16,108.7,109.04,1006939.0
10:20,108.39,108.77,108.35,108.72,1191482.0
10:21,108.11,108.43,107.81,108.38,1604079.0
10:22,107.82,108.18,107.75,108.1,1055576.0
10:23,107.81,107.89,107.56,107.82,1093643.0
10:24,108.45,108.54,107.81,107.82,1522960.0
10:25,108.4,108.67,108.28,108.46,847752.0
10:26,108.11,108.44,108.1,108.4,1102444.0
10:27,108.19,108.43,108.0,108.11,846668.0
10:28,107.8,108.23,107.79,108.19,705820.0
10:29,107.7,107.98,107.66,107.8,775390.0
10:30,108.28,108.39,107.48,107.71,1467547.0
10:31,108.46,108.52,108.15,108.28,1007012.0
10:32,108.31,108.67,108.31,108.46,916225.0
10:33,108.85,108.97,108.28,108.32,1085992.0
10:34,108.71,108.93,108.54,108.85,653855.0
10:35,108.77,108.93,108.66,108.71,598851.0
10:36,108.98,109.09,108.63,108.78,782974.0
10:37,108.92,109.08,108.73,108.98,1038365.0
10:38,109.03,109.1,108.8,108.91,573483.0
10:39,109.28,109.37,109.0,109.06,927283.0
10:40,109.07,109.26,108.88,109.25,656962.0
10:41,109.21,109.34,109.07,109.08,524736.0
10:42,109.39,109.52,109.16,109.22,878665.0
10:43,109.31,109.53,109.22,109.38,698048.0
10:44,109.61,109.67,109.27,109.29,779526.0
10:45,109.64,109.83,109.54,109.61,889788.0
10:46,109.52,109.78,109.5,109.65,686089.0
10:47,109.34,109.69,109.25,109.54,815628.0
10:48,109.38,109.62,109.31,109.35,657663.0
10:49,109.29,109.44,109.07,109.36,659292.0
10:50,108.78,109.29,108.66,109.27,859367.0
10:51,108.88,108.99,108.61,108.79,768233.0
10:52,108.91,109.05,108.78,108.89,566027.0
10:53,108.72,109.04,108.66,108.95,541012.0
10:54,109.03,109.07,108.68,108.71,620356.0
10:55,108.89,109.05,108.68,109.04,429487.0
10:56,108.72,108.95,108.51,108.89,644268.0
10:57,108.88,109.06,108.69,108.7,653396.0
10:58,108.64,108.96,108.51,108.88,462207.0
10:59,108.46,108.67,108.38,108.65,619630.0
11:00,109.22,109.67,108.17,108.44,1838063.0
11:01,108.88,109.33,108.7,109.21,736108.0
11:02,108.79,108.95,108.65,108.85,541930.0
11:03,108.13,108.91,108.11,108.81,1035238.0
11:04,108.21,108.33,108.05,108.13,623267.0
11:05,108.13,108.18,107.97,108.18,780831.0
11:06,108.13,108.28,108.06,108.13,576869.0
11:07,108.19,108.26,107.97,108.11,541590.0
11:08,108.5,108.62,108.08,108.19,774860.0
11:09,108.61,108.93,108.48,108.52,672674.0
11:10,108.42,108.75,108.38,108.62,593309.0
11:11,108.46,108.46,108.09,108.41,569636.0
11:12,108.24,108.59,108.23,108.46,542099.0
11:13,108.03,108.32,107.95,108.23,693531.0
11:14,108.12,108.16,107.86,108.03,666909.0
11:15,108.24,108.37,107.94,108.12,658564.0
11:16,108.22,108.4,108.2,108.24,527808.0
11:17,108.21,108.26,108.05,108.23,377096.0
11:18,108.04,108.21,107.95,108.21,490389.0
11:19,108.35,108.39,107.99,108.01,532820.0
11:20,108.41,108.5,108.32,108.35,622199.0
11:21,108.62,108.7,108.35,108.41,634058.0
11:22,108.49,108.72,108.45,108.62,562019.0
11:23,108.04,108.59,108.04,108.49,534216.0
11:24,108.14,108.23,107.96,108.05,550285.0
11:25,108.5,108.55,108.06,108.13,555534.0
11:26,108.21,108.58,108.2,108.48,546587.0
11:27,108.5,108.74,108.15,108.2,658669.0
11:28,108.75,108.78,108.45,108.5,451402.0
11:29,108.64,108.79,108.52,108.75,523888.0
11:30,108.75,108.77,108.43,108.65,583820.0
11:31,108.56,108.99,108.56,108.77,586849.0
11:32,108.74,108.82,108.53,108.57,389753.0
11:33,108.68,108.89,108.6,108.76,470787.0
11:34,108.89,108.98,108.62,108.68,650945.0
11:35,108.7,108.99,108.58,108.9,447351.0
11:36,108.87,108.9,108.67,108.69,391703.0
11:37,108.88,109.01,108.83,108.88,486260.0
11:38,109.07,109.13,108.78,108.89,578804.0
11:39,109.33,109.35,108.95,109.07,706793.0
11:40,108.95,109.4,108.86,109.33,1167724.0
11:41,108.92,109.07,108.78,108.96,530004.0
11:42,109.05,109.16,108.88,108.92,596115.0
11:43,108.94,109.04,108.85,109.03,381755.0
11:44,109.02,109.13,108.89,108.96,464111.0
11:45,109.08,109.25,108.96,109.02,512745.0
11:46,109.02,109.2,108.91,109.09,456752.0
11:47,109.2,109.22,109.02,109.02,926178.0
11:48,109.29,109.29,109.1,109.19,470231.0
11:49,109.15,109.35,109.14,109.29,1723542.0
11:50,108.95,109.25,108.92,109.15,477802.0
11:51,108.9,109.05,108.77,108.96,561980.0
11:52,108.98,109.06,108.75,108.89,444929.0
11:53,109.04,109.13,108.95,108.98,421542.0
11:54,109.03,109.1,108.89,109.05,291014.0
11:55,109.18,109.23,109.02,109.02,364685.0
11:56,109.3,109.3,109.1,109.18,466466.0
11:57,109.25,109.45,109.22,109.3,633583.0
11:58,109.44,109.5,109.27,109.27,486698.0
11:59,109.46,109.46,109.23,109.43,378028.0
12:00,109.57,109.58,109.3,109.46,591753.0
12:01,109.37,109.57,109.33,109.57,542992.0
12:02,109.37,109.47,109.18,109.38,539111.0
12:03,109.2,109.39,109.2,109.37,335890.0
12:04,109.46,109.48,109.18,109.21,421952.0
12:05,109.68,109.74,109.44,109.46,753308.0
12:06,109.91,109.92,109.6,109.69,676686.0
12:07,109.75,109.99,109.68,109.9,722145.0
12:08,109.82,109.86,109.69,109.76,522144.0
12:09,109.58,109.83,109.58,109.82,553024.0
12:10,109.78,109.85,109.58,109.59,528491.0
12:11,109.69,109.87,109.58,109.79,498972.0
12:12,109.91,109.91,109.65,109.7,472244.0
12:13,109.85,109.96,109.84,109.9,450435.0
12:14,109.77,109.95,109.7,109.86,404435.0
12:15,109.64,109.89,109.58,109.78,448642.0
12:16,109.79,109.8,109.63,109.63,439239.0
12:17,109.72,109.8,109.63,109.8,367511.0
12:18,109.48,109.81,109.48,109.72,383348.0
12:19,109.56,109.65,109.47,109.48,371085.0
12:20,109.58,109.66,109.53,109.56,312778.0
12:21,109.4,109.61,109.39,109.57,403957.0
12:22,109.43,109.57,109.39,109.41,292793.0
12:23,109.58,109.62,109.37,109.44,414424.0
12:24,109.43,109.67,109.41,109.59,329281.0
12:25,109.29,109.51,109.22,109.44,448319.0
12:26,109.26,109.35,109.08,109.28,526459.0
12:27,109.5,109.53,109.24,109.26,438603.0
12:28,109.59,109.67,109.5,109.5,463519.0
12:29,109.44,109.6,109.37,109.6,451163.0
12:30,109.78,109.86,109.47,109.47,615897.0
12:31,109.94,110.03,109.73,109.79,720603.0
12:32,110.04,110.05,109.84,109.95,1129541.0
12:33,110.17,110.18,109.93,110.04,676192.0
12:34,110.1,110.21,109.97,110.19,676814.0
12:35,110.28,110.36,110.07,110.1,759781.0
12:36,110.55,110.56,110.27,110.27,1040671.0
12:37,110.77,110.81,110.49,110.55,1015816.0
12:38,110.79,110.83,110.6,110.78,734603.0
12:39,110.61,110.85,110.56,110.79,817619.0
12:40,110.52,110.68,110.47,110.62,631830.0
12:41,110.6,110.62,110.37,110.53,625554.0
12:42,110.85,110.87,110.6,110.6,863944.0
12:43,110.89,111.0,110.72,110.84,891936.0
12:44,110.98,111.06,110.86,110.88,1296853.0
12:45,110.76,111.01,110.68,110.99,727050.0
12:46,110.63,110.82,110.62,110.75,486233.0
12:47,110.82,110.85,110.58,110.63,516832.0
12:48,110.79,110.85,110.63,110.79,453815.0
12:49,110.8,110.88,110.62,110.78,488397.0
12:50,110.76,110.87,110.62,110.81,541485.0
12:51,110.64,110.82,110.53,110.78,466324.0
12:52,110.92,110.93,110.57,110.63,532571.0
12:53,110.72,110.96,110.69,110.92,583378.0
12:54,110.79,110.84,110.64,110.71,451102.0
12:55,110.8,110.83,110.53,110.78,539678.0
12:56,110.57,110.86,110.48,110.79,671012.0
12:57,110.74,110.75,110.53,110.57,304400.0
12:58,110.62,110.78,110.55,110.74,329497.0
12:59,110.43,110.63,110.39,110.62,602005.0
13:00,110.13,110.6,110.08,110.43,726988.0
13:01,110.17,110.22,109.91,110.12,825097.0
13:02,110.41,110.43,110.16,110.2,497528.0
13:03,110.5,110.57,110.32,110.4,440947.0
13:04,110.23,110.52,110.21,110.5,452098.0
13:05,110.02,110.28,110.01,110.24,485336.0
13:06,110.42,110.47,110.03,110.03,527645.0
13:07,110.31,110.46,110.27,110.43,453361.0
13:08,110.13,110.36,110.11,110.32,451377.0
13:09,110.21,110.23,109.98,110.14,499091.0
13:10,110.1,110.25,109.91,110.24,500288.0
13:11,110.07,110.09,109.86,110.09,457713.0
13:12,110.05,110.22,110.03,110.07,407019.0
13:13,109.91,110.15,109.89,110.06,386477.0
13:14,110.13,110.19,109.94,109.95,392237.0
13:15,110.17,110.29,110.07,110.13,452648.0
13:16,110.31,110.39,110.14,110.21,437963.0
13:17,109.98,110.31,109.93,110.31,418674.0
13:18,109.65,110.0,109.65,109.97,605983.0
13:19,109.71,109.76,109.47,109.65,768746.0
13:20,109.81,109.81,109.43,109.71,701071.0
13:21,109.89,109.91,109.64,109.8,484173.0
13:22,109.88,110.01,109.86,109.89,445263.0
13:23,109.83,109.94,109.51,109.88,506862.0
13:24,109.88,109.92,109.63,109.81,366769.0
13:25,109.79,109.88,109.67,109.87,289372.0
13:26,109.89,109.93,109.7,109.79,267256.0
13:27,109.86,110.0,109.76,109.9,386269.0
13:28,109.9,109.9,109.72,109.85,298819.0
13:29,109.74,109.89,109.66,109.89,1668034.0
13:30,109.75,109.89,109.67,109.74,377484.0
13:31,109.36,109.87,109.34,109.75,555974.0
13:32,109.68,109.68,109.29,109.34,537270.0
13:33,109.6,109.75,109.51,109.68,356277.0
13:34,109.74,109.78,109.53,109.59,268361.0
13:35,109.58,109.8,109.55,109.75,301410.0
13:36,109.93,109.94,109.49,109.58,505171.0
13:37,110.05,110.11,109.88,109.92,649525.0
13:38,110.06,110.1,109.87,110.05,498978.0
13:39,110.2,110.3,110.0,110.06,693973.0
13:40,110.47,110.58,110.19,110.2,1173009.0
13:41,110.28,110.47,110.06,110.47,808034.0
13:42,110.39,110.44,110.14,110.29,497312.0
13:43,110.6,110.63,110.38,110.39,628573.0
13:44,110.5,110.68,110.48,110.6,716824.0
13:45,110.36,110.54,110.23,110.49,601491.0
13:46,110.35,110.49,110.24,110.36,459848.0
13:47,110.37,110.42,110.04,110.35,656180.0
13:48,110.72,110.73,110.35,110.38,786899.0
13:49,110.73,110.88,110.65,110.73,745285.0
13:50,110.8,110.84,110.57,110.74,519087.0
13:51,110.79,110.99,110.65,110.8,425897.0
13:52,111.05,111.2,110.79,110.79,1516815.0
13:53,111.3,111.36,110.97,111.04,862697.0
13:54,111.24,111.55,111.13,111.31,1077846.0
13:55,111.28,111.28,111.05,111.24,768372.0
13:56,111.12,111.43,111.11,111.26,680260.0
13:57,111.22,111.26,110.97,111.12,662289.0
13:58,111.02,111.3,111.0,111.22,514590.0
13:59,110.98,111.04,110.87,111.03,662847.0
14:00,110.78,111.1,110.73,110.97,727562.0
14:01,110.69,110.8,110.65,110.79,985027.0
14:02,110.86,110.93,110.65,110.7,678487.0
14:03,110.89,110.93,110.69,110.86,496324.0
14:04,110.89,111.05,110.85,110.9,546729.0
14:05,110.79,110.92,110.74,110.9,423741.0
14:06,110.59,110.82,110.5,110.79,516996.0
14:07,110.5,110.64,110.36,110.6,738585.0
14:08,110.64,110.71,110.45,110.5,463978.0
14:09,110.56,110.7,110.53,110.67,340127.0
14:10,110.49,110.6,110.32,110.54,486173.0
14:11,110.72,110.79,110.47,110.47,724501.0
14:12,110.87,110.89,110.68,110.73,445761.0
14:13,110.75,110.95,110.67,110.88,468411.0
14:14,110.68,110.82,110.64,110.76,376267.0
14:15,110.79,110.81,110.62,110.68,352163.0
14:16,110.6,110.82,110.5,110.79,531185.0
14:17,110.39,110.62,110.32,110.61,546298.0
14:18,110.17,110.42,110.14,110.38,594266.0
14:19,110.22,110.22,109.98,110.18,866700.0
14:20,110.27,110.35,110.11,110.21,541412.0
14:21,110.02,110.27,109.71,110.27,1686243.0
14:22,110.22,110.25,109.94,110.01,549689.0
14:23,110.11,110.25,110.03,110.21,339085.0
14:24,110.22,110.29,110.06,110.14,346055.0
14:25,110.09,110.24,110.04,110.21,324326.0
14:26,110.29,110.33,110.07,110.08,322664.0
14:27,110.16,110.34,110.04,110.29,497881.0
14:28,110.22,110.27,110.05,110.18,351429.0
14:29,110.35,110.38,110.15,110.21,404063.0
14:30,110.36,110.46,110.26,110.36,462212.0
14:31,110.29,110.38,110.18,110.35,389645.0
14:32,110.3,110.32,110.16,110.29,240288.0
14:33,110.31,110.4,110.27,110.3,328913.0
14:34,110.22,110.35,110.14,110.33,295706.0
14:35,110.23,110.24,110.06,110.22,424793.0
14:36,110.37,110.39,110.19,110.24,299776.0
14:37,110.19,110.43,110.19,110.38,440550.0
14:38,109.95,110.22,109.87,110.21,796076.0
14:39,110.12,110.15,109.89,109.95,416929.0
14:40,110.25,110.31,110.1,110.12,375082.0
14:41,110.25,110.4,110.18,110.25,361649.0
14:42,110.25,110.32,110.05,110.25,466702.0
14:43,110.27,110.31,110.16,110.25,220641.0
14:44,110.33,110.36,110.22,110.28,221773.0
14:45,110.43,110.45,110.3,110.34,389694.0
14:46,110.35,110.46,110.32,110.42,291117.0
14:47,110.32,110.37,110.24,110.36,257881.0
14:48,110.44,110.52,110.29,110.33,494284.0
14:49,110.41,110.46,110.33,110.45,261665.0
14:50,110.28,110.45,110.21,110.41,332602.0
14:51,109.94,110.29,109.91,110.28,707414.0
14:52,109.92,109.95,109.58,109.94,847350.0
14:53,110.05,110.11,109.85,109.9,484055.0
14:54,110.14,110.22,110.03,110.03,338281.0
14:55,110.04,110.2,109.99,110.14,342409.0
14:56,109.83,110.11,109.8,110.05,403138.0
14:57,109.78,109.89,109.68,109.83,468876.0
14:58,109.83,109.87,109.73,109.77,316858.0
14:59,109.74,109.88,109.69,109.83,383655.0
15:00,109.93,109.96,109.72,109.74,418562.0
15:01,109.98,110.05,109.82,109.94,414303.0
15:02,110.14,110.15,109.92,109.99,415061.0
15:03,110.12,110.21,110.1,110.13,391989.0
15:04,110.08,110.2,110.08,110.11,296034.0
15:05,109.92,110.1,109.88,110.09,411124.0
15:06,110.21,110.23,109.9,109.92,560670.0
15:07,110.31,110.39,110.21,110.22,570893.0
15:08,110.36,110.43,110.29,110.33,456626.0
15:09,110.47,110.5,110.34,110.35,582869.0
15:10,110.44,110.47,110.25,110.46,423635.0
15:11,110.35,110.52,110.33,110.46,489076.0
15:12,110.28,110.43,110.21,110.35,467517.0
15:13,110.43,110.47,110.26,110.29,427779.0
15:14,110.42,110.48,110.38,110.44,418563.0
15:15,110.18,110.46,110.12,110.42,618403.0
15:16,110.31,110.32,110.18,110.19,425998.0
15:17,110.06,110.32,110.04,110.31,432375.0
15:18,110.28,110.33,110.05,110.06,469589.0
15:19,110.37,110.4,110.25,110.28,376381.0
15:20,110.36,110.4,110.26,110.39,321939.0
15:21,110.28,110.39,110.26,110.37,333377.0
15:22,110.29,110.29,110.15,110.28,323467.0
15:23,110.34,110.34,110.2,110.29,380278.0
15:24,110.31,110.33,110.26,110.32,324472.0
15:25,110.26,110.35,110.19,110.32,384059.0
15:26,110.32,110.34,110.12,110.28,418297.0
15:27,110.31,110.43,110.29,110.32,435443.0
15:28,110.19,110.34,110.18,110.32,326791.0
15:29,110.11,110.2,110.09,110.2,477846.0
15:30,109.9,110.11,109.83,110.11,777541.0
15:31,110.01,110.03,109.89,109.89,469382.0
15:32,110.15,110.18,109.88,110.01,657710.0
15:33,110.26,110.27,110.12,110.15,500346.0
15:34,110.17,110.3,110.14,110.27,364906.0
15:35,110.0,110.18,109.95,110.17,530059.0
15:36,110.14,110.17,110.0,110.0,395512.0
15:37,109.92,110.14,109.89,110.14,532819.0
15:38,109.96,110.06,109.92,109.93,394734.0
15:39,110.26,110.29,109.96,109.96,682332.0
15:40,110.37,110.47,110.26,110.27,892920.0
15:41,110.45,110.49,110.29,110.37,677526.0
15:42,110.45,110.53,110.35,110.47,722822.0
15:43,110.49,110.54,110.41,110.46,555011.0
15:44,110.52,110.56,110.44,110.49,491592.0
15:45,110.37,110.54,110.33,110.51,678743.0
15:46,110.36,110.49,110.33,110.36,575397.0
15:47,110.45,110.5,110.27,110.36,775671.0
15:48,110.25,110.47,110.21,110.46,492006.0
15:49,110.4,110.45,110.2,110.25,672330.0
15:50,110.47,110.75,110.38,110.42,1349190.0
15:51,110.47,110.59,110.44,110.46,687469.0
15:52,110.21,110.47,110.16,110.47,947291.0
15:53,110.28,110.41,110.06,110.21,951591.0
15:54,110.58,110.68,110.14,110.28,1586462.0
15:55,110.79,111.0,110.52,110.59,2079583.0
15:56,110.83,110.97,110.75,110.79,1188825.0
15:57,110.76,110.9,110.64,110.83,1698003.0
15:58,110.7,110.92,110.57,110.75,2363837.0
15:59,110.69,110.85,110.57,110.71,4936776.0
