Time,Close,High,Low,Open,Volume
09:30,1292.22,1294.73,1289.0,1291.83,69778.0
09:31,1291.6,1294.65,1291.26,1292.01,18870.0
09:32,1287.03,1291.24,1287.03,1291.0,10192.0
09:33,1288.2,1291.06,1285.6,1288.48,10696.0
09:34,1289.7,1289.97,1286.41,1287.17,14036.0
09:35,1289.32,1289.9,1287.23,1288.65,12892.0
09:36,1289.0,1290.68,1288.95,1289.66,8417.0
09:37,1286.52,1288.48,1286.52,1288.48,13405.0
09:38,1285.15,1287.82,1284.0,1287.82,13257.0
09:39,1281.61,1284.89,1280.23,1284.89,8957.0
09:40,1280.21,1281.77,1279.76,1281.42,23481.0
09:41,1285.73,1285.74,1281.45,1281.9,9560.0
09:42,1283.14,1284.97,1283.14,1284.97,5176.0
09:43,1283.84,1284.09,1282.81,1282.81,3766.0
09:44,1286.78,1286.78,1284.29,1285.0,5879.0
09:45,1285.15,1287.5,1285.02,1287.5,5861.0
09:46,1284.65,1284.84,1284.65,1284.84,987.0
09:47,1284.38,1285.2,1284.18,1285.2,6398.0
09:48,1284.11,1285.55,1283.72,1285.55,11810.0
09:49,1285.97,1286.79,1283.59,1283.59,6427.0
09:50,1286.98,1288.11,1286.22,1287.48,7466.0
09:51,1289.15,1290.0,1286.25,1286.94,14957.0
09:52,1287.71,1289.63,1287.71,1289.63,5800.0
09:53,1287.18,1288.0,1287.04,1288.0,6116.0
09:54,1288.4,1288.4,1286.59,1287.23,9974.0
09:55,1286.0,1286.65,1286.0,1286.23,9453.0
09:56,1287.14,1287.14,1286.01,1286.69,12026.0
09:57,1287.66,1288.29,1287.14,1287.63,8687.0
09:58,1287.57,1289.35,1287.57,1288.56,11351.0
09:59,1287.09,1288.29,1286.76,1286.79,5282.0
10:00,1290.49,1292.0,1288.2,1288.2,16715.0
10:01,1290.42,1291.51,1289.8,1290.79,9204.0
10:02,1291.42,1291.42,1290.11,1290.11,4899.0
10:03,1290.39,1291.42,1290.39,1291.05,9259.0
10:04,1291.83,1291.85,1290.19,1291.0,11123.0
10:05,1292.35,1292.93,1291.52,1291.52,6970.0
10:06,1293.69,1293.94,1291.93,1291.93,14701.0
10:07,1291.98,1293.72,1291.91,1293.65,14676.0
10:08,1293.57,1293.75,1292.75,1293.37,8987.0
10:09,1292.96,1293.68,1292.67,1293.68,6314.0
10:10,1292.73,1292.73,1292.73,1292.73,6321.0
10:11,1292.62,1293.12,1292.41,1293.12,5827.0
10:12,1293.69,1293.69,1292.95,1292.95,11913.0
10:13,1293.96,1294.5,1293.2,1293.2,7816.0
10:14,1295.06,1295.26,1294.44,1294.95,10883.0
10:15,1295.6,1296.07,1294.88,1295.28,24355.0
10:16,1296.48,1296.48,1295.6,1295.64,12581.0
10:17,1297.46,1297.46,1296.43,1296.47,15001.0
10:18,1298.19,1298.19,1297.45,1297.93,12698.0
10:19,1297.62,1298.83,1297.39,1298.16,18372.0
10:20,1297.11,1298.04,1296.63,1298.0,8920.0
10:21,1296.99,1297.35,1296.18,1296.72,6333.0
10:22,1296.2,1296.8,1296.2,1296.8,6622.0
10:23,1293.7,1295.14,1293.7,1295.14,11256.0
10:24,1293.9,1294.0,1293.29,1293.89,7730.0
10:25,1294.35,1295.16,1293.87,1295.16,2726.0
10:26,1294.19,1294.58,1294.19,1294.42,7949.0
10:27,1294.92,1295.94,1294.4,1295.94,4986.0
10:28,1296.09,1296.49,1294.98,1295.03,9106.0
10:29,1296.34,1296.63,1295.25,1295.54,9749.0
10:30,1296.69,1296.7,1296.23,1296.32,7540.0
10:31,1296.2,1296.2,1295.09,1295.09,3932.0
10:32,1296.47,1296.5,1296.2,1296.2,5829.0
10:33,1296.0,1296.14,1295.42,1296.09,5177.0
10:34,1296.91,1297.0,1295.87,1295.9,8967.0
10:35,1296.86,1297.29,1296.43,1296.7,5707.0
10:36,1295.91,1296.36,1295.23,1296.36,5906.0
10:37,1295.25,1295.98,1295.0,1295.98,4110.0
10:38,1294.73,1295.67,1294.73,1295.5,2737.0
10:39,1294.4,1294.64,1293.6,1294.62,8396.0
10:40,1295.91,1295.91,1294.75,1294.75,4253.0
10:41,1295.01,1296.0,1295.01,1295.38,2907.0
10:42,1294.29,1295.3,1294.29,1295.3,86323.0
10:43,1293.57,1294.35,1293.57,1294.35,8599.0
10:44,1291.76,1293.28,1291.76,1293.28,4140.0
10:45,1293.74,1293.74,1291.84,1291.84,6234.0
10:46,1292.22,1293.06,1292.22,1292.98,5426.0
10:47,1292.86,1292.89,1292.86,1292.89,1091.0
10:48,1293.71,1293.71,1293.02,1293.02,3451.0
10:49,1293.46,1293.99,1293.11,1293.99,4382.0
10:50,1295.1,1295.1,1293.65,1293.65,6058.0
10:51,1294.13,1295.17,1294.13,1295.03,2297.0
10:52,1294.48,1294.55,1294.34,1294.55,1754.0
10:53,1295.26,1295.55,1294.94,1294.94,5604.0
10:54,1296.5,1296.5,1295.14,1295.5,9200.0
10:55,1296.19,1296.64,1295.28,1296.64,5212.0
10:56,1294.42,1296.07,1294.42,1296.07,3264.0
10:57,1294.7,1294.77,1294.7,1294.77,4311.0
10:58,1294.17,1294.17,1294.17,1294.17,447.0
10:59,1294.46,1294.62,1294.3,1294.62,5364.0
11:00,1293.78,1294.26,1293.65,1293.96,5837.0
11:01,1294.26,1294.26,1294.0,1294.0,6633.0
11:02,1293.78,1294.57,1293.78,1294.57,4215.0
11:03,1293.29,1293.66,1292.91,1293.26,3689.0
11:04,1293.12,1293.78,1293.12,1293.27,6644.0
11:05,1293.17,1293.5,1293.0,1293.5,3281.0
11:06,1293.95,1294.17,1293.45,1293.66,2214.0
11:07,1294.37,1294.37,1293.04,1293.85,5362.0
11:08,1295.28,1295.28,1293.98,1294.05,10213.0
11:09,1294.89,1294.89,1294.89,1294.89,2988.0
11:10,1294.96,1295.0,1294.93,1294.93,1968.0
11:11,1295.12,1295.12,1294.53,1294.96,4153.0
11:12,1295.0,1295.13,1295.0,1295.13,2557.0
11:13,1296.06,1296.06,1295.4,1295.4,5006.0
11:14,1295.72,1295.72,1295.39,1295.39,5638.0
11:15,1295.38,1295.38,1295.38,1295.38,6269.0
11:16,1295.18,1295.86,1294.98,1295.19,4991.0
11:17,1295.5,1295.5,1295.5,1295.5,1112.0
11:18,1294.83,1295.66,1294.83,1295.21,4556.0
11:19,1296.01,1296.01,1295.16,1295.29,2539.0
11:20,1295.5,1295.5,1295.42,1295.43,1333.0
11:21,1295.56,1295.92,1295.5,1295.77,3300.0
11:22,1296.74,1296.74,1295.5,1295.57,8950.0
11:23,1296.01,1297.26,1295.75,1297.2,4518.0
11:24,1297.01,1297.11,1296.17,1296.19,6997.0
11:25,1297.25,1297.25,1296.82,1296.95,974.0
11:26,1297.4,1297.71,1296.82,1296.82,6801.0
11:27,1297.4,1297.59,1297.23,1297.5,7512.0
11:28,1297.84,1298.46,1297.59,1297.59,17477.0
11:29,1298.07,1298.56,1298.07,1298.27,5178.0
11:30,1297.57,1298.54,1297.57,1298.54,3620.0
11:31,1297.78,1297.9,1297.07,1297.07,5036.0
11:32,1297.71,1297.71,1297.71,1297.71,2548.0
11:33,1297.5,1298.01,1297.27,1298.01,5410.0
11:34,1297.33,1297.64,1297.33,1297.64,859.0
11:35,1298.58,1298.58,1296.42,1297.27,7248.0
11:36,1297.28,1298.09,1297.28,1298.09,2034.0
11:37,1297.93,1298.29,1297.23,1297.71,3322.0
11:38,1297.51,1297.51,1297.51,1297.51,947.0
11:39,1297.74,1297.74,1297.59,1297.62,2206.0
11:40,1297.64,1298.02,1297.44,1297.74,4203.0
11:41,1298.4,1298.74,1298.04,1298.04,8975.0
11:42,1297.79,1298.21,1297.79,1298.0,1951.0
11:43,1298.11,1298.55,1298.11,1298.55,1686.0
11:44,1298.04,1298.49,1298.04,1298.12,4590.0
11:45,1298.0,1299.07,1298.0,1298.97,4849.0
11:46,1298.12,1298.32,1298.12,1298.32,1238.0
11:47,1298.7,1298.78,1298.67,1298.67,4646.0
11:48,1298.33,1298.95,1298.33,1298.7,4153.0
11:49,1298.89,1299.11,1298.67,1298.67,7172.0
11:50,1300.3,1300.62,1298.98,1299.24,18246.0
11:51,1300.25,1300.26,1300.0,1300.06,3627.0
11:52,1300.28,1300.37,1300.0,1300.05,4243.0
11:53,1299.22,1300.04,1299.1,1299.97,5559.0
11:54,1299.14,1299.46,1299.11,1299.11,1608.0
11:55,1299.1,1299.61,1299.1,1299.33,5360.0
11:56,1299.0,1299.31,1299.0,1299.1,2254.0
11:57,1298.86,1299.18,1298.86,1299.0,6055.0
11:58,1299.35,1299.35,1298.8,1298.81,4558.0
11:59,1298.39,1298.97,1298.0,1298.92,7431.0
12:00,1298.59,1298.59,1298.59,1298.59,7581.0
12:01,1299.33,1299.52,1299.33,1299.52,1743.0
12:02,1299.84,1300.11,1299.11,1299.11,4916.0
12:03,1299.94,1299.94,1299.58,1299.59,8705.0
12:04,1299.79,1300.99,1299.79,1300.99,4019.0
12:05,1301.65,1302.0,1300.9,1300.9,8643.0
12:06,1301.63,1302.21,1301.63,1302.21,4778.0
12:07,1301.67,1301.96,1301.56,1301.67,3750.0
12:08,1301.15,1301.82,1301.02,1301.44,5073.0
12:09,1301.19,1301.19,1300.5,1301.03,6623.0
12:10,1301.59,1301.59,1301.19,1301.19,2226.0
12:11,1301.5,1301.5,1301.2,1301.27,2565.0
12:12,1302.17,1302.17,1301.22,1301.22,8551.0
12:13,1301.7,1302.2,1301.7,1302.19,6089.0
12:14,1301.14,1301.88,1301.14,1301.88,7568.0
12:15,1301.0,1301.1,1299.35,1300.93,15327.0
12:16,1301.25,1301.31,1301.25,1301.31,1315.0
12:17,1301.1,1301.31,1300.25,1301.31,7812.0
12:18,1300.52,1301.29,1300.52,1301.29,2745.0
12:19,1300.53,1300.78,1300.53,1300.78,3420.0
12:20,1300.41,1300.5,1300.15,1300.2,9297.0
12:21,1301.0,1301.11,1300.92,1301.11,2623.0
12:22,1301.34,1301.4,1300.66,1301.4,3207.0
12:23,1300.08,1301.5,1300.0,1301.5,12370.0
12:24,1299.87,1300.08,1299.18,1300.08,8296.0
12:25,1299.98,1300.27,1299.98,1300.27,2264.0
12:26,1300.31,1300.31,1299.86,1299.86,2970.0
12:27,1300.94,1301.04,1299.96,1299.98,13222.0
12:28,1300.72,1301.14,1300.72,1301.14,3682.0
12:29,1300.33,1300.71,1300.33,1300.71,3938.0
12:30,1298.84,1299.44,1298.84,1299.44,4171.0
12:31,1299.75,1299.75,1298.33,1298.48,12427.0
12:32,1299.35,1299.74,1299.3,1299.74,4971.0
12:33,1299.24,1299.35,1299.24,1299.35,3100.0
12:34,1299.16,1299.16,1299.16,1299.16,975.0
12:35,1299.18,1299.42,1299.13,1299.42,6423.0
12:36,1299.31,1299.4,1299.08,1299.21,3647.0
12:37,1299.59,1300.0,1299.59,1299.6,12772.0
12:38,1299.7,1299.7,1299.4,1299.47,7001.0
12:39,1299.47,1299.85,1299.31,1299.66,7215.0
12:40,1299.73,1299.73,1299.12,1299.55,5127.0
12:41,1298.66,1299.25,1298.66,1299.25,3185.0
12:42,1298.73,1298.73,1298.47,1298.47,4885.0
12:43,1297.62,1298.73,1297.62,1298.73,7407.0
12:44,1298.28,1298.28,1297.51,1297.51,7164.0
12:45,1298.42,1298.42,1298.19,1298.33,6279.0
12:46,1298.18,1298.57,1298.18,1298.56,8641.0
12:47,1297.56,1297.72,1297.27,1297.72,9885.0
12:48,1296.61,1297.59,1296.61,1297.55,6280.0
12:49,1296.16,1296.82,1295.77,1296.82,5374.0
12:50,1294.8,1295.75,1294.8,1295.49,10919.0
12:51,1294.76,1295.08,1294.18,1294.84,11749.0
12:52,1293.65,1295.0,1293.24,1294.79,14038.0
12:53,1294.13,1294.13,1292.19,1293.89,15789.0
12:54,1292.96,1293.85,1292.91,1293.68,16515.0
12:55,1294.03,1295.41,1293.17,1293.71,25009.0
12:56,1294.47,1294.47,1293.54,1293.54,13574.0
12:57,1295.43,1295.81,1294.07,1294.1,14467.0
12:58,1296.83,1296.83,1295.72,1295.78,20767.0
12:59,1297.18,1298.12,1295.38,1297.0,48767.0
13:00,1297.18,1298.12,1295.38,1297.0,48767.0
13:01,1297.18,1298.12,1295.38,1297.0,48767.0
13:02,1297.18,1298.12,1295.38,1297.0,48767.0
13:03,1297.18,1298.12,1295.38,1297.0,48767.0
13:04,1297.18,1298.12,1295.38,1297.0,48767.0
13:05,1297.18,1298.12,1295.38,1297.0,48767.0
13:06,1297.18,1298.12,1295.38,1297.0,48767.0
13:07,1297.18,1298.12,1295.38,1297.0,48767.0
13:08,1297.18,1298.12,1295.38,1297.0,48767.0
13:09,1297.18,1298.12,1295.38,1297.0,48767.0
13:10,1297.18,1298.12,1295.38,1297.0,48767.0
13:11,1297.18,1298.12,1295.38,1297.0,48767.0
13:12,1297.18,1298.12,1295.38,1297.0,48767.0
13:13,1297.18,1298.12,1295.38,1297.0,48767.0
13:14,1297.18,1298.12,1295.38,1297.0,48767.0
13:15,1297.18,1298.12,1295.38,1297.0,48767.0
13:16,1297.18,1298.12,1295.38,1297.0,48767.0
13:17,1297.18,1298.12,1295.38,1297.0,48767.0
13:18,1297.18,1298.12,1295.38,1297.0,48767.0
13:19,1297.18,1298.12,1295.38,1297.0,48767.0
13:20,1297.18,1298.12,1295.38,1297.0,48767.0
13:21,1297.18,1298.12,1295.38,1297.0,48767.0
13:22,1297.18,1298.12,1295.38,1297.0,48767.0
13:23,1297.18,1298.12,1295.38,1297.0,48767.0
13:24,1297.18,1298.12,1295.38,1297.0,48767.0
13:25,1297.18,1298.12,1295.38,1297.0,48767.0
13:26,1297.18,1298.12,1295.38,1297.0,48767.0
13:27,1297.18,1298.12,1295.38,1297.0,48767.0
13:28,1297.18,1298.12,1295.38,1297.0,48767.0
13:29,1297.18,1298.12,1295.38,1297.0,48767.0
13:30,1297.18,1298.12,1295.38,1297.0,48767.0
13:31,1297.18,1298.12,1295.38,1297.0,48767.0
13:32,1297.18,1298.12,1295.38,1297.0,48767.0
13:33,1297.18,1298.12,1295.38,1297.0,48767.0
13:34,1297.18,1298.12,1295.38,1297.0,48767.0
13:35,1297.18,1298.12,1295.38,1297.0,48767.0
13:36,1297.18,1298.12,1295.38,1297.0,48767.0
13:37,1297.18,1298.12,1295.38,1297.0,48767.0
13:38,1297.18,1298.12,1295.38,1297.0,48767.0
13:39,1297.18,1298.12,1295.38,1297.0,48767.0
13:40,1297.18,1298.12,1295.38,1297.0,48767.0
13:41,1297.18,1298.12,1295.38,1297.0,48767.0
13:42,1297.18,1298.12,1295.38,1297.0,48767.0
13:43,1297.18,1298.12,1295.38,1297.0,48767.0
13:44,1297.18,1298.12,1295.38,1297.0,48767.0
13:45,1297.18,1298.12,1295.38,1297.0,48767.0
13:46,1297.18,1298.12,1295.38,1297.0,48767.0
13:47,1297.18,1298.12,1295.38,1297.0,48767.0
13:48,1297.18,1298.12,1295.38,1297.0,48767.0
13:49,1297.18,1298.12,1295.38,1297.0,48767.0
13:50,1297.18,1298.12,1295.38,1297.0,48767.0
13:51,1297.18,1298.12,1295.38,1297.0,48767.0
13:52,1297.18,1298.12,1295.38,1297.0,48767.0
13:53,1297.18,1298.12,1295.38,1297.0,48767.0
13:54,1297.18,1298.12,1295.38,1297.0,48767.0
13:55,1297.18,1298.12,1295.38,1297.0,48767.0
13:56,1297.18,1298.12,1295.38,1297.0,48767.0
13:57,1297.18,1298.12,1295.38,1297.0,48767.0
13:58,1297.18,1298.12,1295.38,1297.0,48767.0
13:59,1297.18,1298.12,1295.38,1297.0,48767.0
14:00,1297.18,1298.12,1295.38,1297.0,48767.0
14:01,1297.18,1298.12,1295.38,1297.0,48767.0
14:02,1297.18,1298.12,1295.38,1297.0,48767.0
14:03,1297.18,1298.12,1295.38,1297.0,48767.0
14:04,1297.18,1298.12,1295.38,1297.0,48767.0
14:05,1297.18,1298.12,1295.38,1297.0,48767.0
14:06,1297.18,1298.12,1295.38,1297.0,48767.0
14:07,1297.18,1298.12,1295.38,1297.0,48767.0
14:08,1297.18,1298.12,1295.38,1297.0,48767.0
14:09,1297.18,1298.12,1295.38,1297.0,48767.0
14:10,1297.18,1298.12,1295.38,1297.0,48767.0
14:11,1297.18,1298.12,1295.38,1297.0,48767.0
14:12,1297.18,1298.12,1295.38,1297.0,48767.0
14:13,1297.18,1298.12,1295.38,1297.0,48767.0
14:14,1297.18,1298.12,1295.38,1297.0,48767.0
14:15,1297.18,1298.12,1295.38,1297.0,48767.0
14:16,1297.18,1298.12,1295.38,1297.0,48767.0
14:17,1297.18,1298.12,1295.38,1297.0,48767.0
14:18,1297.18,1298.12,1295.38,1297.0,48767.0
14:19,1297.18,1298.12,1295.38,1297.0,48767.0
14:20,1297.18,1298.12,1295.38,1297.0,48767.0
14:21,1297.18,1298.12,1295.38,1297.0,48767.0
14:22,1297.18,1298.12,1295.38,1297.0,48767.0
14:23,1297.18,1298.12,1295.38,1297.0,48767.0
14:24,1297.18,1298.12,1295.38,1297.0,48767.0
14:25,1297.18,1298.12,1295.38,1297.0,48767.0
14:26,1297.18,1298.12,1295.38,1297.0,48767.0
14:27,1297.18,1298.12,1295.38,1297.0,48767.0
14:28,1297.18,1298.12,1295.38,1297.0,48767.0
14:29,1297.18,1298.12,1295.38,1297.0,48767.0
14:30,1297.18,1298.12,1295.38,1297.0,48767.0
14:31,1297.18,1298.12,1295.38,1297.0,48767.0
14:32,1297.18,1298.12,1295.38,1297.0,48767.0
14:33,1297.18,1298.12,1295.38,1297.0,48767.0
14:34,1297.18,1298.12,1295.38,1297.0,48767.0
14:35,1297.18,1298.12,1295.38,1297.0,48767.0
14:36,1297.18,1298.12,1295.38,1297.0,48767.0
14:37,1297.18,1298.12,1295.38,1297.0,48767.0
14:38,1297.18,1298.12,1295.38,1297.0,48767.0
14:39,1297.18,1298.12,1295.38,1297.0,48767.0
14:40,1297.18,1298.12,1295.38,1297.0,48767.0
14:41,1297.18,1298.12,1295.38,1297.0,48767.0
14:42,1297.18,1298.12,1295.38,1297.0,48767.0
14:43,1297.18,1298.12,1295.38,1297.0,48767.0
14:44,1297.18,1298.12,1295.38,1297.0,48767.0
14:45,1297.18,1298.12,1295.38,1297.0,48767.0
14:46,1297.18,1298.12,1295.38,1297.0,48767.0
14:47,1297.18,1298.12,1295.38,1297.0,48767.0
14:48,1297.18,1298.12,1295.38,1297.0,48767.0
14:49,1297.18,1298.12,1295.38,1297.0,48767.0
14:50,1297.18,1298.12,1295.38,1297.0,48767.0
14:51,1297.18,1298.12,1295.38,1297.0,48767.0
14:52,1297.18,1298.12,1295.38,1297.0,48767.0
14:53,1297.18,1298.12,1295.38,1297.0,48767.0
14:54,1297.18,1298.12,1295.38,1297.0,48767.0
14:55,1297.18,1298.12,1295.38,1297.0,48767.0
14:56,1297.18,1298.12,1295.38,1297.0,48767.0
14:57,1297.18,1298.12,1295.38,1297.0,48767.0
14:58,1297.18,1298.12,1295.38,1297.0,48767.0
14:59,1297.18,1298.12,1295.38,1297.0,48767.0
15:00,1297.18,1298.12,1295.38,1297.0,48767.0
15:01,1297.18,1298.12,1295.38,1297.0,48767.0
15:02,1297.18,1298.12,1295.38,1297.0,48767.0
15:03,1297.18,1298.12,1295.38,1297.0,48767.0
15:04,1297.18,1298.12,1295.38,1297.0,48767.0
15:05,1297.18,1298.12,1295.38,1297.0,48767.0
15:06,1297.18,1298.12,1295.38,1297.0,48767.0
15:07,1297.18,1298.12,1295.38,1297.0,48767.0
15:08,1297.18,1298.12,1295.38,1297.0,48767.0
15:09,1297.18,1298.12,1295.38,1297.0,48767.0
15:10,1297.18,1298.12,1295.38,1297.0,48767.0
15:11,1297.18,1298.12,1295.38,1297.0,48767.0
15:12,1297.18,1298.12,1295.38,1297.0,48767.0
15:13,1297.18,1298.12,1295.38,1297.0,48767.0
15:14,1297.18,1298.12,1295.38,1297.0,48767.0
15:15,1297.18,1298.12,1295.38,1297.0,48767.0
15:16,1297.18,1298.12,1295.38,1297.0,48767.0
15:17,1297.18,1298.12,1295.38,1297.0,48767.0
15:18,1297.18,1298.12,1295.38,1297.0,48767.0
15:19,1297.18,1298.12,1295.38,1297.0,48767.0
15:20,1297.18,1298.12,1295.38,1297.0,48767.0
15:21,1297.18,1298.12,1295.38,1297.0,48767.0
15:22,1297.18,1298.12,1295.38,1297.0,48767.0
15:23,1297.18,1298.12,1295.38,1297.0,48767.0
15:24,1297.18,1298.12,1295.38,1297.0,48767.0
15:25,1297.18,1298.12,1295.38,1297.0,48767.0
15:26,1297.18,1298.12,1295.38,1297.0,48767.0
15:27,1297.18,1298.12,1295.38,1297.0,48767.0
15:28,1297.18,1298.12,1295.38,1297.0,48767.0
15:29,1297.18,1298.12,1295.38,1297.0,48767.0
15:30,1297.18,1298.12,1295.38,1297.0,48767.0
15:31,1297.18,1298.12,1295.38,1297.0,48767.0
15:32,1297.18,1298.12,1295.38,1297.0,48767.0
15:33,1297.18,1298.12,1295.38,1297.0,48767.0
15:34,1297.18,1298.12,1295.38,1297.0,48767.0
15:35,1297.18,1298.12,1295.38,1297.0,48767.0
15:36,1297.18,1298.12,1295.38,1297.0,48767.0
15:37,1297.18,1298.12,1295.38,1297.0,48767.0
15:38,1297.18,1298.12,1295.38,1297.0,48767.0
15:39,1297.18,1298.12,1295.38,1297.0,48767.0
15:40,1297.18,1298.12,1295.38,1297.0,48767.0
15:41,1297.18,1298.12,1295.38,1297.0,48767.0
15:42,1297.18,1298.12,1295.38,1297.0,48767.0
15:43,1297.18,1298.12,1295.38,1297.0,48767.0
15:44,1297.18,1298.12,1295.38,1297.0,48767.0
15:45,1297.18,1298.12,1295.38,1297.0,48767.0
15:46,1297.18,1298.12,1295.38,1297.0,48767.0
15:47,1297.18,1298.12,1295.38,1297.0,48767.0
15:48,1297.18,1298.12,1295.38,1297.0,48767.0
15:49,1297.18,1298.12,1295.38,1297.0,48767.0
15:50,1297.18,1298.12,1295.38,1297.0,48767.0
15:51,1297.18,1298.12,1295.38,1297.0,48767.0
15:52,1297.18,1298.12,1295.38,1297.0,48767.0
15:53,1297.18,1298.12,1295.38,1297.0,48767.0
15:54,1297.18,1298.12,1295.38,1297.0,48767.0
15:55,1297.18,1298.12,1295.38,1297.0,48767.0
15:56,1297.18,1298.12,1295.38,1297.0,48767.0
15:57,1297.18,1298.12,1295.38,1297.0,48767.0
15:58,1297.18,1298.12,1295.38,1297.0,48767.0
15:59,1297.18,1298.12,1295.38,1297.0,48767.0
