Time,Close,High,Low,Open,Volume
09:30,1232.47,1235.4,1231.0,1234.89,158912.0
09:31,1230.93,1233.46,1228.0,1231.63,26016.0
09:32,1233.15,1236.5,1230.72,1231.48,42037.0
09:33,1233.0,1233.82,1232.34,1232.34,3067.0
09:34,1235.17,1235.17,1231.59,1231.59,28136.0
09:35,1233.46,1235.54,1233.46,1235.31,9435.0
09:36,1239.01,1239.85,1233.54,1233.89,12570.0
09:37,1241.69,1242.2,1237.89,1239.29,30089.0
09:38,1242.99,1243.0,1240.92,1241.39,19668.0
09:39,1243.55,1246.94,1242.5,1242.78,41108.0
09:40,1240.01,1243.55,1240.01,1243.01,14575.0
09:41,1239.39,1240.8,1237.46,1240.8,16225.0
09:42,1239.84,1240.0,1238.0,1238.02,18389.0
09:43,1238.38,1239.75,1237.91,1239.75,10807.0
09:44,1239.46,1239.95,1238.54,1238.54,7296.0
09:45,1236.18,1240.09,1235.61,1239.5,23538.0
09:46,1232.42,1236.35,1231.45,1236.35,25347.0
09:47,1232.71,1234.67,1231.51,1234.17,30724.0
09:48,1232.99,1232.99,1231.56,1231.99,36100.0
09:49,1231.29,1233.0,1231.29,1232.81,12762.0
09:50,1233.88,1236.0,1231.0,1231.58,21517.0
09:51,1233.58,1233.99,1232.41,1232.41,11854.0
09:52,1232.21,1233.51,1232.21,1233.51,2846.0
09:53,1231.99,1232.96,1231.49,1232.93,9680.0
09:54,1231.78,1232.4,1230.77,1232.35,16514.0
09:55,1232.95,1233.0,1230.66,1231.38,5065.0
09:56,1233.66,1233.99,1232.39,1232.39,7698.0
09:57,1232.65,1234.28,1231.82,1233.77,9632.0
09:58,1229.71,1232.65,1229.5,1232.65,11562.0
09:59,1229.88,1230.23,1229.05,1230.23,9036.0
10:00,1229.99,1230.09,1227.88,1227.88,9057.0
10:01,1231.56,1232.51,1230.23,1230.23,6569.0
10:02,1232.88,1233.5,1231.86,1231.86,26324.0
10:03,1233.15,1233.15,1232.87,1232.87,2460.0
10:04,1234.28,1234.5,1232.51,1233.12,8249.0
10:05,1236.12,1237.48,1235.0,1235.0,26019.0
10:06,1239.48,1239.53,1236.13,1236.13,11444.0
10:07,1238.89,1239.96,1238.57,1239.48,12130.0
10:08,1238.42,1239.48,1238.19,1239.48,4876.0
10:09,1240.53,1241.17,1239.68,1239.9,17464.0
10:10,1238.52,1240.56,1238.52,1240.0,19772.0
10:11,1238.76,1240.19,1238.76,1238.78,17326.0
10:12,1240.02,1240.02,1238.69,1238.74,14949.0
10:13,1240.99,1240.99,1239.89,1239.89,11256.0
10:14,1241.27,1241.31,1240.28,1241.31,6368.0
10:15,1241.52,1242.0,1240.75,1241.19,12090.0
10:16,1242.8,1242.8,1241.85,1241.87,16898.0
10:17,1242.64,1243.33,1242.31,1243.22,6931.0
10:18,1242.16,1242.47,1241.0,1242.28,11613.0
10:19,1242.31,1242.59,1242.16,1242.32,5621.0
10:20,1242.29,1242.61,1241.97,1242.61,5685.0
10:21,1241.91,1241.96,1241.22,1241.86,8804.0
10:22,1242.62,1243.0,1241.94,1241.94,7368.0
10:23,1243.42,1243.42,1243.0,1243.0,12377.0
10:24,1243.22,1243.24,1242.0,1243.24,12812.0
10:25,1243.0,1243.81,1242.35,1243.28,9434.0
10:26,1244.06,1244.06,1242.84,1242.87,9836.0
10:27,1243.39,1243.81,1243.15,1243.81,7378.0
10:28,1244.38,1244.66,1242.54,1243.38,16866.0
10:29,1241.09,1244.99,1241.09,1244.56,10215.0
10:30,1242.65,1242.9,1241.79,1242.04,5510.0
10:31,1242.0,1242.54,1241.74,1242.54,11582.0
10:32,1241.32,1242.0,1241.25,1242.0,6292.0
10:33,1241.01,1241.57,1240.81,1241.57,10428.0
10:34,1240.5,1241.22,1240.11,1240.5,8894.0
10:35,1240.15,1240.43,1239.6,1240.38,10575.0
10:36,1240.1,1240.42,1239.59,1240.05,7642.0
10:37,1239.09,1240.0,1239.04,1239.08,11072.0
10:38,1239.52,1239.52,1238.06,1238.5,29117.0
10:39,1240.36,1240.36,1239.22,1239.25,6961.0
10:40,1240.24,1240.63,1239.84,1239.84,3122.0
10:41,1240.07,1240.54,1239.52,1240.24,5502.0
10:42,1239.71,1239.98,1239.5,1239.68,2699.0
10:43,1240.19,1240.19,1239.89,1239.89,1329.0
10:44,1238.11,1240.34,1238.11,1240.34,4074.0
10:45,1238.13,1238.59,1236.44,1238.59,4719.0
10:46,1236.45,1238.49,1236.45,1237.66,5905.0
10:47,1236.8,1236.81,1235.39,1236.78,4951.0
10:48,1237.3,1237.3,1236.0,1236.41,4866.0
10:49,1236.97,1237.21,1236.81,1237.0,6244.0
10:50,1237.34,1237.41,1236.71,1237.28,4606.0
10:51,1238.24,1238.57,1237.97,1238.11,10532.0
10:52,1237.68,1238.91,1237.63,1237.69,2873.0
10:53,1238.23,1238.33,1238.11,1238.11,3490.0
10:54,1238.7,1239.15,1238.63,1238.78,4899.0
10:55,1237.94,1238.49,1237.94,1238.49,3773.0
10:56,1238.48,1238.99,1238.38,1238.38,1458.0
10:57,1238.88,1239.37,1238.44,1238.91,3683.0
10:58,1237.46,1238.96,1237.09,1238.96,7167.0
10:59,1236.36,1237.62,1236.36,1237.62,5891.0
11:00,1237.43,1237.43,1236.15,1236.17,3787.0
11:01,1235.0,1236.35,1234.96,1236.35,8754.0
11:02,1234.55,1234.74,1234.27,1234.43,8701.0
11:03,1233.23,1234.12,1232.73,1234.12,9129.0
11:04,1233.01,1233.31,1232.99,1233.03,6452.0
11:05,1232.15,1233.01,1231.41,1233.01,7439.0
11:06,1233.0,1233.68,1232.44,1232.44,8165.0
11:07,1233.26,1233.72,1232.81,1232.89,3909.0
11:08,1234.52,1234.97,1233.42,1233.42,3456.0
11:09,1233.77,1234.62,1233.77,1234.58,5894.0
11:10,1232.8,1233.86,1232.8,1233.68,6100.0
11:11,1233.42,1233.42,1233.17,1233.23,3429.0
11:12,1233.83,1233.83,1233.43,1233.43,2581.0
11:13,1234.18,1234.18,1234.18,1234.18,1135.0
11:14,1233.8,1234.36,1233.8,1233.82,1731.0
11:15,1234.37,1234.4,1234.18,1234.32,1733.0
11:16,1234.79,1235.06,1234.26,1234.26,5142.0
11:17,1235.91,1236.45,1235.36,1235.36,3226.0
11:18,1236.59,1236.59,1235.84,1236.41,3085.0
11:19,1236.83,1237.01,1236.19,1236.2,5653.0
11:20,1239.17,1239.17,1237.82,1237.82,6104.0
11:21,1239.28,1239.47,1239.07,1239.07,7299.0
11:22,1238.2,1240.35,1238.2,1239.0,11053.0
11:23,1238.54,1239.01,1238.29,1238.29,4378.0
11:24,1238.92,1238.92,1238.92,1238.92,665.0
11:25,1238.83,1239.25,1238.78,1238.9,5220.0
11:26,1238.93,1238.93,1238.43,1238.83,4036.0
11:27,1238.74,1238.96,1238.25,1238.96,3287.0
11:28,1239.24,1239.24,1238.57,1238.74,5197.0
11:29,1240.13,1240.28,1239.88,1239.9,4034.0
11:30,1239.39,1239.39,1239.39,1239.39,10660.0
11:31,1239.94,1240.12,1239.43,1239.44,5223.0
11:32,1239.74,1240.16,1239.74,1240.16,2496.0
11:33,1239.15,1239.5,1239.15,1239.5,2155.0
11:34,1238.82,1239.32,1238.82,1239.32,1946.0
11:35,1237.84,1238.7,1237.84,1238.7,33967.0
11:36,1237.16,1237.36,1237.16,1237.36,744.0
11:37,1236.67,1236.97,1236.42,1236.95,2812.0
11:38,1235.71,1236.2,1235.62,1236.05,5015.0
11:39,1235.33,1235.33,1235.33,1235.33,462.0
11:40,1234.08,1235.25,1234.08,1234.86,13874.0
11:41,1234.23,1234.23,1234.06,1234.07,6551.0
11:42,1233.04,1233.36,1233.04,1233.36,1030.0
11:43,1233.78,1233.78,1233.02,1233.02,3276.0
11:44,1233.51,1234.04,1233.51,1234.04,7151.0
11:45,1233.34,1233.34,1233.34,1233.34,3994.0
11:46,1233.48,1233.7,1233.48,1233.7,1172.0
11:47,1235.17,1235.17,1233.64,1233.64,8119.0
11:48,1235.33,1235.33,1234.71,1234.71,2685.0
11:49,1236.35,1236.35,1235.63,1235.71,6286.0
11:50,1236.47,1236.47,1235.87,1235.87,3941.0
11:51,1236.75,1236.75,1236.36,1236.74,4285.0
11:52,1236.28,1236.53,1236.25,1236.53,3179.0
11:53,1237.16,1237.16,1236.42,1236.42,2850.0
11:54,1237.26,1237.26,1237.26,1237.26,812.0
11:55,1237.06,1237.24,1237.06,1237.24,2776.0
11:56,1236.02,1237.17,1236.02,1237.08,4364.0
11:57,1236.26,1236.26,1236.26,1236.26,1278.0
11:58,1235.92,1235.92,1235.92,1235.92,488.0
11:59,1236.14,1236.15,1236.14,1236.15,913.0
12:00,1235.1,1236.11,1234.97,1236.11,2955.0
12:01,1234.27,1234.72,1234.27,1234.72,1801.0
12:02,1235.33,1235.33,1234.49,1234.49,3226.0
12:03,1236.81,1236.81,1235.87,1235.87,1911.0
12:04,1236.81,1236.81,1236.81,1236.81,539.0
12:05,1236.5,1236.5,1236.5,1236.5,798.0
12:06,1237.03,1237.03,1237.03,1237.03,2851.0
12:07,1237.2,1237.23,1237.2,1237.22,1721.0
12:08,1237.36,1237.42,1237.36,1237.41,591.0
12:09,1237.06,1237.24,1237.06,1237.24,3416.0
12:10,1237.0,1237.1,1236.44,1237.1,3261.0
12:11,1236.17,1236.17,1236.17,1236.17,1191.0
12:12,1235.97,1235.97,1235.76,1235.87,4269.0
12:13,1235.59,1236.18,1235.59,1235.78,2149.0
12:14,1236.03,1236.03,1236.03,1236.03,1063.0
12:15,1236.02,1236.15,1236.02,1236.02,2885.0
12:16,1236.0,1236.28,1236.0,1236.0,4707.0
12:17,1235.78,1236.02,1235.52,1235.8,3446.0
12:18,1235.31,1235.8,1235.31,1235.61,3425.0
12:19,1235.89,1235.93,1234.81,1234.81,14892.0
12:20,1235.23,1235.23,1235.23,1235.23,1643.0
12:21,1234.84,1235.22,1234.54,1235.0,7035.0
12:22,1235.39,1235.5,1234.95,1234.95,3498.0
12:23,1235.36,1235.68,1235.07,1235.14,3451.0
12:24,1235.33,1235.85,1235.19,1235.32,3403.0
12:25,1235.31,1236.03,1235.31,1235.5,3356.0
12:26,1236.63,1236.96,1236.08,1236.08,1680.0
12:27,1236.07,1237.0,1236.07,1236.9,7760.0
12:28,1236.14,1236.14,1236.14,1236.14,1187.0
12:29,1236.5,1236.5,1236.14,1236.5,1539.0
12:30,1236.98,1236.98,1236.79,1236.79,2096.0
12:31,1237.57,1237.6,1236.11,1236.11,4630.0
12:32,1237.65,1237.65,1237.1,1237.59,5637.0
12:33,1238.55,1238.55,1237.45,1237.65,4016.0
12:34,1238.51,1238.83,1238.51,1238.83,1235.0
12:35,1237.65,1238.85,1237.36,1238.85,3955.0
12:36,1237.93,1237.93,1236.68,1237.54,1949.0
12:37,1237.99,1237.99,1237.92,1237.93,2500.0
12:38,1238.42,1238.42,1237.85,1237.9,1772.0
12:39,1237.43,1238.28,1237.43,1238.28,2968.0
12:40,1237.37,1237.42,1237.37,1237.42,3469.0
12:41,1238.17,1238.18,1237.69,1238.18,2098.0
12:42,1238.57,1238.58,1237.99,1238.24,4284.0
12:43,1238.59,1238.85,1238.49,1238.52,2988.0
12:44,1238.28,1238.6,1238.28,1238.58,3809.0
12:45,1238.57,1238.58,1238.57,1238.58,1178.0
12:46,1239.39,1239.4,1238.98,1238.98,3624.0
12:47,1239.47,1239.59,1239.47,1239.59,1065.0
12:48,1239.68,1239.68,1238.9,1239.3,10539.0
12:49,1240.0,1240.48,1239.98,1239.99,8825.0
12:50,1240.5,1240.5,1239.75,1240.17,1932.0
12:51,1239.9,1240.5,1239.9,1240.5,3067.0
12:52,1241.12,1241.12,1240.11,1240.11,3386.0
12:53,1240.62,1241.12,1240.52,1240.89,4582.0
12:54,1240.91,1240.91,1240.49,1240.49,1468.0
12:55,1240.81,1240.83,1240.6,1240.83,1620.0
12:56,1241.26,1241.26,1240.8,1240.81,2476.0
12:57,1241.41,1241.53,1241.23,1241.24,4115.0
12:58,1241.14,1241.39,1241.02,1241.39,5197.0
12:59,1240.99,1241.32,1240.98,1240.99,5286.0
13:00,1240.9,1241.03,1240.9,1241.02,2461.0
13:01,1241.2,1241.52,1241.15,1241.22,3753.0
13:02,1241.44,1241.7,1241.0,1241.08,4499.0
13:03,1241.19,1241.4,1241.18,1241.4,5057.0
13:04,1240.64,1241.0,1240.5,1241.0,4449.0
13:05,1239.67,1240.56,1239.31,1240.56,9546.0
13:06,1239.35,1239.82,1239.35,1239.82,1111.0
13:07,1239.67,1239.7,1238.89,1238.9,4119.0
13:08,1239.9,1239.99,1239.54,1239.54,2775.0
13:09,1239.49,1239.49,1239.0,1239.0,2978.0
13:10,1239.59,1239.59,1239.0,1239.0,1275.0
13:11,1238.8,1239.4,1238.39,1239.4,5035.0
13:12,1238.25,1238.55,1238.25,1238.42,2618.0
13:13,1239.26,1239.26,1238.25,1238.58,5012.0
13:14,1239.3,1239.3,1239.26,1239.26,2467.0
13:15,1239.38,1239.54,1239.3,1239.54,1283.0
13:16,1239.64,1239.64,1239.64,1239.64,813.0
13:17,1238.89,1239.62,1238.87,1239.62,2992.0
13:18,1239.38,1239.62,1239.23,1239.23,1804.0
13:19,1238.73,1239.5,1238.73,1239.17,2597.0
13:20,1238.68,1238.68,1238.68,1238.68,335.0
13:21,1238.86,1239.22,1238.82,1239.22,2868.0
13:22,1238.54,1238.54,1238.54,1238.54,773.0
13:23,1239.06,1239.06,1239.01,1239.01,3038.0
13:24,1239.22,1239.31,1238.94,1238.94,2565.0
13:25,1239.14,1239.26,1238.95,1239.01,2262.0
13:26,1239.06,1239.21,1238.97,1239.09,1959.0
13:27,1238.98,1239.17,1238.98,1239.17,1656.0
13:28,1238.8,1239.15,1238.62,1239.15,4238.0
13:29,1238.5,1238.94,1238.5,1238.94,2264.0
13:30,1238.61,1238.61,1238.61,1238.61,661.0
13:31,1238.57,1238.77,1238.26,1238.61,2608.0
13:32,1239.26,1239.26,1238.95,1238.95,2040.0
13:33,1238.88,1239.26,1238.85,1239.26,1616.0
13:34,1238.81,1238.89,1238.79,1238.88,2868.0
13:35,1238.76,1239.1,1238.71,1239.09,7058.0
13:36,1239.31,1239.31,1239.27,1239.27,6549.0
13:37,1239.42,1239.75,1239.42,1239.51,3539.0
13:38,1240.0,1240.0,1239.48,1239.48,4372.0
13:39,1240.25,1241.0,1240.25,1240.26,9335.0
13:40,1239.7,1240.31,1239.66,1239.66,1684.0
13:41,1240.07,1240.85,1240.07,1240.57,3920.0
13:42,1240.17,1240.56,1239.93,1240.27,4023.0
13:43,1240.27,1240.27,1239.79,1239.97,4126.0
13:44,1240.28,1240.6,1240.2,1240.6,1164.0
13:45,1240.36,1240.36,1240.36,1240.36,732.0
13:46,1238.39,1240.14,1237.94,1240.14,5561.0
13:47,1237.8,1237.81,1237.63,1237.81,1459.0
13:48,1238.16,1238.2,1237.9,1238.2,2025.0
13:49,1238.16,1238.16,1238.0,1238.0,1274.0
13:50,1237.69,1237.99,1237.59,1237.84,2699.0
13:51,1238.1,1238.24,1237.62,1237.9,8269.0
13:52,1238.02,1238.1,1238.02,1238.1,4344.0
13:53,1237.7,1237.7,1237.41,1237.48,4381.0
13:54,1237.03,1238.06,1237.03,1237.93,4725.0
13:55,1237.09,1237.57,1237.04,1237.04,1720.0
13:56,1237.37,1238.19,1237.09,1237.19,2983.0
13:57,1238.0,1238.22,1237.98,1238.05,5905.0
13:58,1238.52,1238.86,1238.36,1238.86,1911.0
13:59,1238.83,1238.83,1238.83,1238.83,634.0
14:00,1239.96,1240.29,1238.8,1238.8,4849.0
14:01,1239.87,1240.44,1239.87,1239.96,925.0
14:02,1239.97,1240.44,1239.93,1239.95,2683.0
14:03,1241.99,1242.32,1240.36,1240.36,22138.0
14:04,1240.16,1241.99,1240.16,1241.99,5165.0
14:05,1239.67,1240.52,1239.56,1239.56,2340.0
14:06,1239.76,1239.76,1238.47,1239.62,954.0
14:07,1238.15,1239.55,1238.15,1239.4,2087.0
14:08,1239.34,1239.34,1239.34,1239.34,549.0
14:09,1239.04,1239.21,1238.96,1239.21,2227.0
14:10,1239.55,1239.55,1239.55,1239.55,667.0
14:11,1239.09,1239.32,1238.98,1239.32,1890.0
14:12,1238.63,1239.09,1238.4,1239.09,3112.0
14:13,1238.76,1238.77,1238.1,1238.77,1809.0
14:14,1238.14,1238.66,1237.85,1238.66,2698.0
14:15,1238.17,1238.17,1237.83,1237.84,2159.0
14:16,1237.45,1237.45,1237.45,1237.45,271.0
14:17,1238.07,1238.07,1237.45,1237.45,2223.0
14:18,1238.57,1238.94,1238.57,1238.69,1254.0
14:19,1237.86,1238.13,1237.86,1238.13,1668.0
14:20,1237.49,1237.94,1237.49,1237.69,2588.0
14:21,1237.07,1238.02,1236.33,1238.02,5302.0
14:22,1236.9,1236.9,1236.9,1236.9,470.0
14:23,1236.84,1237.07,1236.84,1237.04,2220.0
14:24,1236.72,1236.9,1236.4,1236.71,5363.0
14:25,1236.54,1236.81,1236.54,1236.81,1833.0
14:26,1236.99,1237.01,1236.81,1236.81,2565.0
14:27,1236.87,1236.88,1236.78,1236.78,2111.0
14:28,1236.75,1236.75,1236.75,1236.75,1657.0
14:29,1236.74,1236.74,1236.5,1236.5,1321.0
14:30,1236.22,1236.5,1236.0,1236.5,3722.0
14:31,1235.99,1235.99,1235.64,1235.8,5492.0
14:32,1236.5,1236.5,1236.5,1236.5,244.0
14:33,1236.26,1236.6,1236.26,1236.6,2444.0
14:34,1236.67,1236.67,1236.0,1236.48,4958.0
14:35,1236.22,1236.22,1235.89,1236.13,2768.0
14:36,1235.77,1235.77,1235.77,1235.77,578.0
14:37,1235.91,1236.04,1235.77,1235.79,4092.0
14:38,1235.9,1235.9,1235.9,1235.9,2009.0
14:39,1235.92,1235.92,1235.9,1235.9,2294.0
14:40,1235.84,1235.84,1235.57,1235.58,2278.0
14:41,1235.62,1235.81,1235.62,1235.81,1936.0
14:42,1235.04,1235.62,1234.88,1235.62,5796.0
14:43,1234.97,1235.04,1234.95,1235.04,3952.0
14:44,1234.48,1234.85,1234.31,1234.85,2674.0
14:45,1235.21,1235.21,1234.53,1234.53,2431.0
14:46,1235.07,1235.4,1235.07,1235.12,2476.0
14:47,1235.07,1235.11,1235.07,1235.11,1064.0
14:48,1235.0,1235.12,1234.93,1234.93,2162.0
14:49,1234.6,1234.6,1234.6,1234.6,653.0
14:50,1235.38,1235.38,1234.86,1234.86,1208.0
14:51,1236.17,1236.17,1235.55,1235.55,4313.0
14:52,1235.94,1236.08,1235.63,1235.71,3318.0
14:53,1235.71,1236.0,1235.71,1235.88,2322.0
14:54,1235.86,1235.86,1235.6,1235.66,1712.0
14:55,1235.61,1235.61,1235.61,1235.61,230.0
14:56,1236.2,1236.2,1235.45,1235.49,4612.0
14:57,1236.11,1236.21,1235.43,1235.9,8790.0
14:58,1236.37,1236.42,1235.68,1236.19,5060.0
14:59,1236.63,1236.63,1235.92,1236.48,1330.0
15:00,1236.33,1236.4,1236.33,1236.4,975.0
15:01,1236.19,1236.62,1236.0,1236.62,6664.0
15:02,1236.25,1236.67,1235.95,1236.51,5998.0
15:03,1236.31,1236.72,1235.89,1236.39,5332.0
15:04,1236.35,1236.7,1235.89,1236.69,4085.0
15:05,1236.65,1237.25,1236.65,1237.25,4044.0
15:06,1236.57,1236.57,1236.52,1236.52,2734.0
15:07,1236.41,1236.41,1236.38,1236.38,1878.0
15:08,1236.24,1236.24,1236.24,1236.24,1022.0
15:09,1236.49,1236.91,1236.49,1236.91,2149.0
15:10,1236.98,1236.99,1236.69,1236.69,1934.0
15:11,1236.79,1237.25,1236.79,1236.96,4332.0
15:12,1236.48,1236.65,1236.41,1236.65,2428.0
15:13,1236.2,1236.49,1236.2,1236.49,2979.0
15:14,1236.42,1236.57,1236.42,1236.57,2446.0
15:15,1236.64,1236.64,1236.64,1236.64,1912.0
15:16,1236.36,1237.04,1236.36,1236.76,6670.0
15:17,1236.61,1236.95,1236.36,1236.64,6272.0
15:18,1236.86,1236.86,1236.36,1236.51,5874.0
15:19,1236.97,1236.97,1236.79,1236.9,1921.0
15:20,1237.04,1237.04,1237.03,1237.03,1537.0
15:21,1236.97,1236.97,1236.79,1236.81,1951.0
15:22,1237.0,1237.12,1236.85,1236.98,8006.0
15:23,1236.7,1237.0,1236.28,1237.0,8752.0
15:24,1236.5,1236.5,1236.5,1236.5,1976.0
15:25,1236.21,1236.21,1236.21,1236.21,1021.0
15:26,1236.82,1237.16,1236.78,1236.78,4836.0
15:27,1237.0,1237.0,1236.98,1237.0,4940.0
15:28,1237.37,1237.37,1237.37,1237.37,1438.0
15:29,1236.89,1237.02,1236.76,1236.99,7525.0
15:30,1236.89,1236.89,1236.48,1236.52,3609.0
15:31,1236.84,1236.84,1236.4,1236.66,18900.0
15:32,1236.7,1237.0,1236.7,1237.0,3915.0
15:33,1236.04,1236.7,1235.74,1236.7,6854.0
15:34,1236.2,1236.2,1235.77,1235.85,3417.0
15:35,1235.99,1235.99,1235.99,1235.99,972.0
15:36,1236.7,1236.7,1236.0,1236.04,7296.0
15:37,1236.96,1237.11,1236.92,1236.92,3861.0
15:38,1236.74,1236.74,1236.74,1236.74,323.0
15:39,1236.94,1237.2,1236.93,1237.2,4431.0
15:40,1237.91,1237.91,1237.19,1237.19,5408.0
15:41,1238.82,1239.13,1238.0,1238.08,8861.0
15:42,1238.86,1238.86,1238.38,1238.52,2933.0
15:43,1239.23,1239.26,1238.64,1238.64,5079.0
15:44,1238.6,1238.99,1238.45,1238.99,10795.0
15:45,1238.71,1238.71,1238.49,1238.49,4804.0
15:46,1239.08,1239.17,1238.85,1238.96,6253.0
15:47,1239.18,1239.37,1239.09,1239.15,3928.0
15:48,1239.41,1239.5,1238.89,1239.47,16752.0
15:49,1239.31,1239.36,1239.1,1239.17,4294.0
15:50,1240.36,1240.55,1239.33,1239.57,23942.0
15:51,1240.17,1241.07,1239.5,1240.46,11153.0
15:52,1241.51,1241.51,1240.17,1240.17,16936.0
15:53,1239.87,1241.14,1239.78,1240.99,30166.0
15:54,1239.62,1240.64,1239.62,1240.08,20822.0
15:55,1237.97,1239.44,1237.51,1239.31,24500.0
15:56,1238.3,1238.66,1237.99,1238.11,24522.0
15:57,1238.76,1238.79,1238.13,1238.13,17894.0
15:58,1238.98,1239.12,1238.62,1238.75,17641.0
15:59,1238.89,1239.61,1238.19,1238.98,65547.0
