Time,Close,High,Low,Open,Volume
09:30,1191.21,1191.21,1181.12,1181.83,120281.0
09:31,1189.17,1190.5,1188.01,1190.36,29503.0
09:32,1185.46,1189.06,1185.37,1188.94,9091.0
09:33,1187.89,1189.76,1184.45,1184.45,14512.0
09:34,1188.72,1190.0,1188.07,1190.0,25656.0
09:35,1187.0,1188.61,1186.25,1188.21,11330.0
09:36,1187.08,1187.39,1185.71,1187.39,8380.0
09:37,1187.9,1187.9,1186.26,1186.86,10638.0
09:38,1187.81,1189.0,1187.0,1187.99,11138.0
09:39,1187.9,1188.36,1187.9,1187.94,2605.0
09:40,1186.05,1188.48,1186.05,1188.0,11434.0
09:41,1187.06,1187.28,1186.23,1186.71,7947.0
09:42,1187.22,1187.95,1187.0,1187.16,7722.0
09:43,1187.23,1187.39,1186.08,1186.67,15418.0
09:44,1188.31,1188.7,1187.18,1187.18,7628.0
09:45,1187.36,1188.47,1187.27,1187.57,10043.0
09:46,1187.01,1187.01,1187.0,1187.0,6028.0
09:47,1186.14,1186.71,1186.14,1186.63,5454.0
09:48,1184.73,1186.14,1184.73,1186.14,12205.0
09:49,1185.78,1187.36,1183.97,1184.61,21861.0
09:50,1186.36,1186.76,1185.2,1185.76,7988.0
09:51,1185.37,1186.43,1185.37,1186.43,12844.0
09:52,1185.36,1185.36,1184.81,1184.81,10500.0
09:53,1186.05,1186.52,1185.65,1185.99,9482.0
09:54,1185.58,1186.14,1185.27,1185.4,4266.0
09:55,1187.55,1187.55,1185.57,1185.57,10124.0
09:56,1185.36,1186.4,1185.19,1186.4,7144.0
09:57,1183.5,1185.82,1182.46,1185.46,25144.0
09:58,1181.35,1183.09,1181.35,1183.09,11077.0
09:59,1179.8,1180.93,1179.42,1180.93,21894.0
10:00,1178.87,1180.1,1178.47,1179.9,18747.0
10:01,1179.6,1179.97,1178.12,1178.12,6515.0
10:02,1180.73,1180.73,1179.05,1179.05,11391.0
10:03,1180.24,1181.0,1179.01,1180.52,20234.0
10:04,1181.71,1181.71,1180.25,1181.28,8224.0
10:05,1182.03,1182.75,1181.74,1181.8,5526.0
10:06,1183.19,1183.19,1182.12,1182.55,3833.0
10:07,1184.59,1184.59,1183.04,1183.31,14284.0
10:08,1183.15,1184.12,1182.99,1183.47,8670.0
10:09,1182.09,1183.27,1182.09,1183.27,7469.0
10:10,1180.2,1182.56,1180.2,1182.56,18941.0
10:11,1179.24,1180.26,1179.09,1180.19,9797.0
10:12,1181.21,1181.65,1179.05,1179.25,12098.0
10:13,1181.4,1181.4,1181.0,1181.1,5618.0
10:14,1181.57,1181.57,1181.57,1181.57,333.0
10:15,1182.11,1182.11,1181.32,1181.36,6195.0
10:16,1182.0,1182.11,1181.33,1181.33,3809.0
10:17,1181.65,1182.4,1181.65,1182.1,7243.0
10:18,1181.54,1181.54,1181.23,1181.46,9905.0
10:19,1182.4,1182.8,1181.04,1181.04,4346.0
10:20,1181.66,1181.94,1180.97,1181.94,6484.0
10:21,1182.99,1182.99,1181.86,1181.86,12226.0
10:22,1184.0,1184.0,1183.17,1183.2,4120.0
10:23,1184.61,1184.85,1183.84,1184.15,6495.0
10:24,1183.31,1184.74,1183.31,1184.62,10735.0
10:25,1182.66,1183.0,1182.66,1183.0,3613.0
10:26,1183.08,1184.53,1182.62,1182.7,16100.0
10:27,1181.98,1182.73,1181.98,1182.39,3840.0
10:28,1182.87,1183.41,1182.76,1183.17,3759.0
10:29,1183.2,1183.84,1183.14,1183.53,6992.0
10:30,1183.52,1184.27,1183.52,1183.9,10226.0
10:31,1181.97,1183.4,1181.97,1183.4,5707.0
10:32,1182.39,1182.48,1181.95,1182.0,2695.0
10:33,1182.26,1182.26,1182.26,1182.26,1344.0
10:34,1183.82,1183.82,1182.7,1182.7,3238.0
10:35,1182.51,1183.38,1182.51,1183.19,5810.0
10:36,1179.6,1182.39,1177.37,1182.0,56220.0
10:37,1180.49,1180.49,1180.49,1180.49,208.0
10:38,1181.05,1181.14,1180.5,1180.5,4535.0
10:39,1183.4,1183.45,1181.31,1181.31,4512.0
10:40,1183.23,1183.79,1183.0,1183.49,9317.0
10:41,1183.72,1184.0,1183.27,1183.27,9762.0
10:42,1184.29,1184.29,1183.69,1183.72,4877.0
10:43,1185.0,1185.01,1183.54,1183.54,9753.0
10:44,1185.99,1185.99,1184.15,1185.38,4429.0
10:45,1184.85,1185.63,1184.25,1185.51,7849.0
10:46,1184.86,1185.67,1184.37,1185.02,7924.0
10:47,1186.0,1186.0,1185.0,1185.0,3526.0
10:48,1185.65,1186.46,1185.65,1185.65,4918.0
10:49,1186.46,1186.8,1185.65,1185.65,8447.0
10:50,1185.24,1186.22,1185.24,1186.22,7219.0
10:51,1184.8,1185.34,1184.58,1185.34,1528.0
10:52,1185.68,1185.68,1185.68,1185.68,2140.0
10:53,1184.59,1186.32,1184.59,1185.95,10224.0
10:54,1185.1,1185.1,1185.07,1185.07,1185.0
10:55,1184.3,1185.29,1184.3,1185.29,5144.0
10:56,1183.64,1183.7,1183.27,1183.27,4232.0
10:57,1183.94,1184.29,1183.74,1183.74,2505.0
10:58,1184.06,1184.53,1183.94,1184.53,2159.0
10:59,1184.45,1184.52,1184.45,1184.52,1801.0
11:00,1183.68,1184.64,1183.68,1184.51,5808.0
11:01,1183.83,1184.2,1183.83,1184.12,3834.0
11:02,1182.43,1183.48,1181.65,1183.48,6133.0
11:03,1181.58,1181.66,1181.58,1181.66,806.0
11:04,1181.21,1181.5,1179.5,1181.5,5907.0
11:05,1181.79,1181.79,1180.75,1180.85,9357.0
11:06,1182.15,1182.15,1182.0,1182.0,2104.0
11:07,1181.5,1181.5,1181.5,1181.5,7402.0
11:08,1180.36,1180.7,1180.34,1180.67,6194.0
11:09,1179.22,1179.89,1179.19,1179.85,4986.0
11:10,1179.62,1180.06,1179.58,1179.83,4917.0
11:11,1177.7,1179.54,1177.7,1179.54,8361.0
11:12,1178.2,1178.97,1177.77,1178.97,4352.0
11:13,1179.01,1179.01,1177.4,1177.4,7013.0
11:14,1179.44,1179.44,1179.11,1179.11,2436.0
11:15,1180.64,1180.64,1180.64,1180.64,937.0
11:16,1180.61,1180.96,1180.5,1180.51,3483.0
11:17,1181.31,1181.78,1180.19,1180.44,8724.0
11:18,1181.64,1181.87,1180.92,1181.12,5779.0
11:19,1181.96,1181.97,1181.66,1181.81,2834.0
11:20,1181.77,1182.0,1181.77,1181.97,3783.0
11:21,1182.36,1182.36,1181.92,1181.95,3284.0
11:22,1181.92,1182.49,1181.92,1182.49,8183.0
11:23,1182.29,1182.29,1182.29,1182.29,343.0
11:24,1182.17,1182.5,1181.78,1181.88,5969.0
11:25,1181.42,1182.18,1181.42,1182.17,7197.0
11:26,1180.78,1180.87,1180.51,1180.87,5677.0
11:27,1181.46,1181.46,1180.68,1180.68,4946.0
11:28,1180.69,1181.26,1180.45,1180.91,7055.0
11:29,1180.73,1180.73,1180.73,1180.73,1985.0
11:30,1181.0,1181.44,1180.91,1180.91,3195.0
11:31,1181.04,1181.04,1181.04,1181.04,926.0
11:32,1180.87,1181.39,1180.86,1181.39,3975.0
11:33,1180.01,1180.7,1180.01,1180.7,3753.0
11:34,1178.5,1179.0,1178.5,1178.97,6339.0
11:35,1179.28,1179.28,1179.28,1179.28,3704.0
11:36,1179.49,1179.63,1179.49,1179.63,2759.0
11:37,1178.82,1179.17,1178.0,1179.17,7405.0
11:38,1178.56,1178.96,1178.56,1178.95,6881.0
11:39,1178.02,1178.81,1178.02,1178.57,5872.0
11:40,1178.5,1178.5,1178.5,1178.5,6861.0
11:41,1178.93,1179.08,1178.93,1179.08,3270.0
11:42,1178.41,1178.6,1178.0,1178.6,14410.0
11:43,1178.44,1178.58,1178.44,1178.58,4600.0
11:44,1178.0,1178.03,1178.0,1178.0,2955.0
11:45,1177.44,1177.81,1177.44,1177.69,4410.0
11:46,1175.93,1177.76,1175.93,1177.76,8496.0
11:47,1175.5,1176.42,1175.5,1176.42,3686.0
11:48,1175.68,1176.03,1175.02,1175.68,21863.0
11:49,1175.8,1176.0,1175.02,1175.22,15649.0
11:50,1175.74,1175.96,1175.0,1175.0,4490.0
11:51,1176.33,1176.33,1175.59,1175.85,10889.0
11:52,1176.45,1176.47,1175.89,1176.1,6572.0
11:53,1176.56,1176.61,1176.2,1176.34,2254.0
11:54,1176.63,1176.63,1176.36,1176.36,3077.0
11:55,1175.95,1176.35,1175.95,1176.35,2684.0
11:56,1176.15,1176.15,1175.81,1175.91,3275.0
11:57,1176.64,1176.64,1175.82,1176.07,4521.0
11:58,1175.61,1175.61,1175.61,1175.61,2977.0
11:59,1175.57,1175.57,1175.09,1175.09,2001.0
12:00,1175.04,1175.16,1175.0,1175.16,15025.0
12:01,1173.89,1175.05,1173.89,1175.05,12969.0
12:02,1173.91,1173.97,1173.86,1173.86,5298.0
12:03,1172.85,1173.09,1172.85,1172.91,4000.0
12:04,1173.09,1173.09,1172.82,1172.82,3229.0
12:05,1172.88,1174.02,1172.88,1173.85,3511.0
12:06,1172.69,1172.88,1172.57,1172.88,3530.0
12:07,1172.69,1173.28,1172.07,1172.22,20203.0
12:08,1173.23,1173.28,1173.05,1173.05,2872.0
12:09,1173.0,1173.6,1172.7,1173.6,4223.0
12:10,1171.15,1172.0,1171.15,1172.0,4297.0
12:11,1171.16,1172.05,1171.16,1171.75,5996.0
12:12,1171.35,1171.37,1171.14,1171.14,3103.0
12:13,1172.21,1172.21,1171.0,1171.0,4552.0
12:14,1172.48,1172.54,1171.79,1171.93,5464.0
12:15,1172.17,1172.35,1171.82,1171.88,3650.0
12:16,1171.87,1172.16,1171.84,1171.84,1836.0
12:17,1172.17,1172.61,1172.02,1172.02,7181.0
12:18,1171.58,1172.03,1171.58,1172.03,2374.0
12:19,1170.64,1171.61,1170.37,1171.61,5290.0
12:20,1171.3,1171.34,1170.7,1170.7,3005.0
12:21,1171.21,1171.49,1171.21,1171.49,1997.0
12:22,1172.69,1172.75,1172.56,1172.56,1475.0
12:23,1173.09,1173.12,1172.71,1173.1,4375.0
12:24,1173.06,1173.16,1172.62,1173.0,4325.0
12:25,1172.69,1173.05,1172.69,1172.85,4562.0
12:26,1173.06,1173.28,1172.63,1172.69,3845.0
12:27,1172.43,1173.1,1172.43,1173.1,2811.0
12:28,1172.96,1173.42,1172.78,1172.81,2210.0
12:29,1171.28,1173.44,1171.28,1172.21,5292.0
12:30,1171.84,1171.84,1171.84,1171.84,605.0
12:31,1171.35,1171.98,1170.9,1171.98,3703.0
12:32,1171.92,1171.92,1171.5,1171.5,1869.0
12:33,1172.0,1172.0,1171.37,1171.37,2778.0
12:34,1171.63,1171.63,1171.63,1171.63,1388.0
12:35,1171.36,1171.98,1171.36,1171.7,3581.0
12:36,1172.59,1172.59,1172.39,1172.39,1717.0
12:37,1171.34,1171.68,1171.34,1171.67,3117.0
12:38,1170.87,1171.34,1170.87,1171.34,1752.0
12:39,1171.2,1171.5,1170.91,1171.5,1513.0
12:40,1170.0,1171.25,1170.0,1171.25,7181.0
12:41,1169.44,1170.0,1169.0,1169.8,6933.0
12:42,1168.44,1169.37,1168.2,1169.01,4544.0
12:43,1169.7,1169.79,1168.78,1168.87,3156.0
12:44,1170.36,1170.39,1169.25,1169.4,3510.0
12:45,1170.65,1171.5,1170.03,1170.66,1226.0
12:46,1170.64,1170.64,1170.05,1170.55,3286.0
12:47,1170.27,1171.14,1170.27,1170.63,2209.0
12:48,1172.31,1172.31,1170.75,1170.84,135643.0
12:49,1172.36,1172.36,1171.92,1171.92,1056.0
12:50,1173.35,1173.35,1172.36,1172.36,4030.0
12:51,1174.35,1175.0,1173.84,1173.84,4650.0
12:52,1175.12,1175.36,1174.3,1174.3,6854.0
12:53,1175.1,1175.49,1175.1,1175.49,1386.0
12:54,1176.11,1176.11,1175.48,1175.66,4089.0
12:55,1175.87,1175.87,1175.87,1175.87,1347.0
12:56,1176.2,1176.58,1176.09,1176.5,2220.0
12:57,1176.42,1176.42,1176.27,1176.27,5578.0
12:58,1176.82,1177.1,1176.68,1176.68,8182.0
12:59,1177.23,1177.79,1177.09,1177.09,10787.0
13:00,1178.16,1178.39,1177.8,1178.15,10779.0
13:01,1178.3,1178.64,1178.0,1178.54,4467.0
13:02,1177.9,1178.05,1177.57,1177.96,11426.0
13:03,1177.12,1177.64,1176.71,1177.64,5644.0
13:04,1176.45,1176.75,1176.45,1176.75,927.0
13:05,1176.33,1176.72,1176.33,1176.72,2087.0
13:06,1176.49,1176.49,1175.88,1175.88,1945.0
13:07,1177.5,1177.94,1177.14,1177.14,3128.0
13:08,1178.48,1178.48,1177.88,1177.88,6162.0
13:09,1177.56,1177.56,1177.56,1177.56,5588.0
13:10,1177.09,1177.09,1176.99,1176.99,3516.0
13:11,1176.61,1176.61,1176.41,1176.41,1444.0
13:12,1177.44,1177.7,1176.55,1176.55,6517.0
13:13,1177.75,1177.78,1177.27,1177.27,6704.0
13:14,1177.89,1177.89,1177.89,1177.89,1118.0
13:15,1177.9,1177.9,1176.24,1177.4,6692.0
13:16,1177.14,1177.86,1177.13,1177.86,2124.0
13:17,1177.19,1177.19,1176.5,1177.14,18418.0
13:18,1175.03,1177.07,1175.03,1176.79,8160.0
13:19,1176.11,1176.18,1175.17,1175.5,2869.0
13:20,1175.54,1177.13,1175.54,1176.1,4363.0
13:21,1175.88,1176.15,1175.62,1176.0,4830.0
13:22,1175.49,1175.88,1175.49,1175.88,2510.0
13:23,1175.47,1175.47,1175.47,1175.47,1064.0
13:24,1175.86,1175.87,1175.47,1175.47,2053.0
13:25,1175.59,1176.26,1175.52,1176.26,2077.0
13:26,1175.79,1175.8,1175.79,1175.8,1339.0
13:27,1174.15,1175.51,1174.15,1175.51,3036.0
13:28,1174.49,1175.03,1174.49,1174.74,3528.0
13:29,1175.29,1175.57,1174.59,1174.72,10492.0
13:30,1176.1,1176.1,1174.7,1174.7,17455.0
13:31,1175.21,1176.36,1175.21,1175.81,7589.0
13:32,1174.83,1174.83,1174.83,1174.83,3713.0
13:33,1174.93,1174.93,1174.93,1174.93,2692.0
13:34,1175.04,1175.04,1175.04,1175.04,1670.0
13:35,1174.35,1174.35,1174.35,1174.35,3538.0
13:36,1175.83,1175.83,1174.92,1174.92,1194.0
13:37,1174.8,1174.88,1174.8,1174.88,2363.0
13:38,1175.42,1175.42,1175.02,1175.02,2310.0
13:39,1175.08,1175.08,1174.45,1174.84,3783.0
13:40,1175.0,1175.0,1174.34,1174.34,840.0
13:41,1175.0,1175.0,1174.33,1174.33,1270.0
13:42,1173.41,1174.98,1173.41,1174.98,3512.0
13:43,1173.51,1173.51,1173.51,1173.51,729.0
13:44,1173.71,1174.41,1173.45,1174.41,3701.0
13:45,1174.07,1174.07,1172.76,1172.76,5086.0
13:46,1174.49,1174.5,1174.49,1174.5,2526.0
13:47,1174.55,1174.92,1174.55,1174.57,810.0
13:48,1174.59,1175.03,1174.55,1174.55,6167.0
13:49,1173.93,1175.32,1173.93,1174.91,5195.0
13:50,1174.64,1174.64,1174.64,1174.64,733.0
13:51,1174.65,1175.32,1174.65,1175.32,1663.0
13:52,1174.64,1174.64,1174.33,1174.33,4339.0
13:53,1175.54,1175.54,1174.43,1174.44,3716.0
13:54,1174.98,1175.2,1174.98,1175.2,1547.0
13:55,1174.63,1174.63,1174.63,1174.63,2121.0
13:56,1173.62,1174.75,1173.62,1174.62,2540.0
13:57,1174.94,1174.94,1174.51,1174.51,1645.0
13:58,1174.51,1174.83,1174.24,1174.43,2421.0
13:59,1174.08,1174.72,1173.98,1174.35,3197.0
14:00,1174.7,1174.7,1174.7,1174.7,245.0
14:01,1174.27,1174.27,1173.65,1174.15,4847.0
14:02,1174.11,1174.75,1173.59,1173.76,2898.0
14:03,1174.78,1174.78,1173.78,1173.78,4398.0
14:04,1175.2,1175.2,1175.2,1175.2,2380.0
14:05,1174.28,1174.36,1173.71,1174.36,2189.0
14:06,1172.82,1173.78,1172.67,1173.78,6219.0
14:07,1172.59,1172.78,1172.59,1172.78,2448.0
14:08,1171.76,1172.51,1171.2,1172.23,11868.0
14:09,1171.0,1171.82,1171.0,1171.76,7807.0
14:10,1169.68,1171.77,1169.68,1171.77,6825.0
14:11,1170.46,1170.46,1169.7,1169.7,2645.0
14:12,1170.78,1170.78,1170.4,1170.4,1340.0
14:13,1170.05,1170.56,1170.05,1170.5,3873.0
14:14,1170.14,1170.19,1169.48,1169.94,3542.0
14:15,1170.26,1170.26,1169.67,1169.72,3151.0
14:16,1169.81,1169.97,1169.77,1169.97,3362.0
14:17,1169.61,1169.74,1169.45,1169.45,3709.0
14:18,1169.78,1169.84,1169.7,1169.7,3549.0
14:19,1169.95,1169.95,1169.95,1169.95,3389.0
14:20,1169.88,1170.46,1169.88,1170.0,1541.0
14:21,1170.3,1170.3,1169.66,1169.66,2691.0
14:22,1170.33,1170.33,1169.77,1169.89,2413.0
14:23,1170.37,1170.37,1169.89,1170.12,2135.0
14:24,1169.83,1169.83,1169.83,1169.83,1038.0
14:25,1170.75,1170.75,1169.82,1169.87,2257.0
14:26,1170.39,1170.39,1170.39,1170.39,1455.0
14:27,1171.1,1171.1,1170.79,1171.1,1142.0
14:28,1171.22,1171.22,1171.21,1171.21,1109.0
14:29,1170.73,1171.38,1170.73,1171.38,2576.0
14:30,1170.46,1170.96,1170.46,1170.96,1148.0
14:31,1170.5,1170.62,1170.5,1170.59,1796.0
14:32,1171.06,1171.39,1171.06,1171.39,1830.0
14:33,1171.06,1171.52,1171.06,1171.18,998.0
14:34,1171.57,1171.57,1171.37,1171.45,3387.0
14:35,1171.68,1171.68,1171.48,1171.48,693.0
14:36,1171.26,1171.26,1171.26,1171.26,850.0
14:37,1171.38,1172.0,1171.38,1171.63,3600.0
14:38,1171.41,1171.72,1171.41,1171.53,2892.0
14:39,1171.44,1171.44,1171.44,1171.44,2185.0
14:40,1170.94,1170.96,1170.94,1170.96,1348.0
14:41,1170.93,1170.93,1170.76,1170.76,1137.0
14:42,1171.57,1171.59,1171.15,1171.15,1703.0
14:43,1171.54,1171.73,1171.05,1171.73,2994.0
14:44,1171.41,1171.5,1171.16,1171.5,1984.0
14:45,1171.27,1171.27,1171.27,1171.27,975.0
14:46,1171.15,1171.2,1170.84,1170.84,1794.0
14:47,1171.77,1171.77,1171.77,1171.77,1593.0
14:48,1171.77,1171.82,1171.77,1171.82,1492.0
14:49,1171.77,1171.87,1171.77,1171.87,1390.0
14:50,1171.83,1171.83,1171.83,1171.83,1403.0
14:51,1171.54,1171.54,1171.31,1171.31,1391.0
14:52,1171.48,1171.48,1171.48,1171.48,861.0
14:53,1171.91,1171.91,1171.58,1171.58,3498.0
14:54,1172.02,1172.29,1172.02,1172.28,1683.0
14:55,1172.51,1172.51,1172.5,1172.5,1753.0
14:56,1172.8,1172.81,1172.8,1172.81,2530.0
14:57,1172.8,1172.8,1172.8,1172.8,1229.0
14:58,1172.36,1172.77,1172.36,1172.77,7578.0
14:59,1172.52,1172.73,1172.52,1172.73,4993.0
15:00,1172.69,1172.69,1172.68,1172.68,2408.0
15:01,1172.56,1172.62,1172.35,1172.35,2274.0
15:02,1172.44,1172.56,1172.02,1172.02,2140.0
15:03,1173.73,1173.73,1172.77,1172.77,4623.0
15:04,1174.14,1174.28,1173.75,1173.75,19752.0
15:05,1174.89,1174.89,1174.89,1174.89,3834.0
15:06,1175.0,1175.0,1174.34,1174.78,7412.0
15:07,1174.02,1174.02,1174.02,1174.02,1041.0
15:08,1174.0,1174.0,1173.42,1174.0,1854.0
15:09,1173.34,1174.18,1173.34,1173.81,2264.0
15:10,1174.28,1174.28,1174.19,1174.19,3584.0
15:11,1173.11,1174.06,1173.0,1174.06,2297.0
15:12,1173.28,1173.5,1173.28,1173.5,1707.0
15:13,1173.78,1173.93,1173.45,1173.5,2947.0
15:14,1173.67,1173.95,1173.67,1173.95,2608.0
15:15,1173.34,1173.34,1173.0,1173.09,3141.0
15:16,1173.0,1173.7,1173.0,1173.38,3766.0
15:17,1174.08,1174.08,1173.17,1173.17,6088.0
15:18,1173.95,1174.06,1173.58,1173.63,5462.0
15:19,1173.92,1174.24,1173.92,1174.17,3867.0
15:20,1173.83,1174.11,1173.83,1173.99,7709.0
15:21,1173.55,1173.66,1173.19,1173.57,5301.0
15:22,1173.66,1173.66,1173.55,1173.55,2847.0
15:23,1174.15,1174.15,1173.76,1173.76,3348.0
15:24,1174.34,1174.49,1174.34,1174.39,1658.0
15:25,1174.28,1174.35,1173.93,1174.35,7687.0
15:26,1174.05,1174.05,1173.86,1173.86,2357.0
15:27,1174.47,1174.49,1174.39,1174.39,1927.0
15:28,1174.6,1174.6,1174.6,1174.6,918.0
15:29,1174.89,1175.02,1174.6,1174.6,5923.0
15:30,1175.5,1175.61,1174.65,1174.65,10198.0
15:31,1175.98,1176.1,1175.71,1175.98,5927.0
15:32,1175.32,1176.22,1175.32,1176.1,6782.0
15:33,1175.94,1175.94,1175.66,1175.66,1481.0
15:34,1175.5,1175.6,1175.5,1175.6,3065.0
15:35,1175.6,1175.93,1175.34,1175.84,8158.0
15:36,1176.0,1176.0,1176.0,1176.0,1690.0
15:37,1176.48,1176.85,1176.1,1176.1,4764.0
15:38,1176.0,1176.86,1175.55,1176.86,10134.0
15:39,1176.2,1176.64,1175.78,1176.43,7126.0
15:40,1176.41,1176.41,1176.0,1176.0,4117.0
15:41,1176.19,1176.27,1176.04,1176.27,3911.0
15:42,1176.44,1176.57,1176.18,1176.36,3585.0
15:43,1175.81,1176.3,1175.81,1176.13,6373.0
15:44,1176.25,1176.59,1176.25,1176.59,1955.0
15:45,1176.56,1176.56,1176.56,1176.56,4888.0
15:46,1176.34,1176.56,1176.27,1176.44,6106.0
15:47,1177.06,1177.06,1176.32,1176.32,4354.0
15:48,1176.98,1177.1,1176.63,1176.72,3419.0
15:49,1176.96,1176.96,1176.75,1176.93,2209.0
15:50,1178.88,1179.44,1176.99,1176.99,16045.0
15:51,1179.42,1179.44,1178.64,1178.82,6555.0
15:52,1179.0,1179.5,1179.0,1179.5,6167.0
15:53,1180.15,1180.15,1179.31,1179.48,15779.0
15:54,1179.77,1180.2,1179.59,1180.2,9230.0
15:55,1179.12,1180.17,1179.1,1179.65,15223.0
15:56,1178.84,1179.12,1178.67,1179.09,8632.0
15:57,1179.56,1179.69,1178.59,1179.01,26564.0
15:58,1179.76,1179.82,1179.28,1179.36,18969.0
15:59,1180.37,1180.53,1179.66,1179.78,49768.0
