Time,Close,High,Low,Open,Volume
09:30,1226.5,1246.5,1226.01,1243.5,767516.0
09:31,1217.0,1227.95,1208.63,1227.4,276500.0
09:32,1212.0,1219.0,1209.67,1219.0,163433.0
09:33,1211.65,1216.68,1209.56,1213.22,170667.0
09:34,1217.25,1219.0,1210.92,1211.86,126551.0
09:35,1218.0,1218.8,1211.0,1217.02,92759.0
09:36,1213.5,1219.7,1213.0,1216.05,131216.0
09:37,1215.5,1217.0,1212.25,1213.06,69158.0
09:38,1212.07,1215.7,1210.5,1215.56,115607.0
09:39,1215.52,1218.0,1212.08,1212.08,79409.0
09:40,1216.78,1219.75,1215.02,1215.7,93058.0
09:41,1219.05,1219.9,1214.62,1216.63,63786.0
09:42,1217.83,1219.97,1216.3,1219.51,83707.0
09:43,1222.44,1223.75,1217.83,1217.83,120729.0
09:44,1224.7,1224.7,1219.09,1223.27,91510.0
09:45,1218.67,1218.67,1218.67,1218.67,105215.0
09:46,1221.01,1222.26,1218.65,1218.65,53771.0
09:47,1221.47,1223.11,1220.67,1221.41,35431.0
09:48,1224.16,1224.76,1221.79,1221.79,63095.0
09:49,1224.54,1225.48,1223.37,1223.97,55524.0
09:50,1221.5,1224.92,1221.0,1224.64,51153.0
09:51,1220.39,1222.77,1219.0,1221.58,69123.0
09:52,1218.15,1220.63,1217.75,1220.09,52072.0
09:53,1217.61,1218.92,1215.9,1217.7,62184.0
09:54,1216.64,1219.13,1216.0,1217.93,34905.0
09:55,1215.7,1217.18,1215.21,1216.51,49669.0
09:56,1215.12,1215.98,1213.81,1215.0,62162.0
09:57,1212.1,1214.54,1211.33,1214.54,68053.0
09:58,1212.2,1213.0,1211.33,1212.84,32978.0
09:59,1210.5,1212.34,1209.56,1212.25,84472.0
10:00,1211.5,1212.05,1210.29,1210.6,53413.0
10:01,1213.0,1215.71,1211.9,1212.26,58936.0
10:02,1216.27,1216.62,1212.59,1213.92,42027.0
10:03,1213.89,1216.73,1213.45,1216.2,36981.0
10:04,1204.19,1214.0,1203.13,1214.0,160426.0
10:05,1201.31,1204.63,1201.01,1204.39,68855.0
10:06,1205.72,1205.73,1202.0,1202.35,66936.0
10:07,1205.5,1207.15,1204.26,1205.36,41484.0
10:08,1208.13,1208.13,1205.5,1205.51,44402.0
10:09,1208.08,1208.64,1207.0,1208.06,37772.0
10:10,1208.02,1208.5,1206.27,1208.09,45068.0
10:11,1207.69,1209.02,1207.35,1207.35,47278.0
10:12,1208.23,1208.6,1207.31,1208.11,65619.0
10:13,1207.68,1208.59,1206.33,1208.0,28923.0
10:14,1207.74,1209.14,1205.5,1207.55,43519.0
10:15,1205.27,1209.26,1204.87,1209.12,73698.0
10:16,1205.1,1206.44,1204.17,1205.09,39808.0
10:17,1204.54,1205.14,1203.82,1205.14,27993.0
10:18,1206.9,1208.0,1204.18,1204.61,41448.0
10:19,1209.55,1209.55,1206.59,1206.9,38297.0
10:20,1212.38,1212.95,1208.72,1210.0,43165.0
10:21,1212.09,1212.86,1211.21,1211.77,20764.0
10:22,1211.55,1213.44,1210.63,1212.47,26572.0
10:23,1212.12,1212.71,1211.41,1211.41,26105.0
10:24,1212.61,1212.68,1211.05,1211.05,18254.0
10:25,1212.66,1214.38,1212.02,1212.1,32872.0
10:26,1210.88,1212.7,1210.57,1212.7,25204.0
10:27,1210.81,1211.6,1210.25,1210.79,21290.0
10:28,1210.28,1212.73,1210.28,1211.0,33743.0
10:29,1210.36,1211.59,1209.36,1210.73,25302.0
10:30,1208.0,1210.2,1207.77,1209.5,28672.0
10:31,1211.56,1211.56,1208.01,1208.01,25755.0
10:32,1211.45,1212.95,1211.26,1211.5,20458.0
10:33,1210.99,1212.19,1210.99,1211.34,18039.0
10:34,1212.2,1212.22,1210.6,1210.99,19295.0
10:35,1210.86,1212.6,1210.54,1212.6,69017.0
10:36,1211.46,1211.82,1210.9,1210.9,13020.0
10:37,1210.14,1212.01,1210.14,1211.8,15457.0
10:38,1212.4,1212.64,1210.15,1210.8,14911.0
10:39,1213.4,1213.7,1211.95,1212.53,16527.0
10:40,1213.04,1214.36,1211.49,1213.16,34936.0
10:41,1212.66,1214.0,1212.66,1212.91,24221.0
10:42,1211.8,1213.43,1211.29,1212.74,22272.0
10:43,1212.4,1212.53,1211.38,1211.38,11648.0
10:44,1212.45,1213.31,1211.5,1212.48,14854.0
10:45,1213.35,1213.55,1212.86,1213.5,41223.0
10:46,1209.88,1213.35,1209.0,1213.15,42381.0
10:47,1204.56,1208.79,1204.14,1208.18,49119.0
10:48,1205.98,1206.65,1205.11,1205.13,31492.0
10:49,1204.47,1206.23,1203.6,1205.69,40247.0
10:50,1204.85,1205.54,1203.67,1204.64,35990.0
10:51,1205.36,1205.97,1205.07,1205.33,21925.0
10:52,1205.53,1206.01,1204.75,1205.18,24592.0
10:53,1202.6,1205.0,1202.6,1205.0,41842.0
10:54,1204.38,1204.49,1201.33,1202.0,46197.0
10:55,1206.89,1207.0,1204.4,1204.72,28567.0
10:56,1209.87,1209.87,1206.0,1206.58,24341.0
10:57,1209.85,1210.51,1208.3,1209.87,38392.0
10:58,1208.61,1210.25,1208.14,1209.98,26492.0
10:59,1208.69,1208.81,1207.04,1208.61,18724.0
11:00,1208.53,1209.53,1208.0,1208.8,10698.0
11:01,1209.19,1209.45,1208.02,1208.67,17275.0
11:02,1208.5,1209.54,1208.5,1208.7,13420.0
11:03,1206.0,1209.25,1206.0,1208.88,16784.0
11:04,1206.36,1207.36,1205.51,1205.51,15568.0
11:05,1206.6,1207.59,1206.04,1206.39,11296.0
11:06,1205.87,1207.01,1205.51,1206.04,11417.0
11:07,1205.09,1205.94,1204.5,1205.65,18966.0
11:08,1204.82,1205.67,1204.62,1205.19,15157.0
11:09,1207.09,1207.09,1205.15,1205.15,8949.0
11:10,1206.28,1207.62,1205.68,1206.39,20335.0
11:11,1208.95,1209.0,1206.28,1206.28,15807.0
11:12,1208.52,1209.12,1208.32,1209.1,8605.0
11:13,1208.5,1209.01,1208.37,1208.5,11812.0
11:14,1209.5,1209.5,1208.39,1208.65,12682.0
11:15,1209.35,1211.12,1209.1,1209.49,19898.0
11:16,1209.88,1210.0,1209.0,1209.91,12431.0
11:17,1210.16,1210.38,1209.62,1210.0,17183.0
11:18,1211.2,1211.92,1209.95,1209.95,34578.0
11:19,1211.0,1211.78,1210.57,1211.46,15810.0
11:20,1212.2,1212.49,1210.76,1210.94,18291.0
11:21,1211.31,1212.81,1211.31,1212.17,20256.0
11:22,1211.9,1212.29,1211.57,1211.89,17130.0
11:23,1210.8,1212.17,1210.76,1211.98,15443.0
11:24,1211.67,1212.16,1210.75,1210.81,13464.0
11:25,1212.01,1212.07,1211.34,1211.84,7993.0
11:26,1212.22,1212.39,1211.71,1212.17,11088.0
11:27,1213.4,1213.8,1211.88,1212.39,17177.0
11:28,1214.47,1214.83,1213.32,1214.0,21217.0
11:29,1213.96,1214.52,1213.6,1214.52,43271.0
11:30,1215.75,1216.29,1213.73,1214.37,82026.0
11:31,1214.88,1216.7,1214.7,1215.96,25044.0
11:32,1215.0,1216.03,1214.82,1215.0,11891.0
11:33,1216.36,1216.75,1215.5,1215.72,16772.0
11:34,1217.71,1218.11,1216.37,1216.66,43746.0
11:35,1217.13,1217.75,1215.88,1217.75,20661.0
11:36,1217.56,1217.66,1216.43,1217.31,17087.0
11:37,1218.13,1219.0,1217.57,1217.57,48630.0
11:38,1217.3,1217.51,1216.4,1216.8,21151.0
11:39,1216.0,1217.8,1215.86,1217.3,19394.0
11:40,1215.13,1216.57,1214.68,1215.65,21405.0
11:41,1215.48,1215.82,1215.0,1215.0,10030.0
11:42,1214.45,1215.62,1214.11,1215.21,11984.0
11:43,1214.88,1215.16,1214.18,1214.18,10407.0
11:44,1214.61,1215.52,1214.61,1215.28,9779.0
11:45,1214.77,1215.14,1214.77,1214.85,7714.0
11:46,1216.26,1216.26,1215.3,1215.38,8183.0
11:47,1214.95,1216.01,1214.95,1215.92,22061.0
11:48,1213.17,1214.96,1212.39,1214.75,30250.0
11:49,1213.11,1213.68,1212.86,1213.55,9099.0
11:50,1213.39,1213.78,1213.3,1213.33,12827.0
11:51,1213.13,1213.79,1212.8,1213.44,17060.0
11:52,1213.35,1213.5,1212.68,1213.25,8303.0
11:53,1213.67,1214.11,1213.41,1213.41,5500.0
11:54,1213.58,1213.7,1213.44,1213.55,9655.0
11:55,1214.28,1215.37,1213.78,1214.18,16215.0
11:56,1214.2,1214.69,1213.62,1214.19,10386.0
11:57,1213.77,1214.6,1213.63,1213.63,20722.0
11:58,1214.5,1214.53,1213.79,1213.79,6814.0
11:59,1216.0,1216.0,1213.78,1214.18,17815.0
12:00,1214.27,1215.99,1213.89,1215.87,13595.0
12:01,1213.91,1214.27,1213.9,1213.91,10022.0
12:02,1213.11,1214.63,1212.0,1213.91,28746.0
12:03,1212.9,1213.64,1212.61,1212.68,10609.0
12:04,1212.88,1213.12,1212.25,1213.0,7083.0
12:05,1213.51,1213.51,1212.81,1212.91,9471.0
12:06,1214.02,1214.95,1213.46,1213.6,16636.0
12:07,1215.62,1215.62,1213.3,1213.3,14645.0
12:08,1215.23,1216.87,1214.84,1215.8,24291.0
12:09,1214.25,1214.62,1213.81,1214.62,8652.0
12:10,1214.49,1215.0,1214.0,1214.46,10466.0
12:11,1214.16,1214.99,1214.02,1214.91,18941.0
12:12,1215.0,1215.0,1214.16,1214.16,8308.0
12:13,1214.0,1214.9,1214.0,1214.8,12880.0
12:14,1213.3,1214.39,1213.3,1213.84,7217.0
12:15,1212.32,1213.47,1212.32,1213.47,12591.0
12:16,1212.5,1213.32,1212.5,1212.56,11822.0
12:17,1213.21,1213.21,1212.05,1212.06,6926.0
12:18,1213.0,1213.41,1212.71,1213.01,4250.0
12:19,1213.99,1213.99,1213.1,1213.1,63855.0
12:20,1213.97,1213.97,1212.9,1213.68,9819.0
12:21,1214.9,1214.9,1213.32,1213.57,12325.0
12:22,1215.21,1215.42,1214.72,1214.72,5243.0
12:23,1215.7,1215.7,1215.16,1215.16,11570.0
12:24,1215.0,1215.69,1214.77,1215.68,9749.0
12:25,1214.33,1214.91,1214.31,1214.63,7385.0
12:26,1214.99,1214.99,1213.75,1214.65,13030.0
12:27,1214.16,1214.7,1213.81,1214.0,9581.0
12:28,1214.57,1214.65,1213.9,1214.1,10344.0
12:29,1214.67,1215.12,1214.35,1214.36,6911.0
12:30,1213.1,1214.77,1213.1,1214.77,12906.0
12:31,1212.61,1213.42,1212.5,1213.42,10425.0
12:32,1212.5,1212.5,1211.02,1212.28,11822.0
12:33,1211.4,1213.3,1211.4,1212.05,10676.0
12:34,1211.66,1211.66,1211.2,1211.4,9442.0
12:35,1210.0,1211.67,1209.6,1211.44,25985.0
12:36,1208.23,1210.04,1208.22,1210.04,23895.0
12:37,1208.78,1209.52,1207.67,1208.17,16963.0
12:38,1209.66,1210.0,1208.86,1208.86,6389.0
12:39,1209.04,1209.77,1208.5,1209.77,10533.0
12:40,1209.55,1209.55,1209.0,1209.17,7917.0
12:41,1208.57,1209.71,1208.57,1209.5,12989.0
12:42,1208.75,1208.75,1208.0,1208.36,6791.0
12:43,1211.09,1211.36,1209.01,1209.01,15827.0
12:44,1210.97,1211.2,1209.95,1211.08,8062.0
12:45,1210.16,1210.96,1209.38,1210.47,8682.0
12:46,1208.98,1210.31,1208.98,1210.0,11171.0
12:47,1208.01,1208.86,1207.92,1208.75,11388.0
12:48,1208.42,1208.63,1208.02,1208.5,4473.0
12:49,1207.24,1208.5,1207.24,1208.02,12587.0
12:50,1207.47,1207.64,1207.14,1207.64,4745.0
12:51,1207.74,1207.95,1207.18,1207.2,13103.0
12:52,1207.77,1208.36,1207.51,1207.75,6045.0
12:53,1207.37,1207.72,1206.55,1207.72,65733.0
12:54,1206.82,1206.89,1206.28,1206.53,19318.0
12:55,1206.4,1207.0,1205.97,1206.93,16632.0
12:56,1206.62,1206.66,1205.88,1206.32,14997.0
12:57,1205.95,1206.4,1205.95,1206.3,5960.0
12:58,1206.63,1206.82,1205.96,1206.12,9577.0
12:59,1206.23,1206.43,1205.75,1206.43,10453.0
13:00,1207.62,1207.62,1205.91,1206.4,11601.0
13:01,1208.33,1208.45,1207.0,1207.21,12725.0
13:02,1209.05,1209.78,1208.06,1208.3,26584.0
13:03,1209.18,1209.62,1208.72,1209.0,10144.0
13:04,1210.03,1210.03,1209.26,1209.26,12129.0
13:05,1208.7,1210.37,1208.7,1209.99,10705.0
13:06,1208.63,1209.0,1208.25,1208.65,6018.0
13:07,1209.0,1209.07,1208.53,1208.68,14477.0
13:08,1208.68,1208.82,1208.55,1208.55,4383.0
13:09,1208.37,1208.97,1208.07,1208.68,15063.0
13:10,1208.06,1208.36,1208.0,1208.04,10236.0
13:11,1207.34,1208.19,1207.34,1208.09,8301.0
13:12,1208.17,1208.59,1207.06,1207.98,20169.0
13:13,1207.87,1208.5,1207.51,1207.51,16397.0
13:14,1209.47,1209.47,1207.73,1207.73,14252.0
13:15,1209.6,1209.73,1208.5,1209.44,6483.0
13:16,1209.5,1210.02,1209.21,1209.7,7453.0
13:17,1209.63,1209.88,1209.56,1209.64,3971.0
13:18,1210.38,1210.75,1209.88,1209.89,11150.0
13:19,1211.03,1211.03,1210.33,1210.79,6857.0
13:20,1211.33,1211.4,1210.64,1210.81,15019.0
13:21,1212.34,1212.7,1211.57,1211.64,14496.0
13:22,1210.22,1212.37,1210.22,1212.37,9878.0
13:23,1210.71,1210.71,1209.94,1210.62,6670.0
13:24,1210.64,1211.61,1210.34,1210.61,6658.0
13:25,1212.11,1212.25,1210.89,1210.89,8833.0
13:26,1212.21,1212.69,1211.95,1212.24,12742.0
13:27,1212.75,1212.81,1211.7,1212.6,7029.0
13:28,1213.56,1213.69,1212.95,1212.95,14659.0
13:29,1212.77,1213.83,1212.73,1213.59,10760.0
13:30,1213.86,1214.0,1213.0,1213.3,14541.0
13:31,1213.6,1214.11,1213.6,1214.11,10571.0
13:32,1213.89,1214.4,1213.31,1213.4,7347.0
13:33,1214.52,1214.88,1214.15,1214.32,16858.0
13:34,1214.71,1214.79,1213.99,1214.57,10964.0
13:35,1212.9,1214.3,1212.9,1214.3,12811.0
13:36,1213.07,1213.07,1212.01,1212.53,6932.0
13:37,1213.04,1213.62,1212.71,1212.97,5907.0
13:38,1213.8,1213.92,1213.43,1213.56,9657.0
13:39,1213.99,1213.99,1213.65,1213.68,4166.0
13:40,1213.41,1213.79,1213.41,1213.71,208189.0
13:41,1213.3,1213.8,1213.22,1213.72,13945.0
13:42,1213.05,1213.72,1212.97,1213.51,7762.0
13:43,1213.04,1213.08,1212.34,1213.08,15414.0
13:44,1213.77,1213.77,1213.08,1213.09,6646.0
13:45,1213.0,1213.7,1212.98,1213.51,10104.0
13:46,1213.63,1213.63,1213.06,1213.28,5068.0
13:47,1214.0,1214.45,1213.46,1213.46,6978.0
13:48,1213.86,1214.83,1213.83,1214.61,9769.0
13:49,1215.19,1215.19,1213.6,1213.6,11882.0
13:50,1214.5,1215.25,1214.5,1215.25,4742.0
13:51,1215.61,1215.61,1214.51,1214.75,9330.0
13:52,1215.76,1215.86,1215.37,1215.37,7098.0
13:53,1215.65,1216.0,1215.29,1215.93,8405.0
13:54,1215.36,1215.63,1215.31,1215.31,4309.0
13:55,1214.52,1215.17,1214.0,1215.17,20405.0
13:56,1211.9,1214.57,1211.07,1214.57,25363.0
13:57,1212.19,1212.35,1210.56,1210.88,15488.0
13:58,1211.49,1212.46,1211.49,1212.11,6424.0
13:59,1211.09,1212.03,1211.02,1211.97,6897.0
14:00,1211.29,1211.74,1211.05,1211.05,4202.0
14:01,1211.97,1212.25,1210.85,1211.46,9294.0
14:02,1212.17,1212.29,1211.78,1211.97,19384.0
14:03,1212.83,1212.83,1212.5,1212.5,1657.0
14:04,1213.06,1213.34,1212.2,1212.2,7161.0
14:05,1213.4,1213.68,1212.84,1213.06,6605.0
14:06,1213.16,1213.51,1213.0,1213.36,10124.0
14:07,1213.77,1213.77,1212.78,1213.38,12599.0
14:08,1213.77,1214.36,1213.41,1213.5,9282.0
14:09,1214.52,1215.0,1213.64,1214.33,22166.0
14:10,1214.31,1214.92,1214.31,1214.92,6245.0
14:11,1214.68,1214.68,1214.2,1214.34,7367.0
14:12,1213.43,1214.47,1213.43,1214.47,8252.0
14:13,1213.58,1213.97,1213.19,1213.95,10508.0
14:14,1214.08,1214.08,1213.71,1213.72,8313.0
14:15,1214.23,1214.5,1214.05,1214.05,10552.0
14:16,1215.04,1215.18,1214.35,1214.42,11587.0
14:17,1214.1,1215.14,1213.67,1215.14,24047.0
14:18,1213.69,1213.93,1213.53,1213.76,4101.0
14:19,1214.16,1214.16,1213.65,1214.0,5842.0
14:20,1213.76,1214.16,1213.7,1213.7,28725.0
14:21,1212.5,1213.99,1212.01,1213.99,15401.0
14:22,1212.27,1213.05,1212.05,1212.82,9392.0
14:23,1212.83,1212.84,1212.1,1212.31,13444.0
14:24,1212.84,1212.84,1212.21,1212.21,5768.0
14:25,1213.6,1213.66,1212.94,1212.94,5739.0
14:26,1214.3,1214.78,1213.68,1213.7,15545.0
14:27,1215.41,1215.61,1214.3,1215.61,18735.0
14:28,1215.68,1215.86,1215.41,1215.41,8836.0
14:29,1216.74,1217.53,1215.86,1215.86,28623.0
14:30,1216.29,1216.44,1216.0,1216.44,8241.0
14:31,1214.91,1216.5,1214.17,1216.25,27309.0
14:32,1214.22,1215.57,1214.19,1214.72,6706.0
14:33,1214.61,1214.97,1214.26,1214.26,6475.0
14:34,1213.37,1215.23,1213.37,1215.23,9784.0
14:35,1212.47,1214.0,1212.3,1213.42,19227.0
14:36,1212.16,1212.52,1212.15,1212.15,2818.0
14:37,1212.14,1212.56,1211.33,1212.4,12164.0
14:38,1211.33,1212.0,1211.33,1211.87,8021.0
14:39,1210.51,1211.85,1210.51,1211.71,11569.0
14:40,1210.76,1210.98,1210.32,1210.62,16397.0
14:41,1210.46,1210.85,1210.23,1210.59,10516.0
14:42,1209.51,1210.09,1208.66,1210.0,24818.0
14:43,1209.68,1210.35,1209.18,1209.37,14430.0
14:44,1210.36,1210.6,1209.6,1209.6,7355.0
14:45,1210.32,1210.41,1210.29,1210.34,3729.0
14:46,1210.53,1210.55,1209.68,1210.0,7592.0
14:47,1210.0,1210.53,1209.44,1210.26,16115.0
14:48,1210.19,1210.27,1209.52,1210.0,13341.0
14:49,1211.16,1211.17,1210.32,1210.58,14840.0
14:50,1211.07,1211.4,1210.75,1211.11,11586.0
14:51,1210.45,1211.29,1210.33,1211.09,13093.0
14:52,1210.2,1210.74,1210.2,1210.44,4212.0
14:53,1209.58,1210.4,1209.43,1210.4,11865.0
14:54,1209.17,1209.62,1209.1,1209.62,5678.0
14:55,1209.31,1209.71,1209.0,1209.14,12488.0
14:56,1209.1,1209.89,1209.1,1209.73,6391.0
14:57,1208.91,1209.29,1208.7,1209.29,8988.0
14:58,1209.4,1209.7,1209.1,1209.32,5553.0
14:59,1208.91,1209.66,1208.28,1209.45,18696.0
15:00,1209.38,1209.55,1209.2,1209.35,4539.0
15:01,1208.82,1209.55,1208.82,1209.23,9337.0
15:02,1208.76,1208.93,1208.27,1208.54,6111.0
15:03,1208.08,1208.62,1207.13,1208.0,17354.0
15:04,1208.02,1208.21,1207.47,1207.91,12115.0
15:05,1208.37,1208.37,1207.49,1208.04,10682.0
15:06,1207.52,1208.36,1206.98,1208.36,20490.0
15:07,1207.15,1207.74,1207.15,1207.41,7644.0
15:08,1207.56,1207.86,1207.0,1207.0,15736.0
15:09,1207.53,1208.0,1207.53,1208.0,11510.0
15:10,1207.55,1208.1,1207.52,1207.94,10244.0
15:11,1208.74,1208.74,1207.36,1207.74,16825.0
15:12,1209.54,1209.63,1208.98,1208.98,4904.0
15:13,1208.64,1209.0,1208.28,1209.0,10597.0
15:14,1208.5,1208.64,1208.3,1208.64,7508.0
15:15,1208.53,1208.54,1208.15,1208.36,6589.0
15:16,1208.78,1209.0,1208.63,1208.73,13743.0
15:17,1209.06,1209.51,1209.06,1209.15,8172.0
15:18,1208.66,1209.17,1208.66,1209.17,9373.0
15:19,1208.97,1209.54,1208.97,1209.05,5831.0
15:20,1209.56,1210.5,1209.54,1209.67,27178.0
15:21,1208.56,1209.74,1208.0,1209.74,11217.0
15:22,1208.5,1208.58,1207.7,1208.44,12687.0
15:23,1208.08,1208.42,1207.17,1208.34,15924.0
15:24,1207.15,1208.09,1207.05,1208.0,34245.0
15:25,1206.5,1206.99,1206.08,1206.85,17066.0
15:26,1205.99,1207.65,1205.99,1206.7,23545.0
15:27,1207.3,1207.35,1206.0,1206.42,16300.0
15:28,1206.49,1207.91,1206.49,1207.37,29243.0
15:29,1207.23,1207.66,1206.81,1207.1,9241.0
15:30,1207.2,1207.81,1207.2,1207.24,18628.0
15:31,1206.56,1207.79,1206.56,1207.58,13378.0
15:32,1205.52,1206.53,1204.8,1206.5,63936.0
15:33,1205.45,1205.94,1205.2,1205.45,22977.0
15:34,1205.33,1205.8,1205.09,1205.43,16808.0
15:35,1205.56,1205.8,1205.32,1205.5,11123.0
15:36,1205.49,1205.83,1205.0,1205.32,14121.0
15:37,1205.3,1206.33,1205.3,1205.79,12350.0
15:38,1206.47,1206.5,1205.0,1205.3,12170.0
15:39,1206.31,1206.78,1205.96,1206.31,7598.0
15:40,1206.77,1206.78,1206.3,1206.32,12267.0
15:41,1207.26,1207.9,1206.95,1207.06,31464.0
15:42,1207.4,1207.73,1207.15,1207.15,12198.0
15:43,1207.03,1207.81,1206.51,1207.78,12003.0
15:44,1207.0,1207.18,1206.66,1207.03,12304.0
15:45,1208.2,1208.25,1207.17,1207.17,20295.0
15:46,1207.59,1208.1,1207.24,1208.1,12283.0
15:47,1207.97,1207.98,1207.48,1207.78,16292.0
15:48,1208.04,1208.22,1207.6,1207.84,27303.0
15:49,1208.49,1208.65,1208.01,1208.05,22736.0
15:50,1208.92,1210.0,1208.75,1208.75,41282.0
15:51,1208.95,1209.13,1208.57,1208.91,28706.0
15:52,1210.0,1210.0,1209.18,1209.18,24912.0
15:53,1209.71,1209.72,1208.69,1209.55,21716.0
15:54,1209.31,1210.17,1209.0,1209.55,32566.0
15:55,1209.92,1210.28,1209.11,1209.47,40427.0
15:56,1209.22,1210.16,1208.8,1209.99,46311.0
15:57,1208.8,1209.4,1208.2,1208.94,43096.0
15:58,1208.9,1209.08,1208.77,1208.8,76418.0
15:59,1208.91,1209.28,1208.74,1209.05,118742.0
