Time,Close,High,Low,Open,Volume
09:30,1224.82,1227.97,1224.5,1227.74,47309.0
09:31,1227.87,1227.87,1224.84,1225.75,6300.0
09:32,1226.68,1227.62,1226.5,1227.62,4242.0
09:33,1225.5,1225.5,1225.0,1225.01,4037.0
09:34,1227.6,1228.0,1227.0,1227.21,6628.0
09:35,1227.99,1228.79,1227.65,1227.65,6139.0
09:36,1227.39,1227.39,1227.39,1227.39,8216.0
09:37,1226.44,1227.06,1225.55,1227.06,7939.0
09:38,1225.53,1226.64,1225.03,1226.64,8970.0
09:39,1224.62,1226.22,1224.5,1226.22,10001.0
09:40,1224.6,1224.77,1224.6,1224.75,5863.0
09:41,1224.5,1225.0,1224.05,1224.23,5611.0
09:42,1223.85,1224.58,1223.23,1224.58,10178.0
09:43,1223.03,1224.45,1223.03,1224.24,7607.0
09:44,1221.01,1222.4,1221.01,1222.4,19186.0
09:45,1220.51,1221.08,1220.47,1220.47,6660.0
09:46,1219.28,1220.88,1218.2,1220.88,23856.0
09:47,1219.45,1220.09,1218.0,1218.7,23639.0
09:48,1218.27,1219.0,1217.83,1218.56,15536.0
09:49,1215.43,1218.5,1215.02,1217.0,17766.0
09:50,1214.69,1215.42,1213.39,1215.35,39831.0
09:51,1213.85,1215.59,1213.7,1214.64,18593.0
09:52,1215.56,1216.56,1213.32,1213.32,16041.0
09:53,1215.76,1216.49,1215.4,1215.4,6161.0
09:54,1214.7,1215.99,1214.7,1215.58,8283.0
09:55,1210.34,1215.04,1210.22,1214.8,37509.0
09:56,1208.84,1210.4,1208.5,1210.31,21722.0
09:57,1208.82,1210.18,1208.82,1209.43,118576.0
09:58,1208.4033333333332,1208.82,1208.4033333333332,1208.82,101102.83333333333
09:59,1207.9866666666667,1208.4033333333332,1207.9866666666667,1208.4033333333332,83629.66666666666
10:00,1207.57,1207.9866666666667,1207.57,1207.9866666666667,66156.5
10:01,1207.1533333333332,1207.57,1207.1533333333332,1207.57,48683.33333333333
10:02,1206.7366666666667,1207.1533333333332,1206.7366666666667,1207.1533333333332,31210.166666666657
10:03,1204.59,1206.32,1204.45,1206.32,13737.0
10:04,1206.19,1206.61,1204.49,1205.18,10302.0
10:05,1207.14,1207.7,1205.85,1206.01,17721.0
10:06,1206.6,1207.0,1206.44,1206.93,11935.0
10:07,1208.6,1208.84,1206.69,1206.69,13353.0
10:08,1207.11,1208.81,1207.11,1208.59,13462.0
10:09,1208.64,1208.64,1206.8,1206.8,7206.0
10:10,1209.35,1209.35,1208.65,1209.0,12682.0
10:11,1205.86,1207.64,1204.61,1207.24,26017.0
10:12,1206.29,1206.35,1205.17,1205.17,12654.0
10:13,1207.4,1207.4,1204.48,1206.06,11673.0
10:14,1208.02,1208.79,1207.98,1208.39,8514.0
10:15,1208.57,1208.65,1207.69,1208.39,5859.0
10:16,1209.21,1209.56,1208.77,1208.84,8515.0
10:17,1209.86,1209.9,1208.44,1208.77,13265.0
10:18,1210.04,1210.23,1209.69,1209.77,8203.0
10:19,1211.25,1211.67,1209.5,1210.48,9812.0
10:20,1210.56,1212.3,1210.56,1210.92,9229.0
10:21,1211.81,1212.35,1210.68,1210.98,11585.0
10:22,1210.0,1212.28,1209.27,1212.28,9593.0
10:23,1210.66,1211.07,1210.0,1210.0,12047.0
10:24,1210.47,1210.99,1210.22,1210.91,12680.0
10:25,1209.76,1209.76,1209.75,1209.75,4560.0
10:26,1208.54,1209.26,1208.54,1209.26,9074.0
10:27,1210.39,1210.39,1209.08,1209.08,4778.0
10:28,1211.23,1211.23,1210.15,1210.15,5176.0
10:29,1210.97,1211.63,1210.78,1211.23,11563.0
10:30,1211.06,1211.06,1210.02,1210.97,12126.0
10:31,1211.49,1211.75,1210.69,1211.69,12520.0
10:32,1211.0,1212.19,1211.0,1212.0,7342.0
10:33,1211.38,1211.38,1210.6,1211.05,3280.0
10:34,1210.81,1211.18,1210.2,1210.9,2129.0
10:35,1210.55,1211.42,1209.78,1211.42,6951.0
10:36,1211.19,1211.19,1209.7,1210.0,7795.0
10:37,1210.48,1210.48,1209.78,1209.97,3629.0
10:38,1210.3,1210.95,1210.3,1210.95,3032.0
10:39,1210.7,1210.86,1210.41,1210.41,5161.0
10:40,1211.08,1211.25,1210.67,1211.25,4409.0
10:41,1210.19,1211.19,1209.88,1211.19,10219.0
10:42,1211.1,1211.29,1210.17,1210.31,11195.0
10:43,1210.58,1210.74,1209.89,1210.6,8338.0
10:44,1211.99,1211.99,1210.9,1211.1,20808.0
10:45,1211.43,1211.83,1211.0,1211.83,7957.0
10:46,1211.23,1211.62,1211.0,1211.32,14924.0
10:47,1209.84,1211.02,1209.84,1211.0,18213.0
10:48,1208.9,1209.01,1208.9,1209.0,5328.0
10:49,1209.32,1209.64,1209.0,1209.26,5566.0
10:50,1208.7,1209.0,1208.22,1208.91,5436.0
10:51,1207.96,1208.52,1207.96,1208.21,4969.0
10:52,1208.06,1208.97,1207.62,1207.83,6027.0
10:53,1208.05,1208.73,1208.05,1208.23,7551.0
10:54,1207.5,1207.95,1207.5,1207.56,6973.0
10:55,1207.21,1207.21,1206.54,1207.0,8473.0
10:56,1205.38,1207.07,1205.38,1207.07,9393.0
10:57,1203.89,1205.53,1203.87,1205.53,22081.0
10:58,1204.25,1204.88,1204.07,1204.07,7926.0
10:59,1207.0,1207.0,1204.45,1204.45,5159.0
11:00,1207.09,1207.09,1206.76,1206.76,3531.0
11:01,1206.6,1207.19,1206.6,1207.19,4203.0
11:02,1206.17,1206.7,1206.17,1206.56,4962.0
11:03,1206.88,1206.91,1205.74,1205.74,3503.0
11:04,1207.02,1207.02,1206.88,1206.88,4758.0
11:05,1206.83,1207.48,1206.83,1207.06,3654.0
11:06,1207.1,1207.1,1207.04,1207.06,2471.0
11:07,1207.16,1207.6,1207.06,1207.06,4488.0
11:08,1207.75,1207.91,1207.16,1207.42,5639.0
11:09,1209.07,1209.2,1207.86,1207.86,5529.0
11:10,1209.62,1209.99,1208.98,1209.21,11864.0
11:11,1208.72,1209.47,1208.39,1209.47,4171.0
11:12,1209.9,1210.55,1208.77,1208.77,8333.0
11:13,1209.86,1209.86,1209.86,1209.86,1998.0
11:14,1209.44,1209.61,1209.16,1209.61,7842.0
11:15,1210.13,1210.2,1209.48,1209.48,12988.0
11:16,1209.7,1210.64,1209.7,1210.18,14831.0
11:17,1211.29,1211.46,1209.68,1210.05,15116.0
11:18,1210.29,1211.32,1209.86,1211.32,14862.0
11:19,1210.34,1210.67,1210.04,1210.09,7960.0
11:20,1210.92,1210.92,1210.34,1210.41,6029.0
11:21,1209.92,1210.36,1209.32,1210.36,4600.0
11:22,1208.43,1209.48,1208.43,1209.48,3513.0
11:23,1209.14,1209.4,1209.14,1209.4,1952.0
11:24,1208.92,1209.15,1208.92,1209.01,2482.0
11:25,1208.27,1208.52,1208.27,1208.52,2805.0
11:26,1208.69,1208.69,1207.62,1207.62,2575.0
11:27,1207.49,1207.49,1207.49,1207.49,386.0
11:28,1207.64,1208.24,1207.46,1207.46,5489.0
11:29,1206.3,1207.39,1205.0,1207.39,16490.0
11:30,1205.69,1206.15,1205.61,1205.97,3682.0
11:31,1203.66,1205.35,1203.63,1205.35,20705.0
11:32,1204.8,1205.08,1203.59,1204.05,9200.0
11:33,1204.17,1205.52,1204.17,1204.75,8141.0
11:34,1205.2,1205.36,1204.69,1204.69,8089.0
11:35,1204.68,1205.47,1204.68,1205.47,8146.0
11:36,1205.9,1205.9,1204.79,1204.87,5653.0
11:37,1206.34,1206.65,1206.0,1206.26,2736.0
11:38,1206.04,1206.14,1205.86,1206.06,6779.0
11:39,1204.98,1205.79,1204.25,1205.79,9920.0
11:40,1205.78,1206.46,1205.13,1206.46,1382.0
11:41,1206.02,1206.26,1205.78,1205.78,1354.0
11:42,1206.29,1206.66,1206.05,1206.66,2913.0
11:43,1205.69,1206.12,1205.69,1206.05,5297.0
11:44,1205.89,1205.89,1205.3,1205.3,1549.0
11:45,1205.37,1205.69,1205.37,1205.39,5008.0
11:46,1205.96,1206.0,1205.22,1205.31,4679.0
11:47,1206.38,1206.39,1205.96,1205.96,1234.0
11:48,1205.75,1205.75,1205.75,1205.75,5076.0
11:49,1205.48,1205.97,1205.48,1205.81,5677.0
11:50,1205.46,1205.62,1205.16,1205.59,5886.0
11:51,1205.51,1205.51,1205.51,1205.51,2386.0
11:52,1206.0,1206.48,1205.96,1205.96,3383.0
11:53,1205.48,1206.21,1205.48,1206.21,4322.0
11:54,1205.81,1205.81,1205.81,1205.81,239.0
11:55,1204.89,1205.81,1204.8,1205.81,9501.0
11:56,1205.34,1205.5,1205.34,1205.37,2550.0
11:57,1204.27,1204.87,1203.82,1204.82,16861.0
11:58,1203.06,1204.0,1203.06,1204.0,4751.0
11:59,1202.86,1203.35,1202.73,1203.35,8819.0
12:00,1202.2,1203.28,1202.01,1202.79,7577.0
12:01,1202.27,1203.12,1202.27,1202.35,9450.0
12:02,1203.03,1203.32,1202.17,1202.17,9230.0
12:03,1203.15,1203.33,1203.13,1203.14,10209.0
12:04,1202.97,1203.13,1202.97,1203.12,8368.0
12:05,1201.93,1202.46,1201.93,1202.01,8887.0
12:06,1201.69,1201.76,1201.22,1201.59,15704.0
12:07,1201.99,1202.27,1201.68,1201.68,10421.0
12:08,1202.06,1202.06,1201.82,1201.82,2307.0
12:09,1201.41,1202.28,1201.15,1202.27,13355.0
12:10,1202.25,1202.25,1201.5,1201.61,10106.0
12:11,1203.61,1203.61,1202.8,1203.0,5364.0
12:12,1203.17,1203.68,1202.85,1203.68,7954.0
12:13,1203.72,1204.0,1203.4,1203.99,6361.0
12:14,1203.06,1203.44,1203.06,1203.44,6349.0
12:15,1203.44,1203.56,1203.0,1203.4,3284.0
12:16,1203.36,1203.5,1203.35,1203.5,2268.0
12:17,1203.6,1203.97,1203.34,1203.5,3684.0
12:18,1203.39,1203.65,1203.32,1203.6,2386.0
12:19,1203.32,1203.47,1203.12,1203.39,6232.0
12:20,1203.49,1203.49,1203.49,1203.49,723.0
12:21,1203.45,1203.45,1203.45,1203.45,719.0
12:22,1203.96,1204.36,1203.78,1203.96,3313.0
12:23,1203.73,1203.97,1203.6,1203.97,2015.0
12:24,1204.19,1204.54,1204.0,1204.32,6629.0
12:25,1203.88,1204.19,1203.82,1204.19,3223.0
12:26,1204.13,1204.13,1204.13,1204.13,283.0
12:27,1203.51,1204.25,1203.51,1204.0,2629.0
12:28,1203.41,1203.81,1203.36,1203.69,5027.0
12:29,1203.61,1203.62,1203.61,1203.62,1045.0
12:30,1203.82,1204.08,1203.81,1203.91,1843.0
12:31,1204.45,1204.52,1204.23,1204.23,4527.0
12:32,1204.63,1204.73,1204.54,1204.54,5359.0
12:33,1204.8,1205.28,1204.8,1205.28,3209.0
12:34,1205.13,1205.13,1204.95,1205.05,1651.0
12:35,1205.07,1205.14,1205.03,1205.03,3120.0
12:36,1204.65,1205.1,1204.56,1205.0,9007.0
12:37,1204.9,1204.9,1204.9,1204.9,1567.0
12:38,1205.2,1205.2,1204.8,1204.8,3663.0
12:39,1204.84,1204.84,1204.84,1204.84,1683.0
12:40,1204.56,1205.48,1204.56,1204.81,1584.0
12:41,1204.92,1205.44,1204.56,1204.77,2878.0
12:42,1204.67,1204.92,1204.67,1204.92,2042.0
12:43,1205.05,1205.05,1204.91,1204.92,1385.0
12:44,1205.1,1205.1,1205.1,1205.1,338.0
12:45,1206.11,1206.48,1205.1,1205.1,6809.0
12:46,1207.2,1207.34,1205.98,1205.98,14692.0
12:47,1206.4,1207.42,1206.4,1207.42,5914.0
12:48,1206.88,1207.42,1206.88,1207.42,2088.0
12:49,1206.45,1207.14,1206.45,1206.67,3634.0
12:50,1206.01,1206.44,1205.61,1206.44,5438.0
12:51,1205.34,1205.9,1205.34,1205.9,2308.0
12:52,1205.57,1205.57,1205.57,1205.57,751.0
12:53,1204.74,1205.33,1204.7,1205.33,2720.0
12:54,1204.84,1205.25,1204.84,1205.14,3550.0
12:55,1204.64,1204.87,1204.4,1204.4,4682.0
12:56,1204.6,1204.6,1204.6,1204.6,1037.0
12:57,1204.42,1204.42,1204.15,1204.34,2839.0
12:58,1204.34,1204.34,1204.3,1204.34,1920.0
12:59,1204.77,1205.25,1204.35,1204.48,8015.0
13:00,1204.43,1204.8,1204.22,1204.36,5687.0
13:01,1204.1,1204.35,1204.1,1204.25,3359.0
13:02,1203.62,1203.62,1203.46,1203.5,4463.0
13:03,1203.2,1203.62,1203.2,1203.62,1350.0
13:04,1203.14,1203.73,1203.14,1203.73,5203.0
13:05,1202.5,1203.05,1202.5,1202.94,3314.0
13:06,1202.8,1202.8,1202.6,1202.6,1244.0
13:07,1203.23,1203.23,1203.22,1203.22,4348.0
13:08,1203.36,1203.4,1203.36,1203.4,1446.0
13:09,1203.36,1203.36,1202.91,1202.92,2087.0
13:10,1203.02,1203.36,1203.02,1203.36,1470.0
13:11,1202.44,1202.6,1202.44,1202.6,2805.0
13:12,1202.79,1202.87,1202.12,1202.12,6178.0
13:13,1202.0,1202.79,1202.0,1202.79,2969.0
13:14,1203.17,1203.26,1202.24,1203.26,5625.0
13:15,1201.45,1202.04,1201.16,1202.04,5873.0
13:16,1201.79,1202.21,1201.42,1201.42,3777.0
13:17,1201.57,1202.22,1201.5,1201.94,5547.0
13:18,1201.9,1202.21,1201.28,1201.8,2367.0
13:19,1203.29,1203.29,1201.72,1201.72,3728.0
13:20,1202.62,1202.62,1202.62,1202.62,3212.0
13:21,1204.31,1204.31,1203.02,1203.02,5674.0
13:22,1204.79,1204.82,1204.04,1204.82,3929.0
13:23,1204.89,1204.89,1204.75,1204.79,4543.0
13:24,1204.79,1205.04,1204.79,1205.04,1948.0
13:25,1204.8,1205.03,1204.59,1204.93,9486.0
13:26,1204.73,1204.89,1204.59,1204.82,6565.0
13:27,1204.67,1204.76,1204.6,1204.71,3644.0
13:28,1204.6,1204.62,1204.6,1204.6,723.0
13:29,1204.42,1204.6,1204.21,1204.6,4964.0
13:30,1204.36,1204.36,1204.36,1204.36,1309.0
13:31,1204.67,1204.89,1204.67,1204.89,1206.0
13:32,1204.22,1204.22,1204.22,1204.22,562.0
13:33,1203.8,1204.04,1203.6,1203.87,3536.0
13:34,1203.83,1203.95,1203.61,1203.75,3902.0
13:35,1203.85,1203.85,1203.63,1203.63,4267.0
13:36,1203.6,1203.86,1203.6,1203.85,3898.0
13:37,1203.29,1203.45,1203.29,1203.45,897.0
13:38,1203.85,1204.1,1203.72,1203.72,3748.0
13:39,1203.66,1203.66,1203.66,1203.66,357.0
13:40,1204.47,1204.47,1203.69,1203.69,6361.0
13:41,1204.3,1204.5,1204.3,1204.42,1481.0
13:42,1204.29,1204.67,1204.29,1204.39,3548.0
13:43,1203.97,1204.21,1203.97,1204.21,3831.0
13:44,1204.83,1204.83,1204.71,1204.71,1454.0
13:45,1205.4,1205.5,1204.88,1204.9,4135.0
13:46,1206.0,1206.6,1205.58,1205.58,3925.0
13:47,1206.15,1206.55,1206.03,1206.21,9459.0
13:48,1206.22,1206.22,1206.18,1206.18,2051.0
13:49,1205.92,1206.12,1205.92,1206.12,1786.0
13:50,1205.95,1206.64,1205.95,1206.64,2105.0
13:51,1206.71,1206.71,1206.29,1206.29,3985.0
13:52,1206.64,1207.09,1206.64,1207.01,4569.0
13:53,1206.54,1206.74,1206.39,1206.74,2210.0
13:54,1206.56,1206.56,1206.52,1206.55,3480.0
13:55,1206.95,1207.1,1206.95,1206.99,2312.0
13:56,1206.74,1206.74,1206.19,1206.74,3635.0
13:57,1206.78,1206.88,1206.78,1206.88,1026.0
13:58,1206.34,1206.79,1206.34,1206.79,2603.0
13:59,1206.07,1206.43,1206.07,1206.4,3205.0
14:00,1205.79,1206.07,1205.79,1206.0,3807.0
14:01,1205.6,1205.81,1205.6,1205.81,1881.0
14:02,1204.81,1205.61,1204.81,1205.61,7490.0
14:03,1205.1,1205.18,1204.57,1204.57,4150.0
14:04,1205.25,1205.29,1205.0,1205.29,1552.0
14:05,1205.63,1205.97,1205.19,1205.19,5788.0
14:06,1206.14,1206.2,1206.13,1206.2,3036.0
14:07,1206.55,1206.6,1206.17,1206.17,2174.0
14:08,1206.88,1206.94,1206.77,1206.94,1531.0
14:09,1207.72,1207.72,1206.64,1206.77,7545.0
14:10,1207.47,1207.74,1207.28,1207.53,15421.0
14:11,1207.16,1207.16,1207.16,1207.16,790.0
14:12,1207.33,1207.46,1207.33,1207.46,1086.0
14:13,1207.48,1207.48,1207.11,1207.17,12263.0
14:14,1207.53,1207.98,1207.45,1207.46,10289.0
14:15,1207.14,1207.5,1207.14,1207.5,2918.0
14:16,1207.1,1207.14,1207.1,1207.14,1523.0
14:17,1207.06,1207.17,1206.94,1207.17,1411.0
14:18,1207.15,1207.15,1206.83,1207.15,3654.0
14:19,1206.91,1207.12,1206.66,1206.93,5795.0
14:20,1206.67,1207.1,1206.49,1206.72,7936.0
14:21,1206.65,1207.08,1206.56,1206.83,6275.0
14:22,1206.63,1207.06,1206.63,1206.93,4614.0
14:23,1206.58,1206.94,1206.43,1206.88,5554.0
14:24,1206.52,1206.82,1206.23,1206.82,6495.0
14:25,1206.6,1206.8,1206.41,1206.8,4775.0
14:26,1206.68,1206.78,1206.58,1206.78,3054.0
14:27,1206.76,1206.76,1206.76,1206.76,1334.0
14:28,1205.24,1205.6,1205.24,1205.6,1901.0
14:29,1205.52,1205.8,1205.52,1205.8,861.0
14:30,1206.46,1206.62,1205.94,1205.94,5689.0
14:31,1206.8,1206.9,1206.35,1206.53,4754.0
14:32,1207.15,1207.17,1206.76,1207.12,3818.0
14:33,1207.21,1207.21,1206.93,1207.11,9295.0
14:34,1207.17,1207.29,1207.17,1207.28,2745.0
14:35,1207.18,1207.38,1207.18,1207.19,1675.0
14:36,1206.78,1207.06,1206.78,1207.06,2632.0
14:37,1206.77,1206.77,1206.77,1206.77,1903.0
14:38,1206.72,1206.82,1206.4,1206.75,1573.0
14:39,1206.69,1206.71,1205.85,1206.54,2245.0
14:40,1206.01,1206.69,1206.01,1206.69,5370.0
14:41,1206.46,1206.46,1206.44,1206.44,2113.0
14:42,1206.3,1206.46,1206.29,1206.45,4846.0
14:43,1206.15,1206.47,1206.15,1206.47,7580.0
14:44,1206.34,1206.34,1205.93,1206.15,7191.0
14:45,1206.72,1206.72,1206.61,1206.61,2469.0
14:46,1207.02,1207.02,1206.79,1206.79,1959.0
14:47,1206.82,1206.99,1206.8,1206.96,5041.0
14:48,1206.82,1206.82,1206.82,1206.82,3545.0
14:49,1206.68,1206.68,1206.67,1206.67,3393.0
14:50,1206.72,1206.78,1206.72,1206.78,4914.0
14:51,1206.76,1206.93,1206.72,1206.86,4091.0
14:52,1207.59,1207.59,1207.08,1207.08,7587.0
14:53,1207.55,1207.55,1207.55,1207.55,1016.0
14:54,1207.9,1207.9,1207.42,1207.53,2541.0
14:55,1207.82,1208.05,1207.77,1207.86,8971.0
14:56,1207.94,1208.0,1207.84,1207.84,4525.0
14:57,1207.58,1208.04,1207.58,1207.97,4972.0
14:58,1208.2,1208.39,1207.58,1207.77,10777.0
14:59,1208.11,1208.26,1208.11,1208.26,3521.0
15:00,1207.87,1208.47,1207.87,1208.4,3303.0
15:01,1208.25,1208.43,1207.86,1207.88,7467.0
15:02,1208.18,1208.18,1207.99,1207.99,1317.0
15:03,1208.16,1208.16,1207.88,1208.1,2806.0
15:04,1207.91,1208.04,1207.84,1208.04,10128.0
15:05,1207.7,1207.7,1207.56,1207.63,1839.0
15:06,1207.38,1207.58,1207.38,1207.5,7943.0
15:07,1207.59,1207.81,1207.59,1207.6,8739.0
15:08,1208.1,1208.1,1207.81,1207.81,3648.0
15:09,1208.28,1208.28,1207.95,1208.13,6765.0
15:10,1208.07,1208.22,1208.07,1208.12,3230.0
15:11,1207.76,1208.08,1207.76,1208.08,2768.0
15:12,1207.72,1207.79,1207.57,1207.79,3090.0
15:13,1208.0,1208.01,1207.92,1207.92,4449.0
15:14,1207.81,1207.81,1207.34,1207.35,5145.0
15:15,1208.58,1208.58,1208.36,1208.36,2841.0
15:16,1208.82,1208.82,1208.45,1208.67,1669.0
15:17,1208.75,1208.76,1208.65,1208.76,4597.0
15:18,1208.49,1208.69,1208.49,1208.61,2291.0
15:19,1208.65,1208.78,1208.4,1208.78,3074.0
15:20,1208.48,1208.48,1208.48,1208.48,2788.0
15:21,1208.31,1208.62,1208.27,1208.45,3082.0
15:22,1208.34,1208.53,1208.34,1208.52,7980.0
15:23,1208.16,1208.24,1207.82,1207.91,3205.0
15:24,1208.31,1208.35,1208.19,1208.35,3721.0
15:25,1208.55,1208.55,1208.27,1208.27,5230.0
15:26,1208.6,1208.6,1208.58,1208.58,1804.0
15:27,1208.13,1208.49,1208.13,1208.49,3000.0
15:28,1207.88,1208.36,1207.88,1208.34,3947.0
15:29,1208.74,1208.74,1208.17,1208.17,4385.0
15:30,1208.95,1209.13,1208.56,1208.65,9780.0
15:31,1208.35,1208.9,1208.35,1208.9,12134.0
15:32,1208.63,1208.63,1208.1,1208.11,2057.0
15:33,1208.31,1208.31,1208.22,1208.28,2898.0
15:34,1208.3,1208.3,1207.96,1208.12,2352.0
15:35,1207.8,1208.25,1207.55,1208.25,3018.0
15:36,1207.49,1207.82,1206.71,1207.82,8093.0
15:37,1206.51,1206.94,1206.38,1206.94,7090.0
15:38,1206.4,1206.57,1206.31,1206.32,11294.0
15:39,1206.28,1206.55,1206.14,1206.4,7129.0
15:40,1206.05,1206.43,1205.86,1206.28,15749.0
15:41,1207.44,1207.44,1206.05,1206.05,15079.0
15:42,1207.99,1208.0,1207.1,1207.82,5028.0
15:43,1208.1,1208.2,1207.87,1207.87,6446.0
15:44,1207.6,1208.23,1207.6,1208.1,6639.0
15:45,1208.08,1208.17,1207.41,1207.41,5625.0
15:46,1207.94,1208.12,1207.94,1208.0,4326.0
15:47,1208.02,1208.16,1207.83,1207.85,9706.0
15:48,1208.6,1208.78,1207.64,1207.97,8920.0
15:49,1208.52,1208.78,1208.29,1208.56,9163.0
15:50,1207.82,1208.74,1207.82,1208.74,9672.0
15:51,1207.68,1208.32,1207.49,1208.14,11696.0
15:52,1207.58,1207.99,1207.53,1207.99,7861.0
15:53,1207.86,1208.5,1207.37,1207.92,12255.0
15:54,1209.28,1210.25,1207.58,1207.58,30320.0
15:55,1209.0,1211.44,1208.4,1210.36,45162.0
15:56,1208.4,1208.95,1207.71,1208.95,31910.0
15:57,1208.83,1209.15,1207.94,1208.2,60439.0
15:58,1208.54,1209.05,1207.96,1208.86,38346.0
15:59,1207.37,1208.83,1207.36,1208.53,111171.0
