Time,Close,High,Low,Open,Volume
09:30,1266.0,1268.03,1261.71,1261.71,65308.0
09:31,1266.5,1271.0,1264.8,1268.2,30793.0
09:32,1260.9,1267.6,1260.9,1267.6,12457.0
09:33,1264.3,1265.5,1261.49,1261.49,16876.0
09:34,1263.02,1264.3,1262.05,1264.3,7095.0
09:35,1260.76,1263.02,1260.0,1263.02,25179.0
09:36,1261.09,1262.21,1260.76,1260.76,8266.0
09:37,1258.91,1260.95,1258.19,1260.95,9540.0
09:38,1260.07,1261.35,1258.36,1258.51,3153.0
09:39,1260.22,1260.79,1260.22,1260.79,2089.0
09:40,1259.64,1260.19,1258.0,1259.0,8025.0
09:41,1257.89,1259.36,1257.0,1258.66,13574.0
09:42,1258.76,1259.06,1256.82,1256.87,15463.0
09:43,1256.9,1258.57,1256.7,1258.57,8967.0
09:44,1256.41,1257.02,1256.41,1257.0,4396.0
09:45,1258.41,1258.41,1255.92,1256.85,13780.0
09:46,1257.98,1257.99,1257.35,1257.77,7209.0
09:47,1258.39,1259.48,1257.88,1259.12,10382.0
09:48,1257.44,1258.19,1257.44,1257.87,6929.0
09:49,1255.96,1256.85,1255.86,1256.85,9260.0
09:50,1253.6,1255.56,1253.3,1255.3,11794.0
09:51,1254.43,1255.3,1253.56,1253.56,14662.0
09:52,1253.54,1254.73,1253.34,1254.43,8595.0
09:53,1253.38,1253.64,1252.96,1253.04,19603.0
09:54,1252.73,1254.27,1251.7,1254.27,7534.0
09:55,1254.05,1254.05,1251.0,1251.76,24262.0
09:56,1251.59,1253.3,1251.4,1253.3,5737.0
09:57,1251.02,1252.32,1251.0,1251.67,10512.0
09:58,1253.98,1254.0,1253.77,1254.0,19592.0
09:59,1252.85,1253.98,1251.14,1253.39,8428.0
10:00,1254.77,1255.0,1251.72,1251.72,12685.0
10:01,1253.6,1255.09,1253.6,1254.77,4805.0
10:02,1255.64,1256.0,1252.68,1254.42,7035.0
10:03,1256.92,1256.92,1255.54,1255.63,3675.0
10:04,1255.0,1256.94,1255.0,1255.71,8937.0
10:05,1255.97,1255.97,1255.62,1255.76,3088.0
10:06,1255.66,1256.7,1255.66,1256.12,5672.0
10:07,1256.61,1256.94,1256.3,1256.3,3395.0
10:08,1256.44,1257.49,1256.3,1256.3,4370.0
10:09,1257.19,1257.89,1256.78,1257.89,1507.0
10:10,1258.71,1258.78,1257.0,1257.19,25469.0
10:11,1257.97,1259.0,1257.9,1258.53,13799.0
10:12,1258.92,1258.96,1256.89,1258.29,17313.0
10:13,1259.24,1259.37,1258.61,1258.83,4915.0
10:14,1257.9,1259.23,1257.87,1259.23,10429.0
10:15,1259.06,1259.06,1258.3,1259.0,3592.0
10:16,1257.34,1258.9,1256.85,1257.2,10719.0
10:17,1257.12,1257.12,1256.54,1256.54,4821.0
10:18,1255.79,1257.06,1255.65,1256.76,12135.0
10:19,1256.58,1256.69,1255.34,1256.0,8418.0
10:20,1256.7,1257.03,1256.0,1257.03,3585.0
10:21,1257.47,1257.47,1256.7,1256.89,3744.0
10:22,1258.25,1258.25,1255.73,1256.0,5464.0
10:23,1258.38,1258.38,1256.98,1258.08,6724.0
10:24,1257.39,1257.39,1256.97,1256.97,1760.0
10:25,1257.24,1258.15,1257.24,1257.75,1617.0
10:26,1257.99,1257.99,1257.24,1257.24,3017.0
10:27,1257.27,1258.29,1257.27,1258.29,2918.0
10:28,1257.05,1257.4,1256.8,1257.36,4098.0
10:29,1257.3,1257.3,1256.91,1256.91,1574.0
10:30,1258.94,1259.13,1257.36,1257.36,5523.0
10:31,1259.84,1259.84,1258.77,1259.18,4070.0
10:32,1260.05,1261.0,1259.38,1259.47,15275.0
10:33,1260.29,1260.59,1260.0,1260.59,5926.0
10:34,1262.0,1262.15,1260.67,1260.69,8417.0
10:35,1261.94,1262.0,1260.16,1262.0,3571.0
10:36,1262.0,1262.2,1260.92,1262.2,11457.0
10:37,1261.17,1262.02,1261.17,1262.02,2639.0
10:38,1262.46,1263.2,1262.0,1262.02,13650.0
10:39,1261.87,1262.24,1261.72,1262.07,6386.0
10:40,1260.89,1261.92,1260.89,1261.69,7648.0
10:41,1260.62,1260.62,1260.17,1260.17,980.0
10:42,1261.0,1261.0,1259.9,1260.62,8185.0
10:43,1260.18,1260.35,1260.18,1260.35,550.0
10:44,1260.02,1260.31,1260.02,1260.21,3087.0
10:45,1260.51,1260.6,1260.02,1260.02,3166.0
10:46,1260.67,1260.67,1260.48,1260.48,2775.0
10:47,1261.92,1261.92,1260.66,1260.66,2455.0
10:48,1262.17,1262.96,1261.25,1261.25,5208.0
10:49,1264.14,1264.14,1262.12,1262.12,14536.0
10:50,1263.47,1264.76,1263.47,1264.5,5177.0
10:51,1261.43,1263.36,1261.11,1263.06,4325.0
10:52,1261.86,1262.02,1260.74,1261.42,4284.0
10:53,1262.47,1262.47,1261.53,1261.53,4443.0
10:54,1260.94,1261.72,1260.94,1261.72,4302.0
10:55,1262.15,1262.15,1260.03,1260.94,5094.0
10:56,1261.44,1261.47,1260.93,1260.93,2540.0
10:57,1260.94,1261.19,1260.94,1260.98,3210.0
10:58,1260.12,1260.5,1259.99,1260.0,5018.0
10:59,1260.38,1260.51,1259.0,1259.88,5703.0
11:00,1260.81,1261.36,1260.31,1260.31,17933.0
11:01,1261.5,1262.0,1261.15,1261.15,4863.0
11:02,1260.84,1261.51,1260.82,1261.51,2384.0
11:03,1261.51,1261.51,1260.67,1260.67,1900.0
11:04,1260.6,1261.64,1260.6,1261.07,3596.0
11:05,1260.05,1261.25,1260.05,1260.5,3281.0
11:06,1262.45,1262.45,1261.71,1261.95,6374.0
11:07,1263.2,1263.2,1262.31,1262.33,3867.0
11:08,1263.13,1263.81,1263.13,1263.56,4118.0
11:09,1262.15,1262.95,1262.15,1262.95,2930.0
11:10,1262.74,1263.0,1262.15,1262.57,9199.0
11:11,1262.73,1263.04,1262.67,1263.04,2403.0
11:12,1263.09,1263.09,1262.67,1262.67,9284.0
11:13,1264.19,1265.0,1262.88,1262.88,30454.0
11:14,1266.24,1266.24,1263.38,1263.38,10527.0
11:15,1265.92,1266.28,1265.57,1266.24,6040.0
11:16,1264.36,1266.31,1262.43,1265.65,18130.0
11:17,1263.9,1264.04,1263.43,1264.04,4591.0
11:18,1264.1,1264.1,1264.1,1264.1,2835.0
11:19,1263.12,1263.74,1263.12,1263.74,3619.0
11:20,1262.08,1262.85,1261.39,1262.85,6849.0
11:21,1261.72,1261.79,1261.68,1261.79,2115.0
11:22,1261.04,1262.64,1261.0,1261.54,8038.0
11:23,1261.78,1262.09,1260.85,1261.68,23637.0
11:24,1261.56,1262.19,1261.25,1261.81,6733.0
11:25,1261.78,1261.78,1261.56,1261.56,3556.0
11:26,1264.01,1264.92,1262.52,1262.8,2782.0
11:27,1264.22,1264.22,1263.16,1264.01,4640.0
11:28,1263.5,1264.23,1263.24,1263.81,10567.0
11:29,1265.91,1265.91,1264.2,1265.0,7076.0
11:30,1263.34,1265.15,1263.16,1265.15,5442.0
11:31,1264.6,1264.85,1263.13,1263.51,12419.0
11:32,1263.24,1265.62,1263.24,1264.62,4364.0
11:33,1262.57,1263.55,1262.0,1263.55,13950.0
11:34,1261.56,1262.0,1260.95,1262.0,5527.0
11:35,1260.0,1261.15,1259.78,1260.3,7628.0
11:36,1258.97,1259.6,1258.26,1259.09,8181.0
11:37,1258.24,1258.86,1257.41,1258.86,10331.0
11:38,1258.83,1258.85,1257.85,1258.31,4070.0
11:39,1260.19,1260.19,1259.42,1259.42,4044.0
11:40,1259.94,1260.4,1258.83,1259.37,4752.0
11:41,1260.45,1262.18,1259.78,1260.15,4547.0
11:42,1262.0,1262.12,1261.96,1261.96,1681.0
11:43,1262.36,1262.36,1261.51,1262.18,1625.0
11:44,1262.31,1262.4,1261.63,1262.4,3745.0
11:45,1263.36,1263.36,1262.0,1262.69,6747.0
11:46,1262.93,1262.93,1262.73,1262.73,2396.0
11:47,1262.46,1263.22,1262.46,1262.75,3731.0
11:48,1262.46,1263.22,1262.46,1262.51,3041.0
11:49,1262.93,1263.22,1262.9,1263.22,5494.0
11:50,1263.92,1263.92,1262.93,1263.35,4432.0
11:51,1263.24,1263.53,1262.81,1263.53,2588.0
11:52,1260.29,1263.04,1260.29,1263.04,5559.0
11:53,1260.88,1261.02,1260.88,1260.92,2747.0
11:54,1260.56,1261.21,1260.56,1260.88,2118.0
11:55,1264.0,1264.0,1262.66,1263.39,13509.0
11:56,1262.27,1263.5,1261.81,1263.5,7085.0
11:57,1262.39,1262.39,1262.22,1262.22,2134.0
11:58,1262.06,1262.69,1261.92,1262.42,2519.0
11:59,1262.02,1262.88,1262.02,1262.88,1670.0
12:00,1262.0,1262.02,1261.51,1261.52,5852.0
12:01,1262.1,1262.1,1261.97,1261.97,2459.0
12:02,1261.73,1262.34,1261.73,1262.31,1269.0
12:03,1261.88,1262.3,1261.88,1261.88,7235.0
12:04,1261.23,1261.45,1261.23,1261.45,1656.0
12:05,1262.43,1262.43,1261.69,1261.77,12387.0
12:06,1263.61,1264.12,1262.95,1263.14,4614.0
12:07,1264.0,1264.05,1263.17,1263.37,8974.0
12:08,1263.3,1263.54,1263.3,1263.54,3246.0
12:09,1263.62,1263.62,1262.45,1262.89,4126.0
12:10,1263.05,1263.66,1263.01,1263.66,2427.0
12:11,1263.51,1264.01,1262.92,1263.25,7687.0
12:12,1264.24,1264.35,1263.97,1263.97,1070.0
12:13,1264.68,1264.68,1264.19,1264.19,5052.0
12:14,1263.88,1263.88,1263.88,1263.88,1826.0
12:15,1264.25,1264.25,1264.25,1264.25,720.0
12:16,1265.0,1265.0,1263.35,1263.35,6020.0
12:17,1265.31,1265.73,1264.8,1264.8,4454.0
12:18,1264.94,1265.02,1264.94,1265.01,2632.0
12:19,1264.48,1264.62,1264.39,1264.62,2018.0
12:20,1264.0,1264.01,1264.0,1264.01,2476.0
12:21,1263.16,1264.82,1263.16,1263.94,2684.0
12:22,1262.79,1263.0,1262.79,1263.0,2206.0
12:23,1264.07,1264.07,1262.79,1262.79,1663.0
12:24,1263.45,1263.45,1263.08,1263.15,2888.0
12:25,1262.82,1262.82,1262.82,1262.82,469.0
12:26,1262.97,1262.97,1261.96,1261.96,2436.0
12:27,1263.38,1263.38,1262.65,1262.65,5025.0
12:28,1262.96,1263.28,1262.96,1263.14,1316.0
12:29,1263.23,1263.26,1263.22,1263.22,1529.0
12:30,1262.74,1263.84,1262.74,1263.23,4482.0
12:31,1263.03,1263.1,1262.69,1262.69,4196.0
12:32,1262.96,1263.08,1262.96,1263.08,7865.0
12:33,1262.49,1262.94,1262.21,1262.94,4342.0
12:34,1261.86,1261.86,1261.86,1261.86,397.0
12:35,1261.0,1262.38,1261.0,1262.38,1222.0
12:36,1261.69,1262.06,1261.28,1261.28,2350.0
12:37,1261.76,1261.88,1261.0,1261.66,9695.0
12:38,1261.92,1262.73,1261.76,1261.76,3688.0
12:39,1262.38,1262.38,1261.89,1261.89,687.0
12:40,1261.24,1262.43,1261.24,1262.43,3355.0
12:41,1261.72,1261.72,1261.25,1261.41,5144.0
12:42,1262.22,1262.22,1261.1,1261.63,3179.0
12:43,1262.22,1262.22,1262.22,1262.22,1254.0
12:44,1262.14,1262.41,1262.14,1262.27,3558.0
12:45,1261.75,1262.35,1261.75,1262.35,2450.0
12:46,1259.76,1261.95,1259.69,1261.95,7299.0
12:47,1259.66,1259.84,1259.36,1259.82,2892.0
12:48,1260.49,1260.49,1259.56,1259.59,4371.0
12:49,1261.65,1261.65,1261.16,1261.16,1464.0
12:50,1261.43,1261.43,1261.43,1261.43,2810.0
12:51,1261.27,1261.44,1260.97,1261.11,6009.0
12:52,1261.95,1261.95,1261.44,1261.6,2368.0
12:53,1260.38,1261.51,1260.38,1261.51,3502.0
12:54,1260.61,1260.66,1260.41,1260.66,1090.0
12:55,1260.05,1260.79,1260.03,1260.31,2732.0
12:56,1261.05,1261.05,1260.6,1260.6,3316.0
12:57,1260.79,1260.79,1260.79,1260.79,795.0
12:58,1260.78,1260.78,1260.0,1260.43,3140.0
12:59,1261.92,1262.01,1261.09,1261.56,3487.0
13:00,1262.0,1262.56,1261.9,1262.05,8779.0
13:01,1262.01,1262.4,1261.76,1262.4,2632.0
13:02,1261.73,1262.07,1261.73,1261.73,1667.0
13:03,1261.71,1261.91,1261.54,1261.7,3345.0
13:04,1261.85,1261.85,1261.75,1261.79,1956.0
13:05,1261.25,1261.81,1261.25,1261.8,10286.0
13:06,1259.65,1261.1,1259.62,1261.09,8719.0
13:07,1259.8,1260.07,1259.1,1260.07,4890.0
13:08,1260.48,1260.48,1259.54,1259.54,15407.0
13:09,1259.56,1259.69,1259.56,1259.69,769.0
13:10,1259.56,1259.56,1259.56,1259.56,524.0
13:11,1259.15,1259.86,1259.15,1259.56,6292.0
13:12,1258.72,1259.38,1258.72,1259.38,4557.0
13:13,1258.51,1258.99,1258.45,1258.99,2682.0
13:14,1257.62,1258.45,1257.0,1258.45,12464.0
13:15,1259.5,1259.84,1257.4,1257.6,26160.0
13:16,1258.51,1258.76,1258.16,1258.64,3319.0
13:17,1258.49,1258.55,1258.35,1258.37,3827.0
13:18,1258.3,1258.49,1258.29,1258.49,1728.0
13:19,1256.6,1258.3,1256.6,1257.75,5959.0
13:20,1258.12,1258.12,1257.3,1257.36,8854.0
13:21,1258.5,1258.5,1258.12,1258.12,3799.0
13:22,1258.73,1259.5,1258.51,1258.51,5275.0
13:23,1259.12,1259.44,1258.75,1258.83,3749.0
13:24,1259.53,1259.53,1258.77,1258.79,8807.0
13:25,1259.74,1260.22,1259.28,1260.02,13479.0
13:26,1259.73,1260.22,1259.17,1259.94,24289.0
13:27,1259.34,1260.3,1259.02,1259.02,5422.0
13:28,1259.78,1260.13,1259.78,1260.12,4478.0
13:29,1259.67,1260.44,1259.67,1260.0,5598.0
13:30,1258.55,1260.46,1258.4,1260.46,8399.0
13:31,1258.82,1259.57,1258.0,1259.57,9898.0
13:32,1259.21,1259.21,1258.52,1258.72,5948.0
13:33,1258.71,1259.09,1258.37,1258.85,4306.0
13:34,1258.22,1258.98,1258.22,1258.98,2665.0
13:35,1257.19,1258.4,1257.19,1258.4,3801.0
13:36,1256.9,1257.66,1256.9,1257.66,4001.0
13:37,1255.98,1257.56,1255.3,1256.95,27901.0
13:38,1256.1,1256.55,1255.3,1255.3,4197.0
13:39,1255.42,1256.11,1254.9,1256.09,10427.0
13:40,1255.02,1255.02,1254.95,1254.95,2003.0
13:41,1253.7,1255.03,1253.7,1255.03,5746.0
13:42,1254.21,1254.23,1253.04,1253.98,24183.0
13:43,1255.33,1256.69,1255.17,1255.17,4440.0
13:44,1255.37,1255.97,1255.13,1255.26,2977.0
13:45,1254.47,1255.25,1254.26,1255.25,11077.0
13:46,1254.5,1254.59,1254.26,1254.3,5796.0
13:47,1254.5,1254.5,1254.5,1254.5,1004.0
13:48,1254.46,1254.5,1254.34,1254.34,1867.0
13:49,1254.55,1254.99,1254.01,1254.22,11196.0
13:50,1254.91,1255.19,1254.79,1254.91,3233.0
13:51,1255.21,1255.21,1254.96,1254.97,2242.0
13:52,1255.65,1255.82,1255.42,1255.42,4100.0
13:53,1255.98,1256.0,1255.32,1256.0,8044.0
13:54,1256.98,1256.98,1256.27,1256.27,2321.0
13:55,1257.04,1257.04,1256.75,1256.75,2414.0
13:56,1257.0,1257.09,1257.0,1257.09,943.0
13:57,1257.08,1257.3,1257.08,1257.3,4451.0
13:58,1257.63,1257.74,1257.4,1257.74,1493.0
13:59,1257.22,1257.63,1256.72,1257.63,10853.0
14:00,1257.29,1257.4,1257.29,1257.4,3181.0
14:01,1258.0,1258.0,1257.42,1257.44,1864.0
14:02,1257.99,1257.99,1257.7,1257.98,3246.0
14:03,1258.5,1258.74,1257.7,1257.7,3143.0
14:04,1259.49,1259.97,1258.91,1258.91,7362.0
14:05,1259.76,1259.76,1259.76,1259.76,1427.0
14:06,1258.97,1259.98,1258.92,1259.93,11247.0
14:07,1258.26,1258.93,1258.26,1258.91,6869.0
14:08,1259.06,1259.55,1259.02,1259.02,3430.0
14:09,1258.98,1259.04,1258.98,1259.02,2511.0
14:10,1259.17,1259.34,1258.98,1259.17,2791.0
14:11,1259.01,1259.16,1258.54,1259.16,4317.0
14:12,1259.35,1259.35,1259.01,1259.01,1215.0
14:13,1259.19,1259.59,1259.19,1259.45,4982.0
14:14,1259.67,1259.67,1259.54,1259.54,771.0
14:15,1259.69,1260.0,1259.67,1260.0,5192.0
14:16,1259.7,1259.82,1259.57,1259.82,2931.0
14:17,1260.0,1260.0,1260.0,1260.0,678.0
14:18,1259.83,1260.03,1259.71,1260.03,1466.0
14:19,1259.51,1260.0,1259.41,1259.67,6550.0
14:20,1259.4,1259.58,1259.4,1259.46,3397.0
14:21,1259.5,1259.5,1259.25,1259.3,5452.0
14:22,1259.99,1259.99,1259.96,1259.96,2253.0
14:23,1259.97,1259.97,1259.56,1259.59,2032.0
14:24,1259.77,1260.0,1259.6,1259.6,4583.0
14:25,1259.59,1259.87,1259.36,1259.87,3642.0
14:26,1259.59,1260.0,1259.19,1259.19,2069.0
14:27,1259.36,1260.0,1259.36,1260.0,5741.0
14:28,1259.68,1259.68,1259.68,1259.68,1938.0
14:29,1260.15,1260.15,1260.0,1260.0,2408.0
14:30,1260.45,1260.99,1260.45,1260.99,3453.0
14:31,1259.9,1260.1,1259.8,1260.06,4010.0
14:32,1258.95,1259.28,1258.82,1259.28,56678.0
14:33,1258.39,1259.01,1258.05,1258.69,8079.0
14:34,1259.3,1259.35,1259.3,1259.35,1292.0
14:35,1259.03,1259.65,1259.03,1259.65,4670.0
14:36,1259.03,1259.03,1259.03,1259.03,3262.0
14:37,1258.16,1259.03,1258.16,1259.03,2022.0
14:38,1258.23,1258.64,1257.81,1258.64,3582.0
14:39,1257.69,1258.23,1257.59,1258.23,5476.0
14:40,1258.0,1258.22,1257.69,1257.7,5084.0
14:41,1258.53,1258.53,1258.0,1258.0,2174.0
14:42,1258.42,1258.59,1258.42,1258.59,5094.0
14:43,1258.41,1258.41,1258.41,1258.41,916.0
14:44,1258.41,1258.41,1258.41,1258.41,1469.0
14:45,1259.0,1259.0,1258.42,1258.42,1193.0
14:46,1257.46,1258.07,1257.46,1257.84,4028.0
14:47,1257.88,1257.88,1257.17,1257.44,1945.0
14:48,1257.17,1257.85,1257.17,1257.85,2283.0
14:49,1257.6,1257.76,1257.17,1257.76,4957.0
14:50,1257.66,1258.01,1257.17,1258.01,7438.0
14:51,1258.03,1258.29,1256.04,1257.66,27319.0
14:52,1257.24,1258.11,1257.22,1257.75,4223.0
14:53,1257.86,1257.86,1257.86,1257.86,366.0
14:54,1258.41,1258.41,1257.48,1257.86,5258.0
14:55,1258.5,1258.5,1258.15,1258.49,3292.0
14:56,1259.26,1259.26,1258.5,1258.51,5295.0
14:57,1259.44,1259.44,1259.02,1259.27,1559.0
14:58,1259.43,1259.44,1259.43,1259.44,2548.0
14:59,1260.33,1260.33,1259.4,1259.69,5916.0
15:00,1260.09,1260.98,1259.4,1260.34,9580.0
15:01,1260.1,1260.1,1259.4,1259.4,5489.0
15:02,1259.52,1260.46,1259.52,1260.15,3569.0
15:03,1260.96,1260.96,1259.53,1259.6,11349.0
15:04,1259.84,1261.35,1259.57,1260.32,23361.0
15:05,1259.02,1260.67,1259.01,1260.54,4126.0
15:06,1259.17,1260.33,1259.02,1260.33,2937.0
15:07,1259.21,1259.77,1258.5,1259.46,19235.0
15:08,1258.6,1258.6,1258.38,1258.38,2026.0
15:09,1258.87,1258.87,1258.76,1258.76,3630.0
15:10,1259.14,1259.14,1259.14,1259.14,5233.0
15:11,1258.98,1259.14,1258.98,1259.14,3330.0
15:12,1258.08,1258.98,1258.0,1258.98,7075.0
15:13,1258.47,1259.07,1258.27,1258.4,17151.0
15:14,1259.05,1259.46,1258.47,1258.47,6681.0
15:15,1259.42,1259.42,1259.41,1259.41,1603.0
15:16,1258.74,1259.34,1258.57,1259.24,5687.0
15:17,1258.81,1258.92,1258.41,1258.92,5969.0
15:18,1259.3,1259.52,1258.81,1258.81,3323.0
15:19,1259.21,1259.59,1259.21,1259.59,3050.0
15:20,1260.12,1260.12,1258.9,1258.95,3649.0
15:21,1261.1,1261.1,1260.24,1260.97,1731.0
15:22,1260.6,1261.28,1260.6,1261.09,3128.0
15:23,1257.55,1260.2,1257.26,1260.2,18840.0
15:24,1257.54,1257.98,1257.0,1257.36,9301.0
15:25,1257.5,1258.18,1257.21,1257.37,2712.0
15:26,1257.5,1258.85,1257.5,1258.18,2520.0
15:27,1257.28,1258.52,1257.28,1257.63,3947.0
15:28,1257.74,1257.74,1257.28,1257.28,1240.0
15:29,1257.89,1258.2,1257.28,1257.74,7671.0
15:30,1257.51,1257.76,1257.5,1257.5,5785.0
15:31,1255.85,1258.0,1255.09,1257.76,19429.0
15:32,1255.02,1256.55,1255.0,1256.55,6472.0
15:33,1254.71,1255.53,1254.0,1255.34,25450.0
15:34,1254.24,1255.37,1254.24,1254.83,3226.0
15:35,1254.86,1255.48,1254.85,1254.87,7160.0
15:36,1254.83,1255.15,1254.55,1255.09,4451.0
15:37,1255.62,1255.62,1254.71,1254.85,6236.0
15:38,1255.49,1255.57,1254.98,1255.12,4371.0
15:39,1255.4,1255.77,1255.06,1255.34,4279.0
15:40,1256.68,1256.72,1255.4,1255.4,10836.0
15:41,1256.71,1256.85,1256.68,1256.85,6129.0
15:42,1256.57,1256.75,1256.5,1256.75,2914.0
15:43,1257.0,1257.0,1256.57,1256.57,6182.0
15:44,1257.84,1257.84,1257.55,1257.59,3922.0
15:45,1256.43,1257.33,1256.43,1257.33,15972.0
15:46,1256.78,1257.03,1256.47,1256.6,7304.0
15:47,1257.41,1257.41,1256.23,1256.33,12559.0
15:48,1257.02,1257.41,1256.9,1257.41,9838.0
15:49,1257.38,1257.38,1256.78,1257.23,3690.0
15:50,1254.19,1257.1,1253.34,1257.1,30416.0
15:51,1253.8,1254.33,1253.29,1254.2,16281.0
15:52,1252.48,1253.73,1251.77,1253.53,27491.0
15:53,1252.17,1252.79,1252.1,1252.48,11914.0
15:54,1251.9,1252.56,1251.72,1252.48,18296.0
15:55,1251.04,1251.77,1250.7,1251.77,39670.0
15:56,1250.21,1251.2,1250.0,1250.94,33165.0
15:57,1250.82,1250.96,1249.82,1250.17,29867.0
15:58,1251.3,1252.1,1250.82,1250.82,31772.0
15:59,1250.24,1251.44,1250.24,1251.44,74972.0
