Time,Close,High,Low,Open,Volume
09:30,300.07,300.74,297.5,297.5,1491635.0
09:31,299.72,300.19,299.34,299.92,172145.0
09:32,300.0,300.48,299.01,299.69,196084.0
09:33,299.99,300.05,299.31,299.87,94292.0
09:34,300.71,300.99,299.88,299.94,133055.0
09:35,300.14,301.4,300.12,300.67,250270.0
09:36,300.45,300.53,299.81,300.15,160760.0
09:37,300.42,301.13,300.29,300.6,85169.0
09:38,301.55,301.75,300.45,300.47,106932.0
09:39,301.51,302.19,301.3,301.5,122695.0
09:40,300.69,301.67,300.64,301.59,94055.0
09:41,300.74,301.11,300.6,300.66,107074.0
09:42,301.16,301.5,300.69,300.76,80908.0
09:43,300.99,301.69,300.89,301.17,74498.0
09:44,300.46,301.2,300.11,300.99,66364.0
09:45,300.46,300.75,300.4,300.51,59999.0
09:46,300.51,300.53,300.12,300.46,56682.0
09:47,300.26,300.67,300.17,300.49,48347.0
09:48,300.05,300.73,299.9,300.25,179179.0
09:49,299.83,300.1,299.34,300.04,92034.0
09:50,299.4,300.05,299.25,299.88,73238.0
09:51,299.9,300.04,299.33,299.48,68980.0
09:52,300.7,300.7,299.89,299.92,88110.0
09:53,300.38,300.8,300.33,300.73,47034.0
09:54,300.68,300.99,300.37,300.39,59918.0
09:55,300.52,300.78,300.45,300.76,36688.0
09:56,300.49,300.65,300.36,300.55,32605.0
09:57,300.33,300.79,300.25,300.64,52774.0
09:58,300.99,301.17,300.36,300.42,66731.0
09:59,301.2,301.36,300.92,300.92,54269.0
10:00,300.84,301.47,300.83,301.3,44745.0
10:01,300.2,300.91,300.2,300.91,52647.0
10:02,299.84,300.29,299.84,300.29,62602.0
10:03,299.48,299.89,299.26,299.88,46826.0
10:04,299.38,299.43,299.01,299.37,47155.0
10:05,299.26,299.68,299.1,299.5,46421.0
10:06,298.81,299.26,298.75,299.26,45247.0
10:07,299.15,299.28,298.73,298.8,40391.0
10:08,299.66,299.66,299.15,299.28,24985.0
10:09,299.85,300.05,299.59,299.75,57640.0
10:10,299.73,299.83,299.4,299.75,33764.0
10:11,299.64,299.85,299.58,299.83,28679.0
10:12,300.07,300.17,299.65,299.65,55946.0
10:13,299.54,299.59,299.33,299.33,90450.0
10:14,299.01,299.01,299.01,299.01,124954.0
10:15,299.1,299.49,298.91,298.91,25743.0
10:16,299.09,299.29,298.76,299.1,22255.0
10:17,298.58,299.2,298.53,299.2,35697.0
10:18,298.89,299.02,298.58,298.58,36563.0
10:19,299.02,299.07,298.86,298.95,25959.0
10:20,298.87,299.12,298.62,299.08,491585.0
10:21,299.16,299.16,298.76,298.76,42088.0
10:22,299.19,299.23,298.92,299.1,61047.0
10:23,299.26,299.58,299.25,299.27,48672.0
10:24,299.64,299.98,299.35,299.35,40864.0
10:25,299.49,299.77,299.43,299.68,28703.0
10:26,299.81,299.81,299.18,299.52,69800.0
10:27,299.38,299.81,299.2,299.81,56000.0
10:28,299.15,299.45,298.97,299.34,35693.0
10:29,299.2,299.36,299.09,299.15,24475.0
10:30,299.61,299.69,299.27,299.27,16203.0
10:31,299.27,299.75,299.27,299.59,36859.0
10:32,299.33,299.37,299.06,299.29,20092.0
10:33,299.38,299.44,299.12,299.38,16881.0
10:34,299.45,299.52,299.32,299.38,43315.0
10:35,299.8,299.8,299.36,299.52,53047.0
10:36,299.6,299.92,299.48,299.77,31588.0
10:37,299.79,299.81,299.53,299.65,28038.0
10:38,299.82,299.88,299.58,299.68,19542.0
10:39,300.11,300.19,299.74,299.74,80293.0
10:40,300.45,300.6,300.01,300.09,40475.0
10:41,300.45,300.68,300.25,300.6,22026.0
10:42,300.6,300.6,300.32,300.43,28502.0
10:43,300.28,300.6,300.17,300.51,37059.0
10:44,299.82,300.28,299.79,300.27,29076.0
10:45,300.3,300.38,299.73,299.82,19149.0
10:46,300.2,300.3,300.01,300.23,17216.0
10:47,300.19,300.27,300.1,300.25,16865.0
10:48,300.01,300.18,299.96,300.14,33559.0
10:49,299.9,300.03,299.8,300.03,17870.0
10:50,299.46,299.95,299.37,299.93,34597.0
10:51,299.24,299.54,299.24,299.45,26841.0
10:52,299.21,299.4,299.17,299.34,29680.0
10:53,298.93,299.23,298.83,299.21,44976.0
10:54,298.96,299.09,298.9,298.93,150657.0
10:55,298.46,298.98,298.33,298.98,61158.0
10:56,298.3,298.41,298.05,298.41,37712.0
10:57,298.2,298.3,297.98,298.3,47791.0
10:58,298.33,298.47,298.11,298.11,35429.0
10:59,298.0,298.41,297.87,298.38,56453.0
11:00,298.21,298.34,297.92,297.99,31261.0
11:01,297.91,298.37,297.87,298.26,43527.0
11:02,297.9,298.05,297.8,297.94,24356.0
11:03,297.81,297.88,297.5,297.88,27566.0
11:04,297.56,297.83,297.5,297.75,19370.0
11:05,297.11,297.6,297.04,297.6,34881.0
11:06,297.8,297.82,297.1,297.1,36607.0
11:07,297.61,297.88,297.51,297.83,187055.0
11:08,297.61,297.64,297.39,297.58,19251.0
11:09,297.14,297.31,297.13,297.31,22038.0
11:10,297.48,297.5,297.01,297.11,37932.0
11:11,297.64,297.65,297.25,297.42,23484.0
11:12,297.58,297.94,297.58,297.71,16992.0
11:13,298.0,298.04,297.49,297.61,26555.0
11:14,297.62,297.96,297.52,297.91,49399.0
11:15,297.07,297.61,297.07,297.52,20179.0
11:16,297.17,297.27,296.88,297.0,37097.0
11:17,297.19,297.28,297.0,297.17,40274.0
11:18,296.84,297.2,296.84,297.14,39189.0
11:19,296.84,297.09,296.68,296.85,32981.0
11:20,297.24,297.24,296.87,296.87,41027.0
11:21,297.14,297.42,297.08,297.25,22619.0
11:22,297.1,297.33,297.03,297.18,38868.0
11:23,296.98,297.07,296.81,297.03,40532.0
11:24,296.78,297.03,296.7,297.03,22988.0
11:25,296.42,296.81,296.3,296.76,34982.0
11:26,296.25,296.47,295.9,296.41,48568.0
11:27,295.78,296.28,295.63,296.08,36840.0
11:28,295.54,295.77,295.52,295.61,40045.0
11:29,295.88,296.04,295.5,295.56,61524.0
11:30,295.89,296.12,295.8,295.83,44013.0
11:31,295.56,295.9,295.45,295.85,39428.0
11:32,296.15,296.19,295.38,295.44,89120.0
11:33,296.61,296.68,296.02,296.19,37885.0
11:34,296.4,296.76,296.38,296.64,15274.0
11:35,296.13,296.47,296.13,296.37,17962.0
11:36,295.75,296.17,295.7,296.17,20992.0
11:37,295.95,295.95,295.51,295.64,29972.0
11:38,296.03,296.08,295.79,295.95,23185.0
11:39,295.96,296.19,295.96,296.08,19669.0
11:40,295.88,296.15,295.83,295.95,22079.0
11:41,295.26,295.9,295.24,295.9,30208.0
11:42,295.03,295.53,295.0,295.35,66505.0
11:43,295.04,295.16,294.87,295.04,71730.0
11:44,295.42,295.55,294.93,294.93,36514.0
11:45,295.71,295.79,295.42,295.61,20010.0
11:46,295.46,295.73,295.46,295.66,17589.0
11:47,296.0,296.05,295.37,295.43,32532.0
11:48,296.18,296.32,295.93,295.98,25847.0
11:49,296.52,296.61,296.21,296.29,61714.0
11:50,296.5,296.63,296.36,296.52,28423.0
11:51,296.39,296.52,296.21,296.5,42600.0
11:52,296.22,296.59,296.22,296.41,12947.0
11:53,296.76,296.76,296.23,296.23,23422.0
11:54,297.14,297.17,296.63,296.8,19119.0
11:55,297.37,297.45,297.1,297.14,29652.0
11:56,297.06,297.47,297.06,297.37,19301.0
11:57,296.88,297.13,296.8,297.06,24693.0
11:58,296.93,297.08,296.85,296.85,18027.0
11:59,297.07,297.25,296.84,296.93,17123.0
12:00,297.58,297.58,296.97,297.0,16482.0
12:01,296.88,297.6,296.72,297.53,32368.0
12:02,296.75,296.88,296.65,296.76,9565.0
12:03,296.61,296.94,296.61,296.77,28575.0
12:04,296.74,296.82,296.45,296.59,39153.0
12:05,296.66,296.89,296.66,296.77,17193.0
12:06,296.76,296.77,296.56,296.67,13780.0
12:07,296.51,296.82,296.3,296.81,13316.0
12:08,296.32,296.51,296.29,296.39,18306.0
12:09,296.4,296.47,296.35,296.35,9631.0
12:10,296.52,296.62,296.44,296.45,21783.0
12:11,296.36,296.6,296.28,296.52,21924.0
12:12,295.97,296.37,295.97,296.36,22899.0
12:13,296.24,296.33,296.0,296.05,23521.0
12:14,296.22,296.33,296.19,296.23,7627.0
12:15,296.32,296.39,296.19,296.23,11853.0
12:16,296.45,296.57,296.31,296.32,13750.0
12:17,296.62,296.73,296.4,296.4,17188.0
12:18,296.81,296.88,296.52,296.66,31247.0
12:19,296.9,296.97,296.81,296.95,9518.0
12:20,296.9,297.07,296.82,296.98,22503.0
12:21,296.84,296.95,296.79,296.93,9957.0
12:22,296.81,296.86,296.76,296.84,6556.0
12:23,296.93,296.97,296.82,296.82,8953.0
12:24,296.87,296.96,296.86,296.93,12295.0
12:25,296.84,296.92,296.8,296.87,6657.0
12:26,296.92,296.95,296.71,296.83,10322.0
12:27,296.75,296.93,296.72,296.93,12335.0
12:28,296.6,296.89,296.51,296.75,18381.0
12:29,296.68,296.81,296.64,296.65,15137.0
12:30,296.89,296.95,296.75,296.75,7500.0
12:31,296.81,296.93,296.79,296.92,8830.0
12:32,296.89,297.0,296.77,296.78,8543.0
12:33,296.76,297.0,296.76,296.9,6231.0
12:34,296.6,296.9,296.54,296.9,14315.0
12:35,296.69,296.7,296.32,296.55,21755.0
12:36,296.78,296.9,296.72,296.72,8310.0
12:37,296.73,296.94,296.73,296.93,9635.0
12:38,296.35,296.74,296.31,296.74,10852.0
12:39,296.3,296.45,296.16,296.37,28359.0
12:40,296.27,296.38,296.19,296.31,15631.0
12:41,296.58,296.62,296.27,296.27,12049.0
12:42,296.91,296.95,296.56,296.6,23583.0
12:43,296.79,296.95,296.77,296.91,26688.0
12:44,296.72,296.93,296.72,296.84,12982.0
12:45,296.64,296.95,296.58,296.85,13184.0
12:46,296.65,296.75,296.59,296.75,8732.0
12:47,296.96,296.96,296.7,296.71,7955.0
12:48,296.83,297.0,296.82,296.91,14999.0
12:49,296.8,296.86,296.7,296.83,9028.0
12:50,297.08,297.16,296.89,296.89,18487.0
12:51,296.98,297.18,296.98,297.05,12364.0
12:52,297.07,297.1,296.98,297.1,15209.0
12:53,296.95,297.15,296.89,297.09,16301.0
12:54,296.71,297.08,296.71,297.08,7741.0
12:55,296.87,296.9,296.68,296.73,16122.0
12:56,297.13,297.13,296.94,296.98,11245.0
12:57,297.11,297.2,296.91,297.13,11619.0
12:58,297.36,297.4,297.17,297.2,21711.0
12:59,297.61,297.61,297.36,297.36,20684.0
13:00,297.58,297.6,297.31,297.52,33053.0
13:01,297.69,297.84,297.6,297.65,25779.0
13:02,297.73,297.83,297.59,297.68,25899.0
13:03,297.57,297.77,297.57,297.7,13292.0
13:04,297.8,297.83,297.52,297.59,10441.0
13:05,297.89,298.0,297.78,297.79,29343.0
13:06,297.84,297.91,297.71,297.81,12100.0
13:07,297.93,297.96,297.74,297.84,16442.0
13:08,297.9,298.0,297.9,297.92,15245.0
13:09,297.97,298.1,297.86,297.92,27651.0
13:10,298.16,298.2,297.96,298.04,14313.0
13:11,298.27,298.27,298.1,298.14,13751.0
13:12,298.39,298.39,298.28,298.29,22626.0
13:13,298.48,298.6,298.3,298.39,23614.0
13:14,298.39,298.51,298.3,298.47,33671.0
13:15,298.55,298.6,298.39,298.39,8013.0
13:16,298.48,298.58,298.4,298.58,22164.0
13:17,298.42,298.57,298.42,298.52,15162.0
13:18,298.49,298.56,298.33,298.42,15582.0
13:19,298.43,298.62,298.43,298.52,16595.0
13:20,298.15,298.55,298.11,298.45,15618.0
13:21,298.02,298.15,297.81,298.15,19311.0
13:22,298.01,298.02,297.97,298.02,4519.0
13:23,298.07,298.09,297.95,298.0,9992.0
13:24,298.19,298.27,298.01,298.01,13457.0
13:25,298.23,298.23,298.06,298.23,11036.0
13:26,298.08,298.18,298.0,298.18,9281.0
13:27,298.18,298.21,298.01,298.08,13367.0
13:28,298.23,298.42,298.03,298.18,19437.0
13:29,298.14,298.28,298.08,298.21,13150.0
13:30,298.26,298.38,298.09,298.09,21603.0
13:31,298.21,298.32,298.14,298.27,8757.0
13:32,298.0,298.23,298.0,298.21,10649.0
13:33,297.95,298.13,297.9,298.0,12037.0
13:34,297.94,298.09,297.81,298.09,10070.0
13:35,297.88,297.94,297.83,297.83,18990.0
13:36,297.92,297.95,297.82,297.88,13072.0
13:37,297.86,297.93,297.82,297.92,7260.0
13:38,297.75,297.84,297.5,297.78,19124.0
13:39,297.67,297.76,297.64,297.75,7324.0
13:40,297.76,297.76,297.56,297.68,8103.0
13:41,297.77,297.92,297.76,297.77,13794.0
13:42,297.63,297.85,297.55,297.79,10171.0
13:43,297.49,297.55,297.31,297.52,11367.0
13:44,297.62,297.65,297.49,297.49,11800.0
13:45,297.71,297.86,297.58,297.64,13021.0
13:46,297.58,297.78,297.46,297.78,13945.0
13:47,297.79,297.82,297.52,297.62,10060.0
13:48,297.91,297.95,297.82,297.83,18413.0
13:49,297.93,297.97,297.82,297.91,31199.0
13:50,297.72,297.93,297.72,297.88,14123.0
13:51,297.97,297.98,297.71,297.72,8606.0
13:52,297.99,298.14,297.94,297.94,17539.0
13:53,298.09,298.11,297.96,297.99,9323.0
13:54,298.24,298.34,298.08,298.08,30085.0
13:55,298.57,298.66,298.17,298.19,19115.0
13:56,298.67,298.8,298.57,298.57,26332.0
13:57,298.66,298.75,298.56,298.67,33128.0
13:58,298.62,298.75,298.62,298.69,15405.0
13:59,298.58,298.58,298.46,298.55,17831.0
14:00,298.65,298.74,298.53,298.61,15112.0
14:01,298.89,298.89,298.66,298.66,12712.0
14:02,298.63,298.94,298.63,298.89,28935.0
14:03,298.89,298.94,298.63,298.68,10702.0
14:04,298.85,298.86,298.77,298.8,8359.0
14:05,298.64,298.87,298.61,298.87,24481.0
14:06,298.55,298.74,298.41,298.64,9350.0
14:07,298.58,298.6,298.46,298.48,14783.0
14:08,298.36,298.6,298.3,298.6,17082.0
14:09,298.17,298.29,298.13,298.29,18125.0
14:10,298.01,298.23,297.93,298.14,16858.0
14:11,297.99,298.18,297.96,298.02,36573.0
14:12,298.03,298.13,297.91,297.94,25124.0
14:13,298.12,298.16,298.03,298.03,24429.0
14:14,298.04,298.1,297.98,298.09,19598.0
14:15,297.97,298.02,297.81,298.02,23535.0
14:16,298.01,298.05,297.9,297.99,37104.0
14:17,297.84,298.06,297.84,297.99,16784.0
14:18,297.91,297.98,297.8,297.85,20193.0
14:19,297.79,297.91,297.7,297.9,12756.0
14:20,297.76,297.81,297.73,297.73,29925.0
14:21,297.71,297.88,297.66,297.76,157983.0
14:22,297.62,297.83,297.62,297.71,47253.0
14:23,297.68,297.72,297.54,297.64,47155.0
14:24,297.93,297.99,297.65,297.72,17941.0
14:25,297.82,297.96,297.79,297.93,13468.0
14:26,297.74,297.94,297.7,297.82,18382.0
14:27,297.69,297.76,297.61,297.68,10019.0
14:28,297.8,297.91,297.74,297.74,18082.0
14:29,298.1,298.16,297.78,297.78,36818.0
14:30,298.07,298.15,298.03,298.1,12951.0
14:31,298.2,298.2,297.95,298.04,40321.0
14:32,298.0,298.25,297.96,298.18,10557.0
14:33,298.06,298.06,297.93,297.99,40452.0
14:34,298.11,298.18,298.0,298.0,14857.0
14:35,298.04,298.11,297.96,298.11,55680.0
14:36,298.0,298.09,298.0,298.09,11282.0
14:37,298.01,298.08,297.96,298.05,35853.0
14:38,298.02,298.05,297.96,297.99,20338.0
14:39,298.01,298.06,297.98,297.98,16929.0
14:40,298.14,298.18,297.95,297.95,23840.0
14:41,297.98,298.22,297.9,298.2,64180.0
14:42,297.77,298.09,297.77,297.98,37913.0
14:43,297.7,297.85,297.7,297.77,17968.0
14:44,297.53,297.68,297.49,297.62,32873.0
14:45,297.7,297.78,297.42,297.49,14662.0
14:46,297.64,297.78,297.57,297.7,13841.0
14:47,297.3,297.69,297.27,297.63,19621.0
14:48,297.05,297.28,297.04,297.28,24009.0
14:49,297.02,297.09,296.89,297.02,22952.0
14:50,296.98,297.25,296.93,297.02,15900.0
14:51,297.03,297.09,296.89,296.98,8248.0
14:52,296.8,297.02,296.8,296.95,13863.0
14:53,297.04,297.11,296.8,296.8,44036.0
14:54,297.21,297.22,297.01,297.06,19457.0
14:55,297.23,297.33,297.11,297.25,18533.0
14:56,296.65,297.11,296.65,297.1,16601.0
14:57,296.7,296.9,296.65,296.67,21599.0
14:58,296.93,296.97,296.64,296.7,19934.0
14:59,296.77,296.94,296.64,296.94,51350.0
15:00,296.74,296.89,296.73,296.73,15144.0
15:01,296.73,296.83,296.69,296.8,27959.0
15:02,296.8,296.99,296.76,296.76,15570.0
15:03,296.59,296.87,296.58,296.85,17452.0
15:04,296.68,296.76,296.41,296.56,25073.0
15:05,296.93,297.0,296.68,296.68,31262.0
15:06,296.64,296.96,296.51,296.96,15755.0
15:07,296.9,296.93,296.72,296.72,18266.0
15:08,296.8,296.88,296.8,296.87,9365.0
15:09,296.89,296.92,296.69,296.88,26001.0
15:10,296.75,297.11,296.75,296.9,19154.0
15:11,296.77,296.83,296.55,296.75,25901.0
15:12,297.11,297.11,296.74,296.74,30664.0
15:13,297.09,297.17,296.91,297.09,91036.0
15:14,297.17,297.28,296.99,296.99,12147.0
15:15,296.76,297.23,296.65,297.18,46707.0
15:16,296.57,296.81,296.57,296.77,20866.0
15:17,296.55,296.68,296.46,296.6,36210.0
15:18,296.64,296.68,296.5,296.55,14107.0
15:19,296.68,296.82,296.63,296.64,14621.0
15:20,296.84,296.88,296.68,296.69,17821.0
15:21,296.9,296.96,296.8,296.87,24567.0
15:22,296.77,296.97,296.76,296.94,13316.0
15:23,296.82,296.82,296.73,296.79,11481.0
15:24,296.77,296.85,296.77,296.83,20477.0
15:25,296.71,296.76,296.53,296.76,40753.0
15:26,296.5,296.7,296.49,296.7,32871.0
15:27,296.48,296.55,296.35,296.51,51018.0
15:28,296.38,296.45,296.36,296.45,17835.0
15:29,296.44,296.46,296.33,296.38,28238.0
15:30,296.4,296.5,296.4,296.49,19744.0
15:31,296.3,296.4,296.26,296.35,28583.0
15:32,296.5,296.62,296.34,296.34,45392.0
15:33,296.68,296.73,296.4,296.5,41447.0
15:34,296.62,296.88,296.58,296.8,30231.0
15:35,296.66,296.74,296.48,296.62,66368.0
15:36,296.56,296.64,296.41,296.61,52738.0
15:37,296.5,296.71,296.5,296.61,24654.0
15:38,296.28,296.52,296.25,296.51,37710.0
15:39,296.42,296.45,296.23,296.3,72770.0
15:40,297.02,297.02,296.46,296.46,45049.0
15:41,296.88,296.93,296.6,296.61,62888.0
15:42,296.75,296.85,296.74,296.77,80728.0
15:43,296.63,296.89,296.62,296.75,47048.0
15:44,297.06,297.08,296.63,296.69,51676.0
15:45,297.36,297.39,297.06,297.06,65444.0
15:46,297.33,297.4,297.23,297.32,49335.0
15:47,297.33,297.48,297.29,297.32,51425.0
15:48,297.35,297.4,297.31,297.36,77329.0
15:49,297.47,297.73,297.3,297.37,89120.0
15:50,297.41,297.87,297.41,297.49,145376.0
15:51,297.27,297.46,297.2,297.4,86870.0
15:52,297.57,297.57,297.24,297.27,79447.0
15:53,297.49,297.67,297.23,297.57,69679.0
15:54,297.37,297.59,297.25,297.47,104172.0
15:55,297.71,297.91,297.13,297.28,169367.0
15:56,297.18,297.69,297.14,297.69,137972.0
15:57,296.95,297.2,296.9,297.2,156276.0
15:58,296.98,297.02,296.84,296.94,188350.0
15:59,297.43,297.44,296.91,296.98,522370.0
