Time,Close,High,Low,Open,Volume
09:30,309.44,311.5,308.7,311.04,1632748.0
09:31,307.45,309.68,306.86,309.61,173808.0
09:32,308.61,308.9,307.33,307.46,67743.0
09:33,308.83,309.32,308.6,308.79,20662.0
09:34,308.08,309.0,308.0,308.82,76152.0
09:35,307.6,308.46,307.23,308.03,49914.0
09:36,307.83,307.89,307.27,307.62,34504.0
09:37,308.24,308.5,307.67,307.71,43289.0
09:38,308.29,308.6,308.09,308.21,50174.0
09:39,307.24,308.33,307.2,308.33,66672.0
09:40,307.17,307.38,306.69,307.11,58700.0
09:41,306.73,307.21,306.58,307.17,41097.0
09:42,307.18,307.38,306.63,306.73,42236.0
09:43,307.73,308.01,307.1,307.18,34749.0
09:44,307.41,307.99,307.23,307.72,32688.0
09:45,305.86,307.42,305.81,307.41,126839.0
09:46,305.61,306.02,305.47,305.9,51562.0
09:47,305.21,305.73,305.13,305.49,105997.0
09:48,304.8,305.44,304.8,305.09,160432.0
09:49,304.18,304.86,304.0,304.79,91322.0
09:50,303.83,304.46,303.67,304.17,143533.0
09:51,303.33,303.76,303.12,303.74,107813.0
09:52,303.7,303.95,303.21,303.41,76305.0
09:53,303.15,303.96,303.1,303.69,84589.0
09:54,302.85,303.45,302.53,303.25,242977.0
09:55,304.1,304.31,302.87,302.87,59376.0
09:56,304.49,304.59,303.96,304.31,72787.0
09:57,304.87,304.9,304.54,304.55,49561.0
09:58,305.12,305.43,304.75,304.93,37076.0
09:59,305.08,305.3,304.72,305.12,34903.0
10:00,305.1,305.17,304.39,304.9,63534.0
10:01,306.41,306.64,305.02,305.1,75031.0
10:02,306.38,306.65,306.27,306.57,49859.0
10:03,306.79,306.93,306.3,306.36,35136.0
10:04,307.07,307.21,306.75,306.77,49362.0
10:05,307.4,307.6,307.04,307.05,41263.0
10:06,307.82,307.91,306.82,307.4,83025.0
10:07,307.68,307.9,307.48,307.83,42949.0
10:08,307.91,308.22,307.54,307.79,51391.0
10:09,307.76,307.94,307.58,307.88,27405.0
10:10,307.7,307.88,307.52,307.88,24966.0
10:11,307.89,308.17,307.53,307.7,36041.0
10:12,307.68,307.82,307.12,307.82,49729.0
10:13,307.98,308.19,307.49,307.49,32056.0
10:14,308.51,308.75,307.87,307.98,70485.0
10:15,308.48,308.61,308.26,308.58,52122.0
10:16,308.14,308.45,308.12,308.28,86610.0
10:17,307.85,308.27,307.66,308.21,77628.0
10:18,307.35,307.96,307.33,307.87,61312.0
10:19,307.76,308.08,307.43,307.43,49639.0
10:20,307.54,307.98,307.48,307.77,26797.0
10:21,307.19,307.55,307.01,307.5,33149.0
10:22,307.35,307.43,307.16,307.26,22883.0
10:23,307.82,307.82,307.74,307.74,23847.0
10:24,307.83,307.95,307.54,307.95,42296.0
10:25,307.3,307.81,307.3,307.78,34051.0
10:26,307.6,307.72,307.25,307.35,42085.0
10:27,307.33,307.83,307.31,307.75,28812.0
10:28,307.12,307.34,307.06,307.21,36193.0
10:29,306.84,307.21,306.68,307.13,20472.0
10:30,306.67,306.95,306.56,306.8,19978.0
10:31,306.45,306.71,306.36,306.67,18829.0
10:32,306.67,306.82,306.45,306.45,19851.0
10:33,306.42,306.77,306.36,306.72,19340.0
10:34,306.34,306.45,306.22,306.3,24065.0
10:35,306.7,306.89,306.1,306.34,29809.0
10:36,306.39,306.81,306.24,306.7,22841.0
10:37,306.37,306.74,306.24,306.24,13676.0
10:38,306.26,306.49,306.12,306.41,12671.0
10:39,306.59,306.62,306.14,306.14,13657.0
10:40,306.79,306.99,306.41,306.53,18371.0
10:41,306.52,306.96,306.46,306.84,16187.0
10:42,306.81,306.9,306.48,306.52,12501.0
10:43,306.77,306.88,306.66,306.88,14984.0
10:44,306.64,306.88,306.51,306.64,13223.0
10:45,306.26,306.97,306.23,306.88,24681.0
10:46,306.22,306.39,306.1,306.24,14088.0
10:47,306.29,306.46,306.11,306.18,26559.0
10:48,306.38,306.39,306.11,306.23,14137.0
10:49,306.52,306.55,306.35,306.39,10875.0
10:50,306.58,306.8,306.4,306.44,18745.0
10:51,306.71,306.71,306.42,306.62,7590.0
10:52,306.43,306.97,306.43,306.64,17135.0
10:53,306.32,306.32,305.89,306.2,39842.0
10:54,306.46,306.67,306.27,306.27,13278.0
10:55,306.44,306.54,306.07,306.4,24234.0
10:56,306.82,306.9,306.44,306.46,17141.0
10:57,306.77,307.08,306.69,306.82,33386.0
10:58,306.21,306.77,306.2,306.77,20839.0
10:59,306.28,306.33,306.07,306.28,40650.0
11:00,306.11,306.42,306.06,306.28,58722.0
11:01,305.85,306.15,305.85,306.07,39795.0
11:02,306.04,306.08,305.78,305.85,41075.0
11:03,305.99,306.09,305.79,306.04,28782.0
11:04,305.57,306.08,305.55,305.99,20587.0
11:05,305.76,305.88,305.57,305.57,37304.0
11:06,305.45,305.72,305.32,305.71,21090.0
11:07,305.35,305.48,305.2,305.48,20805.0
11:08,305.27,305.46,305.16,305.38,23510.0
11:09,305.47,305.57,305.25,305.29,18329.0
11:10,305.4,305.7,305.4,305.45,15296.0
11:11,305.81,305.81,305.29,305.29,13160.0
11:12,305.74,305.8,305.65,305.73,10660.0
11:13,305.89,305.89,305.62,305.73,21803.0
11:14,305.88,305.95,305.68,305.92,22993.0
11:15,305.95,306.02,305.85,305.85,15088.0
11:16,305.9,306.08,305.84,305.86,26695.0
11:17,305.89,306.02,305.78,305.9,16256.0
11:18,306.22,306.34,305.82,305.97,54768.0
11:19,306.05,306.17,305.9,306.14,41841.0
11:20,306.31,306.41,306.04,306.04,23768.0
11:21,305.82,306.3,305.82,306.27,18892.0
11:22,305.33,305.93,305.28,305.86,25488.0
11:23,305.47,305.48,305.19,305.33,29671.0
11:24,305.5,305.58,305.4,305.45,13352.0
11:25,305.6,305.77,305.47,305.53,28063.0
11:26,305.58,305.69,305.46,305.69,12623.0
11:27,305.58,305.75,305.58,305.62,10775.0
11:28,305.9,305.9,305.55,305.55,14000.0
11:29,305.79,305.82,305.61,305.8,26573.0
11:30,305.6,305.69,305.6,305.65,13968.0
11:31,305.74,305.83,305.62,305.67,10379.0
11:32,305.51,305.86,305.47,305.71,17788.0
11:33,305.55,305.63,305.47,305.55,9677.0
11:34,305.27,305.77,305.27,305.55,32238.0
11:35,305.2,305.39,305.1,305.23,21323.0
11:36,304.99,305.3,304.9,305.2,42270.0
11:37,305.0,305.14,304.91,304.97,24251.0
11:38,305.15,305.15,304.98,304.99,12973.0
11:39,304.58,305.09,304.58,305.09,25696.0
11:40,304.39,304.73,304.25,304.64,118864.0
11:41,304.61,304.63,304.29,304.4,20288.0
11:42,304.25,304.68,304.25,304.54,21351.0
11:43,304.28,304.36,304.2,304.28,58510.0
11:44,303.78,304.29,303.66,304.25,54126.0
11:45,304.06,304.07,303.67,303.8,20887.0
11:46,304.01,304.24,303.92,304.08,23631.0
11:47,303.95,304.14,303.85,304.0,24924.0
11:48,303.92,304.06,303.9,303.96,15775.0
11:49,304.05,304.1,303.85,303.91,41822.0
11:50,304.38,304.38,303.92,304.05,39314.0
11:51,304.23,304.3,303.94,304.25,30363.0
11:52,303.87,304.37,303.7,304.21,22672.0
11:53,304.13,304.2,303.62,303.8,39666.0
11:54,304.44,304.52,304.15,304.23,25705.0
11:55,304.31,304.55,304.27,304.51,19552.0
11:56,304.25,304.41,304.01,304.32,20168.0
11:57,304.08,304.29,304.0,304.21,20194.0
11:58,304.85,304.85,303.98,304.08,23826.0
11:59,304.74,305.0,304.65,304.85,22895.0
12:00,304.94,305.03,304.6,304.68,20016.0
12:01,304.77,305.13,304.64,304.96,21474.0
12:02,304.41,304.85,304.36,304.77,23903.0
12:03,304.33,304.52,304.26,304.42,19594.0
12:04,304.26,304.41,304.06,304.31,15858.0
12:05,304.33,304.48,304.08,304.12,109141.0
12:06,304.24,304.58,304.21,304.39,16119.0
12:07,303.89,304.35,303.75,304.26,30279.0
12:08,303.89,303.97,303.79,303.86,22898.0
12:09,303.68,303.86,303.65,303.84,18581.0
12:10,303.92,303.94,303.63,303.68,21940.0
12:11,303.98,304.1,303.84,303.92,11609.0
12:12,304.0,304.14,303.94,304.14,20281.0
12:13,303.88,304.07,303.78,304.07,19896.0
12:14,303.86,303.96,303.74,303.88,26642.0
12:15,303.58,303.88,303.5,303.79,19468.0
12:16,303.48,303.68,303.46,303.58,23581.0
12:17,302.79,303.46,302.77,303.46,64129.0
12:18,302.75,303.0,302.75,302.83,29661.0
12:19,303.17,303.23,302.6,302.72,34020.0
12:20,303.06,303.14,302.96,303.1,274686.0
12:21,302.7,303.08,302.6,303.02,37574.0
12:22,302.5,302.73,302.5,302.66,37227.0
12:23,302.57,302.6,302.38,302.5,32027.0
12:24,302.56,302.57,302.39,302.52,20112.0
12:25,302.74,302.77,302.59,302.62,43296.0
12:26,302.72,302.86,302.67,302.76,16373.0
12:27,302.54,302.72,302.51,302.72,13194.0
12:28,302.55,302.55,302.33,302.5,42808.0
12:29,302.22,302.55,302.19,302.45,25537.0
12:30,302.13,302.43,302.13,302.22,23134.0
12:31,301.82,302.08,301.67,302.06,68101.0
12:32,302.04,302.1,301.8,301.86,37374.0
12:33,302.12,302.15,302.02,302.04,27898.0
12:34,302.29,302.42,302.11,302.12,39665.0
12:35,302.1,302.5,302.03,302.25,24851.0
12:36,301.64,302.1,301.64,302.1,24447.0
12:37,301.77,301.86,301.57,301.59,30255.0
12:38,301.61,301.77,301.57,301.75,28514.0
12:39,302.07,302.11,301.58,301.61,66111.0
12:40,302.32,302.35,302.01,302.06,33068.0
12:41,302.17,302.38,302.15,302.35,30736.0
12:42,302.35,302.35,302.12,302.25,27109.0
12:43,302.41,302.51,302.31,302.31,25097.0
12:44,302.36,302.58,302.31,302.39,21632.0
12:45,302.22,302.41,302.18,302.38,21719.0
12:46,302.01,302.31,301.99,302.3,19954.0
12:47,302.03,302.16,301.93,301.98,37821.0
12:48,302.25,302.32,301.94,302.02,31861.0
12:49,302.43,302.44,302.27,302.28,22808.0
12:50,302.7,302.88,302.46,302.49,43337.0
12:51,302.73,302.74,302.64,302.7,18748.0
12:52,302.79,302.95,302.65,302.73,49589.0
12:53,302.93,302.98,302.73,302.82,35153.0
12:54,302.56,302.92,302.56,302.92,25649.0
12:55,302.7,302.73,302.45,302.57,22615.0
12:56,302.6,302.79,302.6,302.7,45291.0
12:57,302.61,302.69,302.43,302.58,29460.0
12:58,302.81,302.86,302.61,302.61,35701.0
12:59,302.82,302.85,302.69,302.84,23822.0
13:00,302.61,302.83,302.61,302.81,33486.0
13:01,302.72,302.78,302.57,302.61,28654.0
13:02,302.57,302.71,302.5,302.67,14354.0
13:03,302.07,302.52,302.06,302.52,29436.0
13:04,302.15,302.21,302.06,302.06,15597.0
13:05,301.69,302.09,301.62,302.09,69889.0
13:06,301.82,301.9,301.68,301.7,61188.0
13:07,301.87,301.95,301.82,301.83,91367.0
13:08,301.67,301.93,301.64,301.93,26870.0
13:09,301.09,301.61,301.0,301.11,134182.0
13:10,300.87,301.26,300.81,301.08,49128.0
13:11,300.85,301.0,300.79,300.89,32448.0
13:12,301.0,301.19,300.77,300.85,49687.0
13:13,300.75,301.04,300.7,301.0,50508.0
13:14,300.58,300.78,300.1,300.76,66990.0
13:15,300.26,300.56,300.19,300.49,32320.0
13:16,300.07,300.24,300.02,300.24,46631.0
13:17,300.2,300.71,299.76,300.08,167494.0
13:18,300.12,300.16,299.89,300.1,38374.0
13:19,300.05,300.1,299.94,300.07,39554.0
13:20,300.33,300.38,300.03,300.03,34836.0
13:21,300.23,300.26,299.88,300.21,29432.0
13:22,300.6,300.61,300.22,300.23,26308.0
13:23,300.43,300.6,300.41,300.57,21865.0
13:24,300.39,300.48,300.28,300.38,31997.0
13:25,300.4,300.61,300.27,300.36,29367.0
13:26,301.25,301.31,300.47,300.48,30423.0
13:27,301.17,301.47,300.78,301.31,59801.0
13:28,301.27,301.35,300.7,301.22,31830.0
13:29,301.53,301.53,301.25,301.35,30309.0
13:30,301.73,301.87,301.43,301.52,26660.0
13:31,301.85,301.88,301.63,301.76,29406.0
13:32,301.89,301.95,301.77,301.77,24123.0
13:33,301.68,301.9,301.58,301.87,25871.0
13:34,301.87,301.9,301.7,301.73,24948.0
13:35,301.53,301.88,301.36,301.88,35743.0
13:36,301.52,301.59,301.41,301.41,13500.0
13:37,301.47,301.67,301.47,301.54,17285.0
13:38,301.0,301.51,300.96,301.47,68524.0
13:39,301.05,301.08,300.87,300.98,29021.0
13:40,301.13,301.24,300.97,301.08,79169.0
13:41,301.1,301.3,301.0,301.13,34991.0
13:42,301.1,301.35,301.1,301.1,29903.0
13:43,301.17,301.22,301.07,301.09,21377.0
13:44,301.22,301.28,301.16,301.17,30494.0
13:45,301.14,301.28,301.14,301.16,26317.0
13:46,301.0,301.2,300.85,301.15,32126.0
13:47,300.78,301.03,300.78,300.96,19059.0
13:48,300.8,300.89,300.76,300.85,10207.0
13:49,300.89,300.93,300.73,300.81,20330.0
13:50,300.95,301.15,300.89,300.89,29332.0
13:51,301.03,301.1,300.95,300.98,21436.0
13:52,301.1,301.14,301.0,301.0,20942.0
13:53,301.08,301.15,301.01,301.04,12049.0
13:54,301.2,301.23,301.03,301.12,34590.0
13:55,301.96,301.96,301.16,301.2,48552.0
13:56,302.14,302.19,301.86,301.95,47894.0
13:57,302.47,302.58,301.92,302.11,37172.0
13:58,302.69,302.83,302.45,302.49,52037.0
13:59,302.78,302.78,302.63,302.68,21890.0
14:00,302.77,302.97,302.59,302.75,38654.0
14:01,302.85,302.93,302.73,302.8,19177.0
14:02,303.21,303.3,302.79,302.79,48390.0
14:03,303.48,303.69,303.15,303.21,68840.0
14:04,303.66,303.67,303.3,303.5,47798.0
14:05,303.36,303.71,303.27,303.71,23517.0
14:06,303.32,303.5,303.19,303.38,28686.0
14:07,304.09,304.15,303.32,303.32,34477.0
14:08,304.09,304.37,304.04,304.15,33571.0
14:09,304.05,304.14,303.74,304.08,37382.0
14:10,304.31,304.38,303.84,304.07,25797.0
14:11,304.09,304.23,303.9,304.23,19723.0
14:12,303.92,304.24,303.92,304.16,15453.0
14:13,303.68,303.99,303.68,303.92,13422.0
14:14,303.5,303.77,303.41,303.77,19112.0
14:15,303.46,303.61,303.35,303.54,24168.0
14:16,303.71,303.99,303.41,303.41,46853.0
14:17,303.85,303.86,303.59,303.59,14237.0
14:18,303.86,303.99,303.78,303.85,18022.0
14:19,304.07,304.07,303.7,303.8,28876.0
14:20,303.97,304.03,303.8,303.97,35945.0
14:21,304.21,304.36,303.92,303.95,22015.0
14:22,304.26,304.36,304.17,304.19,25897.0
14:23,304.49,304.59,304.2,304.2,29535.0
14:24,304.18,304.49,304.08,304.42,19247.0
14:25,303.87,304.23,303.82,304.22,27017.0
14:26,304.3,304.35,303.97,303.97,16490.0
14:27,304.38,304.43,304.26,304.32,10217.0
14:28,304.57,304.58,304.3,304.4,9681.0
14:29,304.77,304.82,304.55,304.55,18915.0
14:30,304.69,304.82,304.61,304.77,18461.0
14:31,304.89,304.93,304.7,304.72,33528.0
14:32,305.03,305.2,304.83,304.86,38864.0
14:33,305.1,305.1,304.93,304.93,17114.0
14:34,305.14,305.2,305.0,305.07,12713.0
14:35,305.07,305.26,304.93,305.18,19486.0
14:36,304.82,305.05,304.82,305.01,14301.0
14:37,304.89,304.97,304.8,304.82,13545.0
14:38,304.86,305.06,304.8,304.81,33912.0
14:39,304.92,305.02,304.85,304.9,7992.0
14:40,304.93,305.01,304.87,304.92,13239.0
14:41,305.03,305.1,304.92,304.93,26070.0
14:42,305.2,305.4,305.04,305.04,51583.0
14:43,305.15,305.25,305.12,305.2,11686.0
14:44,305.05,305.15,304.96,305.15,31829.0
14:45,305.0,305.12,304.99,305.02,17914.0
14:46,305.07,305.13,305.0,305.02,16238.0
14:47,304.84,305.06,304.84,305.06,12027.0
14:48,304.67,304.85,304.63,304.84,16243.0
14:49,304.6,304.75,304.56,304.7,17377.0
14:50,305.11,305.15,304.64,304.66,49709.0
14:51,305.02,305.06,304.76,304.91,22543.0
14:52,305.02,305.02,304.88,304.98,11170.0
14:53,305.03,305.12,304.92,305.05,13686.0
14:54,305.09,305.14,305.0,305.03,11845.0
14:55,305.16,305.19,305.08,305.12,14029.0
14:56,305.14,305.21,305.02,305.11,19888.0
14:57,304.85,305.3,304.69,305.14,67666.0
14:58,304.9,304.99,304.83,304.85,8562.0
14:59,305.01,305.1,304.87,304.89,10847.0
15:00,304.82,305.15,304.76,304.96,22538.0
15:01,304.77,304.95,304.66,304.82,30620.0
15:02,304.86,304.9,304.68,304.76,10186.0
15:03,304.55,304.85,304.46,304.82,38107.0
15:04,304.84,304.85,304.55,304.55,10669.0
15:05,304.82,304.95,304.73,304.78,13590.0
15:06,304.81,304.91,304.6,304.79,21072.0
15:07,304.85,304.95,304.7,304.82,27453.0
15:08,304.84,304.91,304.73,304.79,12734.0
15:09,305.07,305.09,304.83,304.83,19122.0
15:10,305.29,305.33,305.07,305.07,28327.0
15:11,305.53,305.6,305.3,305.3,28003.0
15:12,305.38,305.57,305.27,305.5,28553.0
15:13,305.28,305.37,305.2,305.37,10119.0
15:14,305.21,305.48,305.19,305.34,44458.0
15:15,305.21,305.3,305.08,305.21,28281.0
15:16,305.15,305.27,305.0,305.2,57752.0
15:17,305.09,305.18,304.99,305.17,15194.0
15:18,304.94,305.11,304.77,305.09,26156.0
15:19,305.09,305.13,304.91,304.91,17167.0
15:20,305.28,305.37,305.09,305.12,51746.0
15:21,305.34,305.45,305.26,305.28,15376.0
15:22,305.49,305.58,305.14,305.28,21720.0
15:23,305.45,305.62,305.41,305.49,23799.0
15:24,305.33,305.48,305.33,305.43,11564.0
15:25,305.42,305.47,305.29,305.37,17397.0
15:26,305.41,305.51,305.37,305.37,15973.0
15:27,305.46,305.56,305.34,305.34,27113.0
15:28,305.49,305.6,305.43,305.51,13201.0
15:29,305.42,305.5,305.35,305.48,16676.0
15:30,305.68,305.8,305.47,305.48,27340.0
15:31,305.8,305.88,305.61,305.74,26313.0
15:32,305.79,305.88,305.79,305.82,27328.0
15:33,305.9,305.98,305.83,305.83,20345.0
15:34,305.74,305.97,305.63,305.9,26901.0
15:35,305.76,305.76,305.63,305.74,34018.0
15:36,305.82,305.86,305.61,305.71,37643.0
15:37,305.71,305.82,305.64,305.79,15175.0
15:38,305.62,305.72,305.56,305.69,26055.0
15:39,305.4,305.75,305.4,305.69,28255.0
15:40,305.59,305.65,305.42,305.48,30361.0
15:41,305.92,306.01,305.6,305.61,42647.0
15:42,305.87,305.92,305.67,305.89,16486.0
15:43,305.51,305.9,305.45,305.85,26771.0
15:44,305.61,305.68,305.46,305.52,25151.0
15:45,305.72,305.88,305.6,305.64,33809.0
15:46,305.79,305.82,305.66,305.7,29918.0
15:47,305.71,305.79,305.68,305.77,30182.0
15:48,305.68,305.74,305.59,305.7,32255.0
15:49,305.7,305.79,305.64,305.67,43270.0
15:50,306.2,306.43,305.74,305.78,91955.0
15:51,306.29,306.34,306.11,306.19,60747.0
15:52,306.41,306.6,306.27,306.34,62262.0
15:53,306.38,306.48,306.28,306.36,63603.0
15:54,306.5,306.6,306.31,306.38,98278.0
15:55,306.42,306.55,306.2,306.48,144215.0
15:56,306.11,306.39,306.02,306.37,132678.0
15:57,306.26,306.35,305.97,306.11,162005.0
15:58,306.13,306.3,306.11,306.26,168094.0
15:59,306.2,306.44,306.0,306.14,495750.0
