Time,Close,High,Low,Open,Volume
09:30,274.71,276.35,274.6,276.35,611340.0
09:31,273.89,274.96,273.8,274.71,138243.0
09:32,274.11,274.75,273.6,273.93,69358.0
09:33,274.05,274.43,273.9,274.09,71629.0
09:34,273.86,274.4,273.73,274.31,132835.0
09:35,274.52,275.0,273.79,273.79,66571.0
09:36,274.4,274.6,274.09,274.45,54753.0
09:37,274.89,275.02,274.5,274.62,68817.0
09:38,274.92,275.23,274.71,274.89,94077.0
09:39,275.35,275.86,274.87,274.88,51104.0
09:40,275.69,275.72,275.1,275.4,38401.0
09:41,275.7,275.92,275.57,275.74,27756.0
09:42,276.0,276.0,275.5,275.64,31682.0
09:43,275.78,276.1,275.68,276.05,35067.0
09:44,275.96,276.05,275.75,275.78,26041.0
09:45,275.62,275.9,275.58,275.86,32825.0
09:46,275.09,275.66,275.03,275.55,39110.0
09:47,274.99,275.23,274.91,275.18,47336.0
09:48,274.91,275.1,274.5,275.03,48055.0
09:49,275.17,275.22,274.88,274.94,41259.0
09:50,274.6,274.94,274.6,274.82,30444.0
09:51,274.75,274.79,274.12,274.65,53537.0
09:52,274.42,274.91,274.42,274.82,26804.0
09:53,274.7,274.7,274.4,274.47,31431.0
09:54,274.98,275.07,274.52,274.6,38367.0
09:55,274.98,275.09,274.88,275.02,17202.0
09:56,274.92,275.07,274.7,274.92,16448.0
09:57,274.87,275.1,274.66,275.07,30721.0
09:58,275.26,275.26,274.93,274.99,32437.0
09:59,274.9,275.31,274.64,275.31,108738.0
10:00,275.04,275.18,274.79,274.9,33341.0
10:01,274.89,275.19,274.75,275.07,35382.0
10:02,274.64,274.91,274.4,274.89,24503.0
10:03,274.92,275.01,274.39,274.64,26503.0
10:04,274.97,274.98,274.62,274.92,29082.0
10:05,274.61,275.04,274.46,274.91,35643.0
10:06,274.47,274.74,274.31,274.54,48569.0
10:07,274.33,274.44,274.16,274.16,61495.0
10:08,274.19,274.54,274.12,274.36,32439.0
10:09,274.54,274.54,274.17,274.19,26564.0
10:10,274.93,274.95,274.55,274.55,26215.0
10:11,274.86,275.05,274.79,274.94,39944.0
10:12,274.93,275.0,274.79,274.84,22465.0
10:13,274.71,274.9,274.63,274.89,22766.0
10:14,274.8,274.87,274.67,274.67,27140.0
10:15,274.71,274.84,274.55,274.77,29637.0
10:16,274.53,274.71,274.44,274.68,45539.0
10:17,274.37,274.46,274.26,274.45,34714.0
10:18,274.19,274.37,274.18,274.37,31473.0
10:19,274.22,274.31,274.15,274.3,30274.0
10:20,275.0,275.3,274.18,274.29,116039.0
10:21,274.48,274.99,274.47,274.99,61805.0
10:22,274.13,274.55,274.0,274.48,28546.0
10:23,274.07,274.26,273.98,274.1,32734.0
10:24,273.23,274.02,273.12,274.02,82308.0
10:25,273.15,273.3,273.02,273.21,53722.0
10:26,273.19,273.21,272.99,273.14,45119.0
10:27,273.56,273.6,273.21,273.21,30189.0
10:28,273.9,273.99,273.6,273.64,41507.0
10:29,273.65,273.94,273.57,273.87,31337.0
10:30,273.63,273.72,273.43,273.65,19614.0
10:31,273.42,273.62,273.3,273.61,21203.0
10:32,273.39,273.5,273.14,273.17,25869.0
10:33,273.11,273.46,273.07,273.4,32371.0
10:34,273.16,273.2,272.9,273.07,57253.0
10:35,273.1,273.15,273.1,273.15,21872.0
10:36,272.8,273.16,272.8,273.13,54927.0
10:37,273.06,273.1,272.81,272.85,33386.0
10:38,273.08,273.22,272.92,273.08,34911.0
10:39,273.05,273.14,272.87,273.08,24342.0
10:40,273.28,273.38,273.07,273.07,30748.0
10:41,273.19,273.28,272.98,273.22,45679.0
10:42,273.25,273.31,273.07,273.15,21020.0
10:43,272.99,273.26,272.9,273.24,27930.0
10:44,273.36,273.42,272.97,273.02,29762.0
10:45,273.29,273.58,272.87,273.36,64905.0
10:46,273.2,273.21,272.97,273.17,35051.0
10:47,273.1,273.25,273.08,273.15,17205.0
10:48,273.26,273.36,273.17,273.24,19129.0
10:49,273.33,273.38,273.18,273.27,14887.0
10:50,273.27,273.42,273.14,273.27,15336.0
10:51,273.33,273.48,273.17,273.3,21021.0
10:52,272.89,273.31,272.89,273.3,53242.0
10:53,272.92,273.02,272.73,272.88,39410.0
10:54,272.95,273.08,272.88,272.91,75477.0
10:55,272.72,273.0,272.72,272.91,47320.0
10:56,273.01,273.03,272.56,272.76,60128.0
10:57,273.23,273.3,272.91,273.0,14754.0
10:58,274.0,274.1,273.3,273.3,40199.0
10:59,274.3,274.38,273.98,274.04,25409.0
11:00,274.14,274.55,274.12,274.3,32063.0
11:01,274.23,274.41,274.09,274.2,18570.0
11:02,274.01,274.28,273.96,274.17,36737.0
11:03,274.02,274.08,273.81,273.97,30458.0
11:04,273.83,274.03,273.77,274.02,16975.0
11:05,274.14,274.14,273.74,273.74,11176.0
11:06,273.96,274.15,273.82,274.1,26126.0
11:07,273.95,274.14,273.77,273.99,28626.0
11:08,273.95,273.99,273.88,273.96,13590.0
11:09,273.89,273.97,273.89,273.93,7794.0
11:10,274.17,274.22,273.87,273.87,22775.0
11:11,274.02,274.16,274.0,274.05,14451.0
11:12,273.89,274.05,273.85,274.05,17211.0
11:13,273.9,273.92,273.77,273.89,17130.0
11:14,273.99,274.04,273.85,273.87,13923.0
11:15,274.05,274.05,273.96,273.98,9058.0
11:16,273.93,274.01,273.75,274.01,19194.0
11:17,273.89,273.91,273.78,273.9,16689.0
11:18,273.87,273.91,273.71,273.74,21221.0
11:19,273.77,273.86,273.69,273.74,16681.0
11:20,273.7,273.84,273.62,273.76,11664.0
11:21,273.67,273.8,273.56,273.74,48775.0
11:22,273.8,273.88,273.57,273.64,27819.0
11:23,273.85,273.92,273.66,273.82,18792.0
11:24,273.9,273.94,273.81,273.89,13537.0
11:25,273.96,274.01,273.83,273.94,20001.0
11:26,274.09,274.18,273.93,273.93,15266.0
11:27,274.45,274.55,274.09,274.09,25339.0
11:28,274.52,274.65,274.41,274.43,21845.0
11:29,274.39,274.6,274.35,274.49,17288.0
11:30,274.53,274.58,274.43,274.43,14900.0
11:31,274.76,274.85,274.52,274.54,32744.0
11:32,274.45,274.81,274.42,274.77,28578.0
11:33,274.27,274.46,274.27,274.46,14161.0
11:34,274.29,274.32,274.18,274.3,10507.0
11:35,274.08,274.25,274.07,274.2,11028.0
11:36,274.44,274.44,274.06,274.08,16652.0
11:37,274.09,274.42,274.09,274.41,19425.0
11:38,274.17,274.17,274.05,274.11,12997.0
11:39,274.12,274.27,273.98,274.27,17845.0
11:40,274.07,274.12,273.98,274.07,20550.0
11:41,274.17,274.17,274.01,274.07,23873.0
11:42,274.27,274.3,273.95,274.1,18127.0
11:43,274.14,274.3,274.11,274.3,16572.0
11:44,274.12,274.2,273.99,274.15,22012.0
11:45,274.29,274.32,274.12,274.12,17734.0
11:46,274.4,274.45,274.22,274.28,14349.0
11:47,274.38,274.51,274.24,274.36,21178.0
11:48,274.35,274.57,274.26,274.43,28008.0
11:49,274.47,274.54,274.32,274.35,13134.0
11:50,274.43,274.5,274.39,274.44,9827.0
11:51,274.49,274.62,274.41,274.45,22900.0
11:52,274.29,274.42,274.29,274.41,9657.0
11:53,274.23,274.33,274.17,274.29,7981.0
11:54,274.2,274.25,274.09,274.25,11637.0
11:55,274.29,274.3,274.23,274.23,5376.0
11:56,274.24,274.29,274.18,274.26,99637.0
11:57,274.43,274.43,274.26,274.29,14048.0
11:58,274.45,274.49,274.32,274.45,11830.0
11:59,274.39,274.46,274.32,274.39,4876.0
12:00,274.42,274.47,274.28,274.39,14036.0
12:01,274.52,274.58,274.42,274.47,15472.0
12:02,274.55,274.63,274.48,274.49,11932.0
12:03,274.85,274.85,274.54,274.55,35662.0
12:04,274.53,274.8,274.49,274.8,52713.0
12:05,274.61,274.72,274.51,274.51,12903.0
12:06,274.76,274.8,274.66,274.66,10495.0
12:07,274.47,274.81,274.47,274.76,13051.0
12:08,274.59,274.61,274.49,274.51,6525.0
12:09,274.7,274.74,274.52,274.61,10694.0
12:10,274.69,274.72,274.55,274.7,7662.0
12:11,274.44,274.74,274.44,274.69,12837.0
12:12,274.55,274.67,274.5,274.5,6704.0
12:13,274.67,274.69,274.55,274.6,4347.0
12:14,274.72,274.74,274.68,274.68,3490.0
12:15,274.66,274.72,274.62,274.72,13152.0
12:16,274.57,274.64,274.52,274.62,14251.0
12:17,274.6,274.62,274.56,274.57,5362.0
12:18,274.7,274.76,274.55,274.66,19805.0
12:19,274.62,274.73,274.6,274.69,15195.0
12:20,274.54,274.67,274.52,274.62,9338.0
12:21,274.74,274.77,274.49,274.54,13029.0
12:22,275.07,275.09,274.74,274.74,67433.0
12:23,275.21,275.25,275.08,275.12,30209.0
12:24,275.57,275.57,275.21,275.21,26299.0
12:25,275.52,275.59,275.45,275.52,18805.0
12:26,275.67,275.67,275.56,275.57,15110.0
12:27,275.38,275.71,275.38,275.67,46685.0
12:28,275.09,275.39,275.02,275.38,21447.0
12:29,275.05,275.09,274.96,275.09,13473.0
12:30,275.05,275.17,274.94,275.05,14502.0
12:31,274.97,275.19,274.97,275.17,6038.0
12:32,274.7,275.05,274.48,274.94,26710.0
12:33,274.58,274.63,274.45,274.61,14392.0
12:34,274.69,274.75,274.58,274.63,3907.0
12:35,274.24,274.57,274.1,274.57,23357.0
12:36,274.45,274.49,274.12,274.23,15912.0
12:37,274.52,274.64,274.42,274.49,14449.0
12:38,274.54,274.62,274.54,274.55,4020.0
12:39,274.59,274.68,274.54,274.59,7134.0
12:40,274.64,274.74,274.55,274.63,10249.0
12:41,274.87,274.87,274.65,274.65,5722.0
12:42,274.83,274.89,274.83,274.87,11229.0
12:43,275.0,275.04,274.85,274.86,10422.0
12:44,275.04,275.11,274.99,275.01,23561.0
12:45,275.02,275.13,275.01,275.03,22324.0
12:46,275.07,275.1,274.92,274.92,6124.0
12:47,275.09,275.16,275.05,275.08,10641.0
12:48,275.16,275.22,275.05,275.05,13718.0
12:49,275.16,275.29,275.16,275.16,30585.0
12:50,275.18,275.23,275.13,275.16,19356.0
12:51,275.29,275.34,275.17,275.18,7204.0
12:52,275.26,275.43,275.26,275.26,28119.0
12:53,275.24,275.27,275.11,275.27,9348.0
12:54,275.47,275.52,275.19,275.25,22370.0
12:55,275.28,275.59,275.25,275.54,38348.0
12:56,275.42,275.46,275.25,275.25,13582.0
12:57,275.58,275.58,275.2,275.31,14552.0
12:58,275.47,275.59,275.47,275.59,4077.0
12:59,275.38,275.44,275.29,275.36,21406.0
13:00,275.39,275.42,275.35,275.4,4148.0
13:01,275.54,275.62,275.4,275.4,11293.0
13:02,275.45,275.5,275.42,275.47,7658.0
13:03,275.58,275.68,275.5,275.5,16442.0
13:04,275.63,275.76,275.55,275.63,35827.0
13:05,275.61,275.68,275.52,275.58,24820.0
13:06,275.59,275.6,275.48,275.53,13813.0
13:07,275.53,275.55,275.39,275.55,8564.0
13:08,275.46,275.5,275.29,275.5,11539.0
13:09,275.47,275.52,275.41,275.5,14140.0
13:10,275.58,275.6,275.42,275.44,16512.0
13:11,275.8,275.83,275.58,275.63,12911.0
13:12,275.55,275.85,275.55,275.83,18918.0
13:13,275.38,275.6,275.38,275.52,25127.0
13:14,275.47,275.54,275.29,275.39,25642.0
13:15,275.39,275.55,275.37,275.47,13504.0
13:16,275.25,275.42,275.23,275.36,9825.0
13:17,274.92,275.29,274.84,275.29,20730.0
13:18,274.82,274.87,274.67,274.8,15431.0
13:19,274.99,275.02,274.73,274.82,14111.0
13:20,275.08,275.12,274.98,274.98,15345.0
13:21,274.86,275.1,274.82,275.1,13139.0
13:22,274.72,274.88,274.56,274.86,12797.0
13:23,275.01,275.03,274.71,274.71,20893.0
13:24,274.94,275.01,274.94,275.01,8771.0
13:25,274.83,275.0,274.83,274.94,16009.0
13:26,274.85,274.9,274.8,274.83,12829.0
13:27,275.02,275.02,274.83,274.83,7940.0
13:28,274.92,275.04,274.86,275.02,14273.0
13:29,274.97,274.97,274.86,274.95,6224.0
13:30,274.99,275.04,274.93,274.93,22805.0
13:31,274.92,274.99,274.9,274.99,7406.0
13:32,274.92,274.96,274.87,274.95,12091.0
13:33,274.82,274.99,274.82,274.92,15693.0
13:34,274.61,274.9,274.55,274.82,18459.0
13:35,274.62,274.65,274.47,274.65,18723.0
13:36,274.62,274.62,274.48,274.57,16882.0
13:37,274.52,274.6,274.47,274.51,11243.0
13:38,274.6,274.64,274.52,274.6,9150.0
13:39,274.51,274.58,274.49,274.58,7373.0
13:40,274.52,274.67,274.52,274.62,7332.0
13:41,274.53,274.61,274.49,274.5,18648.0
13:42,274.46,274.58,274.43,274.46,13424.0
13:43,274.4,274.5,274.35,274.49,50374.0
13:44,274.38,274.41,274.22,274.41,21900.0
13:45,274.42,274.48,274.38,274.4,11521.0
13:46,274.42,274.45,274.38,274.4,7112.0
13:47,274.5,274.53,274.41,274.42,11015.0
13:48,274.49,274.54,274.45,274.48,13278.0
13:49,274.4,274.47,274.33,274.46,8295.0
13:50,274.2,274.36,274.18,274.36,11539.0
13:51,274.38,274.42,274.2,274.2,17695.0
13:52,274.39,274.45,274.35,274.39,12390.0
13:53,274.49,274.51,274.32,274.41,22673.0
13:54,274.4,274.46,274.33,274.45,14208.0
13:55,274.37,274.47,274.3,274.43,10847.0
13:56,274.43,274.43,274.36,274.37,11332.0
13:57,274.28,274.45,274.28,274.45,9292.0
13:58,274.29,274.31,274.15,274.28,20838.0
13:59,274.4,274.42,274.24,274.29,18364.0
14:00,274.45,274.52,274.35,274.35,15391.0
14:01,274.56,274.56,274.42,274.42,12503.0
14:02,274.48,274.67,274.48,274.57,13360.0
14:03,274.53,274.72,274.44,274.45,15996.0
14:04,274.51,274.59,274.5,274.59,14482.0
14:05,274.57,274.64,274.44,274.49,18281.0
14:06,274.56,274.57,274.43,274.57,17445.0
14:07,274.53,274.6,274.51,274.56,11778.0
14:08,274.58,274.66,274.53,274.53,10198.0
14:09,274.09,274.57,274.08,274.56,34797.0
14:10,274.32,274.34,274.1,274.1,23510.0
14:11,274.28,274.36,274.25,274.32,12772.0
14:12,274.08,274.2,274.04,274.19,10218.0
14:13,274.09,274.18,274.08,274.08,10944.0
14:14,274.04,274.13,274.02,274.13,7536.0
14:15,274.04,274.13,273.98,274.0,180097.0
14:16,273.85,274.1,273.85,274.07,10953.0
14:17,273.78,273.92,273.73,273.87,12033.0
14:18,273.7,273.81,273.66,273.77,16874.0
14:19,273.68,273.73,273.66,273.72,7470.0
14:20,273.46,273.68,273.42,273.66,27468.0
14:21,273.5,273.55,273.16,273.46,21057.0
14:22,273.48,273.59,273.45,273.52,11224.0
14:23,273.45,273.5,273.43,273.46,1.0
14:24,273.66,273.73,273.41,273.45,25674.0
14:25,273.52,273.66,273.51,273.66,13121.0
14:26,273.52,273.64,273.5,273.5,22357.0
14:27,273.42,273.59,273.42,273.55,11537.0
14:28,273.47,273.51,273.4,273.4,6273.0
14:29,273.52,273.6,273.45,273.45,14345.0
14:30,273.44,273.69,273.42,273.57,30065.0
14:31,273.42,273.46,273.33,273.41,39425.0
14:32,273.27,273.47,273.23,273.36,45226.0
14:33,273.05,273.27,273.01,273.27,23299.0
14:34,272.96,273.1,272.8,273.01,80584.0
14:35,273.12,273.17,272.84,272.93,94206.0
14:36,273.0,273.14,272.97,273.11,29337.0
14:37,272.98,273.07,272.84,273.02,17392.0
14:38,272.99,273.04,272.94,272.96,20263.0
14:39,272.85,272.99,272.82,272.95,116145.0
14:40,272.7,272.89,272.69,272.82,34312.0
14:41,272.86,272.88,272.58,272.7,19680.0
14:42,272.91,272.97,272.86,272.9,8775.0
14:43,272.97,273.05,272.9,272.99,12384.0
14:44,272.7,272.89,272.7,272.86,14826.0
14:45,272.78,272.78,272.6,272.71,28958.0
14:46,272.91,272.95,272.76,272.8,19102.0
14:47,272.9,272.97,272.87,272.9,10296.0
14:48,273.04,273.04,272.89,272.9,9313.0
14:49,272.96,273.05,272.91,273.04,10438.0
14:50,272.78,272.99,272.77,272.96,74431.0
14:51,272.84,272.84,272.65,272.78,10838.0
14:52,272.86,272.95,272.85,272.85,9063.0
14:53,272.8,272.89,272.8,272.84,7093.0
14:54,273.04,273.1,272.79,272.81,35664.0
14:55,273.03,273.11,273.02,273.05,19647.0
14:56,273.03,273.15,273.02,273.07,23883.0
14:57,273.18,273.18,273.0,273.0,9865.0
14:58,273.17,273.17,273.09,273.17,9760.0
14:59,273.23,273.28,273.13,273.13,12355.0
15:00,273.15,273.27,273.11,273.25,21610.0
15:01,272.92,273.16,272.92,273.11,34650.0
15:02,273.05,273.12,273.0,273.12,16394.0
15:03,273.05,273.05,272.94,273.05,11625.0
15:04,272.95,273.02,272.91,273.02,8902.0
15:05,272.85,272.95,272.81,272.95,13792.0
15:06,273.0,273.0,272.84,272.84,12289.0
15:07,273.03,273.05,272.92,272.96,12340.0
15:08,272.98,273.06,272.91,273.0,12887.0
15:09,272.91,272.98,272.88,272.98,9748.0
15:10,272.84,272.93,272.78,272.92,12933.0
15:11,272.86,272.86,272.77,272.8,8383.0
15:12,272.9,272.93,272.8,272.86,15476.0
15:13,272.83,272.89,272.74,272.88,26244.0
15:14,272.76,272.84,272.74,272.77,9193.0
15:15,272.79,272.82,272.67,272.79,32963.0
15:16,272.68,272.83,272.67,272.78,9238.0
15:17,272.83,272.84,272.73,272.77,10839.0
15:18,272.8,272.88,272.72,272.79,21253.0
15:19,272.78,272.82,272.75,272.8,13262.0
15:20,272.67,272.8,272.67,272.77,16032.0
15:21,272.62,272.71,272.61,272.7,18625.0
15:22,272.48,272.6,272.37,272.6,55468.0
15:23,272.47,272.54,272.46,272.48,11862.0
15:24,272.32,272.5,272.3,272.48,22818.0
15:25,272.38,272.43,272.29,272.33,27158.0
15:26,272.32,272.41,272.32,272.39,11154.0
15:27,272.45,272.45,272.17,272.31,28386.0
15:28,272.47,272.47,272.34,272.38,9047.0
15:29,272.57,272.59,272.46,272.52,27347.0
15:30,272.62,272.73,272.45,272.57,33943.0
15:31,272.55,272.69,272.5,272.62,29415.0
15:32,272.45,272.6,272.42,272.57,12511.0
15:33,272.66,272.67,272.45,272.45,22485.0
15:34,272.68,272.76,272.64,272.64,26725.0
15:35,272.43,272.8,272.37,272.73,24285.0
15:36,272.43,272.55,272.41,272.42,26293.0
15:37,272.48,272.57,272.43,272.51,17302.0
15:38,272.16,272.46,272.12,272.44,32383.0
15:39,272.06,272.16,271.94,272.16,74965.0
15:40,271.97,272.06,271.9,272.0,40225.0
15:41,271.54,271.99,271.5,271.97,73560.0
15:42,271.36,271.64,271.32,271.55,58184.0
15:43,271.45,271.51,271.29,271.36,40880.0
15:44,271.33,271.48,271.26,271.45,88226.0
15:45,271.39,271.51,271.26,271.33,50437.0
15:46,271.49,271.49,271.15,271.4,64890.0
15:47,271.54,271.63,271.36,271.48,47500.0
15:48,271.77,271.79,271.52,271.55,65282.0
15:49,271.87,271.9,271.67,271.84,44390.0
15:50,271.52,272.04,271.52,271.86,95547.0
15:51,271.61,271.61,271.33,271.5,77261.0
15:52,271.41,271.76,271.41,271.76,69874.0
15:53,271.36,271.56,271.21,271.4,130768.0
15:54,271.89,271.89,271.31,271.36,109344.0
15:55,271.96,272.07,271.81,271.86,125182.0
15:56,271.78,272.01,271.75,271.95,120366.0
15:57,271.64,271.85,271.61,271.82,128188.0
15:58,271.67,271.78,271.58,271.67,215002.0
15:59,271.8,271.88,271.56,271.67,313230.0
