Time,Close,High,Low,Open,Volume
09:30,173.5,173.6,171.89,172.18,8559483.0
09:31,174.09,174.74,172.5,173.52,855402.0
09:32,175.01,175.15,173.83,174.09,822727.0
09:33,175.79,175.94,174.25,175.02,719214.0
09:34,174.81,175.98,174.54,175.84,709960.0
09:35,175.15,175.26,174.49,174.79,460890.0
09:36,176.11,176.18,175.02,175.17,640827.0
09:37,175.3,176.15,175.02,176.11,700886.0
09:38,176.89,177.13,175.19,175.3,584360.0
09:39,178.51,178.64,176.82,176.95,878944.0
09:40,178.5,178.76,177.86,178.49,606969.0
09:41,178.5,178.9,178.0,178.46,673223.0
09:42,177.71,178.78,177.7,178.48,556981.0
09:43,177.01,178.08,176.8,177.7,642627.0
09:44,176.61,177.48,176.43,177.01,568041.0
09:45,176.31,177.29,176.29,176.58,514397.0
09:46,176.57,176.86,176.21,176.28,423587.0
09:47,176.35,176.77,175.81,176.57,398209.0
09:48,176.85,176.9,175.91,176.41,418089.0
09:49,177.63,177.68,176.7,176.84,386509.0
09:50,177.62,177.91,177.25,177.62,319042.0
09:51,177.8,178.06,177.49,177.58,265607.0
09:52,177.56,178.08,177.29,177.82,410849.0
09:53,177.91,177.93,177.38,177.55,254648.0
09:54,177.65,177.93,177.2,177.92,289167.0
09:55,177.62,177.97,177.27,177.73,349756.0
09:56,178.39,178.44,177.55,177.6,448073.0
09:57,177.73,178.39,177.65,178.38,257669.0
09:58,177.85,178.1,177.33,177.72,306295.0
09:59,177.49,177.92,177.38,177.9,142063.0
10:00,178.08,178.26,178.02,178.19,628810.0
10:01,178.49,178.94,178.02,178.07,344080.0
10:02,179.05,179.2,178.45,178.51,505660.0
10:03,178.66,179.42,178.48,179.05,520827.0
10:04,178.75,178.8,178.24,178.67,280471.0
10:05,177.92,178.74,177.75,178.67,300734.0
10:06,177.22,177.93,176.77,177.93,436383.0
10:07,177.18,177.28,176.72,177.19,323249.0
10:08,177.45,177.53,176.99,177.18,292689.0
10:09,177.3,177.53,177.18,177.46,320309.0
10:10,178.13,178.13,177.15,177.35,290698.0
10:11,178.45,178.72,178.06,178.12,300397.0
10:12,178.02,178.66,177.97,178.4,228006.0
10:13,177.82,178.05,177.48,178.05,233497.0
10:14,177.68,177.81,177.38,177.75,300658.0
10:15,177.52,178.01,177.52,177.69,356728.0
10:16,177.85,177.99,177.49,177.52,167261.0
10:17,178.39,178.44,177.64,177.82,312145.0
10:18,177.85,178.37,177.82,178.35,244705.0
10:19,177.93,178.13,177.62,177.85,231921.0
10:20,178.35,178.65,177.79,177.94,215275.0
10:21,178.01,178.62,177.87,178.32,190286.0
10:22,178.07,178.07,177.46,178.01,202297.0
10:23,178.96,179.32,178.0,178.12,327346.0
10:24,178.26,179.35,178.25,178.96,410783.0
10:25,177.81,178.61,177.77,178.24,255839.0
10:26,178.1,178.29,177.63,177.77,240714.0
10:27,177.93,178.17,177.7,178.07,162660.0
10:28,178.03,178.16,177.47,177.87,286073.0
10:29,178.41,178.7,178.03,178.05,213954.0
10:30,178.93,178.95,178.32,178.51,273300.0
10:31,179.14,179.64,178.7,178.91,381715.0
10:32,179.83,179.98,178.97,179.12,379283.0
10:33,179.82,180.21,179.68,179.88,685719.0
10:34,180.09,180.42,179.82,179.82,259455.0
10:35,180.1,180.19,179.61,180.09,240857.0
10:36,179.75,180.12,179.56,180.12,274143.0
10:37,179.3,179.76,179.01,179.73,343436.0
10:38,178.88,179.3,178.67,179.22,279588.0
10:39,178.84,178.88,178.46,178.79,218186.0
10:40,178.9,178.91,178.42,178.82,289862.0
10:41,179.52,179.59,178.75,178.9,335999.0
10:42,179.88,179.98,179.42,179.49,378624.0
10:43,179.87,179.93,179.6,179.91,193027.0
10:44,179.4,179.8,179.34,179.8,239402.0
10:45,179.4,179.56,179.19,179.4,246787.0
10:46,179.45,179.63,179.36,179.4,271881.0
10:47,179.64,180.0,179.33,179.42,349174.0
10:48,178.64,179.68,178.53,179.62,326311.0
10:49,178.38,178.83,178.16,178.64,362690.0
10:50,177.97,178.62,177.89,178.37,320465.0
10:51,177.7,178.09,177.56,177.96,379199.0
10:52,176.9,177.73,176.9,177.68,299748.0
10:53,177.24,177.3,176.93,176.93,253990.0
10:54,177.39,177.55,176.96,177.21,428260.0
10:55,177.4,177.65,177.17,177.4,193643.0
10:56,176.87,177.54,176.83,177.43,253252.0
10:57,177.3,177.36,176.86,176.89,292673.0
10:58,177.49,177.59,177.22,177.3,218281.0
10:59,177.72,177.78,177.32,177.48,273931.0
11:00,178.29,178.39,177.6,177.7,407462.0
11:01,178.51,178.55,177.94,178.31,274882.0
11:02,178.02,178.57,177.91,178.48,242058.0
11:03,178.22,178.3,177.77,177.98,192359.0
11:04,178.61,178.71,178.17,178.21,234201.0
11:05,178.7,178.81,178.39,178.62,278215.0
11:06,179.16,179.44,178.46,178.7,258039.0
11:07,179.08,179.16,178.81,179.15,235089.0
11:08,179.32,179.58,179.04,179.04,209777.0
11:09,179.48,179.57,179.24,179.31,221209.0
11:10,179.36,179.69,179.32,179.49,220978.0
11:11,179.55,179.62,179.25,179.38,202332.0
11:12,179.49,179.7,179.2,179.52,252884.0
11:13,179.24,179.5,178.95,179.49,189613.0
11:14,178.88,179.51,178.8,179.22,198542.0
11:15,179.73,179.74,178.91,178.91,297533.0
11:16,179.48,179.88,179.4,179.71,239340.0
11:17,179.65,179.71,179.42,179.47,146539.0
11:18,179.7,179.73,179.25,179.66,138364.0
11:19,179.65,179.89,179.58,179.7,170806.0
11:20,179.95,180.0,179.63,179.63,287035.0
11:21,179.58,180.05,179.53,179.96,386769.0
11:22,179.54,179.71,179.44,179.57,127806.0
11:23,179.75,179.77,179.54,179.57,131325.0
11:24,179.88,180.03,179.72,179.75,227738.0
11:25,179.72,179.94,179.6,179.87,200904.0
11:26,179.9,179.9,179.37,179.71,161816.0
11:27,180.12,180.18,179.85,179.87,225412.0
11:28,179.86,180.16,179.83,180.11,223583.0
11:29,179.76,180.0,179.65,179.83,171030.0
11:30,180.42,180.47,179.66,179.75,293124.0
11:31,179.96,180.5,179.95,180.41,218762.0
11:32,179.54,180.02,179.42,179.96,249739.0
11:33,178.93,179.55,178.75,179.55,220171.0
11:34,178.57,179.0,178.53,178.93,170330.0
11:35,178.24,178.82,178.18,178.57,426758.0
11:36,178.88,179.03,178.17,178.22,262189.0
11:37,178.9,179.23,178.82,178.84,205920.0
11:38,178.98,179.18,178.75,178.9,168969.0
11:39,178.46,179.04,178.43,178.97,159113.0
11:40,178.5,178.66,178.34,178.44,139197.0
11:41,177.9,178.55,177.76,178.5,227589.0
11:42,177.82,178.08,177.78,177.88,178869.0
11:43,177.97,178.07,177.75,177.84,195944.0
11:44,177.89,178.09,177.77,177.99,252547.0
11:45,178.3,178.33,177.91,177.95,148558.0
11:46,178.43,178.54,178.24,178.29,310184.0
11:47,179.16,179.6,178.35,178.45,484236.0
11:48,179.71,179.78,179.05,179.16,381234.0
11:49,179.34,179.95,179.19,179.72,241992.0
11:50,179.61,179.7,178.96,179.3,174125.0
11:51,179.22,179.74,179.14,179.65,204502.0
11:52,179.53,179.53,179.14,179.24,156075.0
11:53,179.3,179.69,179.26,179.51,143560.0
11:54,179.07,179.45,178.77,179.27,189573.0
11:55,178.95,179.21,178.85,179.06,166408.0
11:56,178.89,178.97,178.51,178.97,129743.0
11:57,178.69,178.98,178.65,178.91,129612.0
11:58,178.52,178.83,178.51,178.72,124003.0
11:59,178.73,178.82,178.39,178.54,163097.0
12:00,178.32,178.8,178.13,178.71,258498.0
12:01,178.18,178.33,178.08,178.32,112510.0
12:02,178.41,178.49,178.05,178.21,106801.0
12:03,178.24,178.69,178.24,178.4,127003.0
12:04,178.01,178.33,177.98,178.28,119944.0
12:05,178.42,178.45,177.88,177.99,118186.0
12:06,178.27,178.68,178.27,178.41,115591.0
12:07,178.69,178.78,178.15,178.24,110191.0
12:08,178.93,178.93,178.62,178.72,122200.0
12:09,179.3,179.31,178.89,178.93,156195.0
12:10,179.59,179.75,179.07,179.31,249554.0
12:11,179.59,179.66,179.4,179.59,154901.0
12:12,179.82,179.84,179.52,179.65,157150.0
12:13,180.07,180.11,179.83,179.85,321816.0
12:14,180.31,180.68,180.04,180.07,327305.0
12:15,180.61,180.8,180.2,180.28,220714.0
12:16,180.88,180.99,180.45,180.62,255859.0
12:17,180.56,181.07,180.5,180.88,300773.0
12:18,180.4,180.76,180.37,180.56,192838.0
12:19,180.4,180.55,180.22,180.4,140995.0
12:20,180.13,180.44,180.07,180.42,128056.0
12:21,180.04,180.3,179.78,180.13,138638.0
12:22,179.81,180.12,179.81,180.05,155152.0
12:23,179.69,179.88,179.34,179.83,163410.0
12:24,179.18,179.68,179.17,179.68,275233.0
12:25,179.57,179.57,179.13,179.19,154356.0
12:26,179.86,179.89,179.43,179.57,163596.0
12:27,179.91,180.1,179.69,179.87,156500.0
12:28,179.67,180.12,179.67,179.93,124354.0
12:29,179.59,179.81,179.49,179.71,76610.0
12:30,179.55,179.69,179.24,179.58,112867.0
12:31,179.57,179.78,179.46,179.61,114205.0
12:32,179.68,179.7,179.43,179.57,77887.0
12:33,179.51,179.87,179.5,179.66,78944.0
12:34,179.81,179.84,179.47,179.52,93638.0
12:35,180.12,180.18,179.79,179.88,127870.0
12:36,179.9,180.1,179.71,180.1,116444.0
12:37,179.8,179.95,179.65,179.91,100333.0
12:38,179.77,179.82,179.58,179.82,63326.0
12:39,179.92,179.99,179.79,179.81,64729.0
12:40,179.65,179.99,179.57,179.91,92933.0
12:41,179.84,179.86,179.53,179.63,73252.0
12:42,179.74,179.91,179.65,179.82,93614.0
12:43,179.94,180.0,179.74,179.82,144354.0
12:44,179.93,180.03,179.76,179.91,167910.0
12:45,179.55,180.03,179.45,179.97,121532.0
12:46,179.91,180.19,179.43,179.54,124055.0
12:47,179.74,180.07,179.74,179.91,86546.0
12:48,179.94,180.07,179.7,179.76,83185.0
12:49,180.14,180.15,179.94,179.94,125956.0
12:50,180.69,180.73,180.14,180.14,302727.0
12:51,180.57,180.84,180.57,180.67,222649.0
12:52,180.53,180.7,180.43,180.57,231004.0
12:53,180.59,180.68,180.34,180.53,125653.0
12:54,180.73,180.73,180.47,180.61,119434.0
12:55,180.8,180.87,180.57,180.73,116129.0
12:56,180.91,181.01,180.76,180.79,161580.0
12:57,181.19,181.22,180.82,180.9,159938.0
12:58,181.16,181.35,181.08,181.21,275817.0
12:59,181.07,181.29,181.07,181.16,236011.0
13:00,181.15,181.2,181.0,181.1,97298.0
13:01,181.43,181.45,180.98,181.11,162483.0
13:02,182.55,182.97,181.39,181.41,568475.0
13:03,182.36,182.59,181.92,182.58,308653.0
13:04,183.0,183.01,182.28,182.36,280600.0
13:05,182.84,183.02,182.48,182.99,332409.0
13:06,181.6,182.92,181.49,182.8,297340.0
13:07,181.14,181.77,180.92,181.57,223885.0
13:08,180.94,181.4,180.92,181.13,187067.0
13:09,180.95,181.15,180.88,180.95,230694.0
13:10,180.62,181.1,180.56,180.89,151913.0
13:11,180.74,181.07,180.57,180.64,230710.0
13:12,181.37,181.43,180.73,180.75,143282.0
13:13,181.38,181.54,181.17,181.38,123190.0
13:14,181.7,181.72,181.1,181.38,131940.0
13:15,181.62,181.81,181.37,181.73,103665.0
13:16,182.34,182.55,181.64,181.64,216969.0
13:17,182.09,182.35,182.0,182.34,140981.0
13:18,180.25,182.24,179.3,182.11,627013.0
13:19,186.53,187.45,179.64,180.15,1531271.0
13:20,186.65,188.77,183.66,186.5,1095803.0
13:21,186.51,188.25,186.38,186.71,761006.0
13:22,188.95,189.0,184.63,186.51,737155.0
13:23,189.13,189.6,187.54,188.99,815841.0
13:24,189.82,189.91,188.28,189.05,994400.0
13:25,191.61,192.19,189.7,189.75,985263.0
13:26,192.93,193.47,191.59,191.65,872488.0
13:27,193.63,194.49,192.88,192.95,827677.0
13:28,188.54,193.57,188.38,193.55,925156.0
13:29,188.52,190.63,187.51,188.54,917482.0
13:30,189.41,189.71,188.13,188.51,732840.0
13:31,190.84,191.09,189.38,189.44,738493.0
13:32,191.13,191.31,189.75,190.84,547250.0
13:33,191.6,191.74,190.59,191.17,492455.0
13:34,192.44,192.5,191.6,191.67,619658.0
13:35,193.74,194.87,192.01,192.36,729518.0
13:36,191.77,194.04,191.62,193.74,707740.0
13:37,193.12,194.2,191.53,191.8,729242.0
13:38,191.72,193.36,191.53,193.12,698705.0
13:39,190.16,192.21,189.82,191.73,706110.0
13:40,191.14,191.22,189.4,190.17,775104.0
13:41,191.26,192.16,190.92,191.22,414224.0
13:42,191.1,191.35,190.25,191.27,348099.0
13:43,190.16,191.18,189.47,191.09,470586.0
13:44,189.69,190.45,188.91,190.23,484183.0
13:45,190.67,190.67,189.69,189.69,481328.0
13:46,192.02,192.36,190.59,190.63,425188.0
13:47,191.04,192.11,190.65,192.06,375554.0
13:48,192.15,192.4,190.98,191.05,436466.0
13:49,191.69,192.87,191.53,192.19,329488.0
13:50,191.19,192.27,191.0,191.75,470367.0
13:51,191.96,191.98,190.94,191.2,362201.0
13:52,191.37,192.29,191.24,191.96,333989.0
13:53,191.23,191.61,190.83,191.52,383252.0
13:54,192.31,192.38,190.7,191.18,400018.0
13:55,191.54,192.3,191.26,192.3,264747.0
13:56,192.42,192.66,191.31,191.43,266006.0
13:57,193.06,193.25,192.37,192.45,446774.0
13:58,192.89,193.38,192.83,193.01,372530.0
13:59,193.1,193.2,192.34,192.93,383133.0
14:00,192.87,194.65,192.68,193.1,603412.0
14:01,193.23,193.75,192.79,192.84,394469.0
14:02,193.82,194.36,192.9,193.18,478620.0
14:03,193.67,194.08,192.61,193.81,622157.0
14:04,192.89,193.97,192.57,193.72,367970.0
14:05,192.37,193.57,192.31,192.87,411158.0
14:06,192.39,192.97,192.26,192.38,436591.0
14:07,192.13,192.96,192.05,192.43,489710.0
14:08,191.62,192.17,191.4,192.16,493605.0
14:09,192.2,192.31,191.23,191.64,364321.0
14:10,191.82,192.32,191.41,192.21,333278.0
14:11,191.42,192.05,191.4,191.77,325111.0
14:12,191.46,191.94,191.22,191.48,375705.0
14:13,190.49,191.57,190.43,191.46,361385.0
14:14,190.1,190.85,190.02,190.49,410991.0
14:15,189.55,190.36,189.51,190.1,551449.0
14:16,189.61,190.02,189.42,189.53,392393.0
14:17,189.65,190.0,188.92,189.63,505766.0
14:18,190.13,190.19,189.47,189.69,365625.0
14:19,188.64,190.36,188.55,190.13,536028.0
14:20,188.74,189.21,188.18,188.68,382437.0
14:21,188.85,189.15,188.59,188.71,296785.0
14:22,189.46,189.71,188.77,188.86,352604.0
14:23,190.48,190.57,189.44,189.47,413316.0
14:24,190.68,191.3,190.49,190.55,391154.0
14:25,190.71,191.49,190.46,190.9,271454.0
14:26,190.26,190.91,189.83,190.74,348268.0
14:27,191.04,191.04,190.16,190.2,419291.0
14:28,190.74,191.3,190.29,191.09,303382.0
14:29,190.8,191.14,190.41,190.77,352586.0
14:30,190.73,191.34,190.58,190.79,308129.0
14:31,190.7,191.25,190.52,190.69,258542.0
14:32,190.76,191.05,190.42,190.75,203378.0
14:33,189.91,190.79,189.65,190.79,290622.0
14:34,189.34,189.92,188.92,189.9,386711.0
14:35,189.91,190.7,189.15,189.28,337000.0
14:36,189.62,190.12,189.35,189.9,265431.0
14:37,189.71,189.82,189.1,189.66,367415.0
14:38,189.13,190.0,188.7,189.72,296568.0
14:39,189.03,189.49,188.87,189.1,328101.0
14:40,188.68,189.5,188.36,189.13,368770.0
14:41,188.58,189.0,187.76,188.72,568292.0
14:42,187.19,188.6,187.07,188.54,412259.0
14:43,187.16,188.25,186.73,187.21,575975.0
14:44,186.66,187.24,186.17,187.22,473490.0
14:45,186.49,187.85,186.38,186.71,435330.0
14:46,187.55,187.68,186.03,186.51,467737.0
14:47,187.05,187.74,186.91,187.58,253493.0
14:48,187.81,187.92,186.67,187.07,396223.0
14:49,187.11,188.17,187.09,187.77,348097.0
14:50,187.34,187.53,186.88,187.15,387012.0
14:51,187.36,187.77,187.12,187.34,295223.0
14:52,187.47,188.15,187.27,187.33,286786.0
14:53,186.7,188.5,186.58,187.49,361750.0
14:54,186.65,187.24,186.3,186.76,270282.0
14:55,185.96,186.94,185.86,186.66,338170.0
14:56,185.69,186.19,185.56,185.94,485437.0
14:57,185.43,186.18,185.24,185.73,475813.0
14:58,185.15,185.9,184.92,185.34,454872.0
14:59,184.86,185.25,184.18,185.13,457825.0
15:00,184.36,185.14,183.87,184.9,451564.0
15:01,184.64,185.0,184.19,184.24,391140.0
15:02,185.83,185.97,184.63,184.67,530892.0
15:03,185.89,186.63,185.51,185.88,331019.0
15:04,186.21,186.22,185.78,185.88,240238.0
15:05,186.04,186.42,185.76,186.18,228951.0
15:06,185.57,186.26,185.46,186.17,239415.0
15:07,186.14,186.15,185.18,185.62,250944.0
15:08,186.37,186.42,185.93,186.15,228437.0
15:09,187.2,187.26,186.2,186.44,348407.0
15:10,187.52,187.83,187.16,187.19,289749.0
15:11,187.43,187.87,187.2,187.54,269160.0
15:12,187.7,187.83,187.31,187.48,255065.0
15:13,188.06,188.58,187.7,187.74,408474.0
15:14,188.79,189.04,187.84,188.12,420828.0
15:15,188.63,188.9,188.51,188.83,247228.0
15:16,188.92,189.13,188.48,188.63,349615.0
15:17,189.96,190.68,188.61,188.9,961340.0
15:18,190.69,190.99,189.75,189.92,1016837.0
15:19,191.89,191.96,190.61,190.73,952363.0
15:20,193.15,193.35,191.87,191.93,1386614.0
15:21,195.23,195.65,192.93,193.14,1809079.0
15:22,196.72,196.8,194.49,195.11,1540716.0
15:23,197.93,198.22,196.4,196.65,1501681.0
15:24,197.43,198.98,197.0,198.0,1180902.0
15:25,197.22,198.0,196.47,197.46,948548.0
15:26,196.7,197.41,196.14,197.22,682530.0
15:27,196.93,196.99,196.02,196.74,656814.0
15:28,195.85,197.29,195.78,196.9,494737.0
15:29,196.06,196.51,195.85,195.89,581679.0
15:30,197.15,197.19,195.91,196.0,545246.0
15:31,197.84,198.16,197.14,197.19,643393.0
15:32,198.66,198.84,197.71,197.84,718824.0
15:33,197.94,198.7,197.82,198.69,549550.0
15:34,198.25,198.29,197.42,197.96,408335.0
15:35,197.59,198.35,197.57,198.25,475086.0
15:36,196.88,197.71,196.81,197.64,484249.0
15:37,197.17,197.32,196.82,196.9,363110.0
15:38,197.73,197.89,196.69,197.12,434723.0
15:39,198.37,198.54,197.67,197.7,453703.0
15:40,197.85,198.43,197.79,198.37,451520.0
15:41,196.82,197.78,196.6,197.75,451367.0
15:42,196.46,196.85,196.22,196.82,383635.0
15:43,196.59,196.75,196.29,196.46,370594.0
15:44,196.76,196.97,196.15,196.65,456681.0
15:45,196.96,197.02,196.45,196.81,397312.0
15:46,197.2,197.35,196.77,196.96,349584.0
15:47,197.73,197.87,196.98,197.19,446316.0
15:48,197.92,198.08,197.75,197.75,518337.0
15:49,198.71,198.73,197.92,197.94,484369.0
15:50,200.05,200.2,198.73,198.73,1502423.0
15:51,199.88,200.36,199.58,200.09,1109145.0
15:52,199.93,200.61,199.86,199.92,760659.0
15:53,199.4,200.26,199.4,199.97,883477.0
15:54,199.4,200.29,199.13,199.42,965457.0
15:55,199.22,200.13,198.91,199.44,1045210.0
15:56,198.77,199.33,198.43,199.22,856752.0
15:57,198.82,198.99,198.72,198.79,972692.0
15:58,198.59,199.07,198.53,198.86,1146182.0
15:59,198.85,199.05,198.19,198.59,2319452.0
