Time,Close,High,Low,Open,Volume
09:30,201.73,202.1,201.44,201.9,1801077.0
09:31,202.29,202.36,201.26,201.65,422986.0
09:32,202.73,202.89,202.29,202.36,545353.0
09:33,203.02,203.22,202.39,202.67,442286.0
09:34,202.84,203.05,202.79,203.02,287740.0
09:35,202.48,202.89,202.33,202.81,254763.0
09:36,202.51,202.81,202.45,202.5,251942.0
09:37,202.29,202.53,202.16,202.49,178494.0
09:38,202.32,202.47,202.15,202.28,169557.0
09:39,202.29,202.49,202.14,202.36,146502.0
09:40,202.51,202.53,202.13,202.3,157245.0
09:41,202.01,202.53,202.01,202.5,197208.0
09:42,202.05,202.13,201.93,202.02,136828.0
09:43,202.3,202.4,201.99,202.05,127518.0
09:44,202.19,202.31,202.14,202.3,92185.0
09:45,202.21,202.37,202.09,202.23,137255.0
09:46,202.32,202.4,202.14,202.19,96718.0
09:47,202.21,202.45,202.13,202.35,167425.0
09:48,202.34,202.38,202.21,202.21,84561.0
09:49,202.51,202.58,202.23,202.36,140669.0
09:50,202.68,202.7,202.45,202.51,167094.0
09:51,202.98,202.98,202.66,202.68,194179.0
09:52,202.85,203.06,202.78,203.06,221850.0
09:53,203.04,203.04,202.7,202.83,114459.0
09:54,202.84,203.13,202.79,203.04,147222.0
09:55,202.87,202.93,202.65,202.85,167135.0
09:56,202.94,202.94,202.73,202.89,151616.0
09:57,202.74,202.96,202.72,202.94,126566.0
09:58,202.76,202.87,202.66,202.75,141832.0
09:59,202.8,202.85,202.65,202.77,156599.0
10:00,202.96,202.97,202.58,202.85,228561.0
10:01,202.81,202.99,202.62,202.96,152897.0
10:02,202.81,202.87,202.74,202.83,86280.0
10:03,202.7,202.8,202.58,202.8,97073.0
10:04,202.77,202.92,202.71,202.71,77224.0
10:05,202.75,202.88,202.69,202.81,79867.0
10:06,202.44,202.76,202.41,202.74,140139.0
10:07,202.4,202.49,202.33,202.44,122548.0
10:08,202.3,202.4,202.22,202.4,109337.0
10:09,202.14,202.46,202.1,202.33,233297.0
10:10,202.16,202.21,202.05,202.13,181531.0
10:11,202.34,202.36,202.11,202.18,182976.0
10:12,202.36,202.4,202.25,202.32,109521.0
10:13,202.21,202.36,202.2,202.36,84418.0
10:14,202.08,202.23,202.03,202.21,111444.0
10:15,202.13,202.2,202.06,202.07,69434.0
10:16,202.01,202.19,201.92,202.12,184806.0
10:17,201.91,202.02,201.82,202.02,128233.0
10:18,201.85,201.92,201.76,201.92,120363.0
10:19,201.95,202.0,201.85,201.85,112892.0
10:20,201.81,201.96,201.74,201.95,132390.0
10:21,201.73,201.85,201.68,201.81,131020.0
10:22,201.99,201.99,201.71,201.73,104604.0
10:23,201.93,202.04,201.81,201.99,142522.0
10:24,201.72,201.97,201.7,201.92,134321.0
10:25,201.62,201.73,201.55,201.72,134567.0
10:26,201.56,201.68,201.43,201.62,187321.0
10:27,201.61,201.62,201.43,201.56,120650.0
10:28,201.61,201.7,201.55,201.62,96745.0
10:29,201.58,201.67,201.51,201.61,169071.0
10:30,201.57,201.66,201.49,201.59,157782.0
10:31,201.32,201.56,201.3,201.56,160847.0
10:32,201.39,201.47,201.26,201.32,211348.0
10:33,201.05,201.42,201.03,201.38,240974.0
10:34,201.33,201.36,200.97,201.04,279952.0
10:35,201.46,201.54,201.29,201.32,155614.0
10:36,201.55,201.6,201.45,201.46,120731.0
10:37,201.76,201.79,201.46,201.55,155885.0
10:38,201.91,201.91,201.88,201.89,119259.0
10:39,201.86,201.95,201.77,201.93,137651.0
10:40,201.82,201.88,201.75,201.85,61942.0
10:41,201.74,201.83,201.74,201.81,64459.0
10:42,201.69,201.89,201.67,201.75,119959.0
10:43,201.65,201.73,201.55,201.7,115857.0
10:44,201.59,201.68,201.53,201.66,130014.0
10:45,201.48,201.6,201.46,201.59,74295.0
10:46,201.57,201.58,201.41,201.49,78422.0
10:47,201.48,201.56,201.43,201.55,85289.0
10:48,201.36,201.51,201.34,201.48,64422.0
10:49,201.29,201.35,201.25,201.34,188038.0
10:50,201.39,201.41,201.22,201.29,90680.0
10:51,201.15,201.4,201.15,201.4,96673.0
10:52,201.08,201.14,200.85,201.14,304263.0
10:53,201.29,201.33,201.05,201.07,129243.0
10:54,201.26,201.43,201.23,201.29,147650.0
10:55,201.1,201.27,201.0,201.24,138197.0
10:56,201.12,201.13,201.05,201.1,32330.0
10:57,201.1,201.17,201.09,201.1,80751.0
10:58,201.18,201.22,201.03,201.11,83878.0
10:59,201.2,201.26,201.15,201.18,63960.0
11:00,201.16,201.24,201.15,201.21,76761.0
11:01,201.03,201.24,201.0,201.16,84297.0
11:02,201.01,201.2,201.01,201.02,81372.0
11:03,201.04,201.04,200.96,201.01,147206.0
11:04,201.05,201.12,200.99,201.04,83899.0
11:05,201.06,201.07,200.99,201.03,86866.0
11:06,201.32,201.36,201.06,201.06,110155.0
11:07,201.31,201.41,201.3,201.33,102499.0
11:08,201.42,201.44,201.29,201.31,93021.0
11:09,201.27,201.43,201.21,201.42,77947.0
11:10,201.34,201.37,201.27,201.27,45832.0
11:11,201.28,201.43,201.28,201.33,78323.0
11:12,201.26,201.39,201.25,201.29,47853.0
11:13,201.32,201.35,201.25,201.26,59221.0
11:14,201.26,201.32,201.23,201.31,66822.0
11:15,201.19,201.29,201.16,201.26,79732.0
11:16,201.21,201.21,201.12,201.15,108829.0
11:17,201.21,201.23,201.12,201.2,98936.0
11:18,201.2,201.24,201.19,201.22,49844.0
11:19,201.23,201.24,201.14,201.18,44843.0
11:20,201.19,201.23,201.13,201.23,42515.0
11:21,201.18,201.24,201.12,201.2,55145.0
11:22,201.16,201.2,201.12,201.18,53501.0
11:23,201.18,201.23,201.16,201.17,59594.0
11:24,201.19,201.2,201.14,201.18,53541.0
11:25,201.21,201.23,201.16,201.19,42950.0
11:26,201.24,201.25,201.15,201.2,46743.0
11:27,201.25,201.34,201.22,201.24,97728.0
11:28,201.32,201.32,201.3,201.3,43971.0
11:29,201.38,201.42,201.25,201.32,59298.0
11:30,201.46,201.55,201.39,201.4,180996.0
11:31,201.46,201.53,201.41,201.47,81577.0
11:32,201.61,201.62,201.46,201.48,118431.0
11:33,201.6,201.62,201.57,201.62,69851.0
11:34,201.55,201.6,201.54,201.6,56305.0
11:35,201.6,201.62,201.52,201.57,57497.0
11:36,201.68,201.72,201.56,201.6,83991.0
11:37,201.68,201.73,201.66,201.68,70442.0
11:38,201.73,201.74,201.65,201.67,56604.0
11:39,201.69,201.73,201.65,201.73,46918.0
11:40,201.73,201.79,201.61,201.7,116208.0
11:41,201.66,201.77,201.65,201.74,50932.0
11:42,201.68,201.71,201.65,201.67,69956.0
11:43,201.78,201.79,201.65,201.68,38321.0
11:44,201.75,201.81,201.71,201.78,52361.0
11:45,201.77,201.81,201.74,201.76,59084.0
11:46,201.81,201.84,201.77,201.79,65788.0
11:47,201.88,201.9,201.79,201.8,60732.0
11:48,201.8,201.88,201.8,201.88,47385.0
11:49,201.89,201.9,201.74,201.81,57399.0
11:50,201.85,201.91,201.82,201.89,44697.0
11:51,201.81,201.91,201.81,201.85,62209.0
11:52,201.84,201.9,201.83,201.89,50678.0
11:53,201.89,201.9,201.8,201.83,67610.0
11:54,201.89,201.92,201.87,201.88,66534.0
11:55,201.99,202.01,201.88,201.88,153863.0
11:56,201.92,202.01,201.87,201.99,76805.0
11:57,201.95,202.04,201.86,201.93,152962.0
11:58,202.02,202.05,201.94,201.95,110542.0
11:59,201.88,202.03,201.87,202.02,83388.0
12:00,201.74,201.9,201.73,201.88,107749.0
12:01,201.69,201.77,201.65,201.75,85071.0
12:02,201.73,201.8,201.68,201.69,93645.0
12:03,201.78,201.82,201.69,201.72,71213.0
12:04,201.76,201.81,201.71,201.78,94015.0
12:05,201.73,201.78,201.73,201.76,53243.0
12:06,201.7,201.74,201.62,201.71,75256.0
12:07,201.65,201.73,201.63,201.69,51545.0
12:08,201.68,201.7,201.57,201.64,77149.0
12:09,201.81,201.83,201.68,201.68,54543.0
12:10,201.79,201.84,201.75,201.79,62239.0
12:11,201.81,201.84,201.79,201.79,41541.0
12:12,201.92,201.93,201.78,201.82,67957.0
12:13,201.99,202.03,201.9,201.93,74748.0
12:14,201.96,202.02,201.91,201.99,80085.0
12:15,201.92,201.97,201.89,201.97,43127.0
12:16,201.86,201.94,201.86,201.94,55790.0
12:17,201.84,201.89,201.79,201.85,45494.0
12:18,201.82,201.86,201.78,201.83,46132.0
12:19,201.79,201.83,201.74,201.82,41810.0
12:20,201.82,201.85,201.76,201.78,75724.0
12:21,201.88,201.89,201.77,201.82,75304.0
12:22,201.95,201.95,201.88,201.88,55570.0
12:23,201.91,201.95,201.89,201.95,41436.0
12:24,201.89,201.94,201.88,201.92,43333.0
12:25,201.98,202.0,201.87,201.88,66541.0
12:26,201.9,201.98,201.89,201.98,29320.0
12:27,201.94,201.99,201.9,201.9,41386.0
12:28,201.95,202.0,201.92,201.95,34136.0
12:29,201.99,202.0,201.94,201.96,47503.0
12:30,201.99,202.03,201.93,201.99,79369.0
12:31,202.03,202.04,201.95,201.99,58823.0
12:32,202.04,202.13,202.01,202.03,154665.0
12:33,202.02,202.05,201.98,202.04,54388.0
12:34,201.95,202.02,201.94,202.02,59152.0
12:35,201.92,201.96,201.86,201.96,50373.0
12:36,201.9,201.95,201.84,201.93,41901.0
12:37,201.93,201.94,201.87,201.89,30174.0
12:38,201.79,201.92,201.78,201.92,66578.0
12:39,201.87,201.9,201.77,201.79,57016.0
12:40,201.84,201.9,201.81,201.88,33619.0
12:41,201.79,201.85,201.77,201.84,37698.0
12:42,201.74,201.82,201.73,201.79,51169.0
12:43,201.8,201.83,201.74,201.75,32627.0
12:44,201.89,201.9,201.76,201.8,48543.0
12:45,201.94,201.96,201.83,201.88,73869.0
12:46,201.9,201.95,201.88,201.93,39819.0
12:47,201.94,202.0,201.88,201.9,83487.0
12:48,201.96,201.98,201.92,201.94,37599.0
12:49,201.96,201.97,201.91,201.96,45259.0
12:50,201.96,201.97,201.93,201.96,34285.0
12:51,202.04,202.1,201.96,201.97,115965.0
12:52,202.1,202.1,202.02,202.04,58978.0
12:53,202.2,202.21,202.05,202.1,74003.0
12:54,202.17,202.33,202.13,202.21,135372.0
12:55,202.19,202.19,202.11,202.15,92034.0
12:56,202.24,202.25,202.17,202.18,80145.0
12:57,202.46,202.46,202.24,202.24,153136.0
12:58,202.49,202.5,202.38,202.46,101657.0
12:59,202.6,202.63,202.51,202.51,242600.0
13:00,202.59,202.63,202.46,202.58,145360.0
13:01,202.52,202.6,202.46,202.59,75870.0
13:02,202.33,202.51,202.33,202.51,131598.0
13:03,202.38,202.4,202.26,202.35,73225.0
13:04,202.29,202.38,202.26,202.38,44280.0
13:05,202.34,202.35,202.28,202.3,44093.0
13:06,202.32,202.38,202.28,202.34,50618.0
13:07,202.43,202.47,202.31,202.33,74174.0
13:08,202.37,202.45,202.35,202.44,47995.0
13:09,202.32,202.39,202.29,202.36,37759.0
13:10,202.31,202.4,202.3,202.31,75390.0
13:11,202.34,202.38,202.27,202.32,67254.0
13:12,202.46,202.5,202.34,202.35,75890.0
13:13,202.52,202.53,202.44,202.46,52669.0
13:14,202.67,202.7,202.5,202.52,158090.0
13:15,202.54,202.69,202.53,202.69,61757.0
13:16,202.62,202.65,202.51,202.54,75822.0
13:17,202.42,202.66,202.4,202.62,77296.0
13:18,202.32,202.43,202.31,202.42,71701.0
13:19,202.36,202.38,202.3,202.31,76036.0
13:20,202.32,202.39,202.21,202.37,87296.0
13:21,202.33,202.38,202.27,202.3,54041.0
13:22,202.25,202.38,202.24,202.32,104414.0
13:23,202.18,202.27,202.17,202.24,59090.0
13:24,202.08,202.18,202.08,202.16,62038.0
13:25,202.11,202.14,202.03,202.09,51349.0
13:26,202.11,202.13,202.02,202.11,63166.0
13:27,202.13,202.18,202.07,202.11,159044.0
13:28,202.1,202.14,202.09,202.12,66145.0
13:29,202.08,202.13,202.06,202.09,52147.0
13:30,202.09,202.11,202.06,202.08,190200.0
13:31,202.07,202.11,202.03,202.07,76395.0
13:32,202.01,202.08,201.96,202.08,74858.0
13:33,201.93,202.03,201.9,202.0,58404.0
13:34,201.72,201.95,201.72,201.93,78996.0
13:35,201.53,201.73,201.5,201.73,151560.0
13:36,201.49,201.54,201.48,201.51,88963.0
13:37,201.46,201.51,201.43,201.49,68460.0
13:38,201.51,201.52,201.4,201.46,143467.0
13:39,201.47,201.5,201.45,201.48,99287.0
13:40,201.53,201.54,201.45,201.46,141446.0
13:41,201.58,201.63,201.5,201.54,71797.0
13:42,201.55,201.62,201.52,201.57,65023.0
13:43,201.46,201.62,201.42,201.56,93947.0
13:44,201.3,201.51,201.09,201.45,318805.0
13:45,201.18,201.29,201.13,201.29,136666.0
13:46,201.28,201.29,200.93,201.18,179586.0
13:47,201.31,201.38,201.21,201.26,71071.0
13:48,201.23,201.33,201.23,201.3,51400.0
13:49,201.23,201.32,201.21,201.22,59725.0
13:50,201.24,201.25,201.11,201.22,50517.0
13:51,201.25,201.32,201.14,201.22,57820.0
13:52,201.35,201.39,201.24,201.24,67609.0
13:53,201.38,201.43,201.34,201.37,60799.0
13:54,201.37,201.43,201.31,201.36,75152.0
13:55,201.3,201.36,201.24,201.35,63507.0
13:56,201.3,201.33,201.19,201.32,89747.0
13:57,201.39,201.49,201.29,201.31,150291.0
13:58,201.4,201.49,201.38,201.38,67109.0
13:59,201.37,201.51,201.37,201.4,90733.0
14:00,201.27,201.39,201.2,201.38,79490.0
14:01,201.28,201.32,201.24,201.27,72702.0
14:02,201.33,201.34,201.26,201.29,50028.0
14:03,201.38,201.42,201.33,201.33,83527.0
14:04,201.46,201.49,201.34,201.39,74570.0
14:05,201.56,201.58,201.46,201.46,209240.0
14:06,201.56,201.63,201.55,201.58,66492.0
14:07,201.52,201.58,201.5,201.57,88861.0
14:08,201.58,201.6,201.49,201.51,82924.0
14:09,201.53,201.6,201.52,201.58,45625.0
14:10,201.55,201.58,201.52,201.52,35122.0
14:11,201.51,201.55,201.48,201.55,50540.0
14:12,201.38,201.52,201.34,201.51,68729.0
14:13,201.28,201.38,201.25,201.38,78115.0
14:14,201.24,201.3,201.22,201.27,83390.0
14:15,201.42,201.44,201.24,201.24,50649.0
14:16,201.43,201.44,201.37,201.41,43882.0
14:17,201.49,201.51,201.42,201.42,39858.0
14:18,201.3,201.48,201.29,201.48,58065.0
14:19,201.27,201.33,201.13,201.29,94733.0
14:20,201.33,201.37,201.22,201.28,57370.0
14:21,201.52,201.53,201.28,201.33,70802.0
14:22,201.51,201.54,201.41,201.52,72689.0
14:23,201.46,201.55,201.46,201.5,52965.0
14:24,201.58,201.62,201.46,201.46,68387.0
14:25,201.61,201.62,201.55,201.57,119572.0
14:26,201.57,201.66,201.57,201.63,54554.0
14:27,201.55,201.6,201.49,201.57,59985.0
14:28,201.43,201.61,201.43,201.55,82331.0
14:29,201.44,201.5,201.43,201.47,59209.0
14:30,201.3,201.52,201.26,201.45,106455.0
14:31,201.35,201.43,201.25,201.29,111204.0
14:32,201.45,201.48,201.3,201.36,70984.0
14:33,201.39,201.48,201.39,201.45,59556.0
14:34,201.41,201.44,201.37,201.39,72923.0
14:35,201.47,201.51,201.4,201.41,66303.0
14:36,201.31,201.49,201.31,201.47,70625.0
14:37,201.22,201.32,201.2,201.31,83737.0
14:38,201.18,201.24,201.14,201.21,117114.0
14:39,201.07,201.25,201.06,201.18,89071.0
14:40,201.02,201.16,200.94,201.08,168627.0
14:41,201.04,201.05,200.9,201.02,150021.0
14:42,201.05,201.1,200.95,201.04,119884.0
14:43,201.03,201.14,201.03,201.05,103891.0
14:44,201.19,201.22,201.02,201.02,117257.0
14:45,201.24,201.27,201.13,201.18,113396.0
14:46,201.19,201.2,201.16,201.18,104712.0
14:47,201.19,201.2,201.12,201.18,105017.0
14:48,201.16,201.19,201.16,201.19,121759.0
14:49,201.16,201.16,201.11,201.16,138501.0
14:50,201.08,201.2,201.04,201.17,70349.0
14:51,201.07,201.19,201.01,201.09,109476.0
14:52,200.94,201.13,200.93,201.08,63127.0
14:53,201.12,201.15,200.93,200.93,66194.0
14:54,201.11,201.13,201.08,201.09,50814.0
14:55,200.86,201.12,200.86,201.1,89045.0
14:56,200.87,200.94,200.79,200.88,123112.0
14:57,200.88,201.01,200.84,200.87,83357.0
14:58,200.97,200.99,200.8,200.86,65143.0
14:59,200.9,200.98,200.9,200.98,71869.0
15:00,200.91,200.97,200.84,200.91,73895.0
15:01,200.91,200.97,200.87,200.91,55704.0
15:02,200.92,200.97,200.88,200.91,71354.0
15:03,200.9,200.96,200.88,200.94,76046.0
15:04,200.99,201.01,200.87,200.91,87331.0
15:05,200.94,201.12,200.89,200.99,148921.0
15:06,201.07,201.09,200.94,200.94,105435.0
15:07,201.17,201.19,201.05,201.07,92142.0
15:08,201.13,201.19,201.09,201.17,82303.0
15:09,201.15,201.19,201.09,201.12,72954.0
15:10,201.15,201.19,201.12,201.15,70184.0
15:11,201.27,201.28,201.13,201.15,137001.0
15:12,201.27,201.43,201.25,201.27,104510.0
15:13,201.24,201.28,201.13,201.26,97089.0
15:14,201.35,201.37,201.23,201.23,63977.0
15:15,201.41,201.44,201.36,201.36,125818.0
15:16,201.33,201.42,201.31,201.42,80850.0
15:17,201.22,201.34,201.16,201.34,70958.0
15:18,201.14,201.23,201.13,201.21,72949.0
15:19,201.17,201.2,201.11,201.13,63340.0
15:20,201.27,201.31,201.17,201.19,54829.0
15:21,201.32,201.35,201.23,201.24,91393.0
15:22,201.37,201.4,201.29,201.29,127957.0
15:23,201.34,201.38,201.28,201.38,50126.0
15:24,201.24,201.37,201.24,201.33,87589.0
15:25,201.4,201.43,201.21,201.25,158853.0
15:26,201.37,201.43,201.32,201.4,91615.0
15:27,201.35,201.42,201.35,201.37,73584.0
15:28,201.17,201.37,201.15,201.34,110229.0
15:29,201.12,201.2,201.1,201.18,68886.0
15:30,201.13,201.18,201.09,201.13,120792.0
15:31,201.08,201.16,201.07,201.13,94058.0
15:32,201.15,201.16,201.08,201.09,79136.0
15:33,201.18,201.19,201.15,201.15,63289.0
15:34,201.13,201.2,201.12,201.18,55665.0
15:35,201.09,201.14,201.04,201.13,89919.0
15:36,200.95,201.1,200.95,201.08,151202.0
15:37,201.05,201.05,200.95,200.96,71404.0
15:38,201.15,201.17,201.04,201.05,70378.0
15:39,201.13,201.25,201.08,201.16,107912.0
15:40,201.15,201.2,201.12,201.12,89419.0
15:41,201.07,201.18,201.07,201.15,144452.0
15:42,201.18,201.18,200.96,201.06,107221.0
15:43,201.15,201.19,201.13,201.16,82650.0
15:44,201.03,201.16,200.96,201.15,129326.0
15:45,201.0,201.1,200.99,201.04,120084.0
15:46,200.96,201.01,200.91,200.99,108372.0
15:47,200.96,201.0,200.88,200.96,88995.0
15:48,201.01,201.07,200.92,200.96,158121.0
15:49,200.99,201.01,200.92,201.01,111659.0
15:50,200.67,201.11,200.22,200.98,572849.0
15:51,200.7,200.83,200.61,200.68,223146.0
15:52,200.79,200.92,200.68,200.69,224620.0
15:53,200.84,200.88,200.72,200.79,237278.0
15:54,201.13,201.24,200.74,200.85,384234.0
15:55,201.06,201.08,200.91,200.98,320194.0
15:56,201.04,201.27,200.95,201.06,418719.0
15:57,200.86,201.19,200.85,201.06,480486.0
15:58,201.07,201.1,200.85,200.87,460644.0
15:59,201.1,201.16,200.92,201.07,960312.0
