Time,Close,High,Low,Open,Volume
09:30,193.42,193.42,193.35,193.35,1571464.0
09:31,192.71,193.42,192.38,193.42,247328.0
09:32,193.15,193.27,192.53,192.7,237028.0
09:33,193.21,193.5,193.0,193.16,191517.0
09:34,193.49,193.6,193.21,193.21,150611.0
09:35,193.37,193.76,193.23,193.52,263923.0
09:36,192.9,193.37,192.88,193.3,181518.0
09:37,193.61,193.7,192.57,192.91,249877.0
09:38,192.99,193.58,192.92,193.58,152315.0
09:39,193.01,193.17,192.83,193.01,129518.0
09:40,193.15,193.21,192.79,193.02,99611.0
09:41,192.85,193.29,192.71,193.1,114125.0
09:42,192.98,193.1,192.64,192.84,102051.0
09:43,193.23,193.28,192.91,192.99,73089.0
09:44,193.14,193.32,193.09,193.24,103424.0
09:45,193.02,193.18,192.97,193.13,104312.0
09:46,192.96,193.04,192.84,193.02,91530.0
09:47,192.76,192.93,192.63,192.93,92345.0
09:48,193.18,193.32,192.6,192.74,171297.0
09:49,193.42,193.5,193.16,193.18,192331.0
09:50,193.56,193.71,193.41,193.45,103832.0
09:51,193.23,193.6,193.16,193.51,108622.0
09:52,193.04,193.34,193.02,193.16,90362.0
09:53,192.98,193.16,192.93,193.07,63470.0
09:54,192.92,193.06,192.85,192.98,76873.0
09:55,193.03,193.03,192.77,192.92,97984.0
09:56,192.85,193.07,192.81,193.01,64485.0
09:57,193.0,193.07,192.85,192.85,55992.0
09:58,192.8,193.05,192.71,192.99,127717.0
09:59,192.5,192.78,192.45,192.77,144382.0
10:00,192.01,192.51,191.96,192.45,213490.0
10:01,191.87,192.15,191.85,192.03,188476.0
10:02,191.96,192.02,191.73,191.9,159233.0
10:03,191.58,191.99,191.57,191.98,130199.0
10:04,191.77,191.95,191.59,191.59,141482.0
10:05,191.7,191.87,191.56,191.82,117981.0
10:06,191.56,191.75,191.46,191.7,116365.0
10:07,191.68,191.84,191.53,191.56,96093.0
10:08,191.58,191.7,191.42,191.68,181868.0
10:09,191.79,191.79,191.36,191.61,135650.0
10:10,192.36,192.38,191.79,191.79,166729.0
10:11,192.26,192.36,192.21,192.34,103275.0
10:12,192.35,192.41,192.23,192.3,56613.0
10:13,192.51,192.57,192.24,192.38,85209.0
10:14,192.41,192.58,192.37,192.51,65982.0
10:15,192.31,192.5,192.22,192.41,107250.0
10:16,191.9,192.34,191.82,192.32,114102.0
10:17,191.91,192.0,191.71,191.87,73293.0
10:18,191.79,191.99,191.77,191.89,131504.0
10:19,192.02,192.07,191.77,191.78,80449.0
10:20,192.05,192.15,191.98,192.04,64944.0
10:21,192.36,192.39,192.05,192.05,73102.0
10:22,192.23,192.41,192.22,192.35,58750.0
10:23,192.26,192.4,192.22,192.23,64456.0
10:24,192.34,192.37,192.21,192.25,38130.0
10:25,192.45,192.65,192.31,192.32,295723.0
10:26,192.35,192.51,192.28,192.47,117595.0
10:27,192.13,192.37,192.08,192.35,68258.0
10:28,192.12,192.27,192.09,192.11,105328.0
10:29,192.12,192.16,192.07,192.12,58387.0
10:30,191.94,192.14,191.92,192.11,93098.0
10:31,191.78,191.95,191.77,191.93,84430.0
10:32,191.66,191.86,191.66,191.81,73627.0
10:33,191.77,191.81,191.62,191.69,89725.0
10:34,191.74,191.86,191.66,191.76,65539.0
10:35,191.92,191.99,191.73,191.73,75982.0
10:36,192.17,192.2,191.86,191.92,85601.0
10:37,192.05,192.16,192.02,192.15,62653.0
10:38,192.2,192.2,192.04,192.05,61170.0
10:39,192.26,192.29,192.17,192.18,56866.0
10:40,192.44,192.49,192.17,192.26,83660.0
10:41,192.18,192.44,192.16,192.43,62030.0
10:42,192.03,192.29,192.03,192.18,52002.0
10:43,192.16,192.2,192.03,192.05,45176.0
10:44,191.92,192.21,191.9,192.16,50406.0
10:45,191.88,192.01,191.73,191.93,85756.0
10:46,191.59,191.93,191.56,191.88,103208.0
10:47,191.48,191.66,191.46,191.61,97297.0
10:48,191.53,191.71,191.47,191.51,68397.0
10:49,191.49,191.56,191.42,191.55,57915.0
10:50,191.51,191.56,191.37,191.48,63082.0
10:51,191.49,191.59,191.43,191.51,58934.0
10:52,191.54,191.59,191.42,191.49,96524.0
10:53,191.61,191.67,191.53,191.53,61444.0
10:54,191.59,191.72,191.57,191.62,95425.0
10:55,191.52,191.62,191.5,191.58,64927.0
10:56,191.5,191.6,191.49,191.52,38063.0
10:57,191.41,191.54,191.36,191.5,72363.0
10:58,191.42,191.53,191.39,191.41,72440.0
10:59,191.49,191.53,191.27,191.41,164054.0
11:00,191.83,191.85,191.5,191.5,84322.0
11:01,191.57,191.87,191.5,191.82,67315.0
11:02,191.52,191.59,191.45,191.55,43962.0
11:03,191.27,191.52,191.27,191.52,81216.0
11:04,191.36,191.4,191.28,191.29,80022.0
11:05,191.5,191.54,191.35,191.36,83115.0
11:06,191.64,191.66,191.38,191.48,93077.0
11:07,191.4,191.63,191.34,191.62,52488.0
11:08,191.82,191.85,191.41,191.43,94729.0
11:09,191.79,191.95,191.77,191.8,58974.0
11:10,191.68,191.87,191.65,191.79,54731.0
11:11,191.8,191.96,191.54,191.69,97353.0
11:12,191.74,191.88,191.7,191.82,30930.0
11:13,191.5,191.72,191.47,191.72,39172.0
11:14,191.25,191.53,191.13,191.52,112590.0
11:15,191.17,191.32,191.16,191.22,80490.0
11:16,191.2,191.25,191.09,191.2,103138.0
11:17,191.16,191.24,191.07,191.22,69221.0
11:18,191.48,191.54,191.17,191.18,85324.0
11:19,191.48,191.61,191.44,191.51,49027.0
11:20,191.28,191.5,191.25,191.47,74041.0
11:21,191.08,191.28,191.05,191.26,58017.0
11:22,190.85,191.09,190.83,191.08,122279.0
11:23,191.12,191.12,190.76,190.83,96536.0
11:24,191.04,191.14,191.01,191.11,46562.0
11:25,191.07,191.1,191.03,191.05,47536.0
11:26,190.92,191.09,190.86,191.08,47561.0
11:27,190.95,190.97,190.84,190.95,69338.0
11:28,190.66,190.96,190.64,190.95,96621.0
11:29,190.74,190.77,190.6,190.67,118889.0
11:30,190.54,190.82,190.53,190.72,125126.0
11:31,190.3,190.6,190.27,190.55,185361.0
11:32,190.28,190.35,190.18,190.29,221686.0
11:33,190.3,190.34,190.18,190.28,70255.0
11:34,190.25,190.38,190.17,190.3,91283.0
11:35,190.22,190.36,190.17,190.23,110656.0
11:36,190.11,190.37,190.09,190.22,112694.0
11:37,190.25,190.3,190.1,190.12,76193.0
11:38,190.27,190.37,190.26,190.26,75774.0
11:39,190.2,190.29,190.11,190.27,55142.0
11:40,190.38,190.4,190.14,190.17,111460.0
11:41,190.37,190.48,190.24,190.4,73538.0
11:42,190.51,190.53,190.29,190.36,62896.0
11:43,190.46,190.69,190.46,190.51,68625.0
11:44,190.26,190.45,190.25,190.44,65157.0
11:45,190.18,190.27,190.13,190.25,100447.0
11:46,190.03,190.22,189.97,190.18,288399.0
11:47,190.02,190.08,189.96,190.03,138155.0
11:48,189.84,190.04,189.81,190.02,79603.0
11:49,190.18,190.19,189.82,189.84,109268.0
11:50,190.24,190.29,190.16,190.18,85687.0
11:51,190.22,190.29,190.19,190.25,60704.0
11:52,190.18,190.27,190.15,190.22,77270.0
11:53,190.28,190.3,190.16,190.18,55723.0
11:54,190.19,190.3,190.14,190.28,63065.0
11:55,190.16,190.21,190.11,190.2,84873.0
11:56,190.2,190.24,190.16,190.16,68868.0
11:57,190.17,190.26,190.1,190.19,77840.0
11:58,190.28,190.31,190.17,190.17,64022.0
11:59,190.25,190.3,190.21,190.28,58018.0
12:00,190.41,190.44,190.23,190.24,83108.0
12:01,190.59,190.6,190.39,190.42,58217.0
12:02,190.66,190.75,190.59,190.6,88343.0
12:03,190.81,190.86,190.63,190.64,82575.0
12:04,190.75,190.85,190.71,190.79,43268.0
12:05,190.7,190.88,190.68,190.77,70506.0
12:06,190.88,190.95,190.68,190.7,65363.0
12:07,190.8,190.91,190.75,190.89,37846.0
12:08,190.84,190.84,190.7,190.79,33400.0
12:09,190.9,190.92,190.76,190.85,36353.0
12:10,190.98,190.98,190.78,190.89,47399.0
12:11,190.93,190.98,190.9,190.96,32455.0
12:12,191.01,191.01,190.85,190.91,43588.0
12:13,191.07,191.1,191.01,191.02,49606.0
12:14,191.15,191.23,191.02,191.07,76661.0
12:15,190.99,191.17,190.96,191.16,45008.0
12:16,190.83,191.0,190.82,190.95,51361.0
12:17,191.1,191.11,190.83,190.83,66675.0
12:18,190.88,191.12,190.87,191.11,48607.0
12:19,191.04,191.05,190.86,190.86,41683.0
12:20,191.21,191.21,190.94,191.03,48463.0
12:21,191.07,191.23,191.06,191.2,42628.0
12:22,190.99,191.07,190.93,191.07,37206.0
12:23,191.11,191.27,191.01,191.01,38581.0
12:24,191.28,191.28,191.08,191.13,64697.0
12:25,191.24,191.32,191.22,191.29,59346.0
12:26,191.16,191.26,191.15,191.24,38324.0
12:27,191.09,191.16,191.02,191.15,36953.0
12:28,191.05,191.09,190.98,191.07,44675.0
12:29,191.13,191.14,191.01,191.05,38427.0
12:30,191.36,191.36,191.11,191.12,52728.0
12:31,191.55,191.59,191.28,191.33,61728.0
12:32,191.68,191.75,191.5,191.57,81075.0
12:33,191.57,191.7,191.5,191.7,41136.0
12:34,191.57,191.61,191.45,191.56,42699.0
12:35,191.49,191.56,191.47,191.56,29561.0
12:36,191.55,191.59,191.48,191.5,34926.0
12:37,191.52,191.58,191.47,191.54,52176.0
12:38,191.54,191.6,191.49,191.53,69601.0
12:39,191.58,191.6,191.52,191.53,29476.0
12:40,191.47,191.64,191.47,191.58,85183.0
12:41,191.43,191.61,191.43,191.5,34673.0
12:42,191.44,191.57,191.43,191.44,39870.0
12:43,191.4,191.45,191.37,191.43,50535.0
12:44,191.23,191.43,191.18,191.39,75619.0
12:45,191.26,191.31,191.17,191.24,50501.0
12:46,191.1,191.3,191.01,191.27,61481.0
12:47,191.02,191.18,191.02,191.09,68311.0
12:48,190.9,191.03,190.87,191.02,71345.0
12:49,190.97,191.05,190.87,190.89,59292.0
12:50,190.92,191.01,190.89,190.99,46336.0
12:51,190.82,190.97,190.82,190.93,57137.0
12:52,190.95,190.95,190.77,190.85,43755.0
12:53,190.91,191.01,190.88,190.95,35020.0
12:54,190.94,191.04,190.93,190.93,32332.0
12:55,190.88,190.94,190.78,190.94,70258.0
12:56,190.8,190.86,190.77,190.86,45505.0
12:57,190.74,190.88,190.72,190.79,45654.0
12:58,190.71,190.77,190.68,190.74,44474.0
12:59,190.76,190.78,190.69,190.71,40881.0
13:00,190.88,190.88,190.72,190.76,66639.0
13:01,190.72,190.99,190.69,190.88,54415.0
13:02,190.44,190.74,190.38,190.7,76327.0
13:03,190.32,190.53,190.25,190.46,76668.0
13:04,190.17,190.34,190.15,190.32,76015.0
13:05,190.37,190.38,190.14,190.17,113433.0
13:06,190.4,190.46,190.31,190.36,66808.0
13:07,190.46,190.48,190.31,190.38,45106.0
13:08,190.43,190.51,190.37,190.48,40385.0
13:09,190.4,190.48,190.33,190.43,58446.0
13:10,190.38,190.4,190.27,190.38,79372.0
13:11,190.31,190.39,190.27,190.39,71599.0
13:12,190.35,190.4,190.31,190.31,46523.0
13:13,190.38,190.4,190.3,190.35,55142.0
13:14,190.26,190.39,190.21,190.38,110224.0
13:15,190.2,190.29,190.17,190.26,89318.0
13:16,190.37,190.37,190.17,190.23,27642.0
13:17,190.29,190.36,190.17,190.36,49392.0
13:18,190.29,190.29,190.2,190.27,24409.0
13:19,190.46,190.55,190.26,190.29,54266.0
13:20,190.7,190.7,190.44,190.46,58963.0
13:21,190.69,190.71,190.64,190.7,46969.0
13:22,190.74,190.85,190.67,190.69,55528.0
13:23,190.88,190.88,190.75,190.75,45095.0
13:24,190.62,190.88,190.6,190.87,68194.0
13:25,190.51,190.63,190.49,190.61,84417.0
13:26,190.52,190.55,190.47,190.51,34868.0
13:27,190.78,190.79,190.51,190.53,35231.0
13:28,190.54,190.79,190.54,190.79,42063.0
13:29,190.61,190.65,190.53,190.55,24904.0
13:30,190.74,190.75,190.55,190.59,41714.0
13:31,190.85,190.87,190.74,190.76,61444.0
13:32,190.85,190.92,190.83,190.88,39875.0
13:33,190.74,190.88,190.73,190.85,52864.0
13:34,190.7,190.76,190.63,190.74,48618.0
13:35,190.71,190.76,190.64,190.71,56295.0
13:36,190.99,190.99,190.71,190.73,52524.0
13:37,190.76,191.0,190.73,191.0,56945.0
13:38,190.68,190.78,190.68,190.74,70618.0
13:39,190.65,190.73,190.61,190.68,56289.0
13:40,190.74,190.8,190.63,190.68,70589.0
13:41,190.71,190.76,190.66,190.74,51522.0
13:42,190.56,190.76,190.54,190.7,53866.0
13:43,190.38,190.57,190.34,190.55,67448.0
13:44,190.59,190.66,190.37,190.38,56368.0
13:45,190.65,190.7,190.53,190.58,47217.0
13:46,190.49,190.63,190.48,190.63,34200.0
13:47,190.48,190.51,190.4,190.5,55624.0
13:48,190.39,190.49,190.38,190.47,42354.0
13:49,190.33,190.41,190.31,190.39,52873.0
13:50,190.55,190.6,190.29,190.33,43042.0
13:51,190.52,190.56,190.37,190.55,41732.0
13:52,190.61,190.64,190.5,190.53,38947.0
13:53,190.52,190.64,190.45,190.63,56051.0
13:54,190.51,190.58,190.51,190.55,31462.0
13:55,190.53,190.57,190.44,190.51,36687.0
13:56,190.38,190.54,190.38,190.53,42036.0
13:57,190.52,190.52,190.38,190.38,60492.0
13:58,190.53,190.58,190.38,190.53,63667.0
13:59,190.51,190.57,190.51,190.53,68245.0
14:00,190.42,190.57,190.4,190.51,47888.0
14:01,190.39,190.45,190.38,190.41,40960.0
14:02,190.4,190.45,190.32,190.4,47631.0
14:03,190.45,190.45,190.37,190.42,33027.0
14:04,190.34,190.5,190.34,190.43,45022.0
14:05,190.38,190.43,190.3,190.34,38747.0
14:06,190.48,190.5,190.28,190.36,41060.0
14:07,190.29,190.5,190.24,190.49,53525.0
14:08,190.38,190.38,190.27,190.29,39365.0
14:09,190.39,190.41,190.26,190.37,37617.0
14:10,190.29,190.41,190.26,190.39,34854.0
14:11,190.5,190.5,190.31,190.31,46181.0
14:12,190.59,190.6,190.42,190.48,54766.0
14:13,190.51,190.57,190.44,190.57,28753.0
14:14,190.55,190.59,190.5,190.5,33777.0
14:15,190.66,190.69,190.52,190.54,53666.0
14:16,190.67,190.9,190.66,190.7,83454.0
14:17,190.72,190.73,190.62,190.65,32964.0
14:18,190.88,190.89,190.72,190.72,40091.0
14:19,190.78,190.93,190.77,190.88,42420.0
14:20,190.75,190.84,190.72,190.77,73412.0
14:21,190.74,190.77,190.7,190.76,45297.0
14:22,190.77,190.81,190.62,190.73,70116.0
14:23,190.71,190.77,190.63,190.77,45711.0
14:24,190.71,190.74,190.65,190.71,27520.0
14:25,190.62,190.74,190.59,190.7,28947.0
14:26,190.66,190.69,190.62,190.63,26062.0
14:27,190.71,190.78,190.66,190.67,38192.0
14:28,190.76,190.81,190.71,190.71,27346.0
14:29,190.82,190.84,190.71,190.75,38291.0
14:30,190.94,190.98,190.79,190.82,59134.0
14:31,191.05,191.14,190.95,190.95,81916.0
14:32,190.89,191.05,190.88,191.05,59012.0
14:33,191.03,191.03,190.89,190.89,37680.0
14:34,190.97,191.06,190.92,191.03,58678.0
14:35,191.07,191.09,190.94,190.98,53676.0
14:36,190.96,191.05,190.9,191.05,56434.0
14:37,190.89,190.97,190.85,190.96,33083.0
14:38,190.92,190.98,190.85,190.89,38571.0
14:39,190.9,190.96,190.86,190.94,32005.0
14:40,190.77,190.95,190.72,190.9,81528.0
14:41,190.7,190.78,190.65,190.76,75478.0
14:42,190.72,190.75,190.69,190.7,61405.0
14:43,190.53,190.72,190.53,190.72,41930.0
14:44,190.59,190.61,190.52,190.56,38310.0
14:45,190.55,190.66,190.52,190.61,70764.0
14:46,190.46,190.61,190.44,190.56,86718.0
14:47,190.38,190.56,190.35,190.46,63507.0
14:48,190.57,190.61,190.39,190.39,53673.0
14:49,190.64,190.65,190.49,190.57,58332.0
14:50,190.56,190.65,190.51,190.63,50476.0
14:51,190.6,190.6,190.51,190.56,33610.0
14:52,190.4,190.64,190.4,190.59,50454.0
14:53,190.43,190.47,190.39,190.41,30702.0
14:54,190.29,190.43,190.27,190.43,44420.0
14:55,190.26,190.29,190.2,190.27,61997.0
14:56,190.32,190.33,190.24,190.25,51447.0
14:57,190.28,190.36,190.28,190.32,33018.0
14:58,190.34,190.35,190.27,190.3,34461.0
14:59,190.27,190.35,190.27,190.34,34436.0
15:00,190.5,190.51,190.24,190.26,51180.0
15:01,190.62,190.7,190.5,190.52,87440.0
15:02,190.63,190.72,190.53,190.63,53963.0
15:03,190.75,190.75,190.53,190.62,40392.0
15:04,190.74,190.79,190.7,190.76,45506.0
15:05,190.79,190.88,190.74,190.75,43060.0
15:06,190.78,190.92,190.77,190.78,38793.0
15:07,190.7,190.84,190.68,190.78,42909.0
15:08,190.63,190.7,190.52,190.68,75154.0
15:09,190.58,190.67,190.57,190.61,41339.0
15:10,190.68,190.7,190.56,190.57,61827.0
15:11,190.69,190.73,190.62,190.69,66287.0
15:12,190.85,190.86,190.69,190.71,59094.0
15:13,190.86,190.91,190.83,190.84,53620.0
15:14,190.82,190.86,190.79,190.86,40306.0
15:15,190.8,190.92,190.74,190.81,76696.0
15:16,190.66,190.81,190.63,190.8,50933.0
15:17,190.71,190.72,190.6,190.66,57073.0
15:18,190.83,190.85,190.7,190.71,66411.0
15:19,190.93,190.95,190.83,190.84,70810.0
15:20,191.05,191.09,190.92,190.94,89286.0
15:21,191.15,191.21,191.03,191.06,127127.0
15:22,191.31,191.31,191.08,191.15,82058.0
15:23,191.23,191.38,191.15,191.31,86385.0
15:24,191.29,191.35,191.23,191.23,73989.0
15:25,191.2,191.31,191.15,191.31,69644.0
15:26,191.2,191.33,191.19,191.21,73939.0
15:27,191.15,191.2,191.04,191.19,71914.0
15:28,191.03,191.17,191.01,191.15,43426.0
15:29,191.1,191.11,190.96,191.01,62875.0
15:30,191.07,191.25,191.05,191.09,76860.0
15:31,191.22,191.24,191.06,191.06,64069.0
15:32,191.29,191.38,191.23,191.23,76432.0
15:33,191.34,191.38,191.21,191.28,75753.0
15:34,191.37,191.38,191.16,191.35,76289.0
15:35,191.56,191.56,191.35,191.35,136134.0
15:36,191.69,191.7,191.45,191.57,74800.0
15:37,191.72,192.08,191.7,191.7,150752.0
15:38,191.76,191.94,191.67,191.73,80431.0
15:39,191.71,191.8,191.64,191.78,87817.0
15:40,191.83,191.98,191.7,191.71,85972.0
15:41,191.71,191.96,191.67,191.82,119939.0
15:42,191.84,191.93,191.67,191.72,87792.0
15:43,191.97,192.0,191.81,191.85,270580.0
15:44,191.9,192.08,191.88,191.97,95665.0
15:45,191.89,192.0,191.85,191.91,98527.0
15:46,191.85,192.04,191.81,191.9,93438.0
15:47,191.77,191.89,191.61,191.85,92832.0
15:48,191.93,192.0,191.77,191.78,75875.0
15:49,191.99,192.06,191.92,191.94,65579.0
15:50,192.21,192.23,191.74,191.92,139442.0
15:51,192.37,192.6,192.19,192.22,286509.0
15:52,192.18,192.41,192.12,192.36,133499.0
15:53,192.28,192.47,192.15,192.17,154413.0
15:54,192.64,192.7,192.23,192.27,245577.0
15:55,192.87,192.96,192.65,192.65,293879.0
15:56,192.95,193.0,192.79,192.88,230196.0
15:57,193.22,193.25,192.92,192.96,296522.0
15:58,193.4,193.42,193.19,193.21,384820.0
15:59,193.09,193.41,192.86,193.41,1187606.0
