Time,Close,High,Low,Open,Volume
09:30,204.44,204.56,202.98,202.99,1756806.0
09:31,205.08,205.45,205.01,205.07,734848.0
09:32,205.13,205.64,204.84,205.01,524212.0
09:33,205.34,205.7,204.87,205.19,423686.0
09:34,205.02,205.5,204.96,205.3,325770.0
09:35,204.98,205.24,204.84,205.05,293138.0
09:36,204.99,205.28,204.78,204.98,376331.0
09:37,205.16,205.27,204.93,204.99,317409.0
09:38,204.87,205.24,204.86,205.15,166825.0
09:39,204.77,205.02,204.75,204.89,310685.0
09:40,204.82,205.2,204.73,204.77,252179.0
09:41,204.79,205.0,204.73,204.82,162957.0
09:42,204.66,204.88,204.46,204.8,203776.0
09:43,204.65,204.66,204.41,204.64,173397.0
09:44,204.51,204.74,204.39,204.65,145008.0
09:45,204.59,204.79,204.58,204.63,166424.0
09:46,204.88,204.93,204.57,204.66,158019.0
09:47,204.73,205.16,204.7,204.89,262842.0
09:48,204.63,204.8,204.58,204.75,143311.0
09:49,204.63,204.67,204.5,204.63,110366.0
09:50,204.1,204.65,204.06,204.65,162026.0
09:51,204.25,204.25,204.1,204.1,207894.0
09:52,204.31,204.32,204.12,204.25,253762.0
09:53,204.42,204.45,204.29,204.33,90964.0
09:54,204.26,204.47,204.17,204.43,82427.0
09:55,204.61,204.62,204.15,204.24,199546.0
09:56,204.61,204.65,204.24,204.62,157913.0
09:57,204.42,204.62,204.37,204.61,82498.0
09:58,204.3,204.46,204.2,204.43,101220.0
09:59,204.54,204.54,204.24,204.31,81896.0
10:00,204.39,204.6,204.3,204.57,80395.0
10:01,204.73,204.74,204.35,204.36,129117.0
10:02,204.38,204.74,204.33,204.74,98399.0
10:03,204.42,204.46,204.27,204.39,73578.0
10:04,204.48,204.5,204.39,204.4,69354.0
10:05,204.43,204.55,204.3,204.48,71288.0
10:06,204.46,204.63,204.37,204.45,74049.0
10:07,204.38,204.49,204.34,204.45,63772.0
10:08,204.33,204.5,204.26,204.38,77430.0
10:09,204.42,204.47,204.28,204.35,70410.0
10:10,204.38,204.5,204.35,204.43,96937.0
10:11,204.12,204.38,204.05,204.37,103197.0
10:12,204.16,204.25,204.08,204.12,79825.0
10:13,204.09,204.32,204.09,204.18,110063.0
10:14,204.29,204.38,203.99,204.09,189420.0
10:15,204.34,204.43,204.11,204.29,115314.0
10:16,204.12,204.36,204.09,204.33,64436.0
10:17,203.98,204.2,203.87,204.15,104574.0
10:18,203.97,204.13,203.96,204.01,90232.0
10:19,203.98,204.0,203.87,203.96,66686.0
10:20,204.02,204.12,203.95,203.98,74196.0
10:21,203.93,204.11,203.87,204.0,97459.0
10:22,203.97,204.14,203.91,203.92,79751.0
10:23,203.77,204.0,203.7,203.97,104023.0
10:24,203.82,203.87,203.73,203.77,132100.0
10:25,203.73,203.85,203.61,203.82,117612.0
10:26,203.89,203.93,203.68,203.73,116572.0
10:27,203.87,203.91,203.74,203.91,90290.0
10:28,203.45,203.86,203.42,203.86,109487.0
10:29,203.66,203.69,203.33,203.43,136115.0
10:30,203.54,203.59,203.45,203.54,73766.0
10:31,203.42,203.54,203.37,203.52,56113.0
10:32,203.5,203.54,203.34,203.41,88505.0
10:33,203.72,203.74,203.47,203.49,58559.0
10:34,203.59,203.73,203.56,203.71,58547.0
10:35,203.62,203.67,203.49,203.58,65774.0
10:36,203.69,203.86,203.65,203.65,83004.0
10:37,203.7,203.75,203.58,203.7,62899.0
10:38,203.61,203.73,203.61,203.71,59654.0
10:39,203.58,203.67,203.55,203.62,49745.0
10:40,203.79,203.83,203.58,203.61,103015.0
10:41,203.77,203.89,203.74,203.82,67150.0
10:42,203.75,203.84,203.68,203.77,64618.0
10:43,203.81,203.88,203.75,203.77,70385.0
10:44,203.78,203.87,203.74,203.8,52510.0
10:45,203.83,203.83,203.61,203.77,75780.0
10:46,203.82,203.92,203.79,203.83,120698.0
10:47,203.74,203.82,203.65,203.82,89406.0
10:48,203.56,203.77,203.53,203.74,96484.0
10:49,203.55,203.58,203.53,203.57,94855.0
10:50,203.54,203.64,203.48,203.55,172551.0
10:51,203.52,203.61,203.51,203.53,75666.0
10:52,203.38,203.54,203.38,203.52,105942.0
10:53,203.27,203.46,203.19,203.4,103718.0
10:54,203.34,203.43,203.29,203.29,73226.0
10:55,203.36,203.4,203.31,203.34,65123.0
10:56,203.21,203.42,203.2,203.34,48886.0
10:57,203.19,203.32,203.12,203.22,75686.0
10:58,203.3,203.37,203.18,203.19,85822.0
10:59,203.15,203.31,203.15,203.29,71631.0
11:00,203.39,203.41,203.12,203.14,82421.0
11:01,203.29,203.39,203.25,203.39,60260.0
11:02,203.32,203.37,203.26,203.26,69881.0
11:03,203.16,203.33,203.11,203.31,109704.0
11:04,203.24,203.32,203.15,203.16,122118.0
11:05,203.57,203.61,203.42,203.44,300732.0
11:06,203.71,203.71,203.57,203.57,390039.5
11:07,203.89,203.89,203.69,203.71,479347.0
11:08,203.88,203.95,203.76,203.9,91135.0
11:09,203.67,203.87,203.66,203.86,80131.0
11:10,203.64,203.71,203.6,203.67,46953.0
11:11,203.91,203.92,203.62,203.79,110236.0
11:12,203.95,203.99,203.87,203.9,68858.0
11:13,203.93,203.95,203.86,203.93,80130.0
11:14,203.92,204.06,203.89,203.91,116770.0
11:15,203.88,203.95,203.84,203.94,41925.0
11:16,203.68,203.88,203.68,203.87,56729.0
11:17,203.49,203.71,203.43,203.66,79125.0
11:18,203.34,203.56,203.28,203.47,80868.0
11:19,203.15,203.34,203.06,203.34,123082.0
11:20,203.12,203.15,202.86,203.13,185292.0
11:21,203.15,203.17,202.98,203.14,84537.0
11:22,203.23,203.32,203.08,203.12,80781.0
11:23,202.99,203.32,202.98,203.25,77747.0
11:24,203.07,203.12,203.0,203.0,44318.0
11:25,203.21,203.3,203.05,203.07,56318.0
11:26,203.18,203.23,203.08,203.23,44955.0
11:27,203.19,203.24,203.13,203.17,59350.0
11:28,203.19,203.21,203.09,203.19,60247.0
11:29,203.04,203.22,203.03,203.19,50218.0
11:30,203.1,203.1,203.01,203.02,67180.0
11:31,203.22,203.28,203.07,203.09,55197.0
11:32,203.21,203.26,203.19,203.22,37492.0
11:33,203.05,203.21,203.02,203.2,40851.0
11:34,203.07,203.09,202.91,203.04,72234.0
11:35,203.05,203.12,203.02,203.06,38017.0
11:36,202.94,203.04,202.88,203.04,68114.0
11:37,202.93,203.03,202.87,202.95,53722.0
11:38,202.98,203.01,202.88,202.92,67910.0
11:39,202.99,203.07,202.88,202.98,38786.0
11:40,202.97,203.08,202.93,202.99,60201.0
11:41,203.13,203.16,202.98,202.98,45920.0
11:42,203.05,203.15,202.98,203.13,51530.0
11:43,203.02,203.14,202.97,203.05,54134.0
11:44,203.07,203.13,203.01,203.01,29878.0
11:45,203.08,203.14,203.07,203.07,27353.0
11:46,203.07,203.11,203.04,203.07,28102.0
11:47,203.13,203.18,203.07,203.08,28904.0
11:48,203.35,203.38,203.13,203.15,79064.0
11:49,203.41,203.43,203.33,203.36,58610.0
11:50,203.55,203.6,203.37,203.41,83253.0
11:51,203.45,203.55,203.45,203.55,65288.0
11:52,203.44,203.5,203.43,203.45,38930.0
11:53,203.44,203.47,203.41,203.46,28183.0
11:54,203.3,203.46,203.27,203.46,87600.0
11:55,203.29,203.36,203.27,203.3,48476.0
11:56,203.15,203.3,203.13,203.3,50880.0
11:57,202.98,203.15,202.98,203.15,74061.0
11:58,203.1,203.15,202.98,202.98,51523.0
11:59,203.04,203.11,203.0,203.11,47578.0
12:00,203.08,203.11,203.05,203.05,31954.0
12:01,202.98,203.09,202.94,203.09,48832.0
12:02,202.98,203.03,202.97,202.97,44162.0
12:03,202.98,203.01,202.96,203.01,77235.0
12:04,203.03,203.03,202.96,202.99,48879.0
12:05,203.02,203.04,202.94,203.02,33836.0
12:06,202.99,203.03,202.98,203.03,25839.0
12:07,202.94,203.01,202.93,202.98,63976.0
12:08,202.95,203.0,202.93,202.94,36148.0
12:09,202.98,203.0,202.91,202.94,45955.0
12:10,203.12,203.15,202.94,202.98,92489.0
12:11,203.12,203.18,203.09,203.12,82058.0
12:12,203.14,203.15,203.1,203.11,50331.0
12:13,203.1,203.15,203.09,203.14,51375.0
12:14,203.15,203.15,203.09,203.1,31553.0
12:15,202.95,203.15,202.95,203.14,55755.0
12:16,203.01,203.07,202.96,202.98,49584.0
12:17,202.96,203.02,202.96,203.0,52981.0
12:18,202.97,203.0,202.9,202.96,55367.0
12:19,202.97,202.99,202.93,202.96,31806.0
12:20,202.8,203.0,202.74,202.98,127613.0
12:21,202.83,202.85,202.75,202.8,54995.0
12:22,202.87,202.91,202.76,202.84,42363.0
12:23,202.92,202.95,202.85,202.87,54991.0
12:24,202.81,202.91,202.76,202.91,45065.0
12:25,202.8,202.84,202.66,202.82,79879.0
12:26,202.82,202.82,202.76,202.79,30251.0
12:27,202.68,202.82,202.67,202.82,46258.0
12:28,202.71,202.74,202.61,202.68,67175.0
12:29,202.62,202.72,202.61,202.7,67438.0
12:30,202.66,202.66,202.66,202.66,77975.0
12:31,202.66,202.74,202.65,202.65,64523.0
12:32,202.64,202.7,202.57,202.67,57644.0
12:33,202.61,202.69,202.6,202.63,48030.0
12:34,202.53,202.65,202.51,202.6,74035.0
12:35,202.51,202.54,202.42,202.54,88219.0
12:36,202.47,202.52,202.43,202.51,43020.0
12:37,202.31,202.46,202.3,202.46,76212.0
12:38,202.48,202.55,202.32,202.34,48735.0
12:39,202.38,202.51,202.34,202.49,74927.0
12:40,202.51,202.51,202.3,202.38,97284.0
12:41,202.54,202.61,202.5,202.5,85364.0
12:42,202.43,202.57,202.4,202.54,57790.0
12:43,202.21,202.47,202.21,202.42,80795.0
12:44,202.19,202.22,202.05,202.21,110891.0
12:45,202.16,202.21,202.09,202.19,58692.0
12:46,202.48,202.48,202.13,202.16,803533.0
12:47,202.48,202.54,202.43,202.46,67807.0
12:48,202.63,202.68,202.51,202.51,63160.0
12:49,202.68,202.7,202.62,202.63,64895.0
12:50,202.56,202.7,202.55,202.68,47484.0
12:51,202.72,202.77,202.55,202.57,56125.0
12:52,202.67,202.78,202.65,202.71,38189.0
12:53,202.66,202.69,202.57,202.69,37001.0
12:54,202.71,202.74,202.57,202.64,42407.0
12:55,202.58,202.61,202.49,202.54,61804.0
12:56,202.63,202.65,202.51,202.55,43457.0
12:57,202.63,202.65,202.51,202.61,61776.0
12:58,202.65,202.71,202.55,202.63,49679.0
12:59,202.7,202.74,202.66,202.68,47990.0
13:00,202.73,202.76,202.65,202.69,49640.0
13:01,202.73,202.8,202.71,202.74,62898.0
13:02,202.74,202.81,202.67,202.74,47821.0
13:03,202.81,202.84,202.73,202.75,35645.0
13:04,202.8,202.88,202.75,202.82,53334.0
13:05,202.93,202.95,202.78,202.78,46128.0
13:06,202.74,202.92,202.72,202.92,60184.0
13:07,202.65,202.77,202.64,202.73,40143.0
13:08,202.73,202.77,202.61,202.64,49279.0
13:09,202.79,202.81,202.71,202.74,37125.0
13:10,202.75,202.86,202.73,202.79,44056.0
13:11,202.85,202.89,202.71,202.75,47209.0
13:12,202.94,202.97,202.81,202.84,52444.0
13:13,203.08,203.12,202.94,202.94,126186.0
13:14,203.25,203.25,203.09,203.09,99362.0
13:15,203.25,203.32,203.18,203.24,74445.0
13:16,203.29,203.41,203.24,203.25,67122.0
13:17,203.29,203.31,203.22,203.31,42180.0
13:18,203.36,203.42,203.28,203.28,69659.0
13:19,203.49,203.51,203.33,203.36,69066.0
13:20,203.57,203.6,203.45,203.48,49707.0
13:21,203.66,203.67,203.54,203.57,68724.0
13:22,203.67,203.68,203.59,203.67,70746.0
13:23,203.75,203.77,203.63,203.67,82046.0
13:24,203.75,203.77,203.69,203.75,60052.0
13:25,203.66,203.78,203.6,203.74,83059.0
13:26,203.6,203.65,203.55,203.65,64136.0
13:27,203.65,203.67,203.59,203.6,46851.0
13:28,203.64,203.7,203.62,203.65,40551.0
13:29,203.59,203.68,203.59,203.67,37571.0
13:30,203.7,203.73,203.59,203.6,42439.0
13:31,203.95,203.96,203.69,203.7,103954.0
13:32,203.85,203.98,203.83,203.96,89501.0
13:33,203.96,203.97,203.83,203.84,54208.0
13:34,203.86,203.98,203.86,203.96,54404.0
13:35,203.76,203.88,203.7,203.86,48070.0
13:36,203.84,203.85,203.76,203.76,34142.0
13:37,203.83,203.9,203.76,203.83,42308.0
13:38,203.79,203.87,203.78,203.83,32772.0
13:39,203.77,203.79,203.74,203.76,49503.0
13:40,203.93,203.95,203.76,203.76,78394.0
13:41,203.78,203.93,203.78,203.93,50664.0
13:42,203.79,203.82,203.76,203.79,32601.0
13:43,203.93,203.94,203.74,203.79,71095.0
13:44,203.99,204.0,203.93,203.93,54438.0
13:45,203.96,203.99,203.93,203.98,51891.0
13:46,203.96,204.0,203.93,203.96,70674.0
13:47,203.93,203.97,203.92,203.96,46822.0
13:48,203.98,204.02,203.93,203.94,48715.0
13:49,203.92,203.99,203.85,203.99,40082.0
13:50,203.97,203.99,203.92,203.94,42291.0
13:51,203.89,204.0,203.89,203.98,44691.0
13:52,203.87,203.96,203.85,203.9,31628.0
13:53,203.92,203.92,203.81,203.86,47653.0
13:54,203.9,203.93,203.86,203.93,35638.0
13:55,204.01,204.02,203.89,203.91,47911.0
13:56,204.07,204.08,203.99,204.01,52304.0
13:57,204.08,204.14,204.07,204.07,55977.0
13:58,204.09,204.15,204.07,204.08,40867.0
13:59,204.05,204.1,204.0,204.1,53592.0
14:00,204.38,204.38,204.04,204.06,117477.0
14:01,204.47,204.48,204.34,204.39,96193.0
14:02,204.52,204.56,204.45,204.47,168009.0
14:03,204.59,204.65,204.51,204.52,107835.0
14:04,204.64,204.64,204.56,204.58,44532.0
14:05,204.76,204.8,204.63,204.65,110962.0
14:06,204.74,204.78,204.62,204.78,107254.0
14:07,204.75,204.84,204.7,204.75,61745.0
14:08,204.85,204.85,204.72,204.75,67953.0
14:09,204.79,204.86,204.73,204.85,76665.0
14:10,204.79,204.82,204.76,204.78,52326.0
14:11,204.91,204.95,204.79,204.79,85071.0
14:12,204.85,204.92,204.82,204.92,79289.0
14:13,204.84,204.86,204.77,204.83,47332.0
14:14,204.76,204.87,204.74,204.85,70092.0
14:15,204.84,204.84,204.76,204.76,72140.0
14:16,204.87,204.88,204.81,204.84,53661.0
14:17,204.86,204.9,204.84,204.88,41623.0
14:18,204.8,204.87,204.8,204.85,46645.0
14:19,204.89,204.9,204.81,204.81,53458.0
14:20,205.14,205.2,204.87,204.9,381122.0
14:21,205.01,205.15,204.98,205.15,88567.0
14:22,205.2,205.21,204.95,205.01,97937.0
14:23,205.12,205.21,205.05,205.21,77948.0
14:24,205.09,205.14,205.03,205.13,53957.0
14:25,204.97,205.1,204.95,205.09,88401.0
14:26,204.89,204.99,204.86,204.97,65242.0
14:27,204.96,205.06,204.93,205.02,112104.0
14:28,205.02,205.13,205.01,205.07,158966.0
14:29,204.99,205.05,204.97,205.01,35372.0
14:30,205.15,205.32,204.99,204.99,182672.0
14:31,205.2,205.24,205.15,205.17,59747.0
14:32,205.31,205.32,205.1,205.21,89506.0
14:33,205.44,205.47,205.27,205.3,109716.0
14:34,205.32,205.45,205.29,205.43,93888.0
14:35,205.2,205.32,205.2,205.32,73694.0
14:36,205.22,205.25,205.11,205.21,81788.0
14:37,205.2,205.28,205.12,205.22,69923.0
14:38,205.25,205.27,205.19,205.23,60802.0
14:39,205.15,205.28,205.12,205.26,50512.0
14:40,205.22,205.23,205.14,205.17,35816.0
14:41,205.08,205.21,205.08,205.2,55132.0
14:42,205.13,205.21,205.06,205.1,57499.0
14:43,205.16,205.21,205.12,205.13,37155.0
14:44,205.17,205.25,205.08,205.15,82322.0
14:45,205.16,205.26,205.09,205.16,58203.0
14:46,205.17,205.18,205.1,205.12,45363.0
14:47,205.23,205.23,205.16,205.17,42499.0
14:48,205.15,205.23,205.14,205.22,43879.0
14:49,205.2,205.21,205.14,205.15,53654.0
14:50,205.19,205.24,205.17,205.22,41488.0
14:51,205.17,205.21,205.14,205.19,31923.0
14:52,205.35,205.38,205.13,205.16,146687.0
14:53,205.3,205.35,205.24,205.35,51354.0
14:54,205.41,205.43,205.29,205.29,77926.0
14:55,205.36,205.43,205.33,205.41,73882.0
14:56,205.37,205.4,205.33,205.36,46873.0
14:57,205.42,205.42,205.33,205.35,45876.0
14:58,205.29,205.41,205.27,205.41,43660.0
14:59,205.26,205.3,205.22,205.29,58239.0
15:00,205.28,205.28,205.14,205.2,81231.0
15:01,205.25,205.29,205.14,205.27,74646.0
15:02,205.24,205.28,205.18,205.26,38057.0
15:03,205.16,205.24,205.15,205.24,40526.0
15:04,205.2,205.26,205.16,205.17,39041.0
15:05,205.18,205.22,205.15,205.21,50210.0
15:06,205.17,205.27,205.14,205.19,50849.0
15:07,205.19,205.29,205.16,205.18,169616.0
15:08,205.29,205.3,205.16,205.2,305392.0
15:09,205.17,205.3,205.17,205.28,48715.0
15:10,205.02,205.18,204.97,205.18,109694.0
15:11,205.01,205.14,204.99,205.03,64366.0
15:12,204.99,205.06,204.98,205.01,50037.0
15:13,205.04,205.04,204.93,204.99,58384.0
15:14,204.96,205.09,204.94,205.05,56369.0
15:15,204.9,204.98,204.88,204.97,71610.0
15:16,204.91,204.94,204.87,204.9,58764.0
15:17,204.88,204.97,204.87,204.91,53786.0
15:18,204.8,204.89,204.77,204.88,79910.0
15:19,204.79,204.84,204.77,204.81,66839.0
15:20,204.73,204.79,204.69,204.79,77180.0
15:21,204.77,204.83,204.69,204.73,59783.0
15:22,204.74,204.79,204.71,204.77,60861.0
15:23,204.77,204.81,204.74,204.75,49793.0
15:24,204.7,204.78,204.69,204.78,61298.0
15:25,204.86,204.87,204.69,204.7,87635.0
15:26,204.86,204.99,204.86,204.88,91311.0
15:27,204.8,204.88,204.78,204.85,61609.0
15:28,204.75,204.85,204.74,204.81,58668.0
15:29,204.7,204.8,204.68,204.76,76001.0
15:30,204.82,204.85,204.65,204.69,104231.0
15:31,204.88,204.91,204.8,204.82,69341.0
15:32,204.83,204.88,204.8,204.88,48290.0
15:33,204.85,204.89,204.78,204.83,57071.0
15:34,204.85,204.91,204.82,204.85,51234.0
15:35,204.98,204.99,204.85,204.87,61971.0
15:36,204.94,204.98,204.82,204.98,82806.0
15:37,205.02,205.04,204.94,204.95,102488.0
15:38,204.88,205.03,204.87,205.01,107757.0
15:39,204.94,204.96,204.85,204.88,64981.0
15:40,205.04,205.07,204.94,204.95,90218.0
15:41,204.99,205.04,204.94,205.04,75267.0
15:42,205.0,205.03,204.95,204.98,76610.0
15:43,205.01,205.03,204.92,205.0,210829.0
15:44,204.98,205.04,204.96,205.02,74961.0
15:45,205.05,205.09,204.96,204.98,129116.0
15:46,204.99,205.12,204.92,205.05,134152.0
15:47,204.94,205.11,204.9,205.07,274808.0
15:48,204.88,205.1,204.88,205.1,415465.0
15:49,204.93,204.94,204.81,204.89,109727.0
15:50,205.04,205.06,204.91,204.95,210356.0
15:51,204.99,205.13,204.95,205.03,167031.0
15:52,205.19,205.22,204.95,204.99,197173.0
15:53,204.82,205.19,204.72,205.15,265483.0
15:54,204.65,204.92,204.5,204.84,274998.0
15:55,204.5,204.66,204.38,204.64,388568.0
15:56,204.35,204.49,204.32,204.49,284806.0
15:57,204.35,204.44,204.29,204.35,553163.0
15:58,204.23,204.35,204.21,204.35,459378.0
15:59,203.93,204.27,203.9,204.24,974803.0
