Time,Close,High,Low,Open,Volume
09:30,203.45,204.04,202.8,203.45,2031179.0
09:31,203.24,203.76,203.04,203.45,214239.0
09:32,202.78,203.29,202.78,203.19,222643.0
09:33,202.9,202.98,202.65,202.8,140209.0
09:34,203.03,203.1,202.83,202.88,168275.0
09:35,203.37,203.45,203.03,203.07,212664.0
09:36,203.98,204.02,203.38,203.38,233076.0
09:37,204.34,204.44,203.98,203.99,331297.0
09:38,204.41,204.6,204.32,204.34,261615.0
09:39,204.66,204.7,204.28,204.45,336145.0
09:40,204.5,204.82,204.41,204.64,281627.0
09:41,204.56,204.84,204.4,204.5,271818.0
09:42,204.56,204.72,204.48,204.56,132038.0
09:43,204.35,204.37,204.33,204.35,210735.0
09:44,204.53,204.54,204.23,204.35,162899.0
09:45,204.35,204.6,204.25,204.35,146575.0
09:46,204.37,204.39,204.37,204.39,1419.0
09:47,204.51333333333335,204.51333333333335,204.37,204.37,179024.0
09:48,204.65666666666667,204.65666666666667,204.51333333333335,204.51333333333335,356629.0
09:49,204.89,204.93,204.73,204.8,534234.0
09:50,205.08,205.1,204.71,204.93,383342.0
09:51,205.14,205.14,205.08,205.08,441475.0
09:52,205.2,205.2,205.14,205.14,499608.0
09:53,205.21,205.3,205.17,205.26,557741.0
09:54,205.18,205.36,205.14,205.24,149469.0
09:55,205.1,205.23,205.01,205.2,124349.0
09:56,204.96,205.22,204.89,205.08,114194.0
09:57,205.04,205.12,204.84,204.93,108575.0
09:58,205.09,205.14,205.02,205.04,124221.0
09:59,205.03,205.11,205.02,205.08,90004.0
10:00,205.0,205.2,204.62,205.06,315571.0
10:01,205.34,205.34,204.86,204.95,200991.0
10:02,205.37,205.46,205.26,205.35,152971.0
10:03,205.48,205.55,205.29,205.37,175241.0
10:04,205.51,205.66,205.45,205.47,164778.0
10:05,205.64,205.74,205.51,205.51,191791.0
10:06,205.42,205.64,205.27,205.64,227851.0
10:07,205.38,205.59,205.38,205.41,205548.0
10:08,205.46,205.47,205.26,205.38,216482.0
10:09,205.6,205.63,205.4,205.46,238925.0
10:10,206.08,206.1,205.6,205.6,344235.0
10:11,205.84,206.24,205.84,206.08,251607.0
10:12,205.91,206.0,205.67,205.85,157775.0
10:13,205.87,206.15,205.85,205.9,218485.0
10:14,205.55,205.73,205.55,205.71,126430.0
10:15,205.73,205.77,205.49,205.55,196628.0
10:16,205.46,205.79,205.4,205.73,154618.0
10:17,205.36,205.52,205.27,205.43,127812.0
10:18,205.32,205.42,205.15,205.41,134317.0
10:19,205.16,205.4,205.16,205.34,117476.0
10:20,205.03,205.25,204.98,205.17,208171.0
10:21,204.74,205.03,204.74,205.02,130718.0
10:22,204.76,204.79,204.65,204.75,113608.0
10:23,204.78,204.89,204.73,204.78,115045.0
10:24,204.9,204.99,204.71,204.76,106366.0
10:25,205.08,205.13,204.88,204.88,125606.0
10:26,205.21,205.3,205.06,205.09,102219.0
10:27,205.24,205.3,205.04,205.21,115885.0
10:28,205.17,205.25,205.03,205.25,66453.0
10:29,205.14,205.25,205.1,205.17,65996.0
10:30,205.03,205.18,204.99,205.12,90674.0
10:31,204.99,205.12,204.96,204.98,74318.0
10:32,205.01,205.03,204.96,205.01,59230.0
10:33,204.92,205.02,204.9,204.99,64636.0
10:34,204.8,204.91,204.72,204.91,73693.0
10:35,204.83,204.91,204.77,204.82,60561.0
10:36,204.81,204.94,204.77,204.82,68514.0
10:37,204.9,204.91,204.76,204.81,75869.0
10:38,204.77,204.9,204.67,204.9,76248.0
10:39,204.78,204.87,204.72,204.77,48637.0
10:40,204.75,204.83,204.73,204.74,52953.0
10:41,204.77,204.83,204.63,204.77,94434.0
10:42,204.65,204.82,204.58,204.77,79186.0
10:43,204.52,204.65,204.5,204.65,73143.0
10:44,204.51,204.62,204.49,204.5,49402.0
10:45,204.44,204.65,204.44,204.52,82511.0
10:46,204.36,204.46,204.34,204.44,75454.0
10:47,204.32,204.44,204.28,204.36,70608.0
10:48,204.37,204.45,204.32,204.34,64612.0
10:49,204.24,204.41,204.22,204.4,90214.0
10:50,204.28,204.29,204.11,204.23,98180.0
10:51,204.28,204.32,204.18,204.27,54521.0
10:52,204.12,204.3,204.1,204.3,42745.0
10:53,204.11,204.27,204.11,204.12,136472.0
10:54,204.04,204.15,203.99,204.11,108851.0
10:55,204.16,204.26,204.03,204.03,64255.0
10:56,204.22,204.32,204.15,204.17,69347.0
10:57,204.1,204.26,204.08,204.23,64858.0
10:58,204.19,204.21,204.07,204.09,63781.0
10:59,204.28,204.3,204.18,204.19,120902.0
11:00,204.38,204.49,204.31,204.32,102519.0
11:01,204.62,204.63,204.32,204.39,162733.0
11:02,204.62,204.63,204.45,204.62,76530.0
11:03,204.47,204.71,204.42,204.58,86237.0
11:04,204.4,204.54,204.4,204.48,70549.0
11:05,204.48,204.49,204.35,204.4,70285.0
11:06,204.36,204.53,204.33,204.49,58415.0
11:07,204.29,204.38,204.28,204.37,23727.0
11:08,204.23,204.31,204.16,204.27,155519.0
11:09,204.33,204.34,204.24,204.24,36243.0
11:10,204.32,204.36,204.29,204.34,46552.0
11:11,204.27,204.42,204.25,204.32,137321.0
11:12,204.15,204.27,204.15,204.26,55588.0
11:13,204.19,204.26,204.15,204.15,46290.0
11:14,204.32,204.32,204.2,204.21,50771.0
11:15,204.31,204.41,204.3,204.33,44457.0
11:16,204.31,204.34,204.26,204.3,63509.0
11:17,204.39,204.4,204.16,204.31,95922.0
11:18,204.48,204.51,204.33,204.38,87853.0
11:19,204.37,204.5,204.36,204.48,61804.0
11:20,204.36,204.46,204.35,204.37,66517.0
11:21,204.22,204.37,204.22,204.37,107307.0
11:22,204.17,204.29,204.17,204.25,87143.0
11:23,204.19,204.24,204.17,204.18,66099.0
11:24,204.37,204.43,204.1,204.17,79880.0
11:25,204.26,204.4,204.25,204.38,55434.0
11:26,204.26,204.39,204.2,204.24,52737.0
11:27,204.31,204.32,204.17,204.29,36026.0
11:28,204.29,204.35,204.28,204.31,59570.0
11:29,204.09,204.31,204.09,204.29,46799.0
11:30,204.04,204.11,203.97,204.09,65484.0
11:31,204.09,204.13,204.0,204.04,57230.0
11:32,204.18,204.24,204.08,204.09,49145.0
11:33,204.12,204.23,204.11,204.17,38781.0
11:34,204.2,204.24,204.09,204.11,34885.0
11:35,204.2,204.3,204.2,204.21,38836.0
11:36,204.4,204.4,204.18,204.2,51784.0
11:37,204.47,204.49,204.36,204.39,53175.0
11:38,204.49,204.51,204.4,204.49,67722.0
11:39,204.42,204.49,204.4,204.48,29865.0
11:40,204.5,204.51,204.49,204.49,40674.0
11:41,204.45,204.56,204.45,204.49,55112.0
11:42,204.49,204.52,204.45,204.47,33461.0
11:43,204.52,204.6,204.49,204.5,83474.0
11:44,202.94,204.56,202.15,204.52,1467301.0
11:45,203.47,203.48,202.81,202.93,598646.0
11:46,203.6,203.75,203.38,203.47,354940.0
11:47,203.35,203.82,203.27,203.58,318788.0
11:48,202.9,203.44,202.85,203.33,331103.0
11:49,202.79,203.05,202.64,202.89,262592.0
11:50,203.32,203.39,202.78,202.78,239366.0
11:51,203.14,203.64,203.14,203.33,227501.0
11:52,203.27,203.38,202.92,203.13,196072.0
11:53,203.33,203.48,203.17,203.29,106679.0
11:54,203.3,203.34,203.19,203.3,69795.0
11:55,203.27,203.33,203.17,203.3,75971.0
11:56,203.26,203.48,203.24,203.26,88550.0
11:57,203.32,203.33,203.19,203.23,63626.0
11:58,203.33,203.41,203.29,203.33,57496.0
11:59,203.36,203.4,203.22,203.29,86218.0
12:00,203.33,203.39,203.27,203.35,60114.0
12:01,203.01,203.37,202.96,203.33,119693.0
12:02,203.09,203.18,202.99,202.99,73867.0
12:03,203.06,203.09,202.96,203.09,97176.0
12:04,203.12,203.25,203.03,203.08,105346.0
12:05,203.09,203.23,203.03,203.09,67121.0
12:06,203.0,203.09,202.95,203.08,64916.0
12:07,203.07,203.07,202.91,203.0,47406.0
12:08,203.18,203.18,203.04,203.06,87429.0
12:09,203.12,203.22,203.1,203.18,57095.0
12:10,203.09,203.19,203.06,203.13,37968.0
12:11,203.03,203.13,202.95,203.09,74752.0
12:12,203.05,203.09,202.99,203.04,38442.0
12:13,203.0,203.03,202.91,203.03,59771.0
12:14,202.94,203.02,202.93,202.99,39500.0
12:15,203.07,203.16,202.94,202.94,44620.0
12:16,203.1,203.16,202.99,203.05,34377.0
12:17,203.14,203.16,202.9,203.13,110124.0
12:18,203.21,203.24,203.09,203.12,64472.0
12:19,203.24,203.32,203.19,203.21,91772.0
12:20,203.19,203.28,203.13,203.23,84166.0
12:21,203.16,203.25,203.11,203.17,30110.0
12:22,203.09,203.16,203.07,203.16,49349.0
12:23,203.01,203.1,202.98,203.06,56204.0
12:24,202.91,203.02,202.89,203.01,58905.0
12:25,202.95,203.04,202.89,202.9,50573.0
12:26,202.95,203.0,202.89,202.95,39887.0
12:27,203.03,203.06,202.87,202.96,48548.0
12:28,203.0,203.13,202.95,203.03,46148.0
12:29,202.83,203.0,202.82,202.98,46052.0
12:30,202.79,202.87,202.76,202.82,63398.0
12:31,202.77,202.87,202.75,202.81,48687.0
12:32,202.89,202.89,202.7,202.78,46995.0
12:33,202.7,202.87,202.62,202.85,72938.0
12:34,202.68,202.76,202.67,202.7,61657.0
12:35,202.7,202.72,202.63,202.69,33905.0
12:36,202.7,202.71,202.62,202.7,35065.0
12:37,202.73,202.8,202.63,202.71,45670.0
12:38,202.76,202.8,202.72,202.73,58590.0
12:39,202.73,202.74,202.71,202.74,17926.0
12:40,202.85,202.87,202.7,202.73,32859.0
12:41,202.85,202.86,202.77,202.85,37441.0
12:42,202.71,202.87,202.71,202.85,29597.0
12:43,202.75,202.8,202.64,202.7,38695.0
12:44,202.83,202.9,202.73,202.74,58303.0
12:45,202.89,202.9,202.82,202.82,23844.0
12:46,202.88,202.95,202.83,202.92,61901.0
12:47,202.94,202.99,202.87,202.88,54503.0
12:48,203.05,203.06,202.94,202.94,52697.0
12:49,203.0,203.05,202.96,203.05,36089.0
12:50,203.01,203.09,202.99,202.99,44488.0
12:51,203.12,203.13,202.98,203.01,37710.0
12:52,203.21,203.24,203.11,203.12,59405.0
12:53,203.18,203.25,203.17,203.2,37179.0
12:54,203.11,203.24,203.11,203.17,34972.0
12:55,203.23,203.24,203.09,203.11,31542.0
12:56,203.22,203.27,203.21,203.23,29915.0
12:57,203.17,203.25,203.16,203.21,20599.0
12:58,203.24,203.25,203.15,203.17,30997.0
12:59,203.2,203.25,203.19,203.24,32202.0
13:00,203.31,203.32,203.2,203.23,43393.0
13:01,203.44,203.44,203.24,203.3,63753.0
13:02,203.41,203.47,203.4,203.42,64120.0
13:03,203.41,203.43,203.39,203.42,30782.0
13:04,203.41,203.43,203.38,203.42,24420.0
13:05,203.53,203.53,203.42,203.42,44539.0
13:06,203.43,203.53,203.38,203.52,43730.0
13:07,203.4,203.43,203.33,203.41,29883.0
13:08,203.41,203.42,203.36,203.39,23099.0
13:09,203.4,203.4,203.35,203.4,45490.0
13:10,203.47,203.51,203.32,203.38,84268.0
13:11,203.31,203.49,203.22,203.48,85574.0
13:12,203.42,203.45,203.31,203.31,55025.0
13:13,203.43,203.48,203.4,203.45,30229.0
13:14,203.34,203.43,203.3,203.43,47147.0
13:15,203.34,203.42,203.31,203.32,43431.0
13:16,203.37,203.37,203.29,203.33,34431.0
13:17,203.4,203.44,203.37,203.39,35516.0
13:18,203.44,203.46,203.4,203.4,49764.0
13:19,203.39,203.43,203.32,203.43,30162.0
13:20,203.52,203.59,203.39,203.4,86319.0
13:21,203.46,203.58,203.42,203.54,45822.0
13:22,203.45,203.5,203.42,203.45,22194.0
13:23,203.47,203.52,203.42,203.46,29644.0
13:24,203.39,203.49,203.37,203.48,30137.0
13:25,203.37,203.4,203.35,203.4,56057.0
13:26,203.51,203.53,203.36,203.38,100234.0
13:27,203.49,203.57,203.49,203.51,37803.0
13:28,203.48,203.49,203.43,203.49,18845.0
13:29,203.41,203.46,203.39,203.45,33642.0
13:30,203.41,203.47,203.4,203.41,48072.0
13:31,203.29,203.45,203.28,203.43,61253.0
13:32,203.33,203.37,203.25,203.28,47813.0
13:33,203.3,203.33,203.27,203.33,33744.0
13:34,203.29,203.32,203.26,203.31,38131.0
13:35,203.3,203.34,203.26,203.29,36595.0
13:36,203.18,203.29,203.17,203.29,66786.0
13:37,203.14,203.2,203.13,203.17,33726.0
13:38,203.13,203.15,203.09,203.13,40809.0
13:39,202.97,203.12,202.95,203.12,71452.0
13:40,202.96,202.97,202.85,202.96,48807.0
13:41,203.01,203.03,202.93,202.97,49038.0
13:42,203.01,203.02,202.91,203.02,30541.0
13:43,203.02,203.06,202.98,203.0,35156.0
13:44,203.1,203.18,203.01,203.03,77582.0
13:45,202.97,203.13,202.96,203.1,72857.0
13:46,203.07,203.08,202.95,202.97,46264.0
13:47,203.12,203.17,203.06,203.07,43743.0
13:48,203.09,203.15,203.04,203.12,40477.0
13:49,203.14,203.17,203.09,203.1,43866.0
13:50,203.15,203.15,203.11,203.13,29199.0
13:51,203.15,203.18,203.13,203.15,64002.0
13:52,203.2,203.24,203.12,203.15,69568.0
13:53,203.2,203.23,203.13,203.2,57658.0
13:54,203.2,203.24,203.17,203.21,32324.0
13:55,203.26,203.29,203.18,203.19,55887.0
13:56,203.21,203.3,203.2,203.27,35678.0
13:57,203.36,203.37,203.17,203.2,55639.0
13:58,203.29,203.35,203.26,203.35,30995.0
13:59,203.29,203.31,203.26,203.28,22292.0
14:00,203.31,203.36,203.25,203.29,30655.0
14:01,203.27,203.33,203.25,203.32,29897.0
14:02,203.28,203.3,203.27,203.27,31554.0
14:03,203.3,203.35,203.28,203.29,41571.0
14:04,203.31,203.34,203.29,203.3,44988.0
14:05,203.29,203.32,203.26,203.3,21919.0
14:06,203.37,203.38,203.26,203.29,38755.0
14:07,203.29,203.29,203.29,203.29,32459.0
14:08,203.18,203.31,203.13,203.29,52090.0
14:09,203.16,203.21,203.14,203.18,45750.0
14:10,203.13,203.24,203.13,203.18,27296.0
14:11,203.17,203.17,203.11,203.14,32234.0
14:12,203.11,203.17,203.1,203.16,37178.0
14:13,203.25,203.26,203.11,203.13,49642.0
14:14,203.18,203.26,203.17,203.26,23241.0
14:15,203.17,203.18,203.13,203.17,29878.0
14:16,203.28,203.29,203.16,203.16,33764.0
14:17,203.3,203.32,203.26,203.28,32770.0
14:18,203.24,203.34,203.19,203.31,105454.0
14:19,203.33,203.35,203.2,203.25,69285.0
14:20,203.42,203.42,203.3,203.33,48962.0
14:21,203.37,203.45,203.35,203.41,28333.0
14:22,203.35,203.38,203.35,203.38,30561.0
14:23,203.32,203.37,203.31,203.36,44821.0
14:24,203.26,203.35,203.25,203.31,33492.0
14:25,203.21,203.32,203.19,203.26,41567.0
14:26,203.22,203.24,203.17,203.2,39372.0
14:27,203.15,203.21,203.15,203.21,32387.0
14:28,203.17,203.19,203.12,203.16,37752.0
14:29,203.12,203.17,203.08,203.15,42009.0
14:30,203.03,203.13,203.03,203.11,84070.0
14:31,202.99,203.05,202.99,203.04,84137.0
14:32,203.0,203.01,202.96,203.0,47289.0
14:33,202.92,203.06,202.92,202.99,40376.0
14:34,202.93,202.96,202.88,202.93,49321.0
14:35,202.92,202.96,202.9,202.92,62056.0
14:36,202.9,202.95,202.9,202.92,30118.0
14:37,202.82,202.9,202.76,202.89,62573.0
14:38,202.9,202.91,202.76,202.82,46896.0
14:39,202.93,203.0,202.89,202.9,68665.0
14:40,202.89,202.95,202.87,202.93,20288.0
14:41,202.91,202.95,202.88,202.91,35684.0
14:42,202.92,202.95,202.88,202.89,51081.0
14:43,203.02,203.04,202.92,202.93,44232.0
14:44,202.99,203.08,202.97,203.04,55904.0
14:45,202.95,203.01,202.94,202.97,56226.0
14:46,202.96,202.99,202.93,202.96,30716.0
14:47,202.96,203.01,202.96,202.96,47820.0
14:48,202.95,202.99,202.92,202.98,34510.0
14:49,202.93,203.0,202.92,202.96,32379.0
14:50,202.85,202.93,202.76,202.93,64005.0
14:51,202.84,202.88,202.81,202.85,33183.0
14:52,202.91,202.96,202.82,202.83,49785.0
14:53,202.89,202.94,202.88,202.91,27652.0
14:54,202.89,202.91,202.82,202.9,71785.0
14:55,202.84,202.89,202.81,202.89,35272.0
14:56,202.9,202.91,202.83,202.84,31872.0
14:57,202.91,202.91,202.86,202.9,47107.0
14:58,202.95,202.96,202.9,202.92,28162.0
14:59,202.93,202.97,202.89,202.95,29818.0
15:00,202.95,202.99,202.9,202.93,31886.0
15:01,202.98,203.05,202.91,202.94,50574.0
15:02,202.95,203.04,202.94,202.98,49179.0
15:03,203.0,203.02,202.94,202.96,33103.0
15:04,203.05,203.06,202.99,203.0,42214.0
15:05,203.13,203.14,203.02,203.05,66355.0
15:06,203.18,203.25,203.1,203.14,89312.0
15:07,203.12,203.23,203.1,203.18,52288.0
15:08,203.08,203.14,203.06,203.12,40886.0
15:09,202.97,203.1,202.95,203.08,67560.0
15:10,203.02,203.04,202.95,202.96,32300.0
15:11,202.98,203.03,202.94,203.03,51164.0
15:12,202.97,203.03,202.96,202.97,36349.0
15:13,203.06,203.1,202.97,202.98,73714.0
15:14,203.09,203.16,203.05,203.07,69057.0
15:15,203.07,203.13,203.01,203.08,61213.0
15:16,203.02,203.09,203.01,203.06,44935.0
15:17,202.95,203.03,202.93,203.02,44334.0
15:18,202.91,202.98,202.91,202.94,57024.0
15:19,202.96,202.98,202.91,202.91,44697.0
15:20,202.91,203.0,202.87,202.96,69089.0
15:21,203.1,203.12,202.89,202.91,243208.0
15:22,203.09,203.12,203.03,203.1,51428.0
15:23,203.12,203.21,203.07,203.09,57453.0
15:24,203.15,203.16,203.02,203.12,37091.0
15:25,203.15,203.17,203.14,203.16,28262.0
15:26,203.23,203.24,203.14,203.14,71219.0
15:27,203.13,203.23,203.12,203.22,43730.0
15:28,203.21,203.23,203.13,203.13,37500.0
15:29,203.19,203.24,203.16,203.22,69751.0
15:30,203.3,203.33,203.18,203.19,82205.0
15:31,203.23,203.35,203.23,203.31,66330.0
15:32,203.18,203.25,203.1,203.21,67442.0
15:33,203.1,203.19,203.06,203.18,53895.0
15:34,203.16,203.21,203.1,203.11,68374.0
15:35,203.2,203.23,203.14,203.16,43598.0
15:36,203.23,203.28,203.18,203.21,49756.0
15:37,203.26,203.29,203.22,203.22,48806.0
15:38,203.39,203.42,203.25,203.26,94677.0
15:39,203.34,203.45,203.32,203.39,69895.0
15:40,203.24,203.37,203.21,203.37,133283.0
15:41,203.22,203.28,203.18,203.24,78877.0
15:42,203.12,203.29,203.1,203.22,101731.0
15:43,203.09,203.16,203.06,203.11,92529.0
15:44,203.11,203.16,203.05,203.09,77288.0
15:45,203.2,203.25,203.11,203.12,126520.0
15:46,203.11,203.19,203.1,203.19,45871.0
15:47,203.08,203.11,203.02,203.1,70093.0
15:48,203.05,203.11,203.02,203.08,65661.0
15:49,203.09,203.12,203.01,203.04,110348.0
15:50,202.95,203.09,202.88,203.09,146912.0
15:51,202.84,202.96,202.79,202.94,97568.0
15:52,202.89,202.9,202.82,202.85,77091.0
15:53,202.91,202.99,202.84,202.86,131845.0
15:54,202.94,203.06,202.85,202.91,180907.0
15:55,202.89,203.0,202.76,202.96,267099.0
15:56,202.95,202.98,202.86,202.88,176792.0
15:57,202.92,203.03,202.9,202.95,161492.0
15:58,202.99,203.0,202.91,202.91,214881.0
15:59,202.89,203.14,202.8,202.99,541558.0
