Time,Close,High,Low,Open,Volume
09:30,206.54,206.59,205.59,205.6,3077631.0
09:31,207.73,207.75,206.53,206.53,988293.0
09:32,208.27,208.27,208.09,208.16,971527.0
09:33,208.08,208.7,208.01,208.25,627420.0
09:34,208.6,208.65,207.85,208.05,517010.0
09:35,208.82,209.0,208.2,208.6,605640.0
09:36,208.27,209.06,208.25,208.8,473478.0
09:37,208.68,208.94,208.27,208.28,369769.0
09:38,208.6,208.88,208.45,208.7,457483.0
09:39,208.61,208.88,208.47,208.65,626352.0
09:40,208.61,208.88,208.49,208.61,795221.0
09:41,208.97,208.97,208.5,208.6,312713.0
09:42,209.49,209.58,208.95,208.97,675194.0
09:43,209.7,209.84,209.42,209.47,571091.0
09:44,209.78,209.8,209.42,209.69,418870.0
09:45,209.5,210.16,209.46,209.77,733815.0
09:46,209.88,209.92,209.43,209.47,348279.0
09:47,209.92,210.12,209.74,209.88,323537.0
09:48,209.71,210.29,209.66,209.87,376025.0
09:49,209.98,210.09,209.44,209.68,328600.0
09:50,209.63,210.0,209.54,209.98,236325.0
09:51,209.76,210.26,209.56,209.61,323490.0
09:52,209.75,209.82,209.33,209.74,330555.0
09:53,210.04,210.27,209.76,209.77,335078.0
09:54,209.95,210.28,209.86,210.03,286062.0
09:55,209.85,210.32,209.61,209.97,384780.0
09:56,210.09,210.14,209.81,209.84,248631.0
09:57,209.75,210.1,209.66,210.1,422830.0
09:58,209.71,209.97,209.52,209.75,235308.0
09:59,209.54,209.74,209.47,209.71,288886.0
10:00,209.58,209.83,209.51,209.54,281856.0
10:01,209.81,209.99,209.5,209.59,289308.0
10:02,210.01,210.12,209.81,209.81,334841.0
10:03,209.98,210.12,209.91,210.02,221086.0
10:04,210.12,210.13,209.95,209.97,213779.0
10:05,210.46,210.48,210.1,210.12,395987.0
10:06,210.39,210.58,210.31,210.46,334444.0
10:07,210.32,210.43,210.05,210.4,212667.0
10:08,210.34,210.4,210.16,210.35,248969.0
10:09,210.61,210.9,210.33,210.36,299600.0
10:10,210.54,210.66,210.45,210.62,267014.0
10:11,211.06,211.15,210.52,210.55,397882.0
10:12,210.85,211.05,210.65,211.04,258643.0
10:13,210.68,210.91,210.63,210.83,241180.0
10:14,210.56,210.9,210.53,210.68,268034.0
10:15,210.39,210.7,210.36,210.54,325551.0
10:16,210.59,210.69,210.35,210.38,233886.0
10:17,210.72,210.78,210.47,210.61,182297.0
10:18,210.74,210.91,210.57,210.71,237154.0
10:19,210.36,210.76,210.35,210.74,222709.0
10:20,210.31,210.48,210.26,210.38,231200.0
10:21,210.25,210.48,210.18,210.33,238835.0
10:22,210.33,210.54,210.18,210.26,194721.0
10:23,210.15,210.34,210.07,210.33,343595.0
10:24,210.45,210.52,210.09,210.18,218811.0
10:25,210.4,210.48,210.26,210.46,146676.0
10:26,210.39,210.59,210.32,210.45,183366.0
10:27,210.44,210.64,210.07,210.42,256407.0
10:28,210.62,210.77,210.39,210.44,218746.0
10:29,210.76,210.83,210.56,210.61,197756.0
10:30,210.86,210.95,210.72,210.76,187874.0
10:31,210.93,211.1,210.82,210.88,265667.0
10:32,210.71,211.1,210.71,210.94,204070.0
10:33,210.92,211.0,210.63,210.74,244961.0
10:34,210.91,210.99,210.82,210.92,174378.0
10:35,211.1,211.14,210.64,210.91,230505.0
10:36,211.55,211.6,211.09,211.1,352793.0
10:37,211.33,211.63,211.3,211.55,259208.0
10:38,211.65,211.73,211.32,211.34,248368.0
10:39,211.72,211.78,211.56,211.66,169298.0
10:40,211.63,211.77,211.41,211.71,210772.0
10:41,211.83,211.87,211.54,211.64,222332.0
10:42,211.88,211.93,211.74,211.83,327423.0
10:43,211.95,212.11,211.8,211.87,357273.0
10:44,212.21,212.27,211.92,211.96,235181.0
10:45,212.18,212.23,211.99,212.22,391199.0
10:46,212.03,212.26,212.03,212.18,235883.0
10:47,212.18,212.24,211.99,212.03,211122.0
10:48,212.13,212.24,212.06,212.19,236594.0
10:49,212.04,212.13,211.93,212.12,238508.0
10:50,211.79,212.01,211.76,212.01,280494.0
10:51,211.64,211.85,211.56,211.8,215703.0
10:52,211.66,211.76,211.57,211.63,161290.0
10:53,211.44,211.82,211.42,211.63,286992.0
10:54,211.57,211.61,211.39,211.45,178905.0
10:55,211.71,211.73,211.37,211.57,188576.0
10:56,211.43,211.78,211.42,211.72,158320.0
10:57,211.13,211.43,211.06,211.43,274131.0
10:58,211.23,211.35,211.12,211.12,161475.0
10:59,211.07,211.24,210.93,211.21,185121.0
11:00,210.84,211.12,210.79,211.08,191600.0
11:01,210.74,210.96,210.66,210.84,173333.0
11:02,211.03,211.07,210.67,210.73,177525.0
11:03,211.06,211.09,210.96,211.01,179922.0
11:04,211.15,211.18,211.02,211.05,146083.0
11:05,211.13,211.32,211.08,211.15,206011.0
11:06,211.38,211.39,211.12,211.12,147107.0
11:07,211.57,211.58,211.38,211.38,181202.0
11:08,211.63,211.71,211.52,211.56,175446.0
11:09,211.69,211.79,211.57,211.63,316545.0
11:10,211.62,211.8,211.62,211.66,156113.0
11:11,211.86,211.91,211.62,211.63,217731.0
11:12,212.02,212.21,211.84,211.86,396939.0
11:13,212.03,212.09,211.96,212.03,183316.0
11:14,212.18,212.3,212.04,212.04,336485.0
11:15,212.2,212.23,212.07,212.18,150520.0
11:16,212.33,212.43,212.16,212.2,230509.0
11:17,212.43,212.46,212.27,212.35,183448.0
11:18,212.68,212.71,212.33,212.43,322522.0
11:19,212.85,212.86,212.6,212.67,248613.0
11:20,212.93,213.0,212.77,212.85,301565.0
11:21,213.23,213.26,212.86,212.93,427228.0
11:22,213.37,213.43,213.24,213.37,353072.0
11:23,213.6,213.6,213.32,213.37,346715.0
11:24,213.43,213.67,213.32,213.6,418314.0
11:25,213.4,213.5,213.14,213.45,476358.0
11:26,213.66,213.74,213.34,213.4,413268.0
11:27,213.63,213.82,213.56,213.66,408384.0
11:28,213.99,213.99,213.62,213.63,392627.0
11:29,214.23,214.34,213.98,213.99,665256.0
11:30,214.03,214.23,213.92,214.23,437925.0
11:31,214.46,214.47,214.02,214.02,455709.0
11:32,214.47,214.7,214.4,214.45,504259.0
11:33,214.45,214.57,214.39,214.46,477304.0
11:34,214.38,214.53,214.22,214.45,419926.0
11:35,214.26,214.58,214.16,214.4,370983.0
11:36,214.35,214.47,214.21,214.26,375835.0
11:37,214.38,214.47,214.24,214.35,346474.0
11:38,214.31,214.42,214.11,214.38,316552.0
11:39,214.13,214.35,214.04,214.31,291276.0
11:40,213.96,214.15,213.86,214.15,287980.0
11:41,213.85,214.02,213.81,213.97,229131.0
11:42,214.05,214.07,213.82,213.84,181572.0
11:43,214.05,214.07,213.85,214.07,175712.0
11:44,214.27,214.35,213.99,214.05,230577.0
11:45,213.97,214.32,213.97,214.28,213157.0
11:46,213.9,214.1,213.9,213.99,231069.0
11:47,214.02,214.09,213.85,213.9,154246.0
11:48,213.88,214.02,213.67,214.02,226293.0
11:49,213.87,213.96,213.79,213.89,154377.0
11:50,214.29,214.29,213.84,213.87,244315.0
11:51,214.44,214.58,214.28,214.28,326585.0
11:52,214.47,214.58,214.4,214.44,169055.0
11:53,214.5,214.6,214.46,214.47,264906.0
11:54,214.68,214.7,214.48,214.51,248521.0
11:55,214.83,214.83,214.48,214.69,347212.0
11:56,214.76,214.9,214.63,214.82,325677.0
11:57,214.84,214.87,214.59,214.74,196217.0
11:58,214.76,214.86,214.66,214.84,190470.0
11:59,214.63,214.76,214.5,214.75,214939.0
12:00,214.4,214.66,214.38,214.63,290043.0
12:01,214.51,214.57,214.38,214.4,271795.0
12:02,214.66,214.68,214.5,214.52,281009.0
12:03,214.81,214.9,214.6,214.66,318015.0
12:04,214.83,214.86,214.52,214.8,288148.0
12:05,214.9,214.94,214.74,214.83,334356.0
12:06,214.92,214.97,214.86,214.92,341474.0
12:07,214.9,214.98,214.82,214.93,298337.0
12:08,214.81,214.98,214.76,214.9,251011.0
12:09,214.98,214.99,214.81,214.82,248480.0
12:10,214.83,214.98,214.69,214.97,278427.0
12:11,214.93,214.94,214.82,214.82,197813.0
12:12,214.49,214.95,214.46,214.94,328027.0
12:13,214.54,214.59,214.45,214.51,180447.0
12:14,214.76,214.78,214.47,214.54,198980.0
12:15,214.73,214.88,214.72,214.76,213288.0
12:16,214.89,214.95,214.7,214.72,195728.0
12:17,214.88,214.95,214.85,214.9,166753.0
12:18,214.86,214.89,214.79,214.87,154725.0
12:19,214.82,214.86,214.73,214.86,147040.0
12:20,214.93,214.99,214.76,214.82,206609.0
12:21,214.79,214.99,214.75,214.93,227510.0
12:22,214.76,214.83,214.71,214.79,160929.0
12:23,214.72,214.81,214.62,214.75,172354.0
12:24,214.62,214.75,214.55,214.74,110134.0
12:25,214.41,214.63,214.34,214.62,225680.0
12:26,214.38,214.52,214.28,214.42,173153.0
12:27,214.29,214.38,214.18,214.38,215353.0
12:28,214.41,214.49,214.28,214.29,177882.0
12:29,214.5,214.53,214.34,214.4,135554.0
12:30,214.29,214.52,214.26,214.52,124876.0
12:31,214.21,214.42,214.21,214.28,119773.0
12:32,214.03,214.21,214.01,214.21,271817.0
12:33,213.9,214.09,213.87,214.04,282416.0
12:34,214.04,214.09,213.88,213.89,176112.0
12:35,214.31,214.38,214.05,214.06,220286.0
12:36,214.57,214.59,214.26,214.31,225886.0
12:37,214.37,214.61,214.37,214.57,141807.0
12:38,214.35,214.45,214.35,214.39,80361.0
12:39,214.36,214.44,214.33,214.36,96058.0
12:40,214.46,214.52,214.26,214.36,144475.0
12:41,214.55,214.6,214.47,214.47,121067.0
12:42,214.48,214.56,214.45,214.55,101260.0
12:43,214.43,214.54,214.39,214.48,98014.0
12:44,214.26,214.45,214.26,214.44,88934.0
12:45,214.28,214.35,214.17,214.26,115648.0
12:46,214.43,214.52,214.28,214.28,119570.0
12:47,214.52,214.55,214.41,214.42,102200.0
12:48,214.4,214.55,214.4,214.53,92639.0
12:49,214.5,214.5,214.4,214.41,113115.0
12:50,214.51,214.52,214.43,214.49,105693.0
12:51,214.58,214.61,214.48,214.51,116631.0
12:52,214.59,214.61,214.52,214.57,92598.0
12:53,214.54,214.61,214.51,214.59,111491.0
12:54,214.51,214.57,214.46,214.54,78326.0
12:55,214.6,214.61,214.46,214.5,130253.0
12:56,214.72,214.75,214.59,214.6,152673.0
12:57,214.6,214.74,214.56,214.74,148414.0
12:58,214.6,214.65,214.53,214.6,100809.0
12:59,214.48,214.6,214.48,214.6,66765.0
13:00,214.51,214.59,214.46,214.49,111622.0
13:01,214.42,214.51,214.36,214.5,99764.0
13:02,214.41,214.42,214.29,214.42,127463.0
13:03,214.33,214.47,214.31,214.41,89965.0
13:04,214.18,214.35,214.17,214.34,89349.0
13:05,214.23,214.29,214.15,214.18,107434.0
13:06,214.2,214.26,214.05,214.24,109182.0
13:07,214.18,214.22,214.04,214.2,80810.0
13:08,214.18,214.2,214.09,214.17,213992.0
13:09,214.32,214.35,214.16,214.18,94121.0
13:10,214.4,214.42,214.31,214.31,129031.0
13:11,214.45,214.5,214.4,214.42,119462.0
13:12,214.31,214.46,214.22,214.46,130082.0
13:13,214.28,214.34,214.25,214.29,58594.0
13:14,214.34,214.43,214.28,214.29,95566.0
13:15,214.44,214.47,214.36,214.37,93312.0
13:16,214.68,214.73,214.44,214.44,234410.0
13:17,214.67,214.71,214.63,214.69,106794.0
13:18,214.63,214.7,214.59,214.67,90937.0
13:19,214.77,214.79,214.62,214.65,123021.0
13:20,214.76,214.86,214.76,214.78,201501.0
13:21,214.79,214.86,214.76,214.77,116133.0
13:22,214.78,214.85,214.71,214.78,169082.0
13:23,214.76,214.84,214.67,214.79,222031.0
13:24,214.8,214.82,214.73,214.76,67743.0
13:25,214.82,214.86,214.78,214.79,89487.0
13:26,214.76,214.87,214.76,214.82,100811.0
13:27,214.65,214.8,214.65,214.77,85381.0
13:28,214.58,214.65,214.54,214.65,125626.0
13:29,214.54,214.62,214.52,214.59,78404.0
13:30,214.53,214.53,214.43,214.51,100418.0
13:31,214.74,214.76,214.52,214.54,171373.0
13:32,214.71,214.76,214.66,214.72,110003.0
13:33,214.69,214.71,214.63,214.71,67897.0
13:34,214.68,214.84,214.6,214.69,114915.0
13:35,214.85,214.85,214.67,214.68,101503.0
13:36,214.87,214.94,214.84,214.86,125489.0
13:37,214.88,214.92,214.83,214.86,115976.0
13:38,214.93,214.96,214.85,214.89,93325.0
13:39,214.94,214.99,214.91,214.93,270685.0
13:40,214.91,214.94,214.81,214.94,125254.0
13:41,215.2,215.22,214.91,214.91,956503.0
13:42,215.28,215.32,215.14,215.2,230641.0
13:43,215.36,215.38,215.22,215.28,170073.0
13:44,215.12,215.37,215.1,215.35,197398.0
13:45,214.84,215.15,214.81,215.11,236275.0
13:46,214.52,214.85,214.47,214.84,274839.0
13:47,214.54,214.58,214.46,214.54,140873.0
13:48,214.5,214.57,214.46,214.54,93276.0
13:49,214.45,214.5,214.26,214.5,171001.0
13:50,214.23,214.46,214.15,214.45,177100.0
13:51,214.46,214.5,214.09,214.23,174791.0
13:52,214.38,214.54,214.38,214.48,133893.0
13:53,214.46,214.46,214.27,214.38,101046.0
13:54,214.31,214.47,214.31,214.44,77795.0
13:55,214.28,214.36,214.26,214.31,96897.0
13:56,214.45,214.49,214.21,214.26,103454.0
13:57,214.34,214.48,214.33,214.46,74442.0
13:58,214.36,214.4,214.31,214.34,68776.0
13:59,214.38,214.43,214.35,214.36,83999.0
14:00,214.4,214.42,214.22,214.38,100329.0
14:01,214.16,214.4,214.15,214.39,99077.0
14:02,214.41,214.41,214.13,214.16,103913.0
14:03,214.31,214.41,214.2,214.4,92099.0
14:04,214.43,214.43,214.3,214.32,85406.0
14:05,214.63,214.65,214.41,214.44,187261.0
14:06,214.64,214.66,214.54,214.64,130374.0
14:07,214.58,214.66,214.55,214.65,120049.0
14:08,214.64,214.65,214.5,214.57,123329.0
14:09,214.66,214.67,214.59,214.62,121941.0
14:10,214.53,214.66,214.43,214.64,174988.0
14:11,214.59,214.62,214.52,214.54,94731.0
14:12,214.62,214.66,214.57,214.6,73712.0
14:13,214.67,214.7,214.6,214.62,119652.0
14:14,214.68,214.7,214.63,214.67,114057.0
14:15,214.55,214.68,214.5,214.68,91182.0
14:16,214.56,214.59,214.51,214.55,85785.0
14:17,214.62,214.65,214.55,214.55,65446.0
14:18,214.53,214.62,214.51,214.6,103505.0
14:19,214.65,214.65,214.49,214.53,102260.0
14:20,214.78,214.78,214.62,214.65,141128.0
14:21,214.77,214.8,214.7,214.77,185732.0
14:22,214.89,214.93,214.78,214.78,127057.0
14:23,214.87,214.91,214.84,214.89,88515.0
14:24,214.76,214.87,214.65,214.87,132937.0
14:25,214.7,214.75,214.64,214.75,76903.0
14:26,214.77,214.82,214.7,214.71,75357.0
14:27,214.6,214.77,214.58,214.77,98567.0
14:28,214.63,214.65,214.55,214.6,79763.0
14:29,214.6,214.66,214.59,214.64,63349.0
14:30,214.51,214.61,214.45,214.61,114204.0
14:31,214.58,214.61,214.46,214.51,87419.0
14:32,214.65,214.66,214.58,214.59,85880.0
14:33,214.7,214.7,214.56,214.65,84652.0
14:34,214.67,214.69,214.61,214.65,120421.0
14:35,214.65,214.68,214.65,214.65,156190.0
14:36,214.69,214.69,214.6,214.65,81808.0
14:37,214.72,214.79,214.68,214.69,153681.0
14:38,214.65,214.73,214.6,214.72,82089.0
14:39,214.6,214.67,214.57,214.65,107736.0
14:40,214.57,214.64,214.53,214.6,66481.0
14:41,214.6,214.62,214.55,214.57,59806.0
14:42,214.59,214.61,214.54,214.6,61549.0
14:43,214.57,214.61,214.53,214.59,89858.0
14:44,214.51,214.57,214.49,214.57,71512.0
14:45,214.45,214.53,214.43,214.51,88370.0
14:46,214.49,214.5,214.4,214.45,91905.0
14:47,214.54,214.55,214.47,214.49,111001.0
14:48,214.6,214.6,214.51,214.54,102888.0
14:49,214.61,214.71,214.6,214.6,130168.0
14:50,214.63,214.68,214.6,214.61,79358.0
14:51,214.58,214.64,214.49,214.64,97832.0
14:52,214.61,214.65,214.58,214.59,67169.0
14:53,214.57,214.65,214.5,214.62,100186.0
14:54,214.55,214.59,214.51,214.57,63838.0
14:55,214.61,214.63,214.53,214.54,113450.0
14:56,214.57,214.64,214.55,214.62,103610.0
14:57,214.57,214.6,214.52,214.57,88622.0
14:58,214.45,214.62,214.44,214.58,130059.0
14:59,214.4,214.47,214.38,214.46,150588.0
15:00,214.33,214.42,214.27,214.4,174153.0
15:01,214.46,214.48,214.32,214.32,114347.0
15:02,214.49,214.54,214.45,214.45,118117.0
15:03,214.37,214.5,214.35,214.49,101495.0
15:04,214.39,214.41,214.32,214.36,91692.0
15:05,214.32,214.41,214.28,214.4,92971.0
15:06,214.45,214.45,214.32,214.32,119357.0
15:07,214.39,214.55,214.38,214.45,135793.0
15:08,214.29,214.41,214.27,214.4,136839.0
15:09,214.27,214.33,214.26,214.3,115805.0
15:10,214.23,214.28,214.18,214.27,116779.0
15:11,214.2,214.24,214.08,214.23,137709.0
15:12,214.07,214.2,214.07,214.19,123749.0
15:13,213.99,214.09,213.92,214.07,199277.0
15:14,213.87,213.99,213.82,213.99,170843.0
15:15,213.81,213.92,213.78,213.87,130817.0
15:16,213.98,214.0,213.75,213.8,193527.0
15:17,214.13,214.16,213.97,213.97,243841.0
15:18,214.04,214.18,214.01,214.13,156285.0
15:19,214.26,214.33,214.04,214.04,181352.0
15:20,214.4,214.4,214.25,214.26,135880.0
15:21,214.35,214.41,214.31,214.41,134719.0
15:22,214.42,214.45,214.33,214.35,113782.0
15:23,214.39,214.45,214.33,214.42,119315.0
15:24,214.29,214.4,214.29,214.38,127611.0
15:25,214.09,214.31,214.07,214.28,213248.0
15:26,214.07,214.12,214.03,214.08,116068.0
15:27,214.11,214.15,213.98,214.07,172575.0
15:28,214.01,214.16,213.99,214.13,192616.0
15:29,213.88,214.01,213.87,214.01,179338.0
15:30,213.79,213.89,213.73,213.88,185389.0
15:31,213.73,213.85,213.73,213.79,140108.0
15:32,213.82,213.9,213.71,213.74,132431.0
15:33,213.9,213.95,213.8,213.82,126325.0
15:34,213.92,213.97,213.85,213.9,135660.0
15:35,213.85,213.93,213.74,213.92,165678.0
15:36,213.77,213.85,213.76,213.84,137272.0
15:37,213.87,213.88,213.74,213.77,123943.0
15:38,214.02,214.04,213.86,213.86,151137.0
15:39,214.21,214.24,214.02,214.02,239320.0
15:40,214.33,214.36,214.19,214.21,164226.0
15:41,214.39,214.42,214.31,214.33,173454.0
15:42,214.25,214.4,214.18,214.4,297089.0
15:43,214.12,214.25,214.12,214.25,170547.0
15:44,214.04,214.17,214.01,214.13,145517.0
15:45,213.96,214.07,213.91,214.04,182805.0
15:46,213.9,214.03,213.89,213.96,159120.0
15:47,213.88,213.94,213.82,213.94,149189.0
15:48,213.91,213.92,213.85,213.89,117185.0
15:49,214.21,214.25,213.88,213.9,188617.0
15:50,213.94,214.21,213.75,214.21,398566.0
15:51,213.95,214.03,213.85,213.93,226912.0
15:52,213.97,214.0,213.88,213.96,227108.0
15:53,213.63,213.97,213.59,213.96,431222.0
15:54,213.42,213.45,213.42,213.45,573452.0
15:55,213.07,213.41,212.81,213.41,998455.0
15:56,212.93,213.09,212.91,213.05,1020890.0
15:57,213.05,213.13,212.89,212.93,594825.0
15:58,213.13,213.21,213.04,213.06,609650.0
15:59,213.25,213.3,213.07,213.13,1187027.0
