Time,Close,High,Low,Open,Volume
09:30,230.97,231.58,230.93,231.27,1192182.0
09:31,231.18,231.57,230.95,230.96,231196.0
09:32,231.26,231.45,231.0,231.23,143495.0
09:33,231.33,231.38,231.16,231.21,45310.0
09:34,230.72,231.29,230.62,231.19,255020.0
09:35,230.81,230.88,230.63,230.72,128896.0
09:36,230.78,230.85,230.61,230.79,94120.0
09:37,231.02,231.11,230.7,230.76,88216.0
09:38,230.69,231.02,230.59,231.02,92743.0
09:39,230.95,231.09,230.6,230.69,102401.0
09:40,231.25,231.3,230.96,230.98,87748.0
09:41,231.81,231.83,231.2,231.26,193062.0
09:42,231.66,232.04,231.66,231.79,257898.0
09:43,231.31,231.67,231.28,231.66,89721.0
09:44,231.23,231.49,231.23,231.28,67040.0
09:45,231.12,231.27,231.05,231.24,74132.0
09:46,231.17,231.33,231.08,231.12,50327.0
09:47,231.48,231.57,231.3,231.35,134786.0
09:48,231.79,231.8,231.51,231.57,219246.0
09:49,231.89,231.9,231.69,231.8,109864.0
09:50,231.63,232.12,231.57,231.89,172868.0
09:51,232.05,232.14,231.63,231.63,140635.0
09:52,231.89,232.03,231.69,232.03,103858.0
09:53,232.14,232.22,231.91,231.92,139612.0
09:54,232.1,232.2,232.03,232.15,67029.0
09:55,232.02,232.12,231.93,232.1,80471.0
09:56,232.11,232.13,231.95,232.02,114659.0
09:57,232.2,232.29,232.04,232.08,97936.0
09:58,232.06,232.24,231.99,232.21,84538.0
09:59,232.07,232.11,232.0,232.06,81709.0
10:00,232.08,232.38,231.96,232.04,174459.0
10:01,232.05,232.19,231.98,232.17,69744.0
10:02,232.08,232.19,232.04,232.05,73797.0
10:03,232.47,232.48,232.06,232.06,104498.0
10:04,232.68,232.82,232.45,232.46,166313.0
10:05,232.79,232.82,232.53,232.68,115045.0
10:06,232.53,232.77,232.44,232.77,86605.0
10:07,232.72,232.82,232.52,232.54,98558.0
10:08,232.7,232.78,232.65,232.74,82074.0
10:09,232.71,232.81,232.6,232.73,106756.0
10:10,232.59,232.75,232.44,232.73,113550.0
10:11,232.66,232.77,232.53,232.58,98005.0
10:12,232.69,232.87,232.57,232.66,128057.0
10:13,232.63,232.78,232.62,232.66,85185.0
10:14,232.63,232.69,232.5,232.62,134600.0
10:15,232.31,232.65,232.29,232.63,101589.0
10:16,232.18,232.34,232.17,232.29,98158.0
10:17,232.39,232.41,232.18,232.19,73096.0
10:18,232.27,232.45,232.26,232.42,58126.0
10:19,232.18,232.32,232.16,232.28,71793.0
10:20,232.17,232.31,232.12,232.18,49433.0
10:21,232.23,232.25,232.16,232.17,69498.0
10:22,232.09,232.24,232.08,232.22,68397.0
10:23,232.04,232.1,232.0,232.09,69633.0
10:24,231.99,232.12,231.97,232.05,93444.0
10:25,231.74,232.02,231.73,232.01,113411.0
10:26,231.76,231.92,231.72,231.74,92894.0
10:27,231.72,231.87,231.64,231.76,102182.0
10:28,231.82,231.88,231.59,231.73,129693.0
10:29,231.83,231.95,231.82,231.89,155413.0
10:30,231.67,231.93,231.64,231.82,97577.0
10:31,231.83,231.83,231.65,231.65,68311.0
10:32,231.88,231.97,231.83,231.83,119835.0
10:33,232.04,232.05,231.85,231.88,77521.0
10:34,232.18,232.24,232.0,232.03,92259.0
10:35,231.99,232.27,231.88,232.18,96279.0
10:36,231.76,232.0,231.73,231.99,84807.0
10:37,231.57,231.81,231.56,231.78,111966.0
10:38,231.64,231.64,231.46,231.57,75664.0
10:39,231.46,231.67,231.38,231.64,118366.0
10:40,231.62,231.66,231.36,231.49,109895.0
10:41,231.41,231.6,231.4,231.6,61107.0
10:42,231.43,231.51,231.32,231.41,74881.0
10:43,231.48,231.51,231.36,231.44,66070.0
10:44,231.4,231.48,231.31,231.47,66750.0
10:45,231.23,231.38,231.15,231.37,106055.0
10:46,231.15,231.26,231.11,231.24,105584.0
10:47,231.07,231.25,231.04,231.15,84604.0
10:48,231.06,231.12,230.98,231.07,107137.0
10:49,231.01,231.11,230.96,231.07,88736.0
10:50,230.82,231.0,230.79,231.0,79669.0
10:51,230.93,231.01,230.82,230.82,89796.0
10:52,230.93,230.98,230.85,230.93,575504.0
10:53,230.88,231.0,230.88,230.94,55676.0
10:54,231.09,231.18,230.9,230.9,73322.0
10:55,231.08,231.1,230.95,231.09,72156.0
10:56,231.09,231.12,231.01,231.09,29847.0
10:57,231.02,231.13,231.01,231.1,55818.0
10:58,230.88,231.05,230.84,231.04,116321.0
10:59,230.86,230.99,230.83,230.91,51650.0
11:00,230.77,230.92,230.68,230.88,82070.0
11:01,230.73,230.78,230.58,230.76,75607.0
11:02,230.84,230.91,230.74,230.76,71676.0
11:03,230.81,230.87,230.68,230.84,98015.0
11:04,230.96,231.05,230.77,230.8,81646.0
11:05,231.01,231.04,230.91,230.97,74535.0
11:06,230.97,231.06,230.84,231.03,99592.0
11:07,231.06,231.11,230.96,230.96,67669.0
11:08,231.12,231.17,231.03,231.06,88620.0
11:09,230.94,231.18,230.89,231.12,83689.0
11:10,230.77,230.97,230.71,230.94,84968.0
11:11,230.8,230.89,230.71,230.77,85689.0
11:12,230.62,230.8,230.47,230.8,145619.0
11:13,230.9,230.9,230.62,230.62,74877.0
11:14,230.99,231.0,230.87,230.89,55478.0
11:15,230.9,231.01,230.9,230.99,64406.0
11:16,230.8,230.9,230.72,230.9,49440.0
11:17,230.81,230.9,230.77,230.8,61321.0
11:18,230.87,230.92,230.77,230.81,48225.0
11:19,230.83,230.9,230.82,230.88,40553.0
11:20,230.8,230.92,230.79,230.87,46671.0
11:21,230.73,230.81,230.73,230.8,21052.0
11:22,230.67,230.76,230.67,230.71,75878.0
11:23,230.62,230.71,230.6,230.62,130705.0
11:24,230.66,230.73,230.59,230.62,50125.0
11:25,230.83,230.88,230.66,230.67,144631.0
11:26,231.04,231.09,230.79,230.83,97966.0
11:27,231.29,231.33,231.04,231.04,142477.0
11:28,231.27,231.34,231.22,231.28,79388.0
11:29,231.32,231.34,231.26,231.26,71492.0
11:30,231.18,231.33,231.15,231.32,70701.0
11:31,231.18,231.27,231.14,231.18,91511.0
11:32,231.3,231.33,231.16,231.16,50514.0
11:33,231.36,231.39,231.29,231.3,86982.0
11:34,231.49,231.49,231.36,231.36,76443.0
11:35,231.37,231.5,231.37,231.49,84549.0
11:36,231.32,231.4,231.29,231.36,63450.0
11:37,231.5,231.51,231.32,231.32,41683.0
11:38,231.55,231.58,231.48,231.51,53732.0
11:39,231.53,231.56,231.45,231.53,48438.0
11:40,231.57,231.6,231.48,231.53,73755.0
11:41,231.48,231.56,231.43,231.55,34114.0
11:42,231.59,231.62,231.46,231.48,81939.0
11:43,231.53,231.66,231.52,231.57,42446.0
11:44,231.54,231.61,231.51,231.53,186759.0
11:45,231.54,231.57,231.48,231.55,41458.0
11:46,231.4,231.59,231.36,231.57,62508.0
11:47,231.3,231.49,231.3,231.42,45131.0
11:48,231.42,231.44,231.29,231.29,28588.0
11:49,231.28,231.44,231.28,231.42,42611.0
11:50,231.18,231.29,231.16,231.28,64147.0
11:51,231.18,231.26,231.15,231.18,56296.0
11:52,231.32,231.36,231.2,231.2,56758.0
11:53,231.32,231.46,231.31,231.33,44269.0
11:54,231.39,231.44,231.34,231.34,37430.0
11:55,231.32,231.48,231.31,231.39,48649.0
11:56,231.46,231.5,231.33,231.33,35123.0
11:57,231.43,231.47,231.4,231.45,31155.0
11:58,231.37,231.46,231.33,231.43,27799.0
11:59,231.4,231.41,231.36,231.38,24034.0
12:00,231.43,231.44,231.37,231.39,32414.0
12:01,231.5,231.51,231.38,231.42,37422.0
12:02,231.48,231.54,231.45,231.49,35039.0
12:03,231.4,231.49,231.4,231.48,24109.0
12:04,231.43,231.45,231.39,231.4,33660.0
12:05,231.27,231.48,231.27,231.43,35382.0
12:06,231.27,231.37,231.27,231.28,53336.0
12:07,231.05,231.24,231.05,231.23,55069.0
12:08,231.26,231.27,231.07,231.07,39996.0
12:09,231.27,231.31,231.23,231.26,31377.0
12:10,231.26,231.27,231.18,231.27,53413.0
12:11,231.19,231.27,231.19,231.26,29995.0
12:12,231.17,231.25,231.16,231.21,18414.0
12:13,231.26,231.29,231.18,231.18,54052.0
12:14,231.28,231.32,231.22,231.26,54495.0
12:15,231.36,231.4,231.26,231.28,547960.0
12:16,231.4,231.44,231.32,231.35,30490.0
12:17,231.35,231.4,231.3,231.4,26179.0
12:18,231.32,231.37,231.27,231.37,23550.0
12:19,231.24,231.32,231.22,231.32,26378.0
12:20,231.25,231.26,231.18,231.24,36936.0
12:21,231.3,231.32,231.24,231.26,28382.0
12:22,231.45,231.45,231.29,231.3,32037.0
12:23,231.51,231.53,231.42,231.42,41927.0
12:24,231.41,231.51,231.4,231.5,30803.0
12:25,231.41,231.5,231.41,231.42,36061.0
12:26,231.17,231.41,231.16,231.4,46083.0
12:27,231.31,231.32,231.16,231.21,32144.0
12:28,231.28,231.3,231.21,231.3,19892.0
12:29,231.31,231.31,231.2,231.29,37769.0
12:30,231.18,231.3,231.18,231.28,24833.0
12:31,231.25,231.25,231.14,231.18,41005.0
12:32,231.18,231.29,231.15,231.26,28326.0
12:33,231.28,231.29,231.2,231.2,29018.0
12:34,231.3,231.31,231.24,231.29,38499.0
12:35,231.29,231.33,231.27,231.31,24750.0
12:36,231.19,231.29,231.18,231.29,43036.0
12:37,231.1,231.2,231.09,231.18,26334.0
12:38,231.08,231.11,231.05,231.11,34781.0
12:39,231.04,231.1,230.95,231.06,83124.0
12:40,230.83,231.06,230.83,231.04,103855.0
12:41,230.86,230.94,230.81,230.82,78660.0
12:42,230.88,230.94,230.83,230.87,68909.0
12:43,230.75,230.79,230.74,230.78,69507.0
12:44,230.96,230.99,230.76,230.76,85646.0
12:45,230.85,231.02,230.84,230.95,70590.0
12:46,230.88,230.91,230.81,230.85,60183.0
12:47,230.82,230.91,230.81,230.87,85551.0
12:48,230.89,230.91,230.82,230.85,46303.0
12:49,230.92,230.93,230.85,230.9,44104.0
12:50,230.93,231.0,230.87,230.91,35996.0
12:51,230.95,230.97,230.92,230.92,23327.0
12:52,230.96,231.02,230.93,230.97,31826.0
12:53,230.99,231.02,230.97,230.98,28452.0
12:54,230.79,230.98,230.79,230.98,24179.0
12:55,230.81,230.9,230.79,230.81,36067.0
12:56,230.79,230.85,230.73,230.81,48509.0
12:57,230.77,230.83,230.71,230.83,56778.0
12:58,230.75,230.78,230.7,230.76,87847.0
12:59,230.71,230.77,230.7,230.74,82423.0
13:00,230.58,230.75,230.52,230.71,77164.0
13:01,230.5,230.59,230.49,230.59,64085.0
13:02,230.64,230.66,230.5,230.5,44439.0
13:03,230.68,230.69,230.61,230.65,150259.0
13:04,230.63,230.7,230.59,230.7,161934.0
13:05,230.6,230.68,230.49,230.62,83706.0
13:06,230.7,230.71,230.54,230.6,60342.0
13:07,230.44,230.71,230.38,230.7,101855.0
13:08,230.47,230.58,230.44,230.44,67406.0
13:09,230.32,230.47,230.3,230.46,88177.0
13:10,230.37,230.41,230.3,230.31,49126.0
13:11,230.4,230.4,230.32,230.36,59772.0
13:12,230.53,230.54,230.36,230.4,68791.0
13:13,230.59,230.59,230.5,230.54,47080.0
13:14,230.53,230.59,230.52,230.59,34206.0
13:15,230.45,230.54,230.42,230.53,88625.0
13:16,230.37,230.54,230.37,230.46,45052.0
13:17,230.38,230.41,230.34,230.37,31465.0
13:18,230.15,230.39,230.13,230.38,65590.0
13:19,230.18,230.19,230.06,230.15,56745.0
13:20,230.27,230.31,230.16,230.18,53974.0
13:21,230.23,230.29,230.16,230.27,24913.0
13:22,230.4,230.43,230.24,230.24,35960.0
13:23,230.5,230.5,230.34,230.4,33396.0
13:24,230.48,230.52,230.44,230.51,35402.0
13:25,230.49,230.55,230.48,230.49,34492.0
13:26,230.48,230.51,230.45,230.49,21289.0
13:27,230.47,230.51,230.43,230.49,27206.0
13:28,230.57,230.58,230.48,230.48,23977.0
13:29,230.62,230.65,230.56,230.57,47308.0
13:30,230.68,230.68,230.59,230.62,40040.0
13:31,230.63,230.67,230.59,230.67,33439.0
13:32,230.6,230.71,230.59,230.64,34874.0
13:33,230.6,230.63,230.59,230.61,25159.0
13:34,230.55,230.64,230.55,230.62,30844.0
13:35,230.68,230.71,230.56,230.56,76020.0
13:36,230.66,230.7,230.62,230.7,30667.0
13:37,230.79,230.8,230.62,230.65,61428.0
13:38,230.83,230.85,230.78,230.8,49309.0
13:39,230.79,230.88,230.78,230.82,39366.0
13:40,230.83,230.84,230.78,230.79,48071.0
13:41,230.72,230.84,230.71,230.82,50273.0
13:42,230.71,230.74,230.64,230.72,31778.0
13:43,230.73,230.76,230.69,230.71,40913.0
13:44,230.71,230.74,230.69,230.73,35698.0
13:45,230.79,230.79,230.7,230.71,26820.0
13:46,230.67,230.79,230.66,230.79,29230.0
13:47,230.81,230.81,230.69,230.69,31591.0
13:48,230.8,230.88,230.79,230.81,49494.0
13:49,230.71,230.82,230.7,230.79,32684.0
13:50,230.87,230.88,230.72,230.72,31266.0
13:51,230.84,230.9,230.82,230.86,32994.0
13:52,230.82,230.84,230.73,230.84,28314.0
13:53,230.82,230.85,230.77,230.84,32638.0
13:54,230.8,230.85,230.79,230.82,24914.0
13:55,230.75,230.84,230.72,230.81,36212.0
13:56,230.75,230.76,230.7,230.76,30719.0
13:57,230.82,230.82,230.75,230.76,24784.0
13:58,230.84,230.9,230.81,230.81,36812.0
13:59,230.79,230.85,230.79,230.83,25075.0
14:00,230.74,230.79,230.71,230.79,43203.0
14:01,230.68,230.75,230.66,230.72,33913.0
14:02,230.59,230.71,230.59,230.69,30299.0
14:03,230.52,230.63,230.5,230.6,40680.0
14:04,230.58,230.58,230.39,230.51,71239.0
14:05,230.47,230.61,230.47,230.58,33966.0
14:06,230.46,230.53,230.41,230.46,49310.0
14:07,230.51,230.53,230.4,230.45,81278.0
14:08,230.62,230.62,230.48,230.5,28575.0
14:09,230.69,230.76,230.62,230.62,53360.0
14:10,230.52,230.7,230.49,230.68,47208.0
14:11,230.49,230.55,230.47,230.52,49079.0
14:12,230.26,230.5,230.26,230.5,84610.0
14:13,230.16,230.27,230.09,230.27,83415.0
14:14,230.21,230.35,230.18,230.18,40326.0
14:15,230.21,230.27,230.18,230.19,42892.0
14:16,230.19,230.26,230.14,230.26,27882.0
14:17,230.15,230.19,230.09,230.18,34715.0
14:18,230.22,230.27,230.17,230.17,40996.0
14:19,230.18,230.22,230.16,230.22,32993.0
14:20,230.13,230.22,230.12,230.18,34082.0
14:21,230.07,230.21,230.06,230.12,57141.0
14:22,229.97,230.1,229.87,230.07,139934.0
14:23,229.89,229.99,229.89,229.97,56173.0
14:24,230.11,230.12,229.89,229.9,580248.0
14:25,230.16,230.18,230.07,230.09,64564.0
14:26,230.11,230.21,230.04,230.15,44144.0
14:27,230.01,230.13,229.99,230.1,47848.0
14:28,229.94,230.02,229.92,230.01,38742.0
14:29,230.05,230.06,229.88,229.95,49633.0
14:30,229.9,230.04,229.9,230.02,43332.0
14:31,229.93,229.98,229.87,229.91,35418.0
14:32,230.02,230.09,229.9,229.94,71069.0
14:33,229.93,230.07,229.92,230.03,38147.0
14:34,229.99,230.0,229.89,229.92,55993.0
14:35,229.93,230.05,229.93,229.98,41999.0
14:36,229.79,229.93,229.78,229.92,50019.0
14:37,229.88,229.92,229.78,229.78,74813.0
14:38,229.88,229.94,229.86,229.86,43872.0
14:39,229.83,229.88,229.81,229.86,38818.0
14:40,229.85,229.91,229.82,229.82,49380.0
14:41,229.78,229.86,229.73,229.86,69158.0
14:42,229.7,229.86,229.69,229.79,47239.0
14:43,229.65,229.77,229.63,229.72,71106.0
14:44,229.76,229.77,229.62,229.63,62389.0
14:45,229.69,229.79,229.69,229.76,44919.0
14:46,229.68,229.71,229.62,229.69,44649.0
14:47,229.66,229.75,229.62,229.68,114283.0
14:48,229.73,229.74,229.67,229.67,42876.0
14:49,229.71,229.73,229.67,229.73,32219.0
14:50,229.59,229.72,229.58,229.69,76101.0
14:51,229.72,229.72,229.58,229.58,50603.0
14:52,229.61,229.71,229.58,229.68,50428.0
14:53,229.78,229.78,229.59,229.62,55358.0
14:54,229.75,229.77,229.72,229.76,38081.0
14:55,229.73,229.78,229.7,229.76,54121.0
14:56,229.99,230.0,229.71,229.73,132737.0
14:57,229.87,230.01,229.87,229.99,74040.0
14:58,229.8,229.88,229.76,229.87,43833.0
14:59,229.75,229.82,229.75,229.8,40524.0
15:00,229.67,229.78,229.65,229.76,39893.0
15:01,229.36,229.7,229.35,229.68,113326.0
15:02,229.5,229.51,229.35,229.36,88551.0
15:03,229.65,229.65,229.42,229.5,131258.0
15:04,229.75,229.75,229.65,229.65,75723.0
15:05,229.75,229.8,229.73,229.75,64892.0
15:06,229.75,229.8,229.72,229.72,34135.0
15:07,229.88,229.88,229.75,229.76,54947.0
15:08,229.9,229.96,229.86,229.88,53312.0
15:09,229.8,229.91,229.79,229.91,35712.0
15:10,229.81,229.81,229.74,229.8,64643.0
15:11,229.85,229.9,229.78,229.82,39767.0
15:12,229.79,229.87,229.71,229.84,63029.0
15:13,229.79,229.82,229.72,229.79,38640.0
15:14,229.7,229.8,229.64,229.78,79553.0
15:15,229.69,229.72,229.62,229.7,88098.0
15:16,229.64,229.74,229.64,229.69,52465.0
15:17,229.67,229.71,229.59,229.63,63544.0
15:18,229.74,229.74,229.67,229.68,43948.0
15:19,229.82,229.85,229.73,229.73,76566.0
15:20,229.85,229.86,229.77,229.82,31044.0
15:21,229.88,229.91,229.81,229.86,60676.0
15:22,229.82,229.88,229.81,229.88,53361.0
15:23,229.98,229.98,229.8,229.82,57558.0
15:24,230.05,230.06,229.95,229.98,69752.0
15:25,230.0,230.08,229.99,230.04,48515.0
15:26,230.02,230.07,230.0,230.0,51986.0
15:27,230.11,230.14,230.02,230.02,75511.0
15:28,230.11,230.14,230.07,230.09,48510.0
15:29,230.18,230.19,230.08,230.12,49420.0
15:30,230.24,230.27,230.18,230.18,77897.0
15:31,230.25,230.28,230.2,230.24,70913.0
15:32,230.29,230.32,230.24,230.24,56639.0
15:33,230.26,230.31,230.23,230.29,48550.0
15:34,230.22,230.26,230.2,230.25,55323.0
15:35,230.22,230.23,230.16,230.22,52913.0
15:36,230.21,230.23,230.14,230.21,59569.0
15:37,230.2,230.21,230.16,230.2,40826.0
15:38,230.22,230.24,230.17,230.19,82810.0
15:39,230.29,230.29,230.22,230.24,102182.0
15:40,230.3,230.35,230.23,230.31,84176.0
15:41,230.34,230.34,230.24,230.3,90570.0
15:42,230.33,230.34,230.28,230.34,63245.0
15:43,230.34,230.37,230.31,230.34,63648.0
15:44,230.38,230.38,230.34,230.35,77730.0
15:45,230.3,230.39,230.27,230.39,92501.0
15:46,230.32,230.36,230.28,230.3,65179.0
15:47,230.26,230.34,230.26,230.32,49748.0
15:48,230.27,230.34,230.25,230.26,58682.0
15:49,230.25,230.32,230.22,230.27,69945.0
15:50,230.32,230.37,230.14,230.25,140062.0
15:51,230.34,230.44,230.29,230.32,96831.0
15:52,230.34,230.45,230.33,230.34,85336.0
15:53,230.15,230.37,230.11,230.35,104073.0
15:54,230.24,230.28,229.99,230.15,179196.0
15:55,230.34,230.38,230.17,230.24,191486.0
15:56,230.51,230.51,230.35,230.36,192748.0
15:57,230.49,230.68,230.48,230.51,237455.0
15:58,230.48,230.49,230.35,230.49,299692.0
15:59,230.48,230.49,230.35,230.49,299692.0
