Time,Close,High,Low,Open,Volume
09:30,209.6,209.77,208.92,209.15,1689906.0
09:31,209.31,210.05,209.28,209.62,364924.0
09:32,210.27,210.27,209.23,209.33,331156.0
09:33,210.2,210.49,210.04,210.27,286899.0
09:34,210.42,210.43,210.12,210.19,178306.0
09:35,210.0,210.64,209.99,210.43,328163.0
09:36,210.55,210.68,209.98,210.01,280762.0
09:37,210.36,210.6,210.35,210.49,190211.0
09:38,210.44,210.61,210.26,210.37,235797.0
09:39,210.58,210.69,210.44,210.44,161415.0
09:40,210.49,210.6,210.2,210.57,150006.0
09:41,210.55,210.63,210.29,210.45,190476.0
09:42,210.87,210.97,210.51,210.55,352889.0
09:43,210.65,211.13,210.63,210.87,375583.0
09:44,210.67,210.82,210.64,210.65,119453.0
09:45,210.23,210.69,210.17,210.67,161848.0
09:46,210.07,210.32,210.04,210.22,122310.0
09:47,209.89,210.23,209.84,210.05,184376.0
09:48,209.93,209.98,209.77,209.88,143850.0
09:49,209.89,209.98,209.74,209.92,106667.0
09:50,209.99,209.99,209.73,209.88,154344.0
09:51,210.15,210.2,209.96,209.98,150693.0
09:52,210.08,210.32,210.08,210.11,108147.0
09:53,209.81,210.12,209.77,210.1,100725.0
09:54,209.83,209.87,209.64,209.81,89736.0
09:55,209.83,209.85,209.65,209.8,131046.0
09:56,209.71,209.87,209.68,209.82,103955.0
09:57,209.59,209.72,209.51,209.68,162513.0
09:58,209.5,209.61,209.4,209.59,110629.0
09:59,209.65,209.67,209.47,209.49,126629.0
10:00,209.61,209.82,209.53,209.65,164712.0
10:01,209.44,209.62,209.34,209.6,116338.0
10:02,209.6,209.66,209.38,209.43,109528.0
10:03,209.64,209.66,209.52,209.62,76393.0
10:04,209.7,209.73,209.68,209.69,85782.0
10:05,209.85,209.94,209.65,209.7,108672.0
10:06,210.01,210.17,209.86,209.87,130809.0
10:07,209.92,210.02,209.91,210.02,92966.0
10:08,209.76,209.94,209.63,209.94,89063.0
10:09,209.8,209.85,209.71,209.76,57528.0
10:10,209.82,209.9,209.74,209.8,66443.0
10:11,209.87,209.9,209.72,209.86,67083.0
10:12,209.84,209.87,209.7,209.87,69298.0
10:13,210.02,210.06,209.74,209.82,123169.0
10:14,210.03,210.08,209.91,210.03,68007.0
10:15,210.14,210.3,210.01,210.01,118264.0
10:16,210.1,210.15,210.02,210.15,51140.0
10:17,209.97,210.14,209.94,210.1,80829.0
10:18,209.77,209.94,209.75,209.93,78981.0
10:19,209.91,209.93,209.75,209.76,74809.0
10:20,209.92,209.93,209.78,209.91,52337.0
10:21,209.77,209.92,209.75,209.91,60695.0
10:22,209.85,209.9,209.75,209.77,49478.0
10:23,209.8,209.85,209.74,209.85,63071.0
10:24,209.9,209.92,209.69,209.8,72399.0
10:25,209.91,209.96,209.83,209.89,103439.0
10:26,210.11,210.12,209.8,209.91,124555.0
10:27,210.24,210.26,210.07,210.12,127699.0
10:28,210.13,210.27,210.06,210.23,67568.0
10:29,210.17,210.27,210.12,210.15,60180.0
10:30,210.1,210.18,210.07,210.14,97294.0
10:31,209.75,210.1,209.7,210.1,113330.0
10:32,209.82,209.82,209.58,209.73,106821.0
10:33,209.99,210.02,209.76,209.81,55213.0
10:34,209.88,209.99,209.78,209.98,47783.0
10:35,209.8,209.96,209.74,209.94,82098.0
10:36,209.73,209.93,209.7,209.9,116413.0
10:37,209.77,209.77,209.65,209.74,108741.0
10:38,209.69,209.76,209.59,209.75,86587.0
10:39,209.73,209.78,209.69,209.7,33198.0
10:40,209.54,209.76,209.54,209.73,55280.0
10:41,209.72,209.73,209.5,209.54,66579.0
10:42,209.82,209.85,209.69,209.7,65349.0
10:43,209.74,209.82,209.73,209.76,65810.0
10:44,209.86,209.86,209.73,209.73,70820.0
10:45,209.93,210.02,209.83,209.85,113499.0
10:46,210.02,210.04,209.93,209.94,79068.0
10:47,209.85,210.08,209.84,210.02,78197.0
10:48,209.82,209.9,209.79,209.87,53688.0
10:49,209.79,209.88,209.78,209.83,36934.0
10:50,209.63,209.85,209.62,209.79,60159.0
10:51,209.4,209.65,209.38,209.65,107314.0
10:52,209.28,209.43,209.26,209.38,78384.0
10:53,209.26,209.33,209.2,209.27,97951.0
10:54,209.36,209.39,209.2,209.26,70322.0
10:55,209.39,209.42,209.34,209.38,63742.0
10:56,209.24,209.39,209.23,209.39,63716.0
10:57,209.39,209.4,209.22,209.23,80182.0
10:58,209.43,209.46,209.34,209.4,65193.0
10:59,209.35,209.45,209.3,209.45,47121.0
11:00,209.41,209.58,209.35,209.35,79756.0
11:01,209.32,209.41,209.26,209.41,105567.0
11:02,209.37,209.39,209.26,209.32,50583.0
11:03,209.44,209.48,209.34,209.35,49526.0
11:04,209.37,209.46,209.34,209.44,54361.0
11:05,209.46,209.48,209.34,209.35,52599.0
11:06,209.61,209.63,209.61,209.61,97160.0
11:07,209.67,209.67,209.59,209.61,58794.0
11:08,209.82,209.83,209.66,209.69,135996.0
11:09,209.77,209.87,209.76,209.84,63511.0
11:10,209.88,209.89,209.71,209.79,68563.0
11:11,210.14,210.17,209.86,209.89,144837.0
11:12,210.22,210.24,210.06,210.13,145257.0
11:13,210.46,210.57,210.18,210.2,254159.0
11:14,210.21,210.51,210.21,210.43,159144.0
11:15,210.07,210.24,210.07,210.23,82151.0
11:16,210.35,210.39,210.0,210.06,100767.0
11:17,210.49,210.52,210.28,210.36,70007.0
11:18,210.58,210.66,210.49,210.51,109001.0
11:19,210.7,210.72,210.52,210.59,81056.0
11:20,210.56,210.69,210.55,210.69,64677.0
11:21,210.81,210.81,210.48,210.56,130866.0
11:22,210.85,210.93,210.81,210.82,95643.0
11:23,210.84,210.95,210.8,210.85,94678.0
11:24,210.8,210.89,210.78,210.81,82411.0
11:25,210.86,210.88,210.75,210.79,63541.0
11:26,210.92,210.93,210.76,210.87,67755.0
11:27,211.2,211.21,210.92,210.93,237202.0
11:28,211.23,211.34,211.17,211.17,138297.0
11:29,211.43,211.43,211.17,211.24,178165.0
11:30,211.09,211.47,211.08,211.43,165484.0
11:31,211.2,211.3,211.1,211.1,106332.0
11:32,211.11,211.29,211.08,211.21,108710.0
11:33,211.06,211.22,211.05,211.11,79741.0
11:34,211.28,211.29,211.04,211.07,77537.0
11:35,211.26,211.32,211.21,211.28,75902.0
11:36,211.41,211.41,211.25,211.25,105295.0
11:37,211.84,211.84,211.43,211.43,247935.0
11:38,211.77,211.89,211.72,211.83,127956.0
11:39,211.76,211.83,211.66,211.77,110478.0
11:40,211.66,211.78,211.54,211.77,91138.0
11:41,211.51,211.55,211.46,211.52,98827.0
11:42,211.8,211.83,211.51,211.51,135304.0
11:43,211.79,211.79,211.7,211.78,105532.0
11:44,211.55,211.8,211.49,211.79,142628.0
11:45,211.44,211.59,211.28,211.56,181845.0
11:46,211.56,211.65,211.35,211.43,87001.0
11:47,211.57,211.59,211.37,211.59,76437.0
11:48,211.65,211.66,211.5,211.56,51632.0
11:49,211.55,211.75,211.53,211.67,76047.0
11:50,211.52,211.58,211.38,211.56,99952.0
11:51,211.41,211.51,211.4,211.5,51571.0
11:52,211.31,211.45,211.28,211.41,80052.0
11:53,211.1,211.32,211.02,211.3,122215.0
11:54,211.02,211.12,210.99,211.09,92802.0
11:55,210.95,211.02,210.92,211.01,69404.0
11:56,210.95,211.0,210.83,210.94,88943.0
11:57,210.83,210.98,210.82,210.94,54667.0
11:58,210.77,210.9,210.75,210.85,58808.0
11:59,210.78,210.84,210.73,210.75,64402.0
12:00,210.88,210.9,210.76,210.79,63538.0
12:01,210.69,210.91,210.68,210.89,74744.0
12:02,210.57,210.73,210.56,210.71,57786.0
12:03,210.66,210.68,210.52,210.57,64853.0
12:04,210.57,210.7,210.55,210.67,70638.0
12:05,210.57,210.61,210.38,210.56,115869.0
12:06,210.73,210.73,210.58,210.58,104526.0
12:07,210.81,210.84,210.67,210.71,100473.0
12:08,210.57,210.9,210.54,210.82,101737.0
12:09,210.63,210.67,210.47,210.56,72520.0
12:10,210.62,210.63,210.52,210.61,36108.0
12:11,210.56,210.66,210.52,210.63,29714.0
12:12,210.59,210.6,210.48,210.55,38248.0
12:13,210.62,210.62,210.49,210.58,47796.0
12:14,210.56,210.62,210.51,210.62,24787.0
12:15,210.53,210.55,210.43,210.54,24442.0
12:16,210.58,210.61,210.48,210.53,25835.0
12:17,210.59,210.67,210.55,210.61,25531.0
12:18,210.67,210.68,210.53,210.6,46405.0
12:19,210.45,210.68,210.45,210.67,48809.0
12:20,210.45,210.55,210.42,210.44,28357.0
12:21,210.54,210.55,210.44,210.44,50861.0
12:22,210.72,210.8,210.54,210.54,67894.0
12:23,210.76,210.78,210.68,210.71,39546.0
12:24,210.59,210.75,210.58,210.75,33800.0
12:25,210.5,210.55,210.47,210.55,26457.0
12:26,210.44,210.5,210.36,210.48,41707.0
12:27,210.52,210.55,210.43,210.43,41717.0
12:28,210.7,210.71,210.51,210.52,41618.0
12:29,210.68,210.74,210.65,210.7,37029.0
12:30,210.8,210.8,210.67,210.7,39089.0
12:31,210.93,210.94,210.79,210.8,64859.0
12:32,210.91,210.99,210.86,210.94,46029.0
12:33,210.84,210.97,210.83,210.94,36264.0
12:34,210.85,210.9,210.82,210.87,31614.0
12:35,210.83,210.84,210.8,210.83,23246.0
12:36,210.76,210.84,210.7,210.82,28020.0
12:37,210.58,210.77,210.58,210.73,31225.0
12:38,210.68,210.7,210.56,210.58,31931.0
12:39,210.67,210.7,210.66,210.66,19341.0
12:40,210.64,210.7,210.62,210.68,15311.0
12:41,210.65,210.67,210.54,210.65,26181.0
12:42,210.72,210.76,210.58,210.64,56164.0
12:43,210.46,210.71,210.46,210.71,40836.0
12:44,210.54,210.54,210.45,210.47,28444.0
12:45,210.77,210.8,210.55,210.55,45712.0
12:46,210.77,210.81,210.7,210.77,24189.0
12:47,210.77,210.81,210.7,210.76,36797.0
12:48,210.69,210.77,210.68,210.77,24120.0
12:49,210.65,210.7,210.61,210.7,44549.0
12:50,210.64,210.66,210.6,210.64,33512.0
12:51,210.76,210.77,210.61,210.67,31101.0
12:52,210.88,210.89,210.74,210.76,29365.0
12:53,210.89,210.92,210.81,210.88,29712.0
12:54,210.71,210.93,210.71,210.88,49435.0
12:55,210.69,210.79,210.69,210.7,26874.0
12:56,210.55,210.73,210.46,210.71,50393.0
12:57,210.52,210.56,210.38,210.53,56108.0
12:58,210.54,210.59,210.5,210.51,40818.0
12:59,210.58,210.6,210.49,210.53,50201.0
13:00,210.83,210.84,210.55,210.56,43021.0
13:01,210.81,210.86,210.72,210.85,32480.0
13:02,210.87,210.91,210.87,210.91,40829.0
13:03,210.9,210.92,210.85,210.88,27976.0
13:04,210.9,210.94,210.9,210.9,24116.0
13:05,210.95,210.98,210.83,210.89,35866.0
13:06,210.99,211.07,210.95,210.95,119531.0
13:07,210.92,210.99,210.9,210.98,55736.0
13:08,210.84,210.96,210.84,210.92,39279.0
13:09,210.72,210.85,210.72,210.81,26635.0
13:10,210.87,210.9,210.73,210.74,22636.0
13:11,210.77,210.9,210.76,210.87,24398.0
13:12,210.67,210.77,210.67,210.77,23885.0
13:13,210.7,210.73,210.66,210.68,22453.0
13:14,210.61,210.72,210.52,210.7,32437.0
13:15,210.52,210.63,210.52,210.61,28818.0
13:16,210.53,210.53,210.45,210.51,42081.0
13:17,210.58,210.6,210.53,210.53,42700.0
13:18,210.57,210.65,210.55,210.58,27162.0
13:19,210.61,210.66,210.52,210.57,32114.0
13:20,210.72,210.74,210.57,210.62,30661.0
13:21,210.69,210.72,210.65,210.72,27699.0
13:22,210.73,210.75,210.69,210.69,21210.0
13:23,210.75,210.75,210.65,210.72,26686.0
13:24,210.66,210.75,210.66,210.75,19865.0
13:25,210.63,210.68,210.61,210.67,41138.0
13:26,210.55,210.67,210.54,210.63,39679.0
13:27,210.61,210.62,210.51,210.54,22625.0
13:28,210.62,210.67,210.61,210.61,30314.0
13:29,210.67,210.69,210.63,210.63,15598.0
13:30,210.77,210.85,210.68,210.68,46731.0
13:31,210.74,210.78,210.69,210.76,33366.0
13:32,210.71,210.75,210.66,210.74,17484.0
13:33,210.73,210.79,210.72,210.72,18008.0
13:34,210.83,210.85,210.72,210.74,33345.0
13:35,210.92,210.95,210.83,210.83,33130.0
13:36,211.03,211.05,210.94,210.94,75786.0
13:37,211.02,211.08,210.99,211.03,51118.0
13:38,211.02,211.03,210.97,211.02,27906.0
13:39,211.04,211.07,210.98,211.01,32596.0
13:40,210.95,211.11,210.93,211.04,47185.0
13:41,210.9,210.95,210.81,210.95,42774.0
13:42,210.88,210.93,210.84,210.89,28922.0
13:43,210.92,210.94,210.87,210.87,22361.0
13:44,210.98,211.0,210.91,210.91,19669.0
13:45,211.07,211.07,210.98,210.99,31229.0
13:46,211.1,211.17,211.05,211.06,64161.0
13:47,211.15,211.16,211.07,211.09,35510.0
13:48,211.09,211.15,211.08,211.15,27009.0
13:49,210.98,211.09,210.97,211.08,35526.0
13:50,210.97,210.97,210.91,210.97,17922.0
13:51,210.99,211.01,210.96,211.0,28042.0
13:52,211.02,211.05,211.0,211.04,38161.0
13:53,211.12,211.12,211.02,211.05,24671.0
13:54,211.28,211.31,211.1,211.12,97192.0
13:55,211.26,211.33,211.25,211.28,57313.0
13:56,211.2,211.27,211.13,211.26,57114.0
13:57,211.24,211.27,211.19,211.21,38766.0
13:58,211.29,211.35,211.24,211.25,86263.0
13:59,211.28,211.31,211.21,211.3,52350.0
14:00,211.26,211.34,211.25,211.28,40518.0
14:01,211.23,211.31,211.23,211.25,56848.0
14:02,211.33,211.35,211.21,211.24,66891.0
14:03,211.4,211.47,211.32,211.33,58707.0
14:04,211.42,211.49,211.4,211.4,45805.0
14:05,211.41,211.46,211.38,211.41,39876.0
14:06,211.46,211.52,211.39,211.41,87916.0
14:07,211.46,211.52,211.45,211.46,35290.0
14:08,211.38,211.5,211.37,211.47,41740.0
14:09,211.38,211.4,211.34,211.38,31013.0
14:10,211.34,211.41,211.3,211.37,55444.0
14:11,211.58,211.61,211.33,211.33,66978.0
14:12,211.63,211.64,211.58,211.58,51156.0
14:13,211.56,211.63,211.53,211.63,34082.0
14:14,211.59,211.64,211.57,211.57,43958.0
14:15,211.63,211.67,211.59,211.59,44178.0
14:16,211.62,211.64,211.57,211.63,55228.0
14:17,211.6,211.65,211.56,211.62,56104.0
14:18,211.59,211.62,211.53,211.6,43285.0
14:19,211.44,211.6,211.41,211.59,48475.0
14:20,211.42,211.47,211.37,211.43,42799.0
14:21,211.45,211.5,211.42,211.42,44004.0
14:22,211.52,211.53,211.43,211.45,78580.0
14:23,211.5,211.57,211.48,211.5,49583.0
14:24,211.52,211.52,211.47,211.5,29385.0
14:25,211.36,211.53,211.33,211.5,54263.0
14:26,211.36,211.4,211.31,211.36,35724.0
14:27,211.35,211.38,211.29,211.36,44781.0
14:28,211.33,211.36,211.3,211.36,133739.0
14:29,211.38,211.44,211.34,211.34,46203.0
14:30,211.46,211.46,211.39,211.39,29140.0
14:31,211.4,211.47,211.35,211.47,46369.0
14:32,211.39,211.42,211.34,211.4,34178.0
14:33,211.34,211.39,211.34,211.39,32288.0
14:34,211.3,211.35,211.3,211.35,21706.0
14:35,211.21,211.31,211.19,211.3,78083.0
14:36,211.21,211.26,211.21,211.25,62141.0
14:37,211.47,211.47,211.23,211.23,535272.0
14:38,211.37,211.48,211.35,211.46,69562.0
14:39,211.16,211.38,211.13,211.37,106112.0
14:40,211.15,211.2,211.09,211.16,46381.0
14:41,211.18,211.24,211.15,211.15,43146.0
14:42,211.2,211.24,211.13,211.19,39222.0
14:43,211.11,211.2,211.1,211.2,68907.0
14:44,211.03,211.12,210.99,211.12,97545.0
14:45,210.95,211.03,210.91,211.03,73591.0
14:46,210.96,211.04,210.92,210.95,80296.0
14:47,210.91,210.98,210.89,210.98,45540.0
14:48,210.95,210.96,210.9,210.9,24917.0
14:49,210.9,210.95,210.9,210.94,23879.0
14:50,210.9,210.93,210.87,210.91,31518.0
14:51,210.82,210.93,210.8,210.89,47480.0
14:52,210.7,210.84,210.63,210.82,81022.0
14:53,210.64,210.69,210.58,210.69,55081.0
14:54,210.65,210.72,210.58,210.62,38693.0
14:55,210.66,210.7,210.59,210.65,47427.0
14:56,210.6,210.66,210.54,210.66,51374.0
14:57,210.45,210.59,210.45,210.58,61826.0
14:58,210.49,210.52,210.43,210.45,45049.0
14:59,210.51,210.59,210.46,210.48,43801.0
15:00,210.47,210.51,210.4,210.51,89924.0
15:01,210.62,210.62,210.44,210.45,54796.0
15:02,210.63,210.66,210.55,210.61,64454.0
15:03,210.58,210.65,210.54,210.63,34454.0
15:04,210.65,210.67,210.59,210.59,25337.0
15:05,210.54,210.64,210.53,210.64,40467.0
15:06,210.51,210.56,210.48,210.51,43563.0
15:07,210.51,210.54,210.46,210.51,39537.0
15:08,210.53,210.59,210.51,210.51,35750.0
15:09,210.56,210.61,210.52,210.56,68153.0
15:10,210.6,210.63,210.54,210.6,100556.0
15:11,210.63,210.65,210.55,210.65,132959.0
15:12,210.62,210.69,210.57,210.63,36084.0
15:13,210.59,210.61,210.53,210.61,28634.0
15:14,210.54,210.6,210.54,210.59,47799.0
15:15,210.49,210.59,210.47,210.54,48897.0
15:16,210.56,210.58,210.44,210.48,54238.0
15:17,210.55,210.6,210.54,210.56,29376.0
15:18,210.54,210.56,210.48,210.55,69455.0
15:19,210.38,210.55,210.37,210.54,92811.0
15:20,210.38,210.41,210.25,210.4,127423.0
15:21,210.28,210.38,210.21,210.37,80759.0
15:22,210.25,210.29,210.24,210.27,32909.0
15:23,210.12,210.27,210.05,210.24,95525.0
15:24,210.1,210.12,209.96,210.11,155473.0
15:25,210.21,210.24,210.07,210.11,60943.0
15:26,210.26,210.29,210.22,210.24,96422.0
15:27,210.03,210.28,209.99,210.25,112519.0
15:28,210.02,210.12,210.01,210.03,54828.0
15:29,210.18,210.19,210.0,210.01,96341.0
15:30,210.18,210.29,210.16,210.2,100663.0
15:31,210.12,210.2,210.07,210.2,40567.0
15:32,210.01,210.14,209.97,210.1,52241.0
15:33,209.74,210.02,209.68,210.01,155345.0
15:34,209.61,209.75,209.61,209.75,130419.0
15:35,209.51,209.69,209.49,209.61,141300.0
15:36,209.57,209.59,209.47,209.51,99834.0
15:37,209.49,209.59,209.48,209.57,69970.0
15:38,209.73,209.73,209.43,209.5,85414.0
15:39,209.72,209.76,209.69,209.73,92871.0
15:40,209.81,209.88,209.72,209.72,101723.0
15:41,209.92,209.92,209.81,209.81,73242.0
15:42,209.96,209.97,209.83,209.93,85823.0
15:43,209.73,209.96,209.71,209.96,65924.0
15:44,209.8,209.8,209.71,209.73,55400.0
15:45,209.68,209.88,209.66,209.8,55998.0
15:46,209.77,209.79,209.67,209.69,47909.0
15:47,209.72,209.77,209.69,209.75,45079.0
15:48,209.76,209.77,209.67,209.73,50943.0
15:49,209.63,209.77,209.61,209.77,65186.0
15:50,209.61,209.71,209.46,209.63,116106.0
15:51,209.62,209.69,209.6,209.6,82398.0
15:52,209.79,209.8,209.6,209.63,91826.0
15:53,209.82,209.85,209.75,209.79,104934.0
15:54,209.71,209.85,209.71,209.81,112001.0
15:55,209.51,209.9,209.51,209.71,189439.0
15:56,209.5,209.59,209.47,209.51,129696.0
15:57,209.3,209.51,209.26,209.51,178827.0
15:58,209.27,209.32,209.19,209.31,306427.0
15:59,209.01,209.31,208.99,209.27,945368.0
