Time,Close,High,Low,Open,Volume
09:30,217.21,219.53,217.02,218.88,5273316.0
09:31,217.1,218.9,216.58,217.23,1096739.0
09:32,217.46,217.57,216.99,217.08,574241.0
09:33,218.37,218.42,217.9,217.99,1135334.0
09:34,218.14,218.87,218.09,218.34,785917.0
09:35,217.84,218.23,217.47,218.14,514591.0
09:36,218.55,219.0,217.82,217.85,741876.0
09:37,218.83,219.19,218.29,218.56,656161.0
09:38,219.68,219.71,218.82,218.84,706275.0
09:39,218.93,219.85,218.9,219.68,663969.0
09:40,219.21,219.33,218.79,218.96,480507.0
09:41,218.52,219.34,218.48,219.22,579535.0
09:42,218.23,218.55,218.09,218.5,472233.0
09:43,219.24,219.29,218.2,218.22,698441.0
09:44,219.68,219.68,219.03,219.25,699119.0
09:45,219.18,219.8,218.9,219.68,654394.0
09:46,218.73,219.2,218.61,219.2,335563.0
09:47,218.7,218.79,218.21,218.7,381493.0
09:48,218.98,219.0,218.63,218.7,372092.0
09:49,218.98,219.44,218.9,218.99,375612.0
09:50,218.96,219.13,218.75,218.97,277979.0
09:51,218.66,219.04,218.66,218.95,267345.0
09:52,218.83,219.05,218.68,218.68,201670.0
09:53,218.91,219.03,218.71,218.84,243366.0
09:54,218.83,219.03,218.67,218.92,214404.0
09:55,219.1,219.25,218.71,218.83,506055.0
09:56,219.42,219.49,219.03,219.11,529889.0
09:57,220.15,220.33,219.26,219.42,2072770.0
09:58,219.54,220.19,219.21,220.16,730064.0
09:59,219.55,219.71,219.48,219.54,264042.0
10:00,219.85,219.99,219.58,219.59,395020.0
10:01,219.32,219.87,219.03,219.85,487353.0
10:02,219.04,219.4,218.93,219.31,394907.0
10:03,219.26,219.34,218.91,219.01,305634.0
10:04,219.21,219.52,219.12,219.26,335884.0
10:05,218.81,219.21,218.8,219.19,273645.0
10:06,218.75,219.0,218.68,218.83,295051.0
10:07,218.84,219.06,218.74,218.74,196363.0
10:08,218.88,219.1,218.8,218.85,267597.0
10:09,218.63,219.0,218.62,218.88,254663.0
10:10,218.51,218.86,218.36,218.63,499019.0
10:11,218.62,218.7,218.43,218.5,227196.0
10:12,218.85,218.9,218.59,218.62,146921.0
10:13,218.41,218.9,218.34,218.83,382556.0
10:14,218.39,218.56,218.24,218.44,303295.0
10:15,217.86,218.37,217.84,218.37,426128.0
10:16,218.1,218.23,217.77,217.86,428403.0
10:17,218.27,218.27,217.9,218.11,319214.0
10:18,218.02,218.32,218.0,218.25,191302.0
10:19,218.1,218.15,217.9,218.04,172802.0
10:20,217.83,218.21,217.8,218.11,194940.0
10:21,217.58,217.83,217.58,217.82,192575.0
10:22,217.94,217.99,217.56,217.58,215436.0
10:23,218.04,218.22,217.8,217.96,282776.0
10:24,217.78,218.15,217.76,218.04,161955.0
10:25,217.84,217.95,217.75,217.77,196837.0
10:26,217.98,218.12,217.83,217.83,232970.0
10:27,218.01,218.15,217.95,217.96,169381.0
10:28,218.12,218.14,217.85,217.99,132367.0
10:29,218.27,218.32,218.0,218.13,178474.0
10:30,218.1,218.1,217.98,218.06,163911.0
10:31,218.19,218.34,218.1,218.1,127501.0
10:32,218.68,218.7,218.19,218.19,191896.0
10:33,218.62,218.69,218.53,218.68,151857.0
10:34,218.65,218.74,218.58,218.62,151353.0
10:35,218.78,218.85,218.59,218.65,202457.0
10:36,218.3,218.83,218.19,218.78,164644.0
10:37,218.02,218.33,217.97,218.31,170219.0
10:38,218.02,218.12,218.01,218.02,141969.0
10:39,218.32,218.32,217.94,218.02,217189.0
10:40,218.06,218.33,217.96,218.32,122162.0
10:41,218.04,218.06,217.94,218.03,96456.0
10:42,218.0,218.05,217.92,218.04,91833.0
10:43,218.17,218.19,217.99,217.99,121947.0
10:44,218.27,218.33,218.14,218.15,119811.0
10:45,218.4,218.56,218.19,218.24,210032.0
10:46,217.89,218.41,217.8,218.41,236865.0
10:47,217.73,217.96,217.67,217.85,140584.0
10:48,217.88,218.0,217.65,217.73,176465.0
10:49,218.23,218.25,217.79,217.88,121534.0
10:50,218.21,218.26,218.08,218.24,168282.0
10:51,218.19,218.24,218.04,218.21,94986.0
10:52,218.21,218.35,218.12,218.28,209536.0
10:53,218.24,218.45,218.2,218.36,324087.0
10:54,218.88,218.9,218.25,218.25,374712.0
10:55,218.5,218.94,218.49,218.89,266017.0
10:56,218.88,218.98,218.48,218.49,269826.0
10:57,218.81,218.98,218.59,218.89,208399.0
10:58,219.01,219.07,218.8,218.8,331370.0
10:59,219.15,219.15,218.85,219.02,250951.0
11:00,219.39,219.44,219.0,219.15,398131.0
11:01,219.26,219.39,219.1,219.38,266654.0
11:02,219.1,219.36,219.06,219.26,193360.0
11:03,219.11,219.24,219.07,219.1,159240.0
11:04,219.2,219.24,219.07,219.12,127867.0
11:05,219.12,219.21,219.08,219.18,147604.0
11:06,219.15,219.36,219.0,219.13,252003.0
11:07,219.1,219.16,219.07,219.15,115631.0
11:08,219.0,219.14,218.97,219.09,167217.0
11:09,219.08,219.22,219.0,219.01,212357.0
11:10,219.22,219.41,219.2,219.4,260919.0
11:11,219.21,219.5,219.21,219.23,180272.0
11:12,219.29,219.4,219.16,219.22,165956.0
11:13,219.35,219.44,219.22,219.31,221462.0
11:14,219.4,219.44,219.27,219.35,299500.0
11:15,219.26,219.51,219.21,219.39,241514.0
11:16,219.39,219.58,219.21,219.25,174176.0
11:17,219.6,219.85,219.33,219.39,408041.0
11:18,219.9,219.92,219.59,219.6,268984.0
11:19,219.82,219.94,219.66,219.91,232660.0
11:20,219.92,220.13,219.76,219.82,620483.0
11:21,219.86,219.99,219.7,219.9,170347.0
11:22,219.71,219.89,219.53,219.86,201491.0
11:23,219.68,219.71,219.48,219.71,131430.0
11:24,219.83,219.83,219.59,219.68,117875.0
11:25,219.65,219.83,219.48,219.82,195303.0
11:26,219.46,219.69,219.44,219.67,193622.0
11:27,219.53,219.6,219.46,219.48,153377.0
11:28,219.62,219.68,219.4,219.54,110247.0
11:29,219.63,219.71,219.58,219.62,160273.0
11:30,219.55,219.67,219.42,219.62,158305.0
11:31,219.57,219.62,219.51,219.55,131105.0
11:32,219.63,219.65,219.5,219.56,222682.0
11:33,219.64,219.76,219.6,219.63,124469.0
11:34,219.89,220.0,219.59,219.62,339820.0
11:35,220.02,220.05,219.87,219.89,241306.0
11:36,220.03,220.07,219.92,220.01,167268.0
11:37,219.98,220.07,219.94,220.04,243770.0
11:38,219.98,220.2,219.94,219.99,269122.0
11:39,219.8,220.01,219.77,219.94,147600.0
11:40,219.72,219.88,219.69,219.83,203158.0
11:41,219.64,219.76,219.6,219.71,258716.0
11:42,219.84,219.91,219.59,219.63,918351.0
11:43,219.8,219.94,219.76,219.86,260624.0
11:44,219.73,219.82,219.68,219.81,83211.0
11:45,219.69,219.81,219.68,219.73,103269.0
11:46,219.62,219.7,219.58,219.68,127608.0
11:47,219.64,219.67,219.59,219.63,89489.0
11:48,219.61,219.7,219.59,219.66,86829.0
11:49,219.62,219.66,219.53,219.62,178340.0
11:50,219.81,219.85,219.6,219.6,136890.0
11:51,219.98,219.98,219.77,219.8,154514.0
11:52,219.91,219.98,219.84,219.96,101406.0
11:53,219.9,219.92,219.76,219.9,126817.0
11:54,219.7,219.9,219.68,219.9,75406.0
11:55,219.66,219.74,219.63,219.71,76029.0
11:56,219.7,219.73,219.63,219.66,73266.0
11:57,219.77,219.79,219.66,219.71,85541.0
11:58,219.59,219.8,219.58,219.77,138714.0
11:59,219.6,219.64,219.58,219.6,92674.0
12:00,219.63,219.73,219.56,219.6,114874.0
12:01,219.59,219.65,219.56,219.65,139004.0
12:02,219.65,219.7,219.58,219.6,119180.0
12:03,219.64,219.71,219.55,219.65,156775.0
12:04,219.91,219.91,219.62,219.65,92895.0
12:05,219.86,220.04,219.77,219.91,243312.0
12:06,219.91,220.01,219.86,219.87,130425.0
12:07,219.98,220.01,219.88,219.92,84567.0
12:08,220.06,220.14,219.97,219.99,210713.0
12:09,220.05,220.12,219.92,220.05,163225.0
12:10,220.0,220.07,219.9,220.05,124439.0
12:11,219.97,220.14,219.97,220.01,150474.0
12:12,220.02,220.06,219.98,219.98,172535.0
12:13,220.03,220.05,219.96,220.03,104883.0
12:14,220.02,220.1,219.94,220.02,470497.0
12:15,220.05,220.08,219.99,220.01,94446.0
12:16,220.25,220.26,220.02,220.06,299287.0
12:17,220.02,220.34,219.95,220.26,252665.0
12:18,219.91,220.03,219.73,220.02,186749.0
12:19,219.84,219.92,219.84,219.92,83931.0
12:20,219.82,219.87,219.74,219.84,122294.0
12:21,219.78,219.84,219.72,219.82,118253.0
12:22,219.86,219.9,219.78,219.78,143999.0
12:23,219.98,220.0,219.79,219.85,356120.0
12:24,219.99,220.02,219.9,219.97,154627.0
12:25,219.92,220.01,219.92,219.99,91270.0
12:26,219.95,220.01,219.91,219.93,78005.0
12:27,219.97,219.97,219.88,219.95,55797.0
12:28,219.93,220.01,219.88,219.96,100837.0
12:29,219.91,219.93,219.88,219.93,67606.0
12:30,220.07,220.12,219.92,219.92,124063.0
12:31,220.08,220.09,220.0,220.09,87936.0
12:32,220.14,220.19,220.06,220.07,102214.0
12:33,220.16,220.18,220.13,220.15,62125.0
12:34,220.12,220.21,220.11,220.15,97723.0
12:35,220.12,220.15,220.09,220.11,74317.0
12:36,220.02,220.11,219.95,220.11,111628.0
12:37,219.65,220.01,219.62,220.01,214014.0
12:38,219.68,219.74,219.58,219.67,186704.0
12:39,219.72,219.75,219.6,219.69,82973.0
12:40,219.73,219.85,219.7,219.71,128627.0
12:41,219.63,219.82,219.59,219.72,184885.0
12:42,219.6,219.65,219.53,219.63,168794.0
12:43,219.33,219.63,219.29,219.61,229016.0
12:44,219.19,219.38,219.11,219.35,212653.0
12:45,219.03,219.2,218.99,219.18,377785.0
12:46,218.81,219.05,218.8,219.04,233338.0
12:47,218.91,218.98,218.82,218.82,91337.0
12:48,219.01,219.06,218.91,218.91,145532.0
12:49,219.06,219.07,218.99,219.01,124278.0
12:50,218.98,219.13,218.94,219.07,115726.0
12:51,219.21,219.21,218.96,218.98,116610.0
12:52,219.16,219.26,219.06,219.2,117023.0
12:53,219.31,219.32,219.14,219.16,145561.0
12:54,219.33,219.35,219.2,219.31,82107.0
12:55,219.17,219.18,219.17,219.18,80167.0
12:56,219.34,219.34,219.14,219.17,105699.0
12:57,219.29,219.37,219.24,219.34,102101.0
12:58,219.32,219.36,219.17,219.29,133382.0
12:59,219.21,219.38,219.19,219.36,74524.0
13:00,219.52,219.56,219.22,219.22,175709.0
13:01,219.49,219.61,219.48,219.52,109172.0
13:02,219.27,219.52,219.18,219.49,169623.0
13:03,219.19,219.29,219.18,219.26,119052.0
13:04,219.34,219.34,219.17,219.19,270289.0
13:05,219.37,219.46,219.29,219.32,278966.0
13:06,219.4,219.46,219.35,219.37,81042.0
13:07,219.41,219.48,219.37,219.4,63652.0
13:08,219.44,219.44,219.41,219.41,8192.0
13:09,219.42,219.46,213.25,213.25,119877.0
13:10,219.42,219.42,219.41,219.42,5604.0
13:11,219.48,219.49,219.31,219.36,92160.0
13:12,219.29,219.49,219.28,219.48,68351.0
13:13,219.49,219.5,219.3,219.31,73241.0
13:14,219.35,219.5,219.34,219.49,55242.0
13:15,219.28,219.38,219.19,219.33,76471.0
13:16,219.22,219.33,219.19,219.28,53454.0
13:17,219.29,219.3,219.21,219.21,66553.0
13:18,219.19,219.29,219.18,219.29,97581.0
13:19,219.24,219.26,219.18,219.19,82511.0
13:20,219.32,219.33,219.21,219.23,54181.0
13:21,219.28,219.32,219.19,219.32,84795.0
13:22,219.25,219.31,219.21,219.27,74383.0
13:23,219.24,219.32,219.21,219.24,73334.0
13:24,219.35,219.36,219.23,219.24,47411.0
13:25,219.25,219.4,219.22,219.35,70788.0
13:26,219.22,219.29,219.21,219.24,59568.0
13:27,219.12,219.24,219.03,219.24,277921.0
13:28,218.83,219.14,218.81,219.09,130278.0
13:29,218.71,218.84,218.7,218.82,130402.0
13:30,218.8,218.88,218.71,218.72,115446.0
13:31,218.95,218.98,218.79,218.8,185392.0
13:32,218.81,219.01,218.81,218.98,108649.0
13:33,218.99,219.0,218.8,218.8,67563.0
13:34,219.07,219.09,219.0,219.05,94408.0
13:35,219.16,219.2,219.07,219.08,25605.0
13:36,219.19,219.21,219.13,219.21,133322.0
13:37,219.09,219.18,219.01,219.18,73598.0
13:38,219.52,219.52,219.1,219.1,161792.0
13:39,219.38,219.51,219.32,219.51,107655.0
13:40,219.24,219.46,219.2,219.39,83806.0
13:41,219.27,219.33,219.2,219.24,47788.0
13:42,219.18,219.3,219.16,219.27,77359.0
13:43,219.34,219.39,219.16,219.17,76986.0
13:44,219.3,219.34,219.27,219.34,54627.0
13:45,219.34,219.38,219.27,219.29,81784.0
13:46,219.29,219.35,219.18,219.34,84594.0
13:47,219.23,219.37,219.2,219.3,57217.0
13:48,219.2,219.24,219.13,219.23,73878.0
13:49,219.17,219.23,219.14,219.19,46062.0
13:50,219.06,219.25,219.06,219.17,93595.0
13:51,219.16,219.18,219.07,219.08,39616.0
13:52,219.07,219.17,219.03,219.16,46413.0
13:53,219.22,219.28,219.06,219.09,73608.0
13:54,219.25,219.3,219.19,219.22,84480.0
13:55,219.24,219.36,219.2,219.26,103710.0
13:56,219.13,219.27,219.13,219.23,58642.0
13:57,219.3,219.32,219.13,219.13,65268.0
13:58,219.33,219.44,219.3,219.31,141892.0
13:59,219.27,219.39,219.24,219.34,68105.0
14:00,219.38,219.38,219.27,219.27,47971.0
14:01,219.13,219.37,219.12,219.36,75120.0
14:02,219.2,219.2,219.04,219.14,91334.0
14:03,219.49,219.5,219.19,219.19,98226.0
14:04,219.65,219.73,219.49,219.49,143128.0
14:05,219.62,219.71,219.6,219.63,68304.0
14:06,219.58,219.67,219.58,219.62,52379.0
14:07,219.63,219.64,219.5,219.62,84538.0
14:08,219.55,219.7,219.52,219.63,91270.0
14:09,219.62,219.65,219.51,219.56,63800.0
14:10,219.47,219.6,219.41,219.6,99979.0
14:11,219.52,219.54,219.33,219.47,96753.0
14:12,219.45,219.54,219.38,219.51,53206.0
14:13,219.38,219.51,219.28,219.44,112701.0
14:14,219.44,219.45,219.34,219.38,39584.0
14:15,219.33,219.43,219.27,219.43,56860.0
14:16,219.27,219.37,219.25,219.32,65599.0
14:17,219.27,219.36,219.23,219.27,92911.0
14:18,219.3,219.33,219.24,219.29,72910.0
14:19,219.34,219.4,219.3,219.38,102310.0
14:20,219.38,219.48,219.36,219.48,131710.0
14:21,219.34,219.39,219.27,219.38,61841.0
14:22,219.29,219.36,219.27,219.33,42882.0
14:23,219.23,219.32,219.23,219.28,53005.0
14:24,219.19,219.27,219.17,219.21,46296.0
14:25,219.24,219.26,219.18,219.19,95479.0
14:26,219.39,219.4,219.23,219.23,63000.0
14:27,219.41,219.42,219.32,219.37,41448.0
14:28,219.42,219.49,219.4,219.4,85547.0
14:29,219.5,219.52,219.44,219.45,68712.0
14:30,219.26,219.49,219.24,219.49,91502.0
14:31,219.35,219.42,219.25,219.26,101317.0
14:32,219.39,219.43,219.29,219.35,136931.0
14:33,219.43,219.48,219.33,219.39,74878.0
14:34,219.46,219.49,219.4,219.43,43040.0
14:35,219.41,219.46,219.38,219.45,56148.0
14:36,219.43,219.45,219.38,219.41,44993.0
14:37,219.71,219.72,219.41,219.42,90889.0
14:38,219.83,219.85,219.7,219.71,137777.0
14:39,219.65,219.9,219.65,219.83,147330.0
14:40,219.52,219.64,219.44,219.64,105215.0
14:41,219.68,219.68,219.49,219.51,66146.0
14:42,219.82,219.82,219.64,219.69,87901.0
14:43,219.9,219.95,219.79,219.82,168224.0
14:44,219.84,219.98,219.8,219.91,156323.0
14:45,219.88,220.01,219.84,219.84,313043.0
14:46,219.95,220.08,219.89,219.89,184290.0
14:47,220.16,220.2,219.95,219.95,258764.0
14:48,219.98,220.2,219.85,220.17,174028.0
14:49,220.08,220.14,219.97,219.97,109264.0
14:50,220.01,220.08,219.99,220.08,153184.0
14:51,219.98,220.03,219.95,220.03,99172.0
14:52,220.16,220.16,219.95,219.98,167868.0
14:53,220.45,220.45,220.11,220.15,346915.0
14:54,220.46,220.5,220.36,220.43,233342.0
14:55,220.74,220.74,220.4,220.44,282164.0
14:56,220.85,220.85,220.63,220.74,199279.0
14:57,220.65,220.85,220.62,220.84,174725.0
14:58,220.62,220.72,220.46,220.65,236812.0
14:59,220.43,220.71,220.43,220.62,161561.0
15:00,220.34,220.58,220.32,220.45,216408.0
15:01,220.33,220.45,220.29,220.35,119762.0
15:02,220.16,220.5,220.13,220.33,191237.0
15:03,220.3,220.36,220.14,220.16,125433.0
15:04,220.04,220.33,219.99,220.31,134195.0
15:05,219.88,220.07,219.88,220.05,126498.0
15:06,219.79,219.9,219.78,219.89,111287.0
15:07,219.99,220.0,219.76,219.79,228894.0
15:08,220.03,220.09,219.92,219.99,106263.0
15:09,220.03,220.13,220.0,220.03,129676.0
15:10,219.96,220.02,219.91,220.01,132928.0
15:11,219.92,219.97,219.88,219.96,95969.0
15:12,219.9,219.96,219.85,219.92,78802.0
15:13,219.78,219.95,219.73,219.92,87321.0
15:14,219.81,219.91,219.77,219.77,148261.0
15:15,219.91,220.05,219.78,219.81,154595.0
15:16,219.68,219.93,219.68,219.93,153691.0
15:17,219.71,219.72,219.61,219.69,108640.0
15:18,219.58,219.74,219.57,219.72,164204.0
15:19,219.61,219.63,219.52,219.59,161933.0
15:20,219.48,219.62,219.48,219.61,141724.0
15:21,219.56,219.62,219.45,219.49,936065.0
15:22,219.51,219.65,219.5,219.57,122344.0
15:23,219.4,219.52,219.32,219.51,145437.0
15:24,219.55,219.56,219.35,219.4,91878.0
15:25,219.49,219.58,219.46,219.54,113962.0
15:26,219.4,219.51,219.39,219.5,73602.0
15:27,219.36,219.43,219.31,219.4,107482.0
15:28,219.36,219.4,219.31,219.36,92676.0
15:29,219.3,219.37,219.3,219.36,107943.0
15:30,219.37,219.38,219.25,219.3,172529.0
15:31,219.42,219.48,219.35,219.37,137731.0
15:32,219.4,219.46,219.38,219.43,87129.0
15:33,219.62,219.62,219.4,219.4,174790.0
15:34,219.62,219.66,219.54,219.62,156799.0
15:35,219.74,219.84,219.62,219.62,155397.0
15:36,219.74,219.77,219.71,219.74,114939.0
15:37,219.75,219.8,219.67,219.74,112874.0
15:38,219.61,219.76,219.6,219.76,107319.0
15:39,219.6,219.66,219.54,219.62,106163.0
15:40,219.78,219.81,219.55,219.6,133776.0
15:41,219.96,220.0,219.8,219.8,131672.0
15:42,220.02,220.06,219.95,219.96,147398.0
15:43,219.99,220.05,219.95,220.03,109814.0
15:44,220.04,220.08,219.99,219.99,108411.0
15:45,220.1,220.12,219.99,220.05,136848.0
15:46,220.06,220.1,219.99,220.1,131447.0
15:47,220.11,220.13,220.04,220.07,161021.0
15:48,219.95,220.1,219.95,220.1,174707.0
15:49,219.99,220.1,219.92,219.96,159147.0
15:50,219.97,220.09,219.84,220.0,234608.0
15:51,219.93,219.98,219.86,219.97,221802.0
15:52,220.02,220.03,219.91,219.93,186937.0
15:53,219.82,220.08,219.68,220.01,334828.0
15:54,219.87,219.89,219.52,219.83,437101.0
15:55,219.47,219.91,219.46,219.87,407924.0
15:56,219.54,219.55,219.39,219.47,338645.0
15:57,219.73,219.79,219.54,219.54,419829.0
15:58,219.82,219.85,219.68,219.73,420759.0
15:59,220.13,220.2,219.82,219.82,1176325.0
