Time,Close,High,Low,Open,Volume
09:30,210.16,210.3,209.69,210.13,1398620.0
09:31,209.78,210.49,209.75,210.14,255271.0
09:32,209.01,209.86,208.82,209.76,334452.0
09:33,209.07,209.08,208.82,208.99,214940.0
09:34,209.35,209.4,209.22,209.26,150940.0
09:35,209.19,209.35,209.07,209.29,130399.0
09:36,209.09,209.26,209.08,209.19,185369.0
09:37,208.76,209.23,208.72,209.09,264161.0
09:38,208.93,209.01,208.7,208.75,190165.0
09:39,208.55,208.97,208.48,208.93,283602.0
09:40,208.75,208.88,208.56,208.56,182608.0
09:41,209.01,209.03,208.54,208.78,202388.0
09:42,209.45,209.5,208.9,208.99,257982.0
09:43,209.18,209.57,209.04,209.43,183896.0
09:44,209.02,209.21,209.0,209.18,114531.0
09:45,209.11,209.16,208.84,209.01,187448.0
09:46,209.35,209.39,209.05,209.1,146792.0
09:47,208.99,209.5,208.97,209.35,135841.0
09:48,209.19,209.27,208.94,208.99,87263.0
09:49,209.27,209.37,209.07,209.17,128314.0
09:50,209.22,209.23,209.21,209.23,118977.0
09:51,208.66,209.24,208.64,209.24,184477.0
09:52,209.07,209.12,208.64,208.65,154995.0
09:53,209.19,209.3,208.99,209.05,111072.0
09:54,208.99,209.24,208.99,209.23,70382.0
09:55,208.96,208.98,208.8,208.98,92040.0
09:56,209.08,209.09,208.86,208.98,79930.0
09:57,209.05,209.13,209.01,209.07,70336.0
09:58,208.82,209.04,208.81,209.03,134641.0
09:59,208.66,208.83,208.54,208.8,244880.0
10:00,208.65,208.65,208.45,208.65,198928.0
10:01,208.68,208.76,208.61,208.66,89747.0
10:02,208.9,208.92,208.64,208.68,112423.0
10:03,208.9,208.96,208.76,208.91,98348.0
10:04,209.15,209.18,208.91,208.91,110436.0
10:05,209.18,209.36,209.08,209.15,204686.0
10:06,209.12,209.25,209.0,209.17,139353.0
10:07,209.32,209.42,209.17,209.17,308031.0
10:08,209.28,209.42,209.24,209.32,98021.0
10:09,209.45,209.59,209.25,209.29,120220.0
10:10,209.49,209.55,209.41,209.48,106739.0
10:11,208.98,209.51,208.86,209.49,161578.0
10:12,209.1,209.14,208.9,208.99,91334.0
10:13,209.07,209.1,208.9,209.1,89700.0
10:14,208.9,209.19,208.9,209.09,77312.0
10:15,209.12,209.18,208.9,208.9,77451.0
10:16,209.12,209.21,209.06,209.11,73153.0
10:17,209.2,209.23,209.1,209.13,57970.0
10:18,209.18,209.21,209.12,209.21,56070.0
10:19,209.14,209.19,209.1,209.19,66852.0
10:20,209.2,209.32,209.12,209.14,60313.0
10:21,209.53,209.54,209.18,209.2,72363.0
10:22,209.46,209.59,209.43,209.52,61941.0
10:23,209.49,209.51,209.37,209.48,49469.0
10:24,209.52,209.54,209.38,209.49,74113.0
10:25,209.49,209.68,209.47,209.51,105643.0
10:26,209.4,209.67,209.4,209.5,109933.0
10:27,209.48,209.63,209.39,209.41,90934.0
10:28,209.39,209.5,209.32,209.45,69363.0
10:29,209.28,209.44,209.27,209.38,52701.0
10:30,209.51,209.52,209.26,209.29,99413.0
10:31,209.74,209.76,209.52,209.52,123687.0
10:32,210.0,210.04,209.76,209.76,167703.0
10:33,209.95,210.07,209.9,210.02,93293.0
10:34,210.12,210.16,209.93,209.97,115742.0
10:35,210.06,210.1,210.04,210.09,92012.0
10:36,210.06,210.11,209.96,210.06,66947.0
10:37,209.89,210.08,209.89,210.07,55538.0
10:38,210.18,210.19,209.89,209.9,72875.0
10:39,210.17,210.27,210.12,210.19,112857.0
10:40,210.2,210.22,210.11,210.17,64004.0
10:41,210.21,210.24,210.13,210.19,54081.0
10:42,210.23,210.32,210.17,210.2,67277.0
10:43,210.23,210.27,210.17,210.24,57228.0
10:44,210.2,210.23,210.13,210.23,70389.0
10:45,210.17,210.25,209.71,210.22,277885.0
10:46,210.05,210.21,210.02,210.16,114747.0
10:47,210.1,210.2,210.04,210.07,75620.0
10:48,210.12,210.16,210.05,210.1,59961.0
10:49,210.4,210.43,210.05,210.14,152910.0
10:50,210.43,210.62,210.36,210.38,156348.0
10:51,210.59,210.71,210.4,210.4,144860.0
10:52,210.19,210.6,210.16,210.6,134555.0
10:53,210.25,210.34,210.08,210.18,63598.0
10:54,210.44,210.52,210.16,210.27,107083.0
10:55,210.36,210.49,210.35,210.48,79910.0
10:56,210.3,210.46,210.3,210.36,49842.0
10:57,210.43,210.52,210.3,210.3,98915.0
10:58,210.79,210.79,210.43,210.45,143091.0
10:59,210.73,210.83,210.7,210.75,100657.0
11:00,210.96,210.96,210.72,210.73,108270.0
11:01,211.12,211.22,210.91,210.96,183704.0
11:02,211.05,211.22,210.96,211.13,122736.0
11:03,211.07,211.22,211.04,211.05,119706.0
11:04,211.03,211.23,211.01,211.07,82066.0
11:05,210.98,211.06,210.89,211.03,87489.0
11:06,211.02,211.1,210.92,210.98,56236.0
11:07,211.14,211.28,210.99,211.02,121142.0
11:08,211.1,211.11,211.0,211.04,59252.0
11:09,211.15,211.19,211.07,211.11,51623.0
11:10,211.26,211.32,211.15,211.15,89477.0
11:11,211.27,211.43,211.22,211.26,109978.0
11:12,211.33,211.36,211.25,211.26,62865.0
11:13,211.29,211.37,211.25,211.33,72651.0
11:14,211.34,211.42,211.27,211.28,83692.0
11:15,211.15,211.37,211.13,211.32,98310.0
11:16,211.11,211.15,210.95,211.15,92964.0
11:17,211.0,211.1,210.99,211.1,24662.0
11:18,210.85,210.94,210.82,210.94,113775.0
11:19,210.59,210.85,210.57,210.85,116228.0
11:20,210.4,210.65,210.39,210.6,129010.0
11:21,210.22,210.44,210.21,210.39,104730.0
11:22,210.18,210.29,210.15,210.22,115519.0
11:23,210.06,210.19,210.0,210.18,108465.0
11:24,210.12,210.12,209.93,210.08,92197.0
11:25,210.09,210.13,209.98,210.11,49316.0
11:26,210.02,210.25,209.99,210.09,92322.0
11:27,210.0,210.05,209.92,210.02,76281.0
11:28,209.82,210.01,209.82,210.01,69673.0
11:29,209.87,209.89,209.78,209.82,86917.0
11:30,209.96,209.98,209.88,209.88,56805.0
11:31,210.07,210.09,209.98,209.99,73874.0
11:32,209.85,210.09,209.85,210.06,60970.0
11:33,209.96,210.01,209.87,209.87,48951.0
11:34,209.91,210.03,209.89,209.99,51138.0
11:35,209.98,210.02,209.86,209.9,74152.0
11:36,209.94,209.98,209.86,209.97,53039.0
11:37,209.94,210.01,209.9,209.93,57034.0
11:38,209.9,209.97,209.85,209.93,55638.0
11:39,209.85,209.9,209.78,209.89,49576.0
11:40,209.92,209.93,209.79,209.86,67707.0
11:41,210.05,210.09,209.88,209.9,125434.0
11:42,209.93,210.05,209.86,210.05,69862.0
11:43,209.88,210.03,209.83,209.92,58121.0
11:44,209.93,209.96,209.83,209.88,40178.0
11:45,210.07,210.07,209.92,209.93,68773.0
11:46,210.15,210.3,210.05,210.07,115233.0
11:47,210.06,210.17,209.99,210.01,115076.0
11:48,209.97,210.04,209.92,209.95,114919.0
11:49,209.97,210.0,209.93,209.98,61875.0
11:50,210.13,210.13,209.95,209.96,80649.0
11:51,210.07,210.15,209.99,210.13,64690.0
11:52,210.26,210.26,210.04,210.06,130732.0
11:53,210.3,210.35,210.19,210.25,107267.0
11:54,210.46,210.48,210.27,210.29,64207.0
11:55,210.41,210.51,210.38,210.44,110005.0
11:56,210.47,210.52,210.36,210.41,69692.0
11:57,210.58,210.63,210.46,210.49,67746.0
11:58,210.59,210.64,210.56,210.58,56151.0
11:59,210.55,210.65,210.53,210.6,59615.0
12:00,210.52,210.63,210.51,210.56,36178.0
12:01,210.51,210.57,210.46,210.52,44667.0
12:02,210.56,210.61,210.51,210.52,35089.0
12:03,210.65,210.74,210.54,210.54,68015.0
12:04,210.7,210.73,210.62,210.65,38455.0
12:05,210.68,210.69,210.54,210.68,71383.0
12:06,210.87,210.91,210.67,210.67,80238.0
12:07,210.83,210.87,210.76,210.86,63080.0
12:08,210.92,210.92,210.8,210.85,52371.0
12:09,210.81,210.94,210.8,210.92,37486.0
12:10,210.97,210.98,210.76,210.8,67524.0
12:11,210.95,211.06,210.93,210.97,146550.0
12:12,210.94,211.04,210.9,211.0,55771.0
12:13,210.86,210.95,210.86,210.94,52811.0
12:14,210.95,210.99,210.86,210.86,59608.0
12:15,211.0,211.03,210.94,210.97,40006.0
12:16,210.87,210.99,210.84,210.99,42509.0
12:17,210.95,210.98,210.86,210.86,34501.0
12:18,211.01,211.12,210.94,210.94,82096.0
12:19,210.98,211.02,210.92,211.0,30804.0
12:20,210.91,211.02,210.89,211.0,39851.0
12:21,211.01,211.01,210.93,210.93,50517.0
12:22,211.09,211.13,211.0,211.01,59255.0
12:23,211.16,211.18,211.09,211.09,51846.0
12:24,211.07,211.16,211.04,211.16,31426.0
12:25,211.0,211.13,211.0,211.07,42524.0
12:26,211.01,211.15,211.0,211.02,49290.0
12:27,210.88,211.04,210.87,211.01,44820.0
12:28,210.94,210.96,210.85,210.89,41538.0
12:29,210.83,210.98,210.82,210.95,95526.0
12:30,210.7,210.89,210.63,210.84,75438.0
12:31,210.74,210.8,210.71,210.71,47070.0
12:32,210.69,210.88,210.54,210.75,97152.0
12:33,210.62,210.74,210.54,210.67,58050.0
12:34,210.62,210.68,210.57,210.62,67568.0
12:35,210.37,210.63,210.26,210.62,90369.0
12:36,210.56,210.56,210.27,210.36,83974.0
12:37,210.59,210.68,210.55,210.57,65270.0
12:38,210.73,210.73,210.57,210.6,47699.0
12:39,210.65,210.72,210.64,210.72,39825.0
12:40,210.53,210.66,210.5,210.66,39084.0
12:41,210.46,210.54,210.45,210.54,37666.0
12:42,210.57,210.6,210.49,210.49,35633.0
12:43,210.53,210.65,210.53,210.56,34783.0
12:44,210.57,210.59,210.51,210.54,32054.0
12:45,210.48,210.59,210.45,210.57,69343.0
12:46,210.51,210.51,210.4,210.5,29172.0
12:47,210.65,210.66,210.5,210.52,36459.0
12:48,210.69,210.73,210.61,210.64,53483.0
12:49,210.64,210.73,210.59,210.68,34652.0
12:50,210.58,210.65,210.52,210.65,42393.0
12:51,210.67,210.69,210.62,210.62,42421.0
12:52,210.52,210.68,210.52,210.67,33781.0
12:53,210.45,210.53,210.43,210.53,50739.0
12:54,210.53,210.53,210.4,210.46,72201.0
12:55,210.5,210.62,210.46,210.53,141069.0
12:56,210.53,210.57,210.46,210.53,72733.0
12:57,210.57,210.64,210.47,210.53,61516.0
12:58,210.35,210.6,210.34,210.58,88376.0
12:59,210.38,210.4,210.31,210.37,79555.0
13:00,210.23,210.4,210.17,210.37,83007.0
13:01,210.16,210.34,210.13,210.24,72339.0
13:02,210.24,210.26,210.12,210.18,86207.0
13:03,210.42,210.43,210.24,210.24,57868.0
13:04,210.38,210.43,210.37,210.42,59581.0
13:05,210.34,210.4,210.31,210.36,74905.0
13:06,210.29,210.36,210.24,210.29,90229.0
13:07,210.26,210.3,210.26,210.28,32177.0
13:08,210.24,210.28,210.15,210.26,56733.0
13:09,210.07,210.26,210.06,210.23,100438.0
13:10,210.15,210.19,210.01,210.06,60736.0
13:11,210.1,210.2,210.08,210.15,42483.0
13:12,210.11,210.16,210.06,210.08,40735.0
13:13,209.9,210.11,209.9,210.1,102448.0
13:14,209.81,209.92,209.8,209.89,69406.0
13:15,209.88,209.88,209.8,209.82,72915.0
13:16,209.96,209.98,209.87,209.89,58846.0
13:17,209.71,209.96,209.7,209.93,144820.0
13:18,209.55,209.74,209.51,209.73,123148.0
13:19,209.68,209.72,209.52,209.55,81070.0
13:20,209.7,209.74,209.61,209.68,50339.0
13:21,209.67,209.7,209.65,209.68,36148.0
13:22,209.6,209.69,209.5,209.66,111267.0
13:23,209.82,209.84,209.58,209.6,73458.0
13:24,209.76,209.82,209.68,209.82,60841.0
13:25,209.7,209.79,209.7,209.77,31193.0
13:26,209.75,209.79,209.71,209.71,25380.0
13:27,209.86,209.88,209.72,209.75,66339.0
13:28,209.9,209.9,209.83,209.85,39242.0
13:29,209.84,209.91,209.81,209.91,36588.0
13:30,209.82,209.93,209.8,209.84,60405.0
13:31,209.76,209.83,209.72,209.82,51270.0
13:32,209.6,209.76,209.59,209.76,56908.0
13:33,209.63,209.65,209.59,209.6,44870.0
13:34,209.52,209.63,209.5,209.62,53531.0
13:35,209.56,209.6,209.49,209.51,51295.0
13:36,209.54,209.59,209.49,209.57,30061.0
13:37,209.51,209.58,209.47,209.54,31509.0
13:38,209.64,209.65,209.52,209.52,29572.0
13:39,209.59,209.65,209.53,209.63,33738.0
13:40,209.65,209.69,209.6,209.6,38283.0
13:41,209.55,209.63,209.54,209.63,32271.0
13:42,209.43,209.52,209.41,209.51,69597.0
13:43,209.44,209.47,209.42,209.42,26399.0
13:44,209.54,209.54,209.41,209.45,32021.0
13:45,209.53,209.6,209.49,209.54,53673.0
13:46,209.49,209.56,209.47,209.54,23449.0
13:47,209.49,209.52,209.43,209.49,43971.0
13:48,209.34,209.51,209.32,209.49,70746.0
13:49,209.48,209.49,209.34,209.34,63309.0
13:50,209.39,209.51,209.39,209.48,37003.0
13:51,209.49,209.51,209.38,209.39,48295.0
13:52,209.69,209.7,209.5,209.5,68163.0
13:53,209.74,209.74,209.65,209.68,60978.0
13:54,209.69,209.8,209.68,209.74,51738.0
13:55,209.73,209.74,209.63,209.71,46281.0
13:56,209.82,209.83,209.7,209.71,52600.0
13:57,209.77,209.85,209.73,209.83,76078.0
13:58,209.84,209.85,209.77,209.77,36141.0
13:59,209.85,209.88,209.8,209.84,53138.0
14:00,209.78,209.86,209.76,209.81,35006.0
14:01,209.8,209.82,209.72,209.77,44263.0
14:02,209.74,209.81,209.74,209.8,32223.0
14:03,209.86,209.88,209.76,209.77,36215.0
14:04,210.03,210.04,209.85,209.85,82257.0
14:05,210.18,210.23,210.02,210.02,95271.0
14:06,210.18,210.2,210.12,210.18,46814.0
14:07,210.2,210.23,210.15,210.2,40686.0
14:08,210.16,210.26,210.14,210.2,56148.0
14:09,210.12,210.18,210.12,210.15,26786.0
14:10,210.13,210.19,210.1,210.14,27566.0
14:11,210.12,210.16,210.05,210.13,42240.0
14:12,209.96,210.12,209.88,210.12,252531.0
14:13,210.04,210.11,209.94,209.95,52015.0
14:14,209.97,210.05,209.95,210.05,38006.0
14:15,210.02,210.03,209.95,209.96,27168.0
14:16,210.1,210.1,209.99,210.02,36697.0
14:17,210.1,210.13,210.07,210.1,34851.0
14:18,210.14,210.18,210.11,210.12,29644.0
14:19,210.05,210.18,210.05,210.13,35409.0
14:20,209.96,210.07,209.93,210.06,43283.0
14:21,209.95,210.01,209.84,209.95,61229.0
14:22,210.0,210.0,209.92,209.94,22113.0
14:23,210.08,210.08,209.98,209.99,31131.0
14:24,210.15,210.19,210.08,210.1,43941.0
14:25,210.12,210.16,210.02,210.14,42617.0
14:26,210.01,210.13,209.99,210.11,36646.0
14:27,210.03,210.05,209.99,210.02,22863.0
14:28,209.96,210.04,209.94,210.02,39926.0
14:29,209.95,209.97,209.9,209.96,38736.0
14:30,209.78,209.96,209.76,209.95,38261.0
14:31,209.79,209.84,209.73,209.79,45940.0
14:32,209.8,209.84,209.75,209.77,37627.0
14:33,209.73,209.81,209.73,209.79,46838.0
14:34,209.83,209.85,209.72,209.72,31532.0
14:35,209.91,209.93,209.86,209.86,37792.0
14:36,209.88,209.92,209.84,209.91,35705.0
14:37,209.89,209.91,209.85,209.88,26920.0
14:38,209.94,209.94,209.86,209.89,21649.0
14:39,210.04,210.04,209.92,209.93,44933.0
14:40,209.96,210.03,209.94,210.03,32150.0
14:41,209.88,209.96,209.88,209.94,23334.0
14:42,209.77,209.88,209.75,209.88,40303.0
14:43,209.79,209.84,209.68,209.76,67829.0
14:44,209.69,209.78,209.68,209.78,39420.0
14:45,209.76,209.76,209.56,209.69,100038.0
14:46,209.77,209.79,209.74,209.76,36395.0
14:47,209.77,209.77,209.71,209.77,37234.0
14:48,209.85,209.88,209.76,209.78,34451.0
14:49,209.82,209.87,209.79,209.85,28889.0
14:50,209.89,209.89,209.78,209.82,40067.0
14:51,209.87,209.89,209.82,209.88,24442.0
14:52,209.83,209.91,209.82,209.88,28994.0
14:53,209.84,209.89,209.8,209.82,27625.0
14:54,209.74,209.83,209.73,209.83,42900.0
14:55,209.79,209.8,209.71,209.75,35628.0
14:56,209.79,209.84,209.78,209.79,33956.0
14:57,209.74,209.8,209.71,209.79,32270.0
14:58,209.68,209.73,209.63,209.73,40966.0
14:59,209.7,209.72,209.66,209.68,42124.0
15:00,209.66,209.69,209.62,209.69,34613.0
15:01,209.67,209.7,209.63,209.66,31387.0
15:02,209.6,209.63,209.58,209.63,32900.0
15:03,209.57,209.6,209.5,209.59,58165.0
15:04,209.61,209.64,209.56,209.56,35089.0
15:05,209.51,209.62,209.51,209.61,40341.0
15:06,209.71,209.72,209.48,209.5,47809.0
15:07,209.69,209.73,209.64,209.72,40979.0
15:08,209.68,209.73,209.66,209.69,47311.0
15:09,209.65,209.71,209.59,209.68,48522.0
15:10,209.59,209.65,209.54,209.65,40499.0
15:11,209.62,209.64,209.55,209.56,28965.0
15:12,209.62,209.67,209.56,209.63,84311.0
15:13,209.52,209.65,209.51,209.62,61518.0
15:14,209.49,209.53,209.43,209.53,98593.0
15:15,209.58,209.62,209.48,209.49,59476.0
15:16,209.56,209.6,209.48,209.58,38570.0
15:17,209.59,209.59,209.55,209.55,23475.0
15:18,209.6,209.63,209.57,209.58,43728.0
15:19,209.58,209.6,209.53,209.6,29309.0
15:20,209.52,209.59,209.51,209.57,38210.0
15:21,209.51,209.57,209.46,209.54,71984.0
15:22,209.49,209.57,209.48,209.51,67176.0
15:23,209.56,209.57,209.47,209.49,70526.0
15:24,209.44,209.56,209.43,209.55,50946.0
15:25,209.49,209.52,209.4,209.44,60052.0
15:26,209.57,209.59,209.5,209.51,60682.0
15:27,209.59,209.6,209.53,209.56,34882.0
15:28,209.58,209.59,209.54,209.59,34453.0
15:29,209.6,209.65,209.58,209.59,65999.0
15:30,209.57,209.7,209.54,209.59,109027.0
15:31,209.62,209.63,209.56,209.56,37742.0
15:32,209.6,209.65,209.6,209.63,44315.0
15:33,209.65,209.67,209.6,209.6,48392.0
15:34,209.6,209.66,209.59,209.65,59788.0
15:35,209.62,209.64,209.58,209.62,69096.0
15:36,209.57,209.63,209.54,209.62,80041.0
15:37,209.63,209.65,209.56,209.57,61972.0
15:38,209.57,209.63,209.56,209.61,57778.0
15:39,209.41,209.59,209.41,209.57,74979.0
15:40,209.39,209.43,209.3,209.41,77609.0
15:41,209.45,209.46,209.37,209.4,569346.0
15:42,209.43,209.46,209.4,209.45,69574.0
15:43,209.41,209.46,209.35,209.41,62703.0
15:44,209.52,209.55,209.42,209.43,69949.0
15:45,209.54,209.59,209.5,209.52,80583.0
15:46,209.55,209.58,209.48,209.54,61520.0
15:47,209.62,209.65,209.54,209.54,76823.0
15:48,209.65,209.72,209.62,209.62,78960.0
15:49,209.7,209.71,209.65,209.66,58554.0
15:50,209.8,209.87,209.7,209.7,134458.0
15:51,209.83,209.86,209.76,209.8,163535.0
15:52,209.79,209.88,209.76,209.87,295270.0
15:53,209.76,209.93,209.74,209.8,135416.0
15:54,210.09,210.34,209.76,209.76,411803.0
15:55,209.87,210.28,209.84,210.11,339352.0
15:56,209.87,209.93,209.8,209.86,269003.0
15:57,209.9,209.92,209.77,209.87,264121.0
15:58,209.96,210.01,209.9,209.91,394528.0
15:59,210.04,210.13,209.92,209.95,864903.0
