Time,Close,High,Low,Open,Volume
09:30,49.37,49.44,49.33,49.39,692994.0
09:31,49.51,49.53,49.36,49.37,353131.0
09:32,49.51,49.53,49.46,49.52,189687.0
09:33,49.47,49.53,49.46,49.51,115740.0
09:34,49.44,49.48,49.42,49.47,102599.0
09:35,49.44,49.46,49.41,49.45,98640.0
09:36,49.4,49.44,49.38,49.44,102676.0
09:37,49.42,49.42,49.38,49.4,113029.0
09:38,49.42,49.44,49.41,49.42,74055.0
09:39,49.47,49.48,49.42,49.42,41110.0
09:40,49.54,49.54,49.47,49.47,75560.0
09:41,49.51,49.54,49.51,49.54,110304.0
09:42,49.56,49.56,49.51,49.52,148818.0
09:43,49.51,49.56,49.51,49.56,89479.0
09:44,49.51,49.51,49.47,49.51,81583.0
09:45,49.49,49.53,49.49,49.51,46652.0
09:46,49.48,49.49,49.45,49.49,93596.0
09:47,49.4,49.47,49.39,49.47,91100.0
09:48,49.38,49.4,49.34,49.39,97108.0
09:49,49.43,49.45,49.38,49.38,55000.0
09:50,49.4,49.42,49.35,49.42,92583.0
09:51,49.41,49.43,49.39,49.4,41343.0
09:52,49.44,49.45,49.42,49.42,54702.0
09:53,49.46,49.46,49.44,49.44,83008.0
09:54,49.47,49.47,49.43,49.45,68680.0
09:55,49.44,49.47,49.44,49.47,68520.0
09:56,49.45,49.47,49.44,49.44,57318.0
09:57,49.44,49.45,49.42,49.45,69579.0
09:58,49.44,49.46,49.43,49.44,59506.0
09:59,49.43,49.45,49.42,49.44,49498.0
10:00,49.46,49.46,49.42,49.42,116445.0
10:01,49.42,49.47,49.42,49.45,292728.0
10:02,49.42,49.44,49.41,49.42,84383.0
10:03,49.4,49.42,49.37,49.42,140648.0
10:04,49.38,49.41,49.38,49.4,146022.0
10:05,49.43,49.44,49.37,49.38,213422.0
10:06,49.4,49.44,49.39,49.44,157504.0
10:07,49.4,49.41,49.39,49.39,119731.0
10:08,49.38,49.41,49.37,49.4,80493.0
10:09,49.37,49.37,49.35,49.37,108397.0
10:10,49.31,49.37,49.31,49.37,78010.0
10:11,49.26,49.31,49.26,49.31,84954.0
10:12,49.25,49.28,49.24,49.26,129162.0
10:13,49.24,49.25,49.21,49.24,210624.0
10:14,49.24,49.25,49.22,49.24,81823.0
10:15,49.24,49.26,49.23,49.24,136716.0
10:16,49.26,49.28,49.23,49.24,112137.0
10:17,49.24,49.27,49.24,49.26,108247.0
10:18,49.22,49.25,49.22,49.25,151515.0
10:19,49.23,49.24,49.21,49.22,65599.0
10:20,49.22,49.25,49.22,49.24,67875.0
10:21,49.28,49.31,49.23,49.23,110726.0
10:22,49.28,49.28,49.26,49.28,74638.0
10:23,49.29,49.3,49.27,49.28,69867.0
10:24,49.26,49.3,49.26,49.29,65617.0
10:25,49.31,49.31,49.26,49.26,272019.0
10:26,49.37,49.37,49.3,49.31,122357.0
10:27,49.38,49.38,49.35,49.36,73185.0
10:28,49.39,49.4,49.37,49.38,67172.0
10:29,49.43,49.44,49.38,49.4,49671.0
10:30,49.42,49.44,49.42,49.43,64344.0
10:31,49.44,49.45,49.41,49.42,336158.0
10:32,49.49,49.49,49.43,49.44,94252.0
10:33,49.49,49.5,49.47,49.48,75097.0
10:34,49.51,49.51,49.48,49.49,118693.0
10:35,49.51,49.51,49.49,49.5,44534.0
10:36,49.49,49.51,49.48,49.5,107866.0
10:37,49.49,49.49,49.47,49.48,95801.0
10:38,49.49,49.5,49.47,49.49,158453.0
10:39,49.44,49.5,49.44,49.49,147779.0
10:40,49.44,49.47,49.44,49.44,97174.0
10:41,49.43,49.46,49.42,49.45,69264.0
10:42,49.4,49.43,49.4,49.42,110400.0
10:43,49.36,49.4,49.35,49.4,80430.0
10:44,49.38,49.39,49.36,49.36,102342.0
10:45,49.38,49.41,49.38,49.38,53369.0
10:46,49.37,49.39,49.37,49.38,58428.0
10:47,49.38,49.38,49.35,49.37,504445.0
10:48,49.38,49.38,49.36,49.37,72643.0
10:49,49.38,49.38,49.36,49.38,51906.0
10:50,49.37,49.39,49.36,49.38,65332.0
10:51,49.33,49.38,49.33,49.37,59229.0
10:52,49.33,49.35,49.33,49.33,62540.0
10:53,49.33,49.35,49.33,49.33,511782.0
10:54,49.33,49.34,49.33,49.33,49894.0
10:55,49.3,49.35,49.3,49.33,71092.0
10:56,49.35,49.35,49.3,49.31,34724.0
10:57,49.36,49.38,49.35,49.35,64674.0
10:58,49.32,49.36,49.32,49.36,38139.0
10:59,49.36,49.36,49.32,49.32,86928.0
11:00,49.35,49.37,49.34,49.37,99697.0
11:01,49.39,49.39,49.35,49.35,51861.0
11:02,49.36,49.38,49.36,49.38,92592.0
11:03,49.35,49.37,49.35,49.37,78842.0
11:04,49.38,49.39,49.35,49.35,503200.0
11:05,49.38,49.39,49.38,49.38,45234.0
11:06,49.37,49.39,49.37,49.38,221270.0
11:07,49.38,49.38,49.36,49.37,84182.0
11:08,49.42,49.42,49.37,49.38,158390.0
11:09,49.42,49.44,49.42,49.42,55239.0
11:10,49.42,49.43,49.4,49.42,67008.0
11:11,49.44,49.44,49.4,49.42,58262.0
11:12,49.47,49.48,49.44,49.44,69135.0
11:13,49.49,49.49,49.47,49.47,57504.0
11:14,49.49,49.49,49.48,49.49,61526.0
11:15,49.49,49.5,49.49,49.49,40003.0
11:16,49.51,49.51,49.49,49.5,104009.0
11:17,49.52,49.53,49.51,49.51,57153.0
11:18,49.51,49.53,49.51,49.53,48082.0
11:19,49.51,49.54,49.51,49.51,119215.0
11:20,49.5,49.52,49.5,49.51,31988.0
11:21,49.51,49.51,49.49,49.5,71091.0
11:22,49.5,49.52,49.5,49.51,40973.0
11:23,49.51,49.52,49.5,49.5,52251.0
11:24,49.49,49.51,49.48,49.51,78855.0
11:25,49.51,49.51,49.48,49.48,65227.0
11:26,49.49,49.51,49.49,49.51,43863.0
11:27,49.49,49.5,49.48,49.5,49564.0
11:28,49.46,49.49,49.45,49.48,137796.0
11:29,49.46,49.46,49.45,49.46,47037.0
11:30,49.46,49.49,49.46,49.46,86813.0
11:31,49.46,49.47,49.45,49.45,66341.0
11:32,49.47,49.48,49.45,49.46,71575.0
11:33,49.42,49.47,49.42,49.47,89782.0
11:34,49.42,49.43,49.42,49.42,20878.0
11:35,49.4,49.42,49.4,49.42,48015.0
11:36,49.4,49.42,49.4,49.4,46447.0
11:37,49.4,49.41,49.4,49.4,41139.0
11:38,49.4,49.4,49.38,49.4,60650.0
11:39,49.38,49.4,49.35,49.4,87961.0
11:40,49.37,49.38,49.36,49.38,57193.0
11:41,49.39,49.39,49.33,49.37,340882.0
11:42,49.37,49.43,49.37,49.38,356308.0
11:43,49.38,49.39,49.37,49.37,56654.0
11:44,49.36,49.38,49.36,49.37,51766.0
11:45,49.35,49.37,49.34,49.36,41068.0
11:46,49.35,49.37,49.34,49.35,77268.0
11:47,49.37,49.38,49.33,49.36,1.0
11:48,49.35,49.37,49.34,49.37,63842.0
11:49,49.33,49.35,49.33,49.35,53242.0
11:50,49.33,49.33,49.32,49.33,26155.0
11:51,49.36,49.36,49.33,49.33,37915.0
11:52,49.35,49.38,49.35,49.35,73945.0
11:53,49.33,49.35,49.32,49.35,46753.0
11:54,49.34,49.35,49.33,49.33,41628.0
11:55,49.33,49.34,49.31,49.34,50097.0
11:56,49.34,49.35,49.32,49.33,57093.0
11:57,49.34,49.35,49.33,49.35,36035.0
11:58,49.33,49.34,49.33,49.33,43824.0
11:59,49.33,49.34,49.32,49.33,41492.0
12:00,49.38,49.38,49.32,49.33,62837.0
12:01,49.4,49.4,49.38,49.38,52788.0
12:02,49.4,49.4,49.39,49.4,77018.0
12:03,49.38,49.4,49.37,49.4,46995.0
12:04,49.4,49.4,49.37,49.38,73691.0
12:05,49.4,49.42,49.4,49.4,69382.0
12:06,49.4,49.43,49.4,49.4,83339.0
12:07,49.42,49.42,49.4,49.41,104201.0
12:08,49.42,49.42,49.41,49.42,44302.0
12:09,49.43,49.43,49.41,49.42,64297.0
12:10,49.45,49.45,49.43,49.43,110266.0
12:11,49.47,49.47,49.44,49.44,96653.0
12:12,49.47,49.48,49.47,49.47,42748.0
12:13,49.49,49.49,49.47,49.47,85853.0
12:14,49.47,49.49,49.46,49.49,53482.0
12:15,49.45,49.48,49.45,49.47,95676.0
12:16,49.46,49.46,49.44,49.44,66882.0
12:17,49.45,49.46,49.44,49.46,52752.0
12:18,49.46,49.46,49.45,49.46,36612.0
12:19,49.44,49.46,49.43,49.46,79743.0
12:20,49.46,49.46,49.44,49.44,62097.0
12:21,49.45,49.47,49.45,49.45,40653.0
12:22,49.49,49.49,49.46,49.47,27832.0
12:23,49.49,49.49,49.47,49.48,54973.0
12:24,49.49,49.49,49.48,49.49,43992.0
12:25,49.45,49.49,49.45,49.49,63613.0
12:26,49.46,49.47,49.46,49.46,64985.0
12:27,49.46,49.47,49.44,49.47,228541.0
12:28,49.42,49.46,49.42,49.46,193499.0
12:29,49.4,49.42,49.4,49.42,27029.0
12:30,49.42,49.42,49.4,49.4,40401.0
12:31,49.42,49.43,49.41,49.42,39829.0
12:32,49.44,49.44,49.41,49.42,25960.0
12:33,49.46,49.46,49.44,49.44,40074.0
12:34,49.46,49.47,49.45,49.46,21400.0
12:35,49.46,49.47,49.46,49.47,56781.0
12:36,49.47,49.47,49.45,49.46,26448.0
12:37,49.44,49.47,49.44,49.47,37647.0
12:38,49.44,49.46,49.44,49.44,46126.0
12:39,49.46,49.46,49.44,49.44,27757.0
12:40,49.46,49.46,49.45,49.46,33934.0
12:41,49.47,49.47,49.45,49.46,30419.0
12:42,49.47,49.47,49.46,49.46,34093.0
12:43,49.48,49.48,49.45,49.47,36753.0
12:44,49.49,49.49,49.47,49.47,15527.0
12:45,49.48,49.49,49.48,49.49,30123.0
12:46,49.47,49.49,49.47,49.49,48430.0
12:47,49.47,49.47,49.46,49.46,30335.0
12:48,49.46,49.47,49.45,49.47,36509.0
12:49,49.46,49.47,49.45,49.45,26522.0
12:50,49.44,49.47,49.43,49.46,43241.0
12:51,49.42,49.45,49.42,49.45,38961.0
12:52,49.42,49.43,49.42,49.42,32059.0
12:53,49.44,49.44,49.42,49.42,33309.0
12:54,49.44,49.45,49.43,49.44,25636.0
12:55,49.45,49.46,49.44,49.44,46351.0
12:56,49.44,49.45,49.44,49.44,23844.0
12:57,49.44,49.45,49.43,49.45,19456.0
12:58,49.44,49.44,49.43,49.43,20728.0
12:59,49.42,49.43,49.41,49.43,25405.0
13:00,49.42,49.43,49.42,49.42,45505.0
13:01,49.41,49.42,49.39,49.41,66196.0
13:02,49.43,49.43,49.4,49.4,29091.0
13:03,49.44,49.44,49.42,49.42,16139.0
13:04,49.4,49.44,49.39,49.44,77295.0
13:05,49.4,49.42,49.4,49.4,24048.0
13:06,49.42,49.42,49.4,49.41,27093.0
13:07,49.44,49.44,49.41,49.41,20709.0
13:08,49.43,49.45,49.43,49.44,31540.0
13:09,49.44,49.45,49.43,49.44,24328.0
13:10,49.45,49.46,49.44,49.44,38298.0
13:11,49.46,49.46,49.44,49.44,65784.0
13:12,49.45,49.47,49.44,49.45,84402.0
13:13,49.46,49.46,49.44,49.46,27143.0
13:14,49.46,49.46,49.44,49.46,18471.0
13:15,49.45,49.46,49.45,49.46,20981.0
13:16,49.47,49.47,49.45,49.46,43550.0
13:17,49.46,49.47,49.46,49.47,13290.0
13:18,49.44,49.46,49.43,49.46,129287.0
13:19,49.43,49.46,49.43,49.45,22750.0
13:20,49.45,49.45,49.42,49.44,25871.0
13:21,49.44,49.45,49.44,49.45,22519.0
13:22,49.44,49.45,49.44,49.45,4150.0
13:23,49.44,49.45,49.44,49.45,37518.0
13:24,49.44,49.44,49.43,49.44,18535.0
13:25,49.44,49.45,49.44,49.45,31799.0
13:26,49.45,49.46,49.44,49.44,22702.0
13:27,49.44,49.45,49.44,49.44,17960.0
13:28,49.45,49.46,49.44,49.45,31041.0
13:29,49.44,49.45,49.44,49.45,22233.0
13:30,49.46,49.46,49.44,49.44,90535.0
13:31,49.44,49.46,49.43,49.46,35015.0
13:32,49.42,49.44,49.42,49.44,39264.0
13:33,49.42,49.43,49.42,49.42,11190.0
13:34,49.41,49.42,49.41,49.42,17773.0
13:35,49.42,49.42,49.41,49.42,7917.0
13:36,49.41,49.42,49.41,49.42,31066.0
13:37,49.4,49.41,49.39,49.41,178010.0
13:38,49.4,49.4,49.39,49.4,13594.0
13:39,49.4,49.4,49.39,49.4,20918.0
13:40,49.35,49.39,49.35,49.39,41334.0
13:41,49.35,49.36,49.34,49.35,51967.0
13:42,49.36,49.37,49.35,49.35,69883.0
13:43,49.4,49.42,49.36,49.36,206567.0
13:44,49.4,49.41,49.4,49.4,42875.0
13:45,49.41,49.42,49.4,49.4,83865.0
13:46,49.4,49.42,49.4,49.42,37100.0
13:47,49.4,49.4,49.39,49.4,55534.0
13:48,49.4,49.4,49.39,49.4,51845.0
13:49,49.4,49.4,49.39,49.4,35307.0
13:50,49.37,49.4,49.37,49.4,41015.0
13:51,49.42,49.42,49.37,49.37,149516.0
13:52,49.44,49.44,49.41,49.42,45985.0
13:53,49.44,49.45,49.43,49.44,53017.0
13:54,49.44,49.45,49.43,49.44,22600.0
13:55,49.43,49.44,49.42,49.43,32339.0
13:56,49.44,49.44,49.42,49.42,34092.0
13:57,49.43,49.44,49.42,49.43,43384.0
13:58,49.44,49.44,49.43,49.43,13483.0
13:59,49.42,49.44,49.42,49.44,23800.0
14:00,49.41,49.43,49.41,49.42,27281.0
14:01,49.42,49.42,49.4,49.42,82797.0
14:02,49.42,49.42,49.4,49.41,55962.0
14:03,49.42,49.43,49.41,49.41,38387.0
14:04,49.42,49.43,49.42,49.42,22392.0
14:05,49.44,49.44,49.42,49.42,21746.0
14:06,49.42,49.44,49.42,49.44,72100.0
14:07,49.42,49.42,49.41,49.42,22700.0
14:08,49.44,49.44,49.42,49.42,24030.0
14:09,49.44,49.44,49.43,49.43,13678.0
14:10,49.44,49.44,49.43,49.44,4707.0
14:11,49.43,49.45,49.42,49.44,63652.0
14:12,49.44,49.45,49.43,49.43,66191.0
14:13,49.44,49.45,49.44,49.44,87271.0
14:14,49.44,49.44,49.44,49.44,10135.0
14:15,49.44,49.45,49.44,49.44,51695.0
14:16,49.44,49.45,49.44,49.44,11285.0
14:17,49.44,49.45,49.44,49.44,18738.0
14:18,49.43,49.45,49.43,49.44,36747.0
14:19,49.42,49.44,49.42,49.43,27571.0
14:20,49.42,49.43,49.42,49.42,15400.0
14:21,49.44,49.44,49.42,49.42,24383.0
14:22,49.42,49.44,49.4,49.44,81595.0
14:23,49.42,49.43,49.42,49.42,30596.0
14:24,49.42,49.43,49.42,49.43,35136.0
14:25,49.42,49.42,49.41,49.42,10437.0
14:26,49.42,49.43,49.4,49.42,77499.0
14:27,49.44,49.44,49.42,49.42,37702.0
14:28,49.46,49.46,49.44,49.44,36622.0
14:29,49.44,49.46,49.44,49.46,57112.0
14:30,49.44,49.44,49.43,49.44,9846.0
14:31,49.44,49.45,49.43,49.44,14845.0
14:32,49.44,49.45,49.44,49.44,18645.0
14:33,49.44,49.45,49.44,49.44,12021.0
14:34,49.46,49.46,49.44,49.44,82580.0
14:35,49.45,49.46,49.45,49.46,8646.0
14:36,49.44,49.46,49.44,49.46,67735.0
14:37,49.47,49.47,49.44,49.44,63270.0
14:38,49.49,49.5,49.47,49.47,59922.0
14:39,49.51,49.51,49.49,49.49,69776.0
14:40,49.52,49.53,49.51,49.51,111935.0
14:41,49.51,49.52,49.51,49.51,23044.0
14:42,49.51,49.52,49.5,49.51,34287.0
14:43,49.51,49.52,49.5,49.5,51934.0
14:44,49.52,49.52,49.51,49.52,38624.0
14:45,49.51,49.52,49.49,49.51,83079.0
14:46,49.53,49.53,49.51,49.51,33844.0
14:47,49.53,49.54,49.52,49.53,114689.0
14:48,49.54,49.54,49.53,49.54,62041.0
14:49,49.54,49.55,49.53,49.53,11859.0
14:50,49.56,49.57,49.54,49.54,32694.0
14:51,49.58,49.58,49.56,49.56,41756.0
14:52,49.58,49.6,49.57,49.58,134011.0
14:53,49.58,49.59,49.56,49.59,74584.0
14:54,49.58,49.59,49.57,49.58,43885.0
14:55,49.58,49.59,49.58,49.58,32456.0
14:56,49.58,49.58,49.57,49.58,41831.0
14:57,49.59,49.59,49.58,49.58,11059.0
14:58,49.58,49.59,49.58,49.58,45784.0
14:59,49.56,49.59,49.56,49.58,64531.0
15:00,49.56,49.57,49.56,49.56,22860.0
15:01,49.56,49.57,49.56,49.56,33034.0
15:02,49.56,49.57,49.56,49.56,38503.0
15:03,49.56,49.57,49.56,49.56,32156.0
15:04,49.57,49.58,49.56,49.56,48467.0
15:05,49.56,49.57,49.56,49.57,18307.0
15:06,49.56,49.57,49.56,49.56,43190.0
15:07,49.58,49.58,49.56,49.56,40514.0
15:08,49.58,49.59,49.57,49.58,93219.0
15:09,49.56,49.58,49.54,49.58,115684.0
15:10,49.54,49.56,49.54,49.56,44721.0
15:11,49.54,49.55,49.53,49.54,39240.0
15:12,49.54,49.54,49.52,49.54,82618.0
15:13,49.54,49.55,49.54,49.55,33006.0
15:14,49.58,49.58,49.54,49.55,65102.0
15:15,49.56,49.59,49.56,49.58,101186.0
15:16,49.56,49.58,49.55,49.56,89786.0
15:17,49.56,49.58,49.56,49.56,47987.0
15:18,49.55,49.58,49.55,49.56,94437.0
15:19,49.56,49.56,49.55,49.56,17173.0
15:20,49.56,49.56,49.55,49.56,72663.0
15:21,49.53,49.56,49.53,49.56,71682.0
15:22,49.51,49.54,49.51,49.54,40293.0
15:23,49.53,49.53,49.51,49.51,25658.0
15:24,49.51,49.53,49.51,49.53,36187.0
15:25,49.49,49.51,49.49,49.51,31718.0
15:26,49.51,49.51,49.49,49.49,50029.0
15:27,49.51,49.51,49.5,49.51,18361.0
15:28,49.49,49.51,49.49,49.51,29657.0
15:29,49.51,49.52,49.49,49.49,35655.0
15:30,49.53,49.53,49.51,49.51,23354.0
15:31,49.53,49.54,49.52,49.53,85514.0
15:32,49.53,49.53,49.52,49.53,17813.0
15:33,49.53,49.53,49.52,49.53,12899.0
15:34,49.55,49.56,49.52,49.53,66149.0
15:35,49.56,49.56,49.55,49.55,40971.0
15:36,49.56,49.57,49.56,49.56,46279.0
15:37,49.58,49.58,49.56,49.56,32835.0
15:38,49.58,49.59,49.57,49.58,24489.0
15:39,49.59,49.6,49.58,49.58,31173.0
15:40,49.6,49.6,49.59,49.6,55726.0
15:41,49.6,49.61,49.59,49.6,43257.0
15:42,49.6,49.61,49.6,49.6,44485.0
15:43,49.59,49.6,49.59,49.6,78487.0
15:44,49.6,49.61,49.58,49.59,68462.0
15:45,49.63,49.64,49.61,49.61,95106.0
15:46,49.63,49.65,49.63,49.63,198483.0
15:47,49.64,49.65,49.63,49.63,166353.0
15:48,49.63,49.65,49.62,49.65,139612.0
15:49,49.63,49.65,49.63,49.63,109816.0
15:50,49.65,49.66,49.63,49.64,207632.0
15:51,49.62,49.65,49.62,49.65,178321.0
15:52,49.62,49.63,49.61,49.62,158671.0
15:53,49.6,49.62,49.58,49.62,113782.0
15:54,49.6,49.62,49.59,49.6,118816.0
15:55,49.6,49.61,49.59,49.6,290541.0
15:56,49.56,49.6,49.55,49.6,330078.0
15:57,49.54,49.56,49.53,49.56,318678.0
15:58,49.53,49.54,49.5,49.54,288024.0
15:59,49.51,49.53,49.49,49.53,572321.0
