Time,Close,High,Low,Open,Volume
09:30,47.72,47.82,47.7,47.75,2159425.0
09:31,47.77,47.79,47.67,47.72,121994.0
09:32,47.74,47.77,47.69,47.73,168436.0
09:33,47.71,47.74,47.7,47.74,214877.0
09:34,47.73,47.74,47.7,47.71,84154.0
09:35,47.69,47.73,47.69,47.73,66613.0
09:36,47.69,47.71,47.64,47.69,93186.0
09:37,47.69,47.72,47.67,47.7,41414.0
09:38,47.69,47.71,47.67,47.7,61008.0
09:39,47.69,47.7,47.67,47.7,80602.0
09:40,47.73,47.74,47.69,47.7,96647.0
09:41,47.71,47.74,47.7,47.73,32663.0
09:42,47.72,47.73,47.7,47.71,30818.0
09:43,47.74,47.74,47.72,47.73,81309.0
09:44,47.72,47.74,47.72,47.74,37920.0
09:45,47.74,47.74,47.72,47.72,55036.0
09:46,47.73,47.74,47.72,47.73,60505.0
09:47,47.72,47.74,47.72,47.74,40646.0
09:48,47.69,47.74,47.69,47.72,41187.0
09:49,47.65,47.69,47.63,47.69,89238.0
09:50,47.65,47.68,47.64,47.64,62704.0
09:51,47.67,47.69,47.65,47.67,99525.0
09:52,47.65,47.69,47.65,47.67,88275.0
09:53,47.63,47.69,47.63,47.66,142150.0
09:54,47.62,47.63,47.62,47.63,98008.0
09:55,47.6,47.63,47.58,47.62,164023.0
09:56,47.42,47.6,47.42,47.6,254437.0
09:57,47.49,47.52,47.42,47.42,357051.0
09:58,47.56,47.56,47.49,47.5,60939.0
09:59,47.56,47.57,47.54,47.56,41604.0
10:00,47.53,47.56,47.47,47.56,145240.0
10:01,47.54,47.55,47.53,47.53,27370.0
10:02,47.49,47.54,47.46,47.54,84587.0
10:03,47.49,47.51,47.48,47.49,252882.0
10:04,47.46,47.49,47.46,47.49,47566.0
10:05,47.42,47.47,47.4,47.47,91491.0
10:06,47.42,47.44,47.42,47.42,32844.0
10:07,47.4,47.42,47.37,47.42,46258.0
10:08,47.42,47.42,47.4,47.4,45058.0
10:09,47.42,47.44,47.4,47.41,25017.0
10:10,47.45,47.46,47.4,47.42,41683.0
10:11,47.41,47.47,47.4,47.45,63317.0
10:12,47.35,47.41,47.34,47.41,57353.0
10:13,47.35,47.38,47.34,47.35,42096.0
10:14,47.36,47.37,47.35,47.35,48213.0
10:15,47.35,47.39,47.35,47.37,41904.0
10:16,47.33,47.35,47.31,47.35,45798.0
10:17,47.29,47.33,47.29,47.33,30412.0
10:18,47.27,47.3,47.27,47.29,57660.0
10:19,47.27,47.29,47.27,47.27,89574.0
10:20,47.31,47.31,47.27,47.27,22024.0
10:21,47.24,47.3,47.24,47.3,49848.0
10:22,47.26,47.26,47.23,47.24,34128.0
10:23,47.26,47.28,47.25,47.26,64536.0
10:24,47.22,47.26,47.22,47.26,54296.0
10:25,47.15,47.22,47.15,47.22,75367.0
10:26,47.21,47.21,47.15,47.15,49811.0
10:27,47.25,47.26,47.2,47.2,30381.0
10:28,47.28,47.28,47.24,47.25,53106.0
10:29,47.25,47.27,47.25,47.27,28804.0
10:30,47.26,47.27,47.24,47.25,28529.0
10:31,47.24,47.28,47.24,47.26,31303.0
10:32,47.24,47.25,47.23,47.24,30196.0
10:33,47.2,47.24,47.19,47.23,43442.0
10:34,47.22,47.23,47.19,47.19,29067.0
10:35,47.24,47.25,47.22,47.22,34732.0
10:36,47.22,47.24,47.22,47.24,40215.0
10:37,47.22,47.24,47.22,47.22,40839.0
10:38,47.24,47.25,47.21,47.22,47156.0
10:39,47.26,47.27,47.24,47.24,44103.0
10:40,47.23,47.26,47.23,47.26,28476.0
10:41,47.22,47.23,47.21,47.23,48596.0
10:42,47.24,47.25,47.21,47.22,28378.0
10:43,47.19,47.25,47.19,47.24,28638.0
10:44,47.17,47.21,47.15,47.2,98143.0
10:45,47.18,47.18,47.14,47.17,37149.0
10:46,47.2,47.21,47.18,47.18,23084.0
10:47,47.15,47.21,47.15,47.2,57283.0
10:48,47.13,47.16,47.13,47.16,39210.0
10:49,47.15,47.15,47.14,47.14,31089.0
10:50,47.15,47.16,47.13,47.14,114065.0
10:51,47.12,47.16,47.12,47.15,26632.0
10:52,47.11,47.13,47.1,47.13,35481.0
10:53,47.09,47.12,47.09,47.11,48083.0
10:54,47.06,47.1,47.05,47.09,32721.0
10:55,47.06,47.06,47.04,47.06,81779.0
10:56,47.09,47.09,47.04,47.05,56425.0
10:57,47.12,47.13,47.09,47.09,58423.0
10:58,47.11,47.13,47.11,47.12,24313.0
10:59,47.12,47.13,47.11,47.12,19118.0
11:00,47.11,47.13,47.11,47.12,38348.0
11:01,47.05,47.12,47.05,47.12,43992.0
11:02,47.08,47.08,47.05,47.06,24370.0
11:03,47.06,47.07,47.03,47.07,192369.0
11:04,47.04,47.06,47.03,47.06,226571.0
11:05,47.04,47.06,47.04,47.05,34299.0
11:06,47.06,47.08,47.04,47.05,30466.0
11:07,47.04,47.06,47.04,47.05,30472.0
11:08,47.04,47.06,47.03,47.04,29060.0
11:09,47.12,47.13,47.04,47.04,259285.0
11:10,47.13,47.14,47.11,47.12,38386.0
11:11,47.17,47.17,47.12,47.13,43320.0
11:12,47.18,47.18,47.16,47.17,33507.0
11:13,47.17,47.18,47.17,47.17,14480.0
11:14,47.17,47.19,47.17,47.17,47477.0
11:15,47.17,47.19,47.17,47.19,29190.0
11:16,47.22,47.22,47.17,47.17,27180.0
11:17,47.21,47.22,47.21,47.22,40326.0
11:18,47.21,47.24,47.21,47.21,61873.0
11:19,47.19,47.21,47.19,47.21,52969.0
11:20,47.19,47.19,47.18,47.19,16948.0
11:21,47.19,47.2,47.18,47.18,17190.0
11:22,47.19,47.2,47.17,47.19,36684.0
11:23,47.17,47.19,47.16,47.19,39661.0
11:24,47.15,47.17,47.14,47.17,27876.0
11:25,47.17,47.18,47.15,47.15,23683.0
11:26,47.15,47.18,47.15,47.18,19555.0
11:27,47.15,47.16,47.15,47.15,14491.0
11:28,47.17,47.17,47.14,47.14,35797.0
11:29,47.17,47.17,47.15,47.17,25659.0
11:30,47.19,47.19,47.17,47.17,33370.0
11:31,47.19,47.2,47.18,47.2,28078.0
11:32,47.21,47.21,47.18,47.19,26852.0
11:33,47.22,47.23,47.21,47.21,36473.0
11:34,47.21,47.22,47.21,47.22,48846.0
11:35,47.23,47.24,47.21,47.22,28372.0
11:36,47.23,47.24,47.22,47.23,35117.0
11:37,47.21,47.23,47.2,47.22,19634.0
11:38,47.2,47.21,47.2,47.21,18295.0
11:39,47.19,47.21,47.18,47.21,48459.0
11:40,47.15,47.19,47.15,47.19,50148.0
11:41,47.17,47.18,47.15,47.15,26589.0
11:42,47.15,47.17,47.14,47.17,45413.0
11:43,47.15,47.15,47.13,47.14,31996.0
11:44,47.12,47.15,47.11,47.14,21104.0
11:45,47.13,47.13,47.11,47.12,20520.0
11:46,47.17,47.17,47.12,47.13,41038.0
11:47,47.16,47.18,47.16,47.17,37207.0
11:48,47.15,47.17,47.14,47.16,58884.0
11:49,47.17,47.17,47.13,47.15,41699.0
11:50,47.15,47.17,47.15,47.17,68354.0
11:51,47.17,47.17,47.14,47.15,36295.0
11:52,47.16,47.17,47.14,47.17,28483.0
11:53,47.15,47.17,47.15,47.15,18123.0
11:54,47.15,47.17,47.15,47.15,15829.0
11:55,47.15,47.16,47.15,47.15,21895.0
11:56,47.12,47.15,47.12,47.14,48316.0
11:57,47.1,47.13,47.1,47.12,12874.0
11:58,47.1,47.1,47.09,47.1,42479.0
11:59,47.08,47.1,47.07,47.1,52290.0
12:00,47.12,47.12,47.08,47.08,67254.0
12:01,47.11,47.12,47.1,47.12,88240.0
12:02,47.1,47.13,47.1,47.12,21637.0
12:03,47.09,47.11,47.09,47.1,46332.0
12:04,47.1,47.12,47.09,47.09,74114.0
12:05,47.1,47.12,47.09,47.1,111592.0
12:06,47.1,47.1,47.08,47.09,16803.0
12:07,47.1,47.1,47.08,47.1,53687.0
12:08,47.1,47.11,47.09,47.09,20639.0
12:09,47.08,47.1,47.08,47.1,25863.0
12:10,47.1,47.11,47.08,47.08,78713.0
12:11,47.1,47.11,47.1,47.1,11134.0
12:12,47.14,47.14,47.1,47.11,50896.0
12:13,47.12,47.14,47.12,47.13,21566.0
12:14,47.12,47.12,47.11,47.12,261705.0
12:15,47.08,47.12,47.08,47.12,133147.0
12:16,47.08,47.09,47.08,47.09,31670.0
12:17,47.07,47.1,47.07,47.08,34896.0
12:18,47.07,47.08,47.06,47.08,53584.0
12:19,47.07,47.08,47.06,47.07,17279.0
12:20,47.08,47.08,47.07,47.07,17067.0
12:21,47.07,47.08,47.07,47.08,12560.0
12:22,47.07,47.08,47.06,47.07,41297.0
12:23,47.08,47.09,47.07,47.07,20607.0
12:24,47.08,47.09,47.08,47.08,23854.0
12:25,47.12,47.12,47.08,47.08,70784.0
12:26,47.15,47.15,47.1,47.12,73893.0
12:27,47.15,47.17,47.15,47.15,36866.0
12:28,47.15,47.16,47.14,47.15,21869.0
12:29,47.13,47.15,47.13,47.15,33452.0
12:30,47.15,47.15,47.13,47.13,20171.0
12:31,47.15,47.16,47.15,47.15,14640.0
12:32,47.13,47.15,47.13,47.15,27137.0
12:33,47.14,47.15,47.12,47.13,20204.0
12:34,47.14,47.15,47.13,47.14,19456.0
12:35,47.13,47.14,47.12,47.13,11972.0
12:36,47.15,47.16,47.13,47.13,34153.0
12:37,47.13,47.15,47.13,47.15,19625.0
12:38,47.13,47.14,47.13,47.13,6690.0
12:39,47.15,47.15,47.12,47.13,25451.0
12:40,47.15,47.15,47.14,47.15,33399.0
12:41,47.15,47.16,47.15,47.15,9620.0
12:42,47.17,47.17,47.15,47.15,30487.0
12:43,47.15,47.17,47.15,47.16,63838.0
12:44,47.15,47.16,47.15,47.15,21586.0
12:45,47.15,47.17,47.15,47.15,31625.0
12:46,47.13,47.15,47.13,47.15,22633.0
12:47,47.1,47.13,47.1,47.13,24019.0
12:48,47.1,47.11,47.1,47.1,17911.0
12:49,47.1,47.11,47.09,47.1,26743.0
12:50,47.12,47.14,47.1,47.1,48411.0
12:51,47.12,47.13,47.11,47.11,11294.0
12:52,47.12,47.13,47.12,47.12,7548.0
12:53,47.12,47.13,47.1,47.12,52406.0
12:54,47.12,47.13,47.12,47.13,18163.0
12:55,47.12,47.12,47.11,47.12,42959.0
12:56,47.12,47.13,47.12,47.12,11348.0
12:57,47.14,47.14,47.12,47.13,21689.0
12:58,47.12,47.14,47.12,47.13,49528.0
12:59,47.12,47.13,47.12,47.12,29811.0
13:00,47.08,47.12,47.06,47.12,77381.0
13:01,47.08,47.09,47.07,47.08,80736.0
13:02,47.05,47.08,47.04,47.08,56391.0
13:03,47.04,47.07,47.04,47.05,36895.0
13:04,47.03,47.05,47.03,47.04,36827.0
13:05,47.03,47.04,47.03,47.03,37137.0
13:06,47.05,47.06,47.03,47.04,48512.0
13:07,47.07,47.07,47.04,47.05,62201.0
13:08,47.06,47.08,47.06,47.07,31862.0
13:09,47.08,47.08,47.06,47.06,29097.0
13:10,47.05,47.08,47.05,47.08,37396.0
13:11,47.07,47.08,47.04,47.05,51038.0
13:12,47.08,47.09,47.07,47.08,37087.0
13:13,47.08,47.1,47.08,47.08,37711.0
13:14,47.09,47.09,47.08,47.08,23165.0
13:15,47.1,47.11,47.09,47.09,23368.0
13:16,47.09,47.1,47.08,47.1,21449.0
13:17,47.08,47.1,47.08,47.1,15275.0
13:18,47.08,47.08,47.06,47.08,29378.0
13:19,47.06,47.08,47.06,47.07,26894.0
13:20,47.04,47.06,47.03,47.06,44196.0
13:21,47.06,47.06,47.04,47.04,27209.0
13:22,47.06,47.06,47.06,47.06,16092.0
13:23,47.08,47.08,47.06,47.06,12972.0
13:24,47.08,47.09,47.07,47.08,13184.0
13:25,47.1,47.1,47.09,47.09,29997.0
13:26,47.12,47.12,47.1,47.1,30888.0
13:27,47.13,47.13,47.12,47.12,22805.0
13:28,47.11,47.13,47.11,47.13,29725.0
13:29,47.11,47.12,47.11,47.11,9745.0
13:30,47.1,47.12,47.1,47.12,26938.0
13:31,47.11,47.12,47.1,47.1,48586.0
13:32,47.12,47.13,47.11,47.12,22242.0
13:33,47.13,47.13,47.11,47.12,35892.0
13:34,47.12,47.13,47.11,47.12,33215.0
13:35,47.12,47.13,47.12,47.12,11209.0
13:36,47.12,47.13,47.11,47.12,30122.0
13:37,47.12,47.14,47.12,47.12,25983.0
13:38,47.12,47.13,47.12,47.12,59359.0
13:39,47.13,47.13,47.12,47.12,32586.0
13:40,47.13,47.15,47.13,47.13,19045.0
13:41,47.14,47.15,47.13,47.14,15322.0
13:42,47.14,47.15,47.14,47.15,14220.0
13:43,47.15,47.15,47.14,47.15,9498.0
13:44,47.15,47.16,47.15,47.15,26461.0
13:45,47.15,47.16,47.15,47.15,15650.0
13:46,47.14,47.16,47.13,47.15,69974.0
13:47,47.12,47.13,47.11,47.13,54937.0
13:48,47.11,47.12,47.11,47.12,30416.0
13:49,47.11,47.12,47.11,47.12,9391.0
13:50,47.13,47.14,47.11,47.12,76819.0
13:51,47.12,47.13,47.12,47.13,29154.0
13:52,47.12,47.12,47.11,47.12,24751.0
13:53,47.15,47.15,47.13,47.13,12658.0
13:54,47.12,47.15,47.12,47.15,31776.0
13:55,47.13,47.14,47.12,47.12,35530.0
13:56,47.13,47.14,47.13,47.13,21975.0
13:57,47.12,47.13,47.11,47.12,28376.0
13:58,47.1,47.13,47.1,47.12,31629.0
13:59,47.09,47.1,47.08,47.1,51503.0
14:00,47.1,47.11,47.08,47.08,47949.0
14:01,47.1,47.11,47.08,47.09,40346.0
14:02,47.08,47.11,47.08,47.1,56319.0
14:03,47.08,47.12,47.06,47.08,55953.0
14:04,47.08,47.09,47.07,47.08,26923.0
14:05,47.05,47.08,47.05,47.07,37241.0
14:06,47.02,47.06,47.01,47.05,85189.0
14:07,47.03,47.04,47.01,47.02,35472.0
14:08,47.02,47.03,47.02,47.02,31770.0
14:09,47.04,47.05,47.03,47.03,20790.0
14:10,47.06,47.06,47.04,47.04,29879.0
14:11,47.08,47.08,47.06,47.06,53028.0
14:12,47.08,47.09,47.07,47.08,69252.0
14:13,47.09,47.1,47.07,47.08,30233.0
14:14,47.06,47.1,47.04,47.1,74300.0
14:15,47.03,47.06,47.02,47.06,44390.0
14:16,47.06,47.06,47.03,47.03,38198.0
14:17,47.04,47.06,47.04,47.05,35660.0
14:18,47.04,47.04,47.03,47.03,32188.0
14:19,47.04,47.04,47.03,47.04,16400.0
14:20,47.04,47.05,47.03,47.03,10325.0
14:21,47.05,47.05,47.04,47.04,18252.0
14:22,47.04,47.07,47.04,47.06,59424.0
14:23,47.06,47.07,47.04,47.04,17620.0
14:24,47.07,47.07,47.06,47.06,15096.0
14:25,47.06,47.07,47.06,47.07,28413.0
14:26,47.06,47.08,47.06,47.06,43947.0
14:27,47.08,47.08,47.06,47.06,23559.0
14:28,47.08,47.08,47.08,47.08,34872.0
14:29,47.1,47.1,47.08,47.08,29274.0
14:30,47.1,47.1,47.09,47.09,11841.0
14:31,47.1,47.1,47.09,47.1,12465.0
14:32,47.1,47.11,47.09,47.1,47689.0
14:33,47.1,47.11,47.1,47.1,7961.0
14:34,47.1,47.11,47.1,47.1,38600.0
14:35,47.1,47.11,47.1,47.1,41065.0
14:36,47.1,47.1,47.08,47.1,63074.0
14:37,47.08,47.1,47.08,47.09,29488.0
14:38,47.1,47.1,47.09,47.09,6772.0
14:39,47.1,47.1,47.08,47.1,36186.0
14:40,47.12,47.12,47.1,47.1,28066.0
14:41,47.11,47.12,47.11,47.12,25767.0
14:42,47.12,47.12,47.11,47.12,12863.0
14:43,47.12,47.12,47.11,47.12,6155.0
14:44,47.12,47.13,47.12,47.12,12294.0
14:45,47.12,47.13,47.12,47.12,9765.0
14:46,47.13,47.13,47.12,47.13,10569.0
14:47,47.13,47.15,47.12,47.13,145738.0
14:48,47.12,47.13,47.12,47.12,12882.0
14:49,47.13,47.14,47.12,47.12,56991.0
14:50,47.15,47.15,47.13,47.13,40687.0
14:51,47.15,47.15,47.14,47.15,5690.0
14:52,47.14,47.15,47.14,47.15,10014.0
14:53,47.17,47.17,47.14,47.14,31786.0
14:54,47.16,47.17,47.16,47.17,38927.0
14:55,47.17,47.17,47.16,47.16,14661.0
14:56,47.17,47.17,47.16,47.17,14662.0
14:57,47.15,47.17,47.13,47.17,222092.0
14:58,47.15,47.15,47.13,47.15,32006.0
14:59,47.17,47.17,47.15,47.15,18672.0
15:00,47.13,47.18,47.13,47.17,90217.0
15:01,47.14,47.16,47.13,47.14,40699.0
15:02,47.15,47.15,47.14,47.15,18162.0
15:03,47.12,47.15,47.1,47.15,53122.0
15:04,47.12,47.13,47.11,47.12,63798.0
15:05,47.12,47.13,47.11,47.12,51082.0
15:06,47.1,47.12,47.08,47.12,30428.0
15:07,47.1,47.11,47.09,47.1,31532.0
15:08,47.07,47.11,47.06,47.11,75961.0
15:09,47.06,47.07,47.05,47.06,37624.0
15:10,47.11,47.11,47.05,47.06,86357.0
15:11,47.1,47.11,47.1,47.1,40828.0
15:12,47.12,47.13,47.1,47.1,33406.0
15:13,47.1,47.12,47.1,47.12,35743.0
15:14,47.12,47.12,47.1,47.1,36729.0
15:15,47.13,47.13,47.11,47.12,39583.0
15:16,47.13,47.14,47.13,47.13,49920.0
15:17,47.12,47.14,47.11,47.14,58729.0
15:18,47.12,47.14,47.12,47.13,57912.0
15:19,47.12,47.14,47.12,47.12,39598.0
15:20,47.12,47.13,47.11,47.12,19556.0
15:21,47.12,47.13,47.11,47.12,19480.0
15:22,47.12,47.13,47.12,47.12,22536.0
15:23,47.12,47.14,47.12,47.12,122177.0
15:24,47.12,47.12,47.1,47.12,28689.0
15:25,47.12,47.12,47.11,47.12,30951.0
15:26,47.1,47.11,47.09,47.11,98410.0
15:27,47.08,47.1,47.07,47.1,121039.0
15:28,47.08,47.09,47.08,47.08,22448.0
15:29,47.05,47.08,47.04,47.08,50579.0
15:30,47.06,47.06,47.04,47.05,29910.0
15:31,47.06,47.07,47.04,47.06,53298.0
15:32,47.03,47.06,47.03,47.06,48179.0
15:33,47.03,47.04,47.02,47.02,33739.0
15:34,47.03,47.04,47.03,47.03,27707.0
15:35,47.03,47.03,47.02,47.03,47997.0
15:36,47.03,47.04,47.02,47.03,26097.0
15:37,47.01,47.03,47.0,47.03,56214.0
15:38,46.99,47.01,46.99,47.01,142636.0
15:39,46.99,47.01,46.99,47.0,168221.0
15:40,46.99,47.0,46.98,47.0,193805.0
15:41,46.99,47.0,46.98,46.99,219390.0
15:42,46.99,47.0,46.99,46.99,19982.0
15:43,47.0,47.01,46.99,46.99,35773.0
15:44,47.01,47.01,46.99,47.01,120980.0
15:45,47.01,47.01,46.99,47.01,30392.0
15:46,47.02,47.04,47.0,47.01,107291.0
15:47,47.04,47.04,47.02,47.02,77336.0
15:48,47.04,47.04,47.03,47.03,50530.0
15:49,47.06,47.07,47.04,47.04,92558.0
15:50,47.03,47.07,47.01,47.05,223182.0
15:51,46.99,47.02,46.99,47.02,122104.0
15:52,46.96,46.99,46.96,46.98,83767.0
15:53,46.97,46.99,46.96,46.97,106895.0
15:54,46.94,46.98,46.94,46.97,119939.0
15:55,46.92,46.94,46.91,46.94,198983.0
15:56,46.92,46.93,46.9,46.93,182008.0
15:57,46.92,46.94,46.91,46.92,275867.0
15:58,46.92,46.93,46.9,46.92,487901.0
15:59,46.95,46.96,46.92,46.92,765794.0
