Time,Close,High,Low,Open,Volume
09:30,97.86,97.86,97.42,97.6,355115.0
09:31,98.12,98.16,97.83,97.88,61072.0
09:32,98.3,98.37,98.07,98.09,82536.0
09:33,98.28,98.34,98.23,98.3,35244.0
09:34,98.25,98.32,98.21,98.29,29894.0
09:35,98.53,98.58,98.16,98.25,84562.0
09:36,98.62,98.65,98.49,98.53,125768.0
09:37,98.61,98.71,98.55,98.62,117834.0
09:38,98.72,98.79,98.59,98.61,81301.0
09:39,98.86,98.94,98.68,98.72,89463.0
09:40,98.86,98.88,98.79,98.87,52725.0
09:41,99.15,99.15,98.83,98.86,144831.0
09:42,99.04,99.14,98.95,99.14,79271.0
09:43,98.9,99.08,98.88,99.04,60716.0
09:44,98.79,98.88,98.76,98.88,30008.0
09:45,98.7,98.79,98.65,98.79,42166.0
09:46,98.56,98.74,98.53,98.7,46491.0
09:47,98.54,98.58,98.52,98.54,35719.0
09:48,98.5,98.58,98.48,98.54,22332.0
09:49,98.54,98.64,98.5,98.5,41196.0
09:50,98.6,98.61,98.5,98.54,35088.0
09:51,98.7,98.71,98.61,98.61,53718.0
09:52,98.61,98.68,98.59,98.68,28807.0
09:53,98.62,98.68,98.56,98.61,39641.0
09:54,98.62,98.69,98.62,98.65,25210.0
09:55,98.46,98.62,98.46,98.61,29968.0
09:56,98.49,98.51,98.45,98.46,36134.0
09:57,98.43,98.48,98.42,98.48,33542.0
09:58,98.43,98.45,98.41,98.42,16789.0
09:59,98.46,98.5,98.44,98.45,43242.0
10:00,98.53,98.64,98.41,98.44,59754.0
10:01,98.51,98.64,98.51,98.53,31493.0
10:02,98.47,98.54,98.45,98.5,22636.0
10:03,98.5,98.51,98.47,98.47,22138.0
10:04,98.48,98.49,98.4,98.49,32172.0
10:05,98.48,98.5,98.42,98.47,39426.0
10:06,98.47,98.48,98.43,98.48,28044.0
10:07,98.49,98.53,98.47,98.5,58927.0
10:08,98.5,98.58,98.5,98.51,89810.0
10:09,98.49,98.5,98.43,98.5,53946.0
10:10,98.38,98.5,98.37,98.49,36496.0
10:11,98.48,98.5,98.38,98.38,38835.0
10:12,98.52,98.53,98.47,98.47,25699.0
10:13,98.5,98.53,98.49,98.53,20058.0
10:14,98.49,98.51,98.46,98.5,32124.0
10:15,98.6,98.6,98.49,98.49,35761.0
10:16,98.58,98.63,98.57,98.6,27292.0
10:17,98.67,98.71,98.57,98.57,42642.0
10:18,98.7,98.71,98.62,98.67,24564.0
10:19,98.71,98.71,98.69,98.7,22562.0
10:20,98.67,98.68,98.67,98.67,37203.0
10:21,98.71,98.72,98.67,98.68,20538.0
10:22,98.78,98.78,98.7,98.71,46494.0
10:23,98.79,98.81,98.75,98.77,40033.0
10:24,98.76,98.8,98.75,98.79,23424.0
10:25,98.82,98.84,98.73,98.75,26410.0
10:26,98.87,98.87,98.8,98.82,29578.0
10:27,98.82,98.89,98.81,98.88,34539.0
10:28,98.85,98.89,98.79,98.82,38826.0
10:29,98.83,98.85,98.79,98.85,40973.0
10:30,98.88,98.88,98.79,98.83,56300.0
10:31,98.9,98.92,98.86,98.87,60638.0
10:32,98.92,98.92,98.88,98.9,68039.0
10:33,98.93,98.96,98.89,98.92,58626.0
10:34,98.85,98.92,98.84,98.92,75785.0
10:35,98.86,98.86,98.8,98.85,39242.0
10:36,98.86,98.92,98.85,98.86,47769.0
10:37,98.87,98.88,98.87,98.88,28320.0
10:38,98.98,98.98,98.88,98.88,55043.0
10:39,99.04,99.06,98.97,98.97,145085.0
10:40,98.97,99.04,98.93,99.03,74922.0
10:41,98.97,99.01,98.95,98.98,60939.0
10:42,98.97,99.03,98.96,98.97,103421.0
10:43,99.04,99.06,98.97,98.97,42459.0
10:44,99.07,99.1,99.02,99.04,40686.0
10:45,99.03,99.07,99.02,99.07,44882.0
10:46,99.07,99.07,99.02,99.03,44721.0
10:47,99.03,99.08,99.03,99.06,43804.0
10:48,99.12,99.14,99.03,99.03,72416.0
10:49,99.17,99.19,99.06,99.12,100464.0
10:50,99.11,99.18,99.11,99.16,69860.0
10:51,99.02,99.1,99.0,99.1,51004.0
10:52,99.02,99.03,99.0,99.02,13934.0
10:53,99.03,99.04,99.03,99.03,52276.0
10:54,99.04,99.04,99.0,99.04,26112.0
10:55,99.04,99.07,99.02,99.04,33337.0
10:56,98.95,99.06,98.95,99.05,35426.0
10:57,98.95,98.98,98.94,98.95,24756.0
10:58,98.88,98.89,98.88,98.89,20617.0
10:59,98.91,98.92,98.87,98.88,41053.0
11:00,98.9,98.92,98.89,98.91,25542.0
11:01,98.97,98.98,98.88,98.9,37759.0
11:02,98.97,99.03,98.96,98.99,40429.0
11:03,98.95,99.0,98.95,98.96,21621.0
11:04,98.96,98.99,98.93,98.96,20942.0
11:05,98.86,98.95,98.86,98.95,19836.0
11:06,98.75,98.88,98.72,98.86,47513.0
11:07,98.78,98.79,98.71,98.74,61140.0
11:08,98.78,98.81,98.75,98.77,38438.0
11:09,98.8,98.83,98.75,98.77,26165.0
11:10,98.88,98.88,98.81,98.82,23979.0
11:11,98.85,98.89,98.82,98.88,20035.0
11:12,98.89,98.91,98.82,98.84,22439.0
11:13,98.89,98.9,98.85,98.88,41072.0
11:14,98.84,98.91,98.83,98.89,26804.0
11:15,98.81,98.84,98.77,98.83,36206.0
11:16,98.82,98.85,98.78,98.81,34132.0
11:17,98.73,98.81,98.73,98.81,23023.0
11:18,98.67,98.73,98.67,98.73,17913.0
11:19,98.67,98.68,98.63,98.68,24588.0
11:20,98.79,98.8,98.65,98.66,25172.0
11:21,98.85,98.86,98.78,98.79,25865.0
11:22,98.93,98.93,98.85,98.85,21299.0
11:23,98.94,98.96,98.92,98.93,26706.0
11:24,98.89,98.96,98.89,98.96,26400.0
11:25,98.97,98.98,98.88,98.89,30244.0
11:26,98.9,98.96,98.9,98.96,26314.0
11:27,98.89,98.94,98.85,98.91,25698.0
11:28,98.92,98.95,98.9,98.9,30116.0
11:29,98.93,98.95,98.91,98.92,26271.0
11:30,98.86,98.93,98.84,98.92,22072.0
11:31,98.88,98.9,98.86,98.86,33022.0
11:32,98.86,98.89,98.82,98.88,20978.0
11:33,98.76,98.86,98.76,98.86,21150.0
11:34,98.76,98.78,98.75,98.77,23127.0
11:35,98.75,98.76,98.72,98.75,20911.0
11:36,98.72,98.79,98.71,98.74,36390.0
11:37,98.68,98.73,98.67,98.72,24986.0
11:38,98.69,98.71,98.66,98.68,20495.0
11:39,98.69,98.72,98.68,98.68,22203.0
11:40,98.57,98.7,98.56,98.69,40790.0
11:41,98.48,98.56,98.48,98.56,37023.0
11:42,98.52,98.54,98.47,98.47,23854.0
11:43,98.45,98.51,98.43,98.49,29515.0
11:44,98.43,98.45,98.39,98.44,33592.0
11:45,98.29,98.43,98.29,98.42,39095.0
11:46,98.29,98.3,98.26,98.3,48779.0
11:47,98.27,98.29,98.25,98.28,26525.0
11:48,98.32,98.33,98.26,98.28,35348.0
11:49,98.25,98.31,98.21,98.31,26813.0
11:50,98.31,98.34,98.25,98.25,52755.0
11:51,98.25,98.31,98.25,98.3,28094.0
11:52,98.33,98.34,98.25,98.25,25273.0
11:53,98.42,98.43,98.33,98.34,28672.0
11:54,98.32,98.43,98.32,98.43,14169.0
11:55,98.3,98.33,98.27,98.31,20550.0
11:56,98.29,98.32,98.29,98.3,14423.0
11:57,98.28,98.31,98.26,98.3,20959.0
11:58,98.24,98.28,98.19,98.27,48056.0
11:59,98.24,98.27,98.22,98.24,11105.0
12:00,98.31,98.31,98.24,98.24,16544.0
12:01,98.25,98.34,98.25,98.32,21495.0
12:02,98.24,98.27,98.22,98.25,13875.0
12:03,98.19,98.26,98.19,98.24,14309.0
12:04,98.19,98.21,98.18,98.2,14791.0
12:05,98.23,98.23,98.19,98.2,18927.0
12:06,98.29,98.29,98.28,98.28,11975.0
12:07,98.27,98.29,98.25,98.29,13775.0
12:08,98.27,98.29,98.24,98.28,31949.0
12:09,98.22,98.27,98.2,98.27,23600.0
12:10,98.22,98.25,98.21,98.23,16533.0
12:11,98.16,98.24,98.15,98.22,24110.0
12:12,98.04,98.16,98.04,98.16,65141.0
12:13,98.04,98.06,98.0,98.03,41376.0
12:14,98.01,98.06,98.0,98.04,20757.0
12:15,97.93,98.0,97.89,98.0,39939.0
12:16,97.91,97.96,97.91,97.93,37001.0
12:17,97.81,97.92,97.81,97.92,33395.0
12:18,97.68,97.81,97.67,97.81,42861.0
12:19,97.66,97.7,97.6,97.68,72814.0
12:20,97.53,97.67,97.51,97.66,24574.0
12:21,97.61,97.69,97.5,97.53,48668.0
12:22,97.56,97.56,97.51,97.55,70278.0
12:23,97.6,97.62,97.53,97.56,40446.0
12:24,97.6,97.64,97.51,97.61,40227.0
12:25,97.66,97.7,97.58,97.59,31450.0
12:26,97.69,97.72,97.63,97.65,27929.0
12:27,97.72,97.74,97.65,97.69,34231.0
12:28,97.79,97.8,97.72,97.72,29876.0
12:29,97.87,97.87,97.77,97.78,21183.0
12:30,97.89,97.92,97.87,97.88,25675.0
12:31,97.93,97.93,97.88,97.9,24848.0
12:32,97.96,97.98,97.91,97.92,41503.0
12:33,97.97,98.01,97.97,97.97,17934.0
12:34,98.04,98.06,97.94,97.97,34548.0
12:35,98.03,98.07,98.02,98.03,35637.0
12:36,98.03,98.04,97.98,98.03,22984.0
12:37,98.03,98.06,98.01,98.03,17673.0
12:38,98.06,98.08,98.01,98.03,21487.0
12:39,98.08,98.1,98.04,98.06,15864.0
12:40,98.1,98.15,98.07,98.07,19675.0
12:41,98.08,98.12,98.06,98.1,17642.0
12:42,98.11,98.14,98.07,98.07,31205.0
12:43,98.14,98.14,98.08,98.12,21635.0
12:44,98.2,98.2,98.14,98.14,23915.0
12:45,98.15,98.2,98.15,98.19,19919.0
12:46,98.21,98.21,98.16,98.16,17525.0
12:47,98.21,98.24,98.18,98.21,20661.0
12:48,98.34,98.35,98.21,98.21,23332.0
12:49,98.37,98.37,98.35,98.35,19296.0
12:50,98.43,98.43,98.35,98.36,52552.0
12:51,98.45,98.46,98.42,98.43,25115.0
12:52,98.47,98.49,98.41,98.45,24950.0
12:53,98.43,98.48,98.42,98.47,23051.0
12:54,98.4,98.43,98.4,98.43,21611.0
12:55,98.42,98.43,98.4,98.41,9908.0
12:56,98.43,98.45,98.39,98.43,22068.0
12:57,98.39,98.44,98.38,98.42,13192.0
12:58,98.4,98.42,98.39,98.39,16747.0
12:59,98.38,98.4,98.37,98.4,18405.0
13:00,98.35,98.39,98.32,98.39,25279.0
13:01,98.38,98.4,98.35,98.36,16181.0
13:02,98.37,98.39,98.35,98.39,12163.0
13:03,98.3,98.36,98.28,98.36,26808.0
13:04,98.35,98.37,98.31,98.31,16943.0
13:05,98.39,98.39,98.32,98.35,22912.0
13:06,98.39,98.41,98.36,98.38,24377.0
13:07,98.4,98.42,98.38,98.4,22002.0
13:08,98.39,98.41,98.36,98.4,17606.0
13:09,98.36,98.39,98.36,98.39,12560.0
13:10,98.29,98.36,98.28,98.36,25881.0
13:11,98.26,98.32,98.26,98.31,18235.0
13:12,98.26,98.27,98.25,98.26,20007.0
13:13,98.25,98.29,98.25,98.28,13262.0
13:14,98.26,98.26,98.22,98.26,15014.0
13:15,98.26,98.29,98.25,98.28,15355.0
13:16,98.25,98.26,98.23,98.26,14198.0
13:17,98.25,98.28,98.24,98.25,24810.0
13:18,98.25,98.25,98.21,98.25,20251.0
13:19,98.22,98.27,98.22,98.26,16749.0
13:20,98.18,98.23,98.18,98.21,15240.0
13:21,98.18,98.21,98.18,98.18,16523.0
13:22,98.12,98.2,98.12,98.19,13495.0
13:23,98.19,98.19,98.12,98.13,18214.0
13:24,98.21,98.21,98.18,98.19,19537.0
13:25,98.23,98.24,98.22,98.22,27838.0
13:26,98.25,98.26,98.25,98.26,36140.0
13:27,98.25,98.26,98.23,98.25,16673.0
13:28,98.25,98.27,98.23,98.25,16205.0
13:29,98.29,98.3,98.22,98.25,21271.0
13:30,98.29,98.3,98.27,98.29,17437.0
13:31,98.31,98.31,98.28,98.29,13070.0
13:32,98.28,98.32,98.28,98.31,19707.0
13:33,98.3,98.31,98.29,98.29,20729.0
13:34,98.33,98.34,98.3,98.3,12948.0
13:35,98.33,98.34,98.29,98.33,15510.0
13:36,98.36,98.36,98.32,98.32,12429.0
13:37,98.39,98.39,98.35,98.35,13428.0
13:38,98.33,98.39,98.32,98.39,15533.0
13:39,98.31,98.34,98.31,98.32,11401.0
13:40,98.3,98.33,98.28,98.32,15623.0
13:41,98.3,98.31,98.28,98.31,10235.0
13:42,98.32,98.33,98.29,98.31,10669.0
13:43,98.38,98.38,98.32,98.32,15831.0
13:44,98.38,98.39,98.36,98.39,17202.0
13:45,98.37,98.39,98.36,98.38,22876.0
13:46,98.36,98.39,98.36,98.37,7354.0
13:47,98.36,98.38,98.36,98.36,13294.0
13:48,98.37,98.38,98.36,98.36,15731.0
13:49,98.39,98.41,98.38,98.38,18777.0
13:50,98.36,98.39,98.35,98.39,13295.0
13:51,98.35,98.37,98.35,98.36,12782.0
13:52,98.36,98.36,98.33,98.35,20400.0
13:53,98.38,98.39,98.35,98.35,19246.0
13:54,98.37,98.39,98.37,98.38,9866.0
13:55,98.42,98.42,98.38,98.38,12160.0
13:56,98.4,98.43,98.4,98.42,16469.0
13:57,98.39,98.42,98.39,98.4,14995.0
13:58,98.39,98.4,98.37,98.39,12246.0
13:59,98.41,98.41,98.38,98.39,26243.0
14:00,98.46,98.48,98.4,98.4,16151.0
14:01,98.41,98.46,98.39,98.46,14590.0
14:02,98.39,98.43,98.39,98.42,20885.0
14:03,98.36,98.39,98.35,98.39,14854.0
14:04,98.35,98.36,98.34,98.35,19641.0
14:05,98.31,98.35,98.3,98.35,34106.0
14:06,98.31,98.31,98.28,98.31,33982.0
14:07,98.3,98.32,98.29,98.31,30199.0
14:08,98.34,98.35,98.29,98.31,21139.0
14:09,98.38,98.38,98.33,98.35,11527.0
14:10,98.37,98.4,98.37,98.39,12350.0
14:11,98.34,98.39,98.34,98.37,24325.0
14:12,98.31,98.34,98.29,98.33,22435.0
14:13,98.32,98.33,98.31,98.31,17312.0
14:14,98.33,98.35,98.32,98.33,20227.0
14:15,98.35,98.36,98.32,98.34,14890.0
14:16,98.29,98.36,98.29,98.35,17647.0
14:17,98.25,98.3,98.22,98.29,21892.0
14:18,98.29,98.29,98.23,98.25,24045.0
14:19,98.31,98.31,98.25,98.28,24260.0
14:20,98.37,98.38,98.32,98.32,15985.0
14:21,98.34,98.36,98.33,98.36,13644.0
14:22,98.35,98.37,98.34,98.35,14959.0
14:23,98.32,98.34,98.32,98.34,12947.0
14:24,98.33,98.35,98.32,98.33,17735.0
14:25,98.35,98.37,98.33,98.33,14124.0
14:26,98.35,98.35,98.32,98.35,19159.0
14:27,98.29,98.35,98.29,98.35,13024.0
14:28,98.32,98.32,98.3,98.3,8056.0
14:29,98.32,98.32,98.31,98.32,18162.0
14:30,98.33,98.34,98.32,98.33,12626.0
14:31,98.36,98.36,98.32,98.33,19203.0
14:32,98.36,98.37,98.34,98.36,13032.0
14:33,98.42,98.42,98.35,98.36,27113.0
14:34,98.46,98.46,98.42,98.43,28863.0
14:35,98.43,98.46,98.43,98.45,11529.0
14:36,98.46,98.48,98.43,98.43,16257.0
14:37,98.45,98.47,98.43,98.47,17014.0
14:38,98.42,98.46,98.42,98.44,18635.0
14:39,98.44,98.45,98.43,98.43,11230.0
14:40,98.45,98.46,98.44,98.45,21149.0
14:41,98.51,98.52,98.44,98.46,84234.0
14:42,98.49,98.49,98.47,98.49,22094.0
14:43,98.49,98.49,98.47,98.49,18497.0
14:44,98.51,98.52,98.48,98.48,16387.0
14:45,98.54,98.55,98.51,98.52,23676.0
14:46,98.56,98.56,98.54,98.54,16430.0
14:47,98.53,98.56,98.51,98.56,23463.0
14:48,98.5,98.53,98.5,98.51,14401.0
14:49,98.51,98.53,98.5,98.51,14680.0
14:50,98.52,98.53,98.52,98.52,9195.0
14:51,98.51,98.53,98.5,98.53,11061.0
14:52,98.51,98.52,98.5,98.51,14274.0
14:53,98.49,98.51,98.47,98.5,22075.0
14:54,98.54,98.54,98.49,98.5,12980.0
14:55,98.53,98.55,98.52,98.53,15838.0
14:56,98.53,98.54,98.52,98.53,11477.0
14:57,98.52,98.54,98.5,98.54,15105.0
14:58,98.5,98.54,98.5,98.51,15974.0
14:59,98.47,98.52,98.46,98.51,20370.0
15:00,98.39,98.47,98.34,98.46,66177.0
15:01,98.33,98.39,98.32,98.36,32859.0
15:02,98.35,98.35,98.32,98.33,23703.0
15:03,98.36,98.37,98.32,98.35,28268.0
15:04,98.4,98.41,98.35,98.36,29087.0
15:05,98.35,98.4,98.33,98.4,24476.0
15:06,98.36,98.37,98.32,98.35,13699.0
15:07,98.38,98.38,98.35,98.36,21594.0
15:08,98.39,98.4,98.38,98.38,31722.0
15:09,98.44,98.44,98.38,98.39,17467.0
15:10,98.42,98.44,98.42,98.43,17692.0
15:11,98.39,98.42,98.38,98.41,15493.0
15:12,98.35,98.39,98.33,98.39,16790.0
15:13,98.38,98.38,98.32,98.35,17425.0
15:14,98.4,98.4,98.38,98.38,30434.0
15:15,98.4,98.43,98.39,98.41,30374.0
15:16,98.38,98.41,98.37,98.4,22834.0
15:17,98.36,98.4,98.36,98.38,27673.0
15:18,98.4,98.41,98.36,98.36,20897.0
15:19,98.38,98.43,98.36,98.4,25014.0
15:20,98.36,98.38,98.33,98.38,20875.0
15:21,98.36,98.37,98.33,98.36,15382.0
15:22,98.39,98.39,98.36,98.37,27277.0
15:23,98.37,98.39,98.35,98.39,17799.0
15:24,98.32,98.36,98.32,98.36,27968.0
15:25,98.3,98.33,98.29,98.32,24442.0
15:26,98.31,98.33,98.3,98.31,17545.0
15:27,98.26,98.32,98.26,98.31,20524.0
15:28,98.28,98.29,98.25,98.26,30869.0
15:29,98.28,98.29,98.25,98.27,24571.0
15:30,98.29,98.31,98.28,98.28,39533.0
15:31,98.24,98.31,98.23,98.3,26239.0
15:32,98.21,98.25,98.2,98.24,38312.0
15:33,98.28,98.28,98.21,98.21,34150.0
15:34,98.31,98.31,98.27,98.28,35992.0
15:35,98.29,98.32,98.29,98.31,32035.0
15:36,98.28,98.29,98.25,98.29,27359.0
15:37,98.29,98.29,98.25,98.28,32308.0
15:38,98.25,98.28,98.25,98.28,17975.0
15:39,98.24,98.26,98.23,98.25,20879.0
15:40,98.24,98.25,98.21,98.24,29239.0
15:41,98.22,98.25,98.22,98.24,28185.0
15:42,98.21,98.24,98.21,98.22,38933.0
15:43,98.23,98.25,98.21,98.21,38563.0
15:44,98.21,98.25,98.19,98.24,60504.0
15:45,98.29,98.29,98.21,98.21,32906.0
15:46,98.36,98.36,98.29,98.3,57900.0
15:47,98.36,98.37,98.34,98.36,40496.0
15:48,98.35,98.39,98.34,98.36,40522.0
15:49,98.34,98.38,98.32,98.34,63371.0
15:50,98.36,98.42,98.32,98.35,70067.0
15:51,98.31,98.36,98.29,98.36,65204.0
15:52,98.27,98.32,98.25,98.31,49554.0
15:53,98.26,98.31,98.26,98.28,52196.0
15:54,98.24,98.31,98.24,98.26,82285.0
15:55,98.26,98.31,98.21,98.24,114079.0
15:56,98.25,98.27,98.19,98.26,95551.0
15:57,98.24,98.28,98.2,98.25,113970.0
15:58,98.21,98.23,98.19,98.23,225802.0
15:59,98.23,98.26,98.19,98.21,397102.0
