Time,Close,High,Low,Open,Volume
09:30,104.0,104.04,103.77,103.9,383971.0
09:31,103.98,104.02,103.94,104.0,20461.0
09:32,104.15,104.15,103.94,103.95,23448.0
09:33,103.89,103.89,103.88,103.88,68052.0
09:34,103.92,103.95,103.85,103.87,19119.0
09:35,103.79,103.9,103.79,103.9,21797.0
09:36,103.83,103.86,103.75,103.77,20694.0
09:37,103.76,103.85,103.74,103.84,24978.0
09:38,103.72,103.8,103.67,103.76,31727.0
09:39,103.66,103.75,103.6,103.72,21150.0
09:40,103.47,103.69,103.45,103.69,57846.0
09:41,103.47,103.51,103.43,103.47,33616.0
09:42,103.6,103.64,103.43,103.47,47982.0
09:43,103.6,103.68,103.58,103.59,21226.0
09:44,103.56,103.64,103.54,103.6,24225.0
09:45,103.48,103.61,103.45,103.56,61411.0
09:46,103.45,103.5,103.41,103.46,28371.0
09:47,103.45,103.49,103.42,103.43,19971.0
09:48,103.39,103.46,103.36,103.45,18982.0
09:49,103.46,103.49,103.39,103.39,16376.0
09:50,103.38,103.46,103.36,103.45,33280.0
09:51,103.5,103.54,103.39,103.39,38052.0
09:52,103.51,103.57,103.48,103.5,32840.0
09:53,103.57,103.58,103.48,103.51,17815.0
09:54,103.54,103.58,103.46,103.57,29140.0
09:55,103.66,103.69,103.53,103.55,37037.0
09:56,103.63,103.69,103.59,103.65,71017.0
09:57,103.77,103.8,103.62,103.62,51955.0
09:58,103.82,103.86,103.77,103.78,40817.0
09:59,103.86,103.88,103.75,103.82,54270.0
10:00,103.87,103.92,103.81,103.86,50276.0
10:01,103.98,104.05,103.87,103.87,65753.0
10:02,103.96,104.0,103.91,103.99,48966.0
10:03,103.89,103.96,103.85,103.96,43086.0
10:04,103.92,103.93,103.87,103.89,34082.0
10:05,103.93,103.98,103.82,103.92,26049.0
10:06,103.86,103.95,103.86,103.94,38932.0
10:07,103.92,103.93,103.85,103.85,46461.0
10:08,103.76,103.9,103.76,103.9,25003.0
10:09,103.72,103.84,103.71,103.78,27753.0
10:10,103.68,103.74,103.68,103.71,20096.0
10:11,103.69,103.72,103.66,103.68,19357.0
10:12,103.58,103.69,103.58,103.69,27601.0
10:13,103.44,103.57,103.42,103.57,26025.0
10:14,103.38,103.44,103.35,103.44,33489.0
10:15,103.42,103.42,103.36,103.38,22183.0
10:16,103.46,103.46,103.41,103.41,16538.0
10:17,103.5,103.52,103.43,103.47,21821.0
10:18,103.56,103.58,103.47,103.5,16476.0
10:19,103.64,103.65,103.54,103.55,30733.0
10:20,103.69,103.69,103.62,103.64,11893.0
10:21,103.69,103.72,103.69,103.69,15722.0
10:22,103.64,103.69,103.61,103.69,21026.0
10:23,103.62,103.66,103.61,103.64,7349.0
10:24,103.5,103.62,103.5,103.61,20795.0
10:25,103.44,103.51,103.44,103.5,19414.0
10:26,103.46,103.51,103.44,103.45,21939.0
10:27,103.45,103.48,103.45,103.45,10544.0
10:28,103.45,103.45,103.4,103.44,17884.0
10:29,103.4,103.45,103.39,103.45,18030.0
10:30,103.35,103.4,103.29,103.4,31891.0
10:31,103.37,103.38,103.28,103.34,26299.0
10:32,103.38,103.4,103.34,103.37,15600.0
10:33,103.44,103.44,103.37,103.38,12817.0
10:34,103.46,103.46,103.42,103.42,10990.0
10:35,103.43,103.46,103.41,103.46,15961.0
10:36,103.38,103.42,103.35,103.42,34092.0
10:37,103.35,103.4,103.32,103.38,14669.0
10:38,103.33,103.37,103.31,103.35,10602.0
10:39,103.32,103.35,103.29,103.33,15908.0
10:40,103.29,103.33,103.29,103.32,11331.0
10:41,103.38,103.38,103.26,103.29,20417.0
10:42,103.46,103.49,103.38,103.38,27050.0
10:43,103.46,103.47,103.45,103.46,8212.0
10:44,103.44,103.46,103.43,103.45,15137.0
10:45,103.5,103.51,103.44,103.44,12510.0
10:46,103.46,103.5,103.44,103.5,29637.0
10:47,103.46,103.49,103.44,103.46,37422.0
10:48,103.5,103.52,103.44,103.45,21396.0
10:49,103.54,103.54,103.49,103.5,11889.0
10:50,103.56,103.57,103.54,103.54,26291.0
10:51,103.58,103.58,103.51,103.56,32625.0
10:52,103.62,103.62,103.58,103.58,24772.0
10:53,103.56,103.64,103.54,103.62,49596.0
10:54,103.5,103.58,103.5,103.55,13227.0
10:55,103.54,103.55,103.49,103.5,11695.0
10:56,103.6,103.61,103.54,103.54,12518.0
10:57,103.59,103.6,103.56,103.6,19605.0
10:58,103.56,103.59,103.56,103.59,10824.0
10:59,103.54,103.57,103.53,103.56,17920.0
11:00,103.46,103.54,103.46,103.53,16333.0
11:01,103.4,103.5,103.4,103.46,39529.0
11:02,103.33,103.42,103.3,103.4,53833.0
11:03,103.31,103.35,103.3,103.32,34326.0
11:04,103.3,103.33,103.26,103.31,23147.0
11:05,103.22,103.31,103.21,103.3,24843.0
11:06,103.27,103.28,103.2,103.2,18567.0
11:07,103.25,103.3,103.22,103.27,37014.0
11:08,103.19,103.26,103.19,103.25,30181.0
11:09,103.17,103.19,103.14,103.18,39857.0
11:10,103.12,103.19,103.12,103.18,12256.0
11:11,103.19,103.19,103.11,103.12,27893.0
11:12,103.29,103.29,103.19,103.19,19569.0
11:13,103.35,103.36,103.31,103.31,43103.0
11:14,103.34,103.38,103.33,103.35,13579.0
11:15,103.38,103.38,103.33,103.35,17585.0
11:16,103.35,103.42,103.33,103.37,19606.0
11:17,103.33,103.38,103.33,103.37,15835.0
11:18,103.32,103.33,103.29,103.33,14382.0
11:19,103.25,103.33,103.25,103.32,15039.0
11:20,103.22,103.25,103.21,103.25,13796.0
11:21,103.3,103.31,103.21,103.22,14831.0
11:22,103.29,103.35,103.28,103.29,24469.0
11:23,103.24,103.29,103.22,103.29,14738.0
11:24,103.25,103.26,103.23,103.24,13587.0
11:25,103.25,103.29,103.25,103.25,14725.0
11:26,103.25,103.26,103.23,103.25,14301.0
11:27,103.25,103.26,103.23,103.25,30674.0
11:28,103.24,103.27,103.22,103.25,70234.0
11:29,103.23,103.25,103.22,103.24,21492.0
11:30,103.2,103.28,103.2,103.24,20986.0
11:31,103.19,103.19,103.19,103.19,18322.0
11:32,103.28,103.28,103.19,103.2,14082.0
11:33,103.27,103.31,103.26,103.28,11874.0
11:34,103.25,103.27,103.23,103.26,21993.0
11:35,103.23,103.28,103.22,103.25,20264.0
11:36,103.25,103.25,103.21,103.23,11381.0
11:37,103.24,103.26,103.21,103.25,23292.0
11:38,103.22,103.26,103.22,103.24,14007.0
11:39,103.28,103.29,103.21,103.21,16572.0
11:40,103.23,103.29,103.23,103.29,17186.0
11:41,103.29,103.29,103.23,103.24,30406.0
11:42,103.25,103.29,103.23,103.29,18765.0
11:43,103.25,103.25,103.19,103.24,21429.0
11:44,103.26,103.3,103.25,103.26,17646.0
11:45,103.22,103.27,103.2,103.26,20601.0
11:46,103.19,103.25,103.17,103.23,13320.0
11:47,103.23,103.26,103.2,103.2,22615.0
11:48,103.26,103.27,103.23,103.24,22016.0
11:49,103.29,103.32,103.25,103.25,11070.0
11:50,103.35,103.36,103.29,103.29,10562.0
11:51,103.35,103.36,103.33,103.34,13030.0
11:52,103.37,103.38,103.33,103.35,14704.0
11:53,103.38,103.39,103.3,103.38,49161.0
11:54,103.39,103.42,103.36,103.38,13723.0
11:55,103.33,103.42,103.33,103.39,14956.0
11:56,103.36,103.39,103.33,103.33,14630.0
11:57,103.39,103.39,103.36,103.36,11821.0
11:58,103.39,103.43,103.38,103.4,42026.0
11:59,103.42,103.42,103.37,103.39,8299.0
12:00,103.38,103.41,103.36,103.41,17577.0
12:01,103.43,103.43,103.38,103.38,8627.0
12:02,103.43,103.44,103.42,103.43,10445.0
12:03,103.46,103.46,103.43,103.43,10146.0
12:04,103.47,103.49,103.46,103.46,18500.0
12:05,103.5,103.5,103.48,103.48,7053.0
12:06,103.5,103.51,103.49,103.5,17679.0
12:07,103.57,103.57,103.5,103.5,21058.0
12:08,103.66,103.68,103.56,103.57,25030.0
12:09,103.64,103.68,103.61,103.66,77854.0
12:10,103.71,103.72,103.64,103.64,17860.0
12:11,103.69,103.71,103.66,103.71,35291.0
12:12,103.68,103.69,103.66,103.69,37554.0
12:13,103.67,103.7,103.64,103.68,20356.0
12:14,103.65,103.68,103.64,103.66,21146.0
12:15,103.61,103.68,103.59,103.67,31011.0
12:16,103.56,103.61,103.55,103.61,9580.0
12:17,103.57,103.6,103.56,103.56,14261.0
12:18,103.61,103.61,103.57,103.57,33323.0
12:19,103.6,103.62,103.58,103.6,11970.0
12:20,103.62,103.62,103.6,103.6,17736.0
12:21,103.62,103.65,103.62,103.62,15234.0
12:22,103.57,103.62,103.56,103.62,24882.0
12:23,103.56,103.6,103.55,103.57,11171.0
12:24,103.56,103.58,103.55,103.56,13874.0
12:25,103.5,103.56,103.49,103.56,12820.0
12:26,103.53,103.54,103.5,103.5,12976.0
12:27,103.5,103.53,103.5,103.53,12994.0
12:28,103.5,103.52,103.5,103.5,8985.0
12:29,103.5,103.5,103.47,103.49,13376.0
12:30,103.52,103.52,103.5,103.5,9136.0
12:31,103.5,103.54,103.5,103.51,12036.0
12:32,103.49,103.51,103.47,103.5,30681.0
12:33,103.46,103.5,103.46,103.48,19725.0
12:34,103.46,103.46,103.45,103.46,7534.0
12:35,103.44,103.46,103.43,103.45,14770.0
12:36,103.4,103.44,103.4,103.44,7995.0
12:37,103.42,103.42,103.39,103.4,11667.0
12:38,103.38,103.43,103.36,103.43,13250.0
12:39,103.37,103.39,103.37,103.37,8372.0
12:40,103.31,103.37,103.31,103.37,22863.0
12:41,103.34,103.36,103.3,103.31,17116.0
12:42,103.32,103.34,103.31,103.34,13092.0
12:43,103.33,103.34,103.32,103.32,10778.0
12:44,103.31,103.33,103.31,103.32,20383.0
12:45,103.36,103.36,103.29,103.31,33960.0
12:46,103.39,103.39,103.34,103.36,15513.0
12:47,103.39,103.39,103.38,103.39,10502.0
12:48,103.4,103.42,103.39,103.41,12955.0
12:49,103.39,103.41,103.39,103.41,11069.0
12:50,103.4,103.42,103.39,103.39,6881.0
12:51,103.45,103.45,103.4,103.41,9385.0
12:52,103.42,103.46,103.39,103.45,40194.0
12:53,103.32,103.42,103.31,103.42,32839.0
12:54,103.35,103.36,103.32,103.32,13954.0
12:55,103.37,103.38,103.35,103.35,12421.0
12:56,103.39,103.39,103.36,103.38,11050.0
12:57,103.32,103.39,103.32,103.39,14819.0
12:58,103.34,103.35,103.31,103.32,59596.0
12:59,103.34,103.35,103.32,103.33,17601.0
13:00,103.35,103.35,103.32,103.35,14233.0
13:01,103.38,103.39,103.33,103.35,22608.0
13:02,103.39,103.39,103.38,103.38,9454.0
13:03,103.39,103.43,103.39,103.39,15891.0
13:04,103.43,103.44,103.39,103.4,10266.0
13:05,103.43,103.44,103.43,103.43,13931.0
13:06,103.44,103.46,103.44,103.44,9415.0
13:07,103.44,103.45,103.42,103.45,13710.0
13:08,103.43,103.44,103.4,103.44,9987.0
13:09,103.4,103.43,103.4,103.43,10232.0
13:10,103.36,103.4,103.36,103.4,13529.0
13:11,103.39,103.4,103.34,103.35,11064.0
13:12,103.4,103.43,103.39,103.39,11080.0
13:13,103.37,103.4,103.37,103.4,13752.0
13:14,103.39,103.39,103.36,103.38,17740.0
13:15,103.36,103.39,103.36,103.39,12664.0
13:16,103.42,103.42,103.36,103.36,11555.0
13:17,103.43,103.43,103.42,103.42,8498.0
13:18,103.46,103.46,103.43,103.43,10831.0
13:19,103.5,103.51,103.46,103.47,14129.0
13:20,103.51,103.53,103.49,103.5,18621.0
13:21,103.58,103.6,103.52,103.52,26083.0
13:22,103.6,103.6,103.57,103.57,9574.0
13:23,103.6,103.6,103.57,103.59,6391.0
13:24,103.61,103.62,103.58,103.6,17357.0
13:25,103.65,103.65,103.61,103.62,7194.0
13:26,103.69,103.69,103.65,103.65,9931.0
13:27,103.69,103.71,103.68,103.69,11039.0
13:28,103.64,103.69,103.64,103.69,15784.0
13:29,103.71,103.72,103.67,103.67,12465.0
13:30,103.76,103.76,103.72,103.72,17697.0
13:31,103.72,103.77,103.72,103.77,18819.0
13:32,103.69,103.72,103.68,103.72,24514.0
13:33,103.68,103.71,103.68,103.7,11100.0
13:34,103.67,103.69,103.65,103.68,11694.0
13:35,103.71,103.71,103.68,103.68,4655.0
13:36,103.67,103.74,103.65,103.71,20244.0
13:37,103.64,103.68,103.63,103.67,18491.0
13:38,103.65,103.67,103.63,103.63,58123.0
13:39,103.72,103.74,103.65,103.65,51492.0
13:40,103.74,103.76,103.71,103.71,22409.0
13:41,103.77,103.77,103.74,103.74,11508.0
13:42,103.79,103.8,103.74,103.76,17455.0
13:43,103.83,103.85,103.79,103.79,42777.0
13:44,103.83,103.85,103.82,103.83,15762.0
13:45,103.83,103.85,103.78,103.83,29466.0
13:46,103.88,103.88,103.84,103.84,12711.0
13:47,103.96,103.96,103.88,103.88,19455.0
13:48,104.0,104.02,103.96,103.96,33871.0
13:49,104.01,104.02,104.0,104.0,12284.0
13:50,104.01,104.03,104.0,104.01,31183.0
13:51,103.97,104.03,103.97,104.02,20046.0
13:52,104.0,104.0,103.97,103.97,10389.0
13:53,103.96,104.0,103.94,104.0,24051.0
13:54,103.94,103.98,103.92,103.96,11534.0
13:55,103.88,103.93,103.88,103.93,21276.0
13:56,103.93,103.95,103.87,103.87,30633.0
13:57,103.93,103.94,103.92,103.93,17050.0
13:58,103.9,103.92,103.88,103.92,14190.0
13:59,103.93,103.94,103.9,103.9,33818.0
14:00,103.91,103.96,103.89,103.94,14010.0
14:01,103.89,103.93,103.88,103.92,21647.0
14:02,103.9,103.92,103.89,103.9,14221.0
14:03,103.9,103.91,103.88,103.89,7111.0
14:04,103.93,103.94,103.91,103.92,16579.0
14:05,103.9,103.93,103.89,103.93,16683.0
14:06,103.91,103.92,103.9,103.9,15738.0
14:07,103.93,103.93,103.89,103.92,12412.0
14:08,103.92,103.93,103.9,103.93,11566.0
14:09,103.92,103.92,103.91,103.92,5452.0
14:10,103.92,103.93,103.89,103.92,9211.0
14:11,103.92,103.93,103.9,103.92,9946.0
14:12,103.92,103.93,103.9,103.92,6511.0
14:13,103.9,103.92,103.89,103.92,9971.0
14:14,103.9,103.92,103.9,103.9,11635.0
14:15,103.92,103.92,103.89,103.9,12596.0
14:16,103.96,103.96,103.93,103.93,12469.0
14:17,103.99,104.03,103.94,103.95,46515.0
14:18,104.04,104.07,103.99,103.99,31451.0
14:19,104.07,104.08,104.04,104.04,27826.0
14:20,104.1,104.1,104.07,104.07,16393.0
14:21,104.04,104.12,104.04,104.09,24773.0
14:22,104.04,104.07,104.04,104.05,13230.0
14:23,104.04,104.06,104.01,104.05,14815.0
14:24,104.04,104.06,104.04,104.04,8791.0
14:25,104.06,104.1,104.04,104.05,27462.0
14:26,104.1,104.1,104.05,104.06,18393.0
14:27,104.04,104.1,104.04,104.1,16002.0
14:28,104.06,104.06,104.03,104.04,19095.0
14:29,104.04,104.07,104.02,104.06,8177.0
14:30,104.08,104.08,104.03,104.04,13024.0
14:31,104.01,104.08,103.99,104.08,82260.0
14:32,103.95,104.01,103.94,104.01,13404.0
14:33,104.0,104.0,103.94,103.96,9558.0
14:34,103.94,104.0,103.93,104.0,16587.0
14:35,103.96,103.96,103.94,103.95,7623.0
14:36,103.94,103.96,103.94,103.96,6454.0
14:37,103.93,103.94,103.91,103.94,12975.0
14:38,103.93,103.93,103.9,103.92,7270.0
14:39,103.91,103.93,103.9,103.93,10804.0
14:40,103.92,103.93,103.9,103.91,11631.0
14:41,103.89,103.92,103.88,103.92,10100.0
14:42,103.86,103.92,103.86,103.89,10535.0
14:43,103.86,103.9,103.86,103.87,10517.0
14:44,103.85,103.9,103.84,103.86,20220.0
14:45,103.84,103.85,103.82,103.85,12835.0
14:46,103.86,103.87,103.82,103.83,10571.0
14:47,103.88,103.89,103.85,103.86,6624.0
14:48,103.88,103.89,103.86,103.89,13758.0
14:49,103.86,103.89,103.85,103.88,15689.0
14:50,103.88,103.89,103.86,103.87,13363.0
14:51,103.83,103.87,103.82,103.87,13898.0
14:52,103.86,103.86,103.83,103.84,6085.0
14:53,103.86,103.88,103.85,103.86,11482.0
14:54,103.89,103.89,103.86,103.86,5549.0
14:55,103.86,103.89,103.86,103.89,10913.0
14:56,103.86,103.86,103.84,103.85,6692.0
14:57,103.86,103.87,103.85,103.86,10599.0
14:58,103.88,103.88,103.85,103.86,11249.0
14:59,103.85,103.88,103.85,103.88,9605.0
15:00,103.89,103.89,103.86,103.86,15327.0
15:01,103.89,103.89,103.88,103.89,11580.0
15:02,103.89,103.91,103.89,103.89,10077.0
15:03,103.89,103.9,103.88,103.89,9753.0
15:04,103.9,103.9,103.89,103.89,9873.0
15:05,103.92,103.92,103.92,103.92,9220.0
15:06,103.93,103.94,103.92,103.92,13989.0
15:07,103.92,103.95,103.91,103.93,10187.0
15:08,103.92,103.93,103.9,103.91,16166.0
15:09,103.93,103.93,103.91,103.92,11987.0
15:10,103.9,103.93,103.89,103.93,8714.0
15:11,103.89,103.9,103.89,103.9,8471.0
15:12,103.9,103.92,103.89,103.89,20361.0
15:13,103.95,103.97,103.9,103.9,24174.0
15:14,103.89,103.94,103.88,103.94,15520.0
15:15,103.87,103.9,103.86,103.89,13305.0
15:16,103.93,103.93,103.86,103.86,15181.0
15:17,103.92,103.93,103.91,103.93,10284.0
15:18,103.89,103.92,103.88,103.92,16367.0
15:19,103.9,103.9,103.89,103.89,9952.0
15:20,103.89,103.92,103.89,103.9,16811.0
15:21,103.93,103.93,103.89,103.9,10848.0
15:22,103.92,103.94,103.91,103.93,12653.0
15:23,103.93,103.93,103.92,103.92,16893.0
15:24,103.97,103.99,103.93,103.93,14720.0
15:25,103.97,103.98,103.96,103.96,14922.0
15:26,103.96,103.99,103.96,103.97,11474.0
15:27,103.96,103.96,103.95,103.96,11666.0
15:28,103.94,103.96,103.94,103.95,17390.0
15:29,103.94,103.95,103.93,103.94,8752.0
15:30,103.95,103.96,103.93,103.94,15733.0
15:31,103.94,103.97,103.94,103.95,15395.0
15:32,103.96,103.96,103.94,103.94,13542.0
15:33,103.96,103.97,103.96,103.96,16062.0
15:34,103.96,103.96,103.95,103.96,14271.0
15:35,103.97,103.99,103.95,103.96,23940.0
15:36,103.97,103.99,103.96,103.97,25998.0
15:37,104.01,104.01,103.95,103.97,32093.0
15:38,104.03,104.03,104.0,104.01,19325.0
15:39,104.06,104.06,104.02,104.03,41222.0
15:40,104.04,104.06,104.03,104.06,17716.0
15:41,104.04,104.06,104.03,104.04,15510.0
15:42,104.08,104.1,104.05,104.05,32152.0
15:43,104.06,104.07,104.05,104.07,16735.0
15:44,104.06,104.06,104.04,104.06,15655.0
15:45,104.07,104.08,104.05,104.06,19304.0
15:46,104.04,104.07,104.04,104.07,12494.0
15:47,104.05,104.06,104.04,104.06,15401.0
15:48,104.06,104.06,104.04,104.05,20677.0
15:49,104.07,104.07,104.02,104.06,38326.0
15:50,104.01,104.11,104.0,104.08,50550.0
15:51,103.96,104.03,103.96,104.01,55014.0
15:52,103.9,103.99,103.9,103.97,28832.0
15:53,103.86,103.91,103.85,103.9,48684.0
15:54,103.92,103.93,103.83,103.86,53184.0
15:55,103.82,103.92,103.82,103.92,70956.0
15:56,103.86,103.88,103.82,103.82,62608.0
15:57,103.9,103.9,103.82,103.85,104666.0
15:58,103.92,103.93,103.87,103.9,133915.0
15:59,103.94,104.04,103.92,103.92,522633.0
