Time,Close,High,Low,Open,Volume
09:30,98.59,98.9,98.56,98.82,312862.0
09:31,98.86,98.9,98.57,98.57,46517.0
09:32,99.13,99.13,98.82,98.86,41623.0
09:33,99.11,99.17,99.07,99.15,14956.0
09:34,98.94,99.11,98.87,99.11,18995.0
09:35,98.71,98.71,98.71,98.71,37301.0
09:36,98.75,98.8,98.64,98.71,31692.0
09:37,98.74,98.76,98.69,98.74,23965.0
09:38,98.79,98.8,98.14,98.73,44307.0
09:39,98.74,98.82,98.71,98.79,26717.0
09:40,98.81,98.84,98.68,98.75,16148.0
09:41,98.67,98.83,98.67,98.8,34564.0
09:42,98.6,98.69,98.59,98.68,36733.0
09:43,98.58,98.6,98.52,98.59,28758.0
09:44,98.6,98.64,98.56,98.59,24706.0
09:45,98.6,98.62,98.56,98.61,35750.0
09:46,98.58,98.66,98.57,98.61,34014.0
09:47,98.68,98.68,98.58,98.59,16307.0
09:48,98.69,98.73,98.64,98.67,28311.0
09:49,98.66,98.69,98.62,98.69,18299.0
09:50,98.68,98.68,98.63,98.66,25701.0
09:51,98.66,98.7,98.62,98.68,23490.0
09:52,98.74,98.75,98.68,98.68,10119.0
09:53,98.68,98.73,98.67,98.73,15129.0
09:54,98.65,98.72,98.63,98.68,20253.0
09:55,98.58,98.64,98.56,98.64,24852.0
09:56,98.62,98.67,98.6,98.6,23680.0
09:57,98.69,98.7,98.64,98.64,10003.0
09:58,98.57,98.68,98.53,98.68,22956.0
09:59,98.52,98.58,98.47,98.57,54739.0
10:00,98.62,98.63,98.51,98.51,19940.0
10:01,98.42,98.63,98.4,98.61,17923.0
10:02,98.38,98.43,98.36,98.42,18455.0
10:03,98.39,98.41,98.37,98.37,11612.0
10:04,98.36,98.39,98.36,98.39,13799.0
10:05,98.28,98.37,98.25,98.37,25195.0
10:06,98.3,98.33,98.27,98.3,30797.0
10:07,98.28,98.34,98.25,98.29,27236.0
10:08,98.38,98.39,98.26,98.28,23281.0
10:09,98.32,98.39,98.32,98.38,14454.0
10:10,98.29,98.33,98.22,98.33,23781.0
10:11,98.21,98.28,98.2,98.28,22736.0
10:12,98.19,98.23,98.17,98.22,19056.0
10:13,98.23,98.23,98.14,98.19,31468.0
10:14,98.26,98.28,98.2,98.23,18536.0
10:15,98.22,98.25,98.18,98.25,21971.0
10:16,98.21,98.23,98.17,98.22,30662.0
10:17,98.17,98.24,98.17,98.21,13984.0
10:18,98.17,98.23,98.15,98.18,36435.0
10:19,98.09,98.16,98.06,98.15,58785.0
10:20,98.07,98.11,98.07,98.09,24437.0
10:21,97.97,98.07,97.96,98.07,41845.0
10:22,98.03,98.03,97.88,97.97,48138.0
10:23,97.99,98.04,97.93,98.03,75144.0
10:24,97.91,98.04,97.9,97.99,39527.0
10:25,97.88,97.92,97.86,97.92,24241.0
10:26,97.82,97.89,97.8,97.87,27048.0
10:27,97.7,97.82,97.67,97.82,52347.0
10:28,97.78,97.79,97.68,97.69,32676.0
10:29,97.77,97.79,97.74,97.78,31594.0
10:30,97.75,97.82,97.74,97.77,37496.0
10:31,97.8,97.85,97.76,97.76,28513.0
10:32,97.73,97.83,97.72,97.8,27395.0
10:33,97.68,97.73,97.66,97.73,33165.0
10:34,97.76,97.79,97.66,97.67,39196.0
10:35,97.77,97.81,97.74,97.75,42626.0
10:36,97.77,97.81,97.71,97.77,49168.0
10:37,97.72,97.8,97.71,97.79,22504.0
10:38,97.77,97.77,97.68,97.71,29101.0
10:39,97.66,97.76,97.62,97.76,48220.0
10:40,97.76,97.76,97.69,97.69,23699.0
10:41,97.76,97.77,97.72,97.76,21094.0
10:42,97.76,97.81,97.75,97.77,35793.0
10:43,97.71,97.75,97.67,97.75,43958.0
10:44,97.71,97.71,97.65,97.71,24894.0
10:45,97.63,97.72,97.61,97.7,36895.0
10:46,97.57,97.62,97.51,97.62,49893.0
10:47,97.55,97.58,97.54,97.57,14475.0
10:48,97.46,97.57,97.46,97.54,34602.0
10:49,97.5,97.5,97.4,97.46,30615.0
10:50,97.35,97.51,97.32,97.5,53489.0
10:51,97.06,97.37,97.01,97.36,182428.0
10:52,96.9,97.05,96.62,97.05,321944.0
10:53,96.68,96.74,96.55,96.6,366340.0
10:54,96.86,96.9,96.68,96.7,91711.0
10:55,97.05,97.08,96.84,96.84,83007.0
10:56,97.17,97.17,97.04,97.04,101374.0
10:57,97.19,97.22,97.09,97.17,67160.0
10:58,97.07,97.2,97.03,97.19,73998.0
10:59,97.19,97.19,97.06,97.08,47542.0
11:00,97.06,97.18,97.03,97.17,40515.0
11:01,97.12,97.12,97.01,97.06,44109.0
11:02,97.2,97.21,97.11,97.11,32506.0
11:03,97.16,97.16,97.05,97.11,52079.0
11:04,97.05,97.16,97.05,97.15,27452.0
11:05,97.12,97.13,97.01,97.04,44637.0
11:06,97.08,97.17,97.06,97.11,46645.0
11:07,96.96,97.11,96.95,97.09,42714.0
11:08,97.05,97.08,96.93,96.96,33108.0
11:09,97.06,97.11,97.06,97.06,27151.0
11:10,97.15,97.18,97.06,97.06,30952.0
11:11,97.09,97.18,97.09,97.15,50392.0
11:12,97.03,97.11,97.01,97.1,32238.0
11:13,97.12,97.13,97.0,97.03,87477.0
11:14,97.15,97.19,97.09,97.11,37422.0
11:15,97.2,97.23,97.12,97.14,95470.0
11:16,97.07,97.22,97.05,97.2,93791.0
11:17,97.17,97.17,97.04,97.08,104864.0
11:18,97.22,97.25,97.18,97.19,47171.0
11:19,97.27,97.28,97.21,97.23,43373.0
11:20,97.38,97.43,97.28,97.28,62974.0
11:21,97.33,97.4,97.32,97.38,56215.0
11:22,97.44,97.46,97.33,97.33,36299.0
11:23,97.41,97.5,97.4,97.44,29267.0
11:24,97.43,97.43,97.37,97.42,55769.0
11:25,97.5,97.53,97.42,97.43,70161.0
11:26,97.5,97.52,97.46,97.5,34513.0
11:27,97.39,97.52,97.38,97.5,58523.0
11:28,97.36,97.4,97.35,97.39,50958.0
11:29,97.39,97.4,97.33,97.36,40937.0
11:30,97.34,97.39,97.34,97.37,27366.0
11:31,97.31,97.39,97.29,97.35,31892.0
11:32,97.31,97.36,97.29,97.32,33488.0
11:33,97.32,97.34,97.29,97.29,35084.0
11:34,97.36,97.38,97.32,97.32,22075.0
11:35,97.32,97.37,97.3,97.37,25080.0
11:36,97.34,97.38,97.28,97.31,19022.0
11:37,97.3,97.35,97.3,97.35,23056.0
11:38,97.25,97.3,97.24,97.3,25879.0
11:39,97.28,97.31,97.25,97.26,17617.0
11:40,97.3,97.31,97.27,97.27,20219.0
11:41,97.3,97.31,97.27,97.3,22462.0
11:42,97.33,97.33,97.29,97.29,17313.0
11:43,97.32,97.36,97.31,97.33,26664.0
11:44,97.32,97.33,97.29,97.32,13076.0
11:45,97.32,97.32,97.28,97.31,15146.0
11:46,97.26,97.32,97.26,97.32,15408.0
11:47,97.25,97.27,97.2,97.26,34856.0
11:48,97.25,97.27,97.21,97.26,28804.0
11:49,97.25,97.27,97.24,97.25,16658.0
11:50,97.3,97.33,97.25,97.25,50273.0
11:51,97.36,97.39,97.32,97.32,44241.0
11:52,97.39,97.41,97.35,97.36,54338.0
11:53,97.34,97.39,97.34,97.39,27254.0
11:54,97.47,97.49,97.35,97.35,25086.0
11:55,97.59,97.6,97.47,97.48,30435.0
11:56,97.56,97.6,97.51,97.59,18234.0
11:57,97.59,97.65,97.57,97.57,31909.0
11:58,97.61,97.61,97.57,97.59,16350.0
11:59,97.6,97.64,97.58,97.63,11663.0
12:00,97.64,97.65,97.59,97.59,15385.0
12:01,97.69,97.71,97.63,97.65,21626.0
12:02,97.71,97.74,97.7,97.7,20276.0
12:03,97.79,97.8,97.7,97.71,60828.0
12:04,97.76,97.82,97.76,97.8,15561.0
12:05,97.66,97.78,97.66,97.76,29590.0
12:06,97.69,97.71,97.61,97.61,30695.0
12:07,97.62,97.7,97.59,97.7,21257.0
12:08,97.64,97.66,97.61,97.63,14320.0
12:09,97.69,97.69,97.61,97.65,18043.0
12:10,97.68,97.69,97.66,97.68,14601.0
12:11,97.68,97.69,97.66,97.68,15068.0
12:12,97.69,97.72,97.66,97.69,17476.0
12:13,97.69,97.72,97.68,97.7,24105.0
12:14,97.71,97.71,97.69,97.7,12535.0
12:15,97.71,97.71,97.69,97.71,9996.0
12:16,97.68,97.71,97.68,97.71,11061.0
12:17,97.71,97.73,97.67,97.67,16449.0
12:18,97.74,97.77,97.71,97.71,22015.0
12:19,97.76,97.78,97.72,97.73,17229.0
12:20,97.81,97.81,97.76,97.76,18917.0
12:21,97.78,97.8,97.78,97.8,12122.0
12:22,97.75,97.79,97.74,97.78,14458.0
12:23,97.78,97.78,97.75,97.76,14476.0
12:24,97.76,97.78,97.74,97.78,11238.0
12:25,97.76,97.79,97.76,97.76,12717.0
12:26,97.78,97.81,97.75,97.76,16761.0
12:27,97.78,97.81,97.78,97.8,11320.0
12:28,97.81,97.81,97.76,97.79,11803.0
12:29,97.78,97.82,97.78,97.8,17537.0
12:30,97.79,97.84,97.78,97.79,31876.0
12:31,97.82,97.83,97.78,97.78,25297.0
12:32,97.77,97.83,97.75,97.82,17525.0
12:33,97.73,97.76,97.72,97.76,11749.0
12:34,97.61,97.73,97.61,97.72,97950.0
12:35,97.54,97.61,97.48,97.61,38259.0
12:36,97.53,97.56,97.52,97.54,12044.0
12:37,97.61,97.63,97.54,97.55,19293.0
12:38,97.65,97.67,97.61,97.61,11660.0
12:39,97.65,97.66,97.6,97.66,6122.0
12:40,97.59,97.63,97.58,97.63,11557.0
12:41,97.59,97.61,97.57,97.58,11985.0
12:42,97.56,97.59,97.56,97.58,11437.0
12:43,97.62,97.63,97.56,97.56,19300.0
12:44,97.61,97.62,97.6,97.61,5846.0
12:45,97.64,97.64,97.61,97.61,11566.0
12:46,97.61,97.64,97.61,97.64,10820.0
12:47,97.62,97.63,97.61,97.61,15471.0
12:48,97.62,97.64,97.61,97.62,14549.0
12:49,97.62,97.63,97.61,97.62,11118.0
12:50,97.66,97.66,97.66,97.66,27963.0
12:51,97.66,97.68,97.65,97.66,8486.0
12:52,97.69,97.69,97.65,97.65,24031.0
12:53,97.71,97.74,97.68,97.69,12192.0
12:54,97.75,97.76,97.71,97.72,15508.0
12:55,97.77,97.8,97.75,97.75,23402.0
12:56,97.71,97.79,97.71,97.79,19561.0
12:57,97.74,97.75,97.69,97.72,18640.0
12:58,97.72,97.75,97.72,97.73,12161.0
12:59,97.75,97.75,97.73,97.73,8747.0
13:00,97.74,97.8,97.73,97.75,13534.0
13:01,97.7,97.74,97.7,97.74,9298.0
13:02,97.69,97.72,97.67,97.7,37073.0
13:03,97.71,97.71,97.68,97.7,12807.0
13:04,97.72,97.74,97.71,97.71,13882.0
13:05,97.71,97.74,97.7,97.73,9416.0
13:06,97.69,97.71,97.68,97.71,11443.0
13:07,97.68,97.71,97.66,97.7,12180.0
13:08,97.69,97.69,97.65,97.68,13906.0
13:09,97.71,97.74,97.7,97.7,15619.0
13:10,97.73,97.73,97.71,97.71,13777.0
13:11,97.78,97.8,97.73,97.74,21919.0
13:12,97.87,97.87,97.77,97.78,21005.0
13:13,97.86,97.89,97.86,97.86,15392.0
13:14,97.88,97.89,97.83,97.85,14308.0
13:15,97.86,97.89,97.86,97.88,10778.0
13:16,97.88,97.88,97.84,97.86,18709.0
13:17,97.87,97.88,97.87,97.88,12748.0
13:18,97.86,97.87,97.85,97.86,12213.0
13:19,97.93,97.93,97.86,97.86,17429.0
13:20,97.93,97.93,97.88,97.93,16697.0
13:21,97.9,97.93,97.9,97.92,8551.0
13:22,97.9,97.96,97.88,97.91,36903.0
13:23,97.97,97.98,97.91,97.91,17628.0
13:24,97.96,97.98,97.95,97.97,12865.0
13:25,97.94,97.98,97.94,97.96,9636.0
13:26,97.9,97.94,97.89,97.93,20128.0
13:27,97.93,97.93,97.91,97.91,9488.0
13:28,97.92,97.92,97.9,97.92,12745.0
13:29,97.93,97.93,97.92,97.92,10589.0
13:30,97.93,97.96,97.93,97.93,17206.0
13:31,97.93,97.93,97.92,97.92,9920.0
13:32,97.9,97.94,97.89,97.93,14706.0
13:33,97.86,97.89,97.86,97.89,11655.0
13:34,97.83,97.88,97.81,97.87,23221.0
13:35,97.85,97.86,97.81,97.82,23011.0
13:36,97.81,97.85,97.8,97.83,9806.0
13:37,97.83,97.85,97.81,97.81,13791.0
13:38,97.82,97.85,97.81,97.84,9496.0
13:39,97.89,97.91,97.81,97.82,37374.0
13:40,97.92,97.92,97.89,97.89,29995.0
13:41,97.84,97.93,97.84,97.91,70318.0
13:42,97.83,97.85,97.82,97.84,24692.0
13:43,97.83,97.86,97.81,97.83,24725.0
13:44,97.81,97.85,97.78,97.83,48555.0
13:45,97.78,97.82,97.78,97.82,10013.0
13:46,97.68,97.78,97.68,97.78,21320.0
13:47,97.69,97.7,97.67,97.67,13330.0
13:48,97.64,97.69,97.62,97.68,14624.0
13:49,97.65,97.67,97.64,97.64,15867.0
13:50,97.61,97.65,97.61,97.65,9919.0
13:51,97.6,97.6,97.56,97.6,30872.0
13:52,97.6,97.61,97.58,97.6,14544.0
13:53,97.59,97.61,97.58,97.6,12742.0
13:54,97.58,97.6,97.57,97.59,13945.0
13:55,97.54,97.6,97.54,97.58,16849.0
13:56,97.6,97.6,97.54,97.55,15519.0
13:57,97.62,97.64,97.61,97.61,32875.0
13:58,97.64,97.64,97.61,97.62,9304.0
13:59,97.64,97.67,97.64,97.64,19975.0
14:00,97.64,97.65,97.61,97.64,14953.0
14:01,97.58,97.63,97.58,97.63,15816.0
14:02,97.58,97.61,97.58,97.59,8527.0
14:03,97.57,97.6,97.57,97.59,19816.0
14:04,97.57,97.59,97.55,97.56,32053.0
14:05,97.56,97.57,97.54,97.57,21772.0
14:06,97.57,97.59,97.54,97.56,14337.0
14:07,97.56,97.58,97.54,97.58,10816.0
14:08,97.56,97.57,97.55,97.56,15365.0
14:09,97.56,97.58,97.56,97.56,8207.0
14:10,97.54,97.57,97.54,97.56,15044.0
14:11,97.59,97.59,97.53,97.54,16580.0
14:12,97.54,97.59,97.53,97.59,20668.0
14:13,97.52,97.59,97.48,97.53,47385.0
14:14,97.51,97.54,97.5,97.52,14355.0
14:15,97.52,97.52,97.49,97.51,17746.0
14:16,97.52,97.53,97.51,97.51,11420.0
14:17,97.55,97.55,97.51,97.51,6650.0
14:18,97.54,97.55,97.53,97.54,10029.0
14:19,97.55,97.55,97.52,97.53,10619.0
14:20,97.53,97.54,97.53,97.54,10983.0
14:21,97.48,97.54,97.45,97.54,21925.0
14:22,97.47,97.49,97.47,97.47,6408.0
14:23,97.51,97.51,97.47,97.47,11598.0
14:24,97.57,97.57,97.5,97.5,12806.0
14:25,97.57,97.57,97.56,97.57,10066.0
14:26,97.54,97.57,97.52,97.56,25129.0
14:27,97.53,97.55,97.52,97.54,12722.0
14:28,97.54,97.55,97.53,97.53,10070.0
14:29,97.49,97.55,97.46,97.54,34118.0
14:30,97.47,97.5,97.47,97.5,13830.0
14:31,97.49,97.49,97.46,97.47,22006.0
14:32,97.48,97.49,97.47,97.49,7026.0
14:33,97.49,97.5,97.47,97.48,11061.0
14:34,97.45,97.49,97.45,97.48,21229.0
14:35,97.49,97.49,97.44,97.45,12309.0
14:36,97.5,97.5,97.49,97.5,10268.0
14:37,97.52,97.54,97.5,97.51,13602.0
14:38,97.5,97.53,97.49,97.53,9016.0
14:39,97.54,97.55,97.51,97.51,12320.0
14:40,97.55,97.56,97.54,97.55,8839.0
14:41,97.49,97.54,97.49,97.54,11013.0
14:42,97.42,97.48,97.42,97.48,11444.0
14:43,97.42,97.43,97.4,97.41,12387.0
14:44,97.38,97.43,97.35,97.42,28365.0
14:45,97.39,97.4,97.38,97.38,8643.0
14:46,97.39,97.4,97.37,97.39,15523.0
14:47,97.4,97.41,97.39,97.4,15544.0
14:48,97.47,97.48,97.39,97.4,35837.0
14:49,97.46,97.48,97.46,97.48,9907.0
14:50,97.49,97.49,97.45,97.46,14485.0
14:51,97.49,97.5,97.49,97.49,12599.0
14:52,97.54,97.54,97.5,97.5,17690.0
14:53,97.47,97.54,97.47,97.54,16552.0
14:54,97.46,97.47,97.44,97.47,15572.0
14:55,97.42,97.46,97.41,97.46,18954.0
14:56,97.41,97.44,97.41,97.42,22326.0
14:57,97.43,97.43,97.39,97.4,22019.0
14:58,97.39,97.44,97.39,97.43,11678.0
14:59,97.4,97.41,97.38,97.39,21254.0
15:00,97.43,97.45,97.4,97.4,29026.0
15:01,97.44,97.44,97.42,97.42,21134.0
15:02,97.46,97.47,97.44,97.44,21933.0
15:03,97.43,97.46,97.42,97.45,17995.0
15:04,97.43,97.43,97.4,97.43,30716.0
15:05,97.45,97.46,97.42,97.43,25054.0
15:06,97.47,97.49,97.44,97.46,20065.0
15:07,97.46,97.47,97.45,97.46,20516.0
15:08,97.47,97.49,97.45,97.46,24099.0
15:09,97.46,97.47,97.44,97.47,12887.0
15:10,97.47,97.49,97.43,97.46,38078.0
15:11,97.44,97.47,97.44,97.47,18606.0
15:12,97.49,97.49,97.44,97.44,22301.0
15:13,97.48,97.5,97.48,97.49,19779.0
15:14,97.5,97.5,97.47,97.48,23134.0
15:15,97.49,97.52,97.47,97.51,24213.0
15:16,97.54,97.54,97.5,97.5,45890.0
15:17,97.53,97.56,97.51,97.55,22400.0
15:18,97.54,97.54,97.5,97.53,25583.0
15:19,97.53,97.54,97.52,97.54,18041.0
15:20,97.58,97.58,97.54,97.54,23026.0
15:21,97.58,97.61,97.58,97.58,46583.0
15:22,97.61,97.63,97.57,97.59,52208.0
15:23,97.59,97.63,97.59,97.61,24029.0
15:24,97.54,97.59,97.54,97.59,18719.0
15:25,97.49,97.54,97.49,97.54,40607.0
15:26,97.43,97.51,97.42,97.5,30209.0
15:27,97.46,97.46,97.43,97.43,29089.0
15:28,97.45,97.46,97.43,97.46,18735.0
15:29,97.43,97.46,97.43,97.45,24969.0
15:30,97.43,97.44,97.38,97.43,52717.0
15:31,97.45,97.45,97.43,97.43,19682.0
15:32,97.44,97.46,97.43,97.46,24041.0
15:33,97.45,97.46,97.44,97.44,28047.0
15:34,97.41,97.45,97.4,97.45,26921.0
15:35,97.35,97.41,97.33,97.41,24403.0
15:36,97.35,97.36,97.34,97.36,22925.0
15:37,97.37,97.37,97.34,97.35,45739.0
15:38,97.35,97.37,97.34,97.37,19609.0
15:39,97.28,97.36,97.24,97.36,64028.0
15:40,97.31,97.31,97.26,97.27,34779.0
15:41,97.31,97.32,97.29,97.31,27617.0
15:42,97.3,97.32,97.29,97.3,38344.0
15:43,97.29,97.31,97.28,97.29,29600.0
15:44,97.21,97.29,97.21,97.29,72035.0
15:45,97.24,97.24,97.18,97.21,56913.0
15:46,97.2,97.26,97.2,97.24,71440.0
15:47,97.25,97.25,97.19,97.2,66563.0
15:48,97.21,97.25,97.19,97.25,37744.0
15:49,97.2,97.23,97.16,97.21,61807.0
15:50,97.21,97.23,97.14,97.21,122257.0
15:51,97.28,97.29,97.19,97.21,78931.0
15:52,97.26,97.33,97.26,97.28,79801.0
15:53,97.25,97.3,97.24,97.25,121724.0
15:54,97.24,97.26,97.22,97.22,163646.0
15:55,97.22,97.28,97.22,97.23,112945.0
15:56,97.24,97.28,97.22,97.22,141661.0
15:57,97.29,97.36,97.24,97.24,183784.0
15:58,97.09,97.31,97.08,97.29,455806.0
15:59,97.09,97.17,97.07,97.1,757745.0
