Time,Close,High,Low,Open,Volume
09:30,97.75,98.0,97.72,97.78,310841.0
09:31,97.54,97.78,97.43,97.75,60897.0
09:32,97.61,97.62,97.51,97.56,21322.0
09:33,97.54,97.61,97.47,97.56,19910.0
09:34,97.47,97.59,97.47,97.55,25128.0
09:35,97.36,97.5,97.34,97.46,41228.0
09:36,97.44,97.53,97.35,97.35,24374.0
09:37,97.5,97.5,97.4,97.44,11329.0
09:38,97.65,97.67,97.53,97.53,29395.0
09:39,97.65,97.79,97.65,97.66,28774.0
09:40,97.68,97.69,97.61,97.66,16116.0
09:41,97.75,97.79,97.67,97.67,43097.0
09:42,97.75,97.79,97.73,97.76,12510.0
09:43,97.79,97.81,97.74,97.76,30179.0
09:44,97.69,97.81,97.69,97.79,32586.0
09:45,97.82,97.83,97.68,97.69,72936.0
09:46,97.8,97.86,97.79,97.82,31017.0
09:47,97.83,97.89,97.8,97.81,30519.0
09:48,97.94,97.97,97.79,97.82,32674.0
09:49,97.96,98.0,97.93,97.94,38241.0
09:50,98.05,98.1,97.91,97.97,72014.0
09:51,97.91,98.06,97.88,98.06,50771.0
09:52,97.92,97.95,97.84,97.91,47818.0
09:53,97.91,97.98,97.89,97.91,30715.0
09:54,98.03,98.05,97.92,97.92,28636.0
09:55,98.08,98.08,98.04,98.04,21085.0
09:56,98.06,98.09,98.05,98.08,21916.0
09:57,98.04,98.09,98.0,98.06,28647.0
09:58,98.04,98.06,98.01,98.04,27560.0
09:59,98.03,98.03,98.02,98.03,26473.0
10:00,98.06,98.09,97.98,98.02,46049.0
10:01,98.02,98.07,97.99,98.07,29979.0
10:02,97.99,98.01,97.96,98.01,13284.0
10:03,97.98,98.01,97.93,97.98,16263.0
10:04,98.02,98.06,97.97,97.98,19638.0
10:05,98.0,98.03,97.99,98.02,15121.0
10:06,97.97,97.99,97.95,97.99,13470.0
10:07,97.99,98.04,97.97,97.98,39163.0
10:08,98.01,98.04,97.98,97.99,17281.0
10:09,97.96,98.0,97.94,98.0,16893.0
10:10,97.96,97.97,97.94,97.95,15799.0
10:11,97.89,97.97,97.88,97.95,24911.0
10:12,97.99,97.99,97.89,97.9,22578.0
10:13,97.96,97.97,97.92,97.97,21758.0
10:14,97.94,97.98,97.94,97.95,10609.0
10:15,97.91,97.94,97.88,97.94,12002.0
10:16,98.03,98.04,97.9,97.9,25438.0
10:17,98.04,98.08,98.0,98.04,41241.0
10:18,98.03,98.04,98.01,98.04,14712.0
10:19,98.04,98.04,97.97,98.03,42212.0
10:20,98.09,98.11,98.03,98.03,40377.0
10:21,98.04,98.1,98.04,98.1,11981.0
10:22,98.09,98.1,98.02,98.04,23880.0
10:23,98.04,98.09,98.04,98.09,16583.0
10:24,98.06,98.06,98.02,98.04,19718.0
10:25,98.04,98.06,98.02,98.05,15298.0
10:26,98.02,98.06,98.01,98.04,18118.0
10:27,98.09,98.09,98.01,98.03,25448.0
10:28,98.07,98.08,98.04,98.08,20102.0
10:29,98.02,98.07,98.01,98.07,15006.0
10:30,97.98,98.07,97.97,98.02,19860.0
10:31,97.98,97.99,97.94,97.98,16845.0
10:32,97.94,97.99,97.94,97.98,18397.0
10:33,97.9,97.96,97.89,97.94,13478.0
10:34,97.94,97.94,97.89,97.9,15729.0
10:35,97.94,97.96,97.93,97.93,15053.0
10:36,97.95,97.96,97.9,97.96,23002.0
10:37,97.94,97.95,97.92,97.95,13289.0
10:38,97.92,97.95,97.88,97.93,22341.0
10:39,97.9,97.92,97.86,97.91,24863.0
10:40,97.89,97.95,97.89,97.9,24386.0
10:41,97.91,97.91,97.88,97.88,10302.0
10:42,97.96,97.96,97.9,97.92,16043.0
10:43,97.94,97.96,97.93,97.96,18037.0
10:44,98.0,98.0,97.94,97.94,15029.0
10:45,97.93,97.99,97.93,97.99,31479.0
10:46,97.91,97.97,97.91,97.94,21988.0
10:47,97.92,97.92,97.89,97.9,9571.0
10:48,97.89,97.92,97.88,97.91,18782.0
10:49,97.92,97.94,97.9,97.9,9625.0
10:50,97.93,97.94,97.9,97.92,13131.0
10:51,97.94,97.95,97.93,97.94,10520.0
10:52,97.96,97.97,97.94,97.95,16238.0
10:53,97.96,97.97,97.94,97.96,23848.0
10:54,97.95,97.97,97.94,97.97,31459.0
10:55,97.96,97.99,97.95,97.95,21800.0
10:56,97.98,98.0,97.95,97.96,16387.0
10:57,97.96,97.98,97.96,97.97,8214.0
10:58,97.98,97.99,97.95,97.96,12889.0
10:59,98.0,98.0,97.98,97.98,27987.0
11:00,97.99,98.02,97.97,97.99,14246.0
11:01,98.0,98.02,97.98,97.99,16866.0
11:02,98.03,98.07,98.0,98.01,25386.0
11:03,98.03,98.03,98.01,98.03,9215.0
11:04,98.05,98.06,98.01,98.02,15856.0
11:05,98.09,98.1,98.05,98.06,16785.0
11:06,98.04,98.12,98.04,98.1,49723.0
11:07,98.03,98.06,98.02,98.06,38727.0
11:08,98.01,98.04,98.01,98.02,19567.0
11:09,98.08,98.08,98.01,98.01,14803.0
11:10,98.11,98.12,98.07,98.08,19878.0
11:11,98.1,98.13,98.09,98.12,30690.0
11:12,98.12,98.12,98.09,98.11,12885.0
11:13,98.1,98.16,98.1,98.12,40310.0
11:14,98.12,98.14,98.1,98.1,20035.0
11:15,98.06,98.12,98.06,98.12,18824.0
11:16,98.11,98.12,98.06,98.06,11000.0
11:17,98.1,98.11,98.07,98.11,19240.0
11:18,98.1,98.11,98.09,98.09,12016.0
11:19,98.08,98.1,98.07,98.09,17522.0
11:20,98.11,98.14,98.08,98.08,26191.0
11:21,98.04,98.11,98.04,98.1,17066.0
11:22,98.11,98.11,98.03,98.05,17449.0
11:23,98.12,98.12,98.08,98.11,27514.0
11:24,98.1,98.11,98.07,98.11,28014.0
11:25,98.1,98.12,98.07,98.09,36589.0
11:26,98.15,98.15,98.1,98.1,22403.0
11:27,98.3,98.3,98.14,98.14,60358.0
11:28,98.37,98.37,98.3,98.3,52474.0
11:29,98.35,98.38,98.34,98.36,19717.0
11:30,98.32,98.37,98.29,98.35,28572.0
11:31,98.27,98.32,98.25,98.31,22610.0
11:32,98.28,98.32,98.23,98.26,24049.0
11:33,98.24,98.3,98.2,98.27,16836.0
11:34,98.22,98.24,98.21,98.24,13747.0
11:35,98.24,98.25,98.21,98.21,20504.0
11:36,98.26,98.27,98.24,98.24,19974.0
11:37,98.29,98.29,98.25,98.26,18144.0
11:38,98.23,98.3,98.22,98.3,12379.0
11:39,98.19,98.25,98.18,98.24,16446.0
11:40,98.22,98.23,98.18,98.21,10438.0
11:41,98.25,98.26,98.22,98.23,13042.0
11:42,98.3,98.3,98.26,98.26,14521.0
11:43,98.32,98.33,98.28,98.3,23870.0
11:44,98.29,98.32,98.28,98.31,22604.0
11:45,98.3,98.32,98.26,98.3,18012.0
11:46,98.25,98.3,98.23,98.29,23631.0
11:47,98.24,98.27,98.23,98.26,18700.0
11:48,98.26,98.28,98.22,98.23,16470.0
11:49,98.26,98.29,98.24,98.26,21491.0
11:50,98.32,98.34,98.25,98.26,17531.0
11:51,98.32,98.36,98.31,98.32,24391.0
11:52,98.28,98.33,98.28,98.31,23275.0
11:53,98.28,98.29,98.26,98.29,23162.0
11:54,98.28,98.28,98.24,98.28,25133.0
11:55,98.22,98.28,98.22,98.27,23115.0
11:56,98.22,98.24,98.21,98.22,38599.0
11:57,98.26,98.29,98.22,98.23,24155.0
11:58,98.31,98.31,98.26,98.26,18525.0
11:59,98.29,98.32,98.26,98.31,25749.0
12:00,98.23,98.31,98.21,98.28,23383.0
12:01,98.24,98.24,98.2,98.21,18055.0
12:02,98.21,98.24,98.17,98.24,17811.0
12:03,98.18,98.21,98.16,98.2,28587.0
12:04,98.24,98.25,98.2,98.2,26634.0
12:05,98.27,98.28,98.23,98.25,20743.0
12:06,98.24,98.29,98.24,98.28,19609.0
12:07,98.26,98.27,98.23,98.24,20914.0
12:08,98.26,98.28,98.25,98.26,14703.0
12:09,98.26,98.28,98.25,98.27,17219.0
12:10,98.2,98.25,98.18,98.25,24303.0
12:11,98.14,98.21,98.12,98.19,30010.0
12:12,98.21,98.21,98.13,98.14,14379.0
12:13,98.22,98.27,98.21,98.21,19436.0
12:14,98.21,98.23,98.19,98.23,8682.0
12:15,98.2,98.21,98.19,98.2,22276.0
12:16,98.2,98.23,98.18,98.19,17674.0
12:17,98.21,98.22,98.2,98.2,12633.0
12:18,98.2,98.22,98.17,98.22,27305.0
12:19,98.24,98.25,98.19,98.19,28052.0
12:20,98.21,98.25,98.2,98.24,17632.0
12:21,98.21,98.23,98.2,98.21,12007.0
12:22,98.21,98.23,98.21,98.21,10425.0
12:23,98.19,98.21,98.18,98.21,11068.0
12:24,98.2,98.21,98.17,98.18,15384.0
12:25,98.18,98.21,98.18,98.21,12789.0
12:26,98.21,98.21,98.18,98.18,10539.0
12:27,98.18,98.21,98.18,98.2,18974.0
12:28,98.21,98.23,98.18,98.18,29124.0
12:29,98.22,98.24,98.2,98.21,19215.0
12:30,98.19,98.23,98.19,98.23,10078.0
12:31,98.14,98.2,98.14,98.2,15339.0
12:32,98.15,98.15,98.13,98.14,14213.0
12:33,98.11,98.14,98.11,98.14,8821.0
12:34,98.11,98.13,98.1,98.1,23171.0
12:35,98.14,98.15,98.12,98.12,8882.0
12:36,98.14,98.14,98.11,98.12,5988.0
12:37,98.18,98.18,98.12,98.13,19546.0
12:38,98.18,98.2,98.17,98.17,11442.0
12:39,98.24,98.25,98.2,98.2,12310.0
12:40,98.27,98.28,98.25,98.25,12173.0
12:41,98.29,98.29,98.26,98.26,7510.0
12:42,98.32,98.35,98.26,98.28,47576.0
12:43,98.32,98.35,98.31,98.32,19257.0
12:44,98.39,98.39,98.32,98.32,49859.0
12:45,98.37,98.38,98.35,98.38,59054.0
12:46,98.44,98.46,98.37,98.38,34977.0
12:47,98.45,98.46,98.43,98.44,14543.0
12:48,98.45,98.47,98.44,98.44,16560.0
12:49,98.44,98.46,98.43,98.45,16130.0
12:50,98.46,98.47,98.43,98.45,16324.0
12:51,98.46,98.47,98.44,98.46,10891.0
12:52,98.46,98.48,98.46,98.46,13523.0
12:53,98.46,98.47,98.45,98.46,7189.0
12:54,98.46,98.48,98.45,98.46,11319.0
12:55,98.46,98.48,98.45,98.47,11129.0
12:56,98.49,98.49,98.46,98.46,67676.0
12:57,98.51,98.53,98.47,98.48,75081.0
12:58,98.53,98.54,98.51,98.51,34780.0
12:59,98.53,98.54,98.51,98.52,16946.0
13:00,98.5,98.53,98.5,98.53,35495.0
13:01,98.51,98.53,98.5,98.5,25445.0
13:02,98.54,98.56,98.51,98.51,29328.0
13:03,98.55,98.56,98.54,98.55,17786.0
13:04,98.56,98.56,98.54,98.54,20499.0
13:05,98.51,98.55,98.51,98.55,25695.0
13:06,98.53,98.54,98.51,98.52,31393.0
13:07,98.58,98.58,98.53,98.53,23067.0
13:08,98.57,98.59,98.55,98.57,14539.0
13:09,98.57,98.58,98.56,98.57,19237.0
13:10,98.58,98.58,98.57,98.57,6303.0
13:11,98.59,98.61,98.58,98.58,48793.0
13:12,98.58,98.59,98.54,98.58,18977.0
13:13,98.59,98.6,98.57,98.57,10232.0
13:14,98.61,98.62,98.58,98.59,26532.0
13:15,98.58,98.64,98.58,98.61,39362.0
13:16,98.6,98.6,98.59,98.59,6712.0
13:17,98.66,98.67,98.6,98.6,28777.0
13:18,98.6,98.66,98.6,98.65,56242.0
13:19,98.59,98.61,98.58,98.59,14862.0
13:20,98.6,98.61,98.59,98.6,12781.0
13:21,98.57,98.6,98.56,98.6,25084.0
13:22,98.58,98.59,98.57,98.57,6472.0
13:23,98.6,98.6,98.54,98.58,28343.0
13:24,98.58,98.62,98.58,98.6,47034.0
13:25,98.59,98.61,98.58,98.59,31125.0
13:26,98.63,98.65,98.58,98.59,31586.0
13:27,98.66,98.68,98.62,98.63,66397.0
13:28,98.68,98.72,98.65,98.67,22159.0
13:29,98.68,98.69,98.66,98.68,12509.0
13:30,98.67,98.69,98.66,98.68,26506.0
13:31,98.67,98.69,98.66,98.67,11279.0
13:32,98.68,98.68,98.64,98.66,16680.0
13:33,98.65,98.68,98.65,98.68,9743.0
13:34,98.64,98.66,98.62,98.65,18866.0
13:35,98.65,98.66,98.61,98.64,17138.0
13:36,98.61,98.67,98.6,98.66,23484.0
13:37,98.6,98.62,98.59,98.61,16667.0
13:38,98.6,98.61,98.56,98.61,25884.0
13:39,98.54,98.6,98.52,98.6,32393.0
13:40,98.49,98.54,98.48,98.53,20958.0
13:41,98.4,98.49,98.38,98.49,24418.0
13:42,98.34,98.39,98.33,98.39,21552.0
13:43,98.34,98.34,98.28,98.34,14742.0
13:44,98.39,98.39,98.31,98.33,16494.0
13:45,98.31,98.38,98.31,98.38,12703.0
13:46,98.31,98.32,98.29,98.32,13016.0
13:47,98.29,98.32,98.29,98.31,23332.0
13:48,98.24,98.29,98.24,98.29,15631.0
13:49,98.19,98.25,98.17,98.25,28238.0
13:50,98.12,98.2,98.11,98.2,27974.0
13:51,98.14,98.15,98.11,98.11,22373.0
13:52,98.15,98.15,98.13,98.14,23173.0
13:53,98.14,98.15,98.1,98.15,23955.0
13:54,98.16,98.18,98.13,98.14,18633.0
13:55,98.13,98.17,98.13,98.16,14392.0
13:56,98.16,98.16,98.13,98.14,14512.0
13:57,98.14,98.18,98.14,98.16,10905.0
13:58,98.13,98.16,98.12,98.13,21282.0
13:59,98.14,98.14,98.12,98.14,6806.0
14:00,98.16,98.16,98.13,98.14,22407.0
14:01,98.14,98.17,98.14,98.15,16137.0
14:02,98.13,98.14,98.12,98.14,14494.0
14:03,98.07,98.13,98.07,98.12,15895.0
14:04,98.07,98.08,98.07,98.08,24111.0
14:05,98.04,98.08,98.02,98.07,33867.0
14:06,98.07,98.07,98.01,98.04,17534.0
14:07,98.1,98.1,98.07,98.07,7961.0
14:08,98.12,98.12,98.09,98.1,16335.0
14:09,98.06,98.12,98.06,98.11,9785.0
14:10,98.08,98.08,98.05,98.07,11462.0
14:11,98.11,98.15,98.08,98.08,30743.0
14:12,98.08,98.13,98.07,98.1,30416.0
14:13,98.07,98.08,98.07,98.07,5350.0
14:14,98.07,98.09,98.06,98.06,9532.0
14:15,98.07,98.08,98.06,98.07,8035.0
14:16,98.08,98.09,98.03,98.07,28848.0
14:17,98.09,98.09,98.05,98.08,14603.0
14:18,98.06,98.08,98.04,98.08,9581.0
14:19,98.08,98.09,98.06,98.07,6536.0
14:20,98.07,98.08,98.07,98.08,7686.0
14:21,98.06,98.07,98.04,98.07,18933.0
14:22,98.07,98.07,98.06,98.06,6620.0
14:23,98.06,98.07,98.06,98.07,9076.0
14:24,98.05,98.07,98.04,98.06,25057.0
14:25,98.07,98.08,98.04,98.05,16905.0
14:26,98.08,98.1,98.07,98.07,7145.0
14:27,98.07,98.08,98.06,98.08,17108.0
14:28,98.07,98.1,98.07,98.08,10904.0
14:29,98.06,98.08,98.06,98.07,5902.0
14:30,98.07,98.07,98.05,98.07,13772.0
14:31,98.07,98.08,98.05,98.06,16779.0
14:32,98.07,98.11,98.06,98.07,19747.0
14:33,98.03,98.07,98.03,98.07,11779.0
14:34,98.01,98.05,98.0,98.04,18810.0
14:35,97.99,98.02,97.95,98.01,28502.0
14:36,97.97,97.99,97.97,97.99,13033.0
14:37,97.93,97.98,97.88,97.98,92165.0
14:38,97.96,97.96,97.92,97.93,19212.0
14:39,97.95,97.96,97.94,97.96,18088.0
14:40,97.96,97.96,97.94,97.94,25935.0
14:41,97.96,97.97,97.92,97.96,58339.0
14:42,97.99,97.99,97.96,97.96,11476.0
14:43,98.03,98.06,97.99,97.99,20589.0
14:44,98.04,98.04,98.03,98.03,5519.0
14:45,98.04,98.05,98.03,98.04,16070.0
14:46,98.06,98.06,98.03,98.03,12695.0
14:47,98.07,98.07,98.04,98.06,6302.0
14:48,98.08,98.09,98.07,98.07,12613.0
14:49,98.07,98.08,98.06,98.08,25080.0
14:50,98.07,98.07,98.06,98.07,10700.0
14:51,98.08,98.08,98.06,98.07,24305.0
14:52,98.11,98.12,98.08,98.09,14792.0
14:53,98.08,98.11,98.07,98.11,8757.0
14:54,98.08,98.08,98.07,98.08,11167.0
14:55,98.11,98.11,98.08,98.08,18107.0
14:56,98.08,98.11,98.08,98.11,24231.0
14:57,98.11,98.12,98.08,98.08,27067.0
14:58,98.09,98.11,98.08,98.1,14129.0
14:59,98.09,98.13,98.08,98.08,20733.0
15:00,98.09,98.11,98.09,98.1,13233.0
15:01,98.12,98.13,98.09,98.1,9083.0
15:02,98.24,98.25,98.12,98.12,40428.0
15:03,98.21,98.25,98.18,98.24,23118.0
15:04,98.18,98.23,98.17,98.21,14912.0
15:05,98.21,98.23,98.18,98.18,18166.0
15:06,98.08,98.21,98.07,98.21,43262.0
15:07,98.09,98.09,98.06,98.09,29460.0
15:08,98.1,98.12,98.07,98.07,12151.0
15:09,98.11,98.14,98.09,98.11,26121.0
15:10,98.11,98.11,98.09,98.11,20189.0
15:11,98.12,98.13,98.07,98.11,40602.0
15:12,98.18,98.19,98.12,98.12,37509.0
15:13,98.2,98.21,98.17,98.18,16407.0
15:14,98.21,98.21,98.17,98.21,17149.0
15:15,98.21,98.22,98.2,98.21,11287.0
15:16,98.28,98.28,98.22,98.23,36480.0
15:17,98.28,98.3,98.27,98.27,21243.0
15:18,98.32,98.32,98.27,98.27,26348.0
15:19,98.29,98.32,98.28,98.32,28067.0
15:20,98.28,98.3,98.26,98.29,40942.0
15:21,98.29,98.29,98.26,98.28,22231.0
15:22,98.29,98.29,98.26,98.29,16822.0
15:23,98.26,98.29,98.26,98.29,13152.0
15:24,98.24,98.28,98.24,98.26,23716.0
15:25,98.32,98.32,98.23,98.24,44836.0
15:26,98.32,98.34,98.28,98.29,58754.0
15:27,98.32,98.35,98.32,98.33,72673.0
15:28,98.34,98.35,98.32,98.33,26511.0
15:29,98.34,98.36,98.34,98.34,41223.0
15:30,98.4,98.42,98.34,98.35,65267.0
15:31,98.39,98.45,98.39,98.4,45789.0
15:32,98.36,98.4,98.29,98.39,54270.0
15:33,98.36,98.36,98.35,98.36,16401.0
15:34,98.36,98.4,98.35,98.37,53966.0
15:35,98.31,98.37,98.29,98.36,47963.0
15:36,98.32,98.32,98.28,98.31,33511.0
15:37,98.35,98.36,98.32,98.32,17484.0
15:38,98.33,98.36,98.32,98.35,39761.0
15:39,98.29,98.35,98.29,98.33,36362.0
15:40,98.3,98.3,98.27,98.29,21870.0
15:41,98.32,98.33,98.29,98.3,31325.0
15:42,98.28,98.32,98.27,98.31,22229.0
15:43,98.28,98.29,98.26,98.28,29944.0
15:44,98.25,98.29,98.24,98.28,33238.0
15:45,98.34,98.34,98.24,98.25,30601.0
15:46,98.4,98.42,98.34,98.34,50090.0
15:47,98.43,98.43,98.39,98.4,62727.0
15:48,98.4,98.44,98.4,98.44,50653.0
15:49,98.38,98.4,98.37,98.4,65689.0
15:50,98.43,98.44,98.34,98.37,78819.0
15:51,98.47,98.47,98.42,98.43,61597.0
15:52,98.47,98.51,98.47,98.47,67784.0
15:53,98.47,98.49,98.47,98.47,63767.0
15:54,98.4,98.47,98.4,98.47,59211.0
15:55,98.43,98.46,98.4,98.41,89086.0
15:56,98.4,98.44,98.4,98.44,104418.0
15:57,98.4,98.42,98.36,98.4,109877.0
15:58,98.38,98.43,98.38,98.4,172783.0
15:59,98.36,98.39,98.31,98.38,534014.0
