Time,Close,High,Low,Open,Volume
09:30,99.65,99.77,99.55,99.67,293572.0
09:31,99.75,99.82,99.61,99.66,27354.0
09:32,100.08,100.17,99.65,99.74,274203.0
09:33,100.14,100.2,100.03,100.1,123347.0
09:34,100.34,100.38,100.11,100.14,126291.0
09:35,100.17,100.41,100.17,100.34,80528.0
09:36,100.2,100.26,100.11,100.18,34967.0
09:37,100.23,100.24,100.13,100.21,31660.0
09:38,100.43,100.44,100.25,100.25,84588.0
09:39,100.28,100.47,100.26,100.43,49910.0
09:40,100.29,100.32,100.21,100.28,21947.0
09:41,100.21,100.35,100.18,100.3,46965.0
09:42,100.07,100.21,100.01,100.2,40184.0
09:43,100.09,100.15,100.05,100.07,51918.0
09:44,100.05,100.16,100.02,100.1,63244.0
09:45,100.15,100.23,100.06,100.06,44475.0
09:46,100.15,100.24,100.11,100.13,56582.0
09:47,100.19,100.24,100.12,100.14,39700.0
09:48,100.19,100.23,100.17,100.19,48473.0
09:49,100.08,100.21,100.06,100.19,56499.0
09:50,100.13,100.15,100.04,100.08,66418.0
09:51,100.09,100.21,100.09,100.14,57263.0
09:52,100.02,100.12,100.01,100.09,64242.0
09:53,100.0,100.06,99.95,100.01,64448.0
09:54,99.92,100.01,99.89,100.0,43872.0
09:55,99.83,99.94,99.79,99.92,35336.0
09:56,99.74,99.82,99.74,99.81,35100.0
09:57,99.7,99.74,99.69,99.73,32138.0
09:58,99.62,99.71,99.62,99.71,24525.0
09:59,99.57,99.63,99.5,99.63,41151.0
10:00,99.38,99.54,99.34,99.54,107233.0
10:01,99.39,99.51,99.37,99.39,69103.0
10:02,99.36,99.42,99.33,99.39,77027.0
10:03,99.23,99.36,99.21,99.36,65723.0
10:04,99.21,99.27,99.16,99.24,36198.0
10:05,99.12,99.22,99.08,99.22,54356.0
10:06,99.24,99.24,99.09,99.13,32009.0
10:07,99.21,99.27,99.21,99.25,24184.0
10:08,99.18,99.23,99.12,99.21,27760.0
10:09,99.23,99.27,99.18,99.2,17370.0
10:10,99.17,99.24,99.16,99.22,34081.0
10:11,99.07,99.17,99.0,99.17,61451.0
10:12,99.06,99.08,98.99,99.08,27865.0
10:13,99.11,99.13,99.02,99.08,28489.0
10:14,99.07,99.15,99.04,99.12,26309.0
10:15,99.01,99.11,99.01,99.05,27994.0
10:16,99.01,99.03,98.97,99.03,35343.0
10:17,98.92,99.03,98.91,99.01,90798.0
10:18,98.97,98.99,98.92,98.93,32447.0
10:19,99.05,99.07,98.95,98.95,22629.0
10:20,99.15,99.16,99.01,99.04,33959.0
10:21,99.15,99.15,99.04,99.14,61061.0
10:22,99.14,99.18,99.13,99.17,21167.0
10:23,99.18,99.19,99.11,99.15,26175.0
10:24,99.12,99.17,99.09,99.16,28054.0
10:25,99.14,99.16,99.11,99.12,16632.0
10:26,99.12,99.14,99.08,99.14,28482.0
10:27,99.03,99.14,99.0,99.12,51117.0
10:28,99.12,99.12,98.98,99.03,32660.0
10:29,99.17,99.17,99.09,99.11,22080.0
10:30,99.18,99.18,99.05,99.16,32529.0
10:31,99.1,99.21,99.08,99.18,32510.0
10:32,99.21,99.22,99.08,99.09,33704.0
10:33,99.29,99.29,99.21,99.21,34082.0
10:34,99.32,99.34,99.26,99.29,24961.0
10:35,99.38,99.4,99.32,99.32,27890.0
10:36,99.4,99.4,99.31,99.37,19224.0
10:37,99.49,99.5,99.42,99.42,24239.0
10:38,99.54,99.57,99.49,99.49,26304.0
10:39,99.56,99.58,99.52,99.55,77002.0
10:40,99.58,99.61,99.56,99.56,18204.0
10:41,99.58,99.6,99.55,99.58,20565.0
10:42,99.5,99.57,99.43,99.57,43712.0
10:43,99.53,99.56,99.47,99.5,19716.0
10:44,99.54,99.54,99.49,99.53,12528.0
10:45,99.61,99.62,99.5,99.53,18464.0
10:46,99.62,99.62,99.6,99.61,1.0
10:47,99.74,99.74,99.63,99.63,37897.0
10:48,99.73,99.73,99.67,99.73,21853.0
10:49,99.75,99.77,99.7,99.72,42772.0
10:50,99.72,99.77,99.71,99.75,25187.0
10:51,99.78,99.82,99.71,99.71,27702.0
10:52,99.76,99.79,99.73,99.78,19180.0
10:53,99.71,99.76,99.69,99.76,19572.0
10:54,99.69,99.72,99.67,99.7,17794.0
10:55,99.68,99.74,99.67,99.7,28745.0
10:56,99.63,99.68,99.63,99.66,14612.0
10:57,99.64,99.66,99.61,99.64,13346.0
10:58,99.63,99.66,99.61,99.63,28078.0
10:59,99.62,99.65,99.61,99.61,42809.0
11:00,99.59,99.65,99.59,99.62,24121.0
11:01,99.63,99.63,99.56,99.59,25275.0
11:02,99.64,99.66,99.6,99.62,19274.0
11:03,99.61,99.64,99.59,99.64,15168.0
11:04,99.65,99.67,99.62,99.62,22464.0
11:05,99.68,99.68,99.62,99.65,21996.0
11:06,99.74,99.75,99.67,99.67,22130.0
11:07,99.8,99.8,99.73,99.75,14612.0
11:08,99.76,99.82,99.75,99.8,17645.0
11:09,99.76,99.82,99.76,99.76,18160.0
11:10,99.79,99.8,99.74,99.77,20737.0
11:11,99.78,99.83,99.78,99.8,16145.0
11:12,99.82,99.82,99.73,99.78,45423.0
11:13,99.85,99.86,99.81,99.82,25964.0
11:14,99.8,99.86,99.8,99.85,37928.0
11:15,99.82,99.86,99.78,99.81,22458.0
11:16,99.79,99.83,99.79,99.83,26067.0
11:17,99.75,99.79,99.74,99.79,24549.0
11:18,99.79,99.79,99.71,99.76,14831.0
11:19,99.79,99.82,99.78,99.79,29652.0
11:20,99.92,99.94,99.79,99.79,37713.0
11:21,99.9,99.94,99.89,99.92,20613.0
11:22,99.94,99.98,99.9,99.9,19446.0
11:23,99.99,100.01,99.92,99.93,49744.0
11:24,99.97,100.0,99.94,99.99,41016.0
11:25,99.98,99.99,99.96,99.97,19221.0
11:26,100.04,100.04,99.96,99.99,15275.0
11:27,99.99,100.04,99.96,100.03,23027.0
11:28,100.03,100.05,99.99,100.01,25232.0
11:29,99.94,100.04,99.91,100.03,19316.0
11:30,99.86,99.95,99.86,99.94,24000.0
11:31,99.93,99.94,99.86,99.86,33751.0
11:32,99.9,99.95,99.89,99.94,15710.0
11:33,99.89,99.9,99.86,99.89,14541.0
11:34,99.8,99.89,99.8,99.89,20310.0
11:35,99.77,99.8,99.74,99.8,16368.0
11:36,99.81,99.81,99.76,99.78,15152.0
11:37,99.77,99.82,99.77,99.82,11012.0
11:38,99.81,99.83,99.75,99.76,26465.0
11:39,99.79,99.82,99.76,99.81,15010.0
11:40,99.81,99.82,99.77,99.78,16644.0
11:41,99.78,99.8,99.76,99.8,18413.0
11:42,99.82,99.84,99.78,99.78,15451.0
11:43,99.82,99.87,99.81,99.81,19175.0
11:44,99.83,99.83,99.81,99.82,10447.0
11:45,99.79,99.84,99.78,99.83,15200.0
11:46,99.76,99.79,99.75,99.79,16978.0
11:47,99.82,99.82,99.75,99.77,9973.0
11:48,99.8,99.83,99.8,99.82,15899.0
11:49,99.76,99.82,99.75,99.81,19236.0
11:50,99.72,99.76,99.71,99.75,12290.0
11:51,99.65,99.73,99.65,99.72,22787.0
11:52,99.61,99.66,99.6,99.65,21010.0
11:53,99.63,99.63,99.57,99.6,29759.0
11:54,99.61,99.67,99.61,99.64,11267.0
11:55,99.6,99.65,99.6,99.61,23523.0
11:56,99.61,99.65,99.61,99.61,12724.0
11:57,99.63,99.63,99.57,99.61,12315.0
11:58,99.62,99.65,99.61,99.63,14474.0
11:59,99.58,99.64,99.58,99.62,19228.0
12:00,99.54,99.58,99.54,99.58,17379.0
12:01,99.54,99.57,99.53,99.54,14046.0
12:02,99.47,99.54,99.47,99.54,29585.0
12:03,99.43,99.47,99.42,99.47,14275.0
12:04,99.42,99.44,99.41,99.43,23597.0
12:05,99.46,99.46,99.41,99.42,14478.0
12:06,99.47,99.47,99.4,99.46,18273.0
12:07,99.48,99.48,99.42,99.45,20357.0
12:08,99.49,99.49,99.44,99.44,22441.0
12:09,99.39,99.5,99.39,99.5,29513.0
12:10,99.39,99.41,99.38,99.39,8259.0
12:11,99.36,99.39,99.33,99.39,24788.0
12:12,99.38,99.38,99.29,99.35,42480.0
12:13,99.36,99.39,99.35,99.38,20573.0
12:14,99.38,99.39,99.35,99.36,18910.0
12:15,99.42,99.44,99.37,99.38,11980.0
12:16,99.39,99.43,99.38,99.43,10601.0
12:17,99.35,99.38,99.33,99.38,10623.0
12:18,99.4,99.4,99.34,99.34,16760.0
12:19,99.42,99.44,99.39,99.4,15085.0
12:20,99.4,99.42,99.39,99.42,13144.0
12:21,99.42,99.44,99.39,99.4,18174.0
12:22,99.43,99.45,99.42,99.43,12029.0
12:23,99.45,99.45,99.42,99.43,11974.0
12:24,99.42,99.46,99.41,99.45,16732.0
12:25,99.41,99.42,99.37,99.42,23647.0
12:26,99.4,99.43,99.4,99.41,15557.0
12:27,99.4,99.42,99.4,99.4,6833.0
12:28,99.4,99.42,99.39,99.4,11312.0
12:29,99.42,99.43,99.4,99.4,8108.0
12:30,99.44,99.48,99.41,99.41,22146.0
12:31,99.44,99.45,99.42,99.43,11457.0
12:32,99.43,99.46,99.43,99.45,14037.0
12:33,99.47,99.47,99.42,99.42,12467.0
12:34,99.42,99.47,99.41,99.47,9964.0
12:35,99.44,99.44,99.42,99.42,8456.0
12:36,99.45,99.46,99.43,99.44,14769.0
12:37,99.47,99.48,99.45,99.45,16495.0
12:38,99.42,99.48,99.41,99.48,10889.0
12:39,99.42,99.44,99.41,99.41,13033.0
12:40,99.38,99.42,99.38,99.42,12749.0
12:41,99.42,99.43,99.38,99.38,16519.0
12:42,99.41,99.45,99.41,99.43,11230.0
12:43,99.4,99.43,99.4,99.41,11611.0
12:44,99.38,99.42,99.37,99.4,11829.0
12:45,99.37,99.38,99.35,99.37,11969.0
12:46,99.38,99.39,99.35,99.36,12608.0
12:47,99.35,99.39,99.35,99.38,9613.0
12:48,99.37,99.38,99.36,99.36,5394.0
12:49,99.4,99.41,99.38,99.38,10495.0
12:50,99.39,99.4,99.39,99.4,8642.0
12:51,99.43,99.43,99.39,99.39,12675.0
12:52,99.49,99.5,99.43,99.43,14468.0
12:53,99.45,99.49,99.44,99.49,12352.0
12:54,99.5,99.5,99.45,99.45,8976.0
12:55,99.49,99.51,99.48,99.5,16341.0
12:56,99.48,99.5,99.48,99.49,7164.0
12:57,99.47,99.5,99.47,99.49,10178.0
12:58,99.51,99.51,99.46,99.47,34375.0
12:59,99.53,99.56,99.5,99.5,24697.0
13:00,99.53,99.53,99.51,99.52,6348.0
13:01,99.5,99.53,99.5,99.53,14235.0
13:02,99.54,99.54,99.5,99.5,12374.0
13:03,99.52,99.54,99.51,99.54,12014.0
13:04,99.51,99.52,99.5,99.52,4193.0
13:05,99.53,99.54,99.51,99.51,11194.0
13:06,99.51,99.53,99.5,99.52,9728.0
13:07,99.55,99.55,99.52,99.52,7770.0
13:08,99.51,99.54,99.49,99.54,11197.0
13:09,99.5,99.54,99.5,99.5,10618.0
13:10,99.54,99.55,99.49,99.5,15450.0
13:11,99.5,99.53,99.48,99.53,18496.0
13:12,99.49,99.5,99.49,99.49,8469.0
13:13,99.53,99.53,99.49,99.5,6194.0
13:14,99.54,99.55,99.52,99.54,11474.0
13:15,99.53,99.54,99.5,99.54,5056.0
13:16,99.51,99.53,99.5,99.53,8411.0
13:17,99.53,99.53,99.5,99.5,6153.0
13:18,99.56,99.57,99.5,99.52,13014.0
13:19,99.57,99.57,99.54,99.55,12414.0
13:20,99.55,99.57,99.55,99.57,9241.0
13:21,99.54,99.56,99.54,99.56,6936.0
13:22,99.51,99.54,99.51,99.54,8560.0
13:23,99.5,99.53,99.49,99.51,10879.0
13:24,99.51,99.51,99.47,99.5,10296.0
13:25,99.56,99.57,99.5,99.51,12271.0
13:26,99.54,99.56,99.54,99.54,7262.0
13:27,99.56,99.57,99.54,99.54,9757.0
13:28,99.58,99.58,99.55,99.56,9132.0
13:29,99.55,99.59,99.55,99.58,12612.0
13:30,99.58,99.58,99.56,99.56,5922.0
13:31,99.55,99.58,99.55,99.58,5403.0
13:32,99.54,99.56,99.54,99.56,7627.0
13:33,99.54,99.55,99.54,99.54,7962.0
13:34,99.53,99.54,99.53,99.54,13877.0
13:35,99.56,99.56,99.52,99.53,7766.0
13:36,99.58,99.58,99.55,99.56,15051.0
13:37,99.61,99.61,99.56,99.58,15662.0
13:38,99.61,99.62,99.6,99.61,15888.0
13:39,99.62,99.62,99.61,99.61,7764.0
13:40,99.57,99.62,99.57,99.61,15430.0
13:41,99.54,99.57,99.53,99.57,8323.0
13:42,99.54,99.55,99.54,99.54,5275.0
13:43,99.57,99.57,99.53,99.54,9563.0
13:44,99.54,99.59,99.54,99.57,9823.0
13:45,99.54,99.54,99.51,99.54,29182.0
13:46,99.54,99.54,99.52,99.53,11827.0
13:47,99.54,99.55,99.52,99.53,11735.0
13:48,99.53,99.54,99.52,99.54,11762.0
13:49,99.52,99.53,99.48,99.53,14094.0
13:50,99.51,99.53,99.51,99.52,5578.0
13:51,99.51,99.52,99.51,99.51,5285.0
13:52,99.51,99.53,99.51,99.52,9121.0
13:53,99.52,99.53,99.49,99.51,15720.0
13:54,99.51,99.54,99.51,99.53,65542.0
13:55,99.54,99.54,99.51,99.51,9746.0
13:56,99.54,99.55,99.53,99.54,8944.0
13:57,99.51,99.54,99.5,99.54,10702.0
13:58,99.5,99.51,99.49,99.51,12559.0
13:59,99.46,99.5,99.46,99.5,12947.0
14:00,99.46,99.46,99.43,99.46,17380.0
14:01,99.39,99.46,99.39,99.45,19718.0
14:02,99.39,99.39,99.34,99.39,25393.0
14:03,99.36,99.38,99.35,99.38,11551.0
14:04,99.35,99.37,99.33,99.37,13797.0
14:05,99.32,99.35,99.3,99.35,43288.0
14:06,99.32,99.34,99.32,99.32,11366.0
14:07,99.34,99.34,99.32,99.32,14387.0
14:08,99.32,99.36,99.32,99.35,30788.0
14:09,99.28,99.33,99.27,99.33,12510.0
14:10,99.27,99.28,99.25,99.27,12370.0
14:11,99.28,99.28,99.26,99.27,13608.0
14:12,99.27,99.29,99.26,99.28,10535.0
14:13,99.25,99.28,99.24,99.28,29875.0
14:14,99.21,99.26,99.21,99.25,16758.0
14:15,99.19,99.21,99.17,99.21,17607.0
14:16,99.24,99.25,99.19,99.19,11173.0
14:17,99.21,99.24,99.2,99.24,14287.0
14:18,99.21,99.22,99.2,99.21,17210.0
14:19,99.21,99.23,99.19,99.22,12674.0
14:20,99.22,99.23,99.21,99.21,8145.0
14:21,99.21,99.22,99.21,99.22,7393.0
14:22,99.19,99.24,99.18,99.22,16432.0
14:23,99.18,99.2,99.17,99.19,16284.0
14:24,99.18,99.18,99.16,99.18,10155.0
14:25,99.17,99.18,99.16,99.18,5475.0
14:26,99.12,99.17,99.11,99.17,20604.0
14:27,99.09,99.12,99.08,99.12,30165.0
14:28,99.11,99.11,99.09,99.1,12031.0
14:29,99.11,99.12,99.1,99.11,18120.0
14:30,99.07,99.11,99.07,99.11,17198.0
14:31,99.06,99.08,99.06,99.07,19920.0
14:32,99.1,99.11,99.06,99.07,15570.0
14:33,99.1,99.14,99.09,99.13,11244.0
14:34,99.09,99.1,99.09,99.1,7928.0
14:35,99.09,99.1,99.07,99.09,14797.0
14:36,99.14,99.14,99.08,99.09,14724.0
14:37,99.17,99.17,99.14,99.14,15892.0
14:38,99.18,99.2,99.16,99.17,13442.0
14:39,99.17,99.19,99.16,99.19,12378.0
14:40,99.19,99.19,99.16,99.16,9120.0
14:41,99.16,99.2,99.16,99.19,14342.0
14:42,99.15,99.17,99.15,99.16,9644.0
14:43,99.16,99.17,99.15,99.15,17166.0
14:44,99.18,99.18,99.15,99.16,20423.0
14:45,99.18,99.18,99.16,99.17,10045.0
14:46,99.16,99.18,99.16,99.17,15077.0
14:47,99.19,99.19,99.14,99.15,27066.0
14:48,99.21,99.23,99.19,99.19,17209.0
14:49,99.23,99.24,99.2,99.21,18142.0
14:50,99.21,99.25,99.21,99.24,13779.0
14:51,99.19,99.22,99.19,99.21,12644.0
14:52,99.2,99.21,99.18,99.19,11856.0
14:53,99.21,99.21,99.18,99.2,14166.0
14:54,99.24,99.24,99.21,99.22,10435.0
14:55,99.25,99.26,99.24,99.24,12898.0
14:56,99.21,99.25,99.19,99.24,20355.0
14:57,99.21,99.22,99.2,99.21,16586.0
14:58,99.21,99.22,99.21,99.22,8497.0
14:59,99.18,99.22,99.18,99.21,13133.0
15:00,99.18,99.22,99.18,99.18,13749.0
15:01,99.18,99.18,99.17,99.18,16563.0
15:02,99.16,99.18,99.15,99.18,13714.0
15:03,99.18,99.18,99.16,99.17,19674.0
15:04,99.2,99.2,99.18,99.18,11150.0
15:05,99.2,99.21,99.18,99.19,24528.0
15:06,99.21,99.21,99.2,99.21,12953.0
15:07,99.25,99.25,99.21,99.21,15906.0
15:08,99.24,99.26,99.24,99.25,33057.0
15:09,99.27,99.29,99.25,99.25,21170.0
15:10,99.28,99.28,99.24,99.28,15211.0
15:11,99.29,99.32,99.28,99.29,28421.0
15:12,99.29,99.32,99.28,99.29,15802.0
15:13,99.29,99.3,99.28,99.29,15989.0
15:14,99.3,99.32,99.29,99.3,13322.0
15:15,99.29,99.31,99.28,99.31,23916.0
15:16,99.32,99.32,99.29,99.31,13945.0
15:17,99.29,99.31,99.29,99.31,15522.0
15:18,99.31,99.31,99.29,99.29,20761.0
15:19,99.26,99.31,99.26,99.31,21020.0
15:20,99.26,99.26,99.25,99.26,24407.0
15:21,99.25,99.26,99.23,99.25,14429.0
15:22,99.22,99.26,99.22,99.25,21933.0
15:23,99.22,99.24,99.21,99.22,17326.0
15:24,99.25,99.25,99.22,99.22,17138.0
15:25,99.23,99.26,99.23,99.25,15896.0
15:26,99.25,99.25,99.22,99.24,15340.0
15:27,99.25,99.25,99.24,99.25,15046.0
15:28,99.25,99.29,99.25,99.26,16056.0
15:29,99.24,99.26,99.23,99.25,23003.0
15:30,99.22,99.24,99.22,99.24,14181.0
15:31,99.22,99.23,99.21,99.23,34465.0
15:32,99.22,99.24,99.21,99.21,27465.0
15:33,99.21,99.24,99.21,99.23,25778.0
15:34,99.25,99.25,99.21,99.21,18400.0
15:35,99.23,99.25,99.21,99.25,29125.0
15:36,99.21,99.24,99.2,99.24,30038.0
15:37,99.22,99.22,99.2,99.21,21966.0
15:38,99.27,99.27,99.21,99.22,24150.0
15:39,99.21,99.27,99.19,99.27,45190.0
15:40,99.21,99.21,99.18,99.21,31621.0
15:41,99.19,99.21,99.18,99.21,20015.0
15:42,99.22,99.23,99.18,99.18,52321.0
15:43,99.19,99.23,99.19,99.23,50826.0
15:44,99.18,99.19,99.16,99.19,32219.0
15:45,99.21,99.22,99.18,99.18,34840.0
15:46,99.21,99.23,99.2,99.22,35859.0
15:47,99.21,99.22,99.18,99.21,43453.0
15:48,99.21,99.22,99.2,99.21,35007.0
15:49,99.13,99.22,99.13,99.21,85221.0
15:50,99.16,99.19,99.14,99.14,91466.0
15:51,99.15,99.16,99.11,99.16,90270.0
15:52,99.15,99.17,99.15,99.15,43968.0
15:53,99.12,99.18,99.12,99.15,79717.0
15:54,99.19,99.2,99.12,99.12,93517.0
15:55,99.26,99.28,99.18,99.19,165150.0
15:56,99.28,99.29,99.25,99.26,138323.0
15:57,99.27,99.28,99.25,99.28,142681.0
15:58,99.22,99.26,99.22,99.26,164459.0
15:59,99.29,99.31,99.2,99.22,618494.0
