Time,Close,High,Low,Open,Volume
09:30,95.31,95.33,94.89,95.0,439639.0
09:31,95.21,95.43,95.18,95.31,74538.0
09:32,95.29,95.3,95.18,95.21,35902.0
09:33,95.23,95.33,95.16,95.32,51809.0
09:34,95.24,95.3,95.16,95.26,58649.0
09:35,95.12,95.27,95.11,95.25,37599.0
09:36,95.11,95.19,95.1,95.14,24719.0
09:37,95.04,95.14,95.04,95.12,33794.0
09:38,95.02,95.07,95.0,95.04,52451.0
09:39,95.05,95.05,94.94,95.02,45299.0
09:40,95.01,95.07,94.95,95.04,41956.0
09:41,94.93,95.08,94.93,95.01,37693.0
09:42,94.89,94.98,94.87,94.94,23448.0
09:43,95.04,95.06,94.88,94.88,47970.0
09:44,95.07,95.1,95.03,95.06,30453.0
09:45,95.19,95.2,95.03,95.06,80295.0
09:46,95.11,95.18,95.11,95.18,53193.0
09:47,95.14,95.18,95.08,95.1,37766.0
09:48,95.14,95.16,95.08,95.12,26373.0
09:49,95.11,95.17,95.08,95.13,20417.0
09:50,95.11,95.17,95.09,95.11,35318.0
09:51,95.11,95.15,95.1,95.1,25318.0
09:52,95.14,95.19,95.11,95.11,44373.0
09:53,95.17,95.23,95.13,95.15,32471.0
09:54,95.21,95.24,95.15,95.15,28866.0
09:55,95.29,95.3,95.2,95.22,34379.0
09:56,95.25,95.29,95.18,95.29,47835.0
09:57,95.23,95.23,95.19,95.22,26002.0
09:58,95.21,95.24,95.2,95.23,27796.0
09:59,95.21,95.23,95.17,95.21,40027.0
10:00,95.25,95.29,95.17,95.22,29539.0
10:01,95.28,95.36,95.25,95.25,69257.0
10:02,95.25,95.32,95.23,95.28,26720.0
10:03,95.25,95.29,95.21,95.25,25058.0
10:04,95.28,95.34,95.22,95.24,27352.0
10:05,95.36,95.38,95.25,95.28,39774.0
10:06,95.35,95.41,95.35,95.37,39804.0
10:07,95.38,95.41,95.35,95.36,30878.0
10:08,95.42,95.42,95.34,95.38,37509.0
10:09,95.43,95.44,95.4,95.42,32577.0
10:10,95.4,95.41,95.38,95.38,47296.0
10:11,95.4,95.43,95.4,95.4,17065.0
10:12,95.42,95.43,95.38,95.4,26419.0
10:13,95.48,95.52,95.39,95.41,70226.0
10:14,95.47,95.5,95.46,95.47,27922.0
10:15,95.52,95.53,95.47,95.47,31350.0
10:16,95.49,95.52,95.47,95.52,23467.0
10:17,95.38,95.5,95.35,95.49,32081.0
10:18,95.31,95.39,95.3,95.37,56234.0
10:19,95.39,95.39,95.26,95.31,61339.0
10:20,95.21,95.38,95.21,95.38,24772.0
10:21,95.17,95.21,95.15,95.21,24238.0
10:22,95.13,95.22,95.13,95.17,46736.0
10:23,95.15,95.19,95.14,95.16,56651.0
10:24,95.16,95.17,95.15,95.16,66566.0
10:25,95.1,95.23,95.1,95.16,55030.0
10:26,95.05,95.1,95.01,95.1,29578.0
10:27,94.94,95.04,94.94,95.04,68077.0
10:28,94.96,94.96,94.92,94.96,32054.0
10:29,94.97,95.0,94.94,94.96,29804.0
10:30,94.95,94.97,94.92,94.97,47054.0
10:31,94.95,94.95,94.91,94.95,35104.0
10:32,94.99,95.0,94.92,94.95,41854.0
10:33,94.96,95.01,94.95,94.99,25940.0
10:34,95.05,95.06,94.96,94.96,32162.0
10:35,95.03,95.06,95.02,95.05,24055.0
10:36,95.06,95.06,95.02,95.03,34555.0
10:37,95.08,95.1,95.04,95.07,41999.0
10:38,95.1,95.11,95.06,95.08,37718.0
10:39,95.13,95.18,95.1,95.1,24118.0
10:40,95.14,95.14,95.1,95.13,26472.0
10:41,95.13,95.14,95.1,95.14,18732.0
10:42,95.15,95.17,95.14,95.14,14456.0
10:43,95.12,95.17,95.11,95.16,20826.0
10:44,95.13,95.15,95.11,95.14,13888.0
10:45,95.08,95.14,95.08,95.13,23217.0
10:46,95.05,95.09,95.04,95.08,25332.0
10:47,95.07,95.08,95.04,95.04,19530.0
10:48,95.11,95.12,95.07,95.07,30586.0
10:49,95.14,95.14,95.11,95.11,29707.0
10:50,95.16,95.16,95.1,95.14,16694.0
10:51,95.13,95.17,95.11,95.16,21760.0
10:52,95.11,95.15,95.11,95.13,32167.0
10:53,95.18,95.18,95.09,95.11,19255.0
10:54,95.11,95.18,95.1,95.18,22138.0
10:55,95.15,95.15,95.11,95.11,28615.0
10:56,95.25,95.25,95.15,95.15,66578.0
10:57,95.17,95.26,95.15,95.25,45095.0
10:58,95.19,95.2,95.15,95.17,11432.0
10:59,95.18,95.22,95.17,95.2,17555.0
11:00,95.07,95.17,95.06,95.17,25366.0
11:01,95.11,95.11,95.07,95.07,15227.0
11:02,95.12,95.12,95.1,95.11,10533.0
11:03,95.17,95.17,95.11,95.12,16639.0
11:04,95.14,95.17,95.12,95.16,17523.0
11:05,95.07,95.14,95.07,95.14,11717.0
11:06,95.07,95.08,95.05,95.07,21870.0
11:07,94.99,95.07,94.97,95.07,55857.0
11:08,94.96,94.99,94.96,94.99,19830.0
11:09,94.96,94.98,94.95,94.96,23155.0
11:10,94.96,95.01,94.94,94.96,66677.0
11:11,95.05,95.05,94.95,94.96,19559.0
11:12,94.96,94.98,94.95,94.98,46688.0
11:13,94.97,94.99,94.94,94.95,23600.0
11:14,94.91,94.99,94.91,94.98,23733.0
11:15,94.98,94.98,94.91,94.91,11903.0
11:16,94.98,95.0,94.96,94.98,18045.0
11:17,94.96,94.97,94.95,94.97,18601.0
11:18,94.99,94.99,94.95,94.96,18258.0
11:19,95.0,95.04,94.99,94.99,15594.0
11:20,95.0,95.0,94.98,95.0,9180.0
11:21,95.04,95.05,95.01,95.01,14260.0
11:22,95.03,95.06,95.03,95.05,21285.0
11:23,95.0,95.04,95.0,95.04,11119.0
11:24,95.03,95.03,95.0,95.0,16452.0
11:25,94.98,95.03,94.96,95.03,39304.0
11:26,94.97,95.0,94.97,94.99,15746.0
11:27,94.89,94.97,94.89,94.97,38728.0
11:28,94.98,94.98,94.89,94.89,27102.0
11:29,94.98,94.99,94.93,94.97,23505.0
11:30,94.96,95.03,94.95,94.99,20232.0
11:31,94.97,94.98,94.93,94.96,17549.0
11:32,94.93,94.99,94.93,94.97,18552.0
11:33,94.93,94.95,94.92,94.94,17674.0
11:34,94.9,94.94,94.9,94.93,26101.0
11:35,94.89,94.93,94.89,94.91,22234.0
11:36,94.83,94.89,94.83,94.88,63235.0
11:37,94.78,94.85,94.78,94.85,104236.0
11:38,94.82,94.82,94.76,94.79,35578.0
11:39,94.78,94.82,94.75,94.81,24798.0
11:40,94.81,94.83,94.76,94.78,20634.0
11:41,94.79,94.81,94.77,94.81,17789.0
11:42,94.78,94.8,94.74,94.79,45358.0
11:43,94.82,94.83,94.77,94.78,15974.0
11:44,94.79,94.86,94.77,94.82,34725.0
11:45,94.82,94.84,94.81,94.81,18243.0
11:46,94.86,94.88,94.81,94.82,18811.0
11:47,94.83,94.86,94.82,94.86,24855.0
11:48,94.86,94.87,94.83,94.84,16179.0
11:49,94.9,94.9,94.85,94.85,18295.0
11:50,94.95,94.95,94.88,94.89,31120.0
11:51,94.97,94.98,94.95,94.96,32409.0
11:52,94.98,95.02,94.97,94.97,24800.0
11:53,94.99,94.99,94.96,94.97,14232.0
11:54,95.01,95.01,94.96,94.98,22151.0
11:55,94.99,95.0,94.98,95.0,16755.0
11:56,94.89,95.0,94.89,95.0,35933.0
11:57,94.9,94.9,94.86,94.89,39531.0
11:58,94.87,94.96,94.87,94.91,32494.0
11:59,94.86,94.88,94.85,94.87,20256.0
12:00,94.89,94.89,94.83,94.86,23639.0
12:01,94.89,94.9,94.87,94.9,20095.0
12:02,94.79,94.89,94.79,94.89,26311.0
12:03,94.79,94.8,94.75,94.79,24475.0
12:04,94.74,94.81,94.74,94.79,27661.0
12:05,94.68,94.75,94.68,94.74,33036.0
12:06,94.73,94.74,94.68,94.68,14606.0
12:07,94.75,94.79,94.71,94.72,40406.0
12:08,94.79,94.8,94.73,94.75,22305.0
12:09,94.79,94.82,94.79,94.79,21499.0
12:10,94.78,94.84,94.77,94.79,30903.0
12:11,94.73,94.78,94.72,94.78,16999.0
12:12,94.76,94.78,94.73,94.74,15458.0
12:13,94.74,94.79,94.73,94.76,13136.0
12:14,94.76,94.77,94.74,94.74,9331.0
12:15,94.82,94.82,94.75,94.75,10824.0
12:16,94.84,94.84,94.81,94.82,13823.0
12:17,94.82,94.84,94.81,94.84,17602.0
12:18,94.79,94.82,94.79,94.82,9246.0
12:19,94.82,94.85,94.81,94.81,30966.0
12:20,94.86,94.86,94.82,94.82,15595.0
12:21,94.86,94.86,94.85,94.86,13238.0
12:22,94.88,94.89,94.85,94.85,22500.0
12:23,94.86,94.88,94.85,94.88,15715.0
12:24,94.85,94.87,94.84,94.87,8188.0
12:25,94.85,94.85,94.83,94.85,7687.0
12:26,94.84,94.87,94.84,94.85,16626.0
12:27,94.85,94.85,94.83,94.83,16514.0
12:28,94.86,94.87,94.84,94.84,15720.0
12:29,94.87,94.88,94.86,94.86,9412.0
12:30,94.8,94.88,94.8,94.88,20688.0
12:31,94.75,94.81,94.75,94.81,19674.0
12:32,94.75,94.78,94.74,94.75,30315.0
12:33,94.79,94.79,94.75,94.75,16466.0
12:34,94.79,94.8,94.75,94.79,15774.0
12:35,94.82,94.82,94.78,94.79,12642.0
12:36,94.81,94.83,94.81,94.82,11589.0
12:37,94.78,94.82,94.78,94.81,16286.0
12:38,94.79,94.79,94.76,94.79,16581.0
12:39,94.8,94.82,94.79,94.79,12536.0
12:40,94.79,94.79,94.78,94.79,6789.0
12:41,94.78,94.79,94.76,94.79,13822.0
12:42,94.77,94.79,94.77,94.78,10159.0
12:43,94.78,94.78,94.75,94.77,14992.0
12:44,94.79,94.81,94.77,94.78,14969.0
12:45,94.86,94.87,94.78,94.79,18282.0
12:46,94.84,94.87,94.84,94.86,14674.0
12:47,94.83,94.85,94.81,94.85,14258.0
12:48,94.84,94.84,94.83,94.83,5106.0
12:49,94.82,94.83,94.81,94.83,8005.0
12:50,94.82,94.83,94.81,94.82,8904.0
12:51,94.83,94.85,94.81,94.82,23425.0
12:52,94.82,94.85,94.82,94.85,12481.0
12:53,94.83,94.86,94.82,94.82,15953.0
12:54,94.89,94.89,94.82,94.82,30922.0
12:55,94.89,94.89,94.87,94.89,13777.0
12:56,94.82,94.88,94.81,94.88,16146.0
12:57,94.79,94.83,94.78,94.82,24104.0
12:58,94.78,94.79,94.74,94.79,27526.0
12:59,94.78,94.79,94.76,94.78,11758.0
13:00,94.79,94.8,94.77,94.78,13604.0
13:01,94.8,94.8,94.76,94.78,18650.0
13:02,94.76,94.81,94.76,94.81,11586.0
13:03,94.79,94.8,94.76,94.76,12302.0
13:04,94.78,94.8,94.77,94.8,9252.0
13:05,94.78,94.8,94.77,94.77,17022.0
13:06,94.76,94.79,94.75,94.79,14097.0
13:07,94.75,94.76,94.75,94.75,5444.0
13:08,94.75,94.76,94.75,94.75,6540.0
13:09,94.74,94.76,94.73,94.76,18740.0
13:10,94.78,94.78,94.74,94.74,19305.0
13:11,94.71,94.77,94.67,94.77,78802.0
13:12,94.72,94.72,94.69,94.71,11561.0
13:13,94.75,94.75,94.71,94.71,9419.0
13:14,94.75,94.78,94.75,94.76,14688.0
13:15,94.75,94.78,94.75,94.75,15762.0
13:16,94.76,94.76,94.75,94.76,15272.0
13:17,94.75,94.77,94.75,94.76,9541.0
13:18,94.71,94.75,94.7,94.75,16807.0
13:19,94.73,94.74,94.71,94.71,10941.0
13:20,94.71,94.74,94.7,94.73,8087.0
13:21,94.72,94.73,94.71,94.71,15133.0
13:22,94.69,94.71,94.68,94.71,18716.0
13:23,94.7,94.71,94.68,94.69,13958.0
13:24,94.7,94.71,94.68,94.69,24090.0
13:25,94.71,94.71,94.68,94.69,34222.0
13:26,94.71,94.72,94.71,94.71,7803.0
13:27,94.72,94.73,94.71,94.71,11079.0
13:28,94.72,94.73,94.71,94.72,11655.0
13:29,94.71,94.73,94.71,94.73,9685.0
13:30,94.71,94.72,94.71,94.71,13192.0
13:31,94.71,94.71,94.71,94.71,11598.0
13:32,94.71,94.72,94.7,94.71,8498.0
13:33,94.71,94.72,94.7,94.71,12343.0
13:34,94.72,94.72,94.69,94.71,33687.0
13:35,94.74,94.75,94.72,94.72,25112.0
13:36,94.71,94.76,94.7,94.74,35248.0
13:37,94.63,94.71,94.62,94.71,64839.0
13:38,94.62,94.63,94.54,94.63,98937.0
13:39,94.58,94.62,94.56,94.62,23767.0
13:40,94.57,94.6,94.56,94.59,25738.0
13:41,94.57,94.58,94.56,94.58,12031.0
13:42,94.51,94.57,94.51,94.57,24320.0
13:43,94.56,94.57,94.51,94.51,25922.0
13:44,94.5,94.56,94.47,94.56,71649.0
13:45,94.54,94.56,94.49,94.5,23961.0
13:46,94.54,94.54,94.53,94.53,17781.0
13:47,94.56,94.56,94.53,94.53,17727.0
13:48,94.56,94.56,94.54,94.54,15709.0
13:49,94.58,94.58,94.56,94.56,19110.0
13:50,94.61,94.61,94.58,94.58,11014.0
13:51,94.57,94.61,94.57,94.61,8442.0
13:52,94.57,94.57,94.56,94.57,14643.0
13:53,94.6,94.6,94.56,94.57,32208.0
13:54,94.55,94.61,94.54,94.6,14955.0
13:55,94.56,94.59,94.56,94.56,14868.0
13:56,94.57,94.58,94.56,94.56,16907.0
13:57,94.57,94.58,94.57,94.58,6826.0
13:58,94.53,94.58,94.53,94.58,19690.0
13:59,94.5,94.54,94.5,94.53,23678.0
14:00,94.54,94.54,94.51,94.51,25714.0
14:01,94.51,94.54,94.51,94.54,13316.0
14:02,94.48,94.52,94.47,94.51,42973.0
14:03,94.45,94.49,94.45,94.49,28430.0
14:04,94.47,94.47,94.46,94.46,21724.0
14:05,94.46,94.47,94.46,94.47,10005.0
14:06,94.45,94.46,94.43,94.45,18092.0
14:07,94.48,94.48,94.43,94.43,21782.0
14:08,94.47,94.48,94.47,94.48,11065.0
14:09,94.5,94.5,94.46,94.46,22247.0
14:10,94.51,94.54,94.5,94.51,16679.0
14:11,94.53,94.53,94.5,94.5,9273.0
14:12,94.53,94.53,94.52,94.52,9328.0
14:13,94.52,94.53,94.52,94.53,13462.0
14:14,94.54,94.54,94.52,94.52,9414.0
14:15,94.54,94.54,94.53,94.54,6449.0
14:16,94.54,94.54,94.51,94.53,18796.0
14:17,94.56,94.57,94.53,94.54,13643.0
14:18,94.53,94.57,94.53,94.57,15268.0
14:19,94.53,94.54,94.53,94.54,14166.0
14:20,94.55,94.56,94.52,94.53,14621.0
14:21,94.5,94.54,94.47,94.54,24374.0
14:22,94.47,94.5,94.46,94.5,28316.0
14:23,94.46,94.5,94.46,94.48,11880.0
14:24,94.44,94.46,94.41,94.46,23502.0
14:25,94.46,94.47,94.44,94.44,9206.0
14:26,94.47,94.47,94.46,94.46,12692.0
14:27,94.43,94.47,94.42,94.46,13376.0
14:28,94.42,94.43,94.37,94.43,53374.0
14:29,94.44,94.45,94.42,94.42,24439.0
14:30,94.46,94.47,94.43,94.43,12043.0
14:31,94.42,94.45,94.41,94.45,26445.0
14:32,94.44,94.44,94.42,94.42,10121.0
14:33,94.47,94.48,94.44,94.44,15684.0
14:34,94.46,94.48,94.46,94.47,14911.0
14:35,94.47,94.5,94.46,94.46,16770.0
14:36,94.46,94.48,94.46,94.47,14815.0
14:37,94.48,94.48,94.44,94.46,14491.0
14:38,94.45,94.49,94.45,94.48,14747.0
14:39,94.43,94.46,94.43,94.46,17942.0
14:40,94.43,94.43,94.42,94.43,20628.0
14:41,94.41,94.43,94.4,94.43,12432.0
14:42,94.42,94.42,94.39,94.4,17540.0
14:43,94.4,94.42,94.4,94.42,9693.0
14:44,94.44,94.44,94.4,94.4,27788.0
14:45,94.46,94.46,94.43,94.44,21771.0
14:46,94.46,94.46,94.44,94.45,7713.0
14:47,94.46,94.46,94.45,94.46,11981.0
14:48,94.46,94.47,94.45,94.45,23458.0
14:49,94.45,94.46,94.43,94.45,17705.0
14:50,94.47,94.47,94.44,94.46,15070.0
14:51,94.46,94.47,94.45,94.47,9460.0
14:52,94.46,94.47,94.44,94.46,11617.0
14:53,94.47,94.47,94.45,94.45,8793.0
14:54,94.44,94.46,94.43,94.46,12227.0
14:55,94.44,94.45,94.43,94.44,12529.0
14:56,94.45,94.46,94.44,94.45,19814.0
14:57,94.43,94.45,94.42,94.44,16206.0
14:58,94.49,94.5,94.43,94.43,21102.0
14:59,94.5,94.5,94.47,94.49,15307.0
15:00,94.48,94.5,94.46,94.5,21952.0
15:01,94.45,94.47,94.43,94.47,20704.0
15:02,94.5,94.51,94.44,94.44,18342.0
15:03,94.49,94.51,94.49,94.5,15718.0
15:04,94.51,94.52,94.49,94.5,21534.0
15:05,94.44,94.52,94.44,94.5,27772.0
15:06,94.44,94.46,94.43,94.44,25149.0
15:07,94.46,94.46,94.43,94.44,15636.0
15:08,94.48,94.49,94.44,94.46,22106.0
15:09,94.49,94.49,94.47,94.47,16207.0
15:10,94.47,94.5,94.47,94.49,14705.0
15:11,94.43,94.47,94.41,94.47,27278.0
15:12,94.4,94.43,94.4,94.42,9558.0
15:13,94.47,94.47,94.39,94.4,43479.0
15:14,94.46,94.47,94.46,94.46,7870.0
15:15,94.45,94.46,94.44,94.46,28560.0
15:16,94.49,94.49,94.44,94.45,33548.0
15:17,94.5,94.5,94.47,94.49,17312.0
15:18,94.49,94.5,94.47,94.49,13952.0
15:19,94.5,94.5,94.49,94.5,11175.0
15:20,94.53,94.54,94.5,94.5,27720.0
15:21,94.54,94.55,94.52,94.52,27335.0
15:22,94.54,94.55,94.53,94.54,17490.0
15:23,94.54,94.56,94.54,94.54,17952.0
15:24,94.57,94.57,94.53,94.54,14072.0
15:25,94.59,94.59,94.56,94.57,21384.0
15:26,94.64,94.65,94.59,94.59,25642.0
15:27,94.65,94.65,94.61,94.63,33286.0
15:28,94.69,94.69,94.64,94.65,51444.0
15:29,94.64,94.69,94.64,94.68,29640.0
15:30,94.64,94.65,94.63,94.64,30009.0
15:31,94.61,94.64,94.6,94.64,42737.0
15:32,94.64,94.64,94.62,94.62,28753.0
15:33,94.62,94.64,94.6,94.64,24945.0
15:34,94.57,94.61,94.56,94.61,24583.0
15:35,94.6,94.62,94.57,94.57,22458.0
15:36,94.62,94.62,94.6,94.6,24680.0
15:37,94.61,94.62,94.6,94.62,28679.0
15:38,94.64,94.64,94.61,94.61,18211.0
15:39,94.61,94.64,94.6,94.64,46341.0
15:40,94.56,94.61,94.56,94.61,26349.0
15:41,94.51,94.57,94.51,94.56,39348.0
15:42,94.47,94.52,94.47,94.51,45698.0
15:43,94.47,94.49,94.46,94.47,33603.0
15:44,94.42,94.47,94.42,94.47,28195.0
15:45,94.44,94.45,94.4,94.43,42080.0
15:46,94.43,94.44,94.4,94.44,35352.0
15:47,94.44,94.44,94.42,94.43,33692.0
15:48,94.43,94.45,94.43,94.43,46015.0
15:49,94.44,94.46,94.39,94.43,53355.0
15:50,94.38,94.6,94.36,94.44,73738.0
15:51,94.35,94.39,94.35,94.38,58104.0
15:52,94.32,94.34,94.29,94.34,97690.0
15:53,94.34,94.35,94.31,94.32,66719.0
15:54,94.31,94.34,94.29,94.34,62844.0
15:55,94.36,94.36,94.29,94.31,123136.0
15:56,94.29,94.36,94.29,94.35,120999.0
15:57,94.25,94.3,94.23,94.29,158749.0
15:58,94.36,94.36,94.26,94.26,225376.0
15:59,94.36,94.4,94.31,94.36,502373.0
