Time,Close,High,Low,Open,Volume
09:30,94.76,95.17,94.65,95.08,1160461.0
09:31,94.6,94.8,94.59,94.77,64990.0
09:32,94.64,94.71,94.43,94.6,69077.0
09:33,94.62,94.66,94.53,94.63,39915.0
09:34,94.75,94.76,94.62,94.65,26196.0
09:35,94.79,94.86,94.7,94.77,41501.0
09:36,94.88,94.88,94.74,94.79,41024.0
09:37,94.83,94.98,94.82,94.86,54058.0
09:38,94.86,94.86,94.78,94.82,35464.0
09:39,94.92,94.95,94.79,94.84,39592.0
09:40,94.93,95.0,94.91,94.94,28558.0
09:41,94.94,94.98,94.89,94.92,24374.0
09:42,94.87,94.93,94.86,94.93,49408.0
09:43,94.8,94.89,94.79,94.88,32378.0
09:44,94.89,94.92,94.81,94.81,37025.0
09:45,94.94,94.94,94.87,94.89,42281.0
09:46,94.85,94.95,94.83,94.95,25927.0
09:47,94.91,94.92,94.86,94.87,36244.0
09:48,94.94,94.97,94.9,94.9,18228.0
09:49,95.04,95.08,94.93,94.93,60128.0
09:50,95.03,95.08,95.03,95.04,15855.0
09:51,94.99,95.04,94.98,95.03,18629.0
09:52,94.95,94.99,94.93,94.99,36219.0
09:53,94.97,94.99,94.93,94.93,11943.0
09:54,94.97,94.98,94.95,94.96,13980.0
09:55,94.98,95.02,94.96,94.97,18916.0
09:56,95.06,95.07,94.97,94.97,16359.0
09:57,95.1,95.1,95.04,95.06,48869.0
09:58,95.09,95.1,95.06,95.09,14776.0
09:59,95.07,95.1,95.06,95.08,11297.0
10:00,95.09,95.13,95.06,95.06,34165.0
10:01,95.11,95.14,95.1,95.1,25870.0
10:02,95.12,95.2,95.12,95.14,34297.0
10:03,95.08,95.12,95.08,95.12,18320.0
10:04,95.0,95.09,94.97,95.07,16547.0
10:05,95.0,95.03,94.99,95.0,18100.0
10:06,95.14,95.14,94.99,95.0,28679.0
10:07,95.1,95.19,95.09,95.15,36498.0
10:08,95.13,95.16,95.09,95.09,13844.0
10:09,95.11,95.14,95.09,95.13,18102.0
10:10,95.13,95.13,95.1,95.12,13084.0
10:11,95.18,95.21,95.12,95.12,24509.0
10:12,95.23,95.24,95.18,95.18,34445.0
10:13,95.18,95.22,95.17,95.22,41111.0
10:14,95.18,95.2,95.15,95.17,34061.0
10:15,95.16,95.22,95.16,95.18,17795.0
10:16,95.14,95.18,95.14,95.15,15440.0
10:17,95.16,95.16,95.09,95.12,29195.0
10:18,95.21,95.22,95.15,95.17,47381.0
10:19,95.26,95.26,95.21,95.22,38368.0
10:20,95.29,95.3,95.25,95.29,19708.0
10:21,95.35,95.35,95.29,95.29,39720.0
10:22,95.37,95.43,95.35,95.36,46555.0
10:23,95.35,95.38,95.31,95.37,15485.0
10:24,95.35,95.35,95.32,95.34,15852.0
10:25,95.35,95.39,95.32,95.35,15192.0
10:26,95.43,95.44,95.34,95.34,43335.0
10:27,95.46,95.48,95.42,95.43,22401.0
10:28,95.4,95.47,95.4,95.46,12887.0
10:29,95.41,95.41,95.39,95.4,12919.0
10:30,95.32,95.42,95.32,95.4,26030.0
10:31,95.35,95.35,95.31,95.33,20843.0
10:32,95.31,95.35,95.3,95.35,27029.0
10:33,95.28,95.34,95.27,95.32,33803.0
10:34,95.28,95.3,95.23,95.29,37975.0
10:35,95.32,95.34,95.27,95.28,10312.0
10:36,95.4,95.42,95.33,95.33,19722.0
10:37,95.35,95.44,95.34,95.4,28686.0
10:38,95.35,95.38,95.33,95.34,22893.0
10:39,95.38,95.39,95.34,95.36,23662.0
10:40,95.33,95.38,95.33,95.38,13531.0
10:41,95.29,95.33,95.26,95.33,17254.0
10:42,95.21,95.29,95.21,95.29,22385.0
10:43,95.19,95.22,95.19,95.21,19299.0
10:44,95.22,95.26,95.19,95.2,13573.0
10:45,95.2,95.24,95.18,95.22,20000.0
10:46,95.14,95.2,95.13,95.2,18966.0
10:47,95.07,95.14,95.06,95.14,26117.0
10:48,95.0,95.08,95.0,95.08,20574.0
10:49,94.99,95.01,94.98,95.0,19562.0
10:50,95.08,95.1,94.98,94.98,22253.0
10:51,95.02,95.12,95.02,95.08,25637.0
10:52,95.07,95.07,95.03,95.03,19516.0
10:53,95.06,95.08,95.04,95.06,12906.0
10:54,95.11,95.11,95.08,95.09,11005.0
10:55,95.16,95.16,95.11,95.11,21803.0
10:56,95.19,95.21,95.14,95.16,28097.0
10:57,95.2,95.2,95.16,95.19,13062.0
10:58,95.18,95.21,95.17,95.2,12165.0
10:59,95.19,95.19,95.16,95.17,11868.0
11:00,95.2,95.21,95.17,95.19,12975.0
11:01,95.19,95.23,95.16,95.19,20792.0
11:02,95.21,95.22,95.19,95.19,22762.0
11:03,95.25,95.26,95.21,95.22,26629.0
11:04,95.24,95.27,95.23,95.25,12019.0
11:05,95.21,95.24,95.2,95.23,12030.0
11:06,95.25,95.28,95.21,95.22,10735.0
11:07,95.31,95.33,95.24,95.25,25944.0
11:08,95.3,95.32,95.29,95.3,9218.0
11:09,95.27,95.31,95.27,95.29,24431.0
11:10,95.32,95.32,95.28,95.28,14662.0
11:11,95.33,95.37,95.32,95.32,17161.0
11:12,95.34,95.37,95.31,95.34,34317.0
11:13,95.37,95.38,95.34,95.35,19660.0
11:14,95.38,95.39,95.37,95.37,6435.0
11:15,95.36,95.39,95.35,95.39,18990.0
11:16,95.31,95.36,95.29,95.36,16104.0
11:17,95.32,95.33,95.32,95.32,13429.0
11:18,95.28,95.32,95.28,95.32,14501.0
11:19,95.23,95.29,95.22,95.27,22526.0
11:20,95.29,95.3,95.22,95.22,22732.0
11:21,95.29,95.3,95.27,95.29,10482.0
11:22,95.27,95.29,95.25,95.28,14685.0
11:23,95.28,95.3,95.26,95.26,12041.0
11:24,95.31,95.34,95.28,95.29,24086.0
11:25,95.29,95.32,95.29,95.31,22100.0
11:26,95.29,95.31,95.28,95.29,8692.0
11:27,95.28,95.29,95.26,95.28,5339.0
11:28,95.22,95.29,95.22,95.27,10045.0
11:29,95.19,95.22,95.17,95.22,15467.0
11:30,95.21,95.21,95.18,95.19,16017.0
11:31,95.21,95.21,95.2,95.21,13747.0
11:32,95.24,95.25,95.21,95.21,13138.0
11:33,95.21,95.24,95.21,95.23,12696.0
11:34,95.24,95.24,95.21,95.21,12049.0
11:35,95.25,95.25,95.24,95.25,15771.0
11:36,95.2,95.25,95.19,95.25,20740.0
11:37,95.23,95.25,95.21,95.21,13525.0
11:38,95.22,95.23,95.21,95.21,5809.0
11:39,95.22,95.25,95.21,95.23,13752.0
11:40,95.2,95.23,95.17,95.21,18811.0
11:41,95.22,95.22,95.21,95.21,9111.0
11:42,95.21,95.22,95.19,95.21,7854.0
11:43,95.17,95.21,95.16,95.21,8741.0
11:44,95.17,95.21,95.16,95.18,11059.0
11:45,95.16,95.17,95.14,95.17,10548.0
11:46,95.13,95.17,95.13,95.15,7220.0
11:47,95.11,95.12,95.11,95.12,7962.0
11:48,95.07,95.11,95.05,95.11,17779.0
11:49,95.08,95.09,95.06,95.07,9857.0
11:50,95.01,95.09,95.01,95.08,10220.0
11:51,95.03,95.03,95.0,95.02,10382.0
11:52,95.04,95.04,95.02,95.03,32284.0
11:53,95.01,95.04,95.01,95.04,10859.0
11:54,95.08,95.08,95.0,95.01,15607.0
11:55,95.06,95.09,95.06,95.08,7879.0
11:56,95.05,95.07,95.04,95.05,14539.0
11:57,95.04,95.07,95.04,95.04,8862.0
11:58,95.04,95.05,95.03,95.04,9162.0
11:59,95.04,95.04,95.03,95.04,10412.0
12:00,95.07,95.07,95.04,95.04,10106.0
12:01,95.04,95.08,95.02,95.07,12125.0
12:02,95.06,95.06,95.04,95.04,6647.0
12:03,95.07,95.07,95.05,95.06,7452.0
12:04,95.04,95.06,95.04,95.06,67493.0
12:05,95.06,95.07,95.04,95.04,13630.0
12:06,95.06,95.07,95.05,95.06,8257.0
12:07,95.03,95.06,95.01,95.05,15584.0
12:08,95.04,95.04,95.04,95.04,10850.0
12:09,95.07,95.07,95.03,95.04,12221.0
12:10,95.06,95.08,95.05,95.07,14679.0
12:11,95.04,95.07,95.04,95.06,8767.0
12:12,95.05,95.06,95.04,95.04,6380.0
12:13,95.04,95.06,95.02,95.06,12865.0
12:14,95.07,95.08,95.04,95.04,12017.0
12:15,95.03,95.07,95.03,95.07,13615.0
12:16,95.1,95.1,95.04,95.04,240505.0
12:17,95.11,95.12,95.1,95.1,11690.0
12:18,95.11,95.12,95.1,95.11,9688.0
12:19,95.11,95.14,95.11,95.11,12228.0
12:20,95.09,95.11,95.07,95.11,21891.0
12:21,95.11,95.11,95.07,95.1,16565.0
12:22,95.14,95.15,95.1,95.11,26142.0
12:23,95.13,95.15,95.12,95.14,7623.0
12:24,95.16,95.16,95.12,95.13,20587.0
12:25,95.15,95.18,95.15,95.17,19862.0
12:26,95.17,95.18,95.14,95.15,36504.0
12:27,95.19,95.22,95.17,95.17,18400.0
12:28,95.18,95.18,95.18,95.18,4683.0
12:29,95.2,95.21,95.18,95.19,19112.0
12:30,95.18,95.2,95.17,95.19,4912.0
12:31,95.19,95.2,95.17,95.18,46260.0
12:32,95.2,95.21,95.18,95.19,35427.0
12:33,95.18,95.2,95.18,95.2,8187.0
12:34,95.17,95.19,95.17,95.18,8788.0
12:35,95.13,95.16,95.12,95.16,9916.0
12:36,95.14,95.16,95.12,95.14,9419.0
12:37,95.12,95.15,95.12,95.14,5750.0
12:38,95.12,95.13,95.11,95.12,8034.0
12:39,95.14,95.14,95.14,95.14,4643.0
12:40,95.14,95.15,95.14,95.14,4856.0
12:41,95.11,95.17,95.11,95.14,10052.0
12:42,95.11,95.13,95.11,95.11,7479.0
12:43,95.11,95.12,95.11,95.11,6410.0
12:44,95.12,95.14,95.11,95.11,8570.0
12:45,95.14,95.14,95.12,95.12,6658.0
12:46,95.08,95.14,95.07,95.14,49485.0
12:47,95.07,95.1,95.07,95.07,11111.0
12:48,95.06,95.08,95.06,95.07,7333.0
12:49,95.07,95.09,95.07,95.07,7110.0
12:50,95.07,95.09,95.07,95.08,6117.0
12:51,95.08,95.1,95.07,95.07,7254.0
12:52,95.06,95.09,95.06,95.08,6245.0
12:53,95.04,95.07,95.03,95.05,12045.0
12:54,95.05,95.05,95.04,95.04,6313.0
12:55,95.01,95.05,95.01,95.05,10926.0
12:56,95.04,95.06,95.0,95.0,48926.0
12:57,95.06,95.06,95.03,95.04,10247.0
12:58,95.06,95.06,95.05,95.06,5915.0
12:59,95.09,95.1,95.05,95.06,16207.0
13:00,95.11,95.11,95.09,95.1,5897.0
13:01,95.09,95.11,95.08,95.1,7885.0
13:02,95.08,95.1,95.07,95.09,9265.0
13:03,95.11,95.11,95.07,95.07,10435.0
13:04,95.1,95.12,95.1,95.1,125046.0
13:05,95.09,95.12,95.09,95.1,11195.0
13:06,95.1,95.12,95.08,95.1,18436.0
13:07,95.07,95.1,95.07,95.1,9201.0
13:08,95.04,95.06,95.04,95.06,7613.0
13:09,95.04,95.04,95.03,95.04,13302.0
13:10,95.03,95.04,95.02,95.03,8907.0
13:11,95.01,95.02,94.98,95.02,30749.0
13:12,95.04,95.04,95.02,95.02,8182.0
13:13,95.06,95.06,95.02,95.03,12811.0
13:14,95.03,95.06,95.03,95.05,9593.0
13:15,95.03,95.06,95.03,95.03,16093.0
13:16,94.96,95.02,94.96,95.02,9403.0
13:17,95.0,95.0,94.96,94.97,5977.0
13:18,95.02,95.03,94.99,94.99,10577.0
13:19,95.06,95.06,95.02,95.03,14222.0
13:20,95.04,95.05,95.03,95.05,10716.0
13:21,95.02,95.04,95.01,95.04,5679.0
13:22,94.96,95.01,94.96,95.01,7366.0
13:23,94.96,94.97,94.95,94.96,13761.0
13:24,94.93,94.98,94.93,94.96,11980.0
13:25,94.93,94.95,94.92,94.93,7796.0
13:26,94.88,94.93,94.86,94.93,47696.0
13:27,94.93,94.93,94.87,94.87,12944.0
13:28,94.94,94.94,94.92,94.93,6115.0
13:29,94.96,94.97,94.96,94.96,7886.0
13:30,94.97,95.02,94.97,94.97,17802.0
13:31,95.0,95.0,94.97,94.97,4299.0
13:32,95.02,95.03,95.0,95.0,16080.0
13:33,95.04,95.04,95.03,95.03,4216.0
13:34,95.07,95.08,95.03,95.03,10955.0
13:35,95.05,95.08,95.02,95.07,34148.0
13:36,95.06,95.06,95.05,95.05,3423.0
13:37,95.03,95.06,95.02,95.05,224400.0
13:38,95.01,95.03,95.0,95.03,6894.0
13:39,94.99,95.02,94.99,95.01,13095.0
13:40,95.01,95.02,94.99,94.99,11236.0
13:41,95.02,95.04,95.0,95.01,17892.0
13:42,95.04,95.07,95.03,95.03,22806.0
13:43,95.07,95.07,95.05,95.05,6776.0
13:44,95.1,95.12,95.07,95.07,20190.0
13:45,95.08,95.11,95.08,95.11,5720.0
13:46,95.09,95.13,95.08,95.08,18686.0
13:47,95.1,95.11,95.09,95.1,6466.0
13:48,95.07,95.09,95.07,95.09,4916.0
13:49,95.06,95.07,95.05,95.07,4216.0
13:50,94.99,95.06,94.99,95.06,17645.0
13:51,95.01,95.02,94.98,94.98,8345.0
13:52,95.05,95.06,95.01,95.01,4249.0
13:53,95.06,95.07,95.04,95.04,10401.0
13:54,95.08,95.08,95.06,95.07,9924.0
13:55,95.06,95.08,95.06,95.07,11274.0
13:56,95.07,95.07,95.03,95.05,7820.0
13:57,95.07,95.08,95.05,95.08,14699.0
13:58,95.07,95.08,95.06,95.07,15532.0
13:59,95.08,95.1,95.07,95.07,7052.0
14:00,95.06,95.08,95.06,95.08,7526.0
14:01,95.08,95.09,95.06,95.06,19477.0
14:02,95.07,95.08,95.07,95.08,8828.0
14:03,95.06,95.07,95.04,95.07,9194.0
14:04,95.05,95.07,95.04,95.06,16320.0
14:05,95.05,95.07,95.05,95.06,7724.0
14:06,95.07,95.07,95.05,95.05,8658.0
14:07,95.1,95.14,95.07,95.07,62416.0
14:08,95.11,95.11,95.08,95.1,18286.0
14:09,95.11,95.14,95.11,95.11,30269.0
14:10,95.14,95.14,95.11,95.11,17818.0
14:11,95.11,95.14,95.11,95.13,14458.0
14:12,95.15,95.18,95.11,95.11,20261.0
14:13,95.19,95.21,95.15,95.15,16246.0
14:14,95.17,95.19,95.16,95.19,18975.0
14:15,95.14,95.17,95.14,95.17,14127.0
14:16,95.17,95.17,95.11,95.13,23396.0
14:17,95.18,95.19,95.15,95.17,20097.0
14:18,95.17,95.18,95.17,95.18,5817.0
14:19,95.17,95.18,95.15,95.17,10898.0
14:20,95.18,95.19,95.17,95.17,6438.0
14:21,95.19,95.19,95.16,95.18,11860.0
14:22,95.16,95.2,95.16,95.2,8902.0
14:23,95.15,95.18,95.14,95.17,8160.0
14:24,95.13,95.15,95.13,95.15,11028.0
14:25,95.12,95.15,95.12,95.14,8219.0
14:26,95.14,95.14,95.11,95.12,8798.0
14:27,95.14,95.14,95.12,95.14,6121.0
14:28,95.14,95.16,95.12,95.14,17113.0
14:29,95.16,95.17,95.11,95.13,13233.0
14:30,95.19,95.21,95.16,95.16,8879.0
14:31,95.18,95.2,95.18,95.2,13141.0
14:32,95.15,95.18,95.15,95.18,9117.0
14:33,95.17,95.18,95.14,95.15,13988.0
14:34,95.18,95.18,95.16,95.17,8194.0
14:35,95.18,95.18,95.16,95.18,9266.0
14:36,95.17,95.18,95.17,95.17,12220.0
14:37,95.2,95.21,95.18,95.18,16810.0
14:38,95.19,95.21,95.17,95.21,20539.0
14:39,95.2,95.22,95.2,95.2,14347.0
14:40,95.19,95.2,95.18,95.2,34657.0
14:41,95.22,95.22,95.18,95.18,17272.0
14:42,95.21,95.22,95.2,95.21,20233.0
14:43,95.2,95.21,95.19,95.21,8149.0
14:44,95.21,95.22,95.19,95.2,10535.0
14:45,95.21,95.22,95.2,95.21,17051.0
14:46,95.17,95.21,95.17,95.21,10090.0
14:47,95.13,95.18,95.12,95.17,17928.0
14:48,95.14,95.14,95.11,95.12,18931.0
14:49,95.13,95.14,95.12,95.14,10151.0
14:50,95.13,95.14,95.12,95.14,17808.0
14:51,95.14,95.15,95.13,95.14,39941.0
14:52,95.14,95.15,95.14,95.14,16347.0
14:53,95.12,95.15,95.11,95.15,14860.0
14:54,95.12,95.14,95.11,95.13,14271.0
14:55,95.12,95.13,95.11,95.12,14297.0
14:56,95.13,95.13,95.12,95.12,13593.0
14:57,95.14,95.14,95.12,95.12,17095.0
14:58,95.15,95.16,95.14,95.14,12684.0
14:59,95.15,95.16,95.15,95.15,18641.0
15:00,95.17,95.17,95.14,95.16,20192.0
15:01,95.17,95.18,95.17,95.18,7153.0
15:02,95.11,95.17,95.11,95.17,26493.0
15:03,95.1,95.11,95.08,95.11,25258.0
15:04,95.12,95.12,95.1,95.11,10503.0
15:05,95.14,95.15,95.1,95.12,23177.0
15:06,95.15,95.15,95.12,95.13,16342.0
15:07,95.14,95.15,95.13,95.14,10445.0
15:08,95.12,95.14,95.11,95.14,17969.0
15:09,95.16,95.16,95.12,95.12,10967.0
15:10,95.16,95.19,95.15,95.15,23761.0
15:11,95.17,95.18,95.16,95.17,12550.0
15:12,95.17,95.18,95.17,95.17,14811.0
15:13,95.18,95.18,95.17,95.18,8139.0
15:14,95.18,95.18,95.17,95.18,6957.0
15:15,95.19,95.19,95.18,95.18,14811.0
15:16,95.21,95.21,95.19,95.19,27854.0
15:17,95.18,95.2,95.18,95.2,14467.0
15:18,95.19,95.19,95.17,95.18,18012.0
15:19,95.19,95.2,95.18,95.18,17095.0
15:20,95.19,95.21,95.18,95.19,34544.0
15:21,95.17,95.21,95.17,95.2,15505.0
15:22,95.16,95.17,95.15,95.16,14431.0
15:23,95.14,95.16,95.11,95.16,22056.0
15:24,95.14,95.14,95.11,95.14,59683.0
15:25,95.16,95.17,95.14,95.14,26738.0
15:26,95.19,95.19,95.15,95.15,22126.0
15:27,95.21,95.21,95.18,95.19,35127.0
15:28,95.21,95.22,95.2,95.21,22502.0
15:29,95.23,95.23,95.2,95.2,22640.0
15:30,95.26,95.26,95.22,95.22,23261.0
15:31,95.25,95.25,95.23,95.25,27315.0
15:32,95.25,95.25,95.22,95.24,19088.0
15:33,95.2,95.25,95.19,95.25,23290.0
15:34,95.14,95.19,95.11,95.19,35365.0
15:35,95.14,95.16,95.14,95.14,26061.0
15:36,95.15,95.16,95.13,95.14,24735.0
15:37,95.15,95.16,95.15,95.15,16220.0
15:38,95.18,95.18,95.16,95.16,30083.0
15:39,95.14,95.18,95.14,95.18,18758.0
15:40,95.17,95.17,95.14,95.14,28830.0
15:41,95.11,95.17,95.11,95.17,49433.0
15:42,95.11,95.12,95.09,95.11,30100.0
15:43,95.11,95.13,95.11,95.11,27501.0
15:44,95.06,95.11,95.05,95.11,29018.0
15:45,95.06,95.06,95.04,95.05,39712.0
15:46,95.04,95.06,95.04,95.05,29606.0
15:47,95.03,95.05,95.02,95.04,27591.0
15:48,95.03,95.05,95.0,95.02,60594.0
15:49,95.07,95.07,95.01,95.02,50507.0
15:50,95.07,95.09,95.01,95.07,84650.0
15:51,95.04,95.08,95.01,95.07,57654.0
15:52,95.07,95.07,95.04,95.04,39127.0
15:53,95.07,95.07,95.04,95.07,55232.0
15:54,95.04,95.07,95.03,95.07,77672.0
15:55,95.07,95.08,95.01,95.04,135660.0
15:56,95.07,95.12,95.07,95.07,100799.0
15:57,95.01,95.06,95.0,95.06,100361.0
15:58,94.97,95.03,94.96,95.01,199302.0
15:59,95.05,95.07,94.95,94.98,398379.0
