Time,Close,High,Low,Open,Volume
09:30,98.25,98.29,97.99,98.12,264324.0
09:31,98.19,98.38,98.16,98.25,49038.0
09:32,98.07,98.2,98.0,98.19,28211.0
09:33,97.98,98.15,97.88,98.09,36307.0
09:34,98.04,98.07,97.95,97.95,21054.0
09:35,98.11,98.15,98.01,98.04,36359.0
09:36,98.15,98.18,98.05,98.11,31037.0
09:37,98.15,98.2,98.12,98.14,24043.0
09:38,98.01,98.18,97.95,98.16,39316.0
09:39,97.91,98.0,97.85,97.98,31799.0
09:40,97.97,97.98,97.91,97.91,20007.0
09:41,97.97,98.01,97.94,97.98,34494.0
09:42,97.97,98.0,97.94,98.0,23840.0
09:43,97.93,98.04,97.9,97.96,19158.0
09:44,98.02,98.05,97.9,97.91,22930.0
09:45,97.9,98.04,97.9,98.02,29687.0
09:46,97.85,97.91,97.79,97.9,33249.0
09:47,97.8,97.86,97.76,97.86,23752.0
09:48,97.82,97.82,97.75,97.77,21642.0
09:49,97.85,97.88,97.81,97.83,28446.0
09:50,97.89,97.89,97.85,97.86,18033.0
09:51,97.96,97.96,97.88,97.9,34170.0
09:52,97.88,98.07,97.87,97.96,44879.0
09:53,97.76,97.89,97.74,97.89,36317.0
09:54,97.93,97.94,97.76,97.76,41063.0
09:55,97.86,97.93,97.8,97.93,43847.0
09:56,97.89,97.9,97.85,97.86,15362.0
09:57,97.88,97.9,97.86,97.89,12319.0
09:58,98.04,98.04,97.87,97.88,20560.0
09:59,98.05,98.07,98.0,98.04,43172.0
10:00,98.09,98.09,98.03,98.05,30275.0
10:01,98.04,98.09,98.04,98.09,21753.0
10:02,98.0,98.07,97.96,98.04,43237.0
10:03,97.98,98.03,97.96,97.98,28804.0
10:04,98.07,98.1,97.97,97.98,21404.0
10:05,98.04,98.1,98.04,98.08,40239.0
10:06,97.99,98.01,97.98,98.0,22047.0
10:07,97.95,98.0,97.94,98.0,21082.0
10:08,97.94,97.95,97.91,97.94,11984.0
10:09,97.96,97.97,97.93,97.94,15286.0
10:10,97.86,97.97,97.85,97.96,15646.0
10:11,97.82,97.87,97.81,97.87,35916.0
10:12,97.82,97.85,97.79,97.82,22447.0
10:13,97.89,97.91,97.83,97.84,18595.0
10:14,97.9,97.9,97.87,97.88,18797.0
10:15,97.88,97.93,97.88,97.89,18981.0
10:16,97.83,97.89,97.81,97.88,12363.0
10:17,97.83,97.86,97.82,97.82,24165.0
10:18,97.76,97.82,97.75,97.82,20108.0
10:19,97.82,97.83,97.82,97.83,18924.0
10:20,97.75,97.83,97.74,97.82,24642.0
10:21,97.74,97.75,97.7,97.75,43003.0
10:22,97.68,97.76,97.68,97.75,24222.0
10:23,97.71,97.73,97.67,97.68,24001.0
10:24,97.75,97.76,97.72,97.72,16325.0
10:25,97.7,97.75,97.68,97.75,32070.0
10:26,97.76,97.77,97.67,97.7,19711.0
10:27,97.7,97.78,97.64,97.76,42051.0
10:28,97.77,97.78,97.68,97.69,29123.0
10:29,97.75,97.77,97.72,97.77,24776.0
10:30,97.78,97.81,97.75,97.77,24706.0
10:31,97.71,97.78,97.69,97.77,24315.0
10:32,97.75,97.77,97.7,97.71,26166.0
10:33,97.79,97.81,97.75,97.75,20533.0
10:34,97.83,97.88,97.79,97.79,21939.0
10:35,97.84,97.85,97.82,97.84,17807.0
10:36,97.79,97.85,97.78,97.85,16184.0
10:37,97.79,97.79,97.75,97.79,18775.0
10:38,97.77,97.79,97.77,97.79,11539.0
10:39,97.78,97.78,97.75,97.76,13201.0
10:40,97.8,97.81,97.78,97.78,19671.0
10:41,97.79,97.83,97.79,97.83,19257.0
10:42,97.79,97.82,97.76,97.79,21137.0
10:43,97.8,97.82,97.75,97.78,24032.0
10:44,97.72,97.81,97.7,97.8,34278.0
10:45,97.67,97.73,97.66,97.71,31175.0
10:46,97.59,97.67,97.43,97.67,130586.0
10:47,97.6,97.62,97.54,97.58,40824.0
10:48,97.59,97.63,97.57,97.61,61027.0
10:49,97.66,97.66,97.6,97.6,33091.0
10:50,97.65,97.68,97.61,97.66,24800.0
10:51,97.62,97.69,97.62,97.65,38346.0
10:52,97.58,97.64,97.58,97.64,20458.0
10:53,97.59,97.6,97.54,97.59,40506.0
10:54,97.59,97.62,97.58,97.59,16750.0
10:55,97.55,97.61,97.54,97.58,14065.0
10:56,97.55,97.56,97.53,97.55,17133.0
10:57,97.57,97.58,97.52,97.54,17250.0
10:58,97.64,97.65,97.56,97.56,15634.0
10:59,97.65,97.68,97.64,97.64,18255.0
11:00,97.69,97.72,97.66,97.66,33879.0
11:01,97.66,97.69,97.65,97.68,16642.0
11:02,97.68,97.68,97.61,97.65,16334.0
11:03,97.57,97.68,97.57,97.68,28116.0
11:04,97.56,97.57,97.5,97.56,26280.0
11:05,97.51,97.59,97.51,97.57,16251.0
11:06,97.42,97.52,97.4,97.52,23744.0
11:07,97.34,97.42,97.27,97.42,47363.0
11:08,97.31,97.35,97.3,97.34,35518.0
11:09,97.38,97.39,97.31,97.31,32014.0
11:10,97.25,97.38,97.25,97.37,21274.0
11:11,97.23,97.25,97.19,97.25,29134.0
11:12,97.29,97.33,97.22,97.22,32215.0
11:13,97.34,97.36,97.29,97.3,21942.0
11:14,97.35,97.37,97.32,97.34,15543.0
11:15,97.34,97.35,97.31,97.35,18331.0
11:16,97.35,97.36,97.29,97.35,24476.0
11:17,97.32,97.35,97.32,97.35,10759.0
11:18,97.38,97.38,97.32,97.32,21855.0
11:19,97.39,97.41,97.36,97.39,20884.0
11:20,97.39,97.41,97.38,97.39,20899.0
11:21,97.39,97.39,97.36,97.39,20172.0
11:22,97.36,97.41,97.36,97.4,34133.0
11:23,97.35,97.35,97.32,97.33,18199.0
11:24,97.35,97.36,97.32,97.34,37147.0
11:25,97.3,97.34,97.3,97.34,36252.0
11:26,97.35,97.35,97.3,97.31,13972.0
11:27,97.28,97.36,97.28,97.35,16379.0
11:28,97.12,97.28,97.11,97.28,65175.0
11:29,97.08,97.11,97.06,97.11,42787.0
11:30,97.15,97.17,97.08,97.08,33799.0
11:31,97.18,97.21,97.13,97.15,36668.0
11:32,97.14,97.18,97.12,97.18,19538.0
11:33,97.12,97.16,97.11,97.15,18125.0
11:34,97.07,97.13,97.07,97.12,45099.0
11:35,97.17,97.2,97.07,97.07,49659.0
11:36,97.2,97.21,97.17,97.17,22750.0
11:37,97.22,97.24,97.19,97.19,16679.0
11:38,97.18,97.24,97.18,97.22,18952.0
11:39,97.18,97.2,97.15,97.18,19142.0
11:40,97.14,97.19,97.14,97.18,14616.0
11:41,97.17,97.18,97.13,97.13,13346.0
11:42,97.17,97.18,97.15,97.18,15953.0
11:43,97.22,97.22,97.18,97.2,24187.0
11:44,97.2,97.22,97.19,97.21,12742.0
11:45,97.21,97.21,97.19,97.2,16460.0
11:46,97.24,97.25,97.22,97.22,17793.0
11:47,97.23,97.24,97.21,97.23,18709.0
11:48,97.19,97.24,97.19,97.24,17366.0
11:49,97.23,97.23,97.18,97.19,17579.0
11:50,97.29,97.29,97.22,97.24,35240.0
11:51,97.36,97.36,97.28,97.29,30763.0
11:52,97.39,97.4,97.32,97.36,42284.0
11:53,97.37,97.39,97.36,97.39,14179.0
11:54,97.42,97.42,97.36,97.36,26809.0
11:55,97.44,97.46,97.42,97.42,22551.0
11:56,97.39,97.47,97.39,97.45,44804.0
11:57,97.4,97.4,97.38,97.39,15470.0
11:58,97.36,97.42,97.36,97.39,12561.0
11:59,97.36,97.38,97.35,97.36,14062.0
12:00,97.3,97.35,97.29,97.35,28430.0
12:01,97.29,97.31,97.28,97.29,20174.0
12:02,97.3,97.33,97.29,97.3,13030.0
12:03,97.35,97.35,97.31,97.31,10845.0
12:04,97.38,97.38,97.35,97.35,16336.0
12:05,97.35,97.39,97.33,97.37,21180.0
12:06,97.36,97.37,97.32,97.35,9340.0
12:07,97.32,97.41,97.31,97.36,17171.0
12:08,97.33,97.35,97.31,97.32,30935.0
12:09,97.32,97.35,97.29,97.33,21022.0
12:10,97.35,97.35,97.3,97.32,8834.0
12:11,97.3,97.35,97.3,97.35,8106.0
12:12,97.28,97.32,97.28,97.3,15815.0
12:13,97.26,97.28,97.26,97.28,6857.0
12:14,97.29,97.29,97.26,97.26,13853.0
12:15,97.32,97.35,97.28,97.29,27928.0
12:16,97.36,97.36,97.33,97.33,15573.0
12:17,97.33,97.36,97.32,97.36,8232.0
12:18,97.32,97.33,97.32,97.32,14793.0
12:19,97.3,97.32,97.29,97.32,19707.0
12:20,97.28,97.31,97.28,97.29,7870.0
12:21,97.27,97.27,97.26,97.26,16134.0
12:22,97.3,97.31,97.26,97.26,13180.0
12:23,97.31,97.32,97.3,97.3,5294.0
12:24,97.34,97.35,97.31,97.31,9594.0
12:25,97.37,97.37,97.35,97.35,8442.0
12:26,97.43,97.43,97.37,97.37,29920.0
12:27,97.47,97.47,97.41,97.42,15928.0
12:28,97.53,97.53,97.47,97.47,45252.0
12:29,97.53,97.57,97.49,97.52,78249.0
12:30,97.54,97.57,97.52,97.53,32866.0
12:31,97.53,97.55,97.53,97.54,15689.0
12:32,97.54,97.56,97.51,97.52,15312.0
12:33,97.54,97.56,97.53,97.54,33621.0
12:34,97.55,97.57,97.54,97.54,20497.0
12:35,97.57,97.58,97.54,97.54,21500.0
12:36,97.54,97.59,97.54,97.57,15775.0
12:37,97.53,97.56,97.49,97.55,33498.0
12:38,97.51,97.55,97.49,97.53,38772.0
12:39,97.57,97.57,97.53,97.53,12050.0
12:40,97.6,97.61,97.55,97.55,28776.0
12:41,97.64,97.64,97.57,97.57,45502.0
12:42,97.69,97.71,97.65,97.65,23132.0
12:43,97.68,97.71,97.68,97.69,16309.0
12:44,97.65,97.68,97.64,97.68,10612.0
12:45,97.65,97.68,97.64,97.65,14105.0
12:46,97.62,97.67,97.61,97.66,13936.0
12:47,97.64,97.64,97.63,97.63,1005.0
12:48,97.63,97.63,97.63,97.63,15090.0
12:49,97.63,97.63,97.62,97.62,29176.0
12:50,97.63,97.64,97.62,97.63,7464.0
12:51,97.61,97.64,97.6,97.63,8335.0
12:52,97.59,97.62,97.58,97.61,14157.0
12:53,97.58,97.59,97.58,97.58,4191.0
12:54,97.57,97.6,97.57,97.59,12605.0
12:55,97.58,97.59,97.56,97.58,10563.0
12:56,97.56,97.59,97.55,97.58,7306.0
12:57,97.54,97.56,97.52,97.55,11092.0
12:58,97.53,97.54,97.51,97.54,37968.0
12:59,97.48,97.53,97.47,97.53,13609.0
13:00,97.51,97.52,97.47,97.48,9027.0
13:01,97.53,97.56,97.5,97.51,18529.0
13:02,97.53,97.55,97.52,97.53,13829.0
13:03,97.5,97.54,97.49,97.53,18772.0
13:04,97.49,97.49,97.47,97.49,7452.0
13:05,97.53,97.54,97.53,97.53,26919.0
13:06,97.5,97.53,97.5,97.53,5311.0
13:07,97.49,97.51,97.48,97.51,9841.0
13:08,97.51,97.52,97.49,97.49,8173.0
13:09,97.51,97.51,97.5,97.51,8917.0
13:10,97.54,97.54,97.47,97.51,20838.0
13:11,97.51,97.55,97.5,97.54,10198.0
13:12,97.51,97.52,97.5,97.51,9791.0
13:13,97.55,97.55,97.51,97.51,9101.0
13:14,97.59,97.6,97.54,97.56,11511.0
13:15,97.61,97.61,97.58,97.6,9820.0
13:16,97.6,97.61,97.57,97.61,8049.0
13:17,97.59,97.61,97.57,97.59,13013.0
13:18,97.6,97.6,97.58,97.59,8198.0
13:19,97.62,97.62,97.58,97.6,8937.0
13:20,97.62,97.62,97.59,97.62,10050.0
13:21,97.64,97.64,97.59,97.61,15628.0
13:22,97.67,97.67,97.63,97.64,8569.0
13:23,97.7,97.71,97.67,97.67,14331.0
13:24,97.74,97.74,97.7,97.71,17263.0
13:25,97.7,97.75,97.69,97.74,25282.0
13:26,97.67,97.69,97.65,97.69,22393.0
13:27,97.67,97.67,97.64,97.66,16121.0
13:28,97.65,97.69,97.62,97.67,19850.0
13:29,97.64,97.65,97.6,97.65,24552.0
13:30,97.64,97.64,97.61,97.64,14161.0
13:31,97.62,97.67,97.62,97.65,16807.0
13:32,97.65,97.66,97.62,97.62,13279.0
13:33,97.68,97.68,97.65,97.66,8538.0
13:34,97.69,97.7,97.66,97.68,16479.0
13:35,97.67,97.7,97.67,97.69,11759.0
13:36,97.67,97.68,97.65,97.66,15514.0
13:37,97.71,97.72,97.66,97.66,16539.0
13:38,97.71,97.74,97.69,97.71,15644.0
13:39,97.72,97.73,97.71,97.71,7902.0
13:40,97.69,97.72,97.69,97.72,7221.0
13:41,97.69,97.7,97.67,97.69,8626.0
13:42,97.69,97.71,97.69,97.69,10145.0
13:43,97.72,97.72,97.7,97.7,6316.0
13:44,97.71,97.73,97.71,97.72,8770.0
13:45,97.71,97.71,97.7,97.71,7846.0
13:46,97.71,97.71,97.69,97.71,9514.0
13:47,97.71,97.72,97.69,97.71,11716.0
13:48,97.69,97.71,97.69,97.71,6978.0
13:49,97.71,97.71,97.69,97.69,4723.0
13:50,97.69,97.71,97.69,97.71,10236.0
13:51,97.75,97.75,97.69,97.69,11388.0
13:52,97.75,97.75,97.74,97.74,10082.0
13:53,97.77,97.77,97.74,97.76,15249.0
13:54,97.75,97.78,97.75,97.76,16807.0
13:55,97.79,97.8,97.76,97.76,24980.0
13:56,97.82,97.82,97.76,97.76,33153.0
13:57,97.8,97.84,97.78,97.82,20878.0
13:58,97.78,97.8,97.78,97.79,13037.0
13:59,97.71,97.78,97.7,97.78,16282.0
14:00,97.75,97.75,97.71,97.71,11371.0
14:01,97.79,97.79,97.73,97.74,16299.0
14:02,97.83,97.84,97.79,97.79,10227.0
14:03,97.88,97.89,97.84,97.84,10594.0
14:04,97.85,97.89,97.84,97.88,12742.0
14:05,97.84,97.86,97.83,97.85,12836.0
14:06,97.83,97.85,97.82,97.85,11646.0
14:07,97.84,97.84,97.81,97.83,9433.0
14:08,97.83,97.84,97.82,97.84,11737.0
14:09,97.81,97.84,97.81,97.83,6754.0
14:10,97.77,97.82,97.77,97.82,15785.0
14:11,97.78,97.8,97.77,97.78,10797.0
14:12,97.79,97.79,97.77,97.78,6959.0
14:13,97.79,97.81,97.79,97.79,8797.0
14:14,97.78,97.79,97.77,97.79,6386.0
14:15,97.79,97.79,97.77,97.78,7913.0
14:16,97.79,97.79,97.76,97.79,10537.0
14:17,97.77,97.79,97.77,97.79,8391.0
14:18,97.79,97.8,97.77,97.77,6416.0
14:19,97.77,97.79,97.77,97.79,13046.0
14:20,97.71,97.76,97.71,97.76,17139.0
14:21,97.71,97.72,97.71,97.71,21226.0
14:22,97.71,97.72,97.71,97.71,14771.0
14:23,97.71,97.72,97.69,97.71,11586.0
14:24,97.69,97.71,97.69,97.7,19318.0
14:25,97.75,97.75,97.69,97.69,13564.0
14:26,97.75,97.75,97.72,97.75,11541.0
14:27,97.75,97.75,97.74,97.74,5486.0
14:28,97.74,97.75,97.72,97.75,11797.0
14:29,97.73,97.75,97.72,97.74,11218.0
14:30,97.78,97.79,97.75,97.75,10872.0
14:31,97.77,97.79,97.77,97.79,9853.0
14:32,97.8,97.81,97.77,97.77,12765.0
14:33,97.81,97.83,97.79,97.8,16452.0
14:34,97.81,97.84,97.8,97.82,15951.0
14:35,97.81,97.81,97.79,97.81,8695.0
14:36,97.83,97.84,97.8,97.81,13949.0
14:37,97.83,97.83,97.82,97.83,4430.0
14:38,97.82,97.83,97.82,97.83,7588.0
14:39,97.8,97.83,97.79,97.83,20088.0
14:40,97.82,97.82,97.8,97.8,6078.0
14:41,97.77,97.81,97.77,97.81,9118.0
14:42,97.78,97.78,97.75,97.77,9825.0
14:43,97.75,97.8,97.75,97.78,19884.0
14:44,97.77,97.77,97.75,97.76,9808.0
14:45,97.73,97.77,97.73,97.76,12022.0
14:46,97.71,97.72,97.7,97.72,10440.0
14:47,97.69,97.71,97.68,97.71,10394.0
14:48,97.69,97.7,97.67,97.69,14445.0
14:49,97.68,97.7,97.68,97.69,8992.0
14:50,97.7,97.71,97.68,97.68,14930.0
14:51,97.68,97.69,97.66,97.69,10701.0
14:52,97.68,97.68,97.67,97.68,9146.0
14:53,97.68,97.69,97.67,97.68,10277.0
14:54,97.67,97.67,97.65,97.67,11161.0
14:55,97.64,97.67,97.64,97.67,16186.0
14:56,97.63,97.65,97.63,97.64,7235.0
14:57,97.64,97.64,97.62,97.63,8544.0
14:58,97.65,97.65,97.63,97.64,4234.0
14:59,97.64,97.65,97.64,97.64,8052.0
15:00,97.61,97.65,97.61,97.65,17072.0
15:01,97.59,97.61,97.57,97.61,33597.0
15:02,97.59,97.59,97.57,97.58,14500.0
15:03,97.6,97.62,97.58,97.58,23146.0
15:04,97.61,97.61,97.59,97.6,14282.0
15:05,97.58,97.61,97.58,97.6,9749.0
15:06,97.6,97.6,97.56,97.58,19207.0
15:07,97.6,97.6,97.58,97.58,8976.0
15:08,97.56,97.6,97.55,97.6,15614.0
15:09,97.55,97.56,97.51,97.55,32795.0
15:10,97.5,97.55,97.5,97.54,17947.0
15:11,97.54,97.54,97.5,97.51,21899.0
15:12,97.53,97.54,97.53,97.54,12236.0
15:13,97.54,97.54,97.51,97.53,13109.0
15:14,97.55,97.56,97.52,97.54,21476.0
15:15,97.57,97.58,97.55,97.56,14489.0
15:16,97.56,97.58,97.55,97.58,21519.0
15:17,97.54,97.56,97.54,97.56,20574.0
15:18,97.5,97.54,97.5,97.54,16118.0
15:19,97.47,97.5,97.47,97.5,23001.0
15:20,97.48,97.52,97.48,97.5,37267.0
15:21,97.5,97.54,97.49,97.5,51533.0
15:22,97.49,97.5,97.47,97.49,20290.0
15:23,97.46,97.49,97.46,97.48,30109.0
15:24,97.44,97.46,97.43,97.45,20341.0
15:25,97.49,97.49,97.44,97.44,22485.0
15:26,97.5,97.5,97.47,97.48,26500.0
15:27,97.48,97.5,97.47,97.5,18677.0
15:28,97.48,97.49,97.46,97.49,22382.0
15:29,97.49,97.5,97.47,97.49,23200.0
15:30,97.56,97.56,97.49,97.49,25552.0
15:31,97.58,97.58,97.55,97.56,19677.0
15:32,97.57,97.58,97.54,97.58,11957.0
15:33,97.59,97.61,97.57,97.57,36958.0
15:34,97.59,97.59,97.57,97.58,14002.0
15:35,97.61,97.61,97.57,97.58,20048.0
15:36,97.61,97.62,97.59,97.6,26716.0
15:37,97.57,97.61,97.57,97.61,23711.0
15:38,97.56,97.58,97.54,97.58,20824.0
15:39,97.53,97.56,97.52,97.55,23370.0
15:40,97.55,97.56,97.53,97.53,20584.0
15:41,97.53,97.55,97.53,97.54,16498.0
15:42,97.53,97.55,97.52,97.53,24120.0
15:43,97.54,97.55,97.53,97.54,15899.0
15:44,97.55,97.55,97.53,97.54,12623.0
15:45,97.61,97.64,97.56,97.56,51911.0
15:46,97.63,97.63,97.61,97.62,20632.0
15:47,97.65,97.65,97.61,97.63,25968.0
15:48,97.64,97.66,97.64,97.64,29318.0
15:49,97.64,97.65,97.62,97.64,29534.0
15:50,97.65,97.68,97.62,97.64,47439.0
15:51,97.69,97.72,97.64,97.65,47040.0
15:52,97.68,97.71,97.68,97.69,48742.0
15:53,97.62,97.7,97.61,97.69,37812.0
15:54,97.61,97.64,97.59,97.61,58217.0
15:55,97.61,97.61,97.55,97.61,93836.0
15:56,97.46,97.61,97.45,97.61,85710.0
15:57,97.44,97.49,97.43,97.46,114441.0
15:58,97.58,97.59,97.44,97.44,222307.0
15:59,97.6,97.64,97.55,97.57,341196.0
