Time,Close,High,Low,Open,Volume
09:30,97.02,97.22,96.68,97.15,1225098.0
09:31,96.78,97.1,96.74,97.03,95046.0
09:32,96.5,96.82,96.44,96.8,154562.0
09:33,96.47,96.64,96.38,96.49,97471.0
09:34,96.65,96.67,96.46,96.48,81032.0
09:35,96.67,96.79,96.57,96.68,38887.0
09:36,96.72,96.77,96.57,96.67,46285.0
09:37,96.75,96.78,96.66,96.71,32007.0
09:38,96.85,96.88,96.76,96.77,45494.0
09:39,96.73,96.88,96.72,96.86,42203.0
09:40,96.86,96.89,96.7,96.73,32420.0
09:41,96.88,96.9,96.83,96.83,37422.0
09:42,96.9,96.92,96.79,96.89,32686.0
09:43,96.87,96.97,96.86,96.93,23813.0
09:44,96.72,96.89,96.71,96.87,40852.0
09:45,96.86,96.86,96.72,96.74,37590.0
09:46,96.93,97.0,96.86,96.86,41205.0
09:47,96.84,96.96,96.83,96.94,23625.0
09:48,96.86,96.9,96.82,96.84,22690.0
09:49,96.87,96.93,96.85,96.87,31110.0
09:50,96.77,96.89,96.74,96.89,40301.0
09:51,96.72,96.78,96.7,96.77,27860.0
09:52,96.67,96.74,96.67,96.72,32774.0
09:53,96.64,96.68,96.63,96.68,38378.0
09:54,96.67,96.7,96.64,96.66,32139.0
09:55,96.59,96.69,96.59,96.65,37535.0
09:56,96.61,96.64,96.59,96.59,28146.0
09:57,96.61,96.67,96.6,96.62,22153.0
09:58,96.66,96.67,96.59,96.61,20268.0
09:59,96.67,96.71,96.64,96.67,46539.0
10:00,96.8,96.82,96.64,96.68,43082.0
10:01,96.83,96.83,96.71,96.79,34027.0
10:02,96.8,96.83,96.76,96.83,23862.0
10:03,96.86,96.86,96.76,96.79,44870.0
10:04,96.89,96.92,96.83,96.87,28797.0
10:05,96.89,96.92,96.86,96.89,30158.0
10:06,96.9,96.93,96.86,96.89,25982.0
10:07,96.9,96.99,96.89,96.9,43388.0
10:08,96.87,96.87,96.81,96.84,62474.0
10:09,96.84,96.89,96.8,96.85,37178.0
10:10,97.0,97.0,96.81,96.84,80731.0
10:11,97.06,97.06,96.97,97.0,44622.0
10:12,97.03,97.08,97.0,97.05,28263.0
10:13,97.0,97.05,96.98,97.03,35286.0
10:14,97.13,97.18,97.0,97.0,35500.0
10:15,97.17,97.19,97.11,97.12,35583.0
10:16,97.18,97.21,97.18,97.18,25934.0
10:17,97.28,97.28,97.17,97.18,74270.0
10:18,97.26,97.29,97.22,97.27,21206.0
10:19,97.19,97.25,97.18,97.25,28200.0
10:20,97.18,97.2,97.15,97.19,32694.0
10:21,97.16,97.21,97.16,97.18,17807.0
10:22,97.17,97.19,97.16,97.17,14242.0
10:23,97.18,97.2,97.15,97.17,42723.0
10:24,97.16,97.17,97.13,97.13,29360.0
10:25,97.18,97.19,97.15,97.16,11021.0
10:26,97.13,97.18,97.12,97.17,19471.0
10:27,97.05,97.12,97.04,97.12,31832.0
10:28,97.08,97.08,96.99,97.04,37767.0
10:29,97.07,97.07,97.02,97.07,11656.0
10:30,96.94,97.07,96.93,97.07,28279.0
10:31,96.88,96.94,96.87,96.93,68921.0
10:32,96.92,96.92,96.83,96.87,41511.0
10:33,96.86,96.92,96.79,96.92,26991.0
10:34,96.88,96.9,96.86,96.87,42866.0
10:35,96.8,96.91,96.8,96.88,28730.0
10:36,96.79,96.82,96.75,96.79,19921.0
10:37,96.82,96.85,96.8,96.81,25816.0
10:38,96.9,96.91,96.83,96.83,25238.0
10:39,96.93,96.98,96.89,96.92,24329.0
10:40,96.92,96.96,96.92,96.93,17051.0
10:41,96.96,97.0,96.92,96.92,20754.0
10:42,96.92,96.99,96.92,96.97,27120.0
10:43,96.96,96.97,96.92,96.92,34731.0
10:44,96.93,96.96,96.86,96.95,40369.0
10:45,96.9,96.96,96.9,96.92,30780.0
10:46,97.01,97.01,96.92,96.92,20601.0
10:47,96.96,97.03,96.96,97.03,20275.0
10:48,96.96,97.0,96.94,96.95,21867.0
10:49,97.02,97.03,96.96,96.96,17576.0
10:50,97.07,97.07,97.0,97.01,15490.0
10:51,97.02,97.07,97.01,97.07,15583.0
10:52,96.92,97.03,96.92,97.01,19462.0
10:53,96.97,96.99,96.86,96.91,26165.0
10:54,96.98,97.03,96.93,96.98,32623.0
10:55,96.92,96.94,96.91,96.93,13247.0
10:56,96.9,96.92,96.89,96.91,14003.0
10:57,96.92,96.93,96.9,96.91,11642.0
10:58,97.0,97.0,96.99,96.99,18968.0
10:59,97.03,97.04,97.0,97.01,12795.0
11:00,97.07,97.08,97.03,97.03,19541.0
11:01,97.1,97.12,97.05,97.07,17126.0
11:02,97.11,97.11,97.03,97.09,18052.0
11:03,97.07,97.11,97.05,97.11,21021.0
11:04,97.08,97.13,97.06,97.1,23169.0
11:05,97.07,97.08,97.07,97.07,7048.0
11:06,97.06,97.06,97.02,97.06,14865.0
11:07,97.06,97.07,97.02,97.05,21726.0
11:08,97.07,97.08,97.06,97.06,13222.0
11:09,97.05,97.11,97.04,97.07,26480.0
11:10,97.07,97.08,97.03,97.04,23734.0
11:11,97.03,97.07,97.0,97.06,51005.0
11:12,96.99,97.03,96.97,97.03,22997.0
11:13,96.96,97.01,96.94,96.99,17921.0
11:14,97.0,97.0,96.99,96.99,21382.0
11:15,97.03,97.03,96.98,96.99,17557.0
11:16,97.06,97.06,97.03,97.03,15667.0
11:17,97.05,97.11,97.04,97.06,45463.0
11:18,97.01,97.07,97.0,97.06,20146.0
11:19,97.11,97.12,96.99,97.0,41586.0
11:20,97.16,97.2,97.1,97.11,47926.0
11:21,97.17,97.18,97.15,97.17,13285.0
11:22,97.18,97.19,97.15,97.17,14278.0
11:23,97.15,97.17,97.13,97.16,6241.0
11:24,97.15,97.17,97.1,97.17,27514.0
11:25,97.14,97.17,97.12,97.13,49969.0
11:26,97.12,97.18,97.11,97.14,14568.0
11:27,97.13,97.17,97.11,97.12,14462.0
11:28,97.11,97.13,97.06,97.13,16683.0
11:29,97.11,97.12,97.1,97.12,14361.0
11:30,97.09,97.11,97.06,97.11,16333.0
11:31,97.11,97.12,97.06,97.07,15128.0
11:32,97.1,97.15,97.1,97.12,21499.0
11:33,97.16,97.16,97.1,97.11,9620.0
11:34,97.16,97.18,97.15,97.15,13678.0
11:35,97.16,97.16,97.15,97.15,4060.0
11:36,97.17,97.21,97.14,97.14,12776.0
11:37,97.17,97.2,97.15,97.17,26177.0
11:38,97.05,97.06,97.05,97.05,17463.0
11:39,97.11,97.12,97.06,97.07,13530.0
11:40,97.13,97.13,97.1,97.11,6897.0
11:41,97.12,97.19,97.12,97.14,15151.0
11:42,97.15,97.17,97.11,97.11,13142.0
11:43,97.13,97.18,97.13,97.16,10580.0
11:44,97.15,97.16,97.12,97.14,15743.0
11:45,97.15,97.18,97.15,97.15,11465.0
11:46,97.16,97.17,97.15,97.15,7093.0
11:47,97.2,97.2,97.17,97.17,7716.0
11:48,97.15,97.19,97.14,97.19,10994.0
11:49,97.17,97.18,97.15,97.15,15250.0
11:50,97.18,97.18,97.15,97.16,10526.0
11:51,97.12,97.19,97.12,97.19,18438.0
11:52,97.13,97.14,97.1,97.12,26167.0
11:53,97.14,97.14,97.11,97.13,13050.0
11:54,97.12,97.14,97.11,97.13,17605.0
11:55,97.16,97.17,97.1,97.11,13799.0
11:56,97.18,97.19,97.17,97.17,15812.0
11:57,97.16,97.19,97.16,97.18,10370.0
11:58,97.16,97.18,97.15,97.17,9952.0
11:59,97.14,97.17,97.14,97.15,11445.0
12:00,97.17,97.17,97.11,97.14,13260.0
12:01,97.18,97.18,97.17,97.18,24531.0
12:02,97.15,97.18,97.15,97.17,8706.0
12:03,97.12,97.16,97.11,97.15,8998.0
12:04,97.14,97.15,97.12,97.12,9369.0
12:05,97.16,97.18,97.15,97.15,10174.0
12:06,97.19,97.19,97.16,97.17,9678.0
12:07,97.16,97.2,97.14,97.2,17915.0
12:08,97.14,97.17,97.12,97.15,15328.0
12:09,97.16,97.16,97.13,97.14,14803.0
12:10,97.13,97.17,97.12,97.16,13932.0
12:11,97.16,97.17,97.13,97.13,12583.0
12:12,97.14,97.16,97.14,97.16,14403.0
12:13,97.14,97.15,97.08,97.15,22359.0
12:14,97.09,97.14,97.09,97.14,9389.0
12:15,97.12,97.14,97.1,97.1,12502.0
12:16,97.14,97.15,97.13,97.13,6233.0
12:17,97.14,97.17,97.13,97.15,7807.0
12:18,97.16,97.16,97.13,97.15,10257.0
12:19,97.15,97.16,97.15,97.15,3603.0
12:20,97.11,97.15,97.11,97.15,6800.0
12:21,97.06,97.11,97.06,97.11,18050.0
12:22,97.04,97.05,97.03,97.05,12253.0
12:23,96.99,97.04,96.97,97.04,20577.0
12:24,97.0,97.01,96.99,96.99,14613.0
12:25,97.0,97.02,96.99,97.0,10577.0
12:26,97.0,97.03,96.99,97.0,13932.0
12:27,97.0,97.02,96.99,97.0,14584.0
12:28,96.99,97.0,96.98,97.0,23254.0
12:29,96.97,97.0,96.96,97.0,10951.0
12:30,96.99,97.0,96.97,96.97,12476.0
12:31,97.0,97.01,96.99,97.0,15140.0
12:32,96.98,97.0,96.96,97.0,9784.0
12:33,97.0,97.0,96.98,96.99,9646.0
12:34,97.07,97.09,97.0,97.0,16453.0
12:35,97.07,97.08,97.06,97.07,5678.0
12:36,97.07,97.08,97.05,97.07,7679.0
12:37,97.07,97.07,97.06,97.07,7888.0
12:38,97.09,97.1,97.08,97.09,9306.0
12:39,97.04,97.09,97.03,97.09,10674.0
12:40,97.06,97.06,97.03,97.03,8347.0
12:41,97.07,97.07,97.05,97.06,7088.0
12:42,97.06,97.08,97.06,97.07,8331.0
12:43,97.06,97.07,97.05,97.07,11066.0
12:44,97.08,97.08,97.05,97.06,18877.0
12:45,97.01,97.07,97.01,97.07,15467.0
12:46,96.99,97.02,96.99,97.01,14597.0
12:47,97.01,97.02,97.0,97.0,5105.0
12:48,97.02,97.02,96.99,97.01,8368.0
12:49,96.99,97.01,96.98,97.01,10579.0
12:50,97.0,97.0,96.98,96.99,7451.0
12:51,96.94,97.0,96.93,97.0,21227.0
12:52,96.95,96.96,96.93,96.94,8738.0
12:53,96.93,96.96,96.93,96.95,17259.0
12:54,96.98,96.98,96.93,96.93,10946.0
12:55,96.97,97.0,96.96,96.99,60596.0
12:56,97.03,97.03,96.97,96.97,16791.0
12:57,96.97,97.03,96.97,97.03,13682.0
12:58,96.94,96.97,96.92,96.96,11709.0
12:59,96.92,96.95,96.92,96.93,10547.0
13:00,96.83,96.9,96.82,96.9,12209.0
13:01,96.78,96.84,96.78,96.83,19653.0
13:02,96.79,96.79,96.77,96.77,7392.0
13:03,96.81,96.81,96.79,96.79,17254.0
13:04,96.78,96.82,96.78,96.81,17143.0
13:05,96.74,96.8,96.74,96.79,20267.0
13:06,96.79,96.8,96.71,96.75,19542.0
13:07,96.79,96.82,96.78,96.8,12095.0
13:08,96.81,96.81,96.79,96.79,6433.0
13:09,96.84,96.84,96.81,96.81,16740.0
13:10,96.78,96.84,96.76,96.83,13803.0
13:11,96.79,96.8,96.78,96.78,7043.0
13:12,96.81,96.81,96.78,96.78,8489.0
13:13,96.8,96.81,96.8,96.81,9015.0
13:14,96.79,96.81,96.78,96.8,9393.0
13:15,96.82,96.83,96.79,96.79,5859.0
13:16,96.88,96.88,96.82,96.82,14625.0
13:17,96.86,96.88,96.85,96.88,11380.0
13:18,96.79,96.88,96.79,96.85,28892.0
13:19,96.85,96.86,96.79,96.79,18079.0
13:20,96.88,96.89,96.85,96.85,17259.0
13:21,96.89,96.89,96.87,96.88,7752.0
13:22,96.85,96.9,96.85,96.89,6867.0
13:23,96.85,96.87,96.84,96.86,8203.0
13:24,96.88,96.89,96.85,96.85,7721.0
13:25,96.87,96.89,96.86,96.88,10472.0
13:26,96.88,96.88,96.86,96.86,9721.0
13:27,96.85,96.9,96.85,96.88,12078.0
13:28,96.86,96.86,96.83,96.85,9541.0
13:29,96.83,96.88,96.83,96.87,12582.0
13:30,96.83,96.85,96.83,96.84,7444.0
13:31,96.84,96.85,96.81,96.83,13542.0
13:32,96.79,96.84,96.79,96.83,17904.0
13:33,96.81,96.81,96.78,96.79,10121.0
13:34,96.85,96.85,96.81,96.84,12514.0
13:35,96.86,96.87,96.84,96.85,9679.0
13:36,96.83,96.87,96.83,96.86,12625.0
13:37,96.87,96.88,96.85,96.85,7406.0
13:38,96.87,96.88,96.86,96.88,11286.0
13:39,96.86,96.88,96.86,96.87,7163.0
13:40,96.88,96.88,96.85,96.86,5243.0
13:41,96.88,96.89,96.86,96.89,10025.0
13:42,96.82,96.87,96.82,96.87,10690.0
13:43,96.82,96.84,96.82,96.83,5560.0
13:44,96.82,96.83,96.81,96.81,11470.0
13:45,96.82,96.84,96.81,96.82,8999.0
13:46,96.73,96.86,96.6,96.82,176079.0
13:47,96.8,96.8,96.7,96.73,45881.0
13:48,96.76,96.82,96.72,96.79,30305.0
13:49,96.76,96.79,96.74,96.76,19712.0
13:50,96.78,96.81,96.75,96.75,32025.0
13:51,96.79,96.79,96.75,96.79,10861.0
13:52,96.74,96.81,96.72,96.79,15977.0
13:53,96.81,96.81,96.71,96.73,16506.0
13:54,96.85,96.85,96.79,96.8,10437.0
13:55,96.86,96.89,96.84,96.85,14248.0
13:56,96.81,96.87,96.81,96.86,10567.0
13:57,96.77,96.81,96.77,96.81,8860.0
13:58,96.75,96.78,96.74,96.78,10449.0
13:59,96.7,96.75,96.7,96.74,17154.0
14:00,96.74,96.75,96.67,96.71,49877.0
14:01,96.72,96.75,96.71,96.74,27987.0
14:02,96.68,96.72,96.68,96.71,20574.0
14:03,96.69,96.71,96.69,96.69,15527.0
14:04,96.68,96.7,96.68,96.69,18350.0
14:05,96.71,96.72,96.69,96.72,17769.0
14:06,96.78,96.78,96.71,96.71,15433.0
14:07,96.82,96.83,96.79,96.79,13398.0
14:08,96.82,96.83,96.8,96.82,17401.0
14:09,96.83,96.84,96.81,96.81,21254.0
14:10,96.86,96.86,96.8,96.83,24250.0
14:11,96.83,96.87,96.83,96.86,10543.0
14:12,96.82,96.84,96.81,96.83,15451.0
14:13,96.81,96.82,96.8,96.82,7946.0
14:14,96.83,96.83,96.8,96.81,21416.0
14:15,96.83,96.88,96.83,96.85,7957.0
14:16,96.84,96.86,96.83,96.83,17732.0
14:17,96.83,96.85,96.82,96.83,11684.0
14:18,96.89,96.9,96.83,96.83,11085.0
14:19,96.88,96.91,96.88,96.9,13403.0
14:20,96.89,96.91,96.89,96.89,8977.0
14:21,96.88,96.91,96.85,96.89,30866.0
14:22,96.89,96.89,96.86,96.88,13292.0
14:23,96.88,96.9,96.87,96.89,14938.0
14:24,96.86,96.89,96.85,96.88,9374.0
14:25,96.88,96.88,96.84,96.86,9556.0
14:26,96.88,96.9,96.87,96.88,8905.0
14:27,96.87,96.88,96.86,96.88,9461.0
14:28,96.83,96.88,96.83,96.87,16049.0
14:29,96.8,96.84,96.8,96.83,17450.0
14:30,96.81,96.81,96.81,96.81,18476.0
14:31,96.83,96.83,96.81,96.81,12538.0
14:32,96.83,96.85,96.82,96.83,13821.0
14:33,96.82,96.83,96.81,96.83,10923.0
14:34,96.81,96.83,96.81,96.82,8090.0
14:35,96.82,96.83,96.81,96.81,5748.0
14:36,96.82,96.83,96.82,96.83,6449.0
14:37,96.83,96.84,96.82,96.82,5819.0
14:38,96.83,96.85,96.83,96.83,11261.0
14:39,96.82,96.85,96.82,96.84,10004.0
14:40,96.81,96.83,96.81,96.82,11153.0
14:41,96.78,96.82,96.77,96.82,17364.0
14:42,96.79,96.79,96.77,96.79,12734.0
14:43,96.8,96.8,96.78,96.79,7042.0
14:44,96.81,96.81,96.79,96.8,10297.0
14:45,96.8,96.82,96.8,96.81,11019.0
14:46,96.79,96.81,96.79,96.81,10107.0
14:47,96.81,96.81,96.79,96.8,16225.0
14:48,96.84,96.86,96.81,96.82,16110.0
14:49,96.85,96.85,96.83,96.85,9979.0
14:50,96.83,96.85,96.83,96.85,12044.0
14:51,96.87,96.87,96.84,96.84,9110.0
14:52,96.86,96.88,96.86,96.88,11989.0
14:53,96.86,96.87,96.86,96.86,7891.0
14:54,96.84,96.86,96.83,96.86,17586.0
14:55,96.86,96.87,96.83,96.83,20489.0
14:56,96.9,96.9,96.87,96.88,21200.0
14:57,96.91,96.92,96.9,96.91,13410.0
14:58,96.9,96.91,96.88,96.91,12743.0
14:59,96.91,96.93,96.89,96.89,13286.0
15:00,96.92,96.92,96.9,96.91,12173.0
15:01,96.92,96.94,96.92,96.92,7231.0
15:02,96.86,96.92,96.85,96.92,11744.0
15:03,96.86,96.87,96.84,96.86,14910.0
15:04,96.84,96.85,96.84,96.85,3528.0
15:05,96.82,96.85,96.82,96.85,13869.0
15:06,96.84,96.85,96.82,96.82,12159.0
15:07,96.83,96.85,96.82,96.84,23188.0
15:08,96.79,96.83,96.79,96.83,16383.0
15:09,96.79,96.81,96.79,96.79,10558.0
15:10,96.83,96.83,96.79,96.8,12861.0
15:11,96.82,96.86,96.81,96.84,22002.0
15:12,96.82,96.82,96.82,96.82,5217.0
15:13,96.81,96.82,96.8,96.82,10529.0
15:14,96.8,96.82,96.8,96.81,19233.0
15:15,96.84,96.84,96.79,96.79,13602.0
15:16,96.85,96.86,96.83,96.84,34003.0
15:17,96.83,96.86,96.83,96.85,12405.0
15:18,96.85,96.85,96.83,96.83,10948.0
15:19,96.85,96.86,96.84,96.85,16350.0
15:20,96.85,96.86,96.84,96.85,13105.0
15:21,96.89,96.9,96.84,96.86,82570.0
15:22,96.89,96.92,96.88,96.89,33527.0
15:23,96.88,96.9,96.87,96.9,13301.0
15:24,96.88,96.88,96.85,96.88,19740.0
15:25,96.9,96.9,96.87,96.88,19487.0
15:26,96.89,96.9,96.89,96.89,11238.0
15:27,96.89,96.89,96.86,96.89,22627.0
15:28,96.86,96.89,96.86,96.89,12720.0
15:29,96.87,96.88,96.86,96.86,11279.0
15:30,96.83,96.88,96.82,96.87,26215.0
15:31,96.82,96.87,96.82,96.84,16488.0
15:32,96.82,96.83,96.79,96.83,42591.0
15:33,96.81,96.82,96.8,96.82,28358.0
15:34,96.82,96.85,96.81,96.81,24403.0
15:35,96.86,96.86,96.82,96.82,18459.0
15:36,96.9,96.9,96.86,96.86,26060.0
15:37,96.88,96.89,96.88,96.89,12671.0
15:38,96.81,96.89,96.8,96.89,37340.0
15:39,96.86,96.86,96.79,96.81,33795.0
15:40,96.88,96.88,96.85,96.86,19523.0
15:41,96.85,96.88,96.84,96.88,54589.0
15:42,96.86,96.86,96.84,96.85,20531.0
15:43,96.85,96.86,96.85,96.86,16043.0
15:44,96.85,96.86,96.83,96.83,31824.0
15:45,96.85,96.85,96.81,96.81,47606.0
15:46,96.87,96.87,96.85,96.86,32228.0
15:47,96.85,96.88,96.85,96.86,28882.0
15:48,96.84,96.86,96.83,96.86,34873.0
15:49,96.88,96.89,96.85,96.85,26835.0
15:50,96.93,96.98,96.86,96.88,63978.0
15:51,96.96,97.0,96.93,96.93,43460.0
15:52,96.92,96.96,96.91,96.96,14429.0
15:53,96.94,96.96,96.89,96.89,108186.0
15:54,96.9,96.94,96.86,96.94,76301.0
15:55,96.97,96.99,96.9,96.9,92586.0
15:56,96.92,96.97,96.9,96.97,92720.0
15:57,96.94,96.95,96.89,96.92,97200.0
15:58,96.82,96.98,96.78,96.94,300187.0
15:59,96.82,96.83,96.74,96.82,404658.0
