Time,Close,High,Low,Open,Volume
09:30,94.47,94.64,94.38,94.51,345058.0
09:31,94.56,94.69,94.47,94.5,69361.0
09:32,94.57,94.62,94.44,94.55,39820.0
09:33,94.61,94.68,94.49,94.6,44176.0
09:34,94.57,94.65,94.55,94.65,36856.0
09:35,94.6,94.73,94.56,94.57,57040.0
09:36,94.61,94.68,94.58,94.61,44107.0
09:37,94.68,94.7,94.58,94.61,39026.0
09:38,94.77,94.78,94.66,94.67,31442.0
09:39,94.79,94.83,94.68,94.76,54313.0
09:40,94.76,94.84,94.76,94.79,30116.0
09:41,94.85,94.88,94.76,94.76,52678.0
09:42,94.81,94.89,94.79,94.85,50131.0
09:43,94.94,94.94,94.81,94.81,48039.0
09:44,94.9,94.94,94.83,94.94,33884.0
09:45,94.91,94.91,94.87,94.9,32156.0
09:46,94.89,94.89,94.82,94.89,26136.0
09:47,94.96,94.98,94.89,94.89,33855.0
09:48,94.96,94.96,94.93,94.94,32023.0
09:49,95.13,95.13,94.95,94.95,61021.0
09:50,95.13,95.16,95.09,95.13,58641.0
09:51,95.17,95.18,95.12,95.14,47083.0
09:52,95.08,95.18,95.06,95.17,34640.0
09:53,95.04,95.11,95.03,95.08,26974.0
09:54,95.18,95.19,95.02,95.02,22177.0
09:55,95.16,95.19,95.12,95.17,57058.0
09:56,95.24,95.27,95.11,95.16,82284.0
09:57,95.15,95.27,95.15,95.25,23729.0
09:58,95.13,95.18,95.12,95.16,22125.0
09:59,95.12,95.18,95.12,95.13,48063.0
10:00,95.08,95.17,95.06,95.14,84418.0
10:01,94.99,95.07,94.98,95.07,66426.0
10:02,95.04,95.05,94.97,94.99,38823.0
10:03,95.05,95.09,95.02,95.06,32957.0
10:04,95.12,95.16,95.05,95.05,19571.0
10:05,95.24,95.24,95.1,95.1,29704.0
10:06,95.38,95.38,95.21,95.23,57744.0
10:07,95.39,95.45,95.37,95.38,53927.0
10:08,95.28,95.39,95.26,95.39,45237.0
10:09,95.31,95.35,95.23,95.27,66797.0
10:10,95.23,95.32,95.23,95.31,27650.0
10:11,95.25,95.28,95.24,95.25,24393.0
10:12,95.2,95.25,95.18,95.24,78388.0
10:13,95.15,95.21,95.08,95.21,29420.0
10:14,95.08,95.2,95.08,95.15,38260.0
10:15,95.1,95.12,95.06,95.08,17703.0
10:16,95.05,95.14,95.0,95.1,107717.0
10:17,95.05,95.07,95.0,95.04,38445.0
10:18,95.07,95.07,95.03,95.05,22663.0
10:19,95.02,95.07,94.99,95.07,25134.0
10:20,95.05,95.05,95.01,95.02,21129.0
10:21,95.09,95.11,95.05,95.06,17521.0
10:22,95.09,95.11,95.06,95.11,23138.0
10:23,95.03,95.12,95.01,95.12,23012.0
10:24,95.09,95.09,95.01,95.03,26609.0
10:25,95.11,95.11,95.07,95.09,26231.0
10:26,95.11,95.13,95.09,95.11,23250.0
10:27,95.09,95.13,95.07,95.11,25085.0
10:28,95.06,95.09,95.04,95.08,19480.0
10:29,95.06,95.08,95.06,95.06,12482.0
10:30,95.01,95.05,94.98,95.05,24093.0
10:31,95.02,95.05,95.02,95.03,26160.0
10:32,94.96,95.03,94.96,95.03,15345.0
10:33,94.96,94.98,94.94,94.97,24535.0
10:34,94.91,94.99,94.89,94.95,31876.0
10:35,94.94,94.95,94.86,94.89,75118.0
10:36,94.97,94.99,94.94,94.98,23962.0
10:37,94.95,95.0,94.92,94.97,25002.0
10:38,94.96,94.97,94.93,94.94,11578.0
10:39,94.91,94.97,94.9,94.96,18547.0
10:40,94.93,94.95,94.84,94.91,25539.0
10:41,94.91,94.96,94.89,94.93,25176.0
10:42,94.87,94.9,94.87,94.9,9833.0
10:43,94.71,94.88,94.7,94.88,33199.0
10:44,94.74,94.74,94.7,94.71,13447.0
10:45,94.81,94.83,94.74,94.74,29104.0
10:46,94.87,94.88,94.81,94.85,27084.0
10:47,94.89,94.89,94.87,94.88,21818.0
10:48,94.89,94.89,94.84,94.88,22781.0
10:49,94.89,94.91,94.87,94.88,17675.0
10:50,94.91,94.91,94.88,94.89,21785.0
10:51,94.96,94.96,94.89,94.91,15513.0
10:52,94.98,95.01,94.96,94.96,29631.0
10:53,95.0,95.05,94.98,94.98,31056.0
10:54,95.02,95.02,94.97,95.0,26030.0
10:55,95.07,95.07,94.99,95.01,13049.0
10:56,95.04,95.07,95.02,95.07,21998.0
10:57,95.11,95.11,95.04,95.05,43692.0
10:58,95.04,95.13,95.04,95.11,29294.0
10:59,95.07,95.08,95.03,95.04,21615.0
11:00,95.11,95.15,95.06,95.07,30816.0
11:01,95.06,95.12,95.05,95.11,18982.0
11:02,95.03,95.08,95.01,95.07,14553.0
11:03,95.07,95.08,95.01,95.02,15744.0
11:04,95.13,95.15,95.05,95.07,35696.0
11:05,95.21,95.23,95.13,95.13,27852.0
11:06,95.18,95.21,95.18,95.21,22314.0
11:07,95.22,95.23,95.17,95.18,14643.0
11:08,95.25,95.25,95.21,95.21,12389.0
11:09,95.28,95.28,95.23,95.24,23561.0
11:10,95.32,95.34,95.28,95.28,22577.0
11:11,95.34,95.37,95.32,95.32,35066.0
11:12,95.37,95.38,95.33,95.35,56066.0
11:13,95.38,95.39,95.36,95.36,13072.0
11:14,95.35,95.39,95.34,95.38,21413.0
11:15,95.36,95.36,95.32,95.35,15951.0
11:16,95.39,95.4,95.36,95.36,22804.0
11:17,95.38,95.4,95.38,95.39,12778.0
11:18,95.44,95.44,95.36,95.38,22246.0
11:19,95.46,95.47,95.41,95.43,32230.0
11:20,95.41,95.47,95.39,95.46,25668.0
11:21,95.41,95.42,95.39,95.4,16994.0
11:22,95.39,95.41,95.38,95.41,21113.0
11:23,95.37,95.43,95.37,95.39,32955.0
11:24,95.38,95.41,95.38,95.38,12999.0
11:25,95.38,95.39,95.36,95.38,14163.0
11:26,95.42,95.43,95.36,95.37,26944.0
11:27,95.43,95.44,95.41,95.42,22418.0
11:28,95.4,95.43,95.39,95.43,21409.0
11:29,95.41,95.42,95.37,95.39,21433.0
11:30,95.4,95.42,95.38,95.42,14446.0
11:31,95.41,95.41,95.38,95.4,13570.0
11:32,95.4,95.44,95.39,95.41,18517.0
11:33,95.39,95.39,95.36,95.39,12567.0
11:34,95.39,95.4,95.38,95.39,12994.0
11:35,95.46,95.46,95.46,95.46,29581.0
11:36,95.46,95.49,95.45,95.46,31007.0
11:37,95.46,95.49,95.44,95.46,10580.0
11:38,95.39,95.45,95.36,95.45,26235.0
11:39,95.39,95.41,95.36,95.39,27589.0
11:40,95.44,95.44,95.39,95.39,13286.0
11:41,95.45,95.45,95.39,95.44,31087.0
11:42,95.43,95.46,95.42,95.46,28243.0
11:43,95.36,95.44,95.36,95.43,52941.0
11:44,95.4,95.42,95.37,95.37,18516.0
11:45,95.42,95.43,95.4,95.4,19240.0
11:46,95.43,95.43,95.4,95.41,6962.0
11:47,95.46,95.47,95.43,95.43,17152.0
11:48,95.46,95.49,95.46,95.47,16516.0
11:49,95.44,95.47,95.43,95.46,12720.0
11:50,95.42,95.44,95.41,95.44,19786.0
11:51,95.44,95.46,95.41,95.41,12774.0
11:52,95.44,95.45,95.41,95.44,24174.0
11:53,95.44,95.46,95.43,95.44,13930.0
11:54,95.42,95.45,95.41,95.44,19278.0
11:55,95.46,95.46,95.4,95.41,21577.0
11:56,95.49,95.51,95.46,95.46,68285.0
11:57,95.5,95.5,95.48,95.49,8152.0
11:58,95.43,95.49,95.43,95.49,9488.0
11:59,95.44,95.45,95.4,95.44,12874.0
12:00,95.41,95.46,95.41,95.45,14474.0
12:01,95.43,95.43,95.4,95.42,13371.0
12:02,95.42,95.44,95.41,95.43,12746.0
12:03,95.33,95.43,95.32,95.42,35309.0
12:04,95.29,95.35,95.28,95.33,29317.0
12:05,95.32,95.33,95.26,95.29,19462.0
12:06,95.31,95.33,95.31,95.32,12083.0
12:07,95.27,95.3,95.25,95.3,13500.0
12:08,95.28,95.29,95.25,95.27,19044.0
12:09,95.24,95.27,95.22,95.27,14335.0
12:10,95.25,95.25,95.24,95.25,5074.0
12:11,95.29,95.29,95.22,95.24,35900.0
12:12,95.29,95.3,95.25,95.3,36954.0
12:13,95.29,95.34,95.28,95.3,20419.0
12:14,95.31,95.32,95.26,95.28,31682.0
12:15,95.33,95.36,95.3,95.31,21397.0
12:16,95.31,95.35,95.31,95.32,10248.0
12:17,95.32,95.33,95.3,95.31,20009.0
12:18,95.33,95.34,95.32,95.32,11900.0
12:19,95.33,95.35,95.31,95.34,34411.0
12:20,95.32,95.33,95.3,95.33,12665.0
12:21,95.35,95.35,95.32,95.33,16554.0
12:22,95.38,95.38,95.36,95.37,19397.0
12:23,95.39,95.39,95.38,95.38,15046.0
12:24,95.38,95.39,95.36,95.38,15107.0
12:25,95.38,95.39,95.35,95.37,19404.0
12:26,95.43,95.44,95.37,95.38,24232.0
12:27,95.43,95.44,95.4,95.44,29370.0
12:28,95.43,95.44,95.41,95.43,16834.0
12:29,95.44,95.46,95.43,95.43,35325.0
12:30,95.31,95.44,95.3,95.43,66720.0
12:31,95.37,95.38,95.3,95.32,44102.0
12:32,95.33,95.36,95.32,95.36,11531.0
12:33,95.34,95.36,95.34,95.34,4998.0
12:34,95.38,95.39,95.35,95.35,10355.0
12:35,95.42,95.44,95.39,95.39,12389.0
12:36,95.41,95.43,95.41,95.41,5472.0
12:37,95.42,95.43,95.4,95.42,11056.0
12:38,95.41,95.42,95.4,95.42,9909.0
12:39,95.41,95.43,95.41,95.42,15178.0
12:40,95.43,95.43,95.4,95.4,13705.0
12:41,95.46,95.47,95.43,95.43,18137.0
12:42,95.47,95.47,95.45,95.46,15079.0
12:43,95.5,95.5,95.47,95.47,23135.0
12:44,95.46,95.52,95.46,95.51,18933.0
12:45,95.48,95.5,95.46,95.46,8449.0
12:46,95.48,95.5,95.48,95.49,13990.0
12:47,95.49,95.51,95.49,95.49,8783.0
12:48,95.5,95.51,95.49,95.49,8438.0
12:49,95.52,95.53,95.5,95.5,7989.0
12:50,95.51,95.54,95.49,95.53,25828.0
12:51,95.47,95.5,95.47,95.5,17867.0
12:52,95.46,95.5,95.46,95.48,17892.0
12:53,95.45,95.49,95.45,95.47,27151.0
12:54,95.46,95.49,95.45,95.45,25422.0
12:55,95.43,95.46,95.43,95.46,12037.0
12:56,95.43,95.44,95.43,95.43,13480.0
12:57,95.43,95.44,95.42,95.43,13611.0
12:58,95.39,95.43,95.37,95.43,15444.0
12:59,95.38,95.43,95.38,95.39,15468.0
13:00,95.38,95.39,95.36,95.38,15727.0
13:01,95.39,95.41,95.37,95.37,17640.0
13:02,95.42,95.42,95.39,95.39,7335.0
13:03,95.41,95.42,95.4,95.41,10353.0
13:04,95.37,95.41,95.36,95.41,16792.0
13:05,95.4,95.41,95.37,95.37,15267.0
13:06,95.38,95.41,95.36,95.41,15892.0
13:07,95.39,95.4,95.37,95.37,18321.0
13:08,95.4,95.42,95.39,95.4,23542.0
13:09,95.43,95.43,95.39,95.4,11823.0
13:10,95.44,95.44,95.41,95.43,16722.0
13:11,95.47,95.48,95.43,95.44,18008.0
13:12,95.46,95.48,95.45,95.46,11860.0
13:13,95.43,95.46,95.42,95.46,24411.0
13:14,95.54,95.55,95.42,95.43,26416.0
13:15,95.54,95.57,95.54,95.54,14785.0
13:16,95.52,95.54,95.5,95.54,11195.0
13:17,95.54,95.55,95.51,95.52,10905.0
13:18,95.51,95.56,95.51,95.54,17916.0
13:19,95.54,95.54,95.53,95.53,8061.0
13:20,95.57,95.58,95.54,95.54,58391.0
13:21,95.62,95.63,95.57,95.57,20225.0
13:22,95.61,95.62,95.6,95.62,11534.0
13:23,95.6,95.61,95.59,95.61,8658.0
13:24,95.6,95.6,95.58,95.6,10807.0
13:25,95.59,95.61,95.59,95.59,17239.0
13:26,95.61,95.61,95.58,95.58,13714.0
13:27,95.61,95.61,95.6,95.6,7673.0
13:28,95.59,95.61,95.57,95.61,17238.0
13:29,95.58,95.59,95.57,95.58,12792.0
13:30,95.6,95.6,95.58,95.58,14890.0
13:31,95.61,95.61,95.59,95.6,9263.0
13:32,95.61,95.63,95.6,95.6,15881.0
13:33,95.64,95.64,95.6,95.61,15927.0
13:34,95.64,95.64,95.63,95.64,13674.0
13:35,95.65,95.66,95.62,95.63,15109.0
13:36,95.63,95.65,95.58,95.64,26464.0
13:37,95.64,95.65,95.61,95.62,11646.0
13:38,95.6,95.65,95.59,95.65,12149.0
13:39,95.57,95.59,95.56,95.59,9289.0
13:40,95.58,95.61,95.56,95.57,15644.0
13:41,95.5,95.59,95.5,95.59,19689.0
13:42,95.56,95.56,95.5,95.5,10600.0
13:43,95.54,95.56,95.54,95.56,10853.0
13:44,95.53,95.55,95.53,95.54,16967.0
13:45,95.58,95.59,95.53,95.54,23644.0
13:46,95.56,95.59,95.55,95.59,13503.0
13:47,95.58,95.58,95.55,95.56,9356.0
13:48,95.58,95.59,95.58,95.59,7188.0
13:49,95.6,95.61,95.58,95.58,8601.0
13:50,95.63,95.63,95.59,95.59,17750.0
13:51,95.66,95.66,95.63,95.63,7298.0
13:52,95.64,95.67,95.64,95.65,25312.0
13:53,95.63,95.65,95.63,95.64,12028.0
13:54,95.62,95.63,95.6,95.63,10880.0
13:55,95.6,95.62,95.6,95.62,6885.0
13:56,95.6,95.6,95.58,95.6,10539.0
13:57,95.6,95.61,95.59,95.59,11093.0
13:58,95.6,95.62,95.6,95.61,17577.0
13:59,95.57,95.6,95.57,95.6,8052.0
14:00,95.57,95.58,95.56,95.58,7738.0
14:01,95.55,95.57,95.54,95.57,12191.0
14:02,95.56,95.58,95.54,95.54,17220.0
14:03,95.53,95.56,95.52,95.56,11070.0
14:04,95.51,95.54,95.5,95.54,14929.0
14:05,95.49,95.52,95.48,95.5,20145.0
14:06,95.45,95.49,95.45,95.48,10804.0
14:07,95.39,95.45,95.36,95.44,18015.0
14:08,95.38,95.39,95.36,95.39,16724.0
14:09,95.39,95.39,95.38,95.39,13364.0
14:10,95.35,95.38,95.35,95.38,17715.0
14:11,95.29,95.35,95.28,95.35,17257.0
14:12,95.26,95.31,95.25,95.29,21158.0
14:13,95.24,95.26,95.21,95.25,36993.0
14:14,95.25,95.26,95.21,95.25,16309.0
14:15,95.28,95.28,95.25,95.25,21321.0
14:16,95.26,95.29,95.26,95.28,17793.0
14:17,95.24,95.26,95.21,95.26,19324.0
14:18,95.26,95.27,95.23,95.24,17575.0
14:19,95.24,95.27,95.24,95.27,11653.0
14:20,95.29,95.3,95.24,95.25,15544.0
14:21,95.3,95.3,95.26,95.29,16438.0
14:22,95.33,95.33,95.29,95.29,16891.0
14:23,95.32,95.35,95.31,95.33,12123.0
14:24,95.34,95.34,95.31,95.32,9873.0
14:25,95.32,95.33,95.29,95.33,16764.0
14:26,95.36,95.36,95.3,95.32,17594.0
14:27,95.32,95.36,95.31,95.36,16956.0
14:28,95.31,95.33,95.3,95.32,9791.0
14:29,95.34,95.34,95.31,95.31,17746.0
14:30,95.33,95.35,95.32,95.33,12747.0
14:31,95.35,95.36,95.34,95.34,16513.0
14:32,95.36,95.36,95.33,95.35,23489.0
14:33,95.36,95.36,95.33,95.36,17956.0
14:34,95.38,95.4,95.36,95.36,20859.0
14:35,95.39,95.39,95.36,95.37,8977.0
14:36,95.39,95.4,95.38,95.39,15035.0
14:37,95.4,95.42,95.39,95.39,13775.0
14:38,95.4,95.41,95.4,95.41,12183.0
14:39,95.46,95.46,95.39,95.4,35731.0
14:40,95.46,95.47,95.45,95.46,8240.0
14:41,95.47,95.49,95.46,95.46,21803.0
14:42,95.45,95.47,95.45,95.47,10387.0
14:43,95.43,95.46,95.42,95.46,24305.0
14:44,95.46,95.47,95.44,95.44,15534.0
14:45,95.5,95.51,95.46,95.46,18115.0
14:46,95.52,95.55,95.51,95.51,23949.0
14:47,95.51,95.54,95.51,95.51,15794.0
14:48,95.54,95.54,95.51,95.51,11280.0
14:49,95.56,95.58,95.54,95.54,23303.0
14:50,95.54,95.56,95.51,95.56,17733.0
14:51,95.54,95.55,95.53,95.54,14572.0
14:52,95.52,95.56,95.52,95.54,18713.0
14:53,95.5,95.53,95.5,95.53,12946.0
14:54,95.53,95.53,95.48,95.5,27208.0
14:55,95.49,95.52,95.47,95.52,17741.0
14:56,95.47,95.5,95.47,95.49,21488.0
14:57,95.51,95.53,95.47,95.47,34191.0
14:58,95.51,95.54,95.5,95.51,30740.0
14:59,95.51,95.52,95.5,95.51,14164.0
15:00,95.5,95.52,95.5,95.5,13533.0
15:01,95.5,95.5,95.48,95.5,17918.0
15:02,95.46,95.5,95.46,95.49,27799.0
15:03,95.46,95.49,95.46,95.46,15499.0
15:04,95.46,95.48,95.45,95.45,15787.0
15:05,95.44,95.46,95.44,95.46,12785.0
15:06,95.49,95.49,95.45,95.45,18290.0
15:07,95.48,95.51,95.47,95.49,14248.0
15:08,95.5,95.52,95.47,95.47,19331.0
15:09,95.5,95.53,95.5,95.53,16920.0
15:10,95.52,95.52,95.5,95.51,13864.0
15:11,95.51,95.52,95.51,95.51,11739.0
15:12,95.5,95.51,95.48,95.51,15368.0
15:13,95.53,95.53,95.48,95.51,29041.0
15:14,95.53,95.54,95.51,95.53,14059.0
15:15,95.54,95.54,95.51,95.53,20898.0
15:16,95.61,95.61,95.54,95.54,25795.0
15:17,95.61,95.62,95.58,95.61,20039.0
15:18,95.57,95.61,95.57,95.61,15237.0
15:19,95.53,95.57,95.53,95.57,22639.0
15:20,95.51,95.54,95.49,95.54,26976.0
15:21,95.53,95.54,95.51,95.51,17221.0
15:22,95.54,95.56,95.52,95.52,37960.0
15:23,95.53,95.55,95.53,95.54,22803.0
15:24,95.53,95.53,95.51,95.53,15581.0
15:25,95.53,95.54,95.51,95.52,25615.0
15:26,95.58,95.58,95.53,95.54,25712.0
15:27,95.57,95.58,95.57,95.57,20241.0
15:28,95.61,95.61,95.57,95.57,27784.0
15:29,95.61,95.63,95.6,95.61,23386.0
15:30,95.62,95.62,95.58,95.61,22430.0
15:31,95.64,95.68,95.62,95.62,47256.0
15:32,95.61,95.64,95.61,95.63,21242.0
15:33,95.61,95.62,95.6,95.61,20469.0
15:34,95.6,95.62,95.59,95.61,22903.0
15:35,95.62,95.64,95.6,95.6,28295.0
15:36,95.63,95.65,95.61,95.61,24178.0
15:37,95.68,95.68,95.62,95.63,23272.0
15:38,95.67,95.68,95.64,95.68,29137.0
15:39,95.64,95.67,95.64,95.66,16389.0
15:40,95.66,95.66,95.63,95.64,15530.0
15:41,95.68,95.68,95.65,95.65,37182.0
15:42,95.71,95.71,95.67,95.68,27587.0
15:43,95.68,95.7,95.68,95.7,26887.0
15:44,95.67,95.7,95.67,95.68,40914.0
15:45,95.67,95.69,95.64,95.67,34105.0
15:46,95.69,95.7,95.67,95.67,24394.0
15:47,95.69,95.71,95.68,95.69,31604.0
15:48,95.69,95.7,95.68,95.69,23450.0
15:49,95.75,95.77,95.69,95.69,57267.0
15:50,95.75,95.75,95.71,95.74,75561.0
15:51,95.69,95.76,95.68,95.75,53796.0
15:52,95.69,95.73,95.68,95.68,60208.0
15:53,95.71,95.74,95.69,95.7,62257.0
15:54,95.75,95.77,95.69,95.71,71653.0
15:55,95.79,95.79,95.73,95.75,102974.0
15:56,95.76,95.81,95.73,95.79,145755.0
15:57,95.81,95.82,95.75,95.77,126496.0
15:58,95.83,95.83,95.79,95.81,124321.0
15:59,95.76,95.84,95.75,95.82,262922.0
