Time,Close,High,Low,Open,Volume
09:30,295.95,296.37,295.47,296.24,256674.0
09:31,296.02,296.04,295.63,295.88,27924.0
09:32,295.79,296.11,295.45,296.0,53708.0
09:33,295.85,296.13,295.66,295.81,17091.0
09:34,295.39,295.67,295.25,295.61,48485.0
09:35,295.39,295.45,295.1,295.39,86389.0
09:36,295.93,295.93,295.39,295.39,28237.0
09:37,296.21,296.28,295.88,295.88,23777.0
09:38,296.22,296.84,296.19,296.21,48619.0
09:39,296.6,296.6,296.28,296.3,18200.0
09:40,296.77,296.88,296.65,296.65,15522.0
09:41,297.0,297.01,296.79,296.83,24599.0
09:42,297.13,297.13,296.91,296.98,29089.0
09:43,297.0,297.35,297.0,297.18,23645.0
09:44,297.02,297.08,296.83,297.03,12940.0
09:45,297.07,297.21,297.0,297.03,19700.0
09:46,296.96,297.15,296.87,297.06,27322.0
09:47,296.4,296.91,296.4,296.91,21366.0
09:48,296.07,296.38,295.99,296.38,34662.0
09:49,296.37,296.42,296.03,296.13,19079.0
09:50,296.55,296.57,296.19,296.3,16506.0
09:51,296.66,296.75,296.57,296.57,10449.0
09:52,297.04,297.06,296.64,296.66,20641.0
09:53,297.02,297.1,296.98,297.05,10623.0
09:54,296.79,296.98,296.62,296.98,17178.0
09:55,296.77,296.94,296.71,296.8,15841.0
09:56,296.85,296.88,296.69,296.77,7470.0
09:57,296.68,296.92,296.58,296.91,14293.0
09:58,296.96,296.96,296.6,296.67,13588.0
09:59,297.03,297.03,296.85,296.95,20145.0
10:00,297.16,297.17,297.01,297.01,22324.0
10:01,297.12,297.21,296.93,297.11,15459.0
10:02,296.68,297.05,296.55,297.04,14419.0
10:03,296.36,296.65,296.36,296.62,18802.0
10:04,296.31,296.42,296.25,296.42,15514.0
10:05,296.5,296.5,296.21,296.31,16815.0
10:06,296.32,296.42,296.16,296.39,14053.0
10:07,296.47,296.54,296.23,296.32,18672.0
10:08,296.26,296.26,296.26,296.26,14770.0
10:09,296.3,296.3,296.15,296.21,10718.0
10:10,296.06,296.3,296.01,296.3,9822.0
10:11,295.61,296.04,295.39,296.04,18538.0
10:12,295.41,295.63,295.4,295.63,15168.0
10:13,295.33,295.45,295.21,295.39,15672.0
10:14,295.43,295.46,295.29,295.33,10626.0
10:15,295.5,295.52,295.38,295.45,35311.0
10:16,295.52,295.62,295.36,295.48,20214.0
10:17,295.3,295.45,295.27,295.44,12275.0
10:18,295.26,295.4,295.2,295.39,15037.0
10:19,295.21,295.38,295.2,295.28,15509.0
10:20,295.15,295.36,295.13,295.23,22724.0
10:21,295.12,295.45,295.09,295.21,22902.0
10:22,295.17,295.18,294.96,295.13,22552.0
10:23,295.46,295.46,295.18,295.18,11393.0
10:24,295.4,295.45,295.32,295.45,16248.0
10:25,295.56,295.64,295.39,295.4,10386.0
10:26,295.71,295.75,295.65,295.69,10873.0
10:27,295.83,295.87,295.64,295.64,14593.0
10:28,295.74,295.87,295.69,295.83,15543.0
10:29,295.9,295.96,295.7,295.7,15328.0
10:30,295.75,295.96,295.73,295.96,16226.0
10:31,295.9,295.9,295.73,295.77,14535.0
10:32,295.83,295.92,295.75,295.85,14805.0
10:33,295.92,295.92,295.75,295.83,7738.0
10:34,295.77,295.88,295.76,295.88,87113.0
10:35,295.87,295.93,295.73,295.73,29549.0
10:36,295.86,296.04,295.82,295.9,30654.0
10:37,295.82,295.92,295.8,295.89,21067.0
10:38,295.71,295.84,295.64,295.8,12725.0
10:39,295.82,295.89,295.78,295.78,23424.0
10:40,295.87,295.89,295.73,295.81,33443.0
10:41,295.82,296.02,295.81,295.86,26304.0
10:42,295.52,295.81,295.46,295.81,29230.0
10:43,295.21,295.55,295.21,295.55,29785.0
10:44,295.33,295.43,295.27,295.28,24044.0
10:45,295.37,295.51,295.35,295.38,8199.0
10:46,295.24,295.44,295.21,295.37,16004.0
10:47,295.32,295.32,295.11,295.21,12172.0
10:48,295.25,295.3,295.24,295.3,5165.0
10:49,295.33,295.35,295.22,295.25,15499.0
10:50,295.36,295.36,295.28,295.3,3856.0
10:51,295.22,295.49,295.2,295.33,19228.0
10:52,295.24,295.3,295.17,295.18,11136.0
10:53,295.17,295.28,295.17,295.25,6216.0
10:54,295.16,295.24,295.12,295.12,9097.0
10:55,295.05,295.26,295.05,295.2,15696.0
10:56,295.28,295.32,295.03,295.04,24796.0
10:57,295.59,295.65,295.35,295.35,22098.0
10:58,295.59,295.64,295.5,295.59,15637.0
10:59,295.83,295.83,295.59,295.6,12269.0
11:00,295.7,295.9,295.7,295.79,24815.0
11:01,295.7,295.76,295.65,295.66,19634.0
11:02,295.38,295.64,295.33,295.64,14306.0
11:03,295.32,295.32,295.17,295.31,25104.0
11:04,295.49,295.49,295.32,295.36,21648.0
11:05,295.58,295.61,295.49,295.49,12683.0
11:06,295.57,295.63,295.56,295.58,8467.0
11:07,295.77,295.77,295.55,295.56,14346.0
11:08,295.74,295.82,295.63,295.79,19031.0
11:09,295.64,295.75,295.62,295.73,15877.0
11:10,295.67,295.73,295.55,295.64,20038.0
11:11,295.7,295.76,295.51,295.63,13559.0
11:12,295.7,295.74,295.61,295.7,5448.0
11:13,295.63,295.65,295.54,295.64,8581.0
11:14,295.75,295.76,295.61,295.63,9097.0
11:15,295.76,295.8,295.71,295.73,8946.0
11:16,295.66,295.91,295.66,295.76,13163.0
11:17,295.73,295.76,295.7,295.73,4100.0
11:18,295.63,295.73,295.62,295.72,7779.0
11:19,295.74,295.82,295.67,295.68,17192.0
11:20,295.67,295.79,295.67,295.73,9752.0
11:21,295.7,295.73,295.62,295.73,8550.0
11:22,295.71,295.77,295.68,295.7,5097.0
11:23,295.73,295.77,295.68,295.72,2819.0
11:24,295.55,295.72,295.53,295.71,9693.0
11:25,295.59,295.64,295.53,295.6,7370.0
11:26,295.48,295.63,295.48,295.58,13269.0
11:27,295.47,295.51,295.4,295.45,6588.0
11:28,295.53,295.53,295.42,295.42,6303.0
11:29,295.45,295.53,295.3,295.48,23817.0
11:30,295.45,295.6,295.41,295.46,20129.0
11:31,295.43,295.6,295.4,295.53,6949.0
11:32,295.41,295.5,295.38,295.42,15444.0
11:33,295.16,295.42,295.16,295.42,7437.0
11:34,295.14,295.23,295.12,295.15,5789.0
11:35,294.96,295.11,294.95,295.11,8013.0
11:36,294.92,295.0,294.91,294.98,7952.0
11:37,294.85,294.93,294.76,294.93,12309.0
11:38,294.83,294.84,294.75,294.79,10739.0
11:39,294.68,294.83,294.58,294.83,10144.0
11:40,294.65,294.7,294.6,294.62,8088.0
11:41,294.5,294.64,294.4,294.64,14652.0
11:42,294.39,294.52,294.37,294.49,6297.0
11:43,294.44,294.45,294.39,294.39,4501.0
11:44,294.44,294.45,294.4,294.44,4564.0
11:45,294.41,294.45,294.36,294.45,11505.0
11:46,294.45,294.48,294.32,294.41,12378.0
11:47,294.42,294.51,294.4,294.42,2695.0
11:48,294.3,294.44,294.14,294.43,60129.0
11:49,294.33,294.33,294.22,294.29,11293.0
11:50,294.4,294.4,294.28,294.33,9142.0
11:51,294.64,294.64,294.37,294.4,9592.0
11:52,294.77,294.8,294.61,294.61,7273.0
11:53,294.76,294.76,294.63,294.73,12938.0
11:54,294.76,294.81,294.71,294.76,5833.0
11:55,294.68,294.79,294.61,294.79,10972.0
11:56,294.8,294.8,294.68,294.68,11445.0
11:57,294.79,294.8,294.74,294.8,3421.0
11:58,294.81,294.81,294.7,294.75,13722.0
11:59,294.75,294.8,294.73,294.73,5454.0
12:00,294.99,295.0,294.75,294.75,8398.0
12:01,294.98,295.02,294.95,294.96,5120.0
12:02,295.15,295.16,294.98,294.99,16909.0
12:03,295.14,295.16,295.08,295.15,11858.0
12:04,295.18,295.2,295.06,295.14,8692.0
12:05,295.26,295.28,295.18,295.18,6886.0
12:06,295.29,295.33,295.23,295.27,11682.0
12:07,295.38,295.38,295.26,295.26,5475.0
12:08,295.45,295.45,295.35,295.35,6686.0
12:09,295.5,295.53,295.44,295.44,6551.0
12:10,295.59,295.59,295.48,295.48,6794.0
12:11,295.58,295.58,295.52,295.53,1579.0
12:12,295.59,295.65,295.56,295.57,4204.0
12:13,295.71,295.72,295.65,295.68,98602.0
12:14,295.69,295.74,295.62,295.74,7931.0
12:15,295.65,295.74,295.59,295.68,6231.0
12:16,295.65,295.65,295.56,295.59,7362.0
12:17,295.72,295.75,295.69,295.73,5147.0
12:18,295.84,295.88,295.77,295.77,6850.0
12:19,295.71,295.86,295.71,295.86,10688.0
12:20,295.7,295.75,295.68,295.71,4099.0
12:21,295.69,295.7,295.69,295.7,2356.0
12:22,295.72,295.72,295.67,295.68,3286.0
12:23,295.62,295.72,295.62,295.67,7224.0
12:24,295.54,295.69,295.54,295.66,3984.0
12:25,295.53,295.61,295.53,295.54,2230.0
12:26,295.68,295.68,295.57,295.57,4805.0
12:27,295.74,295.74,295.67,295.67,1888.0
12:28,295.55,295.73,295.53,295.73,12938.0
12:29,295.53,295.57,295.52,295.55,5063.0
12:30,295.53,295.57,295.53,295.57,2308.0
12:31,295.53,295.58,295.52,295.54,6073.0
12:32,295.61,295.65,295.56,295.56,5152.0
12:33,295.64,295.67,295.62,295.67,4134.0
12:34,295.55,295.64,295.55,295.62,7558.0
12:35,295.6,295.6,295.6,295.6,1115.0
12:36,295.59,295.6,295.54,295.59,2236.0
12:37,295.5,295.65,295.49,295.63,11983.0
12:38,295.55,295.56,295.51,295.51,2931.0
12:39,295.55,295.59,295.52,295.57,2983.0
12:40,295.6,295.6,295.55,295.55,3418.0
12:41,295.6,295.65,295.57,295.59,2568.0
12:42,295.67,295.7,295.62,295.62,5283.0
12:43,295.65,295.68,295.61,295.66,9402.0
12:44,295.68,295.68,295.62,295.62,2468.0
12:45,295.72,295.75,295.68,295.68,8492.0
12:46,295.62,295.71,295.6,295.71,4520.0
12:47,295.55,295.61,295.53,295.61,4562.0
12:48,295.52,295.56,295.51,295.51,2911.0
12:49,295.58,295.58,295.55,295.55,2066.0
12:50,295.61,295.65,295.55,295.61,8273.0
12:51,295.55,295.63,295.55,295.58,2632.0
12:52,295.55,295.6,295.54,295.6,4814.0
12:53,295.6,295.6,295.54,295.54,2224.0
12:54,295.71,295.77,295.6,295.6,6889.0
12:55,295.67,295.7,295.67,295.7,1725.0
12:56,295.55,295.65,295.55,295.64,9140.0
12:57,295.58,295.58,295.53,295.53,2217.0
12:58,295.57,295.59,295.52,295.58,5599.0
12:59,295.45,295.52,295.41,295.52,8428.0
13:00,295.43,295.44,295.43,295.43,2393.0
13:01,295.04,295.39,295.04,295.39,13601.0
13:02,295.23,295.23,295.09,295.09,7546.0
13:03,295.28,295.28,295.22,295.22,2192.0
13:04,295.0,295.27,294.96,295.21,14355.0
13:05,295.16,295.16,295.07,295.08,6655.0
13:06,295.25,295.26,295.09,295.09,11119.0
13:07,295.39,295.39,295.22,295.22,2015.0
13:08,295.38,295.39,295.32,295.32,3189.0
13:09,295.42,295.42,295.34,295.35,6207.0
13:10,295.45,295.45,295.4,295.42,8359.0
13:11,295.49,295.5,295.43,295.44,5341.0
13:12,295.48,295.48,295.45,295.47,7071.0
13:13,295.52,295.53,295.48,295.48,6316.0
13:14,295.54,295.56,295.51,295.51,2543.0
13:15,295.49,295.54,295.49,295.54,8191.0
13:16,295.51,295.56,295.48,295.48,5472.0
13:17,295.5,295.52,295.45,295.52,4785.0
13:18,295.45,295.5,295.43,295.5,3054.0
13:19,295.32,295.48,295.32,295.44,6280.0
13:20,295.35,295.39,295.32,295.33,9689.0
13:21,295.36,295.41,295.32,295.35,6455.0
13:22,295.35,295.35,295.31,295.31,3036.0
13:23,295.34,295.35,295.3,295.35,4385.0
13:24,295.34,295.34,295.34,295.34,770.0
13:25,295.35,295.38,295.34,295.34,1673.0
13:26,295.42,295.45,295.38,295.38,8245.0
13:27,295.33,295.42,295.32,295.42,4915.0
13:28,295.29,295.36,295.29,295.33,7959.0
13:29,295.35,295.38,295.28,295.28,4362.0
13:30,295.4,295.44,295.34,295.34,8344.0
13:31,295.29,295.39,295.24,295.35,5891.0
13:32,295.21,295.33,295.21,295.32,6171.0
13:33,295.18,295.21,295.15,295.21,4112.0
13:34,295.17,295.23,295.17,295.18,2826.0
13:35,295.19,295.2,295.19,295.2,3161.0
13:36,295.16,295.19,295.16,295.19,8278.0
13:37,295.1,295.17,295.07,295.11,5978.0
13:38,295.03,295.15,295.03,295.11,5025.0
13:39,295.05,295.08,295.03,295.06,3301.0
13:40,294.86,295.05,294.86,295.05,13217.0
13:41,294.92,294.94,294.85,294.86,5095.0
13:42,295.05,295.05,294.89,294.96,2958.0
13:43,295.2,295.21,295.08,295.09,8693.0
13:44,295.16,295.24,295.16,295.21,6405.0
13:45,295.17,295.25,295.14,295.14,10665.0
13:46,295.12,295.17,295.12,295.16,3334.0
13:47,295.07,295.09,295.07,295.08,885.0
13:48,295.1,295.11,295.09,295.09,2195.0
13:49,295.09,295.14,295.09,295.11,4409.0
13:50,295.0,295.12,295.0,295.12,5309.0
13:51,295.08,295.1,295.05,295.05,6019.0
13:52,295.11,295.14,295.07,295.07,3649.0
13:53,295.09,295.11,295.04,295.1,8836.0
13:54,295.06,295.12,294.98,295.09,16117.0
13:55,295.05,295.09,295.01,295.01,5785.0
13:56,295.12,295.14,295.05,295.05,5822.0
13:57,295.11,295.14,294.99,295.1,7831.0
13:58,295.12,295.13,295.12,295.13,2440.0
13:59,295.02,295.1,295.0,295.1,8839.0
14:00,294.97,295.04,294.96,295.04,7916.0
14:01,295.03,295.06,294.97,294.97,7586.0
14:02,294.93,295.04,294.93,295.04,7331.0
14:03,294.94,294.96,294.94,294.96,4131.0
14:04,295.03,295.03,294.98,294.98,3565.0
14:05,295.01,295.05,295.01,295.03,3508.0
14:06,294.98,295.07,294.98,295.01,9340.0
14:07,295.11,295.15,295.0,295.01,5828.0
14:08,295.14,295.18,295.09,295.11,6401.0
14:09,295.1,295.16,295.1,295.14,3125.0
14:10,295.1,295.12,295.08,295.12,5572.0
14:11,295.02,295.13,295.0,295.1,6109.0
14:12,295.14,295.18,295.07,295.07,4542.0
14:13,295.2,295.23,295.2,295.23,2614.0
14:14,295.23,295.23,295.19,295.21,2674.0
14:15,295.16,295.25,295.16,295.24,9193.0
14:16,295.13,295.2,295.13,295.17,3051.0
14:17,295.18,295.18,295.18,295.18,1904.0
14:18,295.18,295.18,295.13,295.18,2443.0
14:19,295.17,295.2,295.17,295.17,3444.0
14:20,295.2,295.2,295.17,295.2,3098.0
14:21,295.32,295.32,295.17,295.2,10001.0
14:22,295.15,295.3,295.14,295.29,9566.0
14:23,295.26,295.26,295.18,295.18,3748.0
14:24,295.18,295.28,295.18,295.26,6100.0
14:25,295.18,295.18,295.18,295.18,886.0
14:26,295.19,295.23,295.11,295.15,11117.0
14:27,295.34,295.39,295.21,295.21,7021.0
14:28,295.46,295.47,295.34,295.34,5208.0
14:29,295.43,295.46,295.41,295.46,10009.0
14:30,295.38,295.43,295.37,295.42,5657.0
14:31,295.4,295.44,295.35,295.35,7691.0
14:32,295.46,295.49,295.44,295.45,4933.0
14:33,295.46,295.5,295.42,295.5,2164.0
14:34,295.52,295.53,295.46,295.46,10464.0
14:35,295.38,295.51,295.38,295.51,8796.0
14:36,295.36,295.4,295.34,295.38,5242.0
14:37,295.44,295.47,295.35,295.38,3347.0
14:38,295.45,295.48,295.41,295.44,5610.0
14:39,295.42,295.48,295.4,295.45,6007.0
14:40,295.46,295.48,295.41,295.41,10057.0
14:41,295.4,295.44,295.38,295.44,8586.0
14:42,295.48,295.48,295.37,295.37,3227.0
14:43,295.49,295.49,295.44,295.46,6616.0
14:44,295.52,295.52,295.45,295.48,6468.0
14:45,295.39,295.48,295.37,295.48,8412.0
14:46,295.49,295.49,295.36,295.39,5705.0
14:47,295.52,295.53,295.49,295.49,16155.0
14:48,295.54,295.56,295.49,295.52,6852.0
14:49,295.55,295.55,295.52,295.55,4231.0
14:50,295.58,295.59,295.53,295.53,4890.0
14:51,295.61,295.64,295.57,295.58,8073.0
14:52,295.67,295.67,295.56,295.62,5488.0
14:53,295.61,295.62,295.55,295.62,6818.0
14:54,295.63,295.66,295.61,295.61,7842.0
14:55,295.65,295.66,295.64,295.64,6355.0
14:56,295.67,295.67,295.56,295.65,8339.0
14:57,295.66,295.72,295.65,295.68,9188.0
14:58,295.62,295.68,295.61,295.65,4741.0
14:59,295.52,295.62,295.5,295.59,7499.0
15:00,295.42,295.56,295.41,295.56,5786.0
15:01,295.31,295.46,295.3,295.4,6935.0
15:02,295.35,295.38,295.29,295.29,7921.0
15:03,295.45,295.45,295.36,295.38,8454.0
15:04,295.45,295.5,295.42,295.45,7478.0
15:05,295.45,295.46,295.42,295.45,3591.0
15:06,295.45,295.5,295.42,295.46,8961.0
15:07,295.49,295.49,295.42,295.42,5054.0
15:08,295.52,295.52,295.47,295.48,11864.0
15:09,295.42,295.51,295.42,295.51,6169.0
15:10,295.39,295.43,295.39,295.42,10298.0
15:11,295.38,295.4,295.34,295.39,8417.0
15:12,295.4,295.42,295.31,295.39,8838.0
15:13,295.38,295.4,295.36,295.38,8412.0
15:14,295.41,295.47,295.38,295.38,15703.0
15:15,295.25,295.45,295.25,295.44,13968.0
15:16,295.24,295.24,295.12,295.24,7362.0
15:17,295.18,295.28,295.17,295.23,8707.0
15:18,295.14,295.2,295.1,295.18,60210.0
15:19,295.16,295.18,295.06,295.15,9299.0
15:20,295.29,295.35,295.17,295.2,12580.0
15:21,295.17,295.31,295.09,295.26,9244.0
15:22,295.11,295.17,295.1,295.17,9056.0
15:23,295.15,295.16,295.11,295.11,11875.0
15:24,295.1,295.16,295.08,295.15,9184.0
15:25,295.04,295.11,295.01,295.09,12899.0
15:26,295.08,295.1,295.04,295.04,9917.0
15:27,295.07,295.1,295.06,295.08,10777.0
15:28,295.02,295.1,295.02,295.06,13557.0
15:29,295.04,295.12,295.02,295.04,13826.0
15:30,295.07,295.13,294.96,295.02,15631.0
15:31,295.02,295.07,295.0,295.07,9675.0
15:32,295.08,295.09,295.04,295.04,15461.0
15:33,295.01,295.08,295.01,295.08,11520.0
15:34,295.03,295.07,294.99,295.01,11648.0
15:35,295.16,295.16,295.03,295.03,10271.0
15:36,295.12,295.18,295.1,295.16,13786.0
15:37,295.17,295.2,295.11,295.11,10890.0
15:38,295.25,295.27,295.12,295.14,13165.0
15:39,295.27,295.27,295.24,295.26,21710.0
15:40,295.24,295.3,295.21,295.27,21785.0
15:41,295.33,295.34,295.26,295.28,7905.0
15:42,295.33,295.34,295.28,295.33,19338.0
15:43,295.26,295.33,295.26,295.33,18021.0
15:44,295.3,295.31,295.26,295.29,8791.0
15:45,295.3,295.35,295.23,295.29,15812.0
15:46,295.26,295.32,295.23,295.3,11055.0
15:47,295.3,295.3,295.23,295.25,10604.0
15:48,295.25,295.32,295.23,295.3,22367.0
15:49,295.31,295.36,295.26,295.26,15514.0
15:50,295.17,295.4,295.13,295.33,30503.0
15:51,295.12,295.17,295.07,295.17,13791.0
15:52,295.15,295.2,295.12,295.12,22196.0
15:53,295.11,295.22,295.11,295.19,22895.0
15:54,295.17,295.22,295.11,295.13,19733.0
15:55,295.02,295.18,294.95,295.15,40665.0
15:56,294.94,295.07,294.91,295.03,35421.0
15:57,294.8,294.95,294.8,294.92,53958.0
15:58,294.92,294.92,294.78,294.83,72697.0
15:59,294.8,295.04,294.68,294.94,118861.0
