Time,Close,High,Low,Open,Volume
09:30,295.05,295.5,294.57,294.84,783084.0
09:31,294.02,294.96,294.02,294.96,10748.0
09:32,293.86,294.4,293.76,294.4,17443.0
09:33,293.7,293.84,293.51,293.84,24138.0
09:34,293.51,293.95,293.47,293.74,7639.0
09:35,293.37,293.59,293.11,293.47,14429.0
09:36,293.29,293.57,293.12,293.43,14139.0
09:37,293.36,293.51,293.23,293.29,18603.0
09:38,293.33,293.33,293.13,293.25,19577.0
09:39,293.24,293.31,293.02,293.31,10083.0
09:40,293.61,293.62,293.28,293.34,11157.0
09:41,293.77,293.81,293.7,293.73,17489.0
09:42,293.85,293.92,293.62,293.69,11889.0
09:43,293.53,293.87,293.47,293.85,19549.0
09:44,293.37,293.54,293.35,293.54,8882.0
09:45,293.36,293.58,293.3,293.31,30972.0
09:46,293.2,293.32,293.09,293.32,12654.0
09:47,293.23,293.36,293.19,293.28,4332.0
09:48,292.98,293.34,292.98,293.23,10545.0
09:49,292.8,293.08,292.69,293.01,20816.0
09:50,293.05,293.12,292.74,292.74,11567.0
09:51,292.81,292.9,292.8,292.81,7161.0
09:52,292.83,293.0,292.71,292.76,19024.0
09:53,292.53,292.87,292.53,292.8,23819.0
09:54,292.59,292.71,292.45,292.5,14051.0
09:55,292.62,292.68,292.55,292.59,9985.0
09:56,292.14,292.58,292.14,292.58,16097.0
09:57,292.27,292.27,292.01,292.06,11693.0
09:58,292.31,292.33,292.1,292.21,9329.0
09:59,292.34,292.34,292.21,292.24,7381.0
10:00,292.21,292.29,291.8,292.29,10915.0
10:01,292.34,292.35,292.11,292.12,10428.0
10:02,291.97,292.25,291.83,292.25,49742.0
10:03,291.81,292.03,291.81,291.92,14817.0
10:04,291.87,291.89,291.75,291.86,12122.0
10:05,291.97,291.97,291.74,291.87,16381.0
10:06,291.83,291.98,291.8,291.96,18345.0
10:07,291.48,291.83,291.42,291.81,22517.0
10:08,291.44,291.5,291.44,291.5,10928.0
10:09,291.47,291.52,291.39,291.45,9760.0
10:10,291.71,291.71,291.31,291.45,12056.0
10:11,291.23,291.55,291.16,291.54,15630.0
10:12,290.8,291.23,290.75,291.16,12854.0
10:13,290.98,291.07,290.82,290.83,64063.0
10:14,291.11,291.12,290.83,290.85,25557.0
10:15,290.75,291.17,290.69,291.13,91595.0
10:16,290.7,290.8,290.58,290.8,32076.0
10:17,290.71,290.75,290.61,290.74,17856.0
10:18,290.45,290.72,290.44,290.7,29859.0
10:19,290.36,290.62,290.3,290.45,41545.0
10:20,290.64,290.65,290.34,290.34,16583.0
10:21,290.25,290.64,290.23,290.64,13390.0
10:22,290.35,290.36,290.26,290.32,10883.0
10:23,290.45,290.58,290.32,290.37,17620.0
10:24,290.49,290.54,290.2,290.36,58331.0
10:25,290.13,290.5,290.08,290.5,27004.0
10:26,290.7,290.9,290.22,290.22,23440.0
10:27,290.92,291.02,290.72,290.77,21602.0
10:28,291.0,291.03,290.77,290.92,22548.0
10:29,290.89,290.96,290.86,290.96,120092.0
10:30,291.14,291.14,290.87,290.89,12959.0
10:31,291.09,291.14,291.02,291.14,8771.0
10:32,291.08,291.18,291.07,291.14,11900.0
10:33,290.89,291.12,290.89,291.07,9563.0
10:34,291.09,291.09,290.82,290.89,8128.0
10:35,291.21,291.21,291.01,291.08,14016.0
10:36,291.16,291.21,291.03,291.17,6186.0
10:37,291.11,291.21,291.09,291.15,9546.0
10:38,291.26,291.31,291.06,291.09,11666.0
10:39,291.45,291.5,291.25,291.26,16502.0
10:40,291.42,291.48,291.34,291.47,8676.0
10:41,291.5,291.51,291.32,291.42,8088.0
10:42,291.65,291.65,291.5,291.5,10618.0
10:43,291.37,291.7,291.35,291.7,35010.0
10:44,291.07,291.38,291.01,291.32,11960.0
10:45,291.12,291.2,291.0,291.06,7207.0
10:46,291.27,291.29,291.21,291.22,4320.0
10:47,291.22,291.39,291.19,291.27,8634.0
10:48,291.27,291.28,291.14,291.21,5995.0
10:49,291.39,291.39,291.22,291.26,8651.0
10:50,291.5,291.51,291.39,291.45,8192.0
10:51,291.43,291.48,291.33,291.42,11693.0
10:52,291.26,291.31,291.15,291.31,4697.0
10:53,291.21,291.29,291.19,291.26,5639.0
10:54,291.13,291.31,291.1,291.22,20818.0
10:55,291.16,291.23,291.07,291.11,11381.0
10:56,291.34,291.34,291.16,291.16,7186.0
10:57,291.52,291.52,291.36,291.39,6810.0
10:58,291.38,291.49,291.32,291.49,6773.0
10:59,291.32,291.43,291.3,291.39,11507.0
11:00,291.38,291.43,291.3,291.3,10568.0
11:01,291.01,291.37,291.0,291.37,9029.0
11:02,291.17,291.2,291.07,291.07,7349.0
11:03,291.11,291.14,291.01,291.14,8707.0
11:04,290.88,291.13,290.88,291.13,9352.0
11:05,290.88,291.02,290.88,290.92,10805.0
11:06,290.9,290.97,290.89,290.89,10096.0
11:07,290.93,290.99,290.9,290.9,3841.0
11:08,290.85,290.95,290.85,290.95,10611.0
11:09,291.09,291.09,290.86,290.86,16787.0
11:10,291.11,291.18,291.02,291.18,11685.0
11:11,291.25,291.25,291.02,291.11,13256.0
11:12,291.2,291.29,291.18,291.2,4451.0
11:13,291.22,291.28,291.13,291.2,5210.0
11:14,291.24,291.29,291.18,291.26,13440.0
11:15,291.27,291.31,291.22,291.31,21671.0
11:16,291.41,291.43,291.22,291.27,11024.0
11:17,291.45,291.52,291.42,291.47,8613.0
11:18,291.42,291.45,291.36,291.45,11734.0
11:19,291.32,291.37,291.26,291.36,6895.0
11:20,291.23,291.29,291.2,291.29,5693.0
11:21,291.27,291.27,291.22,291.24,5089.0
11:22,291.05,291.24,291.05,291.22,6604.0
11:23,291.03,291.11,291.0,291.11,6445.0
11:24,290.94,291.06,290.92,291.06,9149.0
11:25,290.95,291.0,290.89,290.92,5437.0
11:26,290.85,291.01,290.84,291.0,14097.0
11:27,290.85,290.88,290.77,290.81,9439.0
11:28,291.01,291.01,290.79,290.88,16207.0
11:29,291.06,291.06,291.0,291.0,5597.0
11:30,291.17,291.24,291.09,291.1,8004.0
11:31,291.17,291.35,291.14,291.19,10170.0
11:32,291.27,291.32,291.15,291.17,4689.0
11:33,291.45,291.46,291.29,291.29,3345.0
11:34,291.4,291.48,291.4,291.45,2644.0
11:35,291.4,291.52,291.4,291.43,8401.0
11:36,291.42,291.54,291.4,291.42,12541.0
11:37,291.31,291.47,291.31,291.36,7574.0
11:38,291.36,291.39,291.29,291.35,5809.0
11:39,291.08,291.36,291.08,291.36,6491.0
11:40,291.08,291.29,291.07,291.07,22062.0
11:41,291.24,291.29,291.12,291.16,5555.0
11:42,290.96,291.29,290.95,291.14,11256.0
11:43,291.05,291.08,290.94,290.98,12266.0
11:44,290.95,291.02,290.85,291.02,7421.0
11:45,291.0,291.01,290.9,290.95,4595.0
11:46,291.11,291.18,290.99,291.06,4754.0
11:47,291.14,291.22,291.14,291.22,7703.0
11:48,291.24,291.27,291.08,291.13,5735.0
11:49,291.38,291.38,291.18,291.18,6042.0
11:50,291.25,291.38,291.25,291.34,5314.0
11:51,291.48,291.48,291.24,291.25,11415.0
11:52,291.3,291.5,291.3,291.45,7179.0
11:53,291.36,291.36,291.31,291.33,2529.0
11:54,291.24,291.4,291.24,291.38,9094.0
11:55,291.26,291.36,291.22,291.27,7665.0
11:56,291.08,291.27,291.08,291.26,5553.0
11:57,291.11,291.17,291.08,291.09,8278.0
11:58,290.99,291.08,290.95,291.08,6725.0
11:59,290.94,290.98,290.89,290.98,9992.0
12:00,291.06,291.1,290.93,290.93,6870.0
12:01,291.1,291.14,291.06,291.1,5476.0
12:02,291.12,291.21,291.1,291.14,9971.0
12:03,291.0,291.11,291.0,291.09,6266.0
12:04,291.01,291.02,290.97,291.0,7845.0
12:05,291.06,291.15,291.03,291.03,9282.0
12:06,290.98,290.99,290.93,290.97,3644.0
12:07,291.01,291.01,290.9,290.93,8364.0
12:08,291.15,291.15,290.98,290.98,6460.0
12:09,291.05,291.13,291.03,291.11,5196.0
12:10,291.07,291.1,290.99,291.01,3575.0
12:11,291.02,291.1,291.02,291.1,4577.0
12:12,291.06,291.1,291.01,291.04,7088.0
12:13,291.07,291.22,291.02,291.09,24982.0
12:14,291.01,291.13,291.0,291.13,4243.0
12:15,290.82,291.04,290.82,291.04,7841.0
12:16,290.82,290.91,290.82,290.85,5845.0
12:17,290.72,290.89,290.72,290.82,7863.0
12:18,290.72,290.73,290.6,290.73,9112.0
12:19,290.77,290.78,290.68,290.69,5328.0
12:20,290.85,290.89,290.79,290.79,7573.0
12:21,290.8,290.85,290.8,290.85,4136.0
12:22,290.78,290.85,290.76,290.85,5263.0
12:23,290.83,290.86,290.78,290.78,7803.0
12:24,290.81,290.86,290.75,290.85,7532.0
12:25,290.98,290.99,290.8,290.8,12268.0
12:26,290.99,291.04,290.94,291.0,10053.0
12:27,290.98,291.1,290.97,291.05,4452.0
12:28,290.9,290.96,290.89,290.93,7391.0
12:29,290.86,290.93,290.85,290.9,6653.0
12:30,290.86,290.95,290.8,290.92,5323.0
12:31,290.79,290.92,290.79,290.87,4617.0
12:32,290.77,290.83,290.77,290.78,3294.0
12:33,290.87,290.87,290.77,290.78,4921.0
12:34,290.83,290.93,290.83,290.93,8484.0
12:35,290.76,290.82,290.75,290.78,6329.0
12:36,290.75,290.82,290.73,290.74,4101.0
12:37,290.65,290.7,290.65,290.7,3736.0
12:38,290.71,290.73,290.63,290.67,4882.0
12:39,290.68,290.72,290.66,290.71,10347.0
12:40,290.83,290.83,290.65,290.65,7702.0
12:41,290.8,290.83,290.75,290.78,4403.0
12:42,290.81,290.93,290.79,290.79,5497.0
12:43,290.63,290.84,290.59,290.83,14253.0
12:44,290.67,290.73,290.63,290.63,7332.0
12:45,290.69,290.78,290.64,290.67,8365.0
12:46,290.72,290.75,290.64,290.68,7936.0
12:47,290.52,290.76,290.52,290.74,8828.0
12:48,290.55,290.62,290.52,290.57,7861.0
12:49,290.55,290.57,290.51,290.52,3947.0
12:50,290.65,290.75,290.58,290.58,14931.0
12:51,290.66,290.72,290.59,290.64,14072.0
12:52,290.67,290.7,290.6,290.7,13214.0
12:53,290.67,290.67,290.55,290.64,9729.0
12:54,290.62,290.66,290.57,290.61,5574.0
12:55,290.51,290.61,290.51,290.61,5682.0
12:56,290.53,290.55,290.5,290.53,7692.0
12:57,290.56,290.59,290.47,290.52,37666.0
12:58,290.53,290.57,290.5,290.57,7438.0
12:59,290.34,290.5,290.34,290.48,7224.0
13:00,290.2,290.36,290.2,290.33,12866.0
13:01,290.19,290.28,290.18,290.19,12401.0
13:02,290.06,290.19,290.05,290.19,13857.0
13:03,290.0,290.15,289.99,290.05,18626.0
13:04,290.01,290.03,289.97,290.0,17078.0
13:05,289.83,289.99,289.82,289.98,14793.0
13:06,289.95,289.97,289.86,289.87,8823.0
13:07,290.11,290.12,289.94,289.94,19751.0
13:08,290.12,290.13,290.05,290.13,7469.0
13:09,290.13,290.13,290.08,290.1,2973.0
13:10,290.07,290.15,290.06,290.11,8793.0
13:11,290.1,290.1,289.97,290.01,9966.0
13:12,290.22,290.28,290.11,290.11,10985.0
13:13,290.34,290.35,290.21,290.23,26277.0
13:14,290.38,290.4,290.31,290.35,14760.0
13:15,290.43,290.5,290.4,290.41,7198.0
13:16,290.46,290.46,290.34,290.4,4687.0
13:17,290.47,290.52,290.43,290.46,6009.0
13:18,290.4,290.45,290.4,290.44,2597.0
13:19,290.48,290.5,290.41,290.42,7644.0
13:20,290.43,290.52,290.36,290.51,7875.0
13:21,290.47,290.48,290.36,290.36,10565.0
13:22,290.55,290.55,290.48,290.48,3387.0
13:23,290.59,290.59,290.52,290.52,4199.0
13:24,290.63,290.67,290.53,290.55,7944.0
13:25,290.76,290.77,290.64,290.64,7368.0
13:26,290.88,290.88,290.76,290.76,5802.0
13:27,290.92,290.93,290.88,290.88,2825.0
13:28,290.84,290.86,290.79,290.86,5208.0
13:29,290.73,290.82,290.65,290.82,6164.0
13:30,290.8,290.84,290.63,290.76,12103.0
13:31,291.02,291.02,290.86,290.86,8249.0
13:32,291.07,291.09,291.01,291.05,6058.0
13:33,291.05,291.08,290.96,291.04,8306.0
13:34,290.97,291.01,290.95,291.01,4639.0
13:35,290.83,290.97,290.83,290.97,5123.0
13:36,290.89,290.9,290.77,290.83,5418.0
13:37,290.85,290.9,290.83,290.9,4911.0
13:38,290.77,290.89,290.74,290.86,6199.0
13:39,290.84,290.84,290.72,290.74,4429.0
13:40,290.82,290.89,290.81,290.83,4336.0
13:41,290.83,290.88,290.83,290.85,2993.0
13:42,290.83,290.88,290.79,290.86,8547.0
13:43,290.96,290.96,290.83,290.83,4346.0
13:44,290.99,291.0,290.97,290.98,4084.0
13:45,291.07,291.1,291.04,291.06,8754.0
13:46,291.0,291.04,290.96,291.04,3027.0
13:47,290.9,290.98,290.78,290.98,6359.0
13:48,290.86,290.89,290.84,290.89,3900.0
13:49,290.83,290.91,290.83,290.91,3626.0
13:50,290.89,290.91,290.85,290.85,2858.0
13:51,290.85,290.9,290.82,290.9,3518.0
13:52,290.82,290.85,290.77,290.85,7706.0
13:53,290.9,290.93,290.83,290.84,6484.0
13:54,290.87,290.9,290.82,290.9,6350.0
13:55,290.92,290.95,290.88,290.88,3241.0
13:56,290.89,290.98,290.88,290.93,9463.0
13:57,290.88,290.88,290.83,290.84,4964.0
13:58,290.81,290.91,290.78,290.86,7123.0
13:59,290.8,290.8,290.77,290.79,6068.0
14:00,290.78,290.84,290.69,290.77,7740.0
14:01,290.74,290.85,290.74,290.78,8930.0
14:02,290.73,290.83,290.73,290.74,6076.0
14:03,290.82,290.94,290.69,290.72,15068.0
14:04,290.77,290.88,290.77,290.82,5749.0
14:05,290.71,290.77,290.68,290.75,6247.0
14:06,290.62,290.7,290.55,290.7,7110.0
14:07,290.73,290.75,290.66,290.7,3191.0
14:08,290.7,290.71,290.66,290.69,7346.0
14:09,290.77,290.77,290.68,290.7,3528.0
14:10,290.8,290.81,290.77,290.77,7176.0
14:11,290.9,290.9,290.8,290.8,7930.0
14:12,290.73,290.88,290.7,290.88,6581.0
14:13,290.83,290.88,290.73,290.73,6033.0
14:14,290.72,290.88,290.72,290.88,11224.0
14:15,290.61,290.74,290.58,290.71,8062.0
14:16,290.6,290.67,290.5,290.62,21246.0
14:17,290.66,290.68,290.6,290.6,5472.0
14:18,290.64,290.64,290.58,290.58,7783.0
14:19,290.63,290.67,290.59,290.63,7068.0
14:20,290.69,290.69,290.62,290.62,4936.0
14:21,290.69,290.69,290.6,290.68,7966.0
14:22,290.7,290.74,290.66,290.66,9119.0
14:23,290.79,290.8,290.68,290.68,6235.0
14:24,290.84,290.84,290.74,290.79,6368.0
14:25,290.79,290.82,290.79,290.79,1847.0
14:26,290.78,290.84,290.78,290.81,4956.0
14:27,290.87,290.87,290.75,290.75,5244.0
14:28,290.86,290.89,290.8,290.89,7733.0
14:29,290.94,291.0,290.87,290.89,13092.0
14:30,290.96,291.0,290.94,290.94,4318.0
14:31,291.0,291.0,290.87,290.96,8924.0
14:32,290.97,291.01,290.95,291.0,6253.0
14:33,291.04,291.04,290.93,290.97,13022.0
14:34,290.88,291.06,290.87,291.05,11974.0
14:35,290.9,290.95,290.88,290.89,3074.0
14:36,290.84,290.93,290.84,290.9,16498.0
14:37,290.81,290.89,290.81,290.83,8039.0
14:38,290.94,290.97,290.83,290.83,4020.0
14:39,290.98,291.0,290.9,290.95,11479.0
14:40,291.09,291.11,290.98,290.98,7288.0
14:41,291.04,291.12,290.96,291.1,13458.0
14:42,291.06,291.07,291.02,291.02,2735.0
14:43,291.05,291.08,291.02,291.02,4037.0
14:44,291.08,291.09,291.03,291.09,6605.0
14:45,291.04,291.09,291.04,291.09,3719.0
14:46,291.05,291.07,291.01,291.01,3633.0
14:47,291.05,291.07,291.03,291.03,3921.0
14:48,290.94,291.01,290.93,291.01,9646.0
14:49,290.98,290.99,290.92,290.95,5844.0
14:50,291.05,291.09,290.98,290.98,6804.0
14:51,291.08,291.11,291.08,291.1,4864.0
14:52,291.06,291.13,291.06,291.13,3305.0
14:53,291.15,291.21,291.09,291.09,9245.0
14:54,291.09,291.17,291.09,291.15,5212.0
14:55,291.1,291.18,291.09,291.11,5201.0
14:56,291.14,291.15,291.09,291.09,5251.0
14:57,291.03,291.15,290.84,291.15,19893.0
14:58,290.96,290.97,290.88,290.97,4349.0
14:59,291.04,291.05,290.96,290.96,4915.0
15:00,291.04,291.17,290.99,291.07,15455.0
15:01,291.1,291.13,291.05,291.08,9455.0
15:02,291.11,291.12,291.06,291.06,5082.0
15:03,290.91,291.12,290.83,291.12,9899.0
15:04,290.96,291.04,290.91,290.91,8644.0
15:05,290.93,291.05,290.91,290.96,9829.0
15:06,290.66,290.94,290.66,290.94,6584.0
15:07,290.85,290.85,290.75,290.78,5982.0
15:08,290.84,290.9,290.81,290.86,8411.0
15:09,290.94,290.94,290.87,290.88,6662.0
15:10,291.06,291.08,290.95,290.97,9248.0
15:11,291.09,291.09,291.02,291.06,8441.0
15:12,291.09,291.1,291.01,291.09,6959.0
15:13,291.01,291.11,291.01,291.11,6676.0
15:14,291.13,291.13,290.97,290.98,6921.0
15:15,291.26,291.26,291.1,291.12,8245.0
15:16,291.32,291.32,291.25,291.25,7178.0
15:17,291.27,291.36,291.24,291.34,7950.0
15:18,291.24,291.33,291.24,291.33,9925.0
15:19,291.28,291.33,291.26,291.26,8523.0
15:20,291.27,291.32,291.22,291.29,7384.0
15:21,291.34,291.34,291.24,291.24,7961.0
15:22,291.34,291.37,291.31,291.32,8516.0
15:23,291.4,291.44,291.34,291.38,12711.0
15:24,291.44,291.44,291.36,291.38,4420.0
15:25,291.4,291.45,291.39,291.42,12934.0
15:26,291.38,291.39,291.34,291.39,8752.0
15:27,291.31,291.45,291.31,291.39,14390.0
15:28,291.21,291.33,291.21,291.33,10399.0
15:29,291.01,291.2,291.0,291.2,9780.0
15:30,291.17,291.17,290.98,291.01,16295.0
15:31,291.07,291.19,291.02,291.15,13479.0
15:32,291.01,291.12,290.97,291.09,14033.0
15:33,290.96,291.01,290.95,290.97,11639.0
15:34,291.02,291.06,290.95,290.98,18508.0
15:35,290.87,291.02,290.86,291.01,13917.0
15:36,290.97,290.98,290.89,290.91,14738.0
15:37,290.84,290.98,290.82,290.96,10028.0
15:38,290.91,290.94,290.84,290.87,11317.0
15:39,290.71,290.93,290.71,290.93,13157.0
15:40,290.82,290.82,290.72,290.73,16141.0
15:41,290.86,290.88,290.8,290.83,19152.0
15:42,290.87,290.88,290.81,290.86,14334.0
15:43,290.89,290.9,290.83,290.84,17695.0
15:44,290.9,290.93,290.83,290.89,21417.0
15:45,290.88,290.93,290.87,290.89,23297.0
15:46,290.88,290.89,290.81,290.87,13894.0
15:47,290.89,290.92,290.84,290.89,12191.0
15:48,291.04,291.05,290.89,290.89,17080.0
15:49,291.18,291.19,291.0,291.07,20969.0
15:50,291.07,291.25,291.04,291.16,26695.0
15:51,290.9,291.07,290.9,291.06,21767.0
15:52,290.74,290.89,290.69,290.89,26074.0
15:53,290.83,290.87,290.71,290.77,23573.0
15:54,290.74,290.83,290.72,290.83,19893.0
15:55,290.59,290.73,290.54,290.72,53408.0
15:56,290.48,290.77,290.48,290.61,66913.0
15:57,290.49,290.61,290.42,290.45,80980.0
15:58,290.35,290.48,290.21,290.46,138985.0
15:59,290.49,290.6,290.3,290.37,185681.0
