Time,Close,High,Low,Open,Volume
09:30,288.91,289.93,288.01,288.98,662961.0
09:31,287.83,288.8,287.76,288.8,14274.0
09:32,288.23,288.37,287.61,287.61,13766.0
09:33,288.07,288.54,288.07,288.23,16699.0
09:34,288.21,288.21,287.87,288.1,10088.0
09:35,288.17,288.59,288.04,288.3,29905.0
09:36,288.53,288.54,288.18,288.22,14954.0
09:37,288.43,288.57,288.28,288.47,21820.0
09:38,288.25,288.67,288.2,288.5,22169.0
09:39,288.38,288.5,288.22,288.31,20950.0
09:40,288.39,288.51,288.27,288.38,15209.0
09:41,288.3,288.3,288.16,288.3,7073.0
09:42,288.47,288.47,288.2,288.24,12181.0
09:43,288.07,288.46,288.01,288.42,15444.0
09:44,288.02,288.27,287.95,288.14,12508.0
09:45,288.08,288.19,287.96,288.02,14738.0
09:46,288.28,288.28,288.05,288.06,7417.0
09:47,288.6,288.6,288.24,288.24,12327.0
09:48,288.77,288.8,288.55,288.56,16479.0
09:49,288.98,289.0,288.78,288.81,12578.0
09:50,289.08,289.13,288.85,289.01,17146.0
09:51,289.44,289.44,289.13,289.15,22878.0
09:52,289.52,289.56,289.41,289.45,8334.0
09:53,289.53,289.55,289.47,289.47,4807.0
09:54,289.45,289.51,289.39,289.47,10024.0
09:55,289.61,289.63,289.39,289.45,15559.0
09:56,289.59,289.72,289.55,289.63,11199.0
09:57,289.84,289.84,289.54,289.65,12111.0
09:58,289.85,289.9,289.73,289.82,16697.0
09:59,289.86,289.94,289.71,289.85,19306.0
10:00,289.86,289.94,289.86,289.94,36328.0
10:01,290.04,290.1,289.89,289.89,22729.0
10:02,290.02,290.07,289.85,290.07,10906.0
10:03,290.11,290.11,289.98,290.05,12971.0
10:04,290.11,290.15,289.99,290.11,22155.0
10:05,290.2,290.25,290.03,290.08,26149.0
10:06,290.51,290.53,290.26,290.27,20577.0
10:07,290.47,290.55,290.42,290.5,15266.0
10:08,290.91,290.93,290.52,290.54,47262.0
10:09,290.97,291.16,290.87,290.93,16904.0
10:10,290.88,291.07,290.85,291.07,15918.0
10:11,290.94,291.0,290.85,290.85,18187.0
10:12,290.97,291.23,290.9,290.93,22751.0
10:13,291.0,291.06,290.89,291.02,16272.0
10:14,290.77,291.06,290.76,291.01,19307.0
10:15,290.54,290.78,290.4,290.78,10766.0
10:16,290.36,290.5,290.23,290.4,23425.0
10:17,290.47,290.48,290.27,290.37,12488.0
10:18,290.47,290.53,290.4,290.46,4744.0
10:19,290.59,290.68,290.39,290.47,17072.0
10:20,290.76,290.82,290.63,290.63,13630.0
10:21,290.44,290.82,290.39,290.82,14452.0
10:22,290.39,290.48,290.24,290.39,22044.0
10:23,290.31,290.39,290.24,290.36,5680.0
10:24,290.24,290.42,290.24,290.31,10916.0
10:25,290.15,290.24,290.15,290.22,3729.0
10:26,290.09,290.23,289.98,290.21,20110.0
10:27,290.03,290.13,289.96,290.08,9298.0
10:28,290.15,290.15,290.01,290.04,5246.0
10:29,289.85,290.09,289.85,290.07,8273.0
10:30,289.9,289.9,289.77,289.87,6527.0
10:31,289.8,289.8,289.72,289.73,5040.0
10:32,289.86,289.86,289.6,289.71,7251.0
10:33,290.05,290.13,289.82,289.83,13522.0
10:34,290.07,290.17,290.07,290.09,8502.0
10:35,290.24,290.27,290.1,290.14,5768.0
10:36,290.22,290.26,290.15,290.21,6173.0
10:37,290.13,290.21,290.08,290.21,4786.0
10:38,289.82,290.2,289.74,290.2,10082.0
10:39,289.59,289.88,289.43,289.83,15463.0
10:40,289.7,289.77,289.44,289.52,11536.0
10:41,289.61,289.72,289.54,289.71,6648.0
10:42,289.61,289.62,289.53,289.61,2810.0
10:43,289.5,289.71,289.5,289.64,9320.0
10:44,289.57,289.67,289.52,289.54,22428.0
10:45,289.55,289.59,289.46,289.52,7806.0
10:46,289.5,289.54,289.42,289.51,7957.0
10:47,289.51,289.55,289.47,289.51,6619.0
10:48,289.79,289.79,289.52,289.52,8046.0
10:49,289.62,289.73,289.61,289.73,9902.0
10:50,289.34,289.61,289.34,289.61,20971.0
10:51,289.18,289.39,289.17,289.34,9464.0
10:52,289.35,289.47,289.19,289.2,10438.0
10:53,289.25,289.27,289.2,289.21,3551.0
10:54,289.23,289.34,289.21,289.24,7287.0
10:55,289.13,289.23,289.05,289.23,11216.0
10:56,289.22,289.22,289.06,289.11,12102.0
10:57,289.27,289.35,289.12,289.13,13567.0
10:58,289.2,289.29,289.16,289.22,23942.0
10:59,289.28,289.32,289.22,289.23,11758.0
11:00,289.16,289.28,289.09,289.28,10873.0
11:01,289.21,289.24,289.1,289.14,9588.0
11:02,289.27,289.4,289.09,289.09,27280.0
11:03,289.41,289.45,289.16,289.27,10584.0
11:04,289.42,289.51,289.36,289.45,6140.0
11:05,289.19,289.34,289.18,289.34,11299.0
11:06,289.33,289.41,289.25,289.25,7322.0
11:07,289.27,289.38,289.22,289.33,8250.0
11:08,289.4,289.43,289.3,289.31,7303.0
11:09,289.5,289.59,289.47,289.49,8473.0
11:10,289.37,289.51,289.34,289.46,7847.0
11:11,289.32,289.45,289.28,289.43,10377.0
11:12,289.33,289.33,289.21,289.27,5472.0
11:13,289.37,289.42,289.31,289.31,6736.0
11:14,289.57,289.58,289.38,289.4,9265.0
11:15,289.48,289.58,289.45,289.54,9107.0
11:16,289.47,289.51,289.39,289.48,8704.0
11:17,289.34,289.51,289.33,289.51,16470.0
11:18,289.64,289.66,289.48,289.48,6166.0
11:19,289.48,289.58,289.46,289.58,6079.0
11:20,289.47,289.69,289.47,289.55,8084.0
11:21,289.39,289.47,289.33,289.47,6333.0
11:22,289.3,289.44,289.27,289.35,6108.0
11:23,289.42,289.45,289.41,289.44,2797.0
11:24,289.28,289.37,289.28,289.36,8111.0
11:25,289.51,289.56,289.31,289.34,12227.0
11:26,289.33,289.51,289.33,289.48,9599.0
11:27,289.57,289.57,289.33,289.33,7827.0
11:28,289.47,289.64,289.47,289.56,8653.0
11:29,289.36,289.55,289.36,289.47,6412.0
11:30,289.12,289.38,289.11,289.33,9655.0
11:31,289.0,289.19,289.0,289.12,9440.0
11:32,288.72,289.01,288.72,289.01,8533.0
11:33,288.66,288.74,288.53,288.72,11440.0
11:34,288.81,288.81,288.64,288.64,4102.0
11:35,288.72,288.89,288.72,288.85,8677.0
11:36,288.79,288.8,288.73,288.73,4431.0
11:37,288.76,288.97,288.74,288.74,11141.0
11:38,288.51,288.7,288.5,288.7,9345.0
11:39,288.46,288.58,288.44,288.55,9807.0
11:40,288.28,288.48,288.28,288.44,12199.0
11:41,288.12,288.4,288.1,288.3,7883.0
11:42,288.16,288.26,288.12,288.19,8950.0
11:43,287.98,288.26,287.94,288.21,14582.0
11:44,288.05,288.13,288.01,288.02,5242.0
11:45,288.27,288.3,288.11,288.11,5931.0
11:46,288.3,288.3,288.15,288.3,7476.0
11:47,288.46,288.49,288.29,288.29,9076.0
11:48,288.53,288.56,288.42,288.42,7220.0
11:49,288.51,288.59,288.46,288.49,7114.0
11:50,288.69,288.7,288.52,288.52,5256.0
11:51,288.62,288.77,288.59,288.72,12646.0
11:52,288.47,288.58,288.47,288.58,10893.0
11:53,288.51,288.58,288.51,288.51,4195.0
11:54,288.76,288.78,288.49,288.52,15112.0
11:55,288.98,289.0,288.69,288.71,11053.0
11:56,288.87,289.02,288.83,289.02,47943.0
11:57,288.88,288.98,288.85,288.89,6200.0
11:58,288.78,288.88,288.69,288.84,10553.0
11:59,288.8,288.85,288.79,288.79,4242.0
12:00,288.93,289.03,288.79,288.79,11428.0
12:01,289.12,289.13,288.91,288.94,7780.0
12:02,289.13,289.25,289.1,289.17,4685.0
12:03,289.13,289.2,289.07,289.16,4044.0
12:04,289.11,289.2,289.11,289.16,2155.0
12:05,289.24,289.25,289.16,289.17,6062.0
12:06,289.19,289.34,289.15,289.26,12193.0
12:07,289.23,289.23,289.11,289.21,4909.0
12:08,289.21,289.25,289.2,289.24,5619.0
12:09,289.28,289.28,289.16,289.21,9909.0
12:10,289.29,289.36,289.21,289.23,9317.0
12:11,289.36,289.39,289.26,289.26,18250.0
12:12,289.22,289.44,289.22,289.32,5734.0
12:13,289.23,289.32,289.2,289.21,8095.0
12:14,289.07,289.24,289.0,289.23,28677.0
12:15,289.1,289.12,289.02,289.04,5002.0
12:16,289.27,289.27,289.15,289.17,8796.0
12:17,289.32,289.35,289.23,289.23,6743.0
12:18,289.18,289.32,289.18,289.31,8587.0
12:19,289.25,289.25,289.19,289.2,2714.0
12:20,289.12,289.25,289.12,289.2,9251.0
12:21,289.13,289.13,289.0,289.07,13782.0
12:22,289.09,289.14,289.07,289.11,2236.0
12:23,289.02,289.1,289.01,289.09,5462.0
12:24,289.02,289.05,288.93,289.0,14102.0
12:25,288.95,289.03,288.95,289.02,5149.0
12:26,288.85,288.92,288.81,288.92,5830.0
12:27,288.83,288.88,288.81,288.86,8231.0
12:28,288.8,288.83,288.75,288.79,5301.0
12:29,288.78,288.89,288.78,288.8,8199.0
12:30,288.85,288.85,288.72,288.8,7236.0
12:31,288.94,288.97,288.8,288.8,7882.0
12:32,288.93,288.98,288.85,288.85,7796.0
12:33,288.77,288.94,288.72,288.94,20872.0
12:34,288.77,288.87,288.74,288.86,10893.0
12:35,288.86,289.0,288.78,288.8,10174.0
12:36,288.89,288.91,288.84,288.86,5473.0
12:37,288.87,288.92,288.87,288.89,3293.0
12:38,289.02,289.04,288.82,288.87,9587.0
12:39,288.96,289.13,288.96,289.01,8062.0
12:40,289.11,289.15,289.01,289.01,5318.0
12:41,289.05,289.15,289.05,289.11,6231.0
12:42,289.06,289.09,289.01,289.03,3355.0
12:43,289.06,289.1,289.04,289.08,5963.0
12:44,289.02,289.06,288.94,289.06,8589.0
12:45,289.1,289.1,289.01,289.04,6109.0
12:46,289.04,289.13,288.97,289.11,10614.0
12:47,288.94,289.04,288.94,288.99,2969.0
12:48,289.01,289.04,288.85,288.97,7177.0
12:49,288.94,288.95,288.88,288.95,6084.0
12:50,288.96,288.97,288.91,288.97,2749.0
12:51,288.95,289.01,288.94,288.94,3741.0
12:52,288.88,289.02,288.88,288.98,4960.0
12:53,288.81,288.92,288.81,288.88,5706.0
12:54,288.76,288.82,288.75,288.8,3559.0
12:55,288.92,288.92,288.76,288.76,5762.0
12:56,288.83,288.98,288.83,288.88,11360.0
12:57,288.94,288.94,288.82,288.83,3135.0
12:58,288.91,288.95,288.83,288.89,8527.0
12:59,288.88,288.95,288.84,288.95,13919.0
13:00,288.73,288.88,288.67,288.88,15932.0
13:01,288.63,288.73,288.54,288.73,9576.0
13:02,288.5,288.6,288.5,288.6,9935.0
13:03,288.55,288.62,288.52,288.52,5329.0
13:04,288.6,288.77,288.6,288.61,8658.0
13:05,288.7,288.73,288.63,288.66,5965.0
13:06,288.61,288.76,288.61,288.75,12568.0
13:07,288.73,288.73,288.59,288.6,9059.0
13:08,288.71,288.72,288.67,288.67,2375.0
13:09,288.57,288.88,288.56,288.76,45889.0
13:10,287.28,288.6,286.85,288.56,150134.0
13:11,285.33,287.16,284.71,287.15,258797.0
13:12,285.89,285.89,284.93,285.33,81688.0
13:13,286.55,286.75,285.96,286.11,57251.0
13:14,286.83,287.19,286.64,286.64,49213.0
13:15,287.5,287.55,286.83,286.86,29993.0
13:16,287.64,287.93,287.45,287.51,54156.0
13:17,287.7,287.75,287.46,287.65,50114.0
13:18,287.66,287.8,287.48,287.7,27944.0
13:19,287.55,287.79,287.55,287.66,18011.0
13:20,288.19,288.23,287.6,287.6,33689.0
13:21,288.16,288.23,288.04,288.21,11627.0
13:22,288.24,288.24,288.04,288.15,9453.0
13:23,288.2,288.32,288.12,288.25,11440.0
13:24,288.38,288.38,288.17,288.17,19900.0
13:25,288.37,288.46,288.27,288.35,14212.0
13:26,288.48,288.69,288.48,288.49,5576.0
13:27,288.64,288.69,288.45,288.67,10918.0
13:28,288.86,288.86,288.7,288.7,7462.0
13:29,288.96,289.03,288.89,288.91,11743.0
13:30,289.17,289.17,288.96,288.96,5089.0
13:31,289.11,289.29,288.95,289.09,13136.0
13:32,289.22,289.27,289.11,289.12,6445.0
13:33,289.32,289.35,289.21,289.27,7631.0
13:34,289.33,289.33,289.2,289.32,8871.0
13:35,289.0,289.21,289.0,289.21,11604.0
13:36,288.95,289.06,288.94,289.0,8491.0
13:37,289.12,289.19,288.96,288.96,6295.0
13:38,289.15,289.25,289.11,289.11,9080.0
13:39,289.12,289.21,289.1,289.18,4778.0
13:40,289.36,289.37,289.1,289.16,6353.0
13:41,289.47,289.47,289.25,289.33,6327.0
13:42,289.64,289.67,289.52,289.52,11253.0
13:43,289.71,289.75,289.56,289.61,11781.0
13:44,289.61,289.71,289.61,289.7,4816.0
13:45,289.58,289.72,289.52,289.67,8554.0
13:46,289.39,289.57,289.36,289.57,14575.0
13:47,289.5,289.5,289.39,289.43,4233.0
13:48,289.58,289.58,289.35,289.5,14274.0
13:49,289.52,289.54,289.49,289.52,4951.0
13:50,289.56,289.57,289.49,289.52,4026.0
13:51,289.5,289.51,289.41,289.51,5944.0
13:52,289.53,289.6,289.52,289.54,5265.0
13:53,289.6,289.6,289.55,289.56,3519.0
13:54,289.56,289.63,289.51,289.63,6139.0
13:55,289.47,289.56,289.47,289.55,6930.0
13:56,289.26,289.53,289.02,289.46,60760.0
13:57,289.33,289.4,289.27,289.29,4186.0
13:58,289.15,289.39,289.15,289.33,10284.0
13:59,289.23,289.25,289.2,289.23,1999.0
14:00,289.42,289.42,289.25,289.25,13966.0
14:01,289.45,289.45,289.36,289.36,2449.0
14:02,289.54,289.58,289.35,289.4,13523.0
14:03,289.56,289.59,289.54,289.59,7050.0
14:04,289.5,289.59,289.5,289.54,8850.0
14:05,289.51,289.59,289.48,289.53,5431.0
14:06,289.46,289.49,289.41,289.47,7518.0
14:07,289.36,289.48,289.36,289.43,8820.0
14:08,289.33,289.43,289.33,289.38,8615.0
14:09,289.37,289.37,289.26,289.33,9281.0
14:10,289.35,289.4,289.27,289.34,7257.0
14:11,289.38,289.46,289.38,289.39,7665.0
14:12,289.38,289.42,289.38,289.41,2741.0
14:13,289.53,289.53,289.34,289.35,9865.0
14:14,289.55,289.66,289.55,289.56,6192.0
14:15,289.52,289.55,289.5,289.5,3611.0
14:16,289.57,289.61,289.57,289.58,5909.0
14:17,289.59,289.6,289.55,289.55,3680.0
14:18,289.54,289.63,289.52,289.59,9973.0
14:19,289.47,289.63,289.47,289.49,6253.0
14:20,289.42,289.47,289.35,289.47,7778.0
14:21,289.34,289.4,289.32,289.4,8384.0
14:22,289.42,289.44,289.29,289.33,7325.0
14:23,289.36,289.42,289.36,289.42,7137.0
14:24,289.18,289.36,289.18,289.36,13715.0
14:25,289.15,289.16,289.08,289.16,10219.0
14:26,289.19,289.19,289.07,289.15,5920.0
14:27,289.2,289.23,289.16,289.2,11330.0
14:28,289.1,289.21,289.1,289.21,8390.0
14:29,289.24,289.31,289.14,289.14,8019.0
14:30,289.25,289.36,289.25,289.3,6417.0
14:31,289.21,289.31,289.21,289.31,5012.0
14:32,289.08,289.21,289.08,289.18,4829.0
14:33,289.22,289.22,289.09,289.1,10240.0
14:34,289.06,289.19,289.03,289.17,11607.0
14:35,288.89,289.1,288.88,289.06,7842.0
14:36,288.9,288.98,288.85,288.93,19422.0
14:37,288.92,288.92,288.86,288.92,9439.0
14:38,288.94,289.03,288.9,288.93,6826.0
14:39,288.82,288.95,288.8,288.95,5055.0
14:40,288.81,288.82,288.76,288.79,7080.0
14:41,288.88,288.91,288.78,288.81,9582.0
14:42,288.8,288.87,288.8,288.87,3940.0
14:43,288.77,288.84,288.77,288.84,6287.0
14:44,288.82,288.83,288.73,288.8,11659.0
14:45,288.64,288.8,288.62,288.8,8708.0
14:46,288.69,288.74,288.64,288.64,6604.0
14:47,288.8,288.88,288.71,288.71,8614.0
14:48,288.84,288.84,288.75,288.8,7659.0
14:49,288.88,288.92,288.85,288.85,5656.0
14:50,288.77,288.91,288.77,288.91,8178.0
14:51,288.79,288.81,288.76,288.79,7672.0
14:52,288.84,288.86,288.76,288.78,7732.0
14:53,288.86,288.9,288.83,288.84,3276.0
14:54,288.75,288.86,288.7,288.86,11396.0
14:55,288.59,288.81,288.59,288.78,7948.0
14:56,288.73,288.74,288.58,288.61,8398.0
14:57,288.71,288.85,288.68,288.76,9489.0
14:58,288.68,288.72,288.67,288.67,6314.0
14:59,288.68,288.71,288.66,288.7,12664.0
15:00,288.67,288.75,288.66,288.7,10303.0
15:01,288.53,288.65,288.5,288.63,10621.0
15:02,288.52,288.57,288.45,288.47,7837.0
15:03,288.53,288.56,288.48,288.49,9338.0
15:04,288.5,288.53,288.46,288.5,6662.0
15:05,288.47,288.53,288.42,288.47,8663.0
15:06,288.49,288.53,288.47,288.48,7158.0
15:07,288.44,288.52,288.43,288.52,6379.0
15:08,288.43,288.51,288.43,288.48,6949.0
15:09,288.54,288.55,288.42,288.43,6970.0
15:10,288.52,288.53,288.43,288.51,11723.0
15:11,288.55,288.55,288.44,288.49,13873.0
15:12,288.47,288.59,288.47,288.54,21227.0
15:13,288.64,288.64,288.45,288.5,13961.0
15:14,288.62,288.64,288.55,288.6,9804.0
15:15,288.52,288.62,288.5,288.62,8199.0
15:16,288.47,288.58,288.45,288.52,13480.0
15:17,288.53,288.59,288.49,288.5,7959.0
15:18,288.55,288.59,288.52,288.52,10995.0
15:19,288.67,288.68,288.56,288.56,11052.0
15:20,288.64,288.72,288.64,288.68,14582.0
15:21,288.62,288.73,288.61,288.64,18390.0
15:22,288.58,288.66,288.58,288.62,9523.0
15:23,288.52,288.64,288.5,288.58,9547.0
15:24,288.54,288.59,288.46,288.52,11496.0
15:25,288.77,288.77,288.51,288.61,27472.0
15:26,288.69,288.77,288.69,288.75,29563.0
15:27,288.68,288.68,288.68,288.68,23124.0
15:28,288.68,288.7,288.66,288.7,8847.0
15:29,288.72,288.74,288.66,288.71,13808.0
15:30,288.68,288.77,288.67,288.72,11331.0
15:31,288.62,288.68,288.56,288.66,16674.0
15:32,288.63,288.66,288.57,288.63,11007.0
15:33,288.56,288.68,288.54,288.61,17908.0
15:34,288.55,288.57,288.54,288.57,3739.0
15:35,288.51,288.67,288.47,288.54,18928.0
15:36,288.54,288.58,288.46,288.49,9451.0
15:37,288.6,288.6,288.5,288.53,15131.0
15:38,288.52,288.61,288.47,288.6,21802.0
15:39,288.51,288.55,288.5,288.55,14638.0
15:40,288.48,288.59,288.47,288.51,14749.0
15:41,288.52,288.54,288.42,288.48,13985.0
15:42,288.34,288.54,288.28,288.54,20262.0
15:43,288.36,288.4,288.36,288.36,8912.0
15:44,288.3,288.43,288.3,288.4,13364.0
15:45,288.21,288.39,288.2,288.32,20779.0
15:46,288.12,288.24,288.12,288.24,8346.0
15:47,288.14,288.19,287.99,288.1,25720.0
15:48,288.31,288.33,288.12,288.14,9289.0
15:49,288.42,288.49,288.31,288.31,17026.0
15:50,288.27,288.39,288.07,288.39,18481.0
15:51,288.42,288.48,288.26,288.26,12802.0
15:52,288.63,288.63,288.4,288.42,16395.0
15:53,288.67,288.74,288.59,288.61,25750.0
15:54,288.73,288.78,288.59,288.66,24281.0
15:55,288.67,288.78,288.58,288.7,24020.0
15:56,288.6,288.69,288.53,288.67,32667.0
15:57,288.65,288.67,288.54,288.58,41479.0
15:58,288.61,288.68,288.53,288.65,54238.0
15:59,288.81,288.88,288.5,288.63,100326.0
