Time,Close,High,Low,Open,Volume
09:30,708.58,710.14,706.0,706.36,524106.0
09:31,707.31,708.5,706.79,708.04,36868.0
09:32,706.97,707.79,705.83,706.87,38405.0
09:33,707.32,707.74,706.18,706.38,24507.0
09:34,707.14,707.81,706.63,707.42,23326.0
09:35,708.22,708.55,707.49,707.49,29189.0
09:36,710.13,710.34,708.2,708.2,76246.0
09:37,709.78,710.06,709.1,709.97,40622.0
09:38,710.04,710.43,709.53,709.53,38948.0
09:39,709.61,710.43,709.51,710.03,51812.0
09:40,709.41,709.87,709.12,709.67,37326.0
09:41,708.23,709.36,708.11,709.2,38271.0
09:42,708.17,708.55,707.48,708.2,55634.0
09:43,707.66,708.36,707.48,707.99,33048.0
09:44,706.45,707.48,706.44,707.39,37537.0
09:45,705.2,705.76,704.93,705.68,57281.0
09:46,705.41,705.98,705.13,705.2,27900.0
09:47,707.02,707.05,705.47,705.64,24256.0
09:48,708.56,708.56,706.8,707.03,31188.0
09:49,707.79,708.45,707.79,708.38,16648.0
09:50,706.88,707.82,706.65,707.78,43825.0
09:51,706.89,706.99,706.57,706.77,14781.0
09:52,708.21,708.25,707.0,707.31,19801.0
09:53,708.0,708.34,707.64,708.21,13371.0
09:54,707.2,708.28,707.2,707.92,16182.0
09:55,706.91,707.43,706.5,707.43,19758.0
09:56,706.43,706.8,705.69,706.8,25554.0
09:57,706.59,706.72,706.27,706.5,16485.0
09:58,706.61,706.91,706.54,706.62,13584.0
09:59,706.28,706.9,706.13,706.53,15991.0
10:00,705.78,706.5,705.78,706.46,27557.0
10:01,706.74,706.79,706.45,706.79,10009.0
10:02,706.42,706.98,706.32,706.71,9233.0
10:03,706.84,706.9,706.17,706.42,13330.0
10:04,706.78,706.78,706.43,706.7,10906.0
10:05,706.53,706.62,706.21,706.52,11314.0
10:06,706.84,707.27,706.47,706.48,14518.0
10:07,707.11,707.21,706.67,707.0,10555.0
10:08,707.0,707.35,706.91,706.99,24690.0
10:09,707.44,708.02,707.29,707.29,27434.0
10:10,707.07,707.57,707.04,707.25,11733.0
10:11,706.83,707.23,706.76,707.1,20180.0
10:12,706.47,706.96,706.36,706.82,28372.0
10:13,706.31,706.49,706.1,706.34,10954.0
10:14,706.31,706.71,706.24,706.31,12421.0
10:15,707.89,707.89,706.31,706.31,15000.0
10:16,708.0,708.18,707.69,708.0,27515.0
10:17,707.99,708.26,707.97,708.03,15996.0
10:18,707.5,708.07,707.5,708.07,14236.0
10:19,707.15,707.55,707.0,707.24,10779.0
10:20,706.99,707.19,706.8,707.19,11254.0
10:21,707.32,707.47,707.06,707.23,9597.0
10:22,707.62,707.83,707.29,707.3,15404.0
10:23,707.55,707.82,707.51,707.75,9361.0
10:24,707.69,707.78,707.5,707.71,9798.0
10:25,707.66,707.8,707.35,707.69,11423.0
10:26,707.27,707.68,706.95,707.53,16164.0
10:27,707.64,707.66,707.17,707.29,11146.0
10:28,707.93,707.98,707.6,707.66,22972.0
10:29,708.23,708.3,708.03,708.03,34798.0
10:30,708.26,708.5,708.14,708.46,20171.0
10:31,707.87,708.37,707.71,708.23,24021.0
10:32,708.17,708.22,708.0,708.05,8933.0
10:33,708.07,708.3,707.89,708.17,17608.0
10:34,707.84,708.07,707.6,707.85,21099.0
10:35,708.16,708.24,707.6,707.6,13313.0
10:36,708.17,708.31,707.9,707.9,14782.0
10:37,707.72,708.22,707.67,708.01,22173.0
10:38,708.22,708.3,707.78,707.78,21871.0
10:39,708.24,708.5,708.11,708.18,18200.0
10:40,708.34,708.48,708.0,708.35,17224.0
10:41,708.27,708.41,708.09,708.21,16609.0
10:42,708.15,708.5,708.04,708.28,14460.0
10:43,708.38,708.38,708.2,708.2,19301.0
10:44,708.3,708.5,708.14,708.36,17910.0
10:45,708.29,708.29,707.96,708.09,11874.0
10:46,707.94,708.4,707.94,708.2,17424.0
10:47,707.81,708.0,707.68,707.94,18505.0
10:48,707.97,708.15,707.67,707.81,18173.0
10:49,708.22,708.22,707.96,708.03,14466.0
10:50,708.22,708.33,708.13,708.3,14790.0
10:51,708.34,708.43,708.13,708.22,25344.0
10:52,708.01,708.34,708.0,708.34,11823.0
10:53,708.23,708.28,708.0,708.15,29170.0
10:54,708.47,708.51,708.23,708.23,31563.0
10:55,708.41,708.64,708.26,708.54,21141.0
10:56,708.73,708.9,708.53,708.53,25356.0
10:57,708.98,709.0,708.72,708.82,16314.0
10:58,708.8,708.96,708.76,708.9,8273.0
10:59,708.59,709.0,708.58,709.0,23343.0
11:00,708.97,709.03,708.64,708.66,30290.0
11:01,709.02,709.35,708.89,709.01,50669.0
11:02,709.17,709.19,708.98,709.16,21305.0
11:03,708.71,708.71,708.51,708.69,27407.0
11:04,708.24,708.24,708.04,708.21,33509.0
11:05,708.0,708.31,707.93,708.26,9221.0
11:06,708.1,708.2,707.5,707.93,25007.0
11:07,708.66,708.77,708.2,708.2,12362.0
11:08,708.45,708.85,708.36,708.6,8178.0
11:09,708.02,708.62,707.99,708.62,11404.0
11:10,708.13,708.34,707.97,708.02,21173.0
11:11,708.36,708.36,707.9,708.11,23651.0
11:12,708.32,708.48,708.12,708.28,28448.0
11:13,708.27,708.38,708.07,708.07,8275.0
11:14,708.22,708.22,708.22,708.22,208.0
11:15,708.16,708.16,708.16,708.16,15728.0
11:16,708.44,708.55,708.07,708.07,27153.0
11:17,708.41,708.5,708.21,708.4,8447.0
11:18,708.95,709.03,708.38,708.39,31703.0
11:19,709.27,709.27,708.85,708.95,19598.0
11:20,709.5,709.5,709.15,709.32,22217.0
11:21,709.91,710.08,709.52,709.52,35196.0
11:22,709.81,710.0,709.53,709.78,10493.0
11:23,709.95,710.05,709.83,709.85,17924.0
11:24,709.72,710.0,709.61,709.95,14108.0
11:25,709.24,709.71,709.2,709.61,10778.0
11:26,709.29,709.36,709.1,709.28,9698.0
11:27,709.49,709.59,709.17,709.18,12471.0
11:28,709.68,709.68,709.43,709.49,15263.0
11:29,709.26,709.82,709.26,709.68,12443.0
11:30,709.31,709.55,709.26,709.26,24198.0
11:31,709.12,709.31,709.05,709.31,7349.0
11:32,709.62,709.62,709.12,709.12,26529.0
11:33,709.91,710.02,709.56,709.62,23064.0
11:34,709.97,710.06,709.81,709.97,8912.0
11:35,709.84,709.93,709.7,709.84,8865.0
11:36,709.65,709.95,709.65,709.81,48762.0
11:37,709.81,709.94,709.66,709.7,10912.0
11:38,709.81,709.89,709.68,709.73,13351.0
11:39,709.89,709.94,709.43,709.8,14393.0
11:40,709.93,710.04,709.86,709.91,13881.0
11:41,709.8,709.93,709.72,709.91,6881.0
11:42,709.78,709.92,709.67,709.81,3417.0
11:43,709.75,709.9,709.75,709.78,3188.0
11:44,709.98,710.05,709.7,709.72,10905.0
11:45,710.47,710.56,709.88,709.91,34538.0
11:46,710.83,710.94,710.23,710.51,31744.0
11:47,711.6,711.69,710.78,710.78,45202.0
11:48,711.91,711.93,711.45,711.6,25659.0
11:49,711.38,711.91,711.21,711.87,42907.0
11:50,711.35,711.47,711.11,711.45,19211.0
11:51,711.54,711.54,711.3,711.4,7919.0
11:52,711.8,711.85,711.39,711.47,13238.0
11:53,712.74,712.74,711.9,711.9,33794.0
11:54,713.72,714.54,712.61,712.78,64306.0
11:55,713.64,713.89,712.82,713.76,34470.0
11:56,713.8,714.63,713.67,713.67,34557.0
11:57,713.52,714.06,713.11,713.98,20897.0
11:58,713.37,713.49,712.77,713.35,21768.0
11:59,713.61,713.88,713.35,713.38,19945.0
12:00,713.09,713.59,712.91,713.43,24343.0
12:01,713.02,713.43,712.81,713.05,21947.0
12:02,712.61,713.28,712.61,713.13,13610.0
12:03,712.83,713.01,712.38,712.67,19417.0
12:04,712.99,713.0,712.55,712.63,10672.0
12:05,712.92,713.09,712.52,712.82,33856.0
12:06,712.85,713.18,712.49,713.0,57040.0
12:07,713.0,713.0,712.52,712.9,10160.0
12:08,713.64,713.84,712.93,712.93,18586.0
12:09,713.38,713.69,713.02,713.62,19097.0
12:10,712.51,713.44,712.51,713.32,17295.0
12:11,712.67,712.8,712.2,712.43,28908.0
12:12,712.45,712.72,712.4,712.68,17911.0
12:13,712.37,712.38,712.0,712.33,25918.0
12:14,712.34,712.71,712.24,712.42,28634.0
12:15,712.53,712.55,712.24,712.33,9139.0
12:16,712.24,712.5,712.24,712.5,3982.0
12:17,712.16,712.48,712.0,712.35,19194.0
12:18,712.51,712.62,711.86,712.04,16466.0
12:19,712.39,712.44,712.19,712.38,9109.0
12:20,712.36,712.79,712.35,712.35,15103.0
12:21,711.82,712.4,711.82,712.4,11837.0
12:22,711.3,711.92,711.13,711.92,13497.0
12:23,711.37,711.54,711.13,711.13,7567.0
12:24,711.76,711.76,711.39,711.53,5375.0
12:25,711.37,711.91,711.2,711.91,10213.0
12:26,711.66,711.78,711.28,711.39,29660.0
12:27,711.53,711.69,711.38,711.69,7234.0
12:28,710.91,711.13,710.75,711.13,8542.0
12:29,710.68,711.0,710.65,710.93,7975.0
12:30,710.63,710.72,710.51,710.63,4071.0
12:31,711.14,711.32,710.74,710.74,13918.0
12:32,710.64,711.21,710.62,711.21,13784.0
12:33,710.64,710.8,710.52,710.62,7049.0
12:34,710.12,710.71,710.06,710.64,11913.0
12:35,710.2,710.3,709.92,710.16,10648.0
12:36,710.2,710.5,709.77,710.13,13706.0
12:37,709.74,710.26,709.51,710.15,21721.0
12:38,709.59,709.75,709.43,709.75,11245.0
12:39,709.84,709.93,709.58,709.68,8957.0
12:40,709.35,709.84,709.35,709.84,8296.0
12:41,709.42,709.58,709.42,709.5,4362.0
12:42,709.44,709.72,709.42,709.42,5285.0
12:43,710.35,710.35,709.53,709.54,34083.0
12:44,710.04,710.44,709.96,710.35,15474.0
12:45,710.17,710.2,710.04,710.2,4844.0
12:46,710.08,710.29,709.93,710.03,5907.0
12:47,710.26,710.31,709.93,710.07,8291.0
12:48,710.25,710.59,710.14,710.39,25053.0
12:49,710.79,710.79,710.38,710.38,7269.0
12:50,710.71,711.13,710.71,710.79,11311.0
12:51,710.2,710.68,710.2,710.68,10725.0
12:52,710.59,710.72,710.09,710.15,30384.0
12:53,710.73,710.88,710.52,710.65,17582.0
12:54,710.58,710.92,710.56,710.76,10156.0
12:55,710.87,711.0,710.81,710.82,3229.0
12:56,710.67,711.21,710.58,710.65,15037.0
12:57,710.64,710.9,710.64,710.88,6428.0
12:58,710.47,710.61,710.41,710.59,14549.0
12:59,710.31,710.64,710.04,710.31,12046.0
13:00,710.15,710.4,710.0,710.4,8216.0
13:01,710.22,710.28,710.02,710.28,4406.0
13:02,710.31,710.36,710.13,710.21,10858.0
13:03,710.63,710.63,710.18,710.26,7920.0
13:04,710.5,710.5,710.35,710.5,4035.0
13:05,710.62,710.68,710.35,710.42,11444.0
13:06,710.5,710.7,710.37,710.62,8306.0
13:07,710.61,710.71,710.49,710.58,13630.0
13:08,710.38,710.61,710.38,710.61,7210.0
13:09,710.6,710.6,710.46,710.47,4746.0
13:10,711.05,711.23,710.7,710.7,22829.0
13:11,711.41,711.42,711.14,711.14,15166.0
13:12,711.48,711.75,711.42,711.55,10738.0
13:13,711.49,711.63,711.47,711.6,5718.0
13:14,711.62,711.67,711.36,711.36,8586.0
13:15,711.43,711.67,711.27,711.67,12015.0
13:16,711.3,711.52,711.27,711.43,6146.0
13:17,711.4,711.4,711.06,711.31,7324.0
13:18,711.31,711.5,711.31,711.45,6333.0
13:19,711.32,711.32,711.25,711.25,2344.0
13:20,711.55,711.64,711.19,711.2,14164.0
13:21,711.6,711.87,711.57,711.57,8097.0
13:22,711.59,711.89,711.58,711.64,14325.0
13:23,711.58,711.9,711.58,711.72,20553.0
13:24,711.55,711.61,711.54,711.54,4294.0
13:25,711.72,711.77,711.46,711.58,6534.0
13:26,711.6,711.84,711.6,711.79,5145.0
13:27,711.64,711.67,711.49,711.56,4234.0
13:28,711.76,711.78,711.44,711.52,7223.0
13:29,711.91,712.1,711.8,711.85,12946.0
13:30,711.81,712.01,711.81,711.86,9250.0
13:31,711.93,712.08,711.88,711.88,7829.0
13:32,711.9,712.17,711.9,712.17,5598.0
13:33,711.94,712.0,711.9,711.95,7594.0
13:34,712.24,712.24,712.02,712.02,6097.0
13:35,712.26,712.28,712.18,712.22,4701.0
13:36,712.08,712.2,711.97,712.18,5079.0
13:37,712.59,712.59,712.04,712.04,9584.0
13:38,712.57,712.92,712.42,712.47,11613.0
13:39,712.45,712.56,712.32,712.43,5432.0
13:40,712.33,712.51,712.3,712.44,5677.0
13:41,712.4,712.5,712.37,712.37,4132.0
13:42,712.82,712.82,712.48,712.48,6569.0
13:43,712.9,712.99,712.82,712.82,8029.0
13:44,712.89,713.01,712.79,712.8,11335.0
13:45,712.7,712.89,712.7,712.78,8662.0
13:46,712.83,712.97,712.63,712.63,7151.0
13:47,712.69,712.86,712.51,712.85,8064.0
13:48,712.78,712.85,712.72,712.8,6735.0
13:49,712.81,712.92,712.77,712.8,10242.0
13:50,711.98,712.97,711.81,712.88,23215.0
13:51,711.91,712.36,711.79,712.2,8369.0
13:52,712.53,712.53,711.62,711.62,7990.0
13:53,712.58,712.63,712.46,712.53,4784.0
13:54,712.44,712.74,712.26,712.65,20343.0
13:55,712.77,712.8,712.53,712.53,5650.0
13:56,712.9,713.02,712.71,712.78,11294.0
13:57,713.29,713.35,712.83,712.89,17862.0
13:58,713.24,713.65,713.19,713.46,11616.0
13:59,713.19,713.5,713.19,713.23,5882.0
14:00,713.35,713.48,713.17,713.17,9904.0
14:01,713.15,713.41,713.01,713.38,13137.0
14:02,713.44,713.48,713.04,713.23,12355.0
14:03,713.39,713.44,713.02,713.43,6684.0
14:04,713.26,713.45,713.26,713.45,5908.0
14:05,712.9,713.25,712.77,713.14,6797.0
14:06,712.83,712.92,712.75,712.84,9812.0
14:07,712.89,712.97,712.81,712.83,6785.0
14:08,712.82,712.86,712.6,712.86,7373.0
14:09,712.99,713.11,712.74,712.74,6352.0
14:10,713.33,713.4,713.09,713.09,13886.0
14:11,713.3,713.4,713.11,713.32,14366.0
14:12,713.36,713.45,713.15,713.45,9424.0
14:13,713.47,713.51,713.28,713.37,6263.0
14:14,713.83,713.83,713.26,713.37,26046.0
14:15,713.57,713.93,713.52,713.9,10257.0
14:16,713.72,713.77,713.51,713.67,14712.0
14:17,713.8,713.94,713.76,713.77,13105.0
14:18,713.83,713.83,713.77,713.79,8492.0
14:19,713.78,713.84,713.71,713.72,17141.0
14:20,713.66,713.95,713.63,713.86,10761.0
14:21,713.78,713.9,713.69,713.76,10640.0
14:22,713.78,713.82,713.45,713.72,56353.0
14:23,713.74,713.87,713.73,713.8,16894.0
14:24,713.45,713.67,713.38,713.67,16073.0
14:25,713.78,713.78,713.21,713.43,39597.0
14:26,713.47,713.79,713.37,713.74,22476.0
14:27,713.12,713.57,713.12,713.48,16097.0
14:28,713.19,713.5,713.09,713.12,21022.0
14:29,713.2,713.47,713.2,713.32,4973.0
14:30,712.86,713.34,712.86,713.23,12676.0
14:31,713.05,713.19,712.87,712.91,6092.0
14:32,713.1,713.49,712.76,713.01,13294.0
14:33,713.31,713.35,712.93,713.15,6477.0
14:34,713.48,713.5,713.22,713.41,13633.0
14:35,713.3,713.49,713.17,713.37,10519.0
14:36,713.27,713.34,713.16,713.25,10474.0
14:37,713.52,713.64,713.47,713.49,11048.0
14:38,713.88,714.0,713.6,713.67,9141.0
14:39,713.72,713.99,713.66,713.82,17388.0
14:40,713.5,713.75,713.49,713.75,10275.0
14:41,713.59,713.72,713.48,713.72,5664.0
14:42,713.44,713.62,713.43,713.53,9121.0
14:43,713.39,713.44,713.28,713.37,5122.0
14:44,713.3,713.39,713.09,713.35,28355.0
14:45,712.91,713.28,712.76,713.28,13287.0
14:46,713.41,713.41,712.92,713.0,17159.0
14:47,713.85,713.85,713.38,713.46,9487.0
14:48,713.69,713.75,713.65,713.68,4941.0
14:49,713.61,713.63,713.54,713.57,5747.0
14:50,713.82,713.89,713.65,713.65,7289.0
14:51,713.43,713.78,713.43,713.78,6254.0
14:52,713.43,713.57,713.38,713.44,8417.0
14:53,713.44,713.53,713.35,713.47,6528.0
14:54,713.39,713.43,713.32,713.39,5285.0
14:55,713.13,713.39,713.13,713.39,8325.0
14:56,713.43,713.5,713.22,713.22,7349.0
14:57,713.44,713.5,713.29,713.38,22000.0
14:58,713.7,713.7,713.34,713.47,18046.0
14:59,713.73,714.0,713.73,713.87,14989.0
15:00,713.7,713.8,713.54,713.74,15141.0
15:01,713.92,714.0,713.78,713.78,15332.0
15:02,714.05,714.05,713.86,713.86,26097.0
15:03,714.16,714.31,713.8,714.05,35444.0
15:04,713.55,714.17,713.53,714.06,12284.0
15:05,713.55,713.73,713.48,713.52,10373.0
15:06,713.7,713.71,713.56,713.56,4184.0
15:07,713.67,713.77,713.65,713.77,11129.0
15:08,713.55,713.72,713.38,713.71,10159.0
15:09,713.54,713.6,713.4,713.55,7716.0
15:10,713.38,713.53,713.38,713.44,8252.0
15:11,713.29,713.54,713.29,713.42,8939.0
15:12,713.27,713.38,713.27,713.29,8324.0
15:13,713.15,713.44,713.1,713.42,9825.0
15:14,712.97,713.16,712.8,713.16,15821.0
15:15,713.21,713.5,712.94,712.94,11317.0
15:16,713.35,713.5,713.05,713.26,15828.0
15:17,713.18,713.39,713.18,713.38,6602.0
15:18,713.49,713.49,713.18,713.2,11052.0
15:19,713.73,713.73,713.64,713.64,11921.0
15:20,713.79,713.79,713.52,713.59,10588.0
15:21,713.66,713.88,713.6,713.83,10370.0
15:22,713.33,713.69,713.15,713.5,18904.0
15:23,713.04,713.49,713.03,713.33,10600.0
15:24,713.07,713.12,712.98,713.03,11336.0
15:25,713.26,713.26,713.08,713.09,6061.0
15:26,712.94,713.31,712.94,713.16,9638.0
15:27,712.84,712.97,712.8,712.97,10352.0
15:28,713.15,713.15,712.9,712.95,4985.0
15:29,713.0,713.25,712.96,713.04,18128.0
15:30,713.01,713.22,712.79,713.04,7791.0
15:31,712.87,713.0,712.8,712.91,8203.0
15:32,712.82,712.92,712.76,712.86,10171.0
15:33,712.12,712.86,712.12,712.86,32832.0
15:34,712.24,712.29,712.14,712.25,11699.0
15:35,712.48,712.52,712.19,712.24,16420.0
15:36,712.8,712.85,712.42,712.48,19876.0
15:37,712.69,712.79,712.58,712.73,13081.0
15:38,712.84,712.95,712.6,712.6,14641.0
15:39,713.07,713.2,712.98,713.11,12223.0
15:40,712.87,713.19,712.83,713.19,17017.0
15:41,713.15,713.15,712.9,712.92,19132.0
15:42,713.03,713.23,712.86,713.05,21493.0
15:43,713.28,713.29,713.02,713.08,8229.0
15:44,713.04,713.3,712.9,713.21,25112.0
15:45,713.0,713.2,713.0,713.08,16644.0
15:46,713.53,713.54,713.12,713.19,14541.0
15:47,713.58,713.65,713.41,713.54,15787.0
15:48,713.42,713.54,713.4,713.53,8239.0
15:49,713.58,713.58,713.37,713.42,13842.0
15:50,713.39,713.7,713.37,713.49,33235.0
15:51,713.63,714.0,713.45,713.45,48070.0
15:52,714.07,714.13,713.46,713.64,33830.0
15:53,713.99,714.07,713.81,714.03,26088.0
15:54,712.94,714.04,712.58,714.04,50564.0
15:55,712.92,713.03,712.31,712.99,45822.0
15:56,713.45,713.45,712.72,712.92,50113.0
15:57,713.53,713.69,713.1,713.47,44155.0
15:58,713.61,713.65,713.44,713.45,69510.0
15:59,713.83,713.83,713.42,713.55,190815.0
