Time,Close,High,Low,Open,Volume
09:30,623.88,625.33,622.65,624.08,824462.0
09:31,623.78,625.24,623.63,624.6,95564.0
09:32,626.32,627.0,623.3,623.8,95914.0
09:33,627.44,628.18,626.3,626.43,83714.0
09:34,627.29,628.65,627.0,627.48,84410.0
09:35,629.0,629.22,626.83,627.18,73397.0
09:36,628.57,629.27,627.57,628.91,39564.0
09:37,628.1,629.32,628.09,628.73,46830.0
09:38,628.27,628.75,627.85,628.09,42619.0
09:39,627.53,628.33,627.51,628.02,45735.0
09:40,628.23,628.46,626.97,627.41,32693.0
09:41,629.67,629.75,628.09,628.09,29654.0
09:42,629.2,629.82,628.6,629.57,34014.0
09:43,628.32,629.79,628.03,629.33,19201.0
09:44,629.75,629.8,628.05,628.3,38745.0
09:45,628.5,629.78,628.01,629.78,23054.0
09:46,627.2,628.26,627.05,628.26,23629.0
09:47,626.67,627.53,626.5,627.22,43175.0
09:48,626.34,626.79,626.03,626.75,34176.0
09:49,625.81,626.75,625.68,626.34,33178.0
09:50,626.61,626.8,624.93,625.96,69196.0
09:51,626.15,627.39,626.15,626.62,48130.0
09:52,627.38,627.45,625.23,626.12,63404.0
09:53,625.52,627.69,625.33,627.28,63768.0
09:54,626.11,626.41,625.12,625.52,35501.0
09:55,626.07,626.6,625.91,626.09,21519.0
09:56,626.47,627.11,625.97,626.25,23842.0
09:57,626.14,626.77,626.02,626.77,27209.0
09:58,626.39,626.61,626.13,626.32,20772.0
09:59,626.48,626.6,626.06,626.48,27819.0
10:00,625.95,627.2,625.8,626.71,27725.0
10:01,627.18,627.38,625.6,625.81,35074.0
10:02,627.09,627.7,626.83,627.19,22020.0
10:03,626.56,626.97,626.26,626.55,22078.0
10:04,627.54,627.8,626.77,626.77,35076.0
10:05,627.71,627.96,627.08,627.56,23007.0
10:06,628.09,628.34,627.79,627.84,34084.0
10:07,627.5,628.7,627.5,628.3,19870.0
10:08,628.11,628.11,627.13,627.68,19499.0
10:09,627.27,628.2,627.2,627.76,14263.0
10:10,627.48,627.98,627.3,627.34,30072.0
10:11,627.98,628.37,627.08,627.33,17536.0
10:12,630.18,630.2,628.2,628.35,63187.0
10:13,629.01,630.09,629.01,629.91,34712.0
10:14,629.89,630.2,629.01,629.01,26842.0
10:15,629.32,630.17,629.32,629.66,14348.0
10:16,629.39,629.56,629.02,629.18,16728.0
10:17,629.46,629.55,628.86,629.3,15086.0
10:18,629.02,629.57,629.02,629.46,7205.0
10:19,628.56,629.16,628.54,629.16,20909.0
10:20,628.53,628.75,628.23,628.44,26119.0
10:21,628.31,628.6,628.01,628.55,21340.0
10:22,629.0,629.21,628.57,628.6,20349.0
10:23,629.51,629.94,628.95,628.95,24394.0
10:24,630.13,630.44,629.52,629.52,17460.0
10:25,630.5,630.54,630.12,630.28,16879.0
10:26,629.67,630.67,629.61,630.5,22208.0
10:27,629.6,630.0,629.5,629.91,8268.0
10:28,628.48,629.45,628.28,629.45,9798.0
10:29,628.35,628.54,628.0,628.36,12029.0
10:30,628.62,628.91,628.2,628.46,11713.0
10:31,628.87,628.87,628.06,628.66,14201.0
10:32,628.91,629.23,628.81,628.87,20789.0
10:33,629.12,629.27,628.81,629.01,9768.0
10:34,629.85,629.93,628.97,628.97,20937.0
10:35,629.81,629.98,629.61,629.85,10496.0
10:36,630.06,630.07,629.33,629.93,20398.0
10:37,629.46,630.05,629.29,630.05,10725.0
10:38,629.38,630.08,629.27,629.65,8305.0
10:39,629.48,629.85,629.48,629.59,8826.0
10:40,629.73,630.04,629.02,629.32,19857.0
10:41,629.26,629.92,629.25,629.78,9082.0
10:42,628.66,629.24,628.65,629.24,11910.0
10:43,629.15,629.37,628.41,628.58,16450.0
10:44,629.27,629.5,629.02,629.12,6228.0
10:45,629.4,629.42,629.0,629.15,11872.0
10:46,629.06,629.41,629.0,629.18,15386.0
10:47,628.62,628.9,628.59,628.86,34405.0
10:48,629.34,629.46,628.3,628.41,15353.0
10:49,629.09,629.48,629.09,629.3,7739.0
10:50,628.58,629.12,628.32,629.11,19937.0
10:51,628.2,628.76,628.17,628.76,10416.0
10:52,628.22,628.52,628.01,628.09,18145.0
10:53,628.27,628.34,627.77,628.0,24876.0
10:54,627.58,628.34,627.54,628.24,25773.0
10:55,627.74,627.87,627.5,627.64,17889.0
10:56,627.27,627.85,627.27,627.69,18860.0
10:57,627.46,627.7,627.14,627.14,14275.0
10:58,626.95,627.37,626.89,627.37,16078.0
10:59,626.55,627.1,626.55,627.0,13471.0
11:00,627.38,627.38,626.65,626.73,14264.0
11:01,627.47,627.94,627.39,627.39,17451.0
11:02,627.57,627.7,627.11,627.54,23100.0
11:03,627.48,627.84,627.4,627.49,14059.0
11:04,627.49,628.0,627.49,627.55,17534.0
11:05,626.82,627.53,626.76,627.39,19137.0
11:06,626.61,626.93,626.41,626.65,12850.0
11:07,626.86,626.94,626.61,626.61,18502.0
11:08,627.32,627.54,626.86,626.98,9617.0
11:09,627.99,628.0,627.32,627.4,37438.0
11:10,628.14,628.31,628.01,628.12,28194.0
11:11,628.73,628.81,628.16,628.17,33141.0
11:12,628.56,628.98,628.56,628.76,17178.0
11:13,627.68,628.63,627.68,628.52,10784.0
11:14,627.9,627.9,627.68,627.68,13540.0
11:15,627.56,628.17,627.56,627.9,16296.0
11:16,627.94,628.05,627.33,627.39,6544.0
11:17,628.22,628.3,627.92,627.96,14761.0
11:18,628.87,628.93,628.32,628.32,15814.0
11:19,628.71,629.08,628.69,628.92,6704.0
11:20,628.73,628.81,628.39,628.58,18241.0
11:21,628.7,628.81,628.44,628.62,5658.0
11:22,628.7,628.87,628.19,628.7,18320.0
11:23,628.66,628.9,628.63,628.73,6698.0
11:24,628.32,628.68,628.1,628.68,13214.0
11:25,628.69,628.82,628.46,628.46,8932.0
11:26,629.3,629.3,628.74,628.75,11191.0
11:27,629.13,629.32,629.06,629.15,8175.0
11:28,629.0,629.14,628.98,629.02,14050.0
11:29,628.84,629.0,628.69,628.97,19575.0
11:30,628.89,629.0,628.69,628.69,6930.0
11:31,628.86,628.94,628.62,628.92,9826.0
11:32,628.94,629.24,628.84,628.97,15027.0
11:33,629.02,629.29,628.9,629.28,5968.0
11:34,629.38,629.4,629.02,629.02,17590.0
11:35,629.23,629.33,629.0,629.3,12397.0
11:36,629.34,629.5,629.25,629.25,6205.0
11:37,629.79,630.14,629.48,629.52,36309.0
11:38,629.02,629.95,629.0,629.95,12985.0
11:39,628.9,629.02,628.76,628.94,11319.0
11:40,629.55,629.57,628.73,628.9,17916.0
11:41,629.33,629.66,629.07,629.47,14841.0
11:42,629.57,629.63,629.27,629.43,11711.0
11:43,629.95,629.99,629.56,629.67,13021.0
11:44,629.73,629.99,629.62,629.99,7088.0
11:45,629.17,629.91,629.17,629.91,10397.0
11:46,629.34,629.34,629.08,629.09,9035.0
11:47,629.16,629.53,629.02,629.33,8456.0
11:48,629.4,629.4,629.22,629.22,5780.0
11:49,629.29,629.33,629.11,629.3,3662.0
11:50,629.07,629.23,628.93,629.22,14587.0
11:51,628.85,628.92,628.5,628.92,14135.0
11:52,628.6,629.01,628.46,629.01,19390.0
11:53,628.8,628.82,628.41,628.41,4721.0
11:54,628.47,628.73,628.31,628.69,5988.0
11:55,628.6,628.67,628.21,628.67,8189.0
11:56,628.75,628.83,628.3,628.57,12148.0
11:57,628.85,628.97,628.51,628.97,5777.0
11:58,628.97,629.09,628.77,628.96,7324.0
11:59,628.55,628.91,628.4,628.84,7587.0
12:00,628.32,628.84,628.32,628.66,11514.0
12:01,628.26,628.5,628.18,628.5,5288.0
12:02,629.15,629.24,628.31,628.33,15592.0
12:03,629.3,629.5,629.24,629.44,4877.0
12:04,628.38,629.53,628.07,629.37,33435.0
12:05,628.28,628.28,627.84,628.2,11778.0
12:06,628.35,628.4,628.07,628.2,6413.0
12:07,628.79,628.88,628.27,628.27,13722.0
12:08,628.33,628.76,628.25,628.76,8868.0
12:09,628.73,629.0,628.0,628.28,41177.0
12:10,628.94,629.01,628.76,628.76,5109.0
12:11,628.78,628.8,628.5,628.71,16196.0
12:12,628.94,628.94,628.75,628.82,7872.0
12:13,628.41,628.59,628.41,628.59,8949.0
12:14,628.78,628.94,628.43,628.43,6209.0
12:15,628.86,628.96,628.36,628.96,17612.0
12:16,628.92,629.02,628.82,629.0,6108.0
12:17,628.79,628.98,628.69,628.93,10072.0
12:18,628.8,628.96,628.79,628.84,4902.0
12:19,628.9,628.9,628.67,628.7,8601.0
12:20,629.21,629.3,628.78,628.83,14396.0
12:21,629.1,629.28,629.03,629.25,8345.0
12:22,629.5,629.72,629.27,629.27,10276.0
12:23,629.58,629.8,629.48,629.58,12964.0
12:24,630.07,630.08,629.66,629.7,14850.0
12:25,629.98,630.13,629.85,630.0,26944.0
12:26,630.01,630.06,629.88,630.0,4415.0
12:27,630.14,630.2,630.0,630.0,9435.0
12:28,629.97,630.15,629.97,630.11,6324.0
12:29,629.6,630.03,629.6,629.94,12654.0
12:30,629.4,629.52,629.28,629.52,4561.0
12:31,629.35,629.7,629.34,629.39,6987.0
12:32,628.85,629.34,628.8,629.34,24859.0
12:33,628.64,628.96,628.5,628.89,10968.0
12:34,629.18,629.18,628.64,628.78,9024.0
12:35,629.48,629.6,629.29,629.29,6675.0
12:36,629.56,629.78,629.42,629.43,8644.0
12:37,629.93,629.93,629.56,629.56,4336.0
12:38,629.74,629.99,629.74,629.91,6957.0
12:39,630.08,630.08,629.68,629.77,16398.0
12:40,629.66,630.07,629.66,630.03,11869.0
12:41,629.6,629.7,629.46,629.53,11847.0
12:42,629.73,629.99,629.56,629.59,8999.0
12:43,629.65,629.97,629.65,629.83,3268.0
12:44,629.6,629.88,629.6,629.76,8704.0
12:45,629.94,630.04,629.74,629.76,3924.0
12:46,629.9,630.11,629.84,629.89,10540.0
12:47,630.02,630.32,630.02,630.18,8798.0
12:48,630.23,630.27,629.9,630.26,7483.0
12:49,630.33,630.45,630.33,630.35,12368.0
12:50,630.26,630.65,630.21,630.27,34734.0
12:51,630.17,630.22,630.03,630.11,6041.0
12:52,629.9,630.31,629.9,630.15,3993.0
12:53,629.93,630.04,629.9,630.0,4888.0
12:54,629.89,630.02,629.51,629.99,21618.0
12:55,629.83,630.03,629.81,629.84,6643.0
12:56,629.17,629.79,629.11,629.79,14998.0
12:57,629.32,629.58,629.11,629.11,4705.0
12:58,629.65,629.72,629.49,629.6,7124.0
12:59,629.33,629.61,629.33,629.6,8834.0
13:00,629.68,629.74,629.54,629.7,19705.0
13:01,629.29,629.68,629.29,629.52,14075.0
13:02,629.63,629.76,629.22,629.22,8933.0
13:03,629.72,629.87,629.53,629.64,13663.0
13:04,629.73,629.84,629.65,629.81,8592.0
13:05,630.27,630.27,629.75,629.84,11544.0
13:06,630.56,630.7,630.3,630.3,11129.0
13:07,630.58,630.65,630.41,630.64,9561.0
13:08,630.81,630.81,630.45,630.66,14829.0
13:09,630.87,630.89,630.77,630.85,6577.0
13:10,630.82,630.97,630.8,630.8,8767.0
13:11,631.1,631.11,630.78,630.94,15604.0
13:12,631.08,631.28,631.01,631.06,18573.0
13:13,631.11,631.2,630.49,631.15,40312.0
13:14,631.04,631.04,630.7,630.99,7436.0
13:15,630.91,631.19,630.9,630.91,9972.0
13:16,631.26,631.3,630.94,631.01,9915.0
13:17,631.95,631.95,631.28,631.28,16301.0
13:18,631.87,632.29,631.87,631.95,18394.0
13:19,632.2,632.2,631.9,632.0,15879.0
13:20,631.9,632.45,631.9,632.3,26428.0
13:21,631.99,632.08,631.88,632.0,10478.0
13:22,631.89,632.2,631.88,631.9,13665.0
13:23,631.63,631.96,631.63,631.96,9556.0
13:24,631.72,631.95,631.37,631.41,11715.0
13:25,631.71,631.8,631.68,631.69,8743.0
13:26,631.79,631.86,631.59,631.82,10957.0
13:27,631.91,631.92,631.54,631.71,20149.0
13:28,631.98,631.98,631.9,631.91,7551.0
13:29,632.35,632.35,631.97,631.98,10548.0
13:30,631.96,632.39,631.92,632.39,17136.0
13:31,631.86,632.08,631.86,632.08,5056.0
13:32,631.79,631.95,631.71,631.95,12216.0
13:33,631.64,631.89,631.6,631.79,11994.0
13:34,631.51,631.7,631.35,631.64,21932.0
13:35,631.65,631.69,631.43,631.56,6623.0
13:36,631.81,631.91,631.57,631.57,8841.0
13:37,632.02,632.02,631.75,631.85,10776.0
13:38,631.99,632.0,631.87,632.0,7054.0
13:39,631.55,631.89,631.55,631.89,13895.0
13:40,631.05,631.61,631.05,631.61,15853.0
13:41,631.16,631.45,631.16,631.19,8705.0
13:42,631.27,631.34,631.01,631.32,8053.0
13:43,631.17,631.48,631.17,631.43,12325.0
13:44,631.22,631.24,630.92,631.07,10068.0
13:45,631.39,631.39,631.03,631.24,5240.0
13:46,631.31,631.43,631.24,631.4,7874.0
13:47,631.43,631.44,631.17,631.32,7681.0
13:48,631.34,631.48,631.34,631.36,4740.0
13:49,631.47,631.48,631.43,631.43,3660.0
13:50,631.42,631.67,631.37,631.54,12776.0
13:51,631.86,632.0,631.69,631.69,6419.0
13:52,631.84,632.19,631.84,631.91,6320.0
13:53,631.74,632.04,631.74,631.9,8616.0
13:54,631.77,631.77,631.52,631.73,13162.0
13:55,631.61,631.83,631.6,631.74,4483.0
13:56,630.96,631.65,630.96,631.64,7327.0
13:57,631.15,631.15,630.58,630.99,11616.0
13:58,631.43,631.55,631.15,631.15,5095.0
13:59,631.09,631.34,631.02,631.24,5463.0
14:00,631.12,631.12,630.96,631.09,11259.0
14:01,631.6,631.6,631.09,631.09,4892.0
14:02,631.39,631.8,631.31,631.8,10955.0
14:03,631.37,631.55,631.37,631.39,5673.0
14:04,631.4,631.59,631.31,631.41,4146.0
14:05,631.98,631.98,631.46,631.46,9958.0
14:06,631.36,632.15,631.32,631.91,16359.0
14:07,631.56,631.57,631.4,631.42,3829.0
14:08,631.65,631.7,631.44,631.5,6313.0
14:09,631.51,631.86,631.51,631.76,7605.0
14:10,631.14,631.49,631.0,631.49,11342.0
14:11,631.15,631.24,630.89,630.89,10280.0
14:12,631.04,631.2,630.99,631.13,9484.0
14:13,631.13,631.4,631.05,631.2,8321.0
14:14,631.0,631.19,630.95,631.16,11741.0
14:15,631.27,631.32,631.01,631.08,8755.0
14:16,631.57,631.57,631.16,631.27,5565.0
14:17,630.7,631.41,630.7,631.4,15205.0
14:18,630.99,631.19,630.95,630.97,9265.0
14:19,630.6,631.16,630.22,630.92,20492.0
14:20,630.22,630.55,629.88,630.2,25833.0
14:21,630.15,630.6,629.88,630.38,13933.0
14:22,630.01,630.01,629.51,629.78,23885.0
14:23,630.47,630.63,629.81,629.91,8364.0
14:24,630.95,631.03,630.43,630.49,6353.0
14:25,630.86,631.15,630.68,631.15,9652.0
14:26,631.17,631.58,630.92,630.92,11673.0
14:27,631.28,631.3,630.93,631.03,8844.0
14:28,630.65,631.36,630.41,631.1,9627.0
14:29,630.88,630.91,630.55,630.65,10751.0
14:30,630.94,631.17,630.66,630.66,6944.0
14:31,630.95,631.28,630.79,630.84,6902.0
14:32,630.86,630.99,630.68,630.97,7337.0
14:33,631.0,631.08,630.79,630.93,8906.0
14:34,630.91,631.16,630.91,631.12,7093.0
14:35,631.4,631.41,630.96,631.07,6707.0
14:36,631.4,631.47,631.19,631.43,5801.0
14:37,630.93,631.27,630.93,631.26,4506.0
14:38,631.16,631.17,631.08,631.1,4601.0
14:39,630.97,631.2,630.91,631.18,12556.0
14:40,631.18,631.18,630.9,630.97,6496.0
14:41,630.99,631.22,630.98,631.12,5407.0
14:42,631.13,631.15,630.85,630.85,4268.0
14:43,630.91,631.03,630.91,630.97,7691.0
14:44,630.61,630.81,630.5,630.81,14546.0
14:45,630.59,630.79,630.57,630.68,6598.0
14:46,630.32,630.74,630.32,630.74,8727.0
14:47,629.86,630.0,629.74,629.89,13571.0
14:48,630.02,630.02,629.65,629.78,17429.0
14:49,630.35,630.36,629.99,630.13,13629.0
14:50,630.34,630.61,630.32,630.32,4566.0
14:51,630.55,630.55,630.12,630.22,7552.0
14:52,630.55,630.68,630.48,630.61,5583.0
14:53,630.35,630.6,630.35,630.48,5373.0
14:54,630.3,630.4,630.2,630.33,8014.0
14:55,630.2,630.37,630.16,630.32,8885.0
14:56,629.99,630.25,629.91,630.14,19766.0
14:57,629.85,630.07,629.74,630.07,6186.0
14:58,629.87,629.9,629.75,629.86,9766.0
14:59,629.9,630.01,629.85,629.85,7954.0
15:00,630.11,630.11,629.88,629.88,6648.0
15:01,629.55,629.98,629.55,629.91,13127.0
15:02,629.19,629.58,629.01,629.48,17955.0
15:03,629.4,629.44,629.21,629.23,11677.0
15:04,629.4,629.51,629.31,629.51,5090.0
15:05,629.38,629.85,629.36,629.45,21201.0
15:06,629.58,629.58,629.18,629.4,5619.0
15:07,630.19,630.19,629.65,629.91,13044.0
15:08,630.18,630.48,630.16,630.26,14901.0
15:09,630.35,630.35,630.18,630.27,7739.0
15:10,630.39,630.53,630.22,630.22,6391.0
15:11,631.0,631.0,630.44,630.44,13758.0
15:12,630.86,631.04,630.81,630.89,3050.0
15:13,630.94,630.95,630.76,630.89,5275.0
15:14,630.82,630.96,630.81,630.85,10666.0
15:15,630.14,630.82,630.04,630.82,8910.0
15:16,629.93,630.22,629.67,630.13,24069.0
15:17,630.21,630.29,630.0,630.07,13167.0
15:18,629.99,630.23,629.92,630.02,14015.0
15:19,629.78,629.92,629.63,629.85,17377.0
15:20,629.51,629.9,629.33,629.84,15987.0
15:21,629.33,629.59,629.27,629.59,12438.0
15:22,628.76,629.28,628.67,629.28,16468.0
15:23,628.72,628.82,628.62,628.7,11001.0
15:24,628.77,629.0,628.32,628.6,18119.0
15:25,628.59,628.94,628.54,628.74,16800.0
15:26,628.31,628.76,628.31,628.61,9814.0
15:27,628.27,628.49,627.8,628.21,20233.0
15:28,628.49,628.65,628.19,628.36,13706.0
15:29,628.51,628.51,628.24,628.39,11834.0
15:30,628.87,628.95,628.26,628.42,15961.0
15:31,628.85,629.02,628.72,628.92,14049.0
15:32,628.45,628.82,628.45,628.82,9276.0
15:33,628.72,628.72,628.18,628.38,28701.0
15:34,629.04,629.04,628.65,628.79,14798.0
15:35,628.6,628.98,628.44,628.98,14268.0
15:36,628.44,628.76,628.31,628.6,16931.0
15:37,628.83,628.83,628.24,628.36,13796.0
15:38,629.52,629.63,628.82,628.85,48023.0
15:39,629.55,629.81,629.44,629.53,20756.0
15:40,629.71,629.71,629.33,629.59,16670.0
15:41,630.08,630.15,629.64,629.64,21361.0
15:42,629.93,630.02,629.84,630.01,13928.0
15:43,629.28,629.99,629.23,629.92,31116.0
15:44,629.28,629.37,629.01,629.08,21349.0
15:45,628.69,629.36,628.69,629.26,18961.0
15:46,628.39,628.64,628.39,628.6,11903.0
15:47,628.47,628.76,628.28,628.39,15444.0
15:48,628.09,628.52,628.08,628.47,14768.0
15:49,628.3,628.35,628.0,628.18,14889.0
15:50,628.05,629.13,627.83,628.39,39150.0
15:51,627.91,628.08,627.44,627.99,36508.0
15:52,628.06,628.11,627.5,627.82,50714.0
15:53,626.89,627.96,626.6,627.96,53484.0
15:54,627.4,627.4,626.29,626.69,51466.0
15:55,626.54,627.22,626.33,627.22,56264.0
15:56,627.28,627.34,626.44,626.54,51423.0
15:57,627.58,627.7,627.18,627.24,51933.0
15:58,627.76,627.96,627.39,627.49,68287.0
15:59,627.2,627.69,626.57,627.69,193139.0
