Time,Close,High,Low,Open,Volume
09:30,690.38,692.92,689.0,691.66,636011.0
09:31,689.04,690.87,688.25,690.45,98973.0
09:32,690.56,690.89,688.39,689.37,85079.0
09:33,690.71,691.09,689.76,690.45,70362.0
09:34,691.0,691.64,690.05,690.69,95995.0
09:35,689.98,690.93,689.83,690.86,52056.0
09:36,689.01,690.15,688.65,689.98,51633.0
09:37,688.88,689.81,688.73,688.99,30082.0
09:38,688.86,689.81,688.07,688.94,44020.0
09:39,687.16,688.53,686.57,688.33,46761.0
09:40,687.73,687.86,686.7,686.73,36284.0
09:41,689.0,689.22,687.34,687.54,32984.0
09:42,689.77,689.77,688.67,688.88,36484.0
09:43,689.23,689.78,688.9,689.41,28851.0
09:44,689.9,689.9,688.99,688.99,24948.0
09:45,687.99,689.83,687.84,689.78,55513.0
09:46,687.32,688.01,686.85,687.78,42247.0
09:47,686.02,686.9,685.58,686.8,44185.0
09:48,686.33,686.48,685.01,685.88,58977.0
09:49,686.84,687.0,685.51,686.03,53232.0
09:50,686.81,687.59,686.65,686.97,34229.0
09:51,685.6,686.81,685.6,686.81,58842.0
09:52,685.66,686.54,685.54,685.6,83455.0
09:53,686.96,687.45,685.88,685.88,39129.0
09:54,687.91,688.0,686.86,686.95,34608.0
09:55,687.8,688.27,687.65,687.98,25368.0
09:56,688.53,688.53,687.0,687.76,31533.0
09:57,687.1,688.55,687.02,688.29,46093.0
09:58,687.45,688.09,686.65,686.89,27802.0
09:59,686.71,687.46,686.44,687.46,41157.0
10:00,688.21,688.21,686.36,686.69,42125.0
10:01,688.69,689.13,688.07,688.23,33648.0
10:02,688.38,688.9,687.49,688.26,22929.0
10:03,688.36,688.9,688.0,688.35,31725.0
10:04,688.28,688.99,688.12,688.81,22012.0
10:05,688.85,688.9,688.11,688.37,23682.0
10:06,688.12,688.98,688.0,688.8,25708.0
10:07,687.3,688.13,687.3,688.12,42041.0
10:08,686.5,687.54,686.5,687.36,24342.0
10:09,686.15,686.9,686.0,686.67,31925.0
10:10,687.03,687.44,686.14,686.28,12492.0
10:11,687.51,687.85,686.94,686.94,26955.0
10:12,687.29,687.67,687.11,687.31,14354.0
10:13,687.23,687.66,687.15,687.49,23589.0
10:14,687.06,687.59,686.78,687.29,20703.0
10:15,687.18,687.49,687.05,687.07,11249.0
10:16,686.77,687.5,686.77,687.21,10074.0
10:17,687.3,687.33,686.59,686.59,11760.0
10:18,687.26,687.5,687.22,687.3,11535.0
10:19,687.62,687.73,687.23,687.71,9530.0
10:20,688.04,688.38,687.95,688.13,29178.0
10:21,688.93,689.08,687.97,688.01,23940.0
10:22,689.17,689.35,688.57,689.18,40681.0
10:23,689.03,689.5,688.88,689.17,33391.0
10:24,688.95,689.5,688.71,689.28,17932.0
10:25,689.92,690.13,688.76,688.76,51253.0
10:26,690.22,690.26,689.66,689.66,47407.0
10:27,690.13,690.58,689.91,690.36,32461.0
10:28,690.36,690.68,690.12,690.13,18184.0
10:29,691.1,691.18,690.32,690.6,29019.0
10:30,690.64,691.33,690.37,691.19,33364.0
10:31,690.61,690.83,690.16,690.76,30048.0
10:32,689.53,690.61,689.0,690.51,62194.0
10:33,689.03,689.55,688.86,689.45,31849.0
10:34,689.33,689.78,689.11,689.21,19255.0
10:35,689.0,690.45,688.09,689.33,42502.0
10:36,690.33,690.44,688.38,688.76,22515.0
10:37,690.71,691.39,690.2,690.45,51542.0
10:38,692.08,692.4,690.92,690.99,51447.0
10:39,692.43,692.6,691.66,692.15,51846.0
10:40,691.37,692.39,690.8,692.16,49526.0
10:41,693.22,693.62,691.06,691.51,77067.0
10:42,693.05,694.38,692.92,693.22,51283.0
10:43,693.11,693.63,692.94,693.13,32835.0
10:44,693.01,693.36,692.5,693.0,30205.0
10:45,692.94,693.28,692.5,693.28,21693.0
10:46,693.31,694.2,693.08,693.28,69061.0
10:47,692.32,693.53,691.79,693.3,30538.0
10:48,691.07,692.63,691.0,692.41,40873.0
10:49,691.07,691.44,690.63,690.9,37865.0
10:50,691.64,691.73,690.99,691.1,21301.0
10:51,691.43,691.7,691.29,691.52,13892.0
10:52,691.09,691.48,690.2,691.48,21024.0
10:53,691.04,691.54,691.01,691.13,12273.0
10:54,691.42,691.72,690.94,691.48,22032.0
10:55,691.65,691.8,691.38,691.71,10426.0
10:56,691.59,691.7,691.37,691.52,21489.0
10:57,691.7,691.93,691.46,691.59,12383.0
10:58,691.6,691.74,691.45,691.56,9224.0
10:59,691.34,691.75,691.34,691.58,12498.0
11:00,691.25,691.71,691.13,691.49,24104.0
11:01,691.02,691.31,690.86,691.25,30103.0
11:02,690.41,691.1,690.28,691.1,13808.0
11:03,690.1,690.65,690.1,690.48,20439.0
11:04,689.84,690.28,689.63,690.19,22267.0
11:05,688.78,689.75,688.78,689.7,29943.0
11:06,688.6,689.0,688.22,688.83,25576.0
11:07,688.91,688.91,688.51,688.7,13882.0
11:08,688.97,689.13,688.7,688.8,15452.0
11:09,689.3,689.71,688.77,688.97,19196.0
11:10,689.5,689.74,689.27,689.27,12310.0
11:11,689.46,689.74,689.32,689.73,8483.0
11:12,689.33,689.78,689.19,689.49,13558.0
11:13,689.13,689.47,689.13,689.28,9546.0
11:14,689.49,689.6,689.27,689.27,9573.0
11:15,689.58,689.66,689.36,689.53,18112.0
11:16,690.64,690.78,689.57,689.75,35216.0
11:17,690.72,691.1,690.34,690.5,19172.0
11:18,690.81,691.25,690.5,691.0,26071.0
11:19,691.0,691.2,690.75,691.0,14069.0
11:20,690.92,691.08,690.78,691.03,17815.0
11:21,691.12,691.21,690.79,690.92,20259.0
11:22,690.71,691.31,690.59,691.25,26250.0
11:23,690.94,691.02,690.65,690.65,25881.0
11:24,691.87,691.88,690.92,691.09,17220.0
11:25,691.3,692.0,691.3,691.86,21686.0
11:26,691.89,691.93,691.38,691.38,12185.0
11:27,692.29,692.47,691.76,691.93,25317.0
11:28,692.3,692.42,691.87,692.36,23984.0
11:29,692.36,692.64,692.35,692.44,20015.0
11:30,692.08,692.35,692.06,692.32,11478.0
11:31,692.17,692.29,691.89,692.18,20015.0
11:32,691.3,692.22,691.3,692.22,21615.0
11:33,691.18,691.5,691.16,691.38,10774.0
11:34,690.99,690.99,690.99,690.99,17815.0
11:35,690.93,690.99,690.67,690.97,15233.0
11:36,690.67,690.96,690.52,690.96,10819.0
11:37,690.43,690.95,690.43,690.81,13149.0
11:38,690.54,690.54,690.27,690.38,17814.0
11:39,690.16,690.51,690.03,690.51,17903.0
11:40,690.41,690.54,690.05,690.32,29261.0
11:41,689.82,690.41,689.81,690.41,17318.0
11:42,689.96,690.34,689.89,689.97,18939.0
11:43,689.09,689.97,688.86,689.97,37239.0
11:44,689.16,689.59,688.95,689.1,14496.0
11:45,688.95,689.18,688.79,689.16,18806.0
11:46,688.8,689.19,688.8,688.92,14101.0
11:47,689.0,689.08,688.96,689.05,10508.0
11:48,688.8,689.13,688.65,689.08,14626.0
11:49,689.23,689.24,688.88,688.99,17959.0
11:50,689.79,689.81,689.1,689.23,11686.0
11:51,690.1,690.19,689.67,689.86,22122.0
11:52,689.86,690.35,689.71,690.09,12507.0
11:53,689.53,689.9,689.48,689.9,12180.0
11:54,689.59,689.63,689.49,689.55,12494.0
11:55,689.53,689.71,689.37,689.64,14144.0
11:56,690.37,690.38,689.75,689.75,31345.0
11:57,690.42,690.47,690.27,690.4,17524.0
11:58,690.56,690.66,690.32,690.35,12882.0
11:59,690.73,690.91,690.5,690.63,14414.0
12:00,690.48,690.77,690.32,690.72,23928.0
12:01,690.71,690.85,690.48,690.48,19610.0
12:02,691.34,691.34,690.52,690.71,27746.0
12:03,690.78,691.38,690.68,691.38,13726.0
12:04,690.88,691.3,690.88,691.0,8921.0
12:05,690.78,690.89,690.64,690.87,11039.0
12:06,690.69,690.9,690.51,690.88,11384.0
12:07,690.28,690.84,690.23,690.84,10156.0
12:08,690.32,690.45,690.17,690.44,9907.0
12:09,690.02,690.49,689.74,690.45,29829.0
12:10,689.75,690.22,689.71,690.03,9914.0
12:11,689.72,690.04,689.61,690.04,8311.0
12:12,689.11,689.87,689.11,689.83,17575.0
12:13,689.39,689.4,689.31,689.34,6869.0
12:14,688.62,689.54,688.35,689.36,22821.0
12:15,688.32,688.43,688.32,688.43,11640.0
12:16,688.09,688.71,688.09,688.5,22338.0
12:17,686.97,688.14,686.55,688.05,41851.0
12:18,687.56,687.56,686.91,686.91,14637.0
12:19,687.61,687.81,687.43,687.43,9494.0
12:20,688.55,688.6,687.55,687.55,15644.0
12:21,688.02,688.59,688.02,688.46,11154.0
12:22,687.9,688.26,687.82,688.04,19087.0
12:23,688.4,688.53,687.96,687.96,14687.0
12:24,688.38,688.43,688.11,688.32,10602.0
12:25,688.41,688.53,688.16,688.4,12455.0
12:26,688.07,688.41,687.97,688.41,15570.0
12:27,689.11,689.11,688.01,688.36,31626.0
12:28,689.46,689.58,689.12,689.16,27220.0
12:29,689.61,689.61,689.29,689.58,14645.0
12:30,689.39,689.7,689.36,689.66,17898.0
12:31,689.51,689.51,689.39,689.39,34726.5
12:32,689.62,689.67,689.32,689.51,51555.0
12:33,689.76,689.76,689.11,689.42,10777.0
12:34,689.84,689.84,689.41,689.72,17856.0
12:35,689.91,690.04,689.58,689.68,18591.0
12:36,690.04,690.33,689.88,690.14,13427.0
12:37,689.77,689.98,689.51,689.81,7268.0
12:38,689.81,689.82,689.5,689.5,10255.0
12:39,689.58,689.7,689.26,689.53,16699.0
12:40,690.44,690.48,689.68,689.7,32823.0
12:41,690.63,690.77,690.27,690.28,25928.0
12:42,690.69,691.18,690.44,691.0,20046.0
12:43,690.36,690.97,690.13,690.69,13214.0
12:44,690.3,690.5,690.22,690.29,10144.0
12:45,689.15,690.3,689.02,690.3,29064.0
12:46,688.69,689.12,688.5,689.12,60326.0
12:47,687.81,688.71,687.5,688.62,34731.0
12:48,687.16,687.58,686.88,687.43,26638.0
12:49,687.14,687.33,686.66,687.11,28368.0
12:50,688.27,688.48,686.8,687.14,29373.0
12:51,687.59,688.46,687.24,688.39,29032.0
12:52,686.51,687.48,686.1,687.48,45606.0
12:53,687.46,687.46,686.38,686.5,20512.0
12:54,687.13,687.46,686.78,687.46,17344.0
12:55,687.0,687.2,686.85,687.0,9965.0
12:56,687.01,687.22,686.37,686.91,18045.0
12:57,686.67,686.92,686.67,686.92,20452.0
12:58,686.52,686.76,686.21,686.36,16079.0
12:59,685.37,686.57,685.37,686.57,39088.0
13:00,684.41,685.2,683.77,685.2,56707.0
13:01,684.93,685.0,684.18,684.36,28049.0
13:02,685.49,685.55,684.81,684.81,18895.0
13:03,686.36,686.53,685.53,685.53,28059.0
13:04,686.34,686.88,686.22,686.88,20907.0
13:05,686.38,686.52,686.0,686.2,15552.0
13:06,686.19,686.64,686.14,686.33,15484.0
13:07,687.7,687.7,686.0,686.29,23155.0
13:08,687.67,687.98,687.42,687.89,15726.0
13:09,687.9,687.91,687.54,687.76,31905.0
13:10,688.11,688.18,687.77,687.8,11837.0
13:11,688.46,688.78,688.32,688.32,13052.0
13:12,688.78,688.78,688.3,688.48,11348.0
13:13,688.0,688.76,687.94,688.6,14882.0
13:14,688.48,688.74,688.07,688.07,23271.0
13:15,688.55,689.04,688.52,688.52,25206.0
13:16,688.47,688.64,688.39,688.55,8550.0
13:17,688.63,688.81,688.39,688.55,13113.0
13:18,688.75,688.99,688.64,688.87,7874.0
13:19,688.39,688.67,688.39,688.65,5195.0
13:20,688.37,688.47,688.15,688.32,12079.0
13:21,688.54,688.88,688.42,688.42,10702.0
13:22,688.61,688.72,688.37,688.61,8831.0
13:23,688.59,688.65,688.33,688.51,25977.0
13:24,688.38,688.69,688.38,688.57,8189.0
13:25,688.1,688.43,688.1,688.37,16015.0
13:26,688.57,688.78,688.0,688.16,24246.0
13:27,688.42,688.56,688.0,688.54,8925.0
13:28,688.67,688.83,688.63,688.65,9718.0
13:29,688.3,688.66,688.3,688.66,5945.0
13:30,688.77,688.77,688.26,688.35,8487.0
13:31,688.59,688.78,688.5,688.66,9222.0
13:32,689.01,689.31,688.73,688.73,30511.0
13:33,689.2,689.28,689.12,689.15,8487.0
13:34,689.02,689.33,689.02,689.32,11964.0
13:35,689.36,689.59,688.98,689.11,18641.0
13:36,689.16,689.46,689.01,689.46,16214.0
13:37,689.3,689.32,689.06,689.07,6312.0
13:38,689.46,689.47,689.06,689.15,11906.0
13:39,689.44,689.5,689.23,689.35,13011.0
13:40,689.4,689.49,689.23,689.49,9016.0
13:41,690.02,690.02,689.52,689.52,33344.0
13:42,689.79,689.9,689.45,689.77,8231.0
13:43,689.97,690.1,689.82,689.87,9284.0
13:44,689.5,690.12,689.39,689.97,7312.0
13:45,689.46,689.64,689.24,689.55,10214.0
13:46,689.35,689.47,689.25,689.33,8272.0
13:47,689.33,689.48,689.21,689.36,11110.0
13:48,689.31,689.59,689.31,689.34,14296.0
13:49,688.71,689.13,688.7,689.03,18339.0
13:50,688.59,688.99,688.59,688.73,4367.0
13:51,688.47,688.72,688.45,688.56,8581.0
13:52,688.71,688.73,688.47,688.5,10446.0
13:53,688.85,689.06,688.63,688.78,12864.0
13:54,688.52,688.76,688.46,688.76,5419.0
13:55,688.6,688.87,688.42,688.52,11092.0
13:56,688.57,688.87,688.46,688.5,11042.0
13:57,688.16,688.83,688.16,688.8,15922.0
13:58,687.58,688.02,687.21,688.02,26578.0
13:59,687.46,687.62,687.42,687.58,6559.0
14:00,687.22,687.67,687.15,687.62,46141.0
14:01,687.26,687.59,687.14,687.47,30382.0
14:02,687.29,687.51,687.12,687.32,14622.0
14:03,686.85,687.12,686.74,687.12,9351.0
14:04,686.86,687.17,686.68,686.99,8633.0
14:05,686.37,686.81,686.13,686.68,20366.0
14:06,686.11,686.57,685.93,686.27,15344.0
14:07,685.57,686.0,685.49,686.0,28305.0
14:08,686.0,686.09,685.46,685.57,16369.0
14:09,685.59,685.88,685.45,685.88,17033.0
14:10,685.42,685.79,685.24,685.75,19153.0
14:11,685.6,685.72,685.16,685.42,13006.0
14:12,685.97,685.97,685.53,685.76,17735.0
14:13,685.74,686.1,685.61,685.89,11427.0
14:14,685.94,686.11,685.54,685.57,13188.0
14:15,685.52,685.78,685.16,685.68,14088.0
14:16,684.18,685.37,684.0,685.35,35098.0
14:17,684.57,684.76,683.21,684.0,38651.0
14:18,684.9,684.96,684.27,684.51,12882.0
14:19,685.91,685.93,684.77,684.82,19203.0
14:20,685.96,686.05,685.58,685.94,11751.0
14:21,685.73,686.04,685.54,686.04,10816.0
14:22,686.41,686.43,685.77,685.77,10741.0
14:23,686.78,686.88,686.36,686.55,13969.0
14:24,687.47,687.73,686.68,686.68,20229.0
14:25,687.78,687.92,687.45,687.58,16886.0
14:26,687.96,687.96,687.44,687.7,16130.0
14:27,687.87,688.24,687.75,687.97,22902.0
14:28,688.02,688.13,687.7,687.79,15078.0
14:29,688.42,688.52,687.95,687.95,34846.0
14:30,688.41,688.62,688.33,688.5,17657.0
14:31,688.32,688.75,688.3,688.52,18604.0
14:32,688.19,688.4,688.09,688.32,24926.0
14:33,688.19,688.36,688.03,688.36,12811.0
14:34,688.8,688.84,688.03,688.14,22483.0
14:35,688.92,689.16,688.66,688.93,27640.0
14:36,689.29,689.47,688.92,689.0,24084.0
14:37,688.71,689.47,688.16,689.47,64503.0
14:38,688.84,689.13,688.45,688.55,10452.0
14:39,689.34,689.55,688.84,688.84,13825.0
14:40,689.3,689.53,689.05,689.26,14565.0
14:41,688.83,689.39,688.59,689.39,14835.0
14:42,688.83,688.83,688.61,688.61,10384.0
14:43,688.81,689.07,688.75,688.86,12568.0
14:44,688.57,688.57,688.57,688.57,26772.0
14:45,688.36,689.04,688.35,688.4,16776.0
14:46,688.68,688.86,688.45,688.5,6126.0
14:47,688.55,688.87,688.49,688.67,7007.0
14:48,688.73,688.73,688.52,688.53,6998.0
14:49,688.55,688.81,688.45,688.61,13688.0
14:50,688.47,688.77,688.47,688.66,8480.0
14:51,689.2,689.22,688.51,688.51,13270.0
14:52,688.65,689.21,688.6,689.21,14424.0
14:53,688.53,688.78,688.44,688.64,6240.0
14:54,688.59,688.69,688.22,688.42,11705.0
14:55,688.79,688.79,688.33,688.59,18762.0
14:56,688.41,689.17,688.41,688.63,9700.0
14:57,688.35,688.47,688.1,688.36,12492.0
14:58,687.94,688.42,687.79,688.3,14504.0
14:59,688.1,688.34,687.99,688.13,9600.0
15:00,688.07,688.4,687.96,687.96,10470.0
15:01,687.89,688.22,687.85,688.19,9004.0
15:02,688.04,688.5,688.0,688.01,11098.0
15:03,687.45,688.09,687.27,687.82,9995.0
15:04,687.63,687.82,687.34,687.45,8676.0
15:05,687.39,688.0,687.39,687.59,9849.0
15:06,687.46,687.72,687.46,687.62,9804.0
15:07,687.35,687.53,687.04,687.53,12365.0
15:08,687.5,687.62,687.03,687.42,18588.0
15:09,687.59,687.89,687.52,687.59,12969.0
15:10,687.49,687.92,687.49,687.64,11333.0
15:11,687.01,687.24,686.92,687.24,11985.0
15:12,687.18,687.57,687.13,687.19,14868.0
15:13,686.54,687.28,686.23,687.17,15549.0
15:14,686.07,686.42,686.0,686.26,18337.0
15:15,685.6,686.78,685.6,686.07,30087.0
15:16,684.24,685.59,684.06,685.59,22424.0
15:17,683.92,684.31,683.12,684.11,72740.0
15:18,683.13,684.0,682.8,683.8,37842.0
15:19,684.24,684.24,682.25,683.21,44203.0
15:20,684.23,684.56,683.3,684.12,51788.0
15:21,683.4,684.21,683.0,684.16,44135.0
15:22,683.54,683.96,683.21,683.57,26403.0
15:23,683.3,684.03,683.28,683.7,45968.0
15:24,682.83,683.33,682.73,683.28,31845.0
15:25,683.32,683.32,682.52,682.6,27858.0
15:26,685.14,685.14,683.28,683.28,44607.0
15:27,685.39,685.56,684.92,685.03,35803.0
15:28,684.78,685.46,684.49,685.29,46625.0
15:29,684.99,685.26,684.69,684.69,24568.0
15:30,685.99,686.22,685.25,685.26,35552.0
15:31,685.42,686.33,685.35,685.55,20686.0
15:32,685.67,685.85,685.08,685.45,19028.0
15:33,685.99,686.32,685.59,685.7,16755.0
15:34,686.2,686.29,685.58,685.89,16772.0
15:35,686.31,686.76,686.06,686.24,42333.0
15:36,686.95,687.0,686.38,686.38,26822.0
15:37,687.43,687.84,686.98,686.98,20412.0
15:38,687.98,687.98,687.4,687.41,29095.0
15:39,687.7,688.05,687.35,687.82,18093.0
15:40,687.53,687.88,687.03,687.72,14403.0
15:41,687.52,687.71,687.18,687.54,15195.0
15:42,686.17,687.58,686.0,687.5,16559.0
15:43,686.15,686.44,686.07,686.26,13778.0
15:44,685.77,686.34,685.51,686.24,31834.0
15:45,686.69,686.86,685.83,685.97,79217.0
15:46,686.24,686.76,686.03,686.56,9621.0
15:47,686.77,687.0,686.18,686.26,14351.0
15:48,686.47,687.0,686.47,686.78,23828.0
15:49,686.35,686.72,686.12,686.69,19594.0
15:50,686.04,687.51,685.46,686.67,58384.0
15:51,685.66,686.38,685.6,685.98,23048.0
15:52,686.09,686.09,685.16,685.6,31020.0
15:53,685.7,685.97,685.2,685.86,44895.0
15:54,685.01,685.8,685.01,685.7,30468.0
15:55,684.9,685.35,684.5,684.97,46904.0
15:56,684.17,685.14,683.89,684.9,64810.0
15:57,684.15,684.45,683.9,684.11,75551.0
15:58,683.66,684.2,683.64,684.04,63625.0
15:59,684.42,684.89,683.63,683.72,185530.0
