Time,Close,High,Low,Open,Volume
09:30,735.32,735.32,735.32,735.32,346274.0
09:31,737.96,738.11,734.59,735.31,72623.0
09:32,738.0,738.31,737.36,737.51,11307.0
09:33,738.66,738.67,737.5,737.5,47530.0
09:34,738.44,739.85,738.35,738.61,36845.0
09:35,738.83,739.12,738.01,738.59,38110.0
09:36,740.81,741.15,738.67,738.76,76220.0
09:37,740.84,741.38,739.99,740.85,27330.0
09:38,741.07,741.3,740.46,741.27,30919.0
09:39,742.22,742.38,741.08,741.08,58209.0
09:40,742.32,742.5,741.76,742.22,43057.0
09:41,742.72,742.97,741.93,742.55,25367.0
09:42,742.85,743.41,742.5,742.86,55720.0
09:43,741.39,742.78,741.0,742.64,40065.0
09:44,743.12,743.24,741.47,741.62,26138.0
09:45,742.7,743.5,742.7,743.22,27634.0
09:46,742.33,742.94,741.55,742.94,50651.0
09:47,742.3,743.14,742.22,742.22,25817.0
09:48,743.18,743.18,742.33,742.33,14965.0
09:49,743.77,744.01,742.82,742.93,38155.0
09:50,743.2,744.1,743.05,743.84,27219.0
09:51,742.97,743.41,742.51,743.35,15559.0
09:52,742.3,743.02,742.0,742.53,35913.0
09:53,742.19,742.49,741.5,742.11,25344.0
09:54,741.36,742.56,741.12,742.07,21207.0
09:55,741.45,741.73,741.01,741.31,13159.0
09:56,740.52,741.55,740.32,741.46,29076.0
09:57,739.43,740.56,738.44,740.56,37130.0
09:58,738.88,739.92,738.44,738.9,19881.0
09:59,739.61,739.64,738.77,739.19,15010.0
10:00,746.55,746.75,739.47,739.51,122140.0
10:01,747.15,748.45,746.16,746.37,93557.0
10:02,748.0,750.0,746.6,747.2,202935.0
10:03,750.36,750.74,748.38,748.78,119239.0
10:04,747.44,750.65,747.16,750.61,66072.0
10:05,749.32,749.59,747.24,747.48,44959.0
10:06,748.6,750.6,747.98,749.29,83443.0
10:07,748.19,748.72,747.29,748.4,45882.0
10:08,750.53,750.99,747.71,748.3,71870.0
10:09,750.86,751.79,750.26,750.5,97210.0
10:10,750.59,751.58,750.4,750.92,45620.0
10:11,749.31,750.94,749.15,750.6,78390.0
10:12,750.18,750.57,749.28,749.29,50422.0
10:13,749.34,750.25,748.95,750.0,41795.0
10:14,750.66,751.09,749.38,749.47,43404.0
10:15,751.37,751.9,750.6,750.81,70702.0
10:16,752.12,752.23,751.04,751.51,47500.0
10:17,750.8,752.16,750.67,752.12,64703.0
10:18,749.81,751.22,749.51,750.55,63125.0
10:19,749.17,750.08,748.95,750.08,56891.0
10:20,749.44,749.69,749.06,749.53,25630.0
10:21,747.86,749.2,747.22,749.2,37716.0
10:22,746.96,748.0,746.5,747.99,45504.0
10:23,746.98,747.51,746.38,746.74,28378.0
10:24,748.64,748.86,746.92,747.12,29252.0
10:25,750.32,750.5,748.5,748.5,41047.0
10:26,749.46,750.26,748.63,750.14,48378.0
10:27,746.87,749.0,746.04,749.0,37886.0
10:28,747.86,747.94,746.59,746.67,46402.0
10:29,747.6,748.12,747.16,747.39,24604.0
10:30,748.07,749.34,747.58,747.62,25798.0
10:31,748.55,748.95,747.81,747.81,28398.0
10:32,749.73,749.96,748.57,748.57,64380.0
10:33,749.46,750.33,749.26,749.69,90339.0
10:34,750.14,750.36,749.14,749.43,26123.0
10:35,751.33,751.49,750.1,750.18,47743.0
10:36,751.29,751.78,751.01,751.38,38006.0
10:37,751.22,751.73,750.89,751.39,36175.0
10:38,751.25,751.7,751.01,751.06,27002.0
10:39,751.19,751.5,750.62,751.25,47248.0
10:40,752.75,752.86,751.21,751.21,46852.0
10:41,751.66,753.09,751.59,752.75,41652.0
10:42,751.66,752.2,751.3,751.51,28204.0
10:43,752.49,752.66,751.5,751.82,21293.0
10:44,753.23,753.48,752.37,752.37,37292.0
10:45,752.66,753.56,752.28,753.42,38120.0
10:46,752.99,753.0,752.09,752.78,34480.0
10:47,753.49,753.7,752.53,753.05,36294.0
10:48,753.51,754.0,753.43,753.6,86504.0
10:49,753.24,753.57,752.7,753.57,62180.0
10:50,753.18,753.54,752.81,753.14,32712.0
10:51,753.26,753.55,752.75,753.09,38743.0
10:52,753.49,753.73,752.92,753.2,28999.0
10:53,753.18,753.91,753.0,753.47,27146.0
10:54,753.92,753.92,753.07,753.24,32192.0
10:55,754.07,754.29,753.6,753.78,44615.0
10:56,753.13,754.24,753.11,754.14,34722.0
10:57,753.28,753.88,752.97,753.0,19150.0
10:58,753.43,753.95,753.23,753.34,23839.0
10:59,753.32,754.32,753.26,753.88,46222.0
11:00,754.24,754.5,753.18,753.2,23516.0
11:01,755.0,755.3,754.24,754.38,65622.0
11:02,755.72,755.76,754.61,754.78,45052.0
11:03,755.66,755.86,755.3,755.7,37560.0
11:04,755.43,755.83,755.3,755.53,40100.0
11:05,755.65,755.77,755.3,755.5,27625.0
11:06,755.53,755.83,755.34,755.66,19640.0
11:07,755.23,756.0,755.0,755.7,82550.0
11:08,755.08,755.4,754.87,755.1,22686.0
11:09,755.86,755.89,754.95,755.06,23422.0
11:10,756.39,756.39,755.64,755.78,87787.0
11:11,755.82,756.51,755.47,756.21,27346.0
11:12,755.74,756.0,755.62,755.82,14345.0
11:13,755.01,755.76,755.0,755.62,31070.0
11:14,754.76,755.4,754.52,755.16,20728.0
11:15,754.83,755.04,754.37,754.76,31794.0
11:16,755.85,755.9,754.9,755.0,24040.0
11:17,756.0,756.05,755.64,755.87,27687.0
11:18,755.72,756.09,755.03,756.0,23766.0
11:19,756.07,756.48,755.77,755.77,28464.0
11:20,756.29,756.49,755.94,756.03,19169.0
11:21,755.8,756.8,755.8,756.28,45439.0
11:22,755.97,756.1,755.45,755.49,22632.0
11:23,755.57,756.03,755.48,756.03,37823.0
11:24,753.96,755.33,753.96,755.0,31104.0
11:25,753.81,754.13,753.6,753.95,39122.0
11:26,753.67,754.05,753.67,754.05,16418.0
11:27,753.38,753.72,753.3,753.66,13449.0
11:28,754.29,754.34,753.3,753.5,35601.0
11:29,753.77,754.36,753.69,754.36,21627.0
11:30,754.35,754.57,753.74,753.79,29706.0
11:31,753.91,754.16,753.88,754.07,9823.0
11:32,754.26,754.37,753.87,754.01,16441.0
11:33,754.1,754.36,753.99,754.31,16456.0
11:34,754.38,754.6,754.13,754.43,17693.0
11:35,754.27,754.51,754.1,754.34,19544.0
11:36,754.57,754.6,754.0,754.14,22330.0
11:37,754.15,754.68,754.15,754.46,15317.0
11:38,752.93,754.31,752.9,754.31,27053.0
11:39,752.57,753.27,752.43,753.15,24192.0
11:40,752.67,752.91,752.36,752.45,12679.0
11:41,752.99,753.01,752.54,752.6,19856.0
11:42,753.41,753.54,752.6,752.91,20212.0
11:43,753.58,753.69,753.24,753.41,19439.0
11:44,753.81,753.85,753.52,753.61,6886.0
11:45,753.78,753.97,753.68,753.68,9247.0
11:46,753.74,754.3,753.62,753.84,22243.0
11:47,753.74,754.0,753.74,753.9,6422.0
11:48,752.84,753.84,752.66,753.56,18318.0
11:49,752.23,752.82,752.23,752.5,15361.0
11:50,752.52,752.65,752.22,752.23,19268.0
11:51,752.66,752.98,752.44,752.58,18133.0
11:52,752.96,753.17,752.7,752.9,16066.0
11:53,752.63,752.99,752.53,752.81,15202.0
11:54,752.21,752.88,752.21,752.78,18732.0
11:55,752.0,752.51,752.0,752.2,25004.0
11:56,751.88,752.07,751.78,751.99,20635.0
11:57,752.22,752.31,751.84,751.87,18464.0
11:58,752.2,752.37,752.0,752.33,56684.0
11:59,751.92,752.4,751.92,752.2,15275.0
12:00,752.6,752.84,751.83,751.83,18703.0
12:01,752.98,752.99,752.28,752.46,9334.0
12:02,753.03,753.06,752.75,752.98,31589.0
12:03,752.79,753.13,752.79,753.1,9298.0
12:04,752.96,753.01,752.68,752.88,11146.0
12:05,753.02,753.1,752.73,752.96,16241.0
12:06,752.04,752.96,752.03,752.94,10468.0
12:07,752.47,752.77,752.27,752.41,5806.0
12:08,752.44,752.64,752.03,752.57,17909.0
12:09,752.37,752.44,752.2,752.42,8592.0
12:10,752.33,752.4,752.08,752.24,5090.0
12:11,752.36,752.91,752.34,752.5,8863.0
12:12,752.26,752.36,752.07,752.36,8825.0
12:13,751.08,752.29,751.08,752.26,20504.0
12:14,751.74,751.74,751.37,751.37,12208.0
12:15,751.35,751.91,751.1,751.82,17257.0
12:16,750.91,751.48,750.91,751.47,17598.0
12:17,751.19,751.58,750.86,750.86,18847.0
12:18,751.75,751.82,751.33,751.33,12845.0
12:19,752.12,752.29,751.72,751.79,17187.0
12:20,752.1,752.33,752.0,752.27,11867.0
12:21,752.59,752.81,752.13,752.17,12001.0
12:22,752.68,752.73,752.18,752.6,12586.0
12:23,752.77,753.0,752.7,752.7,16145.0
12:24,752.47,752.73,752.33,752.67,8861.0
12:25,751.93,752.27,751.5,752.27,11272.0
12:26,751.52,751.99,751.47,751.86,7330.0
12:27,751.87,751.87,751.3,751.52,11925.0
12:28,751.47,751.93,751.35,751.85,14455.0
12:29,751.49,751.49,751.24,751.45,13954.0
12:30,751.59,751.73,751.44,751.61,12066.0
12:31,751.7,751.8,751.57,751.68,16518.0
12:32,751.47,751.8,751.47,751.8,15525.0
12:33,751.74,751.94,751.43,751.47,20567.0
12:34,751.61,752.0,751.6,752.0,5525.0
12:35,751.63,751.63,751.21,751.6,14548.0
12:36,751.56,751.61,751.32,751.49,9530.0
12:37,751.59,751.8,751.3,751.57,13229.0
12:38,751.71,751.82,751.51,751.82,7133.0
12:39,751.6,751.81,751.41,751.5,12216.0
12:40,751.67,751.85,751.39,751.5,6096.0
12:41,751.64,751.68,751.56,751.62,8390.0
12:42,751.56,751.76,751.56,751.7,6138.0
12:43,751.49,751.8,751.41,751.79,7727.0
12:44,751.73,751.73,751.4,751.49,7096.0
12:45,751.63,751.63,751.54,751.55,1958.0
12:46,752.12,752.26,751.78,751.79,11993.0
12:47,751.78,751.93,751.5,751.9,6902.0
12:48,751.55,751.97,751.55,751.97,6047.0
12:49,751.47,751.73,751.29,751.5,6960.0
12:50,751.93,752.04,751.63,751.63,6664.0
12:51,751.55,751.73,751.33,751.73,9540.0
12:52,750.52,751.58,750.52,751.5,9104.0
12:53,750.41,750.58,750.25,750.5,19494.0
12:54,749.99,750.41,749.86,750.41,31462.0
12:55,749.77,750.16,749.64,749.82,17037.0
12:56,749.3,749.82,749.2,749.77,18209.0
12:57,748.71,749.56,748.71,749.33,17239.0
12:58,749.08,749.21,748.86,748.88,14120.0
12:59,749.4,749.57,749.02,749.14,14693.0
13:00,749.66,749.8,749.17,749.57,16127.0
13:01,749.48,749.8,749.35,749.63,11427.0
13:02,749.44,749.62,749.26,749.52,14993.0
13:03,749.83,749.89,749.5,749.59,13562.0
13:04,749.91,750.0,749.82,749.99,9947.0
13:05,750.54,750.65,750.2,750.34,12865.0
13:06,750.8,750.8,750.37,750.46,9771.0
13:07,750.7,751.3,750.7,751.3,11316.0
13:08,750.61,750.65,750.4,750.52,9420.0
13:09,750.58,750.76,750.36,750.71,6223.0
13:10,750.48,750.75,750.37,750.75,10450.0
13:11,750.67,751.75,750.43,750.48,20721.0
13:12,750.75,751.01,750.66,751.0,8086.0
13:13,750.76,751.33,750.76,751.33,9742.0
13:14,751.31,751.31,750.96,751.11,10256.0
13:15,751.34,751.59,751.13,751.3,15384.0
13:16,751.87,752.0,751.53,751.55,12044.0
13:17,751.64,751.76,751.15,751.62,12661.0
13:18,751.71,751.84,751.55,751.69,7701.0
13:19,752.02,752.2,751.74,751.81,13024.0
13:20,752.23,752.37,751.97,752.08,11341.0
13:21,752.0,752.55,752.0,752.39,10450.0
13:22,752.09,752.53,752.0,752.14,8755.0
13:23,752.47,752.52,752.15,752.15,25727.0
13:24,752.35,752.67,752.24,752.6,10969.0
13:25,752.54,752.59,752.32,752.48,8788.0
13:26,752.35,752.69,752.22,752.53,15445.0
13:27,752.06,752.56,752.05,752.23,24313.0
13:28,752.27,752.5,751.93,752.2,24020.0
13:29,752.71,752.72,752.0,752.14,25204.0
13:30,752.57,753.0,752.57,752.66,18951.0
13:31,752.28,752.58,752.2,752.51,19548.0
13:32,752.32,752.61,752.32,752.46,7740.0
13:33,753.0,753.0,752.44,752.49,12711.0
13:34,752.75,752.83,752.61,752.82,7115.0
13:35,752.84,752.85,752.57,752.81,5297.0
13:36,752.93,752.94,752.68,752.69,12003.0
13:37,752.98,752.98,752.69,752.98,11326.0
13:38,753.0,753.02,752.71,752.86,34399.0
13:39,752.95,753.11,752.85,752.99,18798.0
13:40,753.28,753.28,752.79,752.94,17415.0
13:41,753.5,753.77,753.2,753.29,23472.0
13:42,753.56,753.84,753.56,753.66,18012.0
13:43,753.64,753.78,753.45,753.68,13224.0
13:44,753.93,753.93,753.32,753.56,11577.0
13:45,753.82,753.9,753.57,753.88,16100.0
13:46,754.2,754.2,753.91,753.93,15642.0
13:47,754.0,754.28,753.94,754.2,15248.0
13:48,754.1,754.29,753.9,754.0,20935.0
13:49,754.13,754.23,754.02,754.05,11916.0
13:50,754.23,754.37,754.21,754.21,12145.0
13:51,753.81,754.12,753.61,754.12,12301.0
13:52,753.74,754.17,753.74,753.96,12035.0
13:53,754.25,754.25,753.52,753.75,16285.0
13:54,754.16,754.2,753.95,754.15,6912.0
13:55,754.41,754.5,754.02,754.07,16617.0
13:56,754.05,754.35,753.93,754.34,13965.0
13:57,753.33,754.0,753.3,753.95,14231.0
13:58,753.75,753.99,753.27,753.27,5564.0
13:59,753.6,753.76,753.55,753.61,35619.0
14:00,754.16,754.24,753.91,753.92,14258.0
14:01,754.5,754.52,753.84,754.13,9605.0
14:02,754.21,754.47,754.04,754.42,14965.0
14:03,754.46,754.52,754.07,754.22,9113.0
14:04,754.7,754.7,754.42,754.47,9679.0
14:05,754.08,754.75,754.08,754.75,11377.0
14:06,754.14,754.53,754.14,754.19,7243.0
14:07,753.91,754.13,753.5,754.13,14091.0
14:08,754.48,754.78,753.89,753.89,18616.0
14:09,754.65,754.91,754.47,754.47,22813.0
14:10,754.7,754.72,754.48,754.49,5236.0
14:11,754.65,754.73,754.63,754.72,4730.0
14:12,755.26,755.39,754.66,754.71,40619.0
14:13,755.13,755.41,755.01,755.41,13026.0
14:14,755.03,755.27,755.01,755.1,16331.0
14:15,754.81,755.14,754.81,755.04,23382.0
14:16,754.63,754.9,754.61,754.8,7031.0
14:17,754.82,754.82,754.36,754.7,7669.0
14:18,754.41,754.82,754.41,754.68,7268.0
14:19,754.62,754.72,754.45,754.53,7122.0
14:20,754.43,754.54,754.06,754.54,20939.0
14:21,754.07,754.57,753.93,754.57,9571.0
14:22,754.0,754.01,753.61,753.81,9131.0
14:23,753.92,754.02,753.75,753.96,9506.0
14:24,754.19,754.28,753.81,754.0,9829.0
14:25,754.01,754.17,754.01,754.09,5522.0
14:26,754.47,754.5,754.08,754.08,10743.0
14:27,754.37,754.6,754.29,754.6,6488.0
14:28,754.44,754.99,754.21,754.26,29826.0
14:29,754.16,754.5,754.16,754.5,5154.0
14:30,754.27,754.5,754.09,754.1,8673.0
14:31,754.01,754.26,754.0,754.26,6576.0
14:32,753.68,753.9,753.68,753.88,5964.0
14:33,754.03,754.28,753.77,753.79,11357.0
14:34,754.25,754.46,754.19,754.19,10149.0
14:35,754.48,754.64,754.26,754.34,12217.0
14:36,754.46,754.89,754.45,754.48,16438.0
14:37,754.59,754.76,754.34,754.55,14616.0
14:38,754.54,754.71,754.4,754.67,7484.0
14:39,754.4,754.57,754.4,754.57,6572.0
14:40,754.46,754.6,754.45,754.47,6323.0
14:41,754.4,754.5,754.4,754.47,7687.0
14:42,754.21,754.48,754.21,754.33,27348.0
14:43,753.81,754.21,753.72,754.18,12746.0
14:44,753.8,753.82,753.61,753.8,7365.0
14:45,753.88,753.92,753.68,753.78,6579.0
14:46,753.97,754.0,753.88,753.94,11433.0
14:47,754.31,754.31,753.9,754.0,29373.0
14:48,754.39,754.51,754.08,754.18,11906.0
14:49,754.33,754.45,754.27,754.43,6917.0
14:50,753.7,754.33,753.68,754.33,26637.0
14:51,754.15,754.35,753.5,753.63,19133.0
14:52,754.35,754.35,754.06,754.06,9020.0
14:53,754.22,754.29,754.03,754.29,5505.0
14:54,753.98,754.26,753.98,754.26,6974.0
14:55,753.76,754.0,753.72,753.81,13697.0
14:56,753.34,753.63,753.3,753.63,13948.0
14:57,753.34,753.57,753.25,753.29,10632.0
14:58,753.44,753.44,753.14,753.14,8581.0
14:59,753.28,753.44,753.2,753.35,16658.0
15:00,753.18,753.37,753.0,753.35,13398.0
15:01,753.09,753.2,752.65,753.0,17724.0
15:02,753.65,753.84,753.2,753.2,20294.0
15:03,753.73,753.8,753.49,753.79,11584.0
15:04,753.51,753.75,753.47,753.55,6331.0
15:05,753.6,753.75,753.5,753.62,12327.0
15:06,753.49,753.74,753.42,753.5,15714.0
15:07,753.65,753.65,753.49,753.49,8287.0
15:08,753.56,753.64,753.41,753.55,7452.0
15:09,753.49,753.7,753.49,753.58,11882.0
15:10,753.46,753.61,753.44,753.48,7166.0
15:11,753.66,753.68,753.4,753.45,9278.0
15:12,753.77,753.77,753.48,753.58,4567.0
15:13,754.09,754.18,753.57,753.57,16210.0
15:14,753.88,754.14,753.79,754.04,16202.0
15:15,753.77,753.96,753.7,753.88,10429.0
15:16,753.9,753.9,753.77,753.82,7115.0
15:17,754.03,754.11,753.92,753.92,9506.0
15:18,754.22,754.37,754.07,754.15,12992.0
15:19,754.22,754.37,754.1,754.28,13633.0
15:20,754.37,754.4,754.11,754.22,24169.0
15:21,754.55,754.55,754.32,754.4,9368.0
15:22,754.54,754.72,754.54,754.55,8771.0
15:23,754.92,754.99,754.65,754.72,9269.0
15:24,755.24,755.24,754.92,754.93,25540.0
15:25,754.87,755.16,754.67,755.16,21827.0
15:26,755.22,755.28,754.85,754.87,20473.0
15:27,754.93,755.2,754.92,755.2,15928.0
15:28,754.8,754.94,754.8,754.88,19072.0
15:29,754.85,755.08,754.84,754.87,16926.0
15:30,754.74,755.05,754.58,755.0,19863.0
15:31,754.93,755.05,754.72,754.82,21023.0
15:32,754.96,755.0,754.84,754.9,8456.0
15:33,754.78,755.06,754.76,754.92,15750.0
15:34,754.9,754.9,754.63,754.78,10998.0
15:35,754.5,754.87,754.5,754.87,16030.0
15:36,754.46,754.58,754.31,754.43,22329.0
15:37,754.11,754.47,754.0,754.42,20322.0
15:38,754.17,754.31,753.84,754.13,19896.0
15:39,753.81,754.19,753.78,754.11,11213.0
15:40,753.32,753.81,753.31,753.81,19618.0
15:41,753.97,754.15,753.2,753.32,22662.0
15:42,754.07,754.09,753.85,753.97,211671.0
15:43,753.85,753.9,753.7,753.89,11759.0
15:44,754.13,754.34,753.93,753.93,13597.0
15:45,754.4,754.64,754.21,754.27,12816.0
15:46,754.71,754.9,754.32,754.51,9826.0
15:47,754.66,754.74,754.37,754.66,16944.0
15:48,754.8,754.99,754.41,754.6,10887.0
15:49,754.86,754.94,754.61,754.94,13329.0
15:50,754.84,755.6,754.79,754.91,43097.0
15:51,754.82,754.84,754.39,754.84,61625.0
15:52,754.52,754.94,754.45,754.82,23430.0
15:53,754.61,754.79,754.32,754.45,23445.0
15:54,754.99,755.02,754.41,754.61,42673.0
15:55,754.26,754.92,754.22,754.92,38900.0
15:56,754.02,754.35,753.72,754.19,44061.0
15:57,754.21,754.23,753.9,754.1,51481.0
15:58,754.26,754.37,754.14,754.23,72195.0
15:59,754.65,755.09,754.21,754.32,168541.0
