Time,Close,High,Low,Open,Volume
09:30,652.12,652.5,650.72,651.65,522453.0
09:31,651.2,653.32,651.2,652.12,148050.0
09:32,651.12,651.35,649.44,651.2,91197.0
09:33,651.11,651.34,650.12,651.09,90893.0
09:34,650.99,651.5,650.38,651.18,61447.0
09:35,650.7,651.26,649.93,651.2,49405.0
09:36,650.01,651.0,649.64,650.71,41581.0
09:37,650.08,650.44,649.67,649.86,44557.0
09:38,649.34,650.2,649.26,650.09,39288.0
09:39,648.96,649.67,648.68,649.21,56166.0
09:40,649.2,649.5,648.1,648.96,52767.0
09:41,648.78,649.42,647.93,649.26,72372.0
09:42,649.59,649.59,648.69,648.83,55003.0
09:43,648.86,649.94,648.72,649.69,32744.0
09:44,648.01,649.12,647.89,649.02,38375.0
09:45,646.87,648.03,646.67,648.03,69133.0
09:46,646.52,646.73,646.47,646.72,46557.0
09:47,647.42,647.42,645.82,646.22,35179.0
09:48,646.76,647.44,646.56,647.34,28164.0
09:49,645.82,646.87,645.76,646.76,38722.0
09:50,646.53,646.63,645.5,645.96,44475.0
09:51,646.84,647.2,646.24,646.55,31544.0
09:52,646.4,647.2,646.37,646.83,54816.0
09:53,647.2,647.3,646.35,646.51,25729.0
09:54,647.15,647.4,646.9,647.3,28770.0
09:55,648.16,648.16,647.18,647.18,44812.0
09:56,646.5,648.16,647.18,648.16,46976.0
09:57,646.62,646.92,646.4,646.5,49140.0
09:58,646.84,646.95,646.54,646.63,22878.0
09:59,647.17,647.25,646.6,646.77,18580.0
10:00,646.9,647.29,646.5,646.99,20823.0
10:01,647.18,647.37,646.6,646.68,19776.0
10:02,647.3,647.99,646.82,646.87,18197.0
10:03,646.69,647.54,646.69,647.16,9211.0
10:04,646.76,647.1,646.71,647.1,36266.0
10:05,645.0,645.85,644.82,645.85,57719.0
10:06,644.69,645.0,644.34,644.95,42049.0
10:07,643.76,644.52,643.11,644.52,39471.0
10:08,644.11,644.11,643.06,644.09,38494.0
10:09,643.81,644.06,643.5,644.06,27708.0
10:10,644.65,644.75,643.65,643.79,29894.0
10:11,643.66,644.65,643.26,644.65,25205.0
10:12,643.83,644.25,643.42,643.57,21488.0
10:13,644.5,644.73,643.42,643.7,23535.0
10:14,644.92,645.0,644.54,644.54,31701.0
10:15,645.0,645.0,644.58,644.88,15614.0
10:16,644.64,644.91,644.14,644.66,42903.0
10:17,644.14,644.79,643.76,644.6,15632.0
10:18,643.8,643.95,643.56,643.79,13882.0
10:19,643.54,643.81,643.17,643.56,27868.0
10:20,643.18,643.82,642.72,643.66,19453.0
10:21,642.97,643.15,642.52,643.11,26328.0
10:22,643.32,643.48,642.53,643.05,14766.0
10:23,643.53,643.53,642.79,643.52,9091.0
10:24,642.77,643.55,642.63,643.4,26246.0
10:25,644.16,644.16,642.76,642.77,26712.0
10:26,644.58,644.62,643.88,644.23,17325.0
10:27,644.68,644.89,644.5,644.65,15603.0
10:28,645.0,645.0,644.51,644.51,25467.0
10:29,644.98,645.0,644.52,645.0,22775.0
10:30,644.75,644.93,644.24,644.71,14564.0
10:31,644.99,645.0,644.53,644.75,66843.0
10:32,644.47,645.0,644.34,645.0,32401.0
10:33,643.69,644.55,643.69,644.52,13340.0
10:34,643.47,643.57,643.33,643.52,8998.0
10:35,643.54,643.69,643.27,643.59,23257.0
10:36,644.34,644.48,643.7,643.81,13439.0
10:37,644.65,644.66,644.24,644.43,11271.0
10:38,644.21,644.85,644.21,644.67,18851.0
10:39,644.46,644.52,644.01,644.21,7652.0
10:40,644.12,644.62,644.02,644.54,15562.0
10:41,644.1,644.27,643.87,644.21,13677.0
10:42,644.45,644.54,644.11,644.14,7852.0
10:43,644.89,645.0,644.26,644.35,17145.0
10:44,644.94,645.0,644.48,644.6,35272.0
10:45,645.0,645.0,644.7,644.85,53398.0
10:46,645.46,645.77,644.76,645.0,75859.0
10:47,645.98,646.0,645.51,645.51,13364.0
10:48,646.2,646.2,645.91,645.95,19406.0
10:49,645.83,646.3,645.83,646.18,13132.0
10:50,645.54,645.88,645.24,645.82,9586.0
10:51,645.68,645.7,645.38,645.54,9792.0
10:52,646.04,646.22,645.66,645.7,17042.0
10:53,646.38,646.49,645.89,646.22,15446.0
10:54,646.27,646.6,646.27,646.28,3085.0
10:55,646.27,646.33,646.17,646.18,10309.0
10:56,646.55,646.62,646.0,646.19,16648.0
10:57,646.79,646.8,646.49,646.62,16656.0
10:58,646.69,646.94,646.6,646.83,12034.0
10:59,646.91,646.95,646.69,646.78,12401.0
11:00,647.0,647.16,646.79,646.98,21274.0
11:01,647.04,647.28,646.79,647.01,26990.0
11:02,646.99,647.38,646.88,647.1,14774.0
11:03,646.05,647.07,645.91,647.07,11687.0
11:04,646.31,646.44,645.9,646.07,12039.0
11:05,646.3,646.66,646.11,646.11,8709.0
11:06,646.53,646.82,646.33,646.55,15285.0
11:07,646.41,646.58,646.0,646.51,15346.0
11:08,646.39,646.52,646.05,646.29,12363.0
11:09,646.55,646.65,646.24,646.44,6848.0
11:10,646.97,647.0,646.35,646.57,14233.0
11:11,647.18,647.27,647.15,647.24,5776.0
11:12,647.1,647.44,647.03,647.3,13116.0
11:13,646.69,647.12,646.49,647.12,9631.0
11:14,646.02,646.64,646.01,646.43,15038.0
11:15,646.36,646.36,646.12,646.17,7112.0
11:16,646.35,646.35,646.0,646.18,7314.0
11:17,646.33,646.33,646.05,646.08,4914.0
11:18,646.16,646.27,646.0,646.17,5454.0
11:19,646.01,646.66,646.0,646.29,19369.0
11:20,646.26,646.62,646.08,646.16,6490.0
11:21,646.79,646.85,646.25,646.4,8125.0
11:22,646.52,646.81,646.36,646.81,11796.0
11:23,646.36,646.64,646.24,646.47,7634.0
11:24,646.41,646.53,646.31,646.44,7254.0
11:25,646.9,646.94,646.41,646.41,11981.0
11:26,647.04,647.13,646.71,646.94,21087.0
11:27,647.0,647.09,646.75,646.97,16653.0
11:28,647.32,647.48,647.0,647.05,11685.0
11:29,646.86,647.55,646.76,647.32,13646.0
11:30,646.07,646.86,646.0,646.86,14737.0
11:31,645.61,646.3,645.42,646.3,20810.0
11:32,644.96,645.7,644.72,645.53,17087.0
11:33,644.56,644.88,644.49,644.86,10605.0
11:34,644.48,644.84,644.07,644.69,12439.0
11:35,644.87,645.09,644.36,644.36,15865.0
11:36,644.82,644.97,644.82,644.97,5451.0
11:37,644.93,644.93,644.5,644.9,13759.0
11:38,644.32,644.89,644.25,644.75,8051.0
11:39,644.36,644.59,644.23,644.33,8929.0
11:40,645.04,645.13,644.26,644.36,9695.0
11:41,645.29,645.5,645.13,645.27,12158.0
11:42,645.22,645.45,645.12,645.27,13003.0
11:43,645.05,645.33,645.04,645.2,8945.0
11:44,644.9,645.15,644.86,645.0,10858.0
11:45,644.42,645.01,644.42,644.89,12784.0
11:46,644.6,644.6,644.3,644.53,12333.0
11:47,644.53,644.75,644.36,644.49,6827.0
11:48,644.53,644.58,644.35,644.58,2911.0
11:49,643.72,644.38,643.57,644.38,22046.0
11:50,643.96,644.1,643.6,643.71,18651.0
11:51,644.11,644.45,643.95,643.95,23380.0
11:52,644.25,644.33,644.0,644.0,18556.0
11:53,644.0,644.3,644.0,644.3,7371.0
11:54,643.84,644.23,643.8,644.01,13566.0
11:55,643.33,643.77,643.23,643.77,21381.0
11:56,642.92,643.61,642.9,643.32,20564.0
11:57,640.82,643.09,640.75,643.06,45294.0
11:58,639.91,640.94,639.5,640.82,57854.0
11:59,640.68,640.85,639.5,639.82,30113.0
12:00,640.34,641.08,640.25,640.49,60321.0
12:01,640.95,641.2,640.35,640.35,10945.0
12:02,640.42,641.04,640.42,640.94,17550.0
12:03,641.54,641.66,640.51,640.59,20958.0
12:04,641.48,641.93,641.48,641.55,9933.0
12:05,642.22,642.37,641.39,641.39,19298.0
12:06,642.91,642.91,642.04,642.33,25282.0
12:07,642.59,642.89,642.09,642.74,30990.0
12:08,642.73,643.21,642.59,642.77,17972.0
12:09,643.05,643.29,642.61,642.73,23200.0
12:10,643.67,643.67,642.8,643.02,19608.0
12:11,643.78,643.85,643.44,643.55,11507.0
12:12,643.65,643.84,643.54,643.76,12649.0
12:13,643.67,644.06,643.67,643.8,21473.0
12:14,644.72,644.72,643.62,643.7,17768.0
12:15,645.98,646.0,644.61,644.61,80145.0
12:16,645.97,646.29,645.5,645.89,53921.0
12:17,645.48,646.27,645.28,645.98,34703.0
12:18,645.0,645.54,644.93,645.53,18977.0
12:19,645.28,645.44,644.84,645.19,18341.0
12:20,645.45,645.48,645.08,645.22,10079.0
12:21,645.59,645.86,645.44,645.5,20852.0
12:22,645.2,645.93,645.0,645.58,13116.0
12:23,645.8,645.99,645.37,645.59,10755.0
12:24,645.5,646.0,645.5,645.82,13492.0
12:25,645.85,646.0,645.53,645.53,17400.0
12:26,645.96,646.01,645.67,645.99,7769.0
12:27,645.86,645.9,645.58,645.72,8544.0
12:28,646.31,646.36,645.41,645.6,36011.0
12:29,645.87,646.59,645.87,646.37,28967.0
12:30,646.4,646.5,645.91,645.93,13417.0
12:31,646.26,646.49,646.07,646.4,34390.0
12:32,646.13,646.36,646.03,646.26,13726.0
12:33,645.76,646.06,645.72,645.98,7599.0
12:34,646.14,646.21,645.6,645.68,19688.0
12:35,645.89,646.14,645.74,646.14,10538.0
12:36,645.43,646.09,645.42,645.77,26374.0
12:37,645.17,645.63,644.84,645.6,20408.0
12:38,645.0,645.34,645.0,645.1,7921.0
12:39,645.0,645.44,644.97,645.42,6019.0
12:40,645.08,645.33,644.96,644.96,5193.0
12:41,645.3,645.3,645.08,645.17,5077.0
12:42,645.12,645.63,645.12,645.29,12964.0
12:43,645.1,645.24,644.95,645.03,4756.0
12:44,645.39,645.52,645.22,645.22,5235.0
12:45,645.71,645.98,645.32,645.32,9186.0
12:46,645.56,645.79,645.24,645.79,11147.0
12:47,645.45,645.69,645.45,645.63,2302.0
12:48,645.34,645.8,645.34,645.62,19709.0
12:49,645.0,645.33,645.0,645.32,5729.0
12:50,645.26,645.26,644.99,645.0,15770.0
12:51,644.79,645.13,644.79,645.13,5487.0
12:52,644.48,644.86,644.11,644.7,24023.0
12:53,644.74,644.8,643.5,644.41,25204.0
12:54,645.05,645.2,644.7,644.83,18737.0
12:55,644.9,645.17,644.51,644.87,11945.0
12:56,644.48,645.05,644.08,644.95,11955.0
12:57,645.65,645.65,644.42,644.55,17248.0
12:58,645.77,645.8,645.4,645.47,11840.0
12:59,645.45,645.72,645.4,645.59,5477.0
13:00,645.72,645.72,645.35,645.39,11436.0
13:01,645.62,646.0,645.55,645.71,11029.0
13:02,645.96,646.16,645.69,645.73,14919.0
13:03,645.5,645.88,645.5,645.88,10862.0
13:04,645.69,645.79,645.26,645.32,13831.0
13:05,645.68,645.87,645.61,645.73,3593.0
13:06,645.34,645.69,645.34,645.58,5977.0
13:07,645.3,645.36,645.17,645.3,7752.0
13:08,645.73,645.73,645.0,645.35,9579.0
13:09,645.38,645.58,645.32,645.37,3756.0
13:10,645.47,645.6,645.38,645.4,4033.0
13:11,645.61,645.78,645.46,645.47,7445.0
13:12,645.53,645.69,645.43,645.69,4269.0
13:13,645.92,646.14,645.55,645.55,23300.0
13:14,645.78,646.06,645.78,646.06,5134.0
13:15,645.72,646.0,645.72,646.0,3005.0
13:16,645.86,645.98,645.61,645.62,5541.0
13:17,645.57,645.84,645.29,645.75,7483.0
13:18,645.39,645.58,645.32,645.48,9025.0
13:19,645.35,645.39,645.0,645.39,9173.0
13:20,645.49,645.7,645.41,645.45,5070.0
13:21,646.6,646.6,645.35,645.35,18492.0
13:22,645.84,646.6,645.75,646.6,6044.0
13:23,645.7,645.95,645.56,645.95,5506.0
13:24,645.74,645.91,645.7,645.7,2443.0
13:25,645.0,645.71,644.9,645.62,11295.0
13:26,645.2,645.2,644.85,644.9,4515.0
13:27,645.05,645.39,644.93,645.39,6490.0
13:28,645.09,645.25,645.0,645.25,13583.0
13:29,645.16,645.28,645.0,645.14,7665.0
13:30,644.51,645.0,644.51,645.0,16869.0
13:31,645.03,645.31,644.92,644.94,11646.0
13:32,644.73,645.0,644.6,644.95,6144.0
13:33,644.9,645.08,644.83,645.0,2897.0
13:34,644.43,644.79,644.41,644.79,8355.0
13:35,644.56,644.68,644.43,644.43,8295.0
13:36,644.34,644.93,644.22,644.93,7566.0
13:37,644.52,644.52,644.26,644.28,4339.0
13:38,644.6,644.62,644.52,644.52,2672.0
13:39,644.89,645.0,644.5,644.74,8697.0
13:40,645.0,645.01,644.59,644.59,8150.0
13:41,645.52,645.72,645.16,645.16,17268.0
13:42,645.07,645.44,645.03,645.44,4538.0
13:43,644.81,644.99,644.8,644.99,5352.0
13:44,644.59,645.22,644.59,644.87,5058.0
13:45,644.77,644.79,644.56,644.67,6798.0
13:46,644.91,645.01,644.5,644.94,13237.0
13:47,644.79,644.97,644.7,644.97,4869.0
13:48,644.37,644.78,644.18,644.78,10025.0
13:49,643.84,644.17,643.64,644.17,8410.0
13:50,643.84,644.0,643.65,643.84,13893.0
13:51,644.46,644.46,643.9,644.03,9353.0
13:52,644.47,644.6,644.19,644.19,4786.0
13:53,644.53,644.6,644.19,644.19,2961.0
13:54,644.33,644.53,644.29,644.53,5372.0
13:55,644.45,644.6,644.15,644.32,8661.0
13:56,643.81,644.32,643.81,644.06,10374.0
13:57,643.71,643.81,643.55,643.6,7349.0
13:58,643.9,644.07,643.71,643.91,7449.0
13:59,644.04,644.21,643.92,643.92,5126.0
14:00,644.32,644.53,643.88,644.16,11473.0
14:01,644.32,644.5,644.16,644.3,6222.0
14:02,644.12,644.42,644.12,644.32,5590.0
14:03,644.34,644.38,643.95,644.29,7557.0
14:04,644.78,644.93,644.31,644.31,11827.0
14:05,645.0,645.2,644.76,644.93,12137.0
14:06,644.83,645.12,644.76,645.12,10159.0
14:07,644.9,644.98,644.71,644.81,4162.0
14:08,644.8,645.06,644.8,644.94,7606.0
14:09,644.49,644.83,644.47,644.83,7243.0
14:10,644.74,644.74,644.45,644.45,5125.0
14:11,644.4,644.44,644.28,644.44,2437.0
14:12,644.34,644.43,644.15,644.28,10739.0
14:13,644.59,644.59,644.12,644.12,8813.0
14:14,644.72,644.74,644.62,644.71,4876.0
14:15,644.49,644.83,644.38,644.52,9607.0
14:16,644.18,644.67,644.15,644.6,6111.0
14:17,643.71,644.19,643.71,644.08,7243.0
14:18,643.23,643.7,643.11,643.59,10901.0
14:19,642.82,643.27,642.74,643.15,16759.0
14:20,642.35,642.98,642.12,642.88,26290.0
14:21,642.14,642.5,642.0,642.44,31374.0
14:22,642.39,642.45,642.0,642.17,17940.0
14:23,642.72,642.93,642.41,642.46,12078.0
14:24,642.53,642.76,642.5,642.66,12500.0
14:25,642.38,642.54,642.26,642.41,7093.0
14:26,642.79,642.79,642.41,642.62,11727.0
14:27,641.69,642.78,641.69,642.78,36189.0
14:28,642.27,642.27,641.69,641.69,6006.0
14:29,642.22,642.45,642.11,642.26,9450.0
14:30,642.51,642.63,642.1,642.1,8545.0
14:31,642.67,642.67,642.34,642.43,6733.0
14:32,642.88,642.94,642.49,642.53,17729.0
14:33,643.04,643.2,642.84,642.92,8996.0
14:34,643.0,643.19,642.93,642.93,8327.0
14:35,643.14,643.25,643.03,643.05,6712.0
14:36,643.53,643.53,643.18,643.23,14535.0
14:37,643.27,643.55,643.12,643.55,5833.0
14:38,643.13,643.41,643.05,643.41,5761.0
14:39,643.6,643.63,643.25,643.25,7986.0
14:40,643.48,643.53,643.36,643.5,13763.0
14:41,643.49,643.66,643.44,643.44,7619.0
14:42,643.65,643.65,643.36,643.36,34075.0
14:43,643.89,643.92,643.6,643.65,9721.0
14:44,643.82,644.02,643.79,643.79,12134.0
14:45,644.25,644.34,643.75,643.82,13218.0
14:46,644.33,644.49,644.23,644.23,8174.0
14:47,643.84,644.21,643.59,644.2,7268.0
14:48,643.99,643.99,643.75,643.96,12659.0
14:49,644.18,644.28,643.91,643.91,14984.0
14:50,644.67,644.72,644.17,644.17,15439.0
14:51,644.46,644.66,644.38,644.66,4490.0
14:52,644.65,644.72,644.43,644.43,8389.0
14:53,644.55,644.7,644.5,644.58,4883.0
14:54,644.59,644.6,644.48,644.52,5488.0
14:55,644.77,644.79,644.48,644.48,7958.0
14:56,644.85,644.9,644.68,644.86,8222.0
14:57,644.51,644.69,644.46,644.69,8846.0
14:58,643.9,644.51,643.49,644.51,23499.0
14:59,643.68,643.78,643.19,643.41,8729.0
15:00,643.83,643.94,643.33,643.42,8913.0
15:01,643.99,644.15,643.65,643.65,10843.0
15:02,644.04,644.1,643.84,643.84,4488.0
15:03,644.07,644.07,643.81,643.97,6023.0
15:04,644.07,644.28,643.91,644.07,5935.0
15:05,643.81,644.0,643.58,644.0,9478.0
15:06,643.5,644.1,643.05,643.92,30966.0
15:07,643.54,643.73,643.37,643.41,8464.0
15:08,643.41,643.6,643.21,643.54,8096.0
15:09,643.54,643.66,643.5,643.59,8289.0
15:10,643.38,643.8,643.38,643.8,10358.0
15:11,643.28,643.47,643.08,643.39,13471.0
15:12,643.47,643.8,643.42,643.44,9762.0
15:13,643.95,644.0,643.36,643.47,12365.0
15:14,643.54,644.08,643.54,643.95,21746.0
15:15,643.77,643.88,643.53,643.7,16057.0
15:16,643.87,643.87,643.4,643.7,12902.0
15:17,643.95,644.0,643.45,643.84,11250.0
15:18,644.21,644.21,643.77,643.99,20516.0
15:19,644.35,644.46,644.17,644.3,20736.0
15:20,645.05,645.28,644.26,644.35,24983.0
15:21,645.05,645.2,645.0,645.17,17164.0
15:22,644.84,645.0,644.72,644.91,17264.0
15:23,645.11,645.22,644.7,644.77,15382.0
15:24,645.06,645.23,644.93,645.18,16453.0
15:25,645.29,645.3,644.89,644.98,10680.0
15:26,644.52,645.46,644.52,645.46,18746.0
15:27,644.01,644.41,643.95,644.41,7512.0
15:28,643.89,644.22,643.89,643.97,13758.0
15:29,643.73,643.93,643.44,643.87,8602.0
15:30,644.03,644.28,643.68,643.7,19730.0
15:31,644.23,644.28,643.95,644.07,8116.0
15:32,644.19,644.31,643.78,644.25,7327.0
15:33,643.91,644.1,643.68,644.1,9385.0
15:34,643.93,643.93,643.62,643.71,8736.0
15:35,643.75,643.94,643.68,643.86,9274.0
15:36,643.96,644.09,643.61,643.77,15901.0
15:37,644.06,644.12,643.72,643.94,9767.0
15:38,643.52,643.87,643.21,643.87,11524.0
15:39,643.52,643.67,643.32,643.52,8220.0
15:40,644.04,644.19,643.49,643.52,25866.0
15:41,643.98,644.2,643.8,644.14,11930.0
15:42,644.01,644.18,643.79,643.98,16284.0
15:43,644.04,644.2,643.8,643.97,9804.0
15:44,644.1,644.23,643.89,644.17,11785.0
15:45,644.35,644.35,644.01,644.07,14410.0
15:46,644.73,644.73,644.21,644.22,16427.0
15:47,645.06,645.06,644.54,644.8,18068.0
15:48,644.68,645.36,644.6,645.01,17076.0
15:49,645.2,645.25,644.41,644.5,17166.0
15:50,645.79,646.62,645.4,645.4,57990.0
15:51,645.18,645.87,644.86,645.86,30613.0
15:52,645.0,645.39,644.93,645.2,27617.0
15:53,643.99,645.18,643.85,645.09,20322.0
15:54,644.34,644.59,643.58,644.23,36247.0
15:55,644.55,645.01,644.17,644.54,44257.0
15:56,645.37,645.43,644.57,644.57,38789.0
15:57,645.08,645.4,644.78,645.23,73946.0
15:58,645.25,645.56,645.02,645.2,74573.0
15:59,645.02,645.32,644.37,645.32,137635.0
