Time,Close,High,Low,Open,Volume
09:30,775.01,776.88,772.43,773.0,595401.0
09:31,776.23,777.76,774.86,775.25,110130.0
09:32,780.55,781.1,776.23,776.23,223109.0
09:33,782.44,782.55,779.9,780.9,157625.0
09:34,784.66,786.65,782.23,782.23,398525.0
09:35,786.45,786.66,785.08,785.37,173576.0
09:36,784.97,786.64,784.07,786.5,129613.0
09:37,784.52,785.5,784.0,784.05,76431.0
09:38,786.6,787.2,783.67,784.39,166378.0
09:39,786.97,787.35,786.02,786.79,141055.0
09:40,784.47,787.48,784.29,786.91,151425.0
09:41,787.75,787.87,784.54,784.54,101651.0
09:42,787.79,788.46,787.22,787.66,173569.0
09:43,787.57,788.67,787.24,787.73,82351.0
09:44,787.07,788.0,786.46,787.68,84161.0
09:45,787.51,787.89,785.63,787.51,98620.0
09:46,789.75,789.83,787.89,787.89,149239.0
09:47,789.32,790.49,789.32,789.79,130397.0
09:48,785.86,789.5,785.78,789.5,100458.0
09:49,784.66,786.14,784.39,785.86,98199.0
09:50,783.3,784.88,783.07,784.59,86903.0
09:51,782.26,784.19,782.0,783.68,80404.0
09:52,781.27,782.87,781.26,782.15,56884.0
09:53,782.4,783.21,780.8,781.25,73226.0
09:54,782.95,783.03,781.28,782.34,39712.0
09:55,783.84,784.0,782.53,783.19,63966.0
09:56,782.27,783.96,781.92,783.96,64241.0
09:57,781.7,782.38,781.22,782.27,37556.0
09:58,781.26,781.83,781.01,781.63,68299.0
09:59,779.96,781.72,779.47,781.3,72082.0
10:00,777.91,779.84,777.89,779.84,83333.0
10:01,778.66,778.9,777.0,777.95,86260.0
10:02,778.26,778.8,777.1,778.39,61279.0
10:03,777.32,778.86,777.28,777.91,52959.0
10:04,777.71,778.76,777.33,777.96,74232.0
10:05,778.11,778.66,777.39,778.01,95504.0
10:06,776.22,778.78,775.56,778.17,59107.0
10:07,778.51,778.51,776.46,776.46,34675.0
10:08,779.37,780.22,778.5,778.77,89218.0
10:09,777.68,779.41,777.18,779.39,46117.0
10:10,778.57,779.11,777.3,777.74,36796.0
10:11,778.19,779.0,777.5,778.55,51602.0
10:12,778.74,779.6,778.2,778.75,44616.0
10:13,779.99,780.28,778.65,778.75,42723.0
10:14,780.97,781.5,779.82,779.85,72722.0
10:15,782.06,782.57,781.2,781.47,71014.0
10:16,782.67,782.67,781.69,781.88,35343.0
10:17,782.99,783.0,782.2,782.2,39857.0
10:18,782.56,783.59,782.2,782.94,40530.0
10:19,784.39,784.42,782.61,782.61,48787.0
10:20,784.96,785.0,783.62,784.56,45568.0
10:21,785.07,785.87,784.85,784.86,40782.0
10:22,785.42,785.69,784.71,785.07,23245.0
10:23,785.86,785.86,784.82,785.07,36174.0
10:24,785.67,786.4,785.53,785.8,66558.0
10:25,785.53,785.98,785.37,785.83,25547.0
10:26,785.69,786.09,785.41,785.43,34589.0
10:27,785.58,785.97,785.12,785.8,30664.0
10:28,785.57,785.91,785.0,785.47,28334.0
10:29,785.4,785.53,784.0,785.48,34860.0
10:30,786.39,786.5,785.61,785.61,36015.0
10:31,785.56,786.6,785.18,786.5,24507.0
10:32,786.38,786.67,785.24,785.24,20035.0
10:33,785.6,786.72,785.47,786.63,17465.0
10:34,785.29,785.78,785.19,785.6,17692.0
10:35,786.69,786.71,784.8,785.42,30057.0
10:36,786.86,786.86,786.08,786.65,28703.0
10:37,786.5,787.34,786.33,786.78,50557.0
10:38,786.25,786.83,786.25,786.61,12964.0
10:39,786.71,786.85,786.5,786.52,15849.0
10:40,786.73,786.85,786.39,786.57,19555.0
10:41,783.61,786.43,783.1,786.39,49463.0
10:42,783.65,784.3,783.4,783.87,28110.0
10:43,783.98,784.29,783.56,783.79,12767.0
10:44,784.39,784.75,783.71,784.0,17646.0
10:45,784.59,785.19,784.33,784.33,24539.0
10:46,783.79,784.59,783.5,784.49,17551.0
10:47,783.88,784.44,783.55,783.84,17818.0
10:48,783.96,784.63,783.81,784.12,21912.0
10:49,784.4,784.47,783.73,783.73,9550.0
10:50,784.63,784.77,784.4,784.77,15123.0
10:51,785.2,785.2,784.36,784.61,25018.0
10:52,785.21,785.81,785.15,785.15,17447.0
10:53,785.49,785.63,784.91,785.24,12763.0
10:54,784.84,785.59,784.81,785.33,17777.0
10:55,784.46,784.97,784.21,784.97,22385.0
10:56,785.4,785.72,784.46,784.51,17932.0
10:57,785.39,785.66,785.08,785.6,13042.0
10:58,785.64,785.85,785.34,785.57,15989.0
10:59,785.77,786.1,785.65,785.88,19438.0
11:00,786.08,786.17,785.59,785.7,16716.0
11:01,786.0,786.32,785.53,785.75,19451.0
11:02,785.48,786.29,785.27,786.12,18460.0
11:03,784.87,785.91,784.87,785.47,16330.0
11:04,785.75,785.75,784.91,784.91,18615.0
11:05,785.53,786.0,785.3,785.62,22688.0
11:06,785.82,786.14,785.53,785.9,12372.0
11:07,785.67,786.03,785.46,785.63,18833.0
11:08,786.34,786.49,785.66,785.66,57164.0
11:09,786.69,786.79,786.19,786.19,23674.0
11:10,786.94,787.16,786.7,786.95,32495.0
11:11,787.0,787.38,786.7,787.02,33935.0
11:12,787.2,787.4,786.8,787.11,32265.0
11:13,786.92,787.21,786.74,787.2,13307.0
11:14,786.27,787.0,786.02,786.76,13434.0
11:15,787.56,787.56,786.52,786.52,42550.0
11:16,787.5,787.94,787.23,787.56,25375.0
11:17,788.07,788.3,787.4,787.51,72789.0
11:18,788.02,788.26,787.66,788.26,24641.0
11:19,788.07,788.37,787.73,788.28,20806.0
11:20,787.41,788.27,787.18,787.96,19898.0
11:21,787.46,787.5,786.91,787.35,19514.0
11:22,787.5,787.98,787.5,787.63,13478.0
11:23,788.1,788.28,787.71,787.71,16821.0
11:24,788.37,788.52,788.11,788.13,22176.0
11:25,787.83,788.67,787.5,788.56,28271.0
11:26,788.41,788.54,787.84,787.84,22813.0
11:27,788.69,788.83,788.28,788.49,21257.0
11:28,787.96,788.84,787.88,788.84,25567.0
11:29,787.2,788.12,786.81,788.12,36348.0
11:30,786.9,787.72,786.69,787.0,21888.0
11:31,787.48,787.48,786.89,786.95,18739.0
11:32,787.9,788.1,787.23,787.23,22910.0
11:33,788.44,788.82,787.89,788.25,19261.0
11:34,788.82,788.88,788.44,788.75,16110.0
11:35,788.56,789.12,788.33,788.66,40555.0
11:36,788.98,789.0,788.12,788.39,20093.0
11:37,788.84,789.3,788.56,788.92,34158.0
11:38,789.22,789.26,788.54,788.64,19728.0
11:39,789.78,789.92,789.0,789.25,29427.0
11:40,789.17,789.94,788.64,789.71,26666.0
11:41,789.92,790.63,789.0,789.39,118012.0
11:42,789.49,790.54,789.34,790.18,34415.0
11:43,789.46,789.91,789.33,789.66,8922.0
11:44,789.55,789.77,789.02,789.61,17012.0
11:45,789.78,790.03,789.27,789.48,26242.0
11:46,789.51,790.52,789.11,789.96,46192.0
11:47,788.42,789.76,788.42,789.76,14027.0
11:48,787.9,788.33,787.44,788.33,35562.0
11:49,787.16,787.7,787.11,787.66,24578.0
11:50,787.4,787.61,787.11,787.16,21882.0
11:51,786.97,787.68,786.77,787.21,38496.0
11:52,786.24,786.98,786.11,786.81,21456.0
11:53,787.3,787.3,786.2,786.2,31176.0
11:54,787.6,787.6,787.12,787.27,25693.0
11:55,787.87,788.5,787.45,787.68,20627.0
11:56,788.42,788.71,787.69,787.69,24425.0
11:57,788.72,788.82,788.34,788.46,24240.0
11:58,788.67,788.77,788.39,788.64,23415.0
11:59,789.1,789.1,788.45,788.59,14939.0
12:00,788.23,789.12,788.09,789.1,13236.0
12:01,788.46,788.65,788.1,788.48,8271.0
12:02,788.67,789.0,788.25,788.4,11826.0
12:03,788.77,789.0,788.58,789.0,9524.0
12:04,788.21,788.74,788.21,788.67,16645.0
12:05,788.15,788.22,787.95,788.11,8300.0
12:06,787.72,788.06,787.72,788.01,14730.0
12:07,787.28,787.99,787.28,787.74,24988.0
12:08,787.64,787.93,787.31,787.44,12321.0
12:09,787.64,787.75,787.53,787.53,2570.0
12:10,787.8,788.16,787.42,787.51,13461.0
12:11,787.93,788.0,787.55,787.62,14785.0
12:12,788.25,788.6,787.8,787.8,23472.0
12:13,788.87,788.9,788.46,788.61,21442.0
12:14,788.63,789.0,788.5,788.83,16696.0
12:15,788.73,789.15,788.54,788.77,22396.0
12:16,788.99,789.0,788.64,788.79,9568.0
12:17,789.46,789.5,788.69,788.95,17703.0
12:18,789.54,789.69,789.23,789.5,11125.0
12:19,789.28,789.71,789.24,789.45,18797.0
12:20,790.15,790.15,789.29,789.29,56378.0
12:21,790.49,790.74,790.02,790.11,38179.0
12:22,791.33,791.33,790.36,790.46,48626.0
12:23,791.86,791.95,791.26,791.32,32528.0
12:24,792.6,792.6,791.8,791.9,102035.0
12:25,792.58,793.0,792.2,792.61,49956.0
12:26,792.58,792.86,792.25,792.64,29345.0
12:27,792.87,793.05,792.45,792.5,46230.0
12:28,793.1,793.33,792.55,792.84,44294.0
12:29,792.43,793.24,792.29,793.19,33663.0
12:30,792.26,792.67,792.26,792.56,14696.0
12:31,792.29,792.37,792.0,792.21,23354.0
12:32,792.68,792.71,792.2,792.3,17150.0
12:33,793.06,793.15,792.4,792.57,26039.0
12:34,793.28,793.44,793.08,793.18,38960.0
12:35,793.4,793.53,793.05,793.21,25770.0
12:36,792.62,793.51,792.62,793.41,27560.0
12:37,792.97,793.0,792.33,792.62,27311.0
12:38,792.95,793.16,792.71,792.97,16144.0
12:39,792.67,793.1,792.59,792.9,19314.0
12:40,793.22,793.33,792.68,792.68,25847.0
12:41,793.5,793.67,793.21,793.21,37431.0
12:42,793.35,793.52,793.2,793.32,11820.0
12:43,793.26,793.44,793.16,793.36,21299.0
12:44,792.79,793.34,792.74,792.76,21193.0
12:45,793.2,793.2,792.65,792.65,10277.0
12:46,793.27,793.5,793.08,793.3,19260.0
12:47,793.29,793.38,793.05,793.2,17713.0
12:48,793.39,793.5,793.22,793.33,17622.0
12:49,793.47,793.54,793.26,793.37,15868.0
12:50,793.5,793.5,793.21,793.41,11331.0
12:51,793.3,793.47,793.13,793.47,13270.0
12:52,792.85,793.22,792.71,793.21,14237.0
12:53,792.14,792.75,792.08,792.74,24318.0
12:54,791.85,792.25,791.5,792.08,66685.0
12:55,792.39,792.61,791.73,791.94,26869.0
12:56,792.23,792.59,792.05,792.28,21008.0
12:57,791.61,792.23,791.61,792.14,17438.0
12:58,791.68,791.9,791.55,791.85,20631.0
12:59,791.8,792.07,791.54,791.68,16044.0
13:00,791.75,791.8,791.33,791.8,25538.0
13:01,792.24,792.34,791.68,791.68,27345.0
13:02,792.7,792.7,792.07,792.24,28027.0
13:03,792.62,792.8,792.3,792.59,24922.0
13:04,792.95,793.0,792.46,792.54,9988.0
13:05,792.72,793.0,792.62,792.7,14056.0
13:06,792.41,793.0,792.31,792.76,14792.0
13:07,792.75,792.86,792.58,792.58,53839.0
13:08,792.86,793.0,792.72,792.74,23122.0
13:09,792.84,793.29,792.7,792.9,36868.0
13:10,792.8,793.18,792.79,793.06,36571.0
13:11,792.5,793.0,792.23,792.95,23945.0
13:12,792.7,792.83,792.48,792.5,10867.0
13:13,792.79,792.98,792.69,792.7,34200.0
13:14,792.44,792.89,792.2,792.83,16720.0
13:15,792.8,792.89,792.27,792.28,13211.0
13:16,792.74,792.89,792.67,792.89,5226.0
13:17,792.01,792.67,792.0,792.61,22330.0
13:18,791.97,792.12,791.9,792.1,18609.0
13:19,791.56,791.91,791.56,791.91,19682.0
13:20,791.42,791.77,791.34,791.64,26797.0
13:21,791.55,791.65,791.3,791.42,9298.0
13:22,791.67,791.67,791.31,791.31,18050.0
13:23,791.82,791.82,791.57,791.57,14917.0
13:24,791.65,791.77,791.57,791.75,17130.0
13:25,791.29,791.59,791.05,791.58,25644.0
13:26,791.88,791.88,791.29,791.31,12249.0
13:27,791.01,791.8,790.9,791.8,18715.0
13:28,791.09,791.12,790.8,791.01,19606.0
13:29,790.4,791.14,790.4,791.1,13652.0
13:30,790.6,790.6,790.25,790.33,18997.0
13:31,791.07,791.45,790.56,790.56,23943.0
13:32,791.47,791.67,791.24,791.24,9461.0
13:33,791.19,791.65,791.13,791.58,20568.0
13:34,791.57,791.68,791.13,791.21,11960.0
13:35,791.38,791.66,791.22,791.5,15845.0
13:36,791.56,791.58,791.42,791.46,7243.0
13:37,791.35,791.49,791.03,791.48,14620.0
13:38,790.78,791.21,790.75,791.21,26274.0
13:39,791.01,791.05,790.77,790.9,14917.0
13:40,790.48,790.88,790.48,790.82,17921.0
13:41,790.4,790.64,790.4,790.53,15641.0
13:42,790.7,790.7,790.51,790.6,11144.0
13:43,790.4,790.74,790.3,790.74,12604.0
13:44,789.89,790.36,789.73,790.36,35122.0
13:45,789.54,790.04,789.47,789.95,22216.0
13:46,789.97,790.0,789.62,789.62,15057.0
13:47,790.34,790.69,789.97,790.0,22434.0
13:48,790.42,790.54,790.19,790.32,9375.0
13:49,790.57,790.71,790.34,790.36,19258.0
13:50,790.54,790.79,790.48,790.79,10533.0
13:51,789.51,790.59,789.38,790.43,30905.0
13:52,789.81,790.4,789.56,789.62,9095.0
13:53,790.16,790.43,790.09,790.21,11621.0
13:54,790.32,790.48,790.02,790.02,11189.0
13:55,790.58,790.58,790.24,790.46,8859.0
13:56,790.2,790.54,789.73,790.41,13705.0
13:57,790.08,790.19,789.77,789.85,4921.0
13:58,790.32,790.65,790.22,790.34,8387.0
13:59,790.33,790.41,790.27,790.27,7501.0
14:00,790.57,790.57,790.25,790.32,10034.0
14:01,790.24,790.4,790.24,790.25,7786.0
14:02,789.72,790.04,789.61,790.04,13056.0
14:03,789.22,789.82,789.12,789.82,25766.0
14:04,789.3,789.3,788.72,789.15,14836.0
14:05,789.06,789.24,788.73,789.04,46537.0
14:06,788.99,789.35,788.79,788.86,17046.0
14:07,789.19,789.49,789.06,789.06,8212.0
14:08,789.15,789.33,789.04,789.2,9195.0
14:09,789.24,789.48,789.07,789.2,5284.0
14:10,788.85,789.3,788.69,789.28,10391.0
14:11,788.76,789.14,788.76,788.78,7445.0
14:12,788.92,789.07,788.83,788.83,12278.0
14:13,789.0,789.16,788.89,788.94,7968.0
14:14,788.94,789.05,788.94,788.99,4978.0
14:15,788.72,789.17,788.68,789.03,12185.0
14:16,788.66,788.84,788.5,788.71,10677.0
14:17,788.66,789.0,788.25,788.63,16067.0
14:18,788.88,789.09,788.71,788.77,10545.0
14:19,788.71,788.88,788.62,788.85,8291.0
14:20,788.62,788.88,788.53,788.54,7782.0
14:21,788.76,789.02,788.71,788.88,11270.0
14:22,788.33,788.81,788.2,788.67,19987.0
14:23,788.43,788.66,788.43,788.43,5197.0
14:24,788.3,788.42,788.16,788.42,14050.0
14:25,788.08,788.41,788.0,788.38,22613.0
14:26,788.3,788.47,788.0,788.0,8953.0
14:27,788.78,788.78,788.31,788.31,14463.0
14:28,788.74,788.75,788.6,788.69,14989.0
14:29,788.96,788.97,788.46,788.63,23240.0
14:30,788.85,788.96,788.29,788.73,18648.0
14:31,788.31,788.62,788.25,788.62,10217.0
14:32,788.51,788.85,788.4,788.4,13572.0
14:33,788.6,788.75,788.4,788.4,11213.0
14:34,788.54,788.75,788.33,788.6,17093.0
14:35,788.88,788.91,788.35,788.35,18555.0
14:36,788.57,788.88,788.45,788.81,12166.0
14:37,788.43,788.7,788.2,788.57,13966.0
14:38,788.61,789.05,788.59,788.67,13592.0
14:39,788.82,789.08,788.72,788.76,10336.0
14:40,788.67,788.93,788.67,788.81,11048.0
14:41,788.71,788.71,788.56,788.56,7013.0
14:42,788.35,788.74,788.35,788.71,10613.0
14:43,788.21,788.58,788.0,788.39,15436.0
14:44,788.16,788.39,788.03,788.15,13572.0
14:45,788.28,788.39,788.13,788.18,8661.0
14:46,788.12,788.44,788.04,788.41,13281.0
14:47,788.14,788.2,788.01,788.02,4138.0
14:48,788.15,788.21,788.04,788.04,11228.0
14:49,788.35,788.48,788.2,788.41,17319.0
14:50,788.32,788.37,788.05,788.37,11896.0
14:51,788.29,788.32,788.06,788.32,12843.0
14:52,788.07,788.41,788.06,788.29,9539.0
14:53,788.14,788.4,788.01,788.2,9088.0
14:54,787.83,788.11,787.81,788.03,23413.0
14:55,787.64,787.93,787.43,787.92,13554.0
14:56,787.49,787.63,787.4,787.55,11113.0
14:57,787.33,787.42,787.15,787.39,17099.0
14:58,787.72,787.72,787.36,787.46,9731.0
14:59,787.67,787.7,787.47,787.59,159251.0
15:00,788.0,788.0,787.6,787.6,11825.0
15:01,788.3,788.3,787.84,787.84,13661.0
15:02,789.16,789.25,789.06,789.16,24883.0
15:03,789.52,789.52,788.79,789.16,18440.0
15:04,789.47,790.0,789.38,789.58,40656.0
15:05,790.5,790.5,789.44,789.57,26988.0
15:06,789.85,790.39,789.55,790.34,18490.0
15:07,790.09,790.2,789.85,789.98,22269.0
15:08,790.34,790.51,789.97,790.03,14100.0
15:09,790.45,790.84,790.32,790.35,24418.0
15:10,790.09,790.55,790.06,790.53,14607.0
15:11,790.21,790.29,790.09,790.09,6873.0
15:12,790.45,790.59,790.31,790.43,8860.0
15:13,790.25,790.57,790.25,790.42,16546.0
15:14,790.37,790.49,790.19,790.39,15692.0
15:15,790.19,790.46,790.19,790.19,9953.0
15:16,789.94,790.45,789.94,790.35,16668.0
15:17,790.29,790.29,789.91,790.07,13690.0
15:18,790.29,790.5,790.25,790.29,18340.0
15:19,789.96,790.49,789.77,790.24,21455.0
15:20,789.54,790.02,789.48,789.96,24083.0
15:21,789.23,789.65,789.0,789.65,28801.0
15:22,789.29,789.38,789.08,789.37,24684.0
15:23,788.92,789.51,788.72,789.32,24511.0
15:24,789.02,789.02,788.53,788.8,46696.0
15:25,788.83,789.0,788.69,788.89,10310.0
15:26,789.02,789.02,788.51,788.83,27087.0
15:27,789.14,789.32,788.73,788.73,15093.0
15:28,789.42,789.48,789.01,789.18,15763.0
15:29,789.35,789.58,789.24,789.38,18898.0
15:30,789.14,789.46,789.12,789.45,15666.0
15:31,789.22,789.43,789.16,789.19,11961.0
15:32,789.32,789.45,789.05,789.23,23762.0
15:33,789.3,789.4,789.1,789.21,12633.0
15:34,789.26,789.3,789.07,789.3,9981.0
15:35,789.34,789.4,789.18,789.26,14317.0
15:36,789.74,789.89,789.2,789.4,30143.0
15:37,790.19,790.23,789.68,789.71,18616.0
15:38,790.01,790.15,789.92,790.15,16822.0
15:39,789.9,790.04,789.83,790.04,12353.0
15:40,789.79,789.95,789.72,789.9,23827.0
15:41,789.78,789.95,789.64,789.79,15166.0
15:42,789.66,789.9,789.53,789.6,19163.0
15:43,788.92,789.65,788.8,789.65,41903.0
15:44,788.97,789.06,788.81,788.92,18004.0
15:45,789.23,789.4,788.94,788.94,23407.0
15:46,788.91,789.22,788.87,789.22,21548.0
15:47,789.17,789.29,788.98,789.05,32821.0
15:48,789.24,789.49,789.21,789.24,19893.0
15:49,789.25,789.39,789.01,789.21,35969.0
15:50,789.84,789.94,788.28,789.1,44830.0
15:51,789.61,789.94,789.46,789.89,30597.0
15:52,789.59,789.68,789.38,789.66,40388.0
15:53,788.94,789.63,788.9,789.59,47440.0
15:54,789.98,790.17,788.91,788.91,60454.0
15:55,790.65,790.94,789.88,789.88,81007.0
15:56,790.73,790.79,790.38,790.76,78702.0
15:57,790.5,791.0,790.24,790.71,102551.0
15:58,790.05,790.53,789.97,790.53,91367.0
15:59,789.98,790.18,789.66,789.97,178535.0
