Time,Close,High,Low,Open,Volume
09:30,543.64,546.8,543.08,546.8,1317261.0
09:31,545.15,546.0,543.06,543.52,181119.0
09:32,544.02,545.88,543.68,545.15,122062.0
09:33,544.52,545.2,543.88,543.99,103861.0
09:34,544.69,545.39,544.28,544.61,100349.0
09:35,543.3,545.0,542.43,544.51,200867.0
09:36,543.25,543.71,542.74,543.47,93238.0
09:37,541.31,543.22,541.22,543.2,130428.0
09:38,541.81,542.22,541.24,541.4,104860.0
09:39,540.89,542.08,540.62,541.72,80452.0
09:40,541.72,542.75,540.81,540.86,91393.0
09:41,541.32,541.78,541.0,541.73,46509.0
09:42,540.57,541.65,540.51,541.48,89416.0
09:43,540.31,540.97,539.69,540.55,68295.0
09:44,540.42,540.86,540.14,540.17,55979.0
09:45,541.74,541.83,540.37,540.4,65041.0
09:46,540.9,542.5,540.73,541.83,98598.0
09:47,539.54,541.3,539.0,540.89,101017.0
09:48,539.19,539.98,538.9,539.34,74693.0
09:49,538.32,539.68,538.08,539.2,65137.0
09:50,538.63,538.79,537.31,538.29,79403.0
09:51,537.39,538.8,537.0,538.63,90016.0
09:52,536.45,537.41,536.25,537.31,28583.0
09:53,536.52,537.09,536.32,536.58,101654.0
09:54,537.38,537.66,536.53,536.53,53627.0
09:55,538.38,538.57,537.3,537.5,62487.0
09:56,538.26,538.45,537.4,538.35,62231.0
09:57,538.32,538.53,537.78,538.19,37090.0
09:58,538.66,538.8,538.0,538.14,40497.0
09:59,538.39,538.84,538.23,538.53,42110.0
10:00,539.79,539.9,538.62,538.78,91503.0
10:01,540.05,540.84,539.64,539.64,97987.0
10:02,540.57,540.78,539.98,540.07,53223.0
10:03,539.24,540.6,539.02,540.57,56791.0
10:04,539.11,540.09,538.92,539.18,46364.0
10:05,539.57,539.91,538.93,539.03,36742.0
10:06,540.21,540.4,539.68,539.68,40419.0
10:07,540.8,541.19,540.07,540.28,39965.0
10:08,541.1,541.21,540.69,540.8,42085.0
10:09,542.54,542.69,541.12,541.12,88750.0
10:10,542.94,542.99,542.07,542.59,74468.0
10:11,542.94,543.04,542.14,542.8,55822.0
10:12,543.73,543.88,542.9,543.02,62693.0
10:13,542.97,544.0,542.97,543.62,94634.0
10:14,543.95,543.99,542.32,542.98,74058.0
10:15,543.85,544.25,543.51,543.85,55669.0
10:16,542.86,544.06,542.86,543.72,52769.0
10:17,544.34,544.4,542.69,543.12,52547.0
10:18,543.98,544.53,543.81,544.32,57330.0
10:19,544.28,544.6,543.9,543.9,38063.0
10:20,543.7,544.73,543.39,544.39,48655.0
10:21,541.63,544.21,541.63,543.76,74430.0
10:22,540.59,542.17,540.33,541.79,53124.0
10:23,540.14,540.81,539.96,540.41,80457.0
10:24,540.87,541.27,540.04,540.14,77635.0
10:25,540.2,540.95,539.5,540.95,42482.0
10:26,539.58,540.43,538.9,540.21,43924.0
10:27,539.51,539.91,539.29,539.79,25720.0
10:28,539.32,539.6,538.51,539.5,40686.0
10:29,539.14,540.04,539.0,539.33,46250.0
10:30,538.8,539.92,538.8,539.32,36514.0
10:31,538.21,538.8,537.65,538.8,45312.0
10:32,538.76,538.96,537.69,538.04,28954.0
10:33,539.15,539.29,538.5,538.79,42339.0
10:34,539.87,540.33,539.27,539.27,49471.0
10:35,540.12,540.57,539.87,540.01,60419.0
10:36,541.18,541.49,540.16,540.16,53343.0
10:37,541.73,541.8,540.9,541.17,45842.0
10:38,542.5,542.53,541.33,541.81,57641.0
10:39,542.7,543.14,542.51,542.53,75383.0
10:40,543.5,543.5,542.15,542.56,41116.0
10:41,543.3,543.69,542.96,543.36,37664.0
10:42,543.42,543.55,543.13,543.21,41710.0
10:43,544.2,544.22,543.42,543.42,48267.0
10:44,544.99,545.0,544.11,544.24,44227.0
10:45,545.02,545.13,544.3,545.0,73385.0
10:46,544.93,545.31,544.51,545.09,68778.0
10:47,544.71,545.0,544.31,544.95,32825.0
10:48,545.18,545.22,544.59,544.74,31518.0
10:49,544.89,545.26,544.29,545.21,37018.0
10:50,543.62,544.84,543.56,544.79,26324.0
10:51,543.43,544.08,543.33,543.56,37580.0
10:52,543.55,543.91,543.38,543.43,33267.0
10:53,543.84,544.16,543.59,543.71,29757.0
10:54,543.31,544.01,543.03,543.84,24838.0
10:55,542.66,543.49,542.64,543.32,34212.0
10:56,541.75,542.91,541.63,542.61,55420.0
10:57,541.41,541.59,540.64,541.59,38090.0
10:58,540.9,541.44,540.5,541.41,23703.0
10:59,542.11,542.15,540.71,540.96,36408.0
11:00,541.64,542.44,541.39,542.17,27058.0
11:01,542.03,542.33,541.64,541.73,18730.0
11:02,542.52,542.52,541.68,542.15,22740.0
11:03,542.41,542.82,542.06,542.33,27833.0
11:04,542.44,542.75,542.3,542.44,21153.0
11:05,542.61,542.66,542.08,542.55,23202.0
11:06,542.62,542.78,542.42,542.47,14485.0
11:07,542.3,542.78,542.2,542.75,15373.0
11:08,541.98,542.5,541.86,542.29,25336.0
11:09,542.14,542.17,541.89,542.0,21681.0
11:10,542.66,542.79,541.93,542.14,21998.0
11:11,542.86,542.99,542.51,542.69,19855.0
11:12,543.18,543.57,542.91,542.91,33415.0
11:13,542.77,543.07,542.75,543.06,23017.0
11:14,543.2,543.2,542.99,543.0,12605.0
11:15,543.34,543.68,543.11,543.28,25486.0
11:16,542.76,543.7,542.76,543.46,23646.0
11:17,542.96,542.96,542.29,542.88,24104.0
11:18,543.24,543.26,542.55,542.55,12327.0
11:19,543.28,543.42,543.01,543.08,14711.0
11:20,543.38,543.38,543.0,543.28,13636.0
11:21,543.83,543.83,543.25,543.41,21096.0
11:22,544.05,544.13,543.63,543.74,45302.0
11:23,543.73,544.09,543.41,543.95,21168.0
11:24,543.37,543.76,543.25,543.73,14468.0
11:25,542.53,543.53,542.53,543.26,41746.0
11:26,542.52,542.83,542.22,542.61,13559.0
11:27,542.75,542.96,542.51,542.51,8015.0
11:28,542.1,542.84,541.86,542.84,38826.0
11:29,542.03,542.16,541.82,542.03,20966.0
11:30,542.23,542.23,541.81,542.06,25845.0
11:31,542.52,542.65,542.0,542.37,12905.0
11:32,542.24,542.67,541.91,542.53,23973.0
11:33,542.47,542.66,542.13,542.19,14229.0
11:34,542.22,542.64,542.0,542.47,16448.0
11:35,541.72,542.44,541.72,542.44,15015.0
11:36,540.99,541.78,540.84,541.78,51173.0
11:37,540.41,541.35,540.3,540.99,19453.0
11:38,539.66,540.46,539.26,540.44,43284.0
11:39,539.69,539.86,539.43,539.43,29231.0
11:40,540.51,540.54,539.54,539.73,29746.0
11:41,539.99,540.64,539.8,540.51,36109.0
11:42,539.53,540.59,539.53,539.99,30765.0
11:43,538.96,539.69,538.9,539.66,38697.0
11:44,538.53,539.12,538.31,538.96,33816.0
11:45,538.55,538.57,538.0,538.54,40791.0
11:46,538.67,538.78,538.22,538.57,56946.0
11:47,539.15,539.3,538.63,538.73,46300.0
11:48,540.32,540.33,539.1,539.1,47540.0
11:49,540.43,540.5,540.02,540.18,9861.0
11:50,541.23,541.37,540.67,540.72,34377.0
11:51,541.29,541.78,541.06,541.37,35799.0
11:52,541.71,541.72,541.03,541.16,14515.0
11:53,541.7,541.81,541.3,541.7,9828.0
11:54,541.99,542.24,541.43,541.61,21934.0
11:55,541.7,542.13,541.42,542.07,27175.0
11:56,541.72,541.81,541.37,541.81,18032.0
11:57,541.33,541.84,541.11,541.72,10958.0
11:58,541.79,541.91,541.41,541.41,11313.0
11:59,541.38,541.71,541.03,541.71,13960.0
12:00,540.97,541.38,540.92,541.19,18069.0
12:01,540.96,541.12,540.76,540.92,18007.0
12:02,540.81,540.97,540.38,540.96,20503.0
12:03,540.66,541.13,540.66,540.7,7853.0
12:04,541.27,541.27,540.45,540.83,16534.0
12:05,541.72,541.83,541.08,541.48,31929.0
12:06,541.2,541.83,541.0,541.83,41443.0
12:07,541.27,541.49,540.95,541.17,18702.0
12:08,542.17,542.26,541.23,541.34,23658.0
12:09,541.88,542.29,541.75,542.17,15562.0
12:10,541.79,541.91,541.57,541.79,8357.0
12:11,541.66,541.89,541.47,541.81,20742.0
12:12,542.44,542.68,541.73,541.85,55868.0
12:13,542.46,542.84,542.42,542.56,21604.0
12:14,543.16,543.16,542.39,542.39,35447.0
12:15,543.04,543.34,542.87,543.22,50894.0
12:16,543.65,543.69,543.09,543.18,20863.0
12:17,543.31,543.73,543.02,543.65,27592.0
12:18,543.25,543.39,542.98,543.29,19639.0
12:19,543.21,543.31,542.83,543.25,22887.0
12:20,543.09,543.37,542.88,543.22,12492.0
12:21,543.18,543.28,542.88,543.08,12555.0
12:22,543.41,543.55,543.11,543.11,16322.0
12:23,543.49,543.85,543.34,543.48,36032.0
12:24,543.34,543.56,543.24,543.56,14671.0
12:25,543.42,543.5,543.2,543.34,11557.0
12:26,543.17,543.46,542.99,543.46,41235.0
12:27,543.99,543.99,543.17,543.17,16953.0
12:28,543.98,544.1,543.8,544.0,34899.0
12:29,544.02,544.03,543.69,544.0,31768.0
12:30,543.96,544.43,543.79,544.0,35977.0
12:31,544.28,544.28,543.97,543.97,16376.0
12:32,544.29,544.67,544.15,544.3,24397.0
12:33,544.29,544.44,543.95,544.28,24579.0
12:34,544.34,544.34,544.0,544.31,20531.0
12:35,544.64,544.73,544.28,544.44,30211.0
12:36,544.51,544.66,544.14,544.57,18637.0
12:37,544.18,544.6,544.06,544.52,21874.0
12:38,544.5,544.68,544.33,544.33,19588.0
12:39,544.84,544.84,544.47,544.47,19077.0
12:40,544.97,545.0,544.59,544.88,25327.0
12:41,544.88,545.09,544.7,544.93,29047.0
12:42,545.03,545.03,544.6,544.88,20042.0
12:43,545.67,545.7,544.96,544.96,44728.0
12:44,545.81,545.91,545.58,545.67,51352.0
12:45,545.33,545.66,544.95,545.66,20204.0
12:46,545.42,545.59,545.21,545.21,17925.0
12:47,544.83,545.44,544.47,545.44,32922.0
12:48,544.66,544.71,544.0,544.71,55155.0
12:49,544.9,545.0,544.59,544.6,15898.0
12:50,544.57,544.9,544.04,544.9,28593.0
12:51,544.87,545.05,544.42,544.61,16683.0
12:52,545.03,545.42,544.86,544.95,28368.0
12:53,545.37,545.42,545.13,545.16,9237.0
12:54,546.0,546.0,545.21,545.21,18496.0
12:55,545.58,546.0,545.46,545.91,28493.0
12:56,545.8,545.9,545.62,545.65,18078.0
12:57,545.85,546.05,545.76,545.76,39345.0
12:58,545.8,546.08,545.72,545.95,24035.0
12:59,545.65,546.0,545.56,545.9,20305.0
13:00,545.83,545.92,545.5,545.71,35991.0
13:01,546.07,546.1,545.58,545.83,23843.0
13:02,546.08,546.4,546.03,546.11,28702.0
13:03,546.4,546.4,545.96,546.01,18833.0
13:04,546.63,546.79,546.37,546.47,25729.0
13:05,546.85,547.0,546.44,546.51,38381.0
13:06,546.91,546.99,546.63,546.85,19842.0
13:07,547.44,547.59,546.9,546.9,32888.0
13:08,547.24,547.57,547.24,547.53,19164.0
13:09,547.79,547.82,547.18,547.33,35869.0
13:10,547.97,548.3,547.66,547.72,98322.0
13:11,547.75,547.97,547.52,547.97,32085.0
13:12,547.57,547.98,547.55,547.85,40198.0
13:13,547.7,547.96,547.57,547.6,32537.0
13:14,547.96,548.0,547.69,547.7,20651.0
13:15,547.77,547.89,547.58,547.8,42136.0
13:16,548.04,548.14,547.68,547.85,16635.0
13:17,548.01,548.52,547.96,548.05,42720.0
13:18,548.29,548.45,547.9,548.0,30647.0
13:19,548.53,548.63,548.21,548.39,27090.0
13:20,548.93,549.0,548.49,548.7,36532.0
13:21,549.3,549.37,548.86,548.86,51005.0
13:22,548.8,549.31,548.79,549.27,41361.0
13:23,549.31,549.31,548.68,548.68,26468.0
13:24,549.16,549.61,549.1,549.2,59260.0
13:25,549.1,549.5,549.02,549.23,37305.0
13:26,549.6,549.63,548.88,549.01,39165.0
13:27,549.67,549.86,549.32,549.5,19040.0
13:28,549.23,549.81,549.14,549.81,49958.0
13:29,548.68,549.24,548.65,549.17,32633.0
13:30,548.58,548.94,548.13,548.68,65815.0
13:31,548.19,548.7,548.19,548.55,24809.0
13:32,548.88,548.91,548.38,548.42,22758.0
13:33,549.22,549.3,548.89,548.89,14268.0
13:34,548.43,549.24,548.36,549.24,24442.0
13:35,547.99,548.57,547.78,548.51,23837.0
13:36,548.16,548.21,547.9,547.9,12055.0
13:37,547.76,548.26,547.7,548.14,13494.0
13:38,545.72,547.83,545.1,547.77,108954.0
13:39,545.37,546.15,545.05,545.67,27444.0
13:40,545.48,545.49,544.47,545.47,49303.0
13:41,546.6,546.64,545.25,545.39,55479.0
13:42,546.24,546.55,545.45,546.38,67174.0
13:43,546.0,546.43,545.79,546.33,58936.0
13:44,546.12,546.22,545.59,546.17,36503.0
13:45,544.98,546.12,544.88,546.12,50269.0
13:46,544.34,545.39,544.1,545.08,26979.0
13:47,544.47,544.59,543.66,544.36,31304.0
13:48,544.29,544.59,544.11,544.47,42112.0
13:49,544.17,544.48,543.39,544.16,38324.0
13:50,543.03,544.62,542.92,544.45,22712.0
13:51,543.95,544.15,543.24,543.26,21308.0
13:52,542.66,543.84,542.0,543.84,26458.0
13:53,543.25,543.44,542.38,542.66,28282.0
13:54,542.91,543.15,542.81,543.02,19262.0
13:55,542.65,543.27,542.5,542.75,23688.0
13:56,543.0,543.0,542.18,542.64,30716.0
13:57,542.98,543.08,542.69,542.89,16441.0
13:58,543.41,543.63,542.67,542.97,20912.0
13:59,544.0,544.24,543.34,543.44,52678.0
14:00,543.73,544.35,543.62,544.05,32017.0
14:01,544.03,544.03,543.6,543.7,11698.0
14:02,544.47,544.55,543.89,543.99,24206.0
14:03,545.04,545.38,544.48,544.55,31515.0
14:04,545.14,545.2,544.84,545.04,38054.0
14:05,545.36,545.45,545.1,545.2,29707.0
14:06,545.67,545.71,545.3,545.34,9979.0
14:07,545.71,545.97,545.65,545.78,28407.0
14:08,546.28,546.34,545.8,545.8,27482.0
14:09,547.09,547.1,546.2,546.28,56850.0
14:10,546.42,547.39,546.42,547.1,52142.0
14:11,546.12,546.87,546.0,546.56,24447.0
14:12,546.4,546.5,545.86,546.0,25383.0
14:13,546.07,546.54,546.02,546.49,11371.0
14:14,545.74,546.24,545.55,546.11,9857.0
14:15,545.48,545.75,545.2,545.63,17894.0
14:16,546.05,546.17,545.57,545.65,17034.0
14:17,546.21,546.22,545.84,546.17,19709.0
14:18,546.35,546.54,546.18,546.42,14717.0
14:19,546.55,546.94,546.32,546.35,19082.0
14:20,546.46,546.53,545.96,546.44,20998.0
14:21,546.72,546.79,546.28,546.41,11490.0
14:22,547.09,547.4,546.79,546.79,30579.0
14:23,547.29,547.4,547.03,547.03,13173.0
14:24,546.99,547.31,546.82,547.28,42559.0
14:25,547.27,547.4,546.75,546.99,23669.0
14:26,547.45,547.5,547.14,547.27,17082.0
14:27,547.31,547.69,547.3,547.53,26040.0
14:28,547.58,547.58,546.83,547.21,20581.0
14:29,547.21,547.59,547.21,547.33,10885.0
14:30,547.13,547.4,547.13,547.34,12265.0
14:31,547.65,547.65,547.11,547.12,14749.0
14:32,547.85,547.96,547.59,547.68,31925.0
14:33,548.08,548.29,547.72,547.85,38268.0
14:34,547.74,548.08,547.57,548.08,44061.0
14:35,548.15,548.15,547.45,547.72,18140.0
14:36,548.23,548.41,547.8,548.14,19546.0
14:37,548.5,548.5,548.17,548.19,33288.0
14:38,548.31,548.64,548.21,548.43,19439.0
14:39,547.89,548.28,547.82,548.21,22350.0
14:40,548.13,548.3,547.97,548.08,9712.0
14:41,548.39,548.43,548.03,548.03,16998.0
14:42,548.3,548.7,548.26,548.4,24193.0
14:43,548.54,548.6,548.35,548.38,16249.0
14:44,548.49,548.69,548.39,548.48,14665.0
14:45,548.6,548.77,548.39,548.51,15335.0
14:46,548.27,548.68,548.27,548.5,18525.0
14:47,548.03,548.33,547.88,548.27,28438.0
14:48,548.05,548.12,547.5,547.82,23078.0
14:49,548.08,548.2,547.95,548.05,20719.0
14:50,547.64,548.21,547.54,548.21,48270.0
14:51,547.39,547.75,547.13,547.59,25797.0
14:52,546.74,547.54,546.66,547.38,25652.0
14:53,547.72,547.81,546.52,546.58,28710.0
14:54,548.05,548.23,547.73,547.73,20891.0
14:55,547.45,548.2,547.45,548.16,17254.0
14:56,546.94,547.48,546.91,547.45,18397.0
14:57,547.23,547.41,546.94,546.94,12776.0
14:58,547.69,547.69,547.26,547.33,20587.0
14:59,547.3,547.58,547.14,547.58,7987.0
15:00,547.17,547.48,546.92,547.18,15415.0
15:01,547.7,547.72,547.29,547.31,14428.0
15:02,547.89,548.0,547.62,547.62,18045.0
15:03,547.99,548.06,547.77,547.77,21528.0
15:04,548.09,548.29,547.92,548.03,17693.0
15:05,548.12,548.12,547.85,547.93,12700.0
15:06,548.12,548.2,547.9,547.98,12349.0
15:07,548.01,548.12,547.9,547.98,12441.0
15:08,547.6,548.1,547.5,547.92,24857.0
15:09,547.7,547.98,547.49,547.52,14319.0
15:10,547.74,547.85,547.5,547.79,11979.0
15:11,546.98,547.5,546.98,547.5,26558.0
15:12,546.92,547.23,546.92,547.05,36192.0
15:13,546.59,547.0,546.59,546.92,14959.0
15:14,547.16,547.22,546.62,546.66,25672.0
15:15,546.78,547.35,546.64,547.14,21189.0
15:16,547.17,547.29,546.75,546.84,13234.0
15:17,547.35,547.57,547.27,547.27,14340.0
15:18,547.16,547.44,547.07,547.43,18060.0
15:19,546.7,547.22,546.7,547.16,26134.0
15:20,546.76,546.9,546.54,546.67,23902.0
15:21,547.25,547.25,546.63,546.66,13562.0
15:22,547.2,547.27,547.0,547.24,14889.0
15:23,547.01,547.22,546.95,547.2,20235.0
15:24,547.02,547.13,546.95,546.95,8031.0
15:25,547.02,547.14,546.72,547.01,31401.0
15:26,546.99,547.03,546.6,546.89,26667.0
15:27,546.83,547.07,546.66,546.93,22474.0
15:28,546.12,546.87,546.02,546.85,44005.0
15:29,546.07,546.42,546.03,546.23,21082.0
15:30,546.24,546.25,545.64,546.03,97952.0
15:31,546.55,546.85,546.27,546.28,28285.0
15:32,547.09,547.26,546.48,546.48,40971.0
15:33,547.11,547.25,546.95,547.02,16861.0
15:34,547.13,547.25,547.0,547.19,18969.0
15:35,547.29,547.36,546.86,547.13,37291.0
15:36,547.36,547.63,547.27,547.29,47495.0
15:37,547.15,547.53,547.15,547.32,74671.0
15:38,547.07,547.17,546.78,547.09,35396.0
15:39,546.86,547.3,546.7,546.85,23757.0
15:40,546.91,547.45,546.78,547.02,21605.0
15:41,546.53,547.03,546.5,546.95,27515.0
15:42,547.25,547.25,546.47,546.47,24360.0
15:43,547.17,547.3,547.11,547.16,15492.0
15:44,546.95,547.26,546.87,547.12,23409.0
15:45,546.47,547.11,546.12,546.86,27298.0
15:46,545.95,546.43,545.88,546.43,33590.0
15:47,545.84,546.2,545.64,545.83,36938.0
15:48,545.96,546.08,545.7,545.95,27674.0
15:49,545.81,546.11,545.5,545.97,31780.0
15:50,547.24,547.44,546.04,546.06,53268.0
15:51,547.16,547.6,546.99,547.37,41639.0
15:52,547.44,547.6,547.12,547.15,38484.0
15:53,547.71,547.84,547.1,547.45,52154.0
15:54,547.29,548.27,547.01,547.84,105199.0
15:55,546.65,547.52,546.17,547.42,71567.0
15:56,546.98,547.15,546.75,546.75,68299.0
15:57,547.11,547.33,546.98,547.03,66160.0
15:58,547.27,547.48,547.15,547.16,109244.0
15:59,547.37,547.64,546.98,547.31,232812.0
