Time,Close,High,Low,Open,Volume
09:30,573.01,573.78,570.01,570.84,511595.0
09:31,575.94,576.2,573.55,573.55,50562.0
09:32,576.74,577.56,575.06,575.94,48361.0
09:33,575.66,577.92,575.5,577.05,44094.0
09:34,575.46,576.44,575.1,575.59,42966.0
09:35,574.39,575.99,574.1,575.22,58456.0
09:36,576.53,576.76,574.45,574.47,56779.0
09:37,575.76,577.1,575.48,576.85,47816.0
09:38,577.01,577.8,575.79,575.79,45480.0
09:39,577.69,578.62,577.06,577.09,71754.0
09:40,577.59,578.39,577.12,577.49,55718.0
09:41,577.93,578.8,577.49,577.5,56861.0
09:42,578.26,578.85,577.22,577.82,51962.0
09:43,578.51,578.64,577.28,578.01,37838.0
09:44,579.66,580.0,578.52,578.52,98923.0
09:45,579.88,580.44,579.14,579.5,56424.0
09:46,577.94,580.39,577.91,579.89,67489.0
09:47,579.49,579.72,577.88,578.05,44870.0
09:48,579.52,580.27,579.44,579.54,49903.0
09:49,579.59,580.14,579.0,579.76,54818.0
09:50,578.86,580.06,578.51,579.72,36489.0
09:51,578.56,579.32,577.69,578.64,38203.0
09:52,576.63,578.69,576.33,578.47,43566.0
09:53,576.37,576.94,575.48,576.36,64850.0
09:54,575.62,576.52,575.32,576.35,41013.0
09:55,576.0,576.41,575.0,575.51,46923.0
09:56,575.02,576.3,575.0,576.1,29032.0
09:57,576.11,576.3,575.0,575.0,29909.0
09:58,576.82,576.83,575.97,576.11,25097.0
09:59,576.54,577.77,576.34,576.9,34112.0
10:00,576.11,577.69,575.63,576.85,54343.0
10:01,575.01,576.48,575.0,575.84,76136.0
10:02,575.84,575.95,574.42,575.1,80781.0
10:03,576.0,576.83,575.16,575.85,62346.0
10:04,574.87,576.26,574.66,576.26,34317.0
10:05,576.42,576.92,574.94,575.05,29578.0
10:06,575.5,576.95,575.44,576.74,20040.0
10:07,575.44,575.97,574.24,575.2,39338.0
10:08,574.86,576.15,574.86,575.84,41228.0
10:09,576.16,576.54,575.17,575.17,27454.0
10:10,575.45,577.0,575.39,576.29,40617.0
10:11,575.17,575.4,574.29,575.4,44157.0
10:12,574.8,575.73,574.7,575.17,29596.0
10:13,574.42,574.88,574.4,574.86,29820.0
10:14,574.75,575.26,574.28,574.42,53051.0
10:15,574.84,575.72,574.55,574.89,40644.0
10:16,576.01,576.14,574.61,574.61,22021.0
10:17,575.29,576.1,575.29,575.7,18014.0
10:18,574.82,575.54,574.81,575.27,20045.0
10:19,574.81,575.12,574.71,574.82,17916.0
10:20,574.38,575.26,574.37,574.94,16551.0
10:21,575.53,575.53,574.09,574.22,33976.0
10:22,576.62,576.82,575.37,575.47,61748.0
10:23,576.68,577.2,576.45,576.63,33489.0
10:24,577.83,578.41,576.67,576.68,55523.0
10:25,579.22,579.28,577.69,578.05,24503.0
10:26,578.14,579.16,577.52,579.15,40610.0
10:27,577.84,578.4,577.52,578.17,34491.0
10:28,577.97,578.06,576.96,577.71,20172.0
10:29,577.99,578.36,577.59,578.02,16440.0
10:30,578.44,578.5,577.42,577.59,20858.0
10:31,578.06,578.82,577.98,578.29,18042.0
10:32,576.97,578.04,576.82,578.0,20215.0
10:33,577.07,577.29,576.53,576.95,20783.0
10:34,577.1,577.27,576.65,576.74,19300.0
10:35,576.88,577.42,576.8,577.0,15381.0
10:36,577.34,577.34,576.54,576.88,15590.0
10:37,577.52,577.53,577.0,577.18,9765.0
10:38,579.04,579.24,577.19,577.65,32323.0
10:39,578.7,579.87,578.62,578.85,42280.0
10:40,578.76,578.87,578.08,578.52,23613.0
10:41,579.49,579.49,578.79,578.83,16092.0
10:42,579.66,579.94,578.97,579.29,29920.0
10:43,580.88,581.27,579.82,579.91,85291.0
10:44,580.69,581.27,580.35,581.2,30803.0
10:45,580.8,581.2,580.2,580.7,34128.0
10:46,581.29,581.55,580.69,580.73,30759.0
10:47,581.38,581.55,580.84,581.15,22641.0
10:48,580.65,581.37,579.84,581.37,28100.0
10:49,580.69,580.9,580.32,580.57,9932.0
10:50,581.18,581.38,580.69,580.69,31399.0
10:51,581.45,581.76,581.11,581.34,18368.0
10:52,581.81,582.15,581.43,581.57,35608.0
10:53,581.3,581.9,581.27,581.64,17643.0
10:54,582.3,582.5,581.31,581.56,33747.0
10:55,582.55,583.28,582.22,582.35,92323.0
10:56,581.42,583.04,581.38,582.42,38365.0
10:57,581.66,581.93,581.28,581.33,41305.0
10:58,582.05,582.27,581.62,581.7,20002.0
10:59,582.83,582.89,581.92,582.03,37122.0
11:00,583.0,583.18,582.25,582.81,32617.0
11:01,583.24,583.53,582.8,583.01,24814.0
11:02,583.2,583.3,582.52,583.16,27017.0
11:03,584.03,584.25,583.13,583.32,49053.0
11:04,582.98,584.13,582.82,584.03,30212.0
11:05,583.43,583.74,582.8,582.96,30827.0
11:06,584.28,584.7,583.5,583.5,60139.0
11:07,584.22,584.38,583.82,584.32,44537.0
11:08,584.17,584.46,583.84,584.0,31289.0
11:09,583.67,584.42,583.57,584.42,36592.0
11:10,582.86,583.69,582.61,583.66,54875.0
11:11,582.78,583.75,582.64,582.99,42298.0
11:12,583.26,583.43,582.8,582.95,37433.0
11:13,583.39,583.62,583.32,583.42,17862.0
11:14,583.69,583.95,583.42,583.42,25353.0
11:15,583.24,583.95,583.14,583.71,44381.0
11:16,583.73,583.88,583.28,583.28,22294.0
11:17,583.7,583.75,583.1,583.61,28597.0
11:18,583.12,583.87,583.12,583.62,25840.0
11:19,582.68,583.36,582.61,583.28,31776.0
11:20,581.76,582.69,581.65,582.61,43331.0
11:21,583.39,583.39,581.65,581.65,32446.0
11:22,583.82,583.96,583.27,583.4,30166.0
11:23,584.08,584.1,583.55,583.82,47376.0
11:24,584.39,584.41,583.6,584.08,27817.0
11:25,583.63,584.6,583.53,584.28,23107.0
11:26,583.21,583.75,582.85,583.63,23200.0
11:27,583.27,583.75,583.0,583.21,22113.0
11:28,582.82,583.45,582.72,583.45,17835.0
11:29,582.05,582.82,582.01,582.82,19747.0
11:30,582.13,582.5,581.92,582.14,21528.0
11:31,582.83,582.83,582.0,582.13,28865.0
11:32,583.21,583.3,582.42,582.98,28411.0
11:33,583.27,583.29,582.92,583.06,13845.0
11:34,583.0,583.43,582.59,583.42,22315.0
11:35,582.46,583.12,582.09,583.12,24206.0
11:36,582.97,583.13,582.35,582.45,16521.0
11:37,583.13,583.13,582.56,583.02,38507.0
11:38,583.78,583.9,583.03,583.03,17709.0
11:39,583.81,583.81,583.34,583.5,13916.0
11:40,583.6,583.87,583.35,583.35,12153.0
11:41,583.51,583.68,583.03,583.36,28011.0
11:42,583.57,583.57,583.3,583.42,14096.0
11:43,584.48,584.52,583.27,583.58,29024.0
11:44,585.09,585.2,584.36,584.42,30819.0
11:45,585.58,585.6,585.0,585.1,23429.0
11:46,585.64,586.06,585.57,585.58,23629.0
11:47,585.63,585.64,585.1,585.64,18810.0
11:48,586.0,586.09,585.49,585.72,24759.0
11:49,586.0,586.2,585.67,586.09,22813.0
11:50,585.66,586.04,585.5,586.0,29214.0
11:51,584.29,585.71,584.13,585.7,35769.0
11:52,584.22,584.43,583.97,584.2,17543.0
11:53,584.84,584.91,584.07,584.07,12124.0
11:54,584.73,585.41,584.7,584.86,22087.0
11:55,584.9,585.02,584.26,584.78,24914.0
11:56,585.27,585.27,584.7,584.9,16464.0
11:57,585.04,585.45,584.9,585.12,9368.0
11:58,585.11,585.2,584.8,584.94,3646.0
11:59,585.14,585.51,585.0,585.04,11431.0
12:00,585.03,585.59,584.72,585.22,20214.0
12:01,586.06,586.07,585.19,585.19,14740.0
12:02,586.03,586.42,585.88,586.06,32214.0
12:03,585.56,585.9,585.42,585.9,13846.0
12:04,585.83,585.93,585.6,585.74,13969.0
12:05,586.11,586.49,585.79,585.84,37875.0
12:06,585.88,586.22,585.49,586.22,14158.0
12:07,586.18,586.47,586.0,586.0,17177.0
12:08,586.64,586.64,585.91,586.06,25940.0
12:09,586.99,587.0,586.53,586.57,39219.0
12:10,587.13,587.2,586.85,586.97,38847.0
12:11,586.08,587.05,585.89,587.05,44454.0
12:12,586.79,586.86,585.85,585.85,24605.0
12:13,587.63,587.71,586.72,586.84,66496.0
12:14,587.68,587.68,587.4,587.61,39666.0
12:15,588.07,588.11,587.64,587.68,23296.0
12:16,588.43,588.78,587.95,588.07,40688.0
12:17,588.83,588.98,588.1,588.3,27980.0
12:18,588.38,588.86,588.1,588.67,17586.0
12:19,588.78,588.78,588.16,588.49,27931.0
12:20,589.0,589.29,588.45,588.77,57311.0
12:21,586.29,589.19,585.54,589.06,224580.0
12:22,587.09,587.64,585.81,586.29,116781.0
12:23,587.05,587.67,586.75,587.27,57371.0
12:24,587.76,588.3,587.35,587.35,49300.0
12:25,587.29,587.95,586.82,587.88,40502.0
12:26,586.3,587.24,586.28,587.04,38347.0
12:27,586.66,586.76,586.2,586.46,28200.0
12:28,585.77,586.65,585.5,586.43,38831.0
12:29,585.85,586.43,585.52,585.86,31242.0
12:30,584.79,586.03,584.5,586.03,49876.0
12:31,585.47,585.74,584.67,584.79,27053.0
12:32,586.5,586.5,585.39,585.4,22598.0
12:33,586.02,586.46,585.9,586.21,21804.0
12:34,585.72,586.05,585.38,586.05,17297.0
12:35,585.81,585.96,585.29,585.29,13306.0
12:36,585.72,586.31,585.26,585.89,27407.0
12:37,585.11,585.87,584.97,585.87,11311.0
12:38,585.45,585.45,584.65,585.01,21114.0
12:39,585.7,586.0,585.21,585.46,26437.0
12:40,585.85,586.03,585.47,585.85,24315.0
12:41,586.53,586.74,585.69,585.86,30960.0
12:42,586.36,586.56,585.77,586.4,23614.0
12:43,585.46,586.17,585.26,586.17,22948.0
12:44,586.12,586.43,585.4,585.49,27092.0
12:45,585.98,586.27,585.71,586.0,18983.0
12:46,585.97,586.33,585.79,585.99,19029.0
12:47,586.66,586.66,586.02,586.02,17617.0
12:48,586.8,586.85,586.26,586.26,14664.0
12:49,587.79,587.79,586.77,586.81,29461.0
12:50,588.27,588.47,587.38,587.72,20197.0
12:51,588.63,588.76,588.12,588.19,30487.0
12:52,589.11,589.15,588.57,588.87,28988.0
12:53,589.57,589.91,588.97,589.11,35849.0
12:54,588.95,589.67,588.95,589.66,23446.0
12:55,588.65,589.25,588.65,588.92,25050.0
12:56,588.75,588.84,588.27,588.54,19828.0
12:57,588.62,588.8,588.35,588.43,7684.0
12:58,588.81,588.81,588.41,588.6,16214.0
12:59,587.93,588.89,587.76,588.81,27310.0
13:00,588.5,588.5,587.74,587.93,26850.0
13:01,587.95,588.84,587.84,588.66,21341.0
13:02,588.47,588.55,587.95,588.15,26756.0
13:03,588.47,588.93,588.19,588.43,13401.0
13:04,588.36,588.68,588.28,588.54,8744.0
13:05,587.39,588.42,587.39,588.35,27825.0
13:06,586.63,587.6,586.43,587.4,27326.0
13:07,586.85,587.04,586.41,586.59,16279.0
13:08,586.93,587.2,586.77,586.92,27226.0
13:09,586.33,586.99,586.16,586.94,17476.0
13:10,586.63,586.63,585.75,586.15,36495.0
13:11,586.96,587.17,586.36,586.53,18573.0
13:12,586.5,587.2,586.5,587.05,13541.0
13:13,586.47,586.57,585.89,586.5,23210.0
13:14,586.61,586.69,586.34,586.6,13820.0
13:15,586.53,586.72,586.34,586.62,14841.0
13:16,586.36,586.66,586.19,586.5,21613.0
13:17,585.78,586.23,585.57,586.23,14964.0
13:18,585.39,586.33,585.31,585.78,21283.0
13:19,584.9,585.67,584.8,585.28,20586.0
13:20,585.5,585.77,584.98,584.98,7411.0
13:21,585.02,585.41,585.02,585.41,12170.0
13:22,585.17,585.3,585.04,585.09,10633.0
13:23,585.16,585.38,584.8,585.27,21247.0
13:24,585.18,585.32,585.0,585.14,16561.0
13:25,585.47,585.47,584.87,585.18,16688.0
13:26,585.04,585.66,584.83,585.39,19643.0
13:27,585.4,585.51,585.08,585.08,8609.0
13:28,585.28,585.65,585.21,585.38,7989.0
13:29,585.24,585.41,584.83,585.17,12472.0
13:30,585.78,585.78,585.18,585.25,11543.0
13:31,586.26,586.34,585.76,585.76,14044.0
13:32,586.28,586.48,586.18,586.4,7137.0
13:33,585.37,586.4,585.37,586.4,13474.0
13:34,584.8,585.4,584.75,585.27,14002.0
13:35,585.16,585.26,584.75,584.86,7000.0
13:36,585.21,585.38,585.04,585.09,7263.0
13:37,585.38,585.58,585.2,585.2,10706.0
13:38,585.62,585.7,585.3,585.46,11774.0
13:39,585.62,585.79,585.47,585.62,5251.0
13:40,586.16,586.19,585.54,585.54,9699.0
13:41,586.57,586.58,586.29,586.36,13522.0
13:42,586.23,586.56,586.17,586.49,10398.0
13:43,584.93,586.16,584.93,586.11,12331.0
13:44,584.9,585.13,584.65,585.13,10383.0
13:45,585.25,585.42,584.7,584.88,12369.0
13:46,585.8,585.8,585.22,585.39,6189.0
13:47,585.95,586.21,585.66,585.91,7127.0
13:48,585.92,586.03,585.76,586.03,5336.0
13:49,585.96,586.21,585.78,585.92,4428.0
13:50,586.33,586.46,585.8,585.84,8393.0
13:51,586.12,586.29,585.57,586.29,12337.0
13:52,585.34,586.23,585.34,586.08,16619.0
13:53,585.18,585.6,585.13,585.41,6385.0
13:54,584.97,585.39,584.95,585.39,7607.0
13:55,584.3,585.06,584.16,585.02,24085.0
13:56,584.11,584.48,584.08,584.48,11560.0
13:57,584.66,584.67,584.07,584.2,14517.0
13:58,584.38,584.69,584.34,584.64,22683.0
13:59,583.68,584.53,583.67,584.38,14371.0
14:00,583.37,584.07,583.02,584.0,19285.0
14:01,582.64,583.43,582.52,583.43,22126.0
14:02,582.02,582.4,581.64,582.4,26153.0
14:03,581.88,582.0,581.5,581.77,17087.0
14:04,581.36,581.9,580.86,581.88,32737.0
14:05,581.69,581.92,581.43,581.66,22195.0
14:06,581.24,581.82,581.0,581.82,20402.0
14:07,581.04,581.19,580.6,581.12,21141.0
14:08,581.07,581.2,580.71,580.97,12520.0
14:09,580.6,580.93,580.26,580.93,12982.0
14:10,580.92,581.17,580.59,580.64,14042.0
14:11,580.68,580.96,580.22,580.73,14279.0
14:12,581.0,581.27,580.6,580.67,10962.0
14:13,581.7,581.78,581.12,581.25,14562.0
14:14,581.6,581.88,581.41,581.78,16846.0
14:15,581.36,581.59,581.1,581.48,19486.0
14:16,580.53,581.33,580.48,580.99,10848.0
14:17,580.32,580.72,580.32,580.43,13843.0
14:18,579.81,580.39,579.81,580.19,26988.0
14:19,580.12,580.18,579.71,579.82,36230.0
14:20,579.84,580.36,579.71,580.12,31547.0
14:21,579.98,580.19,579.65,579.78,11498.0
14:22,579.13,579.74,579.13,579.74,34318.0
14:23,579.54,579.68,578.9,579.11,27645.0
14:24,578.7,579.51,578.51,579.51,20282.0
14:25,579.12,579.52,578.4,578.52,18684.0
14:26,579.97,580.01,579.25,579.25,35423.0
14:27,579.1,580.34,579.1,580.04,54484.0
14:28,579.74,579.74,578.9,579.23,19088.0
14:29,579.54,579.74,579.18,579.59,15021.0
14:30,580.05,580.13,579.67,579.88,11111.0
14:31,580.5,580.68,579.93,579.93,15343.0
14:32,580.81,580.96,580.43,580.63,12389.0
14:33,580.83,581.05,580.61,580.63,13048.0
14:34,580.35,581.01,580.29,580.82,14412.0
14:35,580.24,580.5,580.14,580.47,6351.0
14:36,580.84,580.97,580.14,580.23,21254.0
14:37,580.54,580.94,580.42,580.8,14236.0
14:38,579.88,580.5,579.86,580.41,15064.0
14:39,579.82,579.93,579.62,579.84,11178.0
14:40,580.45,580.66,579.93,579.93,14612.0
14:41,580.6,580.6,580.08,580.59,16103.0
14:42,579.94,580.6,579.89,580.59,12166.0
14:43,580.33,580.33,579.77,579.91,19291.0
14:44,580.87,580.87,580.24,580.24,9443.0
14:45,580.37,580.9,580.34,580.78,13439.0
14:46,580.3,580.73,580.24,580.5,15258.0
14:47,579.83,580.3,579.78,580.2,17881.0
14:48,579.69,579.91,579.56,579.79,8735.0
14:49,579.44,579.83,579.33,579.77,14969.0
14:50,579.76,579.95,579.36,579.36,10172.0
14:51,579.56,579.8,579.54,579.65,9822.0
14:52,579.51,579.75,579.33,579.5,13410.0
14:53,579.85,579.88,579.24,579.42,13118.0
14:54,580.28,580.32,579.86,579.98,9331.0
14:55,580.98,581.16,580.28,580.28,19850.0
14:56,580.9,581.16,580.7,581.08,16654.0
14:57,581.22,581.35,580.9,581.25,13777.0
14:58,580.95,581.35,580.95,581.09,19105.0
14:59,581.55,581.57,580.77,580.86,17890.0
15:00,581.7,581.81,581.1,581.26,12266.0
15:01,581.89,582.14,581.39,581.7,20931.0
15:02,581.79,582.0,581.56,581.86,11869.0
15:03,581.95,582.09,581.64,581.64,17224.0
15:04,581.89,582.02,581.64,581.92,12283.0
15:05,582.44,582.49,581.81,581.81,15466.0
15:06,582.65,582.8,582.49,582.62,19926.0
15:07,582.9,582.92,582.45,582.64,18363.0
15:08,582.34,582.98,582.1,582.97,25091.0
15:09,581.72,582.31,581.64,582.31,17423.0
15:10,581.83,582.0,581.43,581.63,16583.0
15:11,582.0,582.0,581.27,581.66,9696.0
15:12,582.18,582.18,581.72,581.99,15827.0
15:13,582.23,582.41,582.21,582.21,4588.0
15:14,582.43,582.54,582.12,582.28,8679.0
15:15,583.02,583.13,582.45,582.52,21336.0
15:16,583.37,583.64,583.07,583.11,32748.0
15:17,583.41,583.62,583.18,583.28,15791.0
15:18,582.77,583.49,582.77,583.36,31816.0
15:19,582.93,583.06,582.8,582.95,16677.0
15:20,583.4,583.4,582.94,582.94,12214.0
15:21,583.32,583.34,582.94,583.18,8759.0
15:22,583.58,583.66,583.05,583.34,18628.0
15:23,583.69,583.83,583.62,583.66,19732.0
15:24,583.67,583.79,583.49,583.78,18324.0
15:25,583.84,583.97,583.47,583.67,16439.0
15:26,583.61,584.09,583.48,583.97,22971.0
15:27,583.61,583.86,583.6,583.7,16638.0
15:28,583.71,583.89,583.68,583.87,13882.0
15:29,583.17,583.8,583.01,583.76,20333.0
15:30,583.28,583.43,582.83,583.12,21551.0
15:31,583.74,583.8,583.34,583.34,19847.0
15:32,584.72,584.98,583.87,583.87,33639.0
15:33,584.6,585.07,584.6,584.73,34565.0
15:34,584.38,584.9,584.26,584.68,22788.0
15:35,585.22,585.33,584.2,584.41,28823.0
15:36,585.48,585.71,585.16,585.2,38647.0
15:37,585.21,585.47,584.62,585.43,33658.0
15:38,585.22,585.29,584.63,585.2,28707.0
15:39,584.93,585.32,584.77,585.18,22376.0
15:40,584.61,585.15,584.53,584.8,32112.0
15:41,584.67,584.85,584.52,584.7,22405.0
15:42,584.48,584.76,584.29,584.56,17712.0
15:43,584.48,584.76,584.35,584.36,18009.0
15:44,584.53,584.76,584.36,584.48,31675.0
15:45,585.53,585.64,584.35,584.48,53842.0
15:46,586.11,586.3,585.55,585.61,84063.0
15:47,586.25,586.25,585.7,586.08,54301.0
15:48,585.26,586.37,585.12,586.14,58514.0
15:49,585.13,585.4,584.68,585.25,40081.0
15:50,585.51,586.53,585.21,585.28,64086.0
15:51,585.65,585.91,585.24,585.57,26540.0
15:52,585.16,585.8,585.16,585.73,29264.0
15:53,585.71,585.9,584.81,585.21,66386.0
15:54,586.66,587.0,585.7,585.76,98445.0
15:55,585.74,587.37,585.49,586.66,95886.0
15:56,586.02,586.14,585.44,585.78,87289.0
15:57,585.89,586.2,585.74,586.14,76544.0
15:58,586.29,586.35,585.84,585.95,105702.0
15:59,585.95,586.29,585.58,586.29,208442.0
