Time,Close,High,Low,Open,Volume
09:30,591.28,594.0,591.05,592.53,525142.0
09:31,590.46,593.06,589.87,591.28,113944.0
09:32,590.27,591.69,590.0,590.56,100359.0
09:33,589.88,591.0,589.71,590.46,66641.0
09:34,591.18,592.23,589.57,589.74,64988.0
09:35,590.92,591.84,590.4,591.1,47213.0
09:36,591.88,592.2,590.47,590.47,49525.0
09:37,591.72,592.49,591.72,592.1,58187.0
09:38,591.82,592.53,591.51,591.7,41532.0
09:39,593.53,593.55,591.53,591.58,53133.0
09:40,593.92,594.25,593.07,593.41,64301.0
09:41,593.15,594.03,593.15,593.93,49414.0
09:42,593.4,594.25,593.19,593.29,53297.0
09:43,594.96,595.11,593.21,593.53,57651.0
09:44,595.34,595.84,594.72,594.9,54405.0
09:45,595.6,596.0,594.8,595.45,37353.0
09:46,594.66,596.0,594.35,595.79,70464.0
09:47,593.5,594.56,593.22,594.56,41248.0
09:48,595.04,595.04,593.57,593.6,41671.0
09:49,594.47,595.2,594.45,595.12,32535.0
09:50,592.74,594.56,592.7,594.47,47426.0
09:51,592.32,592.92,591.36,592.92,48328.0
09:52,592.31,592.71,591.72,592.0,31112.0
09:53,591.63,592.31,591.28,592.31,35342.0
09:54,591.34,591.66,591.03,591.48,19096.0
09:55,591.21,591.79,590.68,591.67,69018.0
09:56,592.46,592.9,591.21,591.47,54430.0
09:57,591.15,592.54,591.01,592.54,20986.0
09:58,591.34,591.81,591.02,591.02,20969.0
09:59,590.76,591.36,590.51,591.25,44789.0
10:00,589.3,590.82,588.57,590.82,117410.0
10:01,590.08,590.35,589.02,589.22,60389.0
10:02,590.63,591.42,590.08,590.13,42893.0
10:03,590.47,590.67,589.79,590.67,32103.0
10:04,591.05,591.24,590.27,590.47,46674.0
10:05,591.53,591.71,590.5,591.05,40866.0
10:06,591.65,591.78,591.13,591.45,28327.0
10:07,591.54,591.78,591.02,591.31,28782.0
10:08,592.6,592.8,591.68,591.68,36483.0
10:09,592.86,593.25,592.43,592.95,31737.0
10:10,593.02,593.2,592.0,592.68,25843.0
10:11,592.95,592.99,592.4,592.95,18939.0
10:12,592.55,593.16,592.55,593.0,18702.0
10:13,592.35,592.87,592.11,592.48,21668.0
10:14,591.29,592.58,591.11,592.58,28700.0
10:15,591.52,592.0,591.22,591.46,24772.0
10:16,591.77,591.81,591.3,591.45,17326.0
10:17,591.26,591.87,590.78,591.77,29017.0
10:18,591.01,591.44,590.38,591.16,42205.0
10:19,592.35,592.37,591.0,591.0,20725.0
10:20,592.88,593.01,592.36,592.4,31909.0
10:21,593.16,593.49,592.7,592.87,29014.0
10:22,593.32,593.46,593.0,593.24,37891.0
10:23,593.85,594.22,593.26,593.49,37639.0
10:24,593.41,594.0,593.24,593.86,29147.0
10:25,594.35,594.62,593.7,593.84,31092.0
10:26,593.63,594.8,593.6,594.17,33831.0
10:27,592.92,593.81,592.92,593.69,23833.0
10:28,592.8,593.33,592.6,592.93,26617.0
10:29,593.18,593.24,592.74,593.0,19159.0
10:30,592.5,593.44,592.5,593.28,27709.0
10:31,592.41,593.08,592.06,592.77,19714.0
10:32,592.74,592.94,592.28,592.34,14061.0
10:33,592.51,593.01,592.11,592.88,17435.0
10:34,592.0,593.05,592.0,592.35,41496.0
10:35,592.07,592.25,591.1,592.13,42370.0
10:36,592.18,592.3,591.92,592.3,16155.0
10:37,591.99,592.25,591.82,592.05,14452.0
10:38,592.47,592.96,592.0,592.25,18864.0
10:39,592.27,592.46,592.12,592.33,13686.0
10:40,591.73,592.68,591.66,592.25,29891.0
10:41,592.08,592.08,591.47,591.86,31972.0
10:42,591.75,592.18,591.74,591.95,21088.0
10:43,591.61,591.96,591.4,591.96,9932.0
10:44,592.06,592.22,591.56,591.66,13795.0
10:45,592.34,592.5,592.01,592.22,17281.0
10:46,592.63,593.1,592.4,592.48,30756.0
10:47,592.76,592.99,592.59,592.77,17351.0
10:48,592.62,593.16,592.46,592.66,28313.0
10:49,591.56,592.74,591.55,592.63,18825.0
10:50,591.08,591.63,590.78,591.59,35064.0
10:51,590.89,591.01,590.32,591.0,19575.0
10:52,590.75,590.97,590.5,590.79,15011.0
10:53,591.1,591.23,590.65,590.74,23043.0
10:54,591.16,591.29,591.01,591.1,10779.0
10:55,590.89,591.29,590.85,591.16,25259.0
10:56,591.59,591.61,591.03,591.06,27841.0
10:57,591.42,591.7,591.17,591.58,17963.0
10:58,591.47,591.48,591.3,591.36,6538.0
10:59,591.8,592.16,591.22,591.52,20530.0
11:00,592.31,592.57,591.87,592.13,14088.0
11:01,592.4,592.49,592.17,592.3,13408.0
11:02,592.15,592.28,592.01,592.22,13896.0
11:03,592.2,592.4,592.01,592.32,13568.0
11:04,592.52,592.57,592.17,592.39,12538.0
11:05,592.38,592.51,592.02,592.36,10423.0
11:06,592.41,592.53,592.12,592.53,19161.0
11:07,592.07,592.54,592.0,592.4,27128.0
11:08,591.72,592.31,591.53,592.14,11631.0
11:09,591.7,591.97,591.52,591.73,23768.0
11:10,591.88,591.99,591.62,591.84,11428.0
11:11,592.26,592.38,592.0,592.0,22552.0
11:12,592.28,592.46,591.93,592.22,11132.0
11:13,592.79,592.97,592.35,592.47,22549.0
11:14,592.48,592.74,592.18,592.66,10253.0
11:15,592.42,592.6,592.09,592.48,7667.0
11:16,591.93,592.38,591.77,592.36,13244.0
11:17,592.79,592.79,592.07,592.07,18763.0
11:18,592.95,593.0,592.61,592.69,19954.0
11:19,593.15,593.38,592.84,592.84,13881.0
11:20,593.18,593.32,593.15,593.23,19342.0
11:21,592.83,593.25,592.63,593.2,11991.0
11:22,593.06,593.3,592.67,592.67,19833.0
11:23,593.35,593.68,593.0,593.08,20716.0
11:24,593.53,593.68,593.32,593.32,13238.0
11:25,593.27,593.68,593.11,593.49,14675.0
11:26,592.83,593.37,592.64,593.37,14073.0
11:27,592.4,592.88,592.22,592.61,20955.0
11:28,592.65,592.68,592.17,592.49,10328.0
11:29,592.55,592.76,592.53,592.72,8410.0
11:30,591.7,592.65,591.61,592.55,24568.0
11:31,590.9,591.86,590.9,591.81,31335.0
11:32,591.31,591.32,590.93,591.05,11851.0
11:33,591.65,591.8,591.15,591.22,14164.0
11:34,592.0,592.25,591.7,591.7,26080.0
11:35,592.24,592.47,592.21,592.42,10081.0
11:36,592.37,592.37,592.0,592.2,8643.0
11:37,591.93,592.38,591.8,592.38,16236.0
11:38,591.92,592.1,591.85,591.85,10128.0
11:39,592.5,592.5,591.9,591.92,11419.0
11:40,592.02,592.58,591.94,592.35,12373.0
11:41,591.91,592.4,591.85,592.13,16016.0
11:42,591.34,591.96,591.1,591.96,14636.0
11:43,591.25,591.27,591.0,591.17,10523.0
11:44,591.2,591.47,591.1,591.31,14982.0
11:45,591.45,591.84,591.29,591.29,12992.0
11:46,591.02,591.42,590.85,591.37,22297.0
11:47,591.21,591.59,591.02,591.1,8708.0
11:48,591.61,591.62,591.31,591.36,15110.0
11:49,591.6,591.84,591.54,591.61,9859.0
11:50,591.3,591.77,591.3,591.53,18253.0
11:51,590.68,591.3,590.5,591.3,23920.0
11:52,590.53,590.87,590.42,590.64,20868.0
11:53,590.23,590.78,590.2,590.44,16520.0
11:54,590.6,590.65,590.24,590.43,25373.0
11:55,590.85,591.04,590.3,590.38,12046.0
11:56,590.27,590.92,590.15,590.76,13606.0
11:57,590.52,590.65,590.28,590.28,8819.0
11:58,590.42,590.64,590.27,590.64,10985.0
11:59,590.39,590.39,590.0,590.36,19001.0
12:00,590.6,590.79,590.2,590.38,9660.0
12:01,590.4,590.52,590.11,590.45,9793.0
12:02,590.5,590.66,590.29,590.59,10738.0
12:03,590.0,590.44,590.0,590.44,10851.0
12:04,590.63,590.77,590.0,590.07,29119.0
12:05,590.06,590.42,589.91,590.34,23908.0
12:06,589.47,590.11,589.2,590.0,37158.0
12:07,589.58,589.71,589.52,589.56,17050.0
12:08,588.52,589.68,588.39,589.68,48201.0
12:09,588.32,588.79,588.31,588.76,27298.0
12:10,588.72,588.91,588.3,588.37,22808.0
12:11,590.22,590.34,588.66,588.73,58457.0
12:12,590.86,591.09,590.22,590.28,49635.0
12:13,592.01,592.21,590.66,590.82,55558.0
12:14,592.64,593.31,591.89,592.08,56371.0
12:15,591.63,592.8,591.63,592.78,21359.0
12:16,591.15,591.57,590.55,591.57,36390.0
12:17,591.9,591.9,591.15,591.15,25698.0
12:18,591.98,592.2,591.71,591.92,36316.0
12:19,592.41,592.94,592.02,592.06,41814.0
12:20,591.16,592.71,591.0,592.54,54827.0
12:21,590.96,591.21,590.43,591.07,33571.0
12:22,590.6,590.98,590.46,590.81,22157.0
12:23,590.66,590.66,590.12,590.6,11883.0
12:24,589.78,590.46,589.28,590.43,24489.0
12:25,589.98,590.81,589.7,589.81,15973.0
12:26,590.3,590.7,590.11,590.11,10467.0
12:27,590.21,590.75,590.21,590.55,6335.0
12:28,590.28,590.67,590.16,590.17,9035.0
12:29,590.26,590.6,590.26,590.45,15505.0
12:30,590.03,590.39,589.7,590.08,23415.0
12:31,590.48,590.48,589.97,590.32,9208.0
12:32,590.18,590.54,590.06,590.46,14711.0
12:33,590.9,591.05,590.24,590.24,14484.0
12:34,590.81,591.03,590.37,591.03,10144.0
12:35,590.74,591.09,590.57,590.95,8879.0
12:36,591.24,591.24,590.68,590.75,7872.0
12:37,590.55,591.09,590.49,591.02,10605.0
12:38,591.0,591.58,590.59,590.71,12651.0
12:39,590.83,591.01,590.67,591.01,14586.0
12:40,591.01,591.1,590.81,590.83,19672.0
12:41,591.02,591.1,590.75,591.1,8638.0
12:42,590.54,590.84,590.36,590.84,11244.0
12:43,590.59,590.67,590.28,590.49,12357.0
12:44,589.68,590.47,589.58,590.47,24164.0
12:45,589.75,590.12,589.55,589.82,13518.0
12:46,589.6,589.98,589.25,589.78,25484.0
12:47,589.87,590.0,589.68,589.86,5014.0
12:48,590.15,590.17,589.6,589.75,11194.0
12:49,589.93,590.24,589.88,590.05,12252.0
12:50,589.45,589.89,589.03,589.89,8995.0
12:51,589.24,589.53,589.1,589.1,12566.0
12:52,589.22,589.37,589.12,589.12,5346.0
12:53,589.44,589.67,589.1,589.16,16700.0
12:54,589.75,589.89,589.46,589.55,8662.0
12:55,589.38,589.9,589.38,589.68,13719.0
12:56,589.05,589.33,589.04,589.33,5010.0
12:57,589.24,589.28,588.88,589.12,14596.0
12:58,589.01,589.25,588.9,589.23,9899.0
12:59,588.92,589.16,588.63,589.15,13573.0
13:00,588.96,589.24,588.8,588.92,14578.0
13:01,588.89,589.17,588.7,588.89,11614.0
13:02,589.41,589.86,588.89,588.89,26567.0
13:03,589.83,589.98,589.45,589.56,16803.0
13:04,589.22,589.77,589.22,589.77,9328.0
13:05,590.31,590.32,589.29,589.39,13323.0
13:06,589.63,590.5,589.55,590.01,25094.0
13:07,590.05,590.19,589.67,589.67,9795.0
13:08,590.38,590.38,589.9,589.9,10761.0
13:09,589.95,590.75,589.95,590.5,15570.0
13:10,590.34,590.39,589.7,589.91,13553.0
13:11,589.95,590.19,589.6,590.16,8031.0
13:12,590.08,590.17,589.9,590.02,7010.0
13:13,589.97,590.09,589.84,590.02,7748.0
13:14,589.85,590.24,589.85,589.97,7748.0
13:15,590.31,590.4,589.89,589.89,7761.0
13:16,590.04,590.4,589.94,590.4,8297.0
13:17,590.17,590.24,590.03,590.03,4686.0
13:18,589.93,590.31,589.93,590.23,6354.0
13:19,590.26,590.26,589.97,590.0,5695.0
13:20,589.31,590.28,589.13,590.14,13759.0
13:21,589.09,589.35,588.84,589.35,16441.0
13:22,589.1,589.11,588.66,589.06,8844.0
13:23,588.4,588.92,588.34,588.75,21736.0
13:24,588.8,588.8,588.39,588.39,10950.0
13:25,588.8,588.89,588.57,588.71,12640.0
13:26,588.79,589.19,588.47,588.89,20711.0
13:27,589.03,589.48,588.67,588.76,18323.0
13:28,588.9,588.99,588.45,588.99,11115.0
13:29,588.65,589.09,588.65,588.86,13601.0
13:30,588.98,588.98,588.56,588.65,9080.0
13:31,589.01,589.01,588.68,588.74,10422.0
13:32,588.78,589.03,588.62,589.03,8864.0
13:33,588.9,588.9,588.6,588.78,12720.0
13:34,589.04,589.05,588.8,588.95,9830.0
13:35,588.52,589.33,588.45,589.05,32287.0
13:36,588.13,588.52,587.88,588.52,82188.0
13:37,587.97,588.1,587.44,588.04,31752.0
13:38,587.73,587.91,587.63,587.8,13522.0
13:39,587.19,587.77,587.19,587.72,31296.0
13:40,587.02,587.4,586.67,587.39,43842.0
13:41,586.93,587.13,586.7,586.89,16750.0
13:42,587.49,587.49,586.92,587.09,19138.0
13:43,586.87,587.27,586.81,587.27,17160.0
13:44,586.97,587.07,586.84,586.87,13611.0
13:45,587.03,587.26,586.83,587.0,15821.0
13:46,586.91,587.16,586.77,587.1,10600.0
13:47,587.32,587.32,586.87,586.87,9972.0
13:48,586.96,587.42,586.96,587.19,18518.0
13:49,586.91,586.91,586.61,586.89,20530.0
13:50,587.36,587.42,586.67,586.89,22761.0
13:51,586.68,587.6,586.58,587.6,20311.0
13:52,587.13,587.37,586.84,586.84,12517.0
13:53,587.28,587.44,587.09,587.36,14026.0
13:54,587.69,587.69,587.15,587.22,17715.0
13:55,587.52,587.8,587.27,587.7,17044.0
13:56,587.61,587.69,587.29,587.63,10741.0
13:57,588.17,588.17,587.55,587.55,15441.0
13:58,587.28,588.13,587.23,588.13,13235.0
13:59,587.31,587.57,587.26,587.39,13300.0
14:00,587.49,587.73,587.31,587.39,9367.0
14:01,588.2,588.24,587.5,587.66,9719.0
14:02,588.58,589.0,587.88,587.88,35388.0
14:03,588.13,588.81,588.13,588.79,10021.0
14:04,588.26,588.59,587.64,588.04,19676.0
14:05,588.0,588.11,587.96,588.11,10241.0
14:06,587.88,587.99,587.52,587.97,14868.0
14:07,588.14,588.14,587.55,587.88,15564.0
14:08,588.19,588.31,587.87,587.91,7101.0
14:09,588.29,588.38,588.12,588.22,6482.0
14:10,587.89,588.25,587.8,588.16,8685.0
14:11,587.98,587.99,587.68,587.93,10806.0
14:12,588.03,588.27,587.92,588.08,6994.0
14:13,587.94,588.22,587.94,588.03,5942.0
14:14,588.26,588.39,587.76,587.93,13148.0
14:15,588.84,588.84,588.13,588.13,22280.0
14:16,588.71,589.03,588.45,588.86,19727.0
14:17,588.76,588.9,588.63,588.72,11628.0
14:18,589.03,589.03,588.71,588.77,7764.0
14:19,589.54,589.55,588.83,588.83,17421.0
14:20,589.16,589.79,589.15,589.55,15871.0
14:21,589.4,589.59,589.29,589.41,12103.0
14:22,589.87,589.87,589.22,589.25,10857.0
14:23,589.63,589.93,589.54,589.79,18459.0
14:24,589.85,589.93,589.77,589.77,6213.0
14:25,590.13,590.3,589.85,589.85,19289.0
14:26,589.6,590.17,589.6,590.15,18521.0
14:27,590.07,590.17,589.62,589.64,15493.0
14:28,590.26,590.3,589.83,590.05,13824.0
14:29,590.25,590.33,590.03,590.24,15445.0
14:30,590.31,590.41,590.15,590.15,15260.0
14:31,590.26,590.47,590.0,590.33,11512.0
14:32,590.49,590.58,590.25,590.32,18036.0
14:33,590.2,590.55,590.2,590.49,17457.0
14:34,590.46,590.5,590.33,590.33,7155.0
14:35,590.03,590.41,589.86,590.32,17644.0
14:36,589.85,590.16,589.8,589.94,16026.0
14:37,590.03,590.33,589.9,589.95,15529.0
14:38,590.21,590.33,590.1,590.1,8760.0
14:39,590.04,590.17,590.0,590.15,11556.0
14:40,590.44,590.45,590.02,590.04,13098.0
14:41,590.5,590.55,590.2,590.37,24328.0
14:42,590.41,590.5,590.35,590.5,12477.0
14:43,590.0,590.41,590.0,590.37,12519.0
14:44,590.28,590.3,590.08,590.09,11952.0
14:45,590.08,590.28,590.07,590.19,8491.0
14:46,590.42,590.59,590.15,590.21,14713.0
14:47,590.45,590.52,590.26,590.51,10190.0
14:48,590.59,590.6,590.45,590.49,10528.0
14:49,590.46,590.49,590.27,590.45,14115.0
14:50,590.25,590.4,590.12,590.31,8032.0
14:51,589.58,590.12,589.29,590.12,18929.0
14:52,589.81,589.88,589.31,589.49,19845.0
14:53,589.62,589.8,589.59,589.8,5663.0
14:54,589.89,589.92,589.6,589.6,9118.0
14:55,590.01,590.1,589.83,589.89,9076.0
14:56,590.59,590.69,590.25,590.25,11624.0
14:57,590.43,590.5,590.34,590.5,6443.0
14:58,590.59,590.65,590.33,590.37,17325.0
14:59,590.85,590.87,590.65,590.66,11361.0
15:00,590.54,590.98,590.4,590.85,10889.0
15:01,590.69,590.69,590.34,590.52,11058.0
15:02,590.7,590.86,590.52,590.61,6117.0
15:03,590.48,590.7,590.41,590.7,10012.0
15:04,590.72,590.73,590.38,590.5,9520.0
15:05,590.44,590.71,590.42,590.68,19553.0
15:06,590.05,590.5,590.02,590.41,10525.0
15:07,589.73,590.12,589.68,590.1,10290.0
15:08,589.87,590.0,589.69,589.69,9890.0
15:09,590.08,590.23,589.82,589.82,6538.0
15:10,589.9,590.27,589.9,589.99,14443.0
15:11,589.96,590.03,589.61,589.89,13827.0
15:12,589.85,590.11,589.73,590.07,10815.0
15:13,590.14,590.2,589.72,589.76,10034.0
15:14,590.3,590.45,590.11,590.11,16519.0
15:15,590.49,590.57,590.15,590.25,21116.0
15:16,590.55,590.69,590.4,590.48,8507.0
15:17,590.3,590.73,590.3,590.66,14723.0
15:18,590.16,590.44,590.0,590.44,8826.0
15:19,589.5,589.97,589.5,589.94,20281.0
15:20,589.6,589.73,589.39,589.51,11935.0
15:21,589.65,589.86,589.3,589.59,17931.0
15:22,589.23,589.68,589.17,589.59,10436.0
15:23,589.29,589.4,589.07,589.26,10521.0
15:24,589.42,589.62,589.17,589.3,15345.0
15:25,589.5,589.74,589.23,589.6,16576.0
15:26,589.45,589.66,589.43,589.66,5833.0
15:27,589.68,589.71,589.22,589.38,20457.0
15:28,589.92,589.92,589.49,589.64,14977.0
15:29,589.79,589.88,589.73,589.82,8116.0
15:30,589.72,590.26,589.58,589.94,39475.0
15:31,589.69,589.99,589.52,589.64,12080.0
15:32,589.71,589.76,589.21,589.61,14662.0
15:33,589.89,590.03,589.57,589.77,12441.0
15:34,589.7,589.86,589.6,589.86,8297.0
15:35,589.72,589.92,589.65,589.74,12541.0
15:36,589.55,589.9,589.48,589.89,20273.0
15:37,589.43,589.49,589.28,589.45,14809.0
15:38,589.08,589.53,589.08,589.29,14962.0
15:39,589.04,589.31,588.77,589.15,34481.0
15:40,589.1,589.31,588.93,589.01,15601.0
15:41,589.55,589.56,589.09,589.14,46629.0
15:42,589.42,589.61,589.37,589.52,16985.0
15:43,589.65,589.7,589.38,589.42,19799.0
15:44,589.57,589.73,589.54,589.67,9566.0
15:45,590.07,590.22,589.6,589.6,51977.0
15:46,589.41,589.91,589.34,589.91,15563.0
15:47,589.62,589.62,589.12,589.44,20593.0
15:48,589.39,589.79,589.36,589.62,16773.0
15:49,589.26,589.46,589.05,589.43,22925.0
15:50,588.68,589.41,588.45,589.07,36181.0
15:51,588.41,588.7,588.35,588.7,31023.0
15:52,588.24,588.45,588.05,588.45,40438.0
15:53,588.33,588.7,587.74,588.19,36841.0
15:54,587.75,588.34,587.57,588.34,42680.0
15:55,587.83,588.25,587.19,587.8,68840.0
15:56,587.86,588.05,587.43,587.94,48339.0
15:57,588.37,588.44,587.68,587.87,58847.0
15:58,588.3,588.38,587.99,588.38,65574.0
15:59,587.1,588.29,587.05,588.29,239446.0
