Time,Close,High,Low,Open,Volume
09:30,542.43,544.97,540.28,543.25,1761212.0
09:31,540.88,542.42,540.0,542.42,312944.0
09:32,541.16,542.7,540.89,541.0,259302.0
09:33,544.43,545.72,541.0,541.34,201624.0
09:34,543.66,546.28,543.1,544.43,161088.0
09:35,545.65,546.52,542.45,543.24,246139.0
09:36,544.5,547.43,544.12,545.59,238340.0
09:37,543.68,545.18,543.03,544.68,191503.0
09:38,544.59,545.18,543.29,543.71,174834.0
09:39,544.2,545.67,544.11,544.41,156655.0
09:40,543.11,545.26,543.11,544.27,258650.0
09:41,542.68,544.15,541.89,543.64,239915.0
09:42,543.64,544.34,542.69,542.69,113742.0
09:43,543.32,544.08,542.74,543.8,104665.0
09:44,542.69,543.66,542.0,543.42,119263.0
09:45,544.17,544.22,542.32,542.84,106481.0
09:46,545.08,545.32,544.0,544.28,100744.0
09:47,543.16,545.5,542.51,545.22,104681.0
09:48,542.16,544.63,542.16,543.32,102518.0
09:49,540.74,543.4,540.63,542.14,143850.0
09:50,541.04,541.71,540.0,540.93,121001.0
09:51,543.21,543.71,540.99,540.99,69462.0
09:52,542.97,544.0,542.01,543.31,108123.0
09:53,544.3,544.71,542.92,543.07,92354.0
09:54,543.44,544.5,542.86,544.29,59203.0
09:55,542.02,543.08,541.48,543.06,67533.0
09:56,541.56,542.08,540.76,541.98,59169.0
09:57,542.63,542.63,540.88,541.39,103622.0
09:58,544.07,544.19,542.49,542.63,60023.0
09:59,543.33,544.5,543.27,544.25,75188.0
10:00,544.4,545.0,542.48,543.3,110517.0
10:01,542.76,545.0,542.75,544.48,44075.0
10:02,543.77,543.95,542.3,542.93,40637.0
10:03,544.16,544.16,542.74,543.77,53803.0
10:04,543.29,544.21,543.07,543.96,44096.0
10:05,545.45,545.67,543.28,543.33,89612.0
10:06,543.63,545.68,543.57,545.41,104170.0
10:07,542.57,543.93,541.56,543.63,116618.0
10:08,543.64,543.89,542.42,542.59,55598.0
10:09,544.29,544.55,543.07,543.59,62335.0
10:10,542.86,544.74,542.6,544.33,56075.0
10:11,542.88,543.54,542.08,542.6,50771.0
10:12,543.0,543.53,541.82,542.8,67371.0
10:13,543.82,544.09,542.91,543.53,53084.0
10:14,543.48,544.0,543.24,543.83,30862.0
10:15,543.56,544.02,542.78,543.47,60744.0
10:16,542.32,543.77,542.19,543.57,64631.0
10:17,543.41,543.47,541.72,542.18,76516.0
10:18,542.78,543.61,542.0,543.36,76179.0
10:19,542.71,543.2,542.51,542.52,38621.0
10:20,542.67,542.97,541.91,542.71,65268.0
10:21,543.35,543.72,542.14,542.64,55554.0
10:22,543.75,544.14,542.97,543.42,61678.0
10:23,543.59,545.18,543.1,543.73,64375.0
10:24,542.48,543.28,542.28,543.22,58256.0
10:25,543.3,543.86,542.17,542.71,56100.0
10:26,543.97,544.65,543.09,543.33,70268.0
10:27,544.13,544.48,543.8,543.96,69843.0
10:28,544.27,544.79,543.0,544.3,91629.0
10:29,541.17,544.27,541.0,544.16,116527.0
10:30,539.79,541.75,539.55,541.14,103317.0
10:31,539.03,540.11,538.76,539.92,85947.0
10:32,539.91,540.43,538.99,539.0,62907.0
10:33,538.89,540.5,538.71,540.12,37568.0
10:34,538.93,540.0,538.66,539.0,47269.0
10:35,538.26,539.49,538.23,538.98,58911.0
10:36,538.74,538.95,537.97,538.38,61275.0
10:37,539.66,540.24,538.6,538.84,49154.0
10:38,539.64,539.83,538.48,539.47,59103.0
10:39,540.45,540.68,539.66,539.79,48124.0
10:40,539.79,540.36,539.28,540.26,37366.0
10:41,539.25,539.75,538.8,539.75,40593.0
10:42,538.77,539.46,538.67,539.24,40274.0
10:43,538.32,538.87,538.0,538.48,73281.0
10:44,538.81,539.34,538.28,538.48,42169.0
10:45,539.3,539.99,538.42,538.7,110942.0
10:46,538.79,539.9,538.37,539.12,73217.0
10:47,538.37,539.09,537.99,538.64,54140.0
10:48,536.56,538.38,536.56,538.36,68101.0
10:49,536.03,537.2,535.59,536.76,85851.0
10:50,536.61,536.82,535.76,536.0,76988.0
10:51,536.11,536.88,535.63,536.61,39707.0
10:52,535.62,535.87,534.72,535.87,76127.0
10:53,534.98,535.86,534.7,535.78,37506.0
10:54,534.31,535.0,534.08,534.87,49713.0
10:55,534.37,534.61,533.85,534.3,47426.0
10:56,534.32,534.6,533.77,534.29,44909.0
10:57,534.37,534.45,533.53,534.42,49552.0
10:58,533.26,534.33,533.1,534.21,31739.0
10:59,532.53,533.41,532.53,533.36,69626.0
11:00,533.25,533.78,532.4,532.65,62424.0
11:01,534.34,534.5,533.17,533.37,76111.0
11:02,534.94,535.75,534.49,534.5,109012.0
11:03,535.15,535.31,534.26,535.24,46456.0
11:04,534.98,535.88,534.88,535.15,74442.0
11:05,534.29,535.01,534.0,534.8,73492.0
11:06,532.72,534.36,532.46,534.36,75876.0
11:07,533.11,533.49,532.03,532.54,54286.0
11:08,531.95,533.33,531.47,533.21,60872.0
11:09,532.64,532.77,531.18,531.54,38630.0
11:10,533.17,533.17,532.18,532.71,37897.0
11:11,532.1,532.98,531.66,532.98,37086.0
11:12,530.96,532.33,530.81,532.3,53800.0
11:13,529.62,530.89,529.62,530.8,142169.0
11:14,530.6,530.71,529.68,529.75,66092.0
11:15,530.53,531.08,530.22,530.45,43403.0
11:16,530.13,530.16,529.46,530.05,40116.0
11:17,529.98,530.5,529.52,530.14,36089.0
11:18,529.29,530.03,529.01,530.03,43981.0
11:19,531.21,531.23,529.11,529.11,53891.0
11:20,531.52,532.19,530.84,530.92,72258.0
11:21,532.45,532.83,531.48,531.67,68002.0
11:22,532.09,532.76,531.65,532.34,56644.0
11:23,530.54,532.19,530.0,532.0,51679.0
11:24,529.43,530.78,529.0,530.63,41602.0
11:25,529.14,529.48,528.35,529.31,57488.0
11:26,529.63,529.64,528.14,528.95,36970.0
11:27,528.42,530.2,528.05,529.45,72287.0
11:28,528.14,528.8,527.77,528.28,40627.0
11:29,527.29,528.83,527.29,528.14,36534.0
11:30,528.56,528.73,527.51,527.51,34154.0
11:31,529.02,529.25,527.63,528.69,54785.0
11:32,529.5,529.5,528.5,528.97,47332.0
11:33,529.1,529.5,528.79,529.38,30635.0
11:34,527.59,529.12,527.57,529.12,43333.0
11:35,527.95,528.3,527.12,527.43,72315.0
11:36,527.38,528.09,527.0,527.94,65844.0
11:37,528.46,529.3,527.38,527.38,75150.0
11:38,530.17,530.34,528.5,528.83,86620.0
11:39,530.11,530.69,529.46,530.12,59861.0
11:40,531.06,531.22,529.37,530.12,40806.0
11:41,530.52,531.58,530.22,531.25,50467.0
11:42,530.26,530.71,529.88,530.52,46277.0
11:43,530.71,531.0,530.32,530.42,27976.0
11:44,530.0,530.81,529.57,530.74,30406.0
11:45,530.15,531.05,529.91,530.03,29305.0
11:46,529.75,530.6,529.57,530.51,26714.0
11:47,530.14,530.71,529.29,529.71,20256.0
11:48,529.51,530.21,529.29,530.21,22774.0
11:49,527.71,529.27,527.31,529.1,38459.0
11:50,527.85,528.58,527.55,527.71,34779.0
11:51,527.67,528.08,527.07,527.8,28680.0
11:52,526.28,527.17,526.0,527.17,38366.0
11:53,526.12,526.7,525.63,526.42,38816.0
11:54,527.06,527.36,526.12,526.2,45303.0
11:55,527.55,527.55,526.67,527.16,36672.0
11:56,529.99,529.99,527.45,527.45,42588.0
11:57,529.65,530.13,529.35,529.9,80043.0
11:58,530.09,530.09,529.37,529.65,45464.0
11:59,529.68,530.2,529.48,530.09,27990.0
12:00,528.32,529.78,528.32,529.57,43458.0
12:01,528.98,529.5,528.38,528.71,26279.0
12:02,528.64,529.39,528.28,529.24,18968.0
12:03,529.21,529.47,528.65,528.84,22899.0
12:04,528.89,529.1,528.09,529.07,21686.0
12:05,529.09,530.27,528.61,528.61,32684.0
12:06,528.19,529.4,528.16,529.08,17379.0
12:07,528.47,528.59,527.8,528.26,22646.0
12:08,528.68,528.87,528.06,528.27,25718.0
12:09,528.64,529.3,528.5,528.62,24013.0
12:10,528.83,529.96,528.57,528.61,21797.0
12:11,529.94,529.98,528.83,528.83,22383.0
12:12,528.78,530.06,528.78,529.8,33365.0
12:13,528.69,529.04,528.41,528.77,28031.0
12:14,527.62,529.36,527.48,528.79,52056.0
12:15,527.33,527.97,527.17,527.72,29555.0
12:16,526.61,527.51,526.38,527.33,47297.0
12:17,524.9,526.55,524.71,526.55,58026.0
12:18,525.08,525.74,524.91,524.99,34339.0
12:19,525.18,525.47,524.84,525.21,21550.0
12:20,524.23,525.58,524.21,525.06,41240.0
12:21,524.42,525.05,523.8,524.23,67298.0
12:22,523.35,524.5,523.3,524.2,36478.0
12:23,523.0,523.79,522.77,523.35,23163.0
12:24,523.02,523.38,522.66,523.1,45209.0
12:25,523.15,523.4,522.54,523.15,31898.0
12:26,523.51,523.57,522.54,523.07,45885.0
12:27,524.74,525.0,523.5,523.5,35722.0
12:28,525.55,525.68,524.5,524.6,41624.0
12:29,525.96,526.04,525.35,525.55,25961.0
12:30,526.28,526.57,525.7,525.82,28564.0
12:31,523.96,526.18,522.26,526.15,108616.0
12:32,524.07,524.36,523.14,523.83,41881.0
12:33,524.77,524.77,523.48,524.01,28372.0
12:34,523.55,524.82,523.15,524.74,25072.0
12:35,522.75,524.08,522.75,523.51,28541.0
12:36,522.89,523.9,522.24,522.98,46447.0
12:37,521.55,523.22,521.13,522.5,38566.0
12:38,520.72,521.5,519.72,521.21,98179.0
12:39,519.76,520.39,518.9,520.39,53795.0
12:40,518.86,520.41,518.63,519.61,51110.0
12:41,519.85,519.9,518.33,518.73,86956.0
12:42,518.44,519.68,518.23,519.68,34647.0
12:43,519.57,519.89,518.22,518.25,53822.0
12:44,520.35,521.2,519.63,519.63,36065.0
12:45,520.76,520.83,519.53,520.32,54728.0
12:46,521.05,521.95,520.41,520.99,64299.0
12:47,520.71,521.43,520.25,521.05,43343.0
12:48,522.64,524.98,520.63,520.83,118869.0
12:49,523.0,523.55,522.44,522.57,55841.0
12:50,522.36,523.64,521.8,522.98,53402.0
12:51,522.49,522.84,521.91,522.54,26775.0
12:52,522.67,523.2,522.26,522.51,29009.0
12:53,521.23,522.88,520.67,522.88,36398.0
12:54,521.48,522.51,521.32,521.41,26431.0
12:55,522.43,522.83,521.58,521.58,26313.0
12:56,520.22,523.34,519.99,522.43,64267.0
12:57,520.86,520.88,519.29,520.27,49726.0
12:58,519.49,520.93,519.26,520.62,50731.0
12:59,518.43,519.37,518.23,519.22,58586.0
13:00,517.48,519.38,517.45,518.46,70337.0
13:01,518.36,518.57,517.3,517.62,40576.0
13:02,518.91,519.52,518.14,518.14,49809.0
13:03,518.53,519.44,518.45,518.89,26173.0
13:04,519.97,519.97,518.16,518.52,30289.0
13:05,520.45,521.04,519.28,520.0,52197.0
13:06,519.93,520.99,519.73,520.7,47020.0
13:07,518.71,519.76,518.38,519.76,35057.0
13:08,517.75,518.72,517.61,518.48,41670.0
13:09,517.41,518.0,516.86,517.85,45432.0
13:10,517.94,518.0,517.01,517.46,46553.0
13:11,516.54,518.08,516.29,518.0,79432.0
13:12,517.04,517.12,516.02,517.0,51606.0
13:13,517.03,518.11,516.28,517.09,44257.0
13:14,519.15,519.54,517.09,517.09,66929.0
13:15,519.61,520.32,518.91,519.32,88804.0
13:16,519.6,520.12,518.75,519.13,27576.0
13:17,520.35,521.04,519.4,519.78,39484.0
13:18,520.38,520.56,518.65,520.18,57499.0
13:19,519.37,521.07,519.01,520.52,40080.0
13:20,518.52,519.83,518.52,519.22,24829.0
13:21,518.93,519.37,518.14,518.74,30233.0
13:22,517.86,519.07,516.88,519.05,32728.0
13:23,517.7,518.7,517.36,517.36,25189.0
13:24,517.34,517.84,516.77,517.5,22742.0
13:25,517.79,518.05,516.26,517.36,31098.0
13:26,517.03,518.36,516.83,517.78,17412.0
13:27,515.74,517.52,515.69,517.12,51678.0
13:28,514.99,516.11,514.46,515.9,38652.0
13:29,514.72,516.13,514.56,515.19,31920.0
13:30,514.56,514.99,514.01,514.68,28041.0
13:31,515.3,515.91,513.86,514.24,36807.0
13:32,515.98,516.47,514.89,515.3,24681.0
13:33,515.72,516.45,515.61,516.27,28658.0
13:34,515.28,516.37,515.03,515.52,28003.0
13:35,518.97,519.75,515.0,515.23,98125.0
13:36,516.69,518.55,516.12,518.53,38025.0
13:37,517.01,518.16,516.46,517.23,34321.0
13:38,518.56,519.85,516.97,516.97,78778.0
13:39,518.26,518.55,517.52,518.55,43756.0
13:40,520.42,520.48,518.05,518.05,63293.0
13:41,520.94,521.4,519.99,520.47,69677.0
13:42,522.83,522.96,520.85,520.85,75095.0
13:43,522.51,524.69,522.36,522.72,95720.0
13:44,522.29,523.03,521.47,522.69,31114.0
13:45,521.44,522.32,521.03,522.28,20104.0
13:46,519.77,521.03,519.6,520.86,47824.0
13:47,519.66,519.99,518.8,519.77,26968.0
13:48,520.33,520.42,519.16,519.64,20671.0
13:49,519.57,520.61,519.47,520.25,28750.0
13:50,520.82,520.82,518.46,519.64,64115.0
13:51,520.28,521.41,519.96,520.33,34642.0
13:52,521.67,521.83,519.92,520.22,31876.0
13:53,520.38,521.9,520.11,521.71,25304.0
13:54,520.33,521.21,520.15,520.35,20726.0
13:55,521.75,521.96,520.33,520.33,28115.0
13:56,521.78,522.08,521.52,521.98,24563.0
13:57,522.17,522.18,520.93,522.04,27649.0
13:58,521.69,522.33,520.73,522.14,30826.0
13:59,521.81,522.11,521.2,521.56,19326.0
14:00,521.13,522.0,520.81,521.56,36574.0
14:01,519.89,521.5,519.82,521.3,21809.0
14:02,520.99,521.12,519.82,519.82,29376.0
14:03,520.9,521.51,520.51,520.98,20703.0
14:04,519.91,520.98,519.43,520.55,29400.0
14:05,519.37,519.88,518.97,519.81,32672.0
14:06,518.68,519.26,517.86,519.26,32396.0
14:07,518.39,518.72,517.25,518.48,29070.0
14:08,518.32,519.0,517.87,518.38,33011.0
14:09,518.7,518.91,517.65,518.18,19833.0
14:10,518.42,519.07,518.21,518.35,21258.0
14:11,518.27,518.92,518.0,518.59,20666.0
14:12,518.0,518.47,517.87,518.18,41509.0
14:13,517.07,517.92,516.72,517.92,46324.0
14:14,517.85,518.13,516.88,516.94,23020.0
14:15,518.29,518.98,517.67,517.67,26870.0
14:16,519.79,520.0,518.28,518.49,27744.0
14:17,519.58,520.46,519.43,519.58,28199.0
14:18,520.59,520.65,519.49,519.64,22159.0
14:19,521.01,521.39,520.23,520.44,32577.0
14:20,520.89,521.28,520.48,521.09,31025.0
14:21,519.92,520.94,519.92,520.94,31233.0
14:22,519.73,520.3,519.41,520.03,20226.0
14:23,519.3,520.26,519.3,519.58,13307.0
14:24,520.05,520.37,519.17,519.25,18198.0
14:25,518.74,519.84,518.29,519.84,25248.0
14:26,518.45,518.81,518.0,518.51,17982.0
14:27,517.84,518.99,517.82,518.44,25043.0
14:28,517.48,518.23,517.17,517.92,25399.0
14:29,517.33,517.55,516.94,517.55,22200.0
14:30,521.71,523.77,517.22,517.22,161624.0
14:31,519.28,521.53,518.38,521.53,62118.0
14:32,519.43,520.26,518.85,519.03,24301.0
14:33,518.53,519.95,518.23,519.03,16635.0
14:34,518.36,519.02,517.73,518.08,27289.0
14:35,516.63,518.18,516.25,518.18,32270.0
14:36,517.33,517.72,515.59,516.41,52546.0
14:37,517.25,517.68,516.54,517.59,38767.0
14:38,517.32,517.58,516.98,517.01,20353.0
14:39,516.61,517.51,516.46,517.21,21202.0
14:40,516.08,516.54,515.91,516.54,21149.0
14:41,515.8,516.2,515.15,516.0,26536.0
14:42,514.77,515.83,514.77,515.43,28584.0
14:43,514.43,515.07,514.1,514.76,27593.0
14:44,514.1,514.62,514.1,514.31,22830.0
14:45,514.9,515.49,514.21,514.24,36966.0
14:46,516.51,517.26,515.02,515.03,48555.0
14:47,516.39,516.66,515.53,516.66,36668.0
14:48,515.96,516.7,515.82,516.34,23185.0
14:49,516.78,517.48,515.88,516.04,51273.0
14:50,516.82,517.55,516.48,516.78,34017.0
14:51,516.55,517.34,516.03,516.92,31317.0
14:52,517.18,517.33,515.63,516.64,46852.0
14:53,516.44,517.87,516.17,516.83,30274.0
14:54,516.15,516.61,516.01,516.45,27670.0
14:55,515.37,516.25,515.22,516.01,30161.0
14:56,514.98,515.55,514.27,515.36,31129.0
14:57,514.9,515.53,514.67,514.72,33649.0
14:58,515.53,515.76,514.45,514.9,35761.0
14:59,515.24,515.69,514.99,515.49,32773.0
15:00,515.73,515.99,514.94,515.27,38112.0
15:01,514.98,515.73,514.77,515.73,21271.0
15:02,514.55,515.24,514.55,515.02,23771.0
15:03,513.71,514.57,513.68,514.43,31784.0
15:04,513.31,513.89,512.95,513.69,35321.0
15:05,513.01,514.39,512.78,513.43,48290.0
15:06,510.95,512.83,510.74,512.83,76695.0
15:07,510.62,511.32,509.45,510.83,86474.0
15:08,510.92,511.12,509.81,510.46,31009.0
15:09,510.3,511.51,509.8,511.13,65819.0
15:10,511.06,511.64,510.0,510.38,62673.0
15:11,510.39,511.5,510.05,510.82,38986.0
15:12,510.0,510.73,509.92,510.39,51623.0
15:13,509.49,510.55,509.11,510.0,72589.0
15:14,508.26,509.55,508.02,509.28,53400.0
15:15,507.25,508.65,506.81,508.24,79506.0
15:16,506.45,507.9,506.33,507.27,66434.0
15:17,506.13,507.05,505.49,506.5,63060.0
15:18,506.92,507.2,505.94,505.94,53433.0
15:19,506.78,507.08,505.61,506.84,40665.0
15:20,508.59,508.65,506.61,506.85,66520.0
15:21,509.09,509.56,508.15,508.26,55438.0
15:22,509.02,509.25,508.35,509.25,52562.0
15:23,509.93,510.08,508.28,508.9,71080.0
15:24,510.31,510.62,509.56,510.14,78965.0
15:25,511.34,511.86,509.96,510.22,52696.0
15:26,510.98,511.62,510.19,511.04,53493.0
15:27,511.86,512.5,510.67,510.83,58318.0
15:28,512.17,512.45,511.46,511.7,28073.0
15:29,511.11,512.48,511.0,512.42,50697.0
15:30,510.57,511.63,510.39,511.05,91765.0
15:31,509.23,510.7,509.06,510.59,64060.0
15:32,509.36,509.7,508.59,509.31,37491.0
15:33,509.29,509.42,508.38,509.21,58959.0
15:34,509.35,510.5,509.2,509.2,56560.0
15:35,508.71,509.61,508.18,509.61,87871.0
15:36,506.92,508.74,506.63,508.51,71875.0
15:37,505.5,507.13,505.11,506.96,83308.0
15:38,505.82,506.47,505.18,505.52,116176.0
15:39,505.55,506.06,504.73,505.81,129787.0
15:40,506.86,507.36,505.0,505.56,181191.0
15:41,507.44,507.75,506.44,506.73,128992.0
15:42,506.49,508.1,506.2,507.46,97165.0
15:43,506.93,507.23,505.86,506.64,72434.0
15:44,504.74,507.11,504.56,507.0,93627.0
15:45,505.37,505.99,504.33,504.53,87633.0
15:46,504.62,505.76,504.27,505.37,72922.0
15:47,504.11,505.13,503.83,504.53,59704.0
15:48,503.81,504.49,503.43,504.1,65165.0
15:49,503.28,504.25,502.86,503.83,59622.0
15:50,506.77,507.0,503.17,503.29,188989.0
15:51,508.26,509.0,506.63,506.79,150671.0
15:52,508.12,508.93,507.46,508.4,130116.0
15:53,508.32,508.5,506.41,508.18,148002.0
15:54,509.8,511.34,507.84,508.02,173319.0
15:55,508.04,509.35,505.24,509.35,212458.0
15:56,508.88,508.98,507.59,508.18,144614.0
15:57,509.15,509.71,508.76,508.93,215799.0
15:58,509.56,509.74,508.85,509.24,169887.0
15:59,510.79,510.99,509.43,509.61,447172.0
