Time,Close,High,Low,Open,Volume
09:30,706.85,708.87,702.83,703.76,480661.0
09:31,704.98,707.2,704.92,706.55,60778.0
09:32,704.54,705.19,703.92,705.11,50648.0
09:33,703.18,704.59,702.33,704.59,56592.0
09:34,702.81,703.27,702.47,703.18,26977.0
09:35,703.77,703.92,702.5,702.97,51499.0
09:36,704.04,704.31,703.08,703.63,46476.0
09:37,703.62,704.35,703.12,704.01,28595.0
09:38,703.93,704.01,702.84,703.62,43157.0
09:39,703.69,704.72,703.3,703.85,37363.0
09:40,703.49,704.08,703.24,703.56,22620.0
09:41,704.27,704.49,703.36,703.4,27536.0
09:42,703.66,704.58,703.66,704.16,23564.0
09:43,703.18,704.1,703.09,703.66,24406.0
09:44,702.5,703.28,702.1,703.04,55889.0
09:45,701.84,702.5,701.5,702.33,37773.0
09:46,700.89,701.72,700.5,701.72,54427.0
09:47,701.52,701.57,700.61,700.65,73371.0
09:48,700.67,701.09,700.52,701.08,48065.0
09:49,701.07,701.57,700.43,700.8,34440.0
09:50,701.02,701.82,701.02,701.09,25977.0
09:51,702.34,702.48,701.02,701.11,39829.0
09:52,702.82,702.94,702.33,702.34,23320.0
09:53,704.04,704.2,702.57,702.79,40879.0
09:54,703.23,704.2,703.0,704.05,60111.0
09:55,703.84,703.94,703.06,703.39,24017.0
09:56,704.01,704.23,703.55,703.94,23528.0
09:57,703.38,704.28,703.38,704.27,38511.0
09:58,702.28,703.53,702.28,703.41,24391.0
09:59,702.14,702.29,701.52,702.29,27659.0
10:00,702.74,703.38,702.03,702.17,45502.0
10:01,701.99,702.03,701.61,702.03,17705.0
10:02,701.59,702.23,701.25,702.09,19736.0
10:03,701.85,702.17,701.58,701.71,12541.0
10:04,701.12,702.0,700.95,701.82,36357.0
10:05,701.03,701.58,701.0,701.25,19116.0
10:06,701.15,701.16,700.81,701.03,17397.0
10:07,701.27,701.6,700.99,701.3,22412.0
10:08,701.3,701.3,700.79,701.27,30714.0
10:09,701.69,701.84,701.35,701.35,14737.0
10:10,701.41,701.65,701.32,701.64,12804.0
10:11,701.24,701.66,701.22,701.28,14828.0
10:12,701.57,701.71,701.02,701.25,37264.0
10:13,701.77,701.84,701.33,701.57,41108.0
10:14,702.19,702.28,701.69,701.79,22070.0
10:15,701.86,702.15,701.71,702.14,22738.0
10:16,702.49,702.6,701.8,701.97,22291.0
10:17,702.45,702.59,702.17,702.25,18916.0
10:18,702.8,703.25,702.78,702.85,47781.0
10:19,703.45,703.52,702.72,702.72,31747.0
10:20,703.22,703.45,703.13,703.45,21762.0
10:21,703.34,703.34,703.0,703.19,17685.0
10:22,703.09,703.72,702.86,703.34,22825.0
10:23,703.43,703.59,703.22,703.43,16006.0
10:24,703.52,703.71,703.25,703.25,10723.0
10:25,703.79,704.01,703.28,703.46,26993.0
10:26,703.62,703.92,703.55,703.91,25587.0
10:27,703.66,703.99,703.6,703.64,17500.0
10:28,703.52,703.89,703.5,703.78,22662.0
10:29,703.53,703.85,703.49,703.61,16783.0
10:30,702.86,703.48,702.7,703.43,30186.0
10:31,702.46,702.87,702.31,702.83,22354.0
10:32,702.08,702.89,702.02,702.55,18183.0
10:33,702.27,702.77,702.13,702.22,21560.0
10:34,702.23,702.23,702.22,702.22,332.0
10:35,702.29,702.35,702.27,702.3,26864.0
10:36,702.35,702.35,702.21,702.21,18063.0
10:37,702.66,702.66,702.65,702.65,28846.0
10:38,703.04,703.24,702.85,703.24,29813.0
10:39,702.84,703.15,702.72,703.1,39303.0
10:40,703.16,703.41,702.76,702.85,30126.0
10:41,703.2,703.44,702.95,702.97,24588.0
10:42,702.28,703.35,702.27,703.28,20546.0
10:43,702.46,703.02,702.35,702.91,23285.0
10:44,702.64,702.7,702.43,702.53,26024.0
10:45,702.66,702.72,702.31,702.62,11251.0
10:46,702.76,702.83,702.27,702.56,13972.0
10:47,702.91,702.91,702.58,702.71,18270.0
10:48,702.98,703.23,702.76,702.76,13620.0
10:49,702.53,702.99,702.43,702.99,21683.0
10:50,702.64,702.75,702.45,702.53,11489.0
10:51,702.71,702.9,702.26,702.64,18589.0
10:52,702.8,702.8,702.34,702.66,9710.0
10:53,702.59,702.89,702.59,702.8,2548.0
10:54,702.28,702.45,702.28,702.36,21917.0
10:55,702.3,702.3,702.28,702.28,30709.0
10:56,702.38,702.38,702.3,702.3,39501.0
10:57,702.55,702.65,702.39,702.39,9164.0
10:58,702.85,702.85,702.55,702.55,20507.5
10:59,702.84,702.96,702.83,702.85,31851.0
11:00,703.2,703.2,702.84,702.84,35937.0
11:01,703.17,703.3,703.08,703.2,40023.0
11:02,703.15,703.19,702.89,703.12,11661.0
11:03,703.16,703.32,702.93,702.93,16568.0
11:04,703.44,703.45,703.06,703.18,25893.0
11:05,703.04,703.55,702.67,703.47,30668.0
11:06,703.19,703.19,702.75,702.83,8750.0
11:07,702.44,703.14,702.44,703.04,11283.0
11:08,701.97,702.42,701.89,702.42,18725.0
11:09,700.26,701.97,700.26,701.97,60724.5
11:10,700.57,700.75,700.26,700.26,102724.0
11:11,700.78,700.87,700.64,700.87,34247.0
11:12,701.33,701.35,700.7,700.81,16101.0
11:13,701.38,701.88,701.18,701.44,11874.0
11:14,700.98,701.41,700.73,701.38,16647.0
11:15,701.72,701.72,700.93,700.93,11383.0
11:16,701.75,702.08,701.59,701.83,31434.0
11:17,701.68,701.95,701.68,701.75,12806.0
11:18,701.93,702.14,701.68,701.68,14808.0
11:19,702.2,702.3,701.96,701.97,12214.0
11:20,702.21,702.31,702.05,702.12,25839.0
11:21,701.87,702.21,701.87,702.01,9119.0
11:22,702.25,702.3,702.07,702.15,14961.0
11:23,702.16,702.26,702.01,702.26,7980.0
11:24,701.75,702.16,701.75,702.16,15300.5
11:25,701.5,701.75,701.5,701.75,22621.0
11:26,701.3333333333334,701.5,701.3333333333334,701.5,29640.0
11:27,701.1666666666666,701.3333333333334,701.1666666666666,701.3333333333334,36659.0
11:28,700.97,701.0,700.9,701.0,43678.0
11:29,700.32,700.97,700.32,700.97,40279.0
11:30,700.34,700.34,700.32,700.32,36880.0
11:31,700.28,700.34,700.28,700.34,44014.333333333336
11:32,700.22,700.28,700.22,700.28,51148.666666666664
11:33,700.39,700.43,700.16,700.16,58283.0
11:34,700.33,700.5,700.14,700.29,33058.0
11:35,700.64,700.72,700.28,700.34,11906.0
11:36,700.65,700.89,700.45,700.55,16031.0
11:37,700.34,700.65,700.13,700.65,12608.0
11:38,700.22,700.52,700.2,700.29,38443.0
11:39,700.11,700.23,699.98,700.2,18433.0
11:40,700.09,700.29,699.95,700.09,13236.0
11:41,699.54,700.2,699.51,700.2,13555.0
11:42,699.35,699.51,699.12,699.51,20041.0
11:43,699.0,699.39,698.8,699.35,48131.0
11:44,698.72,699.19,698.63,698.96,25765.0
11:45,699.18,699.18,698.61,698.61,15775.0
11:46,699.6,699.6,699.01,699.34,17544.0
11:47,699.59,699.69,699.25,699.6,14301.0
11:48,698.8,699.69,698.73,699.69,25906.0
11:49,699.37,699.37,698.57,698.8,23451.0
11:50,699.73,699.81,699.59,699.6,11032.0
11:51,699.86,699.91,699.68,699.84,20618.0
11:52,699.69,699.76,699.62,699.76,8265.0
11:53,699.85,699.85,699.42,699.5,11169.0
11:54,699.87,700.14,699.77,699.93,27902.0
11:55,700.0,700.0,699.8,700.0,17379.0
11:56,699.75,700.07,699.51,699.98,15230.0
11:57,699.41,699.46,699.33,699.33,8106.0
11:58,699.52,699.66,699.01,699.32,13360.0
11:59,700.07,700.09,699.52,699.52,10208.0
12:00,700.0,700.0,699.79,699.93,8737.0
12:01,700.21,700.45,700.16,700.18,6127.0
12:02,699.97,700.34,699.92,700.2,8484.0
12:03,700.27,700.27,699.66,699.92,13431.0
12:04,700.05,700.33,699.93,700.31,10601.0
12:05,699.49,700.03,699.25,700.03,8570.0
12:06,699.49,699.57,699.16,699.48,13249.0
12:07,699.79,699.79,699.0,699.29,15190.0
12:08,699.87,700.06,699.66,699.66,5660.0
12:09,699.86,700.02,699.71,699.81,9835.0
12:10,698.32,699.82,698.32,699.82,29248.0
12:11,698.76,698.76,698.12,698.32,10648.0
12:12,698.99,699.48,698.82,698.82,32001.0
12:13,699.02,699.38,699.02,699.16,19527.0
12:14,699.19,699.31,699.0,699.05,7462.0
12:15,699.46,699.7,699.15,699.29,15905.0
12:16,699.53,699.59,699.11,699.59,5947.0
12:17,699.01,699.7,699.0,699.33,11966.0
12:18,698.83,698.83,698.83,698.83,8975.0
12:19,698.59,698.88,698.39,698.73,19442.0
12:20,698.61,698.93,698.53,698.93,13854.0
12:21,698.36,698.82,697.61,698.61,20386.0
12:22,699.05,699.1,698.51,698.8,9327.0
12:23,699.3,699.3,698.92,699.05,8276.0
12:24,699.09,699.44,699.04,699.27,6204.0
12:25,699.42,699.52,699.01,699.15,7208.0
12:26,700.09,700.15,699.33,699.33,15270.0
12:27,700.29,700.51,700.15,700.15,26241.0
12:28,700.3,700.46,700.22,700.29,11106.0
12:29,700.74,700.96,700.32,700.45,10177.0
12:30,700.85,701.19,700.76,700.76,21836.0
12:31,701.41,701.5,701.18,701.18,21271.0
12:32,701.02,701.6,700.55,701.48,32539.0
12:33,700.85,701.2,700.85,700.94,16689.0
12:34,700.85,700.98,700.71,700.71,6255.0
12:35,700.5,700.8,700.5,700.75,18708.0
12:36,700.39,700.7,699.83,700.59,24730.0
12:37,700.15,700.5,700.15,700.4,12496.0
12:38,700.4,700.51,700.18,700.18,10937.0
12:39,700.24,700.33,700.11,700.32,7542.0
12:40,700.26,700.4,700.22,700.3,7197.0
12:41,699.9,700.26,699.9,700.26,9381.0
12:42,699.71,700.0,699.69,700.0,13446.0
12:43,699.97,700.02,699.65,699.65,9018.0
12:44,699.67,699.98,699.67,699.97,6427.0
12:45,699.96,699.96,699.66,699.66,3583.0
12:46,700.15,700.33,699.86,699.96,9125.0
12:47,700.37,700.5,700.26,700.27,4237.0
12:48,700.3,700.62,700.28,700.43,27274.0
12:49,700.54,700.55,700.13,700.3,12759.0
12:50,700.28,700.66,700.24,700.56,14872.0
12:51,700.28,700.35,700.16,700.24,4071.0
12:52,699.41,700.29,699.32,700.2,10608.0
12:53,699.42,699.67,699.2,699.42,7686.0
12:54,699.41,699.62,699.39,699.62,5348.0
12:55,699.36,699.5,699.26,699.5,12924.0
12:56,699.41,699.45,699.39,699.39,3173.0
12:57,699.56,699.56,699.32,699.41,5534.0
12:58,699.66,699.66,699.31,699.56,18748.0
12:59,699.92,700.0,699.68,699.89,5235.0
13:00,699.93,700.22,699.79,699.91,11413.0
13:01,699.81,700.2,699.8,700.0,17021.0
13:02,700.57,700.57,700.23,700.23,10765.0
13:03,700.66,700.7,700.36,700.55,10802.0
13:04,700.74,700.95,700.68,700.71,8350.0
13:05,700.53,700.83,700.38,700.83,13177.0
13:06,700.32,700.48,700.32,700.48,5391.0
13:07,700.8,700.85,700.5,700.51,9710.0
13:08,700.91,700.92,700.8,700.8,5865.0
13:09,700.9,701.2,700.8,701.0,12447.0
13:10,700.96,701.34,700.94,700.94,15186.0
13:11,701.38,701.38,700.96,700.96,6125.0
13:12,701.2,701.38,701.19,701.38,5917.0
13:13,700.4,701.12,700.4,701.12,29959.0
13:14,700.61,700.63,700.33,700.46,5235.0
13:15,700.71,700.94,700.44,700.61,8145.0
13:16,700.79,700.83,700.68,700.68,1528.0
13:17,701.09,701.19,700.97,700.97,8133.0
13:18,700.97,701.18,700.97,701.08,8497.0
13:19,700.82,701.2,700.82,701.19,7323.0
13:20,700.84,700.93,700.81,700.81,9342.0
13:21,700.79,700.89,700.68,700.84,6469.0
13:22,700.89,700.97,700.69,700.9,7260.0
13:23,700.88,700.88,700.88,700.88,2869.0
13:24,700.78,700.94,700.69,700.9,5233.0
13:25,700.8,700.94,700.74,700.74,11655.0
13:26,700.63,700.88,700.63,700.88,7721.0
13:27,700.55,700.75,700.51,700.62,4987.0
13:28,700.66,700.77,700.61,700.67,6073.0
13:29,700.61,700.92,700.61,700.78,17740.0
13:30,700.67,700.68,700.61,700.61,3853.0
13:31,700.73,700.92,700.64,700.64,10818.0
13:32,700.32,700.88,700.26,700.8,26718.0
13:33,700.2,700.4,700.03,700.35,18689.0
13:34,700.32,700.43,700.14,700.14,6259.0
13:35,700.15,700.32,700.15,700.32,7935.0
13:36,699.73,700.34,699.69,700.34,21308.0
13:37,699.75,699.85,699.55,699.6,21675.0
13:38,699.76,699.84,699.63,699.74,5433.0
13:39,699.84,699.88,699.6,699.6,11516.0
13:40,700.54,700.8,699.84,699.84,15237.0
13:41,700.29,700.64,700.28,700.64,14312.0
13:42,700.3,700.4,700.3,700.4,7097.0
13:43,699.4,700.43,699.4,700.43,29918.0
13:44,699.96,700.0,699.32,699.32,9717.0
13:45,699.96,700.03,699.58,700.03,12327.0
13:46,699.62,699.89,699.61,699.89,7852.0
13:47,699.3,699.66,699.1,699.61,21956.0
13:48,699.36,699.62,698.88,699.32,19797.0
13:49,698.96,699.26,698.96,699.26,15373.0
13:50,698.93,698.99,698.33,698.91,16488.0
13:51,698.76,698.94,698.68,698.94,6777.0
13:52,698.58,698.81,698.53,698.69,20286.0
13:53,698.71,698.71,698.71,698.71,3200.0
13:54,698.87,698.94,698.52,698.52,10771.0
13:55,698.53,699.19,698.45,698.8,21829.0
13:56,698.83,698.99,698.24,698.54,17575.0
13:57,698.51,698.87,698.51,698.87,8189.0
13:58,698.6,698.73,698.4,698.48,7636.0
13:59,698.3,698.48,698.06,698.4,6992.0
14:00,698.55,698.68,698.23,698.4,12587.0
14:01,697.89,698.61,697.8,698.61,21136.0
14:02,697.72,697.78,696.72,697.78,48105.0
14:03,696.9,697.72,696.74,697.44,19666.0
14:04,696.37,696.94,695.7,696.94,38434.0
14:05,697.0,697.0,696.33,696.33,14288.0
14:06,697.86,698.0,697.37,697.37,13377.0
14:07,697.55,698.08,697.23,698.08,13945.0
14:08,697.97,698.0,697.68,697.68,9093.0
14:09,697.75,698.24,697.75,697.93,25505.0
14:10,697.66,697.8,697.07,697.55,13885.0
14:11,697.57,697.72,697.47,697.49,5511.0
14:12,697.0,697.33,697.0,697.33,10860.0
14:13,696.91,697.11,696.71,696.71,8840.0
14:14,696.28,697.08,696.28,696.81,12592.0
14:15,696.0,696.18,695.7,696.02,14347.0
14:16,695.97,696.16,695.77,696.06,11202.0
14:17,695.57,695.99,694.8,695.62,43057.0
14:18,695.09,696.2,694.83,695.87,33525.0
14:19,695.8,695.8,695.07,695.16,21003.0
14:20,696.72,696.81,695.69,695.69,19450.0
14:21,696.23,697.05,696.23,696.85,16923.0
14:22,695.87,696.49,695.87,696.33,12479.0
14:23,696.9,696.9,695.85,695.85,10024.0
14:24,697.45,697.51,696.9,696.9,14749.0
14:25,698.0,698.14,697.29,697.29,38422.0
14:26,696.92,698.21,696.92,698.11,15141.0
14:27,696.6,697.08,696.4,697.0,22508.0
14:28,696.82,696.88,696.41,696.73,8951.0
14:29,696.4,696.98,696.27,696.72,29238.0
14:30,695.23,696.39,695.23,696.0,21760.0
14:31,697.23,697.44,694.81,695.35,26077.0
14:32,697.35,697.77,696.89,697.48,14411.0
14:33,697.42,697.76,697.25,697.43,7096.0
14:34,697.3,697.63,697.26,697.27,9039.0
14:35,697.17,697.43,696.91,697.19,7261.0
14:36,697.68,697.68,697.35,697.43,10261.0
14:37,697.7,697.87,697.7,697.87,9828.0
14:38,697.94,697.94,697.67,697.84,6618.0
14:39,697.83,698.1,697.79,698.01,9770.0
14:40,697.98,697.98,697.71,697.83,5988.0
14:41,697.17,697.73,697.02,697.73,11930.0
14:42,697.02,697.43,697.02,697.43,7990.0
14:43,697.69,697.69,697.0,697.0,5597.0
14:44,697.82,697.84,697.49,697.66,11755.0
14:45,697.79,698.09,697.66,697.72,5800.0
14:46,697.37,698.03,697.37,698.03,7249.0
14:47,697.67,697.67,697.39,697.47,4721.0
14:48,697.71,697.71,697.71,697.71,3770.0
14:49,698.09,698.09,697.89,697.94,9022.0
14:50,697.52,697.99,697.38,697.82,10669.0
14:51,697.55,697.78,697.53,697.53,4288.0
14:52,697.55,697.59,697.47,697.47,4998.0
14:53,697.26,697.78,697.2,697.75,15141.0
14:54,697.2,697.48,697.12,697.12,161207.0
14:55,696.81,697.2,696.2,697.2,11051.0
14:56,696.17,696.8,696.17,696.8,14472.0
14:57,696.42,696.62,695.91,696.0,9287.0
14:58,696.64,696.85,696.4,696.85,9947.0
14:59,696.58,696.85,696.49,696.71,9680.0
15:00,696.37,696.97,696.37,696.55,27837.0
15:01,696.81,696.81,696.16,696.59,11621.0
15:02,696.91,697.07,696.64,696.75,16199.0
15:03,696.87,697.02,696.75,696.89,6700.0
15:04,696.84,697.07,696.75,696.9,7515.0
15:05,696.0,696.88,695.93,696.88,14070.0
15:06,695.66,696.02,695.57,695.72,10645.0
15:07,695.3,695.76,695.27,695.48,20236.0
15:08,695.3,695.66,695.27,695.47,13776.0
15:09,695.53,695.76,695.28,695.33,48401.0
15:10,695.01,695.64,695.0,695.54,16106.0
15:11,695.8,696.0,695.1,695.1,12004.0
15:12,695.58,695.83,695.46,695.71,11033.0
15:13,695.34,695.72,695.34,695.44,9950.0
15:14,695.64,695.77,695.47,695.53,8270.0
15:15,695.39,695.59,695.3,695.59,10557.0
15:16,694.28,695.28,694.28,695.27,26825.0
15:17,694.9,695.2,694.03,694.23,18466.0
15:18,694.77,695.16,694.62,694.93,18184.0
15:19,694.6,695.0,694.49,694.78,10675.0
15:20,694.76,694.99,694.48,694.62,11953.0
15:21,694.58,694.99,694.34,694.83,14666.0
15:22,694.85,695.05,694.66,694.66,11455.0
15:23,694.9,695.12,694.8,694.85,10464.0
15:24,694.93,695.35,694.74,694.84,12712.0
15:25,695.34,695.47,695.07,695.08,12403.0
15:26,695.33,695.44,694.16,695.2,31139.0
15:27,695.1,695.54,694.92,695.46,17505.0
15:28,695.25,695.39,694.93,695.09,11249.0
15:29,694.52,695.09,694.52,695.03,11914.0
15:30,694.84,694.9,694.3,694.58,18804.0
15:31,694.85,695.22,694.53,694.68,20144.0
15:32,694.08,694.64,694.08,694.6,13311.0
15:33,693.79,693.79,693.64,693.76,31023.0
15:34,693.41,693.8,693.41,693.6,17418.0
15:35,693.88,693.88,693.26,693.35,30056.0
15:36,694.01,694.21,693.76,693.76,22998.0
15:37,694.03,694.5,693.84,693.91,19743.0
15:38,693.9,694.16,693.73,693.97,16207.0
15:39,693.8,694.18,693.62,693.95,28715.0
15:40,693.84,694.08,693.76,693.89,20957.0
15:41,693.94,694.14,693.79,693.91,21913.0
15:42,693.31,693.86,693.27,693.83,22569.0
15:43,693.79,693.93,693.26,693.38,18289.0
15:44,693.41,693.81,693.26,693.8,30856.0
15:45,692.82,693.5,692.7,693.31,41652.0
15:46,692.85,692.85,692.32,692.7,40621.0
15:47,692.59,693.08,692.52,693.02,36907.0
15:48,692.47,692.63,692.36,692.45,30678.0
15:49,691.99,692.62,691.99,692.51,50262.0
15:50,693.51,693.69,692.03,692.29,62467.0
15:51,693.18,693.76,692.93,693.6,37716.0
15:52,693.12,693.75,692.91,693.3,41295.0
15:53,693.1,693.36,692.48,693.06,59759.0
15:54,693.04,693.94,692.88,693.41,61170.0
15:55,694.02,694.03,693.92,693.96,56863.0
15:56,694.38,694.41,693.84,694.03,60012.0
15:57,694.04,694.43,693.95,694.26,44264.0
15:58,694.02,694.03,693.65,694.0,58130.0
15:59,694.38,694.39,693.92,694.06,149289.0
