Time,Close,High,Low,Open,Volume
09:30,670.65,670.65,668.57,669.33,278939.0
09:31,671.78,671.9,670.3,670.45,80619.0
09:32,673.57,673.88,671.71,671.81,93583.0
09:33,674.45,674.68,672.78,673.4,104865.0
09:34,675.49,675.53,674.02,674.41,117035.0
09:35,675.33,676.0,674.49,675.57,104141.0
09:36,677.56,677.69,675.4,675.57,123361.0
09:37,678.96,679.4,677.49,677.58,140394.0
09:38,680.02,680.07,678.35,678.94,170067.0
09:39,679.73,680.1,678.61,679.89,154902.0
09:40,678.5,679.9,678.2,679.69,93110.0
09:41,678.06,678.97,677.36,678.34,104628.0
09:42,678.66,679.0,678.06,678.06,61534.0
09:43,677.97,678.6,677.78,678.6,60788.0
09:44,680.35,680.41,677.58,677.92,147580.0
09:45,680.13,681.0,679.67,680.13,125305.0
09:46,680.28,680.28,680.03,680.17,2453.0
09:47,679.7833333333333,680.28,679.7833333333333,680.28,80287.0
09:48,679.2866666666666,679.7833333333333,679.2866666666666,679.7833333333333,158121.0
09:49,678.4,678.89,678.0,678.79,235955.0
09:50,678.37,678.74,678.0,678.18,76950.0
09:51,678.86,678.86,678.37,678.37,122210.33333333334
09:52,679.35,679.35,678.86,678.86,167470.6666666667
09:53,679.27,679.97,679.02,679.84,212731.0
09:54,680.14,680.25,679.1,679.16,54059.0
09:55,681.49,681.49,680.0,680.11,123104.0
09:56,681.39,681.87,681.01,681.43,92307.0
09:57,681.68,682.31,681.08,681.32,85210.0
09:58,682.21,682.31,681.42,681.68,52141.0
09:59,682.34,682.59,681.9,682.01,56916.0
10:00,680.41,682.24,679.83,682.15,115483.0
10:01,681.41,681.55,679.63,680.34,79580.0
10:02,680.29,681.5,680.03,681.41,45315.0
10:03,679.72,680.19,679.51,680.12,50030.0
10:04,679.18,680.55,679.08,679.74,47818.0
10:05,678.27,679.41,678.15,679.29,53802.0
10:06,677.51,678.39,677.11,678.22,95941.0
10:07,676.58,677.83,676.48,677.51,70486.0
10:08,676.41,677.09,676.0,676.44,67756.0
10:09,678.06,678.27,676.53,676.66,53418.0
10:10,679.66,679.66,678.08,678.08,65237.0
10:11,680.55,680.8,679.48,679.59,54708.0
10:12,681.37,681.5,680.4,680.55,63189.0
10:13,682.32,682.38,681.05,681.37,53288.0
10:14,684.28,684.3,683.34,683.43,101458.0
10:15,685.48,685.52,684.04,684.04,105051.0
10:16,684.62,685.85,684.37,685.47,89685.0
10:17,685.58,685.66,684.01,684.51,121160.0
10:18,685.6,685.68,684.63,685.52,58034.0
10:19,685.88,686.34,685.38,685.61,76927.0
10:20,685.87,686.39,685.74,685.79,51879.0
10:21,683.79,685.77,683.65,685.77,79853.0
10:22,683.89,684.35,683.3,683.72,59206.0
10:23,683.3,684.12,683.28,683.92,45859.0
10:24,683.03,683.68,683.0,683.41,38281.0
10:25,683.21,683.35,683.02,683.05,31412.0
10:26,683.75,683.83,683.05,683.26,30400.0
10:27,684.34,684.34,683.31,683.76,49304.0
10:28,683.7,684.48,683.34,684.35,38137.0
10:29,684.25,684.64,683.75,683.78,66465.0
10:30,683.62,684.3,683.62,684.14,35507.0
10:31,683.09,683.73,683.0,683.35,39186.0
10:32,684.35,684.35,683.11,683.11,25388.0
10:33,684.55,684.76,684.17,684.28,30618.0
10:34,684.38,684.66,684.23,684.58,24743.0
10:35,684.49,684.96,684.43,684.78,31577.0
10:36,684.38,684.71,684.09,684.71,21557.0
10:37,684.29,684.52,684.05,684.28,24772.0
10:38,683.15,684.52,683.15,684.39,29222.0
10:39,683.69,683.69,683.13,683.26,19668.0
10:40,683.83,684.09,683.34,683.64,18816.0
10:41,683.15,683.82,682.75,683.63,41953.0
10:42,682.7,683.14,682.7,682.94,18256.0
10:43,682.7,683.08,682.54,682.83,24217.0
10:44,683.54,683.71,682.38,682.66,25779.0
10:45,682.83,683.69,682.74,683.5,20980.0
10:46,682.95,683.26,682.52,682.86,18831.0
10:47,681.7,682.92,681.64,682.88,25464.0
10:48,682.4,682.52,681.58,681.74,22649.0
10:49,681.33,682.42,681.3,682.42,27555.0
10:50,681.04,681.52,680.69,681.3,28046.0
10:51,681.2,681.33,680.7,680.95,26925.0
10:52,681.2,681.39,681.0,681.29,6003.0
10:53,681.47,681.63,680.74,680.74,45118.0
10:54,681.56,681.79,681.36,681.59,17172.0
10:55,682.33,682.44,681.5,681.57,20650.0
10:56,682.39,682.56,682.2,682.26,21522.0
10:57,682.22,682.51,682.07,682.39,16869.0
10:58,682.58,682.61,682.17,682.21,38275.0
10:59,682.72,683.11,682.57,682.63,31614.0
11:00,682.56,682.96,682.56,682.82,16444.0
11:01,682.5,682.69,682.14,682.6,16076.0
11:02,682.61,682.82,682.44,682.53,21441.0
11:03,682.65,682.97,682.46,682.67,25001.0
11:04,683.01,683.2,682.46,682.66,25868.0
11:05,682.81,683.14,682.44,683.11,17959.0
11:06,683.38,683.77,682.87,682.87,35622.0
11:07,683.54,683.6,683.35,683.59,19411.0
11:08,684.39,684.43,684.05,684.16,63836.0
11:09,683.7,684.4,683.65,684.33,39150.0
11:10,683.88,683.88,683.38,683.76,27425.0
11:11,683.73,684.21,683.64,684.0,23612.0
11:12,683.67,683.81,683.46,683.62,16321.0
11:13,683.75,683.8,683.31,683.38,31281.0
11:14,683.39,683.87,683.18,683.65,34352.0
11:15,683.23,683.47,683.1,683.27,20926.0
11:16,682.41,683.23,682.4,683.23,30143.0
11:17,682.13,682.66,681.81,682.41,45827.0
11:18,683.13,683.13,682.18,682.2,15159.0
11:19,682.3,683.06,682.3,683.06,9985.0
11:20,681.97,682.55,681.8,682.39,22448.0
11:21,681.91,682.19,681.85,681.97,37981.0
11:22,681.96,681.96,681.51,681.83,17429.0
11:23,681.8,682.07,681.74,681.88,19526.0
11:24,681.47,681.88,681.22,681.77,29769.0
11:25,681.45,681.59,681.24,681.55,15638.0
11:26,682.37,682.37,681.4,681.48,16612.0
11:27,682.12,682.24,681.62,682.24,16642.0
11:28,681.55,682.11,681.55,682.03,11897.0
11:29,681.24,681.73,681.24,681.57,16782.0
11:30,681.41,681.51,680.95,681.22,26305.0
11:31,681.53,681.65,681.36,681.45,16615.0
11:32,682.34,682.6,681.66,681.66,18688.0
11:33,682.47,682.58,682.28,682.41,31565.0
11:34,682.09,682.47,681.87,682.47,22320.0
11:35,681.83,682.21,681.61,682.09,10086.0
11:36,682.4,682.52,681.81,681.81,18411.0
11:37,682.44,682.69,682.37,682.47,13936.0
11:38,682.2,682.59,682.11,682.49,9465.0
11:39,682.34,682.57,682.15,682.15,11649.0
11:40,682.01,682.03,682.0,682.0,10165.0
11:41,681.81,682.04,681.74,682.0,23470.0
11:42,681.66,682.04,681.65,682.04,7432.0
11:43,682.11,682.39,681.74,681.74,9182.0
11:44,681.38,682.11,680.95,682.11,33173.0
11:45,681.64,682.04,681.27,681.33,16427.0
11:46,681.48,681.67,681.33,681.64,15168.0
11:47,681.8,682.11,681.41,681.5,10447.0
11:48,681.23,682.0,681.08,681.65,11384.0
11:49,681.04,681.21,680.75,681.14,37711.0
11:50,681.55,681.74,681.23,681.27,11127.0
11:51,681.18,681.53,681.15,681.53,12775.0
11:52,680.85,681.17,680.51,681.17,43797.0
11:53,681.38,681.38,680.86,680.86,15932.0
11:54,680.98,681.36,680.87,681.21,13604.0
11:55,680.67,680.93,680.67,680.93,7116.0
11:56,680.68,681.0,680.66,680.66,13629.0
11:57,680.72,680.8,680.39,680.64,16340.0
11:58,680.77,681.2,680.64,680.64,18238.0
11:59,681.37,681.37,680.91,680.92,15788.0
12:00,681.35,681.49,681.25,681.35,16838.0
12:01,681.0,681.55,680.74,681.55,12185.0
12:02,681.33,681.4,680.9,680.9,10128.0
12:03,680.96,681.37,680.92,681.33,10972.0
12:04,680.71,681.09,680.71,680.88,13578.0
12:05,680.86,681.01,680.62,680.93,7838.0
12:06,681.32,681.41,680.66,680.87,10005.0
12:07,680.34,681.22,680.34,681.22,9867.0
12:08,680.27,680.47,680.0,680.47,34565.0
12:09,680.5,680.67,680.4,680.51,8995.0
12:10,679.77,680.22,679.75,680.13,22544.0
12:11,680.25,680.25,679.77,679.77,24461.0
12:12,680.2,680.35,680.01,680.17,9214.0
12:13,679.97,680.25,679.75,680.14,29120.0
12:14,680.03,680.23,679.97,680.07,14334.0
12:15,680.58,680.8,679.96,680.04,21723.0
12:16,680.64,680.8,680.36,680.58,26762.0
12:17,681.04,681.14,680.51,680.66,30137.0
12:18,680.78,681.18,680.68,681.11,12226.0
12:19,680.95,681.05,680.5,680.67,15034.0
12:20,680.72,680.97,680.5,680.9,13443.0
12:21,680.75,680.75,680.5,680.55,21155.0
12:22,680.85,681.08,680.52,680.77,9974.0
12:23,681.19,681.38,680.88,680.88,19823.0
12:24,681.0,681.26,680.93,681.26,13012.0
12:25,681.19,681.46,681.02,681.02,18446.0
12:26,681.87,681.87,681.16,681.23,20172.0
12:27,681.94,681.94,681.52,681.62,14956.0
12:28,681.56,681.81,681.37,681.81,13626.0
12:29,681.22,681.52,681.18,681.46,24786.0
12:30,681.04,681.33,680.64,681.29,13514.0
12:31,681.02,681.34,680.87,680.87,7113.0
12:32,681.0,681.18,680.79,681.03,21191.0
12:33,680.41,681.03,680.41,681.03,9251.0
12:34,680.73,680.75,680.42,680.42,4330.0
12:35,680.68,680.75,680.48,680.66,9034.0
12:36,680.58,680.62,680.37,680.62,9351.0
12:37,680.67,680.8,680.51,680.66,4589.0
12:38,680.72,680.78,680.64,680.64,11450.0
12:39,680.52,680.57,680.52,680.57,729.0
12:40,680.22,680.52,679.82,680.52,27637.0
12:41,680.16,680.26,680.03,680.18,9832.0
12:42,680.16,680.26,679.99,680.09,16326.0
12:43,680.55,680.61,680.09,680.17,22855.0
12:44,680.97,681.08,680.44,680.45,24177.0
12:45,681.39,681.39,680.98,681.1,11157.0
12:46,681.72,681.88,681.64,681.76,31610.0
12:47,682.34,682.46,681.68,681.78,33239.0
12:48,682.42,682.83,682.37,682.4,39983.0
12:49,682.52,682.7,682.2,682.48,13796.0
12:50,682.3,682.47,682.18,682.43,22104.0
12:51,682.32,682.46,682.1,682.34,10386.0
12:52,682.37,682.46,682.04,682.46,6005.0
12:53,682.1,682.38,681.89,682.38,21134.0
12:54,682.42,682.45,682.14,682.2,14647.0
12:55,682.6,682.6,682.11,682.42,14881.0
12:56,682.63,682.65,682.23,682.45,30192.0
12:57,682.48,682.95,682.48,682.55,16445.0
12:58,683.0,683.0,682.4,682.54,32998.0
12:59,683.08,683.2,682.9,682.99,23706.0
13:00,683.17,683.2,682.95,683.07,25260.0
13:01,683.48,683.59,683.07,683.11,71541.0
13:02,683.49,683.69,683.29,683.5,21979.0
13:03,683.54,683.66,683.46,683.47,9696.0
13:04,683.69,683.7,683.29,683.44,12664.0
13:05,683.71,683.78,683.63,683.63,8028.0
13:06,683.81,683.87,683.63,683.75,14274.0
13:07,683.64,683.99,683.5,683.91,35177.0
13:08,684.1,684.21,683.9,683.9,23295.0
13:09,683.94,684.2,683.64,684.09,16651.0
13:10,683.86,683.93,683.5,683.93,14299.0
13:11,683.76,683.92,683.61,683.84,18615.0
13:12,684.17,684.23,683.84,683.86,24067.0
13:13,684.11,684.28,684.01,684.26,13178.0
13:14,684.0,684.1,683.83,684.1,19974.0
13:15,683.94,684.17,683.93,683.98,16313.0
13:16,683.93,683.93,683.55,683.59,10910.0
13:17,683.73,684.14,683.73,683.91,7897.0
13:18,683.63,683.83,683.55,683.78,17114.0
13:19,683.77,683.77,683.57,683.62,15595.0
13:20,684.0,684.3,683.87,683.87,19357.0
13:21,683.76,684.06,683.72,684.0,8827.0
13:22,683.89,684.1,683.89,683.97,8186.0
13:23,684.35,684.39,683.99,683.99,22316.0
13:24,683.75,684.45,683.7,684.31,9618.0
13:25,684.1,684.11,683.71,683.88,20700.0
13:26,684.12,684.12,683.91,683.91,7695.0
13:27,684.39,684.39,683.97,683.97,6725.0
13:28,684.02,684.2,683.97,684.2,11015.0
13:29,684.0,684.18,683.98,684.04,16586.0
13:30,683.89,684.06,683.86,683.95,9021.0
13:31,683.65,683.92,683.65,683.84,14606.0
13:32,683.68,684.0,683.57,683.89,13752.0
13:33,683.82,684.0,683.66,683.68,8564.0
13:34,683.95,683.99,683.51,683.92,12845.0
13:35,684.05,684.17,683.8,683.8,19875.0
13:36,683.95,684.19,683.93,683.99,13629.0
13:37,683.72,683.94,683.57,683.94,23863.0
13:38,683.65,683.89,683.62,683.62,7250.0
13:39,683.77,683.92,683.6,683.92,23640.0
13:40,683.33,683.71,683.28,683.71,26724.0
13:41,683.44,683.66,683.44,683.54,5923.0
13:42,683.57,683.57,683.28,683.39,10718.0
13:43,683.47,683.6,683.36,683.51,7211.0
13:44,683.49,683.78,683.47,683.6,6329.0
13:45,683.59,683.61,683.33,683.46,9569.0
13:46,683.56,683.75,683.42,683.61,9440.0
13:47,683.39,683.49,683.36,683.45,12261.0
13:48,683.7,683.78,683.39,683.39,16541.0
13:49,683.64,683.64,683.53,683.62,7615.0
13:50,683.47,683.59,683.4,683.46,9712.0
13:51,683.57,683.61,683.47,683.56,3840.0
13:52,683.6,683.6,683.41,683.46,5253.0
13:53,683.75,683.78,683.58,683.58,10756.0
13:54,683.65,683.77,683.59,683.71,8220.0
13:55,684.15,684.15,683.56,683.6,11430.0
13:56,684.9,684.9,684.09,684.09,39529.0
13:57,684.75,685.09,684.75,684.9,38990.0
13:58,684.72,684.98,684.63,684.98,17385.0
13:59,684.67,684.83,684.42,684.68,12378.0
14:00,684.91,685.1,684.59,684.59,15180.0
14:01,684.76,685.02,684.76,685.0,97604.0
14:02,684.52,684.94,684.51,684.76,9521.0
14:03,684.6,684.62,684.4,684.6,9165.0
14:04,684.69,684.71,684.5,684.5,8088.0
14:05,684.67,684.85,684.66,684.73,9367.0
14:06,685.04,685.05,684.82,684.82,13801.0
14:07,684.7,684.86,684.65,684.86,17381.0
14:08,684.44,684.69,684.28,684.69,24942.0
14:09,684.11,684.48,684.11,684.39,14766.0
14:10,684.02,684.26,683.9,684.17,18738.0
14:11,683.95,684.0,683.81,683.94,12343.0
14:12,684.03,684.07,683.82,683.96,7985.0
14:13,684.65,684.65,684.16,684.16,8571.0
14:14,684.6,684.65,684.5,684.65,7797.0
14:15,684.28,684.6,684.21,684.6,11592.0
14:16,684.53,684.68,684.3,684.32,15098.0
14:17,684.29,684.55,684.29,684.55,5889.0
14:18,684.61,684.62,684.32,684.36,6495.0
14:19,684.84,684.84,684.49,684.49,8911.0
14:20,684.91,685.11,684.8,684.87,19365.0
14:21,684.8,685.08,684.8,684.81,15332.0
14:22,685.14,685.25,684.79,684.86,15124.0
14:23,685.32,685.37,685.09,685.1,16730.0
14:24,685.08,685.34,685.08,685.32,20138.0
14:25,684.96,685.1,684.75,685.09,18258.0
14:26,685.15,685.18,684.96,685.01,9246.0
14:27,685.19,685.23,684.95,685.2,14475.0
14:28,685.25,685.28,685.1,685.15,10041.0
14:29,685.45,685.47,685.23,685.37,12281.0
14:30,685.19,685.55,685.19,685.28,16565.0
14:31,685.59,685.61,685.17,685.19,17477.0
14:32,685.4,685.58,685.28,685.53,15248.0
14:33,685.23,685.69,685.23,685.47,13888.0
14:34,685.58,685.65,685.27,685.28,10899.0
14:35,685.86,685.94,685.5,685.5,17954.0
14:36,686.04,686.21,685.86,685.88,25210.0
14:37,686.08,686.23,685.9,686.11,17340.0
14:38,686.14,686.16,685.93,686.16,10255.0
14:39,686.55,686.69,686.18,686.18,40299.0
14:40,686.57,686.66,686.37,686.56,25225.0
14:41,686.64,686.64,686.64,686.64,12913.0
14:42,687.07,687.15,686.56,686.56,30412.0
14:43,687.11,687.21,687.0,687.09,18889.0
14:44,687.55,687.55,687.11,687.11,30695.0
14:45,687.9,687.9,687.49,687.56,42793.0
14:46,687.39,687.95,687.39,687.89,46554.0
14:47,687.13,687.46,687.04,687.46,22540.0
14:48,687.16,687.36,687.08,687.08,15898.0
14:49,687.25,687.33,687.16,687.16,8954.0
14:50,686.65,687.36,686.53,687.26,30797.0
14:51,686.44,686.73,686.28,686.53,17915.0
14:52,686.85,686.92,686.37,686.5,11795.0
14:53,686.98,687.12,686.8,686.86,15871.0
14:54,686.99,687.12,686.86,686.98,14726.0
14:55,687.12,687.19,686.92,687.07,12613.0
14:56,687.29,687.44,687.21,687.27,14173.0
14:57,687.12,687.33,687.03,687.33,10030.0
14:58,687.04,687.2,686.87,687.2,12528.0
14:59,686.9,687.01,686.63,687.01,9532.0
15:00,687.14,687.44,686.84,686.95,20623.0
15:01,687.75,687.75,687.14,687.27,20751.0
15:02,687.18,687.95,687.18,687.86,18101.0
15:03,687.29,687.48,687.13,687.29,12210.0
15:04,687.43,687.57,687.33,687.5,13602.0
15:05,686.79,687.45,686.72,687.43,26237.0
15:06,686.93,687.21,686.63,686.71,40202.0
15:07,686.4,687.0,686.4,687.0,27289.0
15:08,686.78,686.85,686.41,686.43,14352.0
15:09,686.34,686.82,686.2,686.78,23630.0
15:10,686.34,686.42,686.16,686.21,23069.0
15:11,686.34,686.34,686.01,686.23,11448.0
15:12,686.86,686.9,686.36,686.36,16074.0
15:13,686.57,686.78,686.57,686.78,8267.0
15:14,686.81,686.88,686.58,686.65,12956.0
15:15,686.65,686.78,686.54,686.71,11151.0
15:16,686.59,686.62,686.41,686.52,15082.0
15:17,686.36,686.61,686.28,686.61,22155.0
15:18,686.43,686.52,686.14,686.36,16095.0
15:19,686.35,686.41,686.08,686.35,19815.0
15:20,686.5,686.82,686.31,686.42,21960.0
15:21,686.53,686.63,686.29,686.41,25350.0
15:22,686.12,686.53,685.81,686.53,25687.0
15:23,685.87,686.23,685.78,686.09,18300.0
15:24,686.02,686.12,685.79,685.84,16030.0
15:25,685.89,686.27,685.87,686.03,10363.0
15:26,685.68,685.94,685.6,685.89,23019.0
15:27,685.47,685.9,685.32,685.68,39552.0
15:28,685.53,685.56,685.27,685.44,12396.0
15:29,685.43,685.45,685.12,685.22,41620.0
15:30,685.97,686.05,685.33,685.38,31644.0
15:31,686.03,686.23,685.9,686.04,21589.0
15:32,686.39,686.49,685.96,686.03,18409.0
15:33,685.8,686.57,685.8,686.43,25608.0
15:34,685.6,685.9,685.6,685.85,11823.0
15:35,685.63,685.75,685.3,685.53,19144.0
15:36,685.63,686.0,685.63,685.63,18286.0
15:37,685.67,685.7,685.53,685.7,10091.0
15:38,685.45,685.62,685.42,685.57,13083.0
15:39,685.22,685.55,685.02,685.4,20868.0
15:40,685.18,685.43,684.87,685.22,28471.0
15:41,685.45,685.55,685.02,685.11,30248.0
15:42,685.38,685.62,685.34,685.39,18697.0
15:43,685.5,685.61,685.28,685.41,20073.0
15:44,685.4,685.63,685.39,685.63,13188.0
15:45,685.25,685.66,685.25,685.44,24116.0
15:46,685.23,685.34,685.03,685.25,28614.0
15:47,684.95,685.18,684.76,685.09,23126.0
15:48,684.75,684.99,684.53,684.96,38043.0
15:49,684.97,685.05,684.7,684.75,27365.0
15:50,685.24,685.48,684.83,684.92,39981.0
15:51,684.59,685.24,684.41,685.0,32608.0
15:52,684.86,685.18,684.58,685.0,72252.0
15:53,685.12,685.12,684.75,684.99,111896.0
15:54,685.19,685.47,684.9,685.14,61809.0
15:55,686.2,686.45,685.14,685.14,112361.0
15:56,685.49,686.27,685.32,686.27,104584.0
15:57,686.68,686.76,685.54,685.55,137706.0
15:58,687.24,687.66,686.59,686.61,198395.0
15:59,688.09,689.0,687.04,687.19,496339.0
