Time,Close,High,Low,Open,Volume
09:30,741.2,744.26,740.18,744.12,689738.0
09:31,740.73,742.8,739.6,741.31,113207.0
09:32,739.64,742.0,738.51,740.73,144279.0
09:33,739.51,740.0,738.87,739.38,49708.0
09:34,739.98,740.14,739.27,739.43,116854.0
09:35,741.15,741.69,739.91,739.91,86485.0
09:36,741.23,741.66,740.57,741.66,57554.0
09:37,741.38,741.85,740.01,740.97,51653.0
09:38,741.82,741.98,741.0,741.22,49265.0
09:39,741.37,741.65,740.61,740.79,106275.0
09:40,740.92,741.33,740.21,740.36,163286.0
09:41,740.47,741.0,739.82,739.93,220296.0
09:42,740.57,741.0,740.11,740.47,34406.0
09:43,739.59,740.62,739.3,740.45,46795.0
09:44,738.29,739.59,738.0,739.59,48084.0
09:45,738.13,739.62,738.13,738.19,50322.0
09:46,738.54,739.28,737.54,738.29,41815.0
09:47,737.8,738.54,737.8,738.54,55598.5
09:48,737.97,738.39,737.75,737.8,69382.0
09:49,739.3,739.54,737.88,737.91,52980.0
09:50,739.75,740.48,739.2,739.34,45616.0
09:51,739.44,739.85,739.04,739.37,34068.0
09:52,740.51,740.51,739.62,739.72,45116.0
09:53,740.48,740.95,739.79,740.6,37125.0
09:54,740.24,740.38,739.81,740.35,24407.0
09:55,741.26,741.35,740.07,740.35,41548.0
09:56,741.07,741.77,740.84,741.26,46244.0
09:57,741.53,741.69,741.14,741.17,37313.0
09:58,742.16,742.5,741.73,741.73,60785.0
09:59,742.81,742.97,742.0,742.15,57685.0
10:00,743.1,743.56,742.65,742.8,130345.0
10:01,743.11,743.95,742.95,743.19,35856.0
10:02,743.31,743.45,742.25,742.83,49588.0
10:03,744.05,744.27,743.26,743.4,52318.0
10:04,744.32,744.37,743.83,744.14,34426.0
10:05,743.82,744.84,743.73,744.25,61264.0
10:06,743.81,744.35,743.25,743.64,37645.0
10:07,744.0,744.0,743.18,743.81,28866.0
10:08,744.0,744.8,743.81,743.97,62570.0
10:09,743.78,744.22,742.88,744.22,27843.0
10:10,745.23,745.41,744.09,744.09,67354.0
10:11,747.02,747.15,745.05,745.23,135493.0
10:12,747.5,747.9,746.77,747.07,120073.0
10:13,746.39,747.7,746.15,747.4,71864.0
10:14,746.3,746.55,745.84,746.47,46763.0
10:15,746.64,747.14,746.13,746.35,61053.0
10:16,745.42,746.7,745.2,746.52,37662.0
10:17,744.79,745.35,744.46,745.2,69712.0
10:18,745.11,745.53,744.31,744.77,38022.0
10:19,745.83,745.83,745.27,745.38,44441.0
10:20,745.28,746.01,745.12,745.77,43682.0
10:21,745.29,745.44,744.98,745.43,37638.0
10:22,745.56,745.56,744.85,745.38,64699.0
10:23,745.18,745.46,744.17,745.35,54207.0
10:24,744.29,745.0,744.05,745.0,43022.0
10:25,744.03,744.75,743.86,744.29,42906.0
10:26,744.05,744.2,743.08,743.68,40740.0
10:27,743.86,744.24,743.43,744.23,24703.0
10:28,744.39,744.48,743.5,743.98,26396.0
10:29,745.24,745.56,744.15,744.39,35354.0
10:30,744.46,745.32,744.43,745.24,42688.0
10:31,745.5,745.5,744.24,744.43,24005.0
10:32,745.95,746.18,745.0,745.42,36672.0
10:33,745.62,746.28,745.42,746.0,35868.0
10:34,745.64,745.79,745.0,745.79,16720.0
10:35,745.2,745.58,745.02,745.32,22270.0
10:36,744.49,745.58,744.08,745.58,37417.0
10:37,743.03,744.44,742.89,744.44,41221.0
10:38,743.94,743.94,742.75,742.86,19515.0
10:39,743.78,744.34,743.56,743.99,23685.0
10:40,743.08,743.7,742.58,743.58,22631.0
10:41,743.46,743.76,743.09,743.09,25352.0
10:42,743.71,743.91,743.21,743.21,22699.0
10:43,742.85,743.54,742.72,743.46,19047.0
10:44,742.27,743.17,742.17,742.83,26765.0
10:45,742.67,742.75,742.13,742.27,16477.0
10:46,742.94,742.94,742.25,742.6,18791.0
10:47,743.09,743.43,742.89,743.0,25152.0
10:48,743.16,743.23,743.0,743.11,22994.0
10:49,742.7,743.06,742.54,742.86,18619.0
10:50,742.79,742.79,742.41,742.7,10576.0
10:51,742.74,743.0,742.71,742.74,15504.0
10:52,741.61,742.83,741.61,742.83,32091.0
10:53,741.92,742.14,741.45,741.61,18513.0
10:54,742.03,742.17,741.9,742.01,17304.0
10:55,741.91,742.19,741.68,741.95,17226.0
10:56,741.63,741.84,741.37,741.84,18183.0
10:57,741.87,742.16,741.53,741.53,14411.0
10:58,741.68,741.88,741.4,741.73,18079.0
10:59,741.23,741.68,741.01,741.68,29624.0
11:00,741.02,741.46,740.85,741.36,31346.0
11:01,741.2,741.23,740.25,740.85,23406.0
11:02,741.61,741.81,741.13,741.22,33793.0
11:03,741.71,741.71,741.04,741.55,17962.0
11:04,741.75,741.9,741.57,741.76,15923.0
11:05,742.35,742.35,741.77,741.83,18022.0
11:06,741.77,742.22,741.7,742.17,19774.0
11:07,741.91,742.15,741.65,741.65,15608.0
11:08,741.91,742.49,741.81,741.93,26922.0
11:09,742.68,742.78,741.96,741.96,10755.0
11:10,743.23,743.38,742.5,742.64,24435.0
11:11,742.7,743.27,742.5,743.26,15647.0
11:12,742.5,742.84,742.44,742.5,13033.0
11:13,741.86,742.74,741.8,742.55,21120.0
11:14,741.26,741.8,741.25,741.8,17510.0
11:15,740.91,741.28,740.82,741.28,20603.0
11:16,740.79,741.1,740.68,740.99,15454.0
11:17,740.73,741.14,740.5,740.52,28934.0
11:18,740.77,740.93,740.47,740.9,13650.0
11:19,740.22,740.79,739.96,740.52,41579.0
11:20,740.54,740.61,740.12,740.24,16260.0
11:21,740.39,740.73,740.24,740.66,35708.0
11:22,740.02,740.47,740.0,740.35,46938.0
11:23,739.52,740.26,739.52,740.0,50317.0
11:24,740.18,740.32,739.37,739.63,32877.0
11:25,739.89,740.5,739.61,740.26,17927.0
11:26,739.88,739.94,739.62,739.92,22125.0
11:27,740.39,740.42,739.76,739.83,19716.0
11:28,740.03,740.32,739.83,740.3,19781.0
11:29,740.2,740.49,740.0,740.0,233281.0
11:30,739.88,740.41,739.88,740.01,213572.0
11:31,740.13,740.28,739.27,739.95,27476.0
11:32,740.82,740.96,740.18,740.18,37056.0
11:33,740.56,740.92,740.22,740.6,82780.0
11:34,740.97,741.11,740.14,740.38,58883.0
11:35,740.4,740.4,740.13,740.3,24512.0
11:36,739.84,740.16,739.67,740.15,17834.0
11:37,740.8,740.95,739.75,739.98,23022.0
11:38,741.48,741.48,740.47,740.81,41171.0
11:39,741.96,742.34,741.28,741.48,87095.0
11:40,740.37,742.07,740.32,742.07,25820.0
11:41,740.59,740.85,740.0,740.2,16476.0
11:42,740.94,741.08,740.28,740.34,19233.0
11:43,741.3,741.49,740.66,740.97,15879.0
11:44,741.19,741.82,741.09,741.29,22760.0
11:45,740.9,741.19,740.63,741.02,14609.0
11:46,740.8,741.02,740.5,740.9,22736.0
11:47,740.59,740.99,740.51,740.8,16251.0
11:48,740.32,740.67,740.32,740.54,12597.0
11:49,740.25,740.72,740.05,740.33,14222.0
11:50,740.57,740.71,740.4,740.42,10249.0
11:51,740.78,741.01,740.69,740.76,18110.0
11:52,740.36,740.75,740.36,740.57,12664.0
11:53,740.58,740.65,740.01,740.51,28118.0
11:54,740.24,740.59,740.0,740.51,24933.0
11:55,739.84,740.26,739.68,740.24,26835.0
11:56,739.12,739.98,738.64,739.8,53951.0
11:57,738.13,739.22,738.07,739.06,20690.0
11:58,738.4,738.4,737.56,738.02,43438.0
11:59,738.21,738.57,737.99,738.29,22884.0
12:00,738.86,738.86,738.14,738.14,32284.0
12:01,739.79,739.79,738.75,738.86,23851.0
12:02,739.82,739.96,739.45,739.65,18591.0
12:03,739.97,740.08,739.72,740.08,33497.0
12:04,740.2,740.29,739.94,739.99,12799.0
12:05,740.38,740.53,740.07,740.07,11249.0
12:06,740.42,740.68,740.26,740.26,14171.0
12:07,740.27,740.55,740.11,740.55,12879.0
12:08,740.86,741.05,740.26,740.26,14360.0
12:09,740.84,741.03,740.77,741.01,10687.0
12:10,740.82,741.16,740.75,740.85,14042.0
12:11,740.6,740.78,740.45,740.78,13701.0
12:12,740.57,740.81,740.37,740.73,14028.0
12:13,740.39,740.64,740.09,740.53,11980.0
12:14,740.17,740.38,740.08,740.28,6438.0
12:15,742.44,743.23,740.09,740.17,117838.0
12:16,741.41,742.42,741.07,742.42,106950.0
12:17,741.21,741.48,740.39,741.4,23558.0
12:18,739.9,740.93,739.89,740.9,24206.0
12:19,739.91,740.23,739.49,740.04,30313.0
12:20,739.91,740.03,739.6,739.86,14374.0
12:21,739.83,739.97,739.58,739.83,7071.0
12:22,740.26,740.36,739.73,739.73,7260.0
12:23,740.21,740.4,740.08,740.21,8270.0
12:24,740.05,740.3,739.87,740.16,6399.0
12:25,740.46,740.46,739.94,740.07,14454.0
12:26,740.48,740.5,740.22,740.32,11288.0
12:27,740.16,740.72,740.16,740.49,9322.0
12:28,740.25,740.38,740.0,740.18,9488.0
12:29,740.59,740.59,740.0,740.0,5913.0
12:30,740.58,740.75,740.54,740.55,17405.0
12:31,740.72,740.72,740.57,740.64,27710.0
12:32,741.16,741.29,740.6,740.6,34584.0
12:33,741.33,741.53,741.06,741.42,10548.0
12:34,741.69,741.8,741.24,741.24,7060.0
12:35,741.76,741.79,741.62,741.79,6902.0
12:36,741.77,742.09,741.67,741.68,12487.0
12:37,741.73,742.01,741.62,741.77,8044.0
12:38,741.8,741.86,741.8,741.85,2903.0
12:39,741.73,742.02,741.73,741.82,9258.0
12:40,742.45,742.5,741.7,741.74,32815.0
12:41,742.61,742.7,742.32,742.48,11234.0
12:42,742.7,742.7,742.33,742.61,20785.0
12:43,742.91,743.07,742.63,742.63,133279.0
12:44,742.73,743.12,742.73,742.88,26580.0
12:45,743.14,743.14,742.65,742.73,31062.0
12:46,742.63,743.09,742.63,743.09,8781.0
12:47,742.57,742.85,742.5,742.61,17413.0
12:48,742.78,742.78,742.52,742.64,14104.0
12:49,742.9,742.9,742.58,742.8,8706.0
12:50,742.69,742.88,742.57,742.73,12561.0
12:51,742.94,743.12,742.69,742.86,9004.0
12:52,743.47,743.47,742.87,743.07,14470.0
12:53,743.13,743.38,743.13,743.18,5180.0
12:54,743.04,743.33,742.93,743.28,10844.0
12:55,743.24,743.24,743.0,743.04,6815.0
12:56,742.64,743.26,742.64,743.19,9939.0
12:57,742.57,742.61,742.12,742.61,11000.0
12:58,742.14,742.61,742.12,742.53,15133.0
12:59,742.18,742.3,741.85,742.16,23218.0
13:00,742.18,742.59,742.1,742.15,14922.0
13:01,741.81,742.34,741.81,742.34,5683.0
13:02,741.47,741.83,741.15,741.83,10712.0
13:03,741.76,741.85,741.76,741.78,5076.0
13:04,741.79,741.89,741.59,741.89,8597.0
13:05,741.52,741.9,741.3,741.9,121553.0
13:06,741.89,741.89,741.22,741.36,10577.0
13:07,741.73,741.73,741.45,741.55,7892.0
13:08,741.27,741.95,741.27,741.83,23784.0
13:09,741.64,741.93,741.59,741.59,7058.0
13:10,741.67,741.99,741.53,741.93,11556.0
13:11,741.6,741.73,741.6,741.67,6222.0
13:12,741.41,741.63,741.28,741.47,10371.0
13:13,740.74,741.34,740.72,741.2,21965.0
13:14,740.82,740.93,740.71,740.93,8676.0
13:15,740.76,741.17,740.76,740.77,3556.0
13:16,740.83,740.95,740.63,740.76,7239.0
13:17,740.93,741.02,740.82,740.82,6753.0
13:18,740.69,741.04,740.56,740.92,7683.0
13:19,740.88,740.88,740.52,740.57,11841.0
13:20,740.74,740.8,740.57,740.76,7766.0
13:21,740.7,740.88,740.61,740.64,7235.0
13:22,740.61,740.79,740.59,740.69,7651.0
13:23,740.72,740.96,740.72,740.86,9065.0
13:24,740.76,740.8,740.64,740.72,10452.0
13:25,739.95,740.64,739.88,740.64,25269.0
13:26,740.51,740.51,739.99,740.0,11742.0
13:27,740.78,741.2,740.66,740.72,11786.0
13:28,740.99,740.99,740.77,740.87,4015.0
13:29,741.0,741.21,740.88,741.12,9645.0
13:30,740.73,741.3,740.73,741.0,16861.0
13:31,740.78,740.87,740.62,740.87,5971.0
13:32,740.92,740.97,740.74,740.74,6261.0
13:33,740.64,740.81,740.64,740.81,5262.0
13:34,740.8,740.83,740.64,740.67,8297.0
13:35,740.88,741.11,740.8,740.8,6629.0
13:36,740.85,740.97,740.63,740.82,106057.0
13:37,740.61,740.73,740.61,740.73,11583.0
13:38,740.81,740.84,740.8,740.84,2199.0
13:39,740.69,740.78,740.59,740.73,5425.0
13:40,740.47,740.54,740.32,740.5,5328.0
13:41,740.38,740.46,740.37,740.46,4468.0
13:42,740.4,740.76,740.3,740.3,12034.0
13:43,740.14,740.48,740.12,740.31,14937.0
13:44,740.14,740.29,740.0,740.06,8426.0
13:45,740.24,740.45,740.22,740.28,5650.0
13:46,740.19,740.44,740.14,740.16,10235.0
13:47,739.85,740.24,739.85,740.12,10776.0
13:48,739.91,739.92,739.91,739.92,2931.0
13:49,740.01,740.04,739.96,739.96,4140.0
13:50,740.37,740.37,740.05,740.09,5219.0
13:51,740.25,740.66,740.24,740.34,12008.0
13:52,740.28,740.36,740.0,740.36,6796.0
13:53,740.28,740.28,740.0,740.14,10194.0
13:54,740.11,740.45,740.06,740.45,5480.0
13:55,740.41,740.92,739.88,740.0,47138.0
13:56,740.0,740.58,739.82,740.51,11593.0
13:57,740.0,740.0,739.0,739.8,22913.0
13:58,739.76,740.0,739.71,739.98,6239.0
13:59,739.82,739.99,739.64,739.99,5026.0
14:00,739.75,739.95,739.52,739.6,6339.0
14:01,739.55,739.66,739.29,739.6,7172.0
14:02,739.02,739.3,739.0,739.3,29192.0
14:03,738.8,739.12,738.8,739.0,9310.0
14:04,738.54,738.92,738.53,738.85,6189.0
14:05,737.81,738.37,737.7,738.37,30831.0
14:06,738.26,738.31,737.7,737.84,28359.0
14:07,737.26,738.0,737.2,737.97,23400.0
14:08,737.45,737.45,736.92,737.28,40636.0
14:09,737.39,737.7,737.05,737.57,13019.0
14:10,737.3,737.39,736.56,737.12,38694.0
14:11,736.52,737.12,736.52,737.06,17880.0
14:12,736.51,736.9,736.4,736.59,14888.0
14:13,736.61,736.85,736.59,736.6,19477.0
14:14,736.4,736.75,736.34,736.63,13202.0
14:15,736.44,736.75,736.33,736.49,12952.0
14:16,736.76,736.76,736.4,736.6,35467.0
14:17,736.73,736.84,736.66,736.75,14180.0
14:18,736.65,736.77,736.4,736.67,13948.0
14:19,736.78,736.95,736.52,736.52,23024.0
14:20,736.99,736.99,736.64,736.78,35315.0
14:21,736.31,736.99,736.31,736.85,102470.0
14:22,735.91,736.55,735.77,736.3,32721.0
14:23,735.31,736.0,735.27,735.91,19171.0
14:24,735.78,735.78,735.45,735.51,19942.0
14:25,735.69,735.93,735.31,735.53,28447.0
14:26,736.51,736.55,735.53,735.53,30814.0
14:27,736.87,736.88,736.23,736.23,15575.0
14:28,736.57,736.9,736.3,736.9,15344.0
14:29,736.1,736.42,736.0,736.32,10780.0
14:30,736.22,736.31,736.07,736.1,11940.0
14:31,735.92,736.36,735.88,736.0,20411.0
14:32,735.51,735.91,735.51,735.89,10154.0
14:33,734.63,735.71,734.61,735.71,34385.0
14:34,734.59,734.97,734.59,734.76,19104.0
14:35,734.89,735.02,734.59,734.71,22763.0
14:36,734.83,735.02,734.68,734.95,12371.0
14:37,735.15,735.32,734.74,734.86,21432.0
14:38,734.95,735.16,734.78,735.11,13369.0
14:39,735.71,735.72,734.91,734.91,21220.0
14:40,735.64,735.97,735.48,735.85,24840.0
14:41,735.63,735.99,735.49,735.49,11770.0
14:42,735.34,735.62,735.0,735.62,6586.0
14:43,735.36,735.56,734.93,735.21,28061.0
14:44,735.4,735.83,735.14,735.3,14879.0
14:45,735.05,735.68,734.25,735.41,49651.0
14:46,735.24,735.85,735.2,735.2,13658.0
14:47,735.0,735.61,735.0,735.57,17371.0
14:48,734.76,735.01,734.51,734.94,19200.0
14:49,735.12,735.38,734.71,734.71,25596.0
14:50,735.14,735.42,735.03,735.09,16287.0
14:51,735.44,735.58,735.02,735.02,17349.0
14:52,735.59,735.9,735.44,735.44,8206.0
14:53,736.26,736.42,735.41,735.7,18310.0
14:54,736.02,736.48,735.82,736.26,23691.0
14:55,736.05,736.42,735.75,736.02,9551.0
14:56,735.93,736.48,735.86,736.2,16963.0
14:57,736.17,736.57,735.91,735.91,23281.0
14:58,736.26,736.26,736.08,736.21,12966.0
14:59,736.71,736.71,736.26,736.26,25486.0
15:00,736.76,737.01,736.5,736.6,20022.0
15:01,737.11,737.2,736.57,736.72,36101.0
15:02,736.74,737.25,736.34,737.05,21753.0
15:03,737.0,737.19,736.77,736.77,17716.0
15:04,737.25,737.26,736.84,737.03,34049.0
15:05,736.93,737.37,736.93,737.37,15898.0
15:06,737.0,737.12,736.87,736.98,9182.0
15:07,737.03,737.08,736.99,737.07,5385.0
15:08,736.88,737.36,736.85,737.11,15223.0
15:09,737.02,737.17,736.89,736.89,11785.0
15:10,737.0,737.06,736.91,737.03,5678.0
15:11,737.25,737.25,736.7,736.97,40338.0
15:12,736.93,737.0,736.83,736.96,6832.0
15:13,737.12,737.12,736.99,737.05,11742.0
15:14,736.84,737.05,736.8,736.83,20529.0
15:15,736.91,736.99,736.61,736.87,14019.0
15:16,736.77,737.28,736.77,736.86,14658.0
15:17,737.05,737.05,736.67,736.72,17687.0
15:18,737.12,737.31,737.1,737.15,12940.0
15:19,737.09,737.28,736.98,737.03,18802.0
15:20,737.82,737.89,737.22,737.25,17379.0
15:21,738.04,738.39,737.76,737.76,20256.0
15:22,737.71,738.07,737.6,738.07,20298.0
15:23,737.76,737.89,737.7,737.8,15156.0
15:24,738.29,738.38,737.76,737.76,21602.0
15:25,738.09,738.25,737.93,738.13,25399.0
15:26,737.88,738.22,737.85,738.15,25253.0
15:27,738.23,738.37,737.95,738.21,16197.0
15:28,738.11,738.41,738.11,738.31,29723.0
15:29,737.58,738.34,737.51,738.25,29180.0
15:30,737.5,737.53,737.1,737.42,20924.0
15:31,737.27,737.37,736.78,737.36,44744.0
15:32,736.92,737.33,736.65,737.3,27042.0
15:33,737.01,737.08,736.43,736.92,24820.0
15:34,737.35,737.35,736.64,736.95,25301.0
15:35,737.59,737.75,737.21,737.33,21434.0
15:36,737.27,737.34,736.9,736.9,37197.0
15:37,737.07,737.34,736.86,737.33,16847.0
15:38,737.03,737.28,736.58,737.07,25813.0
15:39,736.97,737.28,736.95,736.96,13217.0
15:40,737.37,737.5,736.77,736.91,33014.0
15:41,737.55,737.64,737.08,737.25,15542.0
15:42,737.8,737.89,737.45,737.45,14118.0
15:43,738.03,738.18,737.74,737.74,24160.0
15:44,737.84,738.16,737.6,737.96,17819.0
15:45,738.15,738.15,737.69,737.78,19697.0
15:46,738.17,738.3,737.97,738.04,98969.0
15:47,738.49,738.75,738.2,738.2,43336.0
15:48,738.73,738.75,738.49,738.55,21345.0
15:49,738.83,738.95,738.4,738.78,29999.0
15:50,738.77,739.0,738.22,738.58,34602.0
15:51,738.8,738.99,738.55,738.84,34269.0
15:52,738.59,738.99,738.46,738.82,40125.0
15:53,739.47,739.64,738.3,738.59,53815.0
15:54,739.65,740.66,739.01,739.53,77398.0
15:55,739.21,739.56,738.66,739.56,77825.0
15:56,738.51,739.2,738.32,739.09,61571.0
15:57,739.21,739.36,738.23,738.52,71370.0
15:58,738.91,739.33,738.91,739.18,81999.0
15:59,738.01,738.91,738.01,738.91,248081.0
