Time,Close,High,Low,Open,Volume
09:30,765.6,766.0,761.5,762.75,331636.0
09:31,764.25,766.5,763.91,765.27,64157.0
09:32,761.71,764.33,761.66,764.33,26237.0
09:33,762.32,762.89,761.67,762.04,26374.0
09:34,759.7,762.46,758.58,762.46,103707.0
09:35,761.31,762.0,759.75,759.86,35007.0
09:36,763.63,763.74,761.62,761.65,33821.0
09:37,762.32,763.4,762.21,763.34,33810.0
09:38,761.7,762.0,761.17,762.0,21382.0
09:39,761.1,762.03,760.72,761.81,23377.0
09:40,761.06,761.59,760.98,761.2,26283.0
09:41,762.66,762.82,760.46,760.51,17022.0
09:42,763.0,763.08,762.31,762.59,23532.0
09:43,762.35,763.26,762.35,763.23,17518.0
09:44,762.46,762.46,762.09,762.36,10749.0
09:45,762.09,762.84,762.09,762.25,19168.0
09:46,762.22,762.36,761.64,762.06,16336.0
09:47,761.62,762.26,761.6,762.2,21154.0
09:48,761.62,761.99,761.04,761.73,22140.0
09:49,761.08,761.84,761.08,761.52,14999.0
09:50,760.77,761.19,760.4,761.11,30423.0
09:51,761.07,761.84,760.72,761.25,47853.0
09:52,761.76,761.88,761.0,761.0,40472.0
09:53,761.96,762.0,761.49,761.88,32267.0
09:54,760.83,762.0,760.7,761.9,24238.0
09:55,762.36,762.79,760.4,760.84,39386.0
09:56,762.19,762.89,761.8,762.7,29315.0
09:57,761.94,762.39,761.27,762.0,12789.0
09:58,762.38,762.78,762.07,762.36,15080.0
09:59,762.44,762.56,761.98,762.35,12041.0
10:00,762.27,762.7,762.25,762.5,16280.0
10:01,762.53,762.63,761.61,762.35,14303.0
10:02,762.18,762.75,762.18,762.4,9285.0
10:03,761.9,762.26,761.85,762.26,13535.0
10:04,761.5,761.88,761.43,761.7,18796.0
10:05,761.77,761.86,761.3,761.45,22731.0
10:06,762.43,762.43,761.46,761.77,34819.0
10:07,762.74,762.9,762.47,762.67,21319.0
10:08,763.26,763.58,762.44,762.75,39017.0
10:09,764.41,764.42,763.12,763.12,41202.0
10:10,765.12,765.36,763.99,764.17,45008.0
10:11,764.5,765.09,764.5,764.99,28049.0
10:12,765.23,765.49,764.49,764.51,17375.0
10:13,764.91,765.75,764.82,765.37,39143.0
10:14,764.82,765.23,764.41,764.77,20970.0
10:15,764.92,765.05,764.49,764.49,18725.0
10:16,764.22,764.76,763.9,764.76,17618.0
10:17,765.32,765.63,764.28,764.28,15692.0
10:18,765.74,766.11,765.32,765.32,28782.0
10:19,765.61,765.97,765.61,765.74,32773.0
10:20,765.27,765.71,765.0,765.71,13924.0
10:21,765.52,766.07,765.32,765.56,17023.0
10:22,766.09,766.09,765.35,765.56,17883.0
10:23,766.37,766.44,765.88,766.09,13212.0
10:24,766.15,766.32,765.88,766.1,18294.0
10:25,766.12,766.12,765.61,765.88,14777.0
10:26,765.99,766.24,765.55,765.97,10151.0
10:27,766.6,766.77,765.8,765.8,21629.0
10:28,766.31,766.79,766.24,766.69,17104.0
10:29,766.6,766.74,766.18,766.52,14659.0
10:30,766.93,766.93,766.38,766.64,19349.0
10:31,767.37,767.49,766.66,766.66,29748.0
10:32,767.21,767.54,767.17,767.34,23487.0
10:33,767.42,767.47,767.13,767.21,31974.0
10:34,767.22,767.59,767.11,767.42,15887.0
10:35,767.23,767.24,767.0,767.0,15418.0
10:36,767.16,767.5,767.12,767.22,13472.0
10:37,766.31,767.19,766.31,767.16,17952.0
10:38,765.8,766.18,765.65,766.18,15574.0
10:39,765.72,765.99,765.55,765.79,10037.0
10:40,766.56,766.56,765.55,765.74,12511.0
10:41,765.51,766.51,765.5,766.49,15151.0
10:42,765.23,765.69,765.11,765.33,10729.0
10:43,765.49,765.93,765.18,765.27,8323.0
10:44,765.37,765.64,765.25,765.38,7872.0
10:45,765.47,765.47,764.9,765.2,11349.0
10:46,765.91,766.0,765.35,765.77,9509.0
10:47,766.19,766.19,765.72,765.88,12612.0
10:48,765.9,766.22,765.83,766.22,10190.0
10:49,765.74,766.15,765.65,765.89,5308.0
10:50,765.79,766.3,765.66,766.08,8732.0
10:51,765.39,765.88,765.39,765.79,7385.0
10:52,764.59,765.24,764.46,765.12,10741.0
10:53,764.34,764.55,764.01,764.44,18784.0
10:54,764.27,764.84,764.22,764.46,14924.0
10:55,764.43,764.61,764.2,764.61,13575.0
10:56,763.58,764.76,763.58,764.62,11361.0
10:57,763.93,763.93,763.27,763.64,19171.0
10:58,764.06,764.1,763.5,763.62,11831.0
10:59,764.63,764.63,764.11,764.18,22441.0
11:00,764.7,764.86,764.43,764.43,9963.0
11:01,764.91,765.19,764.5,764.87,29666.0
11:02,764.67,765.0,764.4,764.95,15187.0
11:03,764.98,764.98,764.63,764.94,10853.0
11:04,764.59,764.74,764.29,764.74,18156.0
11:05,764.78,764.91,764.25,764.42,15713.0
11:06,765.11,765.17,764.88,764.95,12410.0
11:07,764.89,765.22,764.66,765.0,9350.0
11:08,765.41,765.51,764.93,764.93,14489.0
11:09,765.12,765.51,765.0,765.41,11554.0
11:10,764.84,765.01,764.59,765.01,5987.0
11:11,764.29,764.77,764.29,764.75,10310.0
11:12,764.36,764.36,763.7,764.26,13356.0
11:13,764.75,764.75,764.13,764.29,10679.0
11:14,765.07,765.47,764.58,764.58,13064.0
11:15,765.0,765.22,764.87,765.22,7018.0
11:16,765.01,765.56,764.97,765.16,9638.0
11:17,765.41,765.59,765.16,765.16,10297.0
11:18,765.86,765.86,765.4,765.67,40524.0
11:19,765.58,765.84,765.38,765.83,24975.0
11:20,765.45,765.67,765.31,765.67,15076.0
11:21,765.57,765.57,765.05,765.46,11701.0
11:22,765.38,765.7,765.17,765.59,17650.0
11:23,765.41,765.61,765.28,765.28,14926.0
11:24,765.09,765.56,764.99,765.29,11270.0
11:25,765.26,765.4,765.19,765.19,10085.0
11:26,765.0,765.09,764.69,764.97,6209.0
11:27,765.17,765.2,764.89,764.96,8119.0
11:28,765.65,765.67,765.36,765.4,5030.0
11:29,765.16,765.51,764.93,765.51,8545.0
11:30,763.92,765.0,763.81,765.0,12579.0
11:31,764.27,764.27,763.91,763.91,7077.0
11:32,763.77,764.34,763.77,764.22,15774.0
11:33,763.97,764.05,763.59,763.72,8687.0
11:34,763.8,763.95,763.72,763.84,4816.0
11:35,763.9,764.29,763.7,763.83,18974.0
11:36,764.08,764.26,763.88,763.88,3915.0
11:37,764.36,764.47,763.91,763.93,8221.0
11:38,764.06,764.42,763.81,764.34,7246.0
11:39,764.26,764.47,763.82,763.92,7760.0
11:40,763.47,764.16,763.47,764.13,21592.0
11:41,763.23,763.92,763.23,763.61,20662.0
11:42,763.1,763.73,763.0,763.54,17523.0
11:43,763.28,763.29,762.8,763.03,13597.0
11:44,762.64,763.17,762.64,763.17,4777.0
11:45,763.25,763.26,762.91,763.0,9176.0
11:46,763.0,763.1,762.51,763.1,9367.0
11:47,763.53,763.61,762.89,763.16,15594.0
11:48,763.64,763.64,763.25,763.39,10763.0
11:49,763.47,763.66,763.45,763.55,5447.0
11:50,763.69,763.69,763.44,763.44,5441.0
11:51,763.29,763.64,763.09,763.25,6624.0
11:52,763.58,763.58,763.07,763.32,4383.0
11:53,763.6,763.6,763.34,763.41,8939.0
11:54,763.5,763.87,763.39,763.55,13649.0
11:55,763.5,763.71,763.46,763.46,9873.0
11:56,763.3,763.76,763.1,763.7,17503.0
11:57,763.2,763.43,763.13,763.3,7449.0
11:58,762.94,763.2,762.52,763.2,11089.0
11:59,763.0,763.0,762.79,763.0,2681.0
12:00,762.92,763.03,762.9,763.03,7224.0
12:01,763.34,763.4,762.97,762.97,8502.0
12:02,763.68,763.85,763.45,763.7,11701.0
12:03,764.0,764.0,763.61,763.67,8165.0
12:04,763.62,764.22,763.62,764.22,9024.0
12:05,763.51,763.93,763.51,763.7,4676.0
12:06,763.36,763.74,763.2,763.74,9642.0
12:07,763.37,763.37,762.99,763.2,11170.0
12:08,763.65,763.65,763.3,763.3,73951.0
12:09,763.75,763.75,763.58,763.65,6783.0
12:10,763.53,763.77,763.35,763.7,79115.0
12:11,763.15,763.85,763.15,763.77,7186.0
12:12,763.06,763.15,762.75,763.09,10203.0
12:13,762.9,763.09,762.52,762.97,17350.0
12:14,762.88,763.16,762.86,763.09,5402.0
12:15,762.97,763.23,762.79,762.8,19646.0
12:16,764.18,764.18,763.39,763.46,7265.0
12:17,764.03,764.32,763.75,764.14,6083.0
12:18,764.21,764.25,763.92,764.03,6263.0
12:19,764.47,764.47,764.14,764.21,7234.0
12:20,764.14,764.38,764.03,764.38,7059.0
12:21,763.94,764.3,763.94,764.14,7910.0
12:22,764.1,764.17,763.69,764.04,4913.0
12:23,764.0,764.0,763.78,763.87,8742.0
12:24,764.29,764.29,763.8,763.9,11746.0
12:25,764.07,764.29,764.0,764.29,1.0
12:26,764.03,764.25,764.0,764.0,5365.0
12:27,763.72,763.96,763.5,763.96,7903.0
12:28,763.26,763.72,763.09,763.72,10040.0
12:29,763.3,763.52,763.0,763.26,6022.0
12:30,763.28,763.54,763.25,763.48,6234.0
12:31,763.74,763.74,763.28,763.28,6722.0
12:32,763.91,764.2,763.67,763.67,8294.0
12:33,763.67,764.22,763.66,764.13,16654.0
12:34,763.42,763.78,763.37,763.62,15994.0
12:35,763.67,763.67,763.31,763.47,10834.0
12:36,763.87,763.88,763.75,763.75,3814.0
12:37,763.5,763.93,763.5,763.93,6529.0
12:38,763.77,763.88,763.32,763.32,14399.0
12:39,763.72,763.88,763.68,763.73,3950.0
12:40,763.75,763.75,763.47,763.68,5297.0
12:41,763.69,763.83,763.59,763.81,9857.0
12:42,763.69,763.77,763.57,763.59,6876.0
12:43,763.39,763.63,763.39,763.6,10309.0
12:44,763.53,763.53,763.26,763.26,6416.0
12:45,763.47,763.53,763.16,763.24,7163.0
12:46,763.37,763.52,763.2,763.37,8524.0
12:47,763.01,763.44,763.01,763.19,11705.0
12:48,763.05,763.29,763.05,763.2,6019.0
12:49,762.9,763.06,762.86,763.06,7399.0
12:50,762.7,762.96,762.7,762.84,8899.0
12:51,762.85,762.85,762.51,762.72,6289.0
12:52,762.8,763.09,762.8,762.95,3912.0
12:53,762.71,762.78,762.68,762.75,3279.0
12:54,762.27,762.67,762.27,762.64,6917.0
12:55,762.4,762.6,762.4,762.5,5795.0
12:56,762.64,762.64,762.23,762.34,5110.0
12:57,762.41,762.45,762.33,762.45,8980.0
12:58,762.4,762.68,762.32,762.54,2687.0
12:59,762.37,762.37,762.2,762.2,6019.0
13:00,762.26,762.56,762.17,762.24,14015.0
13:01,761.8,762.13,761.41,762.13,17357.0
13:02,762.07,762.28,761.65,761.72,12944.0
13:03,762.32,762.51,762.21,762.24,6364.0
13:04,762.66,762.68,762.4,762.4,5825.0
13:05,762.13,762.65,762.13,762.56,6191.0
13:06,762.17,762.34,761.99,762.08,2432.0
13:07,761.72,762.16,761.71,762.16,12532.0
13:08,761.71,761.79,761.63,761.78,3484.0
13:09,762.27,762.3,761.74,761.8,6012.0
13:10,761.85,762.1,761.85,762.04,5839.0
13:11,761.94,761.95,761.7,761.8,8960.0
13:12,762.36,762.36,761.89,761.89,4732.0
13:13,762.37,762.42,762.1,762.15,9094.0
13:14,762.38,762.47,762.3,762.4,13456.0
13:15,762.28,762.44,762.16,762.32,3753.0
13:16,762.97,762.97,762.16,762.16,5173.0
13:17,762.88,763.12,762.58,762.77,20499.0
13:18,762.87,763.24,762.86,763.04,13087.0
13:19,763.25,763.25,762.88,762.88,12533.0
13:20,763.03,763.31,763.0,763.13,10688.0
13:21,763.28,763.28,763.09,763.18,11242.0
13:22,763.86,763.86,763.22,763.33,16662.0
13:23,764.52,764.52,763.85,763.93,30587.0
13:24,764.29,764.32,764.08,764.1,27999.0
13:25,763.67,764.41,763.67,764.28,12372.0
13:26,763.34,763.73,763.34,763.71,7291.0
13:27,763.39,763.65,763.12,763.12,6967.0
13:28,763.39,763.55,763.2,763.38,10330.0
13:29,763.78,763.78,763.27,763.41,5877.0
13:30,764.53,764.53,763.76,763.78,12950.0
13:31,765.36,765.72,764.36,764.57,47141.0
13:32,765.27,765.3,764.71,765.29,13334.0
13:33,765.41,765.65,765.2,765.25,12227.0
13:34,764.96,765.18,764.63,765.18,9791.0
13:35,764.63,765.21,764.52,764.96,11944.0
13:36,764.59,764.63,764.27,764.5,5891.0
13:37,764.34,764.66,764.34,764.59,8916.0
13:38,764.22,764.44,764.13,764.34,6616.0
13:39,764.54,764.56,764.38,764.46,3063.0
13:40,764.8,764.8,764.43,764.56,16684.0
13:41,765.23,765.31,764.71,764.71,17885.0
13:42,765.4,765.42,765.03,765.29,20811.0
13:43,765.53,765.8,765.43,765.49,10693.0
13:44,765.33,765.66,765.26,765.44,7495.0
13:45,765.48,765.48,765.17,765.18,7072.0
13:46,765.46,765.59,765.24,765.59,9074.0
13:47,765.3,765.37,765.16,765.34,4487.0
13:48,765.48,765.48,765.3,765.3,4346.0
13:49,765.61,765.84,765.35,765.57,7591.0
13:50,766.0,766.05,765.5,765.55,24229.0
13:51,766.08,766.17,765.79,765.9,18900.0
13:52,766.55,766.67,766.06,766.1,18848.0
13:53,766.79,766.79,766.44,766.52,13947.0
13:54,766.83,766.91,766.65,766.75,19994.0
13:55,766.71,766.77,766.59,766.66,5995.0
13:56,766.51,766.77,766.43,766.68,12580.0
13:57,766.53,766.78,766.53,766.66,12262.0
13:58,766.58,766.73,766.4,766.48,19621.0
13:59,766.72,766.75,766.4,766.4,10220.0
14:00,767.11,767.4,766.91,767.0,29211.0
14:01,767.23,767.38,767.15,767.15,10208.0
14:02,767.08,767.31,767.08,767.16,9944.0
14:03,767.43,767.5,767.06,767.12,12350.0
14:04,767.07,767.54,767.07,767.32,8118.0
14:05,766.89,767.23,766.63,767.12,14779.0
14:06,767.06,767.3,766.67,766.88,8789.0
14:07,767.23,767.23,766.97,767.12,8406.0
14:08,767.29,767.32,767.21,767.28,9653.0
14:09,767.61,767.61,767.2,767.3,20823.0
14:10,768.28,768.32,767.54,767.54,39792.0
14:11,768.1,768.26,767.82,768.26,24573.0
14:12,768.22,768.22,767.95,768.15,13489.0
14:13,768.38,768.38,767.82,768.1,15056.0
14:14,767.92,768.55,767.9,768.4,19361.0
14:15,767.86,768.2,767.66,768.08,5625.0
14:16,768.15,768.2,767.82,767.82,16863.0
14:17,768.38,768.38,767.99,767.99,9998.0
14:18,768.29,768.35,768.02,768.29,9441.0
14:19,768.02,768.3,767.95,768.12,10904.0
14:20,768.05,768.07,767.88,767.89,7143.0
14:21,768.32,768.46,768.07,768.22,10432.0
14:22,767.8,768.23,767.67,768.23,8328.0
14:23,767.66,767.92,767.52,767.91,15628.0
14:24,767.2,767.74,767.2,767.54,14758.0
14:25,766.58,767.28,766.47,767.2,18654.0
14:26,767.11,767.11,766.5,766.59,6720.0
14:27,767.33,767.5,767.01,767.01,6235.0
14:28,767.5,767.5,767.21,767.33,10153.0
14:29,767.77,767.77,767.34,767.34,18754.0
14:30,767.62,767.84,767.5,767.71,6471.0
14:31,767.63,767.8,767.63,767.71,5433.0
14:32,767.7,767.8,767.59,767.63,14046.0
14:33,767.6,767.78,767.54,767.78,9999.0
14:34,767.47,767.89,767.47,767.6,11379.0
14:35,767.53,767.7,767.49,767.58,4221.0
14:36,767.6,767.61,767.43,767.52,18848.0
14:37,767.63,767.63,767.36,767.53,13084.0
14:38,767.61,767.7,767.61,767.64,6584.0
14:39,767.4,767.71,767.34,767.55,5045.0
14:40,768.2,768.22,767.25,767.5,17980.0
14:41,768.01,768.34,768.01,768.09,9515.0
14:42,768.25,768.31,768.01,768.16,19856.0
14:43,768.27,768.33,768.11,768.25,5385.0
14:44,768.66,768.78,768.28,768.4,15339.0
14:45,768.72,768.97,768.52,768.75,33845.0
14:46,768.44,768.62,768.34,768.52,10267.0
14:47,768.82,768.82,768.33,768.66,7308.0
14:48,768.79,768.91,768.72,768.77,7999.0
14:49,768.91,769.09,768.86,768.86,17845.0
14:50,768.84,768.84,768.66,768.84,6768.0
14:51,768.55,768.82,768.55,768.78,16049.0
14:52,768.83,768.88,768.5,768.66,7107.0
14:53,768.89,768.91,768.84,768.91,5503.0
14:54,768.85,768.92,768.67,768.83,16132.0
14:55,768.54,768.85,768.54,768.83,11015.0
14:56,768.67,768.79,768.38,768.59,8249.0
14:57,768.75,768.85,768.52,768.57,12819.0
14:58,768.82,768.83,768.75,768.82,5891.0
14:59,768.27,768.78,768.25,768.78,19300.0
15:00,768.51,768.7,768.25,768.26,9696.0
15:01,768.58,768.68,768.55,768.58,3853.0
15:02,768.5,768.68,768.5,768.59,8311.0
15:03,768.51,768.6,768.39,768.39,8139.0
15:04,768.57,768.65,768.4,768.4,7057.0
15:05,768.37,768.69,768.37,768.69,10484.0
15:06,768.48,768.51,768.0,768.5,11386.0
15:07,768.64,768.64,768.35,768.35,6001.0
15:08,768.4,768.59,768.17,768.49,8380.0
15:09,768.79,768.85,768.4,768.47,9324.0
15:10,769.03,769.16,768.81,768.81,30257.0
15:11,769.02,769.29,768.83,769.0,10980.0
15:12,768.91,769.24,768.88,769.02,10850.0
15:13,768.88,769.0,768.88,768.97,9077.0
15:14,768.99,769.09,768.88,768.98,12204.0
15:15,769.34,769.34,768.82,769.01,19916.0
15:16,769.38,769.59,769.25,769.35,16962.0
15:17,768.84,769.47,768.82,769.42,17695.0
15:18,769.05,769.27,768.84,768.87,12352.0
15:19,769.35,769.35,769.14,769.15,8488.0
15:20,769.37,769.48,768.91,769.25,18420.0
15:21,769.17,769.44,769.16,769.38,8710.0
15:22,769.18,769.45,769.16,769.2,11588.0
15:23,769.34,769.58,769.25,769.25,14995.0
15:24,769.49,769.59,769.28,769.39,10570.0
15:25,769.38,769.66,769.38,769.5,14724.0
15:26,769.1,769.51,769.1,769.47,9644.0
15:27,769.43,769.46,769.2,769.2,8472.0
15:28,769.29,769.57,769.29,769.3,23606.0
15:29,769.53,769.75,769.26,769.29,17318.0
15:30,769.2,769.46,769.12,769.28,12308.0
15:31,768.9,769.17,768.74,769.13,15248.0
15:32,769.15,769.25,768.84,768.91,12213.0
15:33,769.26,769.38,769.18,769.21,16615.0
15:34,769.36,769.36,769.24,769.32,9365.0
15:35,768.98,769.39,768.98,769.34,22562.0
15:36,769.09,769.32,768.9,768.9,12323.0
15:37,769.14,769.25,769.05,769.22,8250.0
15:38,769.0,769.23,768.83,769.2,13174.0
15:39,768.84,769.13,768.79,769.13,12112.0
15:40,768.69,769.08,768.5,768.78,17374.0
15:41,768.67,768.76,768.58,768.69,7377.0
15:42,768.55,768.55,768.55,768.55,15115.0
15:43,768.19,768.5,768.19,768.49,10623.0
15:44,768.08,768.42,768.01,768.39,19488.0
15:45,768.16,768.21,767.86,768.01,18342.0
15:46,767.82,768.23,767.82,768.2,13015.0
15:47,767.66,767.88,767.59,767.88,15068.0
15:48,767.91,767.99,767.43,767.7,21244.0
15:49,767.98,768.11,767.86,767.95,20892.0
15:50,768.51,768.7,767.91,767.91,23075.0
15:51,769.21,769.24,768.61,768.69,26834.0
15:52,769.35,769.75,769.15,769.15,84422.0
15:53,768.91,769.52,768.91,769.39,31007.0
15:54,769.19,769.9,768.83,769.1,45860.0
15:55,769.25,769.44,769.02,769.18,43201.0
15:56,769.05,769.25,768.89,769.25,48046.0
15:57,768.93,769.04,768.79,768.93,52804.0
15:58,768.84,768.98,768.78,768.84,99552.0
15:59,769.29,769.49,768.77,768.86,154498.0
