Time,Close,High,Low,Open,Volume
09:30,490.26,491.38,489.28,491.33,532000.0
09:31,491.55,491.8,490.0,490.3,73994.0
09:32,492.25,492.68,490.74,491.32,103784.0
09:33,493.26,493.5,491.9,492.12,91748.0
09:34,492.55,493.17,491.94,493.17,55560.0
09:35,491.46,492.71,491.16,492.62,48738.0
09:36,492.06,492.42,491.28,491.28,56607.0
09:37,491.9,492.16,490.94,492.03,43997.0
09:38,490.42,491.65,490.11,491.65,33980.0
09:39,491.79,491.9,490.17,490.79,42138.0
09:40,490.85,491.92,490.32,491.89,50522.0
09:41,490.96,491.29,490.67,490.8,46897.0
09:42,490.55,491.04,490.09,491.04,40987.0
09:43,490.16,490.8,490.0,490.42,28035.0
09:44,489.55,490.17,489.5,490.16,43762.0
09:45,488.93,489.75,488.59,489.62,61304.0
09:46,488.61,489.35,488.21,489.35,67074.0
09:47,488.91,489.0,488.1,488.98,41924.0
09:48,489.83,490.42,488.85,488.95,71777.0
09:49,489.91,490.48,489.77,489.84,68308.0
09:50,489.27,490.14,489.14,489.9,56617.0
09:51,488.51,489.32,488.42,489.27,23436.0
09:52,488.34,489.0,488.25,488.4,46980.0
09:53,487.3,488.65,487.16,488.44,55908.0
09:54,487.92,487.97,487.14,487.3,46950.0
09:55,487.25,487.85,487.12,487.77,49681.0
09:56,485.87,487.54,485.81,487.39,68534.0
09:57,486.12,486.24,485.71,485.81,83152.0
09:58,485.26,485.92,485.15,485.81,49679.0
09:59,484.72,485.33,484.7,485.2,116473.0
10:00,484.38,484.97,483.91,484.55,79384.0
10:01,484.49,484.96,484.33,484.33,87720.0
10:02,484.31,484.49,483.78,484.49,85459.0
10:03,483.6,484.1,483.01,484.1,58128.0
10:04,484.12,484.28,483.45,483.58,43016.0
10:05,483.94,484.54,483.72,484.12,38346.0
10:06,483.48,484.08,482.98,483.88,65830.0
10:07,483.75,484.22,483.4,483.71,31453.0
10:08,484.17,484.23,483.55,483.82,33417.0
10:09,483.56,484.32,483.56,484.01,39962.0
10:10,484.47,484.71,483.55,483.55,49803.0
10:11,484.78,484.9,484.32,484.48,37365.0
10:12,485.75,485.86,484.7,484.81,43039.0
10:13,485.92,486.0,485.35,485.8,40360.0
10:14,485.64,485.99,484.88,485.92,50323.0
10:15,485.51,485.92,485.45,485.9,31421.0
10:16,484.33,485.71,484.11,485.61,58010.0
10:17,485.16,485.2,484.0,484.07,32838.0
10:18,483.9,484.88,483.9,484.88,36789.0
10:19,485.2,485.2,483.93,484.09,248911.0
10:20,485.5,485.8,484.96,485.05,45316.0
10:21,485.23,485.39,485.0,485.38,21666.0
10:22,484.95,485.6,484.85,485.35,44020.0
10:23,484.99,485.37,484.62,484.92,25212.0
10:24,484.93,485.29,484.82,484.99,13236.0
10:25,485.3,485.41,484.84,484.93,23181.0
10:26,485.19,485.4,484.69,485.4,27595.0
10:27,484.37,485.3,484.35,485.3,24499.0
10:28,484.89,485.08,484.3,484.38,33314.0
10:29,484.4,484.8,484.26,484.78,30855.0
10:30,484.0,484.45,484.0,484.38,56350.0
10:31,483.52,484.4,483.5,484.25,37569.0
10:32,483.62,483.85,483.48,483.64,26240.0
10:33,484.11,484.16,483.52,483.71,20679.0
10:34,484.21,484.5,484.11,484.25,24701.0
10:35,485.09,485.2,484.23,484.32,29905.0
10:36,485.11,485.35,484.87,485.17,38434.0
10:37,485.39,485.41,484.66,485.19,50213.0
10:38,485.6,485.6,485.0,485.39,17356.0
10:39,485.61,486.0,485.61,485.72,32015.0
10:40,485.95,486.35,485.52,485.77,34177.0
10:41,485.39,486.16,485.36,485.82,33767.0
10:42,485.13,485.6,485.01,485.49,34963.0
10:43,484.66,485.19,484.52,485.04,46424.0
10:44,484.24,484.59,484.03,484.59,46796.0
10:45,484.85,485.15,484.12,484.24,49291.0
10:46,485.02,485.23,484.82,484.85,54880.0
10:47,484.94,485.23,484.92,485.02,33788.0
10:48,484.73,485.21,484.73,485.14,21271.0
10:49,484.7,484.95,484.53,484.95,29127.0
10:50,484.85,485.0,484.6,484.6,20675.0
10:51,485.21,485.21,484.88,484.88,25561.0
10:52,485.02,485.35,485.0,485.17,15031.0
10:53,485.26,485.34,485.06,485.12,18302.0
10:54,485.42,485.74,485.33,485.39,26126.0
10:55,485.7,485.78,485.25,485.45,21124.0
10:56,485.74,486.0,485.5,485.57,29493.0
10:57,485.38,485.82,485.33,485.54,10900.0
10:58,486.17,486.27,485.26,485.32,24478.0
10:59,485.99,486.29,485.85,486.22,34483.0
11:00,486.18,486.25,485.86,486.01,23047.0
11:01,485.32,486.25,485.17,486.11,20245.0
11:02,485.26,485.35,485.07,485.35,14811.0
11:03,485.22,485.25,484.99,485.15,12433.0
11:04,485.66,485.66,485.18,485.25,13328.0
11:05,485.96,486.07,485.77,485.77,17271.0
11:06,486.03,486.09,485.55,485.81,10503.0
11:07,485.62,485.93,485.47,485.93,10018.0
11:08,485.85,485.85,485.61,485.61,9359.0
11:09,485.9,486.14,485.78,485.97,14344.0
11:10,485.78,486.27,485.77,485.89,18497.0
11:11,485.83,486.28,485.41,486.06,29421.0
11:12,485.41,485.95,485.41,485.95,16032.0
11:13,484.98,485.55,484.84,485.55,27978.0
11:14,484.15,485.07,484.13,484.98,19575.0
11:15,484.75,484.84,484.02,484.17,20692.0
11:16,484.53,484.83,484.53,484.74,32952.0
11:17,484.75,484.82,484.4,484.64,51281.0
11:18,484.88,485.0,484.64,484.68,37352.0
11:19,485.11,485.11,484.82,484.97,15293.0
11:20,484.61,485.35,484.5,485.06,32469.0
11:21,484.62,484.64,484.31,484.48,11665.0
11:22,483.88,484.7,483.8,484.56,24963.0
11:23,484.12,484.37,483.85,483.92,16357.0
11:24,483.92,484.37,483.78,484.33,20161.0
11:25,483.77,484.06,483.62,484.05,18947.0
11:26,483.44,483.77,483.17,483.77,31412.0
11:27,483.7,483.77,483.34,483.34,32544.0
11:28,483.65,483.97,483.55,483.77,48424.0
11:29,484.15,484.15,483.61,483.74,18482.0
11:30,483.94,484.21,483.68,484.02,34723.0
11:31,483.12,483.95,483.12,483.95,26871.0
11:32,482.83,483.19,482.7,483.12,33324.0
11:33,482.55,482.76,482.17,482.76,31466.0
11:34,482.52,482.55,482.12,482.53,22113.0
11:35,482.67,482.75,482.24,482.38,27183.0
11:36,482.24,482.83,482.15,482.55,17653.0
11:37,482.46,482.6,482.15,482.29,40021.0
11:38,482.43,482.68,482.22,482.37,21297.0
11:39,482.21,482.6,481.72,482.51,49331.0
11:40,482.33,482.37,482.03,482.1,14691.0
11:41,482.2,482.48,481.99,482.36,28383.0
11:42,482.21,482.6,482.17,482.18,47490.0
11:43,482.02,482.45,482.0,482.33,115856.0
11:44,481.52,481.98,481.27,481.91,34992.0
11:45,481.16,481.6,481.0,481.43,43264.0
11:46,480.87,481.24,480.64,481.11,42861.0
11:47,480.11,480.79,480.11,480.79,41700.0
11:48,480.33,480.46,479.8,480.15,125024.0
11:49,480.72,480.95,480.1,480.18,40399.0
11:50,480.3,480.86,480.25,480.69,20322.0
11:51,480.29,480.4,480.0,480.36,25348.0
11:52,480.67,480.83,479.88,480.25,71795.0
11:53,481.21,481.32,480.5,480.67,54829.0
11:54,480.93,481.28,480.68,481.25,19074.0
11:55,481.43,481.43,480.79,480.87,29348.0
11:56,481.29,481.68,481.2,481.41,14849.0
11:57,481.61,481.63,481.26,481.31,26411.0
11:58,481.75,481.98,481.51,481.58,30342.0
11:59,481.83,481.96,481.57,481.85,22475.0
12:00,482.46,482.53,481.83,481.83,25030.0
12:01,482.62,482.74,482.4,482.46,20215.0
12:02,482.52,482.71,482.42,482.64,27382.0
12:03,482.24,482.6,482.13,482.56,20948.0
12:04,482.26,482.37,481.96,482.23,20774.0
12:05,482.54,482.6,482.2,482.28,22204.0
12:06,482.77,483.09,482.43,482.54,37789.0
12:07,482.92,483.0,482.69,483.0,38200.0
12:08,482.61,482.94,482.61,482.85,19710.0
12:09,483.22,483.23,482.59,482.59,19687.0
12:10,482.84,483.11,482.56,483.01,19844.0
12:11,482.95,483.04,482.64,482.95,29769.0
12:12,483.4,483.51,482.91,482.91,25503.0
12:13,483.4,483.6,483.19,483.48,21665.0
12:14,483.41,483.58,483.33,483.41,20346.0
12:15,483.25,483.46,482.93,483.41,20486.0
12:16,483.0,483.21,482.93,483.21,24785.0
12:17,483.27,483.34,483.05,483.15,9742.0
12:18,482.52,483.28,482.47,483.16,19463.0
12:19,482.6,482.76,482.35,482.57,29789.0
12:20,483.1,483.2,482.49,482.49,25236.0
12:21,482.74,483.18,482.74,483.1,18592.0
12:22,482.61,482.86,482.5,482.85,18749.0
12:23,482.94,483.27,482.5,482.53,26973.0
12:24,482.89,483.02,482.61,482.94,19206.0
12:25,483.11,483.27,482.99,482.99,14561.0
12:26,482.38,483.11,482.23,483.11,21817.0
12:27,482.32,482.44,482.05,482.32,25472.0
12:28,482.51,482.51,482.05,482.38,14245.0
12:29,482.38,482.44,482.0,482.44,20332.0
12:30,482.95,482.95,482.31,482.41,16193.0
12:31,482.97,483.1,482.81,482.89,24941.0
12:32,483.1,483.34,482.86,483.06,28190.0
12:33,483.14,483.29,483.0,483.19,29616.0
12:34,483.15,483.18,482.64,483.11,21448.0
12:35,483.17,483.28,482.96,483.2,11830.0
12:36,483.8,483.8,483.1,483.24,29218.0
12:37,483.81,483.99,483.69,483.89,22425.0
12:38,483.76,483.81,483.69,483.78,16526.0
12:39,483.7,483.8,483.59,483.76,10526.0
12:40,484.02,484.11,483.76,483.78,23814.0
12:41,483.99,484.19,483.89,484.02,19801.0
12:42,484.0,484.1,483.86,483.93,14192.0
12:43,484.35,484.43,483.89,483.89,27714.0
12:44,484.4,484.4,484.16,484.27,28046.0
12:45,484.59,484.73,484.22,484.4,26482.0
12:46,484.24,484.64,484.24,484.64,25328.0
12:47,483.8,484.38,483.8,484.29,21371.0
12:48,483.98,484.16,483.79,483.96,15577.0
12:49,484.03,484.25,483.88,483.98,20832.0
12:50,483.77,484.02,483.63,484.02,11395.0
12:51,483.52,483.84,483.36,483.8,22721.0
12:52,483.13,483.6,483.06,483.6,12845.0
12:53,482.86,483.18,482.79,483.13,14227.0
12:54,483.18,483.3,482.89,482.89,27313.0
12:55,482.96,482.96,482.72,482.89,11889.0
12:56,483.13,483.13,482.86,482.88,13648.0
12:57,482.91,483.1,482.8,483.1,25850.0
12:58,482.7,482.88,482.55,482.88,18360.0
12:59,483.01,483.01,482.72,482.8,9692.0
13:00,483.25,483.42,482.93,483.01,17110.0
13:01,483.13,483.49,482.95,483.38,11749.0
13:02,482.59,483.06,482.25,483.01,21085.0
13:03,482.45,482.66,482.06,482.59,32903.0
13:04,482.5,482.62,482.2,482.43,17103.0
13:05,482.52,482.82,482.27,482.51,29640.0
13:06,482.29,482.44,482.1,482.38,15684.0
13:07,482.44,482.53,482.02,482.18,21988.0
13:08,482.3,482.55,482.0,482.55,33287.0
13:09,482.18,482.54,482.1,482.23,18027.0
13:10,482.13,482.24,481.8,482.16,21524.0
13:11,482.48,482.66,482.02,482.2,13827.0
13:12,482.47,482.72,482.47,482.59,16387.0
13:13,482.48,482.61,482.2,482.61,10874.0
13:14,482.57,482.73,482.45,482.45,11765.0
13:15,482.55,482.68,482.45,482.68,24648.0
13:16,482.96,483.03,482.44,482.55,25491.0
13:17,483.08,483.15,482.55,482.92,19165.0
13:18,483.11,483.14,482.8,482.98,22737.0
13:19,483.83,484.1,483.14,483.14,32824.0
13:20,484.59,484.61,483.92,483.92,38279.0
13:21,484.66,484.72,484.26,484.53,21369.0
13:22,483.89,484.51,483.81,484.46,54235.0
13:23,484.62,484.72,483.95,483.99,17326.0
13:24,483.53,484.76,483.53,484.76,27925.0
13:25,483.48,483.75,483.36,483.64,14525.0
13:26,483.59,483.65,483.4,483.4,13243.0
13:27,483.93,484.01,483.5,483.52,12123.0
13:28,483.59,483.75,483.45,483.72,7633.0
13:29,483.53,483.74,483.44,483.52,9937.0
13:30,484.0,484.0,483.42,483.53,11050.0
13:31,484.11,484.31,483.86,484.01,29669.0
13:32,484.11,484.34,484.02,484.2,12424.0
13:33,483.6,484.0,483.53,484.0,12922.0
13:34,483.83,483.95,483.67,483.7,13268.0
13:35,483.88,483.93,483.65,483.92,10780.0
13:36,484.3,484.35,483.76,483.76,16006.0
13:37,483.66,484.23,483.63,484.22,11161.0
13:38,483.66,483.82,483.52,483.58,13518.0
13:39,483.58,483.78,483.48,483.57,9045.0
13:40,483.51,483.82,483.5,483.6,16632.0
13:41,483.52,483.65,483.42,483.47,17629.0
13:42,483.24,483.5,483.16,483.46,18996.0
13:43,482.9,483.45,482.86,483.26,21969.0
13:44,483.36,483.48,482.9,482.9,15719.0
13:45,483.23,483.56,483.23,483.28,14105.0
13:46,483.02,483.23,482.92,483.23,18621.0
13:47,483.2,483.2,482.88,482.98,11762.0
13:48,483.22,483.33,483.02,483.33,9458.0
13:49,482.95,483.21,482.93,483.21,12062.0
13:50,483.33,483.4,482.85,482.9,16482.0
13:51,482.99,483.35,482.75,483.34,22387.0
13:52,483.01,483.11,482.79,482.79,4445.0
13:53,483.08,483.25,482.89,483.01,29040.0
13:54,483.33,483.4,483.08,483.1,15994.0
13:55,483.18,483.35,483.1,483.32,13118.0
13:56,482.99,483.25,482.91,483.25,16179.0
13:57,483.04,483.08,482.85,482.93,20518.0
13:58,482.94,483.3,482.87,483.11,27966.0
13:59,483.31,483.34,482.95,482.95,11071.0
14:00,483.19,483.58,483.19,483.43,24415.0
14:01,483.37,483.48,483.13,483.27,18102.0
14:02,483.76,483.8,483.37,483.39,21401.0
14:03,483.69,483.8,483.4,483.76,13446.0
14:04,483.36,483.92,483.34,483.67,23518.0
14:05,483.45,483.55,483.32,483.49,13535.0
14:06,483.38,483.54,482.92,483.42,21833.0
14:07,482.96,483.74,482.96,483.49,12038.0
14:08,483.49,483.49,482.95,483.01,38020.0
14:09,483.43,483.54,483.14,483.54,15855.0
14:10,483.39,483.49,483.23,483.46,10129.0
14:11,483.98,484.05,483.31,483.31,19428.0
14:12,483.97,484.09,483.71,483.99,19088.0
14:13,483.61,483.87,483.46,483.87,12307.0
14:14,483.77,483.91,483.53,483.71,15444.0
14:15,483.72,483.84,483.66,483.74,9535.0
14:16,484.36,484.46,483.88,483.89,22371.0
14:17,484.54,484.75,484.32,484.36,30678.0
14:18,485.1,485.1,484.54,484.57,62363.0
14:19,484.27,485.08,484.25,484.99,25948.0
14:20,484.09,484.44,483.96,484.28,31512.0
14:21,484.29,484.4,483.96,484.09,38847.0
14:22,484.32,484.4,483.86,484.2,15877.0
14:23,484.17,484.5,484.05,484.29,16285.0
14:24,484.19,484.43,484.0,484.17,11445.0
14:25,484.02,484.37,484.0,484.37,21497.0
14:26,484.07,484.2,484.01,484.19,25911.0
14:27,484.15,484.4,483.98,484.12,11274.0
14:28,484.33,484.47,483.97,484.15,102249.0
14:29,484.22,484.41,484.14,484.31,19498.0
14:30,484.52,484.63,484.3,484.3,21277.0
14:31,484.47,484.8,484.42,484.52,25026.0
14:32,484.1,484.66,483.98,484.66,10987.0
14:33,484.18,484.24,483.9,484.1,34879.0
14:34,484.05,484.35,483.85,484.18,24657.0
14:35,484.4,484.43,484.0,484.09,18043.0
14:36,483.78,484.33,483.69,484.33,20835.0
14:37,483.65,483.87,483.6,483.78,14520.0
14:38,483.63,483.86,483.5,483.65,19437.0
14:39,483.65,483.75,483.41,483.53,7682.0
14:40,483.54,483.87,483.45,483.58,22446.0
14:41,483.45,483.59,483.12,483.54,23357.0
14:42,483.39,483.59,483.39,483.45,20422.0
14:43,483.1,483.41,483.05,483.34,13851.0
14:44,483.07,483.2,482.93,483.2,11503.0
14:45,483.55,483.75,482.93,483.07,42377.0
14:46,483.35,483.69,483.29,483.51,20925.0
14:47,482.9,483.51,482.76,483.26,15896.0
14:48,482.96,483.16,482.75,482.75,13775.0
14:49,483.09,483.17,482.79,483.09,11768.0
14:50,483.03,483.13,482.88,482.99,14371.0
14:51,483.09,483.17,482.88,483.01,22720.0
14:52,482.64,483.2,482.63,483.17,19272.0
14:53,482.54,482.73,482.49,482.71,21342.0
14:54,482.51,482.54,482.44,482.5,7722.0
14:55,483.0,483.0,482.58,482.58,12898.0
14:56,483.33,483.5,482.96,482.96,17680.0
14:57,483.36,483.62,483.32,483.46,78657.0
14:58,483.14,483.6,483.14,483.6,8819.0
14:59,483.26,483.45,483.22,483.32,10646.0
15:00,483.77,483.86,483.14,483.18,30119.0
15:01,483.97,484.15,483.86,483.89,24325.0
15:02,483.99,484.19,483.89,484.15,31550.0
15:03,484.19,484.19,483.71,483.94,32513.0
15:04,484.12,484.31,484.02,484.09,16754.0
15:05,484.2,484.39,484.09,484.22,19254.0
15:06,484.47,484.56,484.13,484.13,12092.0
15:07,484.29,484.44,484.05,484.32,28231.0
15:08,484.33,484.39,483.94,484.16,20005.0
15:09,484.29,484.32,484.2,484.22,8626.0
15:10,484.4,484.57,484.2,484.3,16494.0
15:11,484.4,484.5,484.21,484.42,17495.0
15:12,484.6,484.87,484.39,484.39,28090.0
15:13,484.03,484.72,484.0,484.59,16876.0
15:14,483.92,484.12,483.8,484.12,62464.0
15:15,484.4,484.4,483.93,483.96,28035.0
15:16,483.88,484.33,483.81,484.26,24971.0
15:17,484.12,484.12,483.61,483.93,26769.0
15:18,484.39,484.46,484.1,484.1,21104.0
15:19,484.7,484.7,484.4,484.4,19233.0
15:20,484.81,484.99,484.52,484.64,20124.0
15:21,484.29,485.0,484.27,484.81,41785.0
15:22,484.45,484.52,484.13,484.24,21594.0
15:23,483.93,484.55,483.75,484.55,28263.0
15:24,484.21,484.35,483.92,483.93,22750.0
15:25,484.07,484.21,483.86,484.21,22703.0
15:26,483.78,484.2,483.75,483.95,23230.0
15:27,483.56,483.78,483.23,483.77,20004.0
15:28,483.52,483.67,483.34,483.67,16468.0
15:29,483.6,483.67,483.31,483.43,16649.0
15:30,483.69,484.14,483.61,483.61,35069.0
15:31,483.98,484.06,483.66,483.78,27230.0
15:32,484.4,484.46,484.06,484.06,25544.0
15:33,484.31,484.46,484.16,484.31,15360.0
15:34,484.43,484.47,483.96,484.39,20622.0
15:35,484.67,484.82,484.27,484.5,39613.0
15:36,484.92,484.92,484.2,484.68,39774.0
15:37,484.68,485.12,484.63,484.94,66215.0
15:38,484.92,485.22,484.5,484.7,25023.0
15:39,484.92,485.07,484.74,484.93,24777.0
15:40,484.89,485.21,484.85,484.92,39731.0
15:41,484.72,485.08,484.55,484.96,45508.0
15:42,484.85,485.02,484.53,484.75,44348.0
15:43,485.24,485.25,484.84,484.86,48240.0
15:44,485.05,485.4,485.0,485.15,37784.0
15:45,484.84,485.14,484.51,485.07,99067.0
15:46,484.17,485.05,484.17,484.84,45011.0
15:47,484.31,484.45,483.9,484.21,41759.0
15:48,484.82,484.94,484.31,484.36,24533.0
15:49,484.8,485.04,484.57,484.93,46652.0
15:50,484.95,485.05,484.08,484.92,64295.0
15:51,484.82,485.11,484.8,485.0,63987.0
15:52,484.57,485.08,484.55,484.87,43263.0
15:53,484.65,485.05,484.56,484.68,78113.0
15:54,485.35,485.75,484.55,484.65,119736.0
15:55,485.58,485.85,485.35,485.45,103691.0
15:56,485.83,486.16,485.47,485.47,76034.0
15:57,485.92,485.92,485.59,485.86,133297.0
15:58,485.36,486.06,485.24,485.92,205889.0
15:59,484.48,485.36,483.91,485.36,824099.0
