Time,Close,High,Low,Open,Volume
09:30,635.57,635.57,633.81,635.57,380243.0
09:31,635.93,636.51,635.32,635.74,35078.0
09:32,632.68,636.35,632.5,636.09,67787.0
09:33,632.31,633.48,632.04,632.92,50488.0
09:34,630.86,632.42,630.74,632.42,86086.0
09:35,632.99,633.0,630.82,630.86,61079.0
09:36,632.28,633.67,631.88,632.99,39486.0
09:37,633.35,633.35,631.66,632.51,35569.0
09:38,631.21,633.25,631.21,633.25,22426.0
09:39,632.49,632.67,631.1,631.1,31147.0
09:40,633.44,633.76,632.41,632.58,31581.0
09:41,635.17,635.36,633.06,633.61,51412.0
09:42,634.72,635.37,634.53,635.09,33163.0
09:43,635.0,635.0,633.68,634.66,31360.0
09:44,634.94,635.36,634.58,634.63,33849.0
09:45,635.57,636.17,634.72,635.22,33194.0
09:46,635.08,635.93,634.78,635.45,26551.0
09:47,635.98,635.98,634.9,635.24,26508.0
09:48,636.0,636.78,635.36,635.84,32866.0
09:49,636.25,636.59,635.67,636.01,22917.0
09:50,636.96,637.12,635.51,636.55,43654.0
09:51,637.24,637.27,636.56,636.96,33700.0
09:52,638.4,638.65,637.21,637.28,54896.0
09:53,639.95,640.1,638.5,638.67,87148.0
09:54,639.18,640.36,638.72,639.91,47969.0
09:55,639.28,639.85,638.89,639.27,22347.0
09:56,639.65,639.81,638.06,639.49,40587.0
09:57,640.99,641.14,639.29,639.5,69106.0
09:58,641.05,641.3,640.74,641.13,41628.0
09:59,641.27,641.67,640.93,641.36,66647.0
10:00,641.24,641.76,640.45,641.23,48695.0
10:01,640.81,641.42,640.64,641.09,45571.0
10:02,640.92,641.05,640.44,640.85,36905.0
10:03,641.87,642.15,640.7,640.88,52325.0
10:04,641.87,642.31,641.64,641.87,33713.0
10:05,642.05,642.22,641.44,641.77,38348.0
10:06,642.3,642.55,641.27,641.97,29525.0
10:07,643.0,643.0,642.22,642.35,34942.0
10:08,642.04,643.2,642.0,642.86,45062.0
10:09,642.94,643.24,641.85,642.08,27973.0
10:10,642.38,642.92,641.95,642.92,37323.0
10:11,642.3,642.58,642.09,642.36,47881.0
10:12,642.23,642.52,642.05,642.3,40424.0
10:13,642.68,642.88,641.95,642.38,47085.0
10:14,642.71,642.89,642.24,642.78,40728.0
10:15,642.52,643.22,642.38,642.59,32056.0
10:16,642.08,642.79,641.49,642.79,35166.0
10:17,641.76,642.21,641.55,642.05,30297.0
10:18,641.37,641.99,641.29,641.81,30158.0
10:19,640.91,641.6,640.91,641.49,31029.0
10:20,640.46,640.8,640.23,640.72,21033.0
10:21,639.85,640.62,639.79,640.44,49229.0
10:22,639.65,640.01,639.43,640.01,17018.0
10:23,640.07,640.1,639.21,639.64,48706.0
10:24,640.0,640.39,639.86,640.15,28948.0
10:25,639.49,640.01,639.27,640.01,30760.0
10:26,639.14,639.6,638.9,639.49,17184.0
10:27,639.72,639.72,638.9,638.98,28643.0
10:28,640.26,640.46,639.86,640.0,25452.0
10:29,640.17,640.3,639.83,640.25,35344.0
10:30,640.12,640.39,639.32,640.14,15905.0
10:31,640.39,640.39,639.65,640.16,16620.0
10:32,640.33,641.08,640.32,640.68,21926.0
10:33,640.5,640.68,640.0,640.33,14300.0
10:34,640.55,641.2,639.98,641.07,10687.0
10:35,640.49,640.86,640.16,640.16,9846.0
10:36,639.61,640.46,639.61,640.27,13485.0
10:37,639.45,639.93,638.86,639.34,16923.0
10:38,638.83,639.45,638.66,639.45,26473.0
10:39,639.07,639.47,638.69,639.0,22564.0
10:40,639.19,639.31,638.88,639.16,21818.0
10:41,639.9,639.98,639.49,639.62,16375.0
10:42,640.29,640.32,639.58,639.87,14453.0
10:43,638.76,640.29,638.76,640.29,18346.0
10:44,638.7,638.87,638.16,638.87,17746.0
10:45,638.9,639.47,638.43,638.58,14294.0
10:46,639.29,639.7,639.13,639.14,12545.0
10:47,638.04,639.29,637.8,639.26,19216.0
10:48,638.31,638.6,637.95,638.1,11061.0
10:49,638.33,639.0,638.08,638.61,9753.0
10:50,638.42,638.63,638.25,638.38,41731.0
10:51,637.92,638.09,637.58,638.07,13581.0
10:52,637.99,638.48,637.74,637.97,21635.0
10:53,637.66,638.26,637.66,637.95,8727.0
10:54,637.47,637.79,637.17,637.79,12986.0
10:55,636.84,637.37,636.64,637.37,14717.0
10:56,636.66,636.85,636.22,636.65,31766.0
10:57,636.55,636.71,636.12,636.47,16138.0
10:58,637.81,637.81,636.93,636.96,15755.0
10:59,638.77,639.08,637.86,637.86,30631.0
11:00,638.69,639.06,638.41,638.82,14686.0
11:01,638.5,638.97,638.4,638.82,8477.0
11:02,638.21,638.78,637.93,638.32,12652.0
11:03,638.49,638.49,638.18,638.49,5281.0
11:04,638.6,638.97,638.47,638.53,14620.0
11:05,638.39,638.44,638.39,638.44,1606.0
11:06,638.28,638.28,638.28,638.28,24724.0
11:07,639.09,639.09,638.11,638.14,16066.0
11:08,639.27,639.69,639.12,639.14,11707.0
11:09,638.8,639.3,638.78,639.27,9263.0
11:10,638.88,638.89,638.58,638.6,7071.0
11:11,638.12,638.97,638.12,638.97,8503.0
11:12,638.51,638.66,637.9,637.9,8689.0
11:13,638.28,638.42,638.14,638.3,8395.0
11:14,637.75,638.3,637.75,638.3,11782.0
11:15,637.02,637.99,636.6,637.99,20199.0
11:16,636.7,637.03,636.4,636.79,16904.0
11:17,636.77,637.05,636.71,636.9,9625.0
11:18,637.02,637.23,636.52,637.23,7351.0
11:19,637.35,637.45,636.88,637.02,12948.0
11:20,637.3,637.5,637.02,637.5,8643.0
11:21,638.22,638.32,637.32,637.32,15579.0
11:22,637.96,638.16,637.94,638.02,9981.0
11:23,637.61,638.15,637.6,638.15,6606.0
11:24,637.45,638.01,637.45,637.79,13075.0
11:25,637.77,637.77,637.36,637.52,14865.0
11:26,637.44,637.93,637.44,637.93,5766.0
11:27,636.59,637.3,636.31,637.13,22401.0
11:28,636.68,636.68,636.29,636.51,12364.0
11:29,635.43,636.92,635.17,636.76,27888.0
11:30,636.6,636.71,635.35,635.35,22889.0
11:31,636.48,636.48,635.82,636.26,7432.0
11:32,636.68,636.68,636.05,636.16,10351.0
11:33,636.89,636.99,636.64,636.8,9368.0
11:34,637.26,637.33,637.0,637.0,9869.0
11:35,637.45,637.45,637.0,637.16,14193.0
11:36,636.62,637.49,636.62,637.49,13155.0
11:37,637.32,637.36,636.64,636.82,17232.0
11:38,637.75,637.99,636.83,637.18,20988.0
11:39,637.42,638.0,637.4,637.79,18509.0
11:40,637.42,637.59,637.14,637.59,15974.0
11:41,637.1,637.37,636.94,637.26,19146.0
11:42,637.25,637.6,637.24,637.39,8928.0
11:43,637.65,637.97,637.3,637.35,12267.0
11:44,637.7,637.75,637.46,637.67,8350.0
11:45,638.17,638.5,637.98,637.98,13552.0
11:46,638.49,638.69,638.09,638.17,13454.0
11:47,637.71,638.56,637.62,638.56,13306.0
11:48,637.7,637.83,637.4,637.66,5755.0
11:49,637.17,637.76,636.92,637.49,16973.0
11:50,637.28,637.66,637.18,637.18,4819.0
11:51,637.17,637.29,636.92,637.29,6087.0
11:52,637.6,637.79,637.14,637.16,8377.0
11:53,637.38,637.58,637.19,637.19,2864.0
11:54,637.54,637.74,637.09,637.65,9713.0
11:55,637.53,637.53,637.29,637.41,9422.0
11:56,637.67,637.77,637.48,637.56,8943.0
11:57,637.48,637.8,637.34,637.67,11293.0
11:58,637.45,637.7,637.3,637.57,10924.0
11:59,637.49,637.62,637.3,637.5,28737.0
12:00,637.43,637.56,637.08,637.47,19254.0
12:01,637.37,637.65,637.37,637.46,3692.0
12:02,637.96,637.96,637.48,637.48,2844.0
12:03,637.66,637.86,637.66,637.72,6138.0
12:04,637.93,637.93,637.64,637.64,3155.0
12:05,637.33,637.82,637.33,637.74,4938.0
12:06,637.7,637.7,637.0,637.32,9375.0
12:07,638.2,638.25,637.44,637.66,7941.0
12:08,638.27,638.44,638.16,638.21,6874.0
12:09,638.26,638.26,637.92,638.14,7457.0
12:10,638.37,638.4,638.03,638.22,16164.0
12:11,638.41,638.5,638.1,638.1,11824.0
12:12,638.25,638.54,638.14,638.5,17619.0
12:13,638.58,638.67,638.23,638.35,12955.0
12:14,638.9,638.91,638.64,638.68,19676.0
12:15,639.16,639.5,638.83,638.94,16177.0
12:16,639.22,639.77,639.22,639.48,11856.0
12:17,639.05,639.32,638.95,639.0,7023.0
12:18,638.83,638.96,638.79,638.85,7107.0
12:19,638.7,638.85,638.56,638.85,21973.0
12:20,638.3,638.72,638.22,638.67,13387.0
12:21,638.49,638.66,638.3,638.3,2971.0
12:22,638.37,638.37,638.1,638.37,8024.0
12:23,638.57,638.81,638.24,638.55,12473.0
12:24,638.28,638.8,638.28,638.67,7924.0
12:25,638.53,638.63,638.3,638.34,15167.0
12:26,637.85,638.53,637.85,638.53,5813.0
12:27,638.0,638.17,637.93,637.98,8940.0
12:28,637.89,638.21,637.89,637.93,4465.0
12:29,638.23,638.25,637.88,638.2,4643.0
12:30,638.29,638.42,637.9,637.9,15513.0
12:31,637.54,637.89,637.54,637.89,3427.0
12:32,637.47,637.77,637.3,637.77,7759.0
12:33,637.49,637.69,637.31,637.47,8491.0
12:34,637.0,637.51,637.0,637.34,16775.0
12:35,637.36,637.45,637.06,637.2,49347.0
12:36,636.75,637.43,636.75,637.23,12174.0
12:37,637.08,637.43,636.55,636.59,13200.0
12:38,637.26,637.5,637.26,637.3,2766.0
12:39,637.32,637.45,637.11,637.22,9470.0
12:40,637.26,637.46,637.1,637.43,8660.0
12:41,636.93,637.37,636.91,637.27,6112.0
12:42,637.39,637.39,636.91,637.07,6160.0
12:43,637.39,637.63,637.23,637.49,11519.0
12:44,637.07,637.23,636.94,637.2,6212.0
12:45,637.01,637.02,636.84,636.9,4460.0
12:46,636.77,636.96,636.77,636.83,3781.0
12:47,636.53,636.86,636.44,636.83,9452.0
12:48,636.68,636.68,636.36,636.36,5445.0
12:49,636.3,636.59,636.27,636.49,4392.0
12:50,636.36,636.59,636.26,636.48,8334.0
12:51,636.3,636.53,636.19,636.53,13636.0
12:52,636.46,636.46,636.1,636.35,7429.0
12:53,636.57,636.64,636.36,636.41,4582.0
12:54,636.92,637.03,636.65,636.65,10138.0
12:55,636.69,636.9,636.69,636.84,3867.0
12:56,636.3,636.82,636.14,636.81,6729.0
12:57,636.2,636.5,636.07,636.09,9446.0
12:58,636.47,636.47,636.1,636.26,3923.0
12:59,636.34,636.34,636.27,636.27,4363.0
13:00,636.61,636.68,636.5,636.6,9674.0
13:01,636.1,636.52,636.1,636.52,4682.0
13:02,636.27,636.39,636.0,636.28,5738.0
13:03,636.36,636.5,636.14,636.5,4934.0
13:04,636.4,636.54,636.35,636.35,7524.0
13:05,636.7,637.0,636.41,636.41,7227.0
13:06,636.6,636.82,636.5,636.79,6324.0
13:07,636.29,636.5,636.22,636.5,4842.0
13:08,636.17,636.37,636.17,636.22,4004.0
13:09,636.15,636.41,636.02,636.12,7693.0
13:10,635.79,636.04,635.75,636.02,23364.0
13:11,636.17,636.17,635.59,635.65,10641.0
13:12,635.86,635.89,635.78,635.89,2929.0
13:13,636.12,636.2,635.99,636.07,13400.0
13:14,636.03,636.23,635.89,636.22,5679.0
13:15,636.0,636.23,635.66,636.11,27698.0
13:16,636.44,636.72,635.96,636.0,20744.0
13:17,636.44,636.75,636.24,636.33,9149.0
13:18,636.63,636.95,636.52,636.75,11812.0
13:19,636.51,636.92,636.38,636.92,5554.0
13:20,636.9,636.9,636.39,636.46,8154.0
13:21,636.8,636.98,636.58,636.76,16032.0
13:22,637.1,637.1,636.76,636.76,9387.0
13:23,637.43,637.55,637.14,637.18,13531.0
13:24,637.45,637.6,637.3,637.54,11225.0
13:25,637.3,637.43,637.07,637.3,12371.0
13:26,637.47,637.51,637.33,637.5,7437.0
13:27,637.77,637.83,637.3,637.67,7913.0
13:28,637.74,637.92,637.59,637.77,7255.0
13:29,637.85,637.85,637.63,637.72,5441.0
13:30,637.35,637.85,637.35,637.85,6493.0
13:31,637.24,637.46,637.24,637.35,5794.0
13:32,637.13,637.5,637.1,637.28,5376.0
13:33,637.75,637.75,637.1,637.1,11280.0
13:34,638.28,638.28,637.89,637.9,9250.0
13:35,638.11,638.38,638.0,638.38,8865.0
13:36,637.84,638.16,637.84,638.1,10574.0
13:37,637.37,637.89,637.37,637.89,19050.0
13:38,637.82,638.08,637.19,637.24,14704.0
13:39,637.86,637.86,637.86,637.86,820.0
13:40,638.09,638.18,637.94,637.94,3858.0
13:41,638.25,638.25,637.92,638.09,5991.0
13:42,638.22,638.31,638.13,638.31,5873.0
13:43,638.4,638.5,638.26,638.38,7141.0
13:44,638.99,638.99,638.5,638.5,17842.0
13:45,638.73,639.13,638.73,638.99,11549.0
13:46,638.41,638.86,638.41,638.86,5547.0
13:47,638.68,638.73,638.35,638.4,7267.0
13:48,638.97,639.07,638.8,638.8,5698.0
13:49,638.76,639.08,638.76,638.97,10057.0
13:50,638.78,638.87,638.56,638.82,6502.0
13:51,638.81,638.99,638.64,638.82,5392.0
13:52,638.58,638.9,638.58,638.85,5404.0
13:53,638.65,638.8,638.48,638.55,5311.0
13:54,638.75,638.75,638.49,638.51,7117.0
13:55,639.61,639.61,638.84,638.93,29546.0
13:56,639.52,640.0,639.46,639.82,36293.0
13:57,639.41,639.5,639.17,639.5,11308.0
13:58,639.21,639.56,639.13,639.13,8661.0
13:59,639.34,639.48,639.18,639.36,7124.0
14:00,639.29,639.4,639.16,639.32,6472.0
14:01,639.48,639.67,639.46,639.47,8323.0
14:02,639.32,639.87,639.3,639.65,10174.0
14:03,639.1,639.52,639.1,639.45,12844.0
14:04,639.32,639.32,638.96,639.26,17070.0
14:05,638.98,639.47,638.96,639.24,5317.0
14:06,639.09,639.19,638.75,639.18,10634.0
14:07,639.21,639.39,638.73,639.07,15329.0
14:08,639.21,639.25,639.0,639.22,11002.0
14:09,638.93,639.36,638.93,639.36,7845.0
14:10,638.5,638.86,638.35,638.86,18921.0
14:11,638.56,638.79,638.45,638.45,4860.0
14:12,638.86,639.18,638.73,638.73,6270.0
14:13,639.0,639.18,638.95,639.17,11143.0
14:14,639.1,639.17,639.0,639.0,8880.0
14:15,639.12,639.45,639.12,639.27,6242.0
14:16,639.74,639.77,639.0,639.22,17593.0
14:17,639.47,639.48,639.18,639.35,6473.0
14:18,639.57,639.7,639.35,639.47,7592.0
14:19,639.47,639.68,639.43,639.62,10341.0
14:20,639.27,639.75,639.25,639.51,12035.0
14:21,639.2,639.53,639.05,639.18,7871.0
14:22,639.03,639.2,638.74,639.2,13294.0
14:23,639.59,639.59,638.96,638.96,7785.0
14:24,639.53,639.71,639.32,639.33,7694.0
14:25,639.44,639.66,639.17,639.31,7754.0
14:26,638.88,639.32,638.86,639.3,6548.0
14:27,638.89,639.16,638.87,638.89,7157.0
14:28,638.5,638.88,638.5,638.88,8474.0
14:29,638.36,638.56,638.32,638.47,10573.0
14:30,638.28,638.6,637.98,638.31,10990.0
14:31,638.51,638.51,638.2,638.3,9730.0
14:32,638.76,638.76,638.25,638.25,7640.0
14:33,638.43,638.69,638.22,638.69,14208.0
14:34,638.43,638.55,638.32,638.32,3618.0
14:35,638.59,638.59,638.43,638.47,7057.0
14:36,638.58,638.69,638.39,638.63,5546.0
14:37,638.42,638.62,638.35,638.5,34144.0
14:38,638.14,638.61,638.14,638.46,6501.0
14:39,637.91,638.22,637.81,638.19,7200.0
14:40,638.02,638.1,637.81,638.0,6818.0
14:41,638.03,638.17,637.79,637.91,10072.0
14:42,638.15,638.41,637.97,638.23,5878.0
14:43,638.42,638.43,638.15,638.34,3677.0
14:44,638.42,638.42,638.29,638.42,11258.0
14:45,638.69,638.83,638.35,638.37,6703.0
14:46,639.1,639.17,638.86,639.0,9023.0
14:47,638.92,639.01,638.76,638.76,4333.0
14:48,638.91,638.97,638.82,638.97,3490.0
14:49,638.59,639.16,638.59,639.05,8917.0
14:50,639.02,639.02,638.59,638.63,9165.0
14:51,639.11,639.19,638.86,638.86,6295.0
14:52,639.6,639.6,639.1,639.26,6872.0
14:53,639.28,639.59,639.2,639.54,8280.0
14:54,639.31,639.48,639.17,639.48,5493.0
14:55,639.45,639.75,639.45,639.47,15294.0
14:56,639.29,639.59,639.25,639.59,18173.0
14:57,639.41,639.73,639.16,639.28,9374.0
14:58,639.6,639.78,639.58,639.75,5831.0
14:59,639.82,639.83,639.31,639.45,18286.0
15:00,639.29,639.92,639.02,639.82,51546.0
15:01,640.36,640.36,639.4,639.47,30445.0
15:02,640.19,640.44,640.03,640.13,13135.0
15:03,640.49,640.59,640.25,640.42,21590.0
15:04,641.1,641.11,640.53,640.6,31694.0
15:05,641.58,641.66,641.09,641.09,27922.0
15:06,641.71,641.98,641.5,641.6,16566.0
15:07,641.51,641.78,641.42,641.71,18383.0
15:08,641.78,641.88,641.43,641.5,20965.0
15:09,641.28,641.92,641.23,641.83,13055.0
15:10,641.45,641.69,641.13,641.18,10342.0
15:11,641.21,641.41,641.07,641.41,12032.0
15:12,641.29,641.5,641.01,641.07,7432.0
15:13,640.95,641.5,640.88,641.5,9279.0
15:14,640.82,641.25,640.61,641.11,27161.0
15:15,640.59,640.96,640.47,640.87,13548.0
15:16,640.23,640.57,640.23,640.47,35130.0
15:17,640.48,640.5,640.18,640.23,11033.0
15:18,639.9,640.42,639.87,640.42,19052.0
15:19,640.15,640.15,639.86,639.96,11939.0
15:20,640.2,640.3,639.71,639.89,12571.0
15:21,639.97,640.26,639.89,640.26,17623.0
15:22,639.85,640.2,639.85,640.1,5447.0
15:23,639.63,639.85,639.56,639.85,9927.0
15:24,639.78,640.08,639.64,639.71,10383.0
15:25,639.82,640.06,639.79,640.0,11561.0
15:26,640.08,640.2,639.88,640.01,12538.0
15:27,640.3,640.34,640.02,640.11,7244.0
15:28,640.19,640.45,640.19,640.34,12891.0
15:29,640.0,640.44,639.95,640.34,11669.0
15:30,640.18,640.22,639.87,639.99,12976.0
15:31,639.95,640.29,639.8,640.29,8589.0
15:32,639.78,640.08,639.78,640.05,10495.0
15:33,639.64,639.76,639.41,639.65,10643.0
15:34,639.87,639.95,639.37,639.62,11147.0
15:35,639.82,639.92,639.55,639.75,11427.0
15:36,639.0,639.81,639.0,639.81,13099.0
15:37,638.9,639.23,638.9,638.9,25743.0
15:38,639.07,639.07,638.64,639.04,21005.0
15:39,639.15,639.38,638.88,638.96,16446.0
15:40,639.08,639.21,638.84,639.16,9559.0
15:41,638.9,639.26,638.9,639.08,16128.0
15:42,639.01,639.17,638.79,639.03,10090.0
15:43,639.31,639.36,638.76,638.96,21919.0
15:44,638.95,639.47,638.95,639.26,47628.0
15:45,638.23,639.03,638.0,639.03,17311.0
15:46,638.27,638.27,637.7,638.09,17993.0
15:47,637.93,638.36,637.93,638.1,16877.0
15:48,638.6,638.75,638.0,638.09,15416.0
15:49,638.56,638.8,638.36,638.73,21692.0
15:50,638.75,639.63,638.6,638.73,46138.0
15:51,638.92,639.51,638.78,638.81,32229.0
15:52,638.26,638.99,638.18,638.92,21960.0
15:53,638.16,638.52,638.06,638.18,37159.0
15:54,637.85,638.35,637.81,638.12,33147.0
15:55,636.7,638.52,636.69,638.2,63479.0
15:56,636.29,636.88,635.93,636.65,46709.0
15:57,636.69,636.86,636.22,636.5,67716.0
15:58,636.83,637.11,636.61,636.73,61841.0
15:59,636.42,637.22,636.42,636.76,225398.0
