Time,Close,High,Low,Open,Volume
09:30,536.61,537.94,534.66,535.01,762449.0
09:31,535.29,537.93,535.01,536.61,73930.0
09:32,536.64,537.74,535.11,535.97,99671.0
09:33,536.75,537.28,535.0,536.64,78646.0
09:34,537.58,537.99,535.45,537.14,65016.0
09:35,539.26,539.8,537.11,537.45,108832.0
09:36,539.16,540.26,538.33,539.09,81943.0
09:37,538.77,539.66,538.0,539.16,71951.0
09:38,541.16,541.36,537.89,538.79,72799.0
09:39,543.27,544.28,540.87,540.87,101146.0
09:40,541.87,543.54,541.21,543.27,78938.0
09:41,540.74,541.84,539.85,541.51,67523.0
09:42,542.43,542.64,539.89,540.86,82161.0
09:43,544.0,545.25,542.51,542.57,100908.0
09:44,543.14,544.85,543.11,544.16,73932.0
09:45,543.36,543.55,542.43,543.53,78593.0
09:46,545.03,546.0,543.51,543.6,88491.0
09:47,546.76,547.4,545.01,545.03,73719.0
09:48,544.51,547.02,544.39,546.77,87151.0
09:49,544.24,545.96,543.19,544.24,70805.0
09:50,541.6,544.99,541.31,544.08,88402.0
09:51,543.09,543.97,542.12,542.12,55861.0
09:52,543.98,545.69,542.8,543.09,46240.0
09:53,544.62,545.18,543.4,544.08,57429.0
09:54,544.73,545.12,543.98,544.73,62118.0
09:55,542.58,544.92,541.66,544.92,48977.0
09:56,542.01,543.26,542.01,542.48,36654.0
09:57,541.22,542.36,540.79,542.01,61120.0
09:58,540.96,542.23,540.72,541.46,166034.0
09:59,541.47,542.0,541.05,541.13,39314.0
10:00,538.34,541.53,538.3,540.82,178082.0
10:01,536.96,539.88,536.82,538.66,86525.0
10:02,536.99,537.84,535.71,537.03,112231.0
10:03,535.7,536.98,534.33,536.93,111150.0
10:04,537.19,537.37,535.77,535.78,59064.0
10:05,537.28,537.98,536.7,537.31,55319.0
10:06,537.28,537.86,536.61,537.31,55516.0
10:07,540.85,541.28,537.28,537.28,76010.0
10:08,540.34,542.0,540.02,540.93,47956.0
10:09,540.52,540.88,539.48,540.4,53236.0
10:10,540.95,541.61,540.2,540.71,57358.0
10:11,538.58,540.61,537.13,540.61,51403.0
10:12,536.83,538.6,536.83,538.54,57881.0
10:13,538.6,539.05,536.23,536.76,57973.0
10:14,538.77,539.15,537.51,538.04,40406.0
10:15,540.55,541.0,538.93,538.93,63119.0
10:16,539.82,541.32,539.42,541.11,51563.0
10:17,537.55,540.01,537.55,540.01,71833.0
10:18,536.0,538.3,535.91,538.04,71435.0
10:19,535.25,536.61,535.0,536.21,49034.0
10:20,534.4,536.0,534.36,535.25,74940.0
10:21,533.95,534.32,532.73,534.27,105899.0
10:22,532.0,534.12,531.72,534.09,59805.0
10:23,532.22,532.41,530.75,532.18,78114.0
10:24,533.71,534.13,532.24,532.27,44311.0
10:25,532.9,534.74,532.89,533.38,95037.0
10:26,530.78,532.85,530.78,532.82,72965.0
10:27,531.01,532.0,530.0,530.77,139109.0
10:28,529.29,531.04,529.29,531.01,66595.0
10:29,529.86,530.24,529.11,529.22,58735.0
10:30,531.86,531.95,528.59,529.78,118834.0
10:31,531.22,531.93,530.55,531.62,68557.0
10:32,532.29,533.55,531.25,531.39,50167.0
10:33,534.0,534.35,531.74,532.08,41030.0
10:34,533.94,534.33,533.12,534.01,47613.0
10:35,534.78,535.35,533.93,534.3,38752.0
10:36,535.62,535.91,534.03,534.5,33228.0
10:37,533.97,535.75,533.8,535.28,41099.0
10:38,535.19,535.19,533.49,533.93,48100.0
10:39,534.9,535.94,534.5,535.01,47788.0
10:40,534.62,535.05,533.22,534.6,30165.0
10:41,535.39,535.81,534.62,534.72,26090.0
10:42,536.17,536.67,534.95,534.95,31578.0
10:43,535.44,536.36,535.24,535.91,23393.0
10:44,536.89,537.49,535.49,535.61,48212.0
10:45,538.31,539.77,537.25,537.25,49924.0
10:46,539.59,539.74,537.95,538.37,52657.0
10:47,539.66,540.14,539.0,539.41,36750.0
10:48,538.64,539.93,538.64,539.4,22732.0
10:49,538.86,539.42,538.23,538.64,21135.0
10:50,537.71,538.66,537.17,538.66,35961.0
10:51,537.67,538.22,536.65,537.36,33524.0
10:52,537.55,538.16,537.26,537.76,22956.0
10:53,535.9,537.93,535.9,537.82,25606.0
10:54,537.0,537.1,535.67,536.07,33906.0
10:55,536.26,536.98,535.94,536.85,29640.0
10:56,536.0,536.53,535.06,536.3,68507.0
10:57,536.23,537.59,536.0,536.15,26230.0
10:58,535.51,537.47,535.16,536.66,25392.0
10:59,534.93,535.58,534.51,535.58,26574.0
11:00,537.93,540.58,534.0,534.35,102242.0
11:01,535.84,537.79,535.7,537.79,17682.0
11:02,536.01,536.69,535.21,535.84,24328.0
11:03,534.43,536.59,533.65,536.31,24956.0
11:04,534.05,534.38,533.54,534.11,39669.0
11:05,533.0,533.92,532.01,533.92,54768.0
11:06,532.17,533.55,532.0,532.85,41323.0
11:07,531.97,532.54,531.62,531.8,28171.0
11:08,533.41,534.12,531.81,532.26,44888.0
11:09,534.72,534.96,533.16,533.72,46031.0
11:10,534.11,535.39,533.77,534.57,40266.0
11:11,534.06,534.38,533.05,534.12,21091.0
11:12,533.59,534.79,533.59,534.55,16450.0
11:13,532.84,533.8,532.73,533.5,22611.0
11:14,532.34,532.96,532.1,532.74,32791.0
11:15,532.82,532.82,531.0,532.06,78532.0
11:16,532.7,533.05,532.13,532.42,18762.0
11:17,531.87,532.84,531.41,532.41,22616.0
11:18,531.3,531.87,530.75,531.53,37212.0
11:19,532.23,532.23,531.03,531.11,27995.0
11:20,531.82,532.71,531.61,532.36,28867.0
11:21,532.52,532.82,531.34,531.81,52318.0
11:22,532.51,533.67,532.11,532.6,63047.0
11:23,531.41,533.24,531.41,532.64,23535.0
11:24,532.16,532.33,531.12,531.33,25299.0
11:25,533.34,533.69,532.15,532.16,26655.0
11:26,532.31,533.99,532.21,533.7,36299.0
11:27,533.43,534.29,532.15,532.55,37073.0
11:28,535.08,535.35,533.48,533.48,65874.0
11:29,535.25,535.35,534.01,534.8,29445.0
11:30,535.39,535.72,534.08,535.21,30671.0
11:31,534.98,535.83,534.94,535.41,16558.0
11:32,535.89,536.18,534.8,534.93,22344.0
11:33,535.73,536.94,535.6,535.89,72157.0
11:34,536.21,536.5,535.07,536.23,12548.0
11:35,535.01,536.43,535.0,535.87,17121.0
11:36,536.34,536.5,534.98,534.98,16418.0
11:37,536.71,537.4,536.27,536.27,25688.0
11:38,537.57,538.0,536.52,536.98,28522.0
11:39,538.85,539.02,537.22,537.78,37578.0
11:40,537.72,539.33,537.36,538.86,26663.0
11:41,536.57,537.73,536.47,537.73,17415.0
11:42,537.64,537.89,536.71,536.78,16510.0
11:43,537.31,537.62,536.83,537.47,9861.0
11:44,537.51,537.96,537.3,537.3,16675.0
11:45,537.87,538.48,537.47,537.51,30207.0
11:46,537.04,538.05,536.73,538.05,30428.0
11:47,538.1,538.1,536.83,536.83,28893.0
11:48,537.56,538.47,537.19,538.1,29412.0
11:49,537.36,538.5,537.29,538.0,23297.0
11:50,536.68,537.53,536.68,537.52,20316.0
11:51,536.46,536.83,535.86,536.8,18453.0
11:52,537.34,537.34,535.99,536.3,13151.0
11:53,537.04,537.49,536.66,537.36,11526.0
11:54,536.82,537.27,536.46,537.27,9774.0
11:55,537.25,537.4,536.77,537.0,10504.0
11:56,537.92,537.92,537.04,537.04,32276.0
11:57,537.41,538.45,537.15,538.0,18862.0
11:58,538.2,538.29,537.36,537.52,12439.0
11:59,538.06,538.16,537.65,537.82,12138.0
12:00,538.6,538.6,537.5,538.2,19705.0
12:01,537.32,538.41,537.21,538.41,13875.0
12:02,537.51,537.87,537.11,537.7,11291.0
12:03,537.1,537.97,537.1,537.95,10524.0
12:04,538.28,538.29,537.34,537.37,10732.0
12:05,539.45,539.66,538.07,538.1,31275.0
12:06,539.73,539.76,539.08,539.45,41175.0
12:07,539.17,540.43,538.81,539.76,24190.0
12:08,539.43,539.6,538.77,539.02,26664.0
12:09,538.15,539.22,538.06,539.22,21185.0
12:10,539.14,539.3,538.41,538.5,22675.0
12:11,539.36,539.78,538.76,539.55,19007.0
12:12,539.78,539.9,539.13,539.13,20903.0
12:13,539.6,540.32,539.6,540.1,24805.0
12:14,539.01,540.18,538.74,539.91,20068.0
12:15,538.26,539.38,538.11,538.91,19308.0
12:16,539.77,539.77,538.62,538.72,27127.0
12:17,539.0,539.61,539.0,539.34,12394.0
12:18,539.28,539.71,539.26,539.28,11521.0
12:19,538.69,539.75,538.44,539.3,16456.0
12:20,538.56,539.16,538.55,538.73,16227.0
12:21,538.39,538.87,538.08,538.72,12016.0
12:22,537.55,538.56,537.55,538.21,16305.0
12:23,537.8,538.09,537.43,537.87,11715.0
12:24,536.51,537.82,536.18,537.65,32956.0
12:25,536.27,536.83,535.88,536.51,22163.0
12:26,536.48,536.48,535.39,536.34,23851.0
12:27,536.73,536.97,536.52,536.64,17125.0
12:28,537.34,537.53,537.07,537.26,12477.0
12:29,536.45,537.4,536.38,537.36,23634.0
12:30,537.84,537.86,536.46,536.46,17840.0
12:31,538.43,538.82,537.74,537.86,20431.0
12:32,538.9,539.12,538.34,538.43,16268.0
12:33,539.94,539.94,538.71,539.0,19060.0
12:34,540.38,540.5,539.51,539.8,52661.0
12:35,540.22,541.36,540.2,540.43,39533.0
12:36,541.76,542.0,540.42,540.42,53423.0
12:37,542.42,542.42,541.36,541.42,41315.0
12:38,542.43,542.43,541.51,542.1,32156.0
12:39,541.6,542.75,541.6,542.39,24800.0
12:40,541.8,542.17,541.1,541.65,20029.0
12:41,541.22,541.92,541.02,541.79,25253.0
12:42,541.86,541.99,541.22,541.22,45447.0
12:43,542.02,542.48,541.39,541.92,35391.0
12:44,542.52,542.65,541.81,541.99,51263.0
12:45,541.02,542.45,540.74,542.45,33579.0
12:46,540.96,541.25,540.27,540.76,36344.0
12:47,541.33,541.59,540.69,541.16,30076.0
12:48,541.15,541.49,540.72,541.17,24892.0
12:49,541.33,541.87,540.9,541.0,22411.0
12:50,540.97,541.64,540.69,541.39,23143.0
12:51,540.47,541.23,540.11,541.11,26290.0
12:52,541.27,541.42,540.41,540.41,16021.0
12:53,540.44,541.39,540.21,541.29,49662.0
12:54,540.92,541.05,540.27,540.38,27613.0
12:55,540.9,541.01,539.96,540.84,33811.0
12:56,539.88,540.9,539.61,540.9,25626.0
12:57,540.9,540.94,539.72,539.96,15410.0
12:58,540.28,540.83,540.16,540.7,16251.0
12:59,539.92,540.38,539.68,540.28,22979.0
13:00,539.15,540.27,539.0,539.92,32211.0
13:01,539.34,539.49,538.09,539.03,34815.0
13:02,540.24,540.47,539.2,539.41,30428.0
13:03,540.49,540.99,540.2,540.24,44694.0
13:04,540.0,540.49,539.67,540.37,43657.0
13:05,539.76,540.34,539.59,540.04,24058.0
13:06,541.73,541.85,539.86,539.86,28173.0
13:07,541.74,542.34,541.61,541.79,34937.0
13:08,540.47,541.71,540.12,541.63,26087.0
13:09,540.24,540.61,539.84,540.55,44161.0
13:10,539.45,540.36,538.87,540.08,38508.0
13:11,539.22,539.48,538.5,539.38,24590.0
13:12,539.51,539.99,539.19,539.43,17066.0
13:13,538.41,539.56,538.28,539.43,24262.0
13:14,538.8,539.44,538.35,538.41,23186.0
13:15,538.57,539.0,538.5,538.9,19445.0
13:16,539.32,539.59,538.57,538.78,20709.0
13:17,538.0,539.35,538.0,539.32,24822.0
13:18,537.03,538.5,536.99,538.13,31951.0
13:19,536.66,537.29,536.42,537.09,31642.0
13:20,537.78,537.95,536.37,536.95,21223.0
13:21,538.76,539.1,537.39,537.78,21171.0
13:22,539.87,540.05,538.77,538.77,17105.0
13:23,538.65,539.91,537.99,539.71,15961.0
13:24,538.16,538.63,537.89,538.63,13757.0
13:25,537.9,538.24,537.4,538.24,12840.0
13:26,538.43,538.43,537.67,537.67,7645.0
13:27,538.09,538.43,537.9,538.43,11997.0
13:28,538.22,538.28,537.53,538.26,15193.0
13:29,537.68,538.22,537.43,538.22,18012.0
13:30,537.68,538.29,537.4,537.83,14184.0
13:31,536.28,537.62,536.28,537.62,22310.0
13:32,537.55,537.55,536.01,536.08,24088.0
13:33,536.54,537.38,536.46,537.36,9523.0
13:34,537.48,537.49,536.42,536.42,14237.0
13:35,536.76,537.73,536.62,537.54,18005.0
13:36,537.83,538.24,536.49,536.5,24336.0
13:37,538.45,538.73,537.78,537.8,19783.0
13:38,539.5,539.5,538.18,538.65,23880.0
13:39,540.53,540.71,539.25,539.49,49261.0
13:40,541.91,542.25,540.37,540.37,52099.0
13:41,541.33,541.89,540.48,541.89,58928.0
13:42,542.07,542.46,540.6,541.4,33003.0
13:43,543.23,543.43,542.1,542.1,48664.0
13:44,543.41,544.14,543.35,543.47,49677.0
13:45,542.87,543.65,542.14,543.43,46001.0
13:46,542.16,543.14,541.87,542.57,27267.0
13:47,541.22,542.17,540.91,542.17,24969.0
13:48,542.84,542.89,541.53,542.0,21380.0
13:49,542.76,543.15,542.39,542.88,22997.0
13:50,542.74,542.74,542.0,542.49,16501.0
13:51,542.68,543.0,542.3,542.96,17240.0
13:52,542.57,543.09,541.75,542.92,46229.0
13:53,543.08,543.39,542.35,542.53,18218.0
13:54,543.39,543.9,543.17,543.17,39742.0
13:55,542.86,543.35,542.22,543.18,34267.0
13:56,542.2,543.16,541.88,542.89,22727.0
13:57,542.78,542.93,541.79,541.99,27736.0
13:58,542.49,543.28,542.49,542.93,31953.0
13:59,542.42,542.42,541.81,542.2,19133.0
14:00,541.83,542.84,541.83,542.41,27898.0
14:01,541.82,542.24,541.3,542.07,23088.0
14:02,542.01,542.43,541.61,541.95,42020.0
14:03,542.17,542.3,541.24,542.25,22611.0
14:04,542.84,542.98,542.02,542.03,48227.0
14:05,542.07,542.99,541.78,542.99,47868.0
14:06,541.11,542.29,540.79,542.1,11322.0
14:07,541.03,541.43,540.44,541.11,21512.0
14:08,541.51,541.99,540.94,541.33,26553.0
14:09,541.33,541.61,540.97,541.47,16658.0
14:10,540.98,541.07,540.08,541.03,33027.0
14:11,541.86,542.0,540.86,540.99,19045.0
14:12,542.1,542.15,541.4,541.76,26807.0
14:13,541.72,542.51,541.49,541.76,47154.0
14:14,541.7,542.14,541.41,541.72,11797.0
14:15,541.92,542.16,541.53,541.69,13431.0
14:16,541.69,542.14,541.09,542.14,23389.0
14:17,540.96,541.79,540.78,541.64,34453.0
14:18,540.15,540.98,540.15,540.75,30698.0
14:19,540.01,540.34,539.41,540.08,33411.0
14:20,540.25,540.89,539.8,539.8,20534.0
14:21,539.84,540.61,539.22,540.49,29219.0
14:22,541.21,541.26,539.7,539.7,27906.0
14:23,540.7,541.48,540.28,541.06,22403.0
14:24,540.97,541.32,540.69,541.03,10319.0
14:25,540.62,541.31,540.37,540.97,28384.0
14:26,540.43,540.94,540.36,540.68,10950.0
14:27,539.57,540.59,539.01,540.59,22510.0
14:28,540.04,540.25,539.35,539.51,19677.0
14:29,540.77,541.16,539.83,539.92,11817.0
14:30,541.26,541.61,540.95,541.0,20258.0
14:31,540.19,541.26,540.1,541.26,26910.0
14:32,540.88,540.93,540.45,540.63,8787.0
14:33,541.11,541.42,540.92,541.26,12996.0
14:34,541.0,541.36,540.54,541.36,17405.0
14:35,540.9,541.0,540.35,540.66,15537.0
14:36,541.46,541.59,540.91,541.1,39602.0
14:37,541.1,541.88,541.1,541.46,21861.0
14:38,540.51,541.13,540.14,540.93,26054.0
14:39,540.6,540.88,540.14,540.27,15588.0
14:40,541.51,541.61,540.97,540.97,14414.0
14:41,541.49,541.72,541.11,541.41,21359.0
14:42,541.38,541.59,540.76,541.59,17758.0
14:43,540.91,541.39,540.63,541.39,10247.0
14:44,541.22,541.33,540.91,540.91,8379.0
14:45,541.76,541.85,541.0,541.26,17565.0
14:46,541.77,542.01,541.24,541.65,11780.0
14:47,541.75,542.09,541.59,541.72,10053.0
14:48,542.22,542.55,541.57,541.77,12154.0
14:49,542.22,542.28,541.55,542.11,13509.0
14:50,541.7,542.24,541.44,541.9,12101.0
14:51,540.63,541.73,540.5,541.41,24829.0
14:52,540.98,540.98,539.39,540.4,25642.0
14:53,541.73,541.86,540.71,541.04,20718.0
14:54,541.76,542.41,541.64,541.73,15223.0
14:55,541.47,542.01,541.3,541.62,10458.0
14:56,540.45,541.62,540.45,541.49,14789.0
14:57,540.28,540.86,539.87,540.81,19320.0
14:58,540.36,540.84,540.27,540.29,9463.0
14:59,540.07,540.7,539.89,540.56,17833.0
15:00,541.02,541.16,539.98,540.09,13010.0
15:01,541.46,541.62,540.69,540.88,13932.0
15:02,542.49,542.6,541.17,541.17,28881.0
15:03,542.46,542.81,542.1,542.69,21069.0
15:04,542.32,542.65,542.08,542.5,16303.0
15:05,541.64,542.54,541.46,542.29,17990.0
15:06,542.89,542.89,541.37,541.56,21385.0
15:07,543.54,543.66,542.61,542.76,44121.0
15:08,543.2,543.76,543.18,543.71,21911.0
15:09,543.58,543.58,543.06,543.1,28760.0
15:10,543.6,543.6,542.65,543.43,25242.0
15:11,543.37,543.81,543.25,543.66,32077.0
15:12,543.51,543.67,543.0,543.27,16566.0
15:13,544.35,544.38,543.5,543.62,24118.0
15:14,544.55,544.77,544.32,544.4,43769.0
15:15,543.93,544.88,543.83,544.8,33401.0
15:16,544.28,544.75,543.92,543.98,46257.0
15:17,543.39,544.04,543.23,544.04,29848.0
15:18,543.99,544.08,543.01,543.67,36813.0
15:19,543.98,544.08,543.62,543.92,42305.0
15:20,544.0,544.06,543.5,543.95,19072.0
15:21,543.79,544.09,543.73,543.91,39281.0
15:22,543.68,543.83,543.15,543.66,23132.0
15:23,544.58,544.75,543.72,543.86,40361.0
15:24,544.45,544.75,544.21,544.48,24724.0
15:25,543.4,544.46,543.4,544.45,19430.0
15:26,544.42,544.42,543.17,543.37,50454.0
15:27,544.42,544.98,544.22,544.49,42642.0
15:28,543.85,544.54,543.82,544.22,42294.0
15:29,544.03,544.3,543.49,543.97,29048.0
15:30,543.32,544.0,543.32,543.97,34602.0
15:31,543.65,544.19,543.34,543.53,28961.0
15:32,544.07,544.15,543.09,543.56,50319.0
15:33,543.7,544.1,543.43,544.04,20977.0
15:34,543.95,544.42,543.65,543.84,35958.0
15:35,543.3,543.94,542.91,543.85,29412.0
15:36,543.42,543.78,543.0,543.48,22461.0
15:37,542.11,543.49,542.03,543.49,41777.0
15:38,542.41,542.91,541.96,542.15,52160.0
15:39,542.88,542.93,542.15,542.41,25800.0
15:40,542.84,543.64,542.76,542.88,22654.0
15:41,542.66,543.29,542.53,542.96,33458.0
15:42,543.15,543.41,542.0,542.65,66175.0
15:43,542.9,543.41,542.24,543.24,107942.0
15:44,543.6,543.68,542.74,542.9,45921.0
15:45,541.94,543.89,541.94,543.6,56847.0
15:46,542.24,542.83,541.67,541.87,50506.0
15:47,542.21,542.44,541.81,542.0,36481.0
15:48,542.22,542.49,541.98,542.39,25667.0
15:49,542.89,542.96,541.95,542.24,37829.0
15:50,543.02,543.61,542.82,543.24,60940.0
15:51,543.26,543.43,542.66,543.09,49587.0
15:52,542.68,543.3,542.45,543.17,57856.0
15:53,542.57,542.78,541.7,542.66,73834.0
15:54,543.54,543.88,542.2,542.56,107003.0
15:55,543.91,544.88,543.54,543.54,153749.0
15:56,544.23,544.3,543.75,543.96,106377.0
15:57,543.95,544.24,543.31,544.24,165417.0
15:58,543.67,544.24,543.4,543.87,193612.0
15:59,543.29,543.69,542.86,543.53,413875.0
