Time,Close,High,Low,Open,Volume
09:30,726.54,728.0,725.0,726.7,776647.0
09:31,725.98,727.26,725.25,726.76,104881.0
09:32,728.4,729.0,725.36,726.35,182425.0
09:33,728.89,729.0,727.38,728.4,114984.0
09:34,728.11,729.0,726.49,728.94,97668.0
09:35,727.18,728.45,726.99,727.96,112045.0
09:36,726.61,727.63,726.29,726.77,67770.0
09:37,726.4,726.64,725.73,726.37,53621.0
09:38,726.45,727.1,726.0,726.4,89019.0
09:39,724.78,726.73,724.46,726.72,110459.0
09:40,723.04,725.04,722.99,724.88,77937.0
09:41,722.1,723.04,721.78,723.0,74642.0
09:42,720.9,722.44,720.89,722.13,83951.0
09:43,721.58,721.78,720.99,721.16,67332.0
09:44,723.74,723.95,721.5,721.72,57119.0
09:45,723.0,723.0,723.0,723.0,48608.0
09:46,721.64,722.77,721.59,722.77,24110.0
09:47,721.41,722.41,721.13,722.32,73940.0
09:48,721.18,722.05,720.67,721.87,123769.0
09:49,722.17,722.44,720.78,720.92,36943.0
09:50,721.79,722.5,721.79,722.18,47510.0
09:51,723.0,723.43,721.61,721.78,57683.0
09:52,720.6,723.0,720.6,723.0,43023.0
09:53,721.1,721.44,720.12,721.19,61788.0
09:54,722.53,722.53,721.23,721.23,48633.0
09:55,721.96,722.54,721.9,722.41,34942.0
09:56,721.82,722.2,721.81,721.89,19505.0
09:57,721.78,722.11,721.23,721.95,18168.0
09:58,720.82,721.84,720.6,721.55,21162.0
09:59,720.49,720.96,720.23,720.82,35069.0
10:00,720.39,721.5,720.35,720.6,46715.0
10:01,720.56,721.06,720.1,720.74,40828.0
10:02,720.02,720.73,719.97,720.67,45876.0
10:03,719.13,720.23,718.76,720.13,51120.0
10:04,718.66,719.75,718.56,718.99,28362.0
10:05,719.45,719.99,718.33,718.8,65604.0
10:06,720.12,720.39,719.25,719.64,42788.0
10:07,719.69,720.06,719.02,719.86,47111.0
10:08,719.89,719.94,719.57,719.65,25281.0
10:09,720.28,720.41,719.9,719.93,39276.0
10:10,721.59,721.61,721.59,721.61,45444.0
10:11,721.04,722.05,721.0,721.59,61849.0
10:12,721.31,721.37,721.0,721.15,19718.0
10:13,719.66,721.22,719.66,721.22,45672.0
10:14,718.38,719.71,718.38,719.57,32228.0
10:15,717.38,718.53,717.08,718.35,96367.0
10:16,717.5,718.14,717.35,717.4,55259.0
10:17,717.27,717.97,716.71,717.49,59358.0
10:18,717.54,717.95,717.2,717.31,25967.0
10:19,717.41,717.89,717.35,717.71,29999.0
10:20,717.56,717.99,717.41,717.52,21204.0
10:21,717.03,717.9,716.87,717.48,34239.0
10:22,716.9,717.3,716.77,717.04,31988.0
10:23,716.73,716.73,716.56,716.56,22321.0
10:24,716.22,716.66,716.0,716.51,31069.0
10:25,716.03,716.47,716.03,716.36,30775.0
10:26,716.07,716.42,715.86,716.12,18113.0
10:27,715.76,716.32,715.59,716.12,18405.0
10:28,716.21,716.33,715.6,715.76,29007.0
10:29,715.4,716.21,715.11,716.21,42492.0
10:30,715.42,716.15,715.3,715.56,31025.0
10:31,715.65,716.07,715.33,715.59,27836.0
10:32,716.13,716.56,715.64,715.74,35445.0
10:33,714.72,716.34,714.68,716.29,71892.0
10:34,714.74,715.03,714.5,715.0,28579.0
10:35,715.06,715.06,714.44,714.82,37570.0
10:36,715.01,715.24,714.46,715.2,23428.0
10:37,715.66,715.7,714.84,714.91,19139.0
10:38,716.1,716.18,715.51,715.51,35283.0
10:39,716.22,716.62,715.94,716.14,33639.0
10:40,717.13,717.27,716.34,716.34,41346.0
10:41,717.02,717.36,716.95,717.12,32988.0
10:42,717.05,717.17,716.65,716.95,25428.0
10:43,716.39,717.14,716.25,717.05,35918.0
10:44,715.88,716.54,715.88,716.53,23584.0
10:45,715.95,716.18,715.62,715.88,19683.0
10:46,716.03,716.34,715.88,716.03,17955.0
10:47,715.26,716.02,715.1,715.93,33603.0
10:48,715.8,715.8,715.09,715.34,13722.0
10:49,715.5,715.61,715.32,715.45,9929.0
10:50,716.2,716.25,715.71,715.71,14715.0
10:51,716.04,716.52,716.03,716.45,23601.0
10:52,716.34,716.56,716.15,716.55,18475.0
10:53,716.68,716.93,716.25,716.34,40038.0
10:54,716.72,717.08,716.51,716.68,29091.0
10:55,716.88,716.88,716.37,716.59,13217.0
10:56,716.56,716.93,716.45,716.78,17458.0
10:57,716.59,716.77,716.32,716.57,15714.0
10:58,716.72,716.84,716.44,716.45,9604.0
10:59,716.43,716.75,716.34,716.75,17969.0
11:00,716.73,716.83,716.47,716.47,17916.0
11:01,717.77,717.93,716.84,716.93,69111.0
11:02,717.57,718.29,717.57,717.8,28545.0
11:03,717.28,717.51,717.1,717.5,21917.0
11:04,717.15,717.22,716.91,717.2,19429.0
11:05,717.03,717.43,717.03,717.22,23638.0
11:06,717.32,717.52,717.08,717.08,18816.0
11:07,717.28,717.32,717.05,717.22,10285.0
11:08,717.47,717.65,717.28,717.29,38788.0
11:09,717.27,717.27,717.1,717.2,18865.0
11:10,717.26,717.56,716.66,717.17,16996.0
11:11,717.1,717.23,716.89,717.12,11287.0
11:12,716.56,716.94,716.46,716.86,17096.0
11:13,716.5,716.71,716.43,716.69,11456.0
11:14,716.49,716.7,716.39,716.52,10318.0
11:15,716.41,716.52,716.15,716.32,26532.0
11:16,716.33,716.34,715.9,716.13,42747.0
11:17,716.75,716.84,716.48,716.65,21115.0
11:18,716.58,716.75,716.31,716.73,9804.0
11:19,716.6,716.75,716.41,716.57,10661.0
11:20,716.58,716.95,716.55,716.62,13229.0
11:21,716.73,717.11,716.59,716.59,18915.0
11:22,716.99,717.01,716.89,716.9,7836.0
11:23,717.5,717.5,716.95,717.04,19478.0
11:24,717.73,717.76,717.42,717.47,24802.0
11:25,717.5,717.97,717.22,717.73,27046.0
11:26,718.51,718.59,717.37,717.42,68525.0
11:27,718.3,718.85,718.0,718.52,47923.0
11:28,718.52,718.85,718.29,718.29,38834.0
11:29,719.29,719.41,718.52,718.56,35189.0
11:30,718.71,719.21,718.63,719.21,20727.0
11:31,718.92,719.26,718.5,718.8,22605.0
11:32,719.45,719.47,718.91,718.92,26754.0
11:33,719.87,719.96,719.4,719.41,36078.0
11:34,719.28,719.95,719.28,719.91,48317.0
11:35,719.03,719.33,718.7,719.33,12974.0
11:36,719.45,719.55,719.0,719.07,24497.0
11:37,719.57,719.63,719.11,719.45,20132.0
11:38,719.18,719.27,718.92,719.22,14971.0
11:39,719.21,719.29,718.9,719.03,8757.0
11:40,719.78,719.78,719.25,719.25,9561.0
11:41,719.69,719.99,719.58,719.64,17467.0
11:42,719.25,719.73,719.16,719.65,14785.0
11:43,719.45,719.61,719.21,719.25,15060.0
11:44,719.43,719.55,719.2,719.26,17108.0
11:45,719.32,719.76,719.12,719.43,17622.0
11:46,718.9,719.45,718.9,719.39,24870.0
11:47,719.12,719.21,718.94,719.03,9509.0
11:48,719.46,719.46,719.03,719.12,12928.0
11:49,718.89,719.68,718.7,719.43,33704.0
11:50,718.8,719.35,718.8,719.13,10282.0
11:51,718.88,719.26,718.8,718.91,17613.0
11:52,718.54,718.9,718.39,718.87,19613.0
11:53,718.41,718.6,718.24,718.54,10863.0
11:54,718.39,718.6,718.17,718.39,23354.0
11:55,718.19,718.44,718.13,718.42,14888.0
11:56,717.62,718.25,717.62,718.25,18618.0
11:57,717.71,717.78,717.31,717.64,25042.0
11:58,717.93,718.06,717.75,717.77,12988.0
11:59,717.64,717.97,717.52,717.97,9297.0
12:00,717.87,717.98,717.64,717.69,14561.0
12:01,718.45,718.57,717.86,717.86,19945.0
12:02,718.52,718.65,718.28,718.37,8053.0
12:03,718.57,718.66,718.4,718.66,9667.0
12:04,718.74,718.74,718.4,718.64,16067.0
12:05,718.94,718.94,718.62,718.72,20110.0
12:06,718.71,718.78,718.64,718.78,6023.0
12:07,719.0,719.08,718.53,718.71,19714.0
12:08,718.95,719.08,718.8,718.87,11869.0
12:09,718.86,719.14,718.71,718.95,23711.0
12:10,719.25,719.25,718.83,718.86,20417.0
12:11,719.32,719.32,718.91,719.23,15806.0
12:12,719.57,719.78,719.21,719.35,23355.0
12:13,719.88,720.0,719.64,719.64,36051.0
12:14,719.64,720.05,719.63,719.95,22540.0
12:15,719.68,719.84,719.56,719.78,18856.0
12:16,719.76,719.88,719.57,719.62,13660.0
12:17,719.86,719.9,719.76,719.85,24186.0
12:18,720.19,720.3,719.91,719.91,42598.0
12:19,720.35,720.4,720.19,720.27,18307.0
12:20,719.72,720.33,719.58,720.23,12898.0
12:21,719.32,719.67,719.01,719.64,20848.0
12:22,719.28,719.46,719.2,719.31,15202.0
12:23,719.26,719.42,719.19,719.42,10035.0
12:24,719.16,719.49,719.0,719.42,14793.0
12:25,719.34,719.51,718.83,719.0,16706.0
12:26,719.12,719.4,719.04,719.33,9336.0
12:27,719.37,719.37,719.2,719.2,10821.0
12:28,719.42,719.49,719.37,719.43,7549.0
12:29,719.0,719.46,719.0,719.42,10536.0
12:30,718.74,719.15,718.74,719.08,14966.0
12:31,719.11,719.14,718.5,718.71,30207.0
12:32,718.7,718.95,718.67,718.71,8741.0
12:33,718.74,718.88,718.66,718.88,11234.0
12:34,718.48,718.8,718.47,718.7,10550.0
12:35,718.77,718.88,718.55,718.57,14155.0
12:36,718.76,718.92,718.76,718.84,15215.0
12:37,718.69,718.78,718.6,718.72,9533.0
12:38,718.85,718.88,718.7,718.84,14721.0
12:39,719.11,719.16,718.73,718.8,25544.0
12:40,719.82,719.82,719.25,719.25,21000.0
12:41,719.54,719.9,719.44,719.74,24356.0
12:42,719.53,719.62,719.32,719.51,20123.0
12:43,719.5,719.64,719.4,719.57,167182.0
12:44,719.95,719.95,719.25,719.42,31823.0
12:45,719.48,719.92,719.28,719.79,33863.0
12:46,719.19,719.75,719.19,719.56,15141.0
12:47,719.05,719.3,718.74,719.27,23967.0
12:48,718.79,719.53,718.53,719.3,19088.0
12:49,719.19,719.19,719.19,719.19,18804.0
12:50,719.18,719.63,718.98,719.36,91061.0
12:51,718.92,719.31,718.73,719.31,25474.0
12:52,718.39,719.05,718.26,718.91,25179.0
12:53,718.27,718.51,718.0,718.4,22809.0
12:54,718.99,719.7,718.43,718.5,50238.0
12:55,718.31,719.47,718.28,719.11,44454.0
12:56,718.38,718.55,718.15,718.37,43305.0
12:57,718.48,718.6,718.12,718.39,56243.0
12:58,718.73,718.83,718.4,718.58,57301.0
12:59,718.6,719.03,718.0,718.71,135679.0
13:00,718.6,719.03,718.0,718.71,135679.0
13:01,718.6,719.03,718.0,718.71,135679.0
13:02,718.6,719.03,718.0,718.71,135679.0
13:03,718.6,719.03,718.0,718.71,135679.0
13:04,718.6,719.03,718.0,718.71,135679.0
13:05,718.6,719.03,718.0,718.71,135679.0
13:06,718.6,719.03,718.0,718.71,135679.0
13:07,718.6,719.03,718.0,718.71,135679.0
13:08,718.6,719.03,718.0,718.71,135679.0
13:09,718.6,719.03,718.0,718.71,135679.0
13:10,718.6,719.03,718.0,718.71,135679.0
13:11,718.6,719.03,718.0,718.71,135679.0
13:12,718.6,719.03,718.0,718.71,135679.0
13:13,718.6,719.03,718.0,718.71,135679.0
13:14,718.6,719.03,718.0,718.71,135679.0
13:15,718.6,719.03,718.0,718.71,135679.0
13:16,718.6,719.03,718.0,718.71,135679.0
13:17,718.6,719.03,718.0,718.71,135679.0
13:18,718.6,719.03,718.0,718.71,135679.0
13:19,718.6,719.03,718.0,718.71,135679.0
13:20,718.6,719.03,718.0,718.71,135679.0
13:21,718.6,719.03,718.0,718.71,135679.0
13:22,718.6,719.03,718.0,718.71,135679.0
13:23,718.6,719.03,718.0,718.71,135679.0
13:24,718.6,719.03,718.0,718.71,135679.0
13:25,718.6,719.03,718.0,718.71,135679.0
13:26,718.6,719.03,718.0,718.71,135679.0
13:27,718.6,719.03,718.0,718.71,135679.0
13:28,718.6,719.03,718.0,718.71,135679.0
13:29,718.6,719.03,718.0,718.71,135679.0
13:30,718.6,719.03,718.0,718.71,135679.0
13:31,718.6,719.03,718.0,718.71,135679.0
13:32,718.6,719.03,718.0,718.71,135679.0
13:33,718.6,719.03,718.0,718.71,135679.0
13:34,718.6,719.03,718.0,718.71,135679.0
13:35,718.6,719.03,718.0,718.71,135679.0
13:36,718.6,719.03,718.0,718.71,135679.0
13:37,718.6,719.03,718.0,718.71,135679.0
13:38,718.6,719.03,718.0,718.71,135679.0
13:39,718.6,719.03,718.0,718.71,135679.0
13:40,718.6,719.03,718.0,718.71,135679.0
13:41,718.6,719.03,718.0,718.71,135679.0
13:42,718.6,719.03,718.0,718.71,135679.0
13:43,718.6,719.03,718.0,718.71,135679.0
13:44,718.6,719.03,718.0,718.71,135679.0
13:45,718.6,719.03,718.0,718.71,135679.0
13:46,718.6,719.03,718.0,718.71,135679.0
13:47,718.6,719.03,718.0,718.71,135679.0
13:48,718.6,719.03,718.0,718.71,135679.0
13:49,718.6,719.03,718.0,718.71,135679.0
13:50,718.6,719.03,718.0,718.71,135679.0
13:51,718.6,719.03,718.0,718.71,135679.0
13:52,718.6,719.03,718.0,718.71,135679.0
13:53,718.6,719.03,718.0,718.71,135679.0
13:54,718.6,719.03,718.0,718.71,135679.0
13:55,718.6,719.03,718.0,718.71,135679.0
13:56,718.6,719.03,718.0,718.71,135679.0
13:57,718.6,719.03,718.0,718.71,135679.0
13:58,718.6,719.03,718.0,718.71,135679.0
13:59,718.6,719.03,718.0,718.71,135679.0
14:00,718.6,719.03,718.0,718.71,135679.0
14:01,718.6,719.03,718.0,718.71,135679.0
14:02,718.6,719.03,718.0,718.71,135679.0
14:03,718.6,719.03,718.0,718.71,135679.0
14:04,718.6,719.03,718.0,718.71,135679.0
14:05,718.6,719.03,718.0,718.71,135679.0
14:06,718.6,719.03,718.0,718.71,135679.0
14:07,718.6,719.03,718.0,718.71,135679.0
14:08,718.6,719.03,718.0,718.71,135679.0
14:09,718.6,719.03,718.0,718.71,135679.0
14:10,718.6,719.03,718.0,718.71,135679.0
14:11,718.6,719.03,718.0,718.71,135679.0
14:12,718.6,719.03,718.0,718.71,135679.0
14:13,718.6,719.03,718.0,718.71,135679.0
14:14,718.6,719.03,718.0,718.71,135679.0
14:15,718.6,719.03,718.0,718.71,135679.0
14:16,718.6,719.03,718.0,718.71,135679.0
14:17,718.6,719.03,718.0,718.71,135679.0
14:18,718.6,719.03,718.0,718.71,135679.0
14:19,718.6,719.03,718.0,718.71,135679.0
14:20,718.6,719.03,718.0,718.71,135679.0
14:21,718.6,719.03,718.0,718.71,135679.0
14:22,718.6,719.03,718.0,718.71,135679.0
14:23,718.6,719.03,718.0,718.71,135679.0
14:24,718.6,719.03,718.0,718.71,135679.0
14:25,718.6,719.03,718.0,718.71,135679.0
14:26,718.6,719.03,718.0,718.71,135679.0
14:27,718.6,719.03,718.0,718.71,135679.0
14:28,718.6,719.03,718.0,718.71,135679.0
14:29,718.6,719.03,718.0,718.71,135679.0
14:30,718.6,719.03,718.0,718.71,135679.0
14:31,718.6,719.03,718.0,718.71,135679.0
14:32,718.6,719.03,718.0,718.71,135679.0
14:33,718.6,719.03,718.0,718.71,135679.0
14:34,718.6,719.03,718.0,718.71,135679.0
14:35,718.6,719.03,718.0,718.71,135679.0
14:36,718.6,719.03,718.0,718.71,135679.0
14:37,718.6,719.03,718.0,718.71,135679.0
14:38,718.6,719.03,718.0,718.71,135679.0
14:39,718.6,719.03,718.0,718.71,135679.0
14:40,718.6,719.03,718.0,718.71,135679.0
14:41,718.6,719.03,718.0,718.71,135679.0
14:42,718.6,719.03,718.0,718.71,135679.0
14:43,718.6,719.03,718.0,718.71,135679.0
14:44,718.6,719.03,718.0,718.71,135679.0
14:45,718.6,719.03,718.0,718.71,135679.0
14:46,718.6,719.03,718.0,718.71,135679.0
14:47,718.6,719.03,718.0,718.71,135679.0
14:48,718.6,719.03,718.0,718.71,135679.0
14:49,718.6,719.03,718.0,718.71,135679.0
14:50,718.6,719.03,718.0,718.71,135679.0
14:51,718.6,719.03,718.0,718.71,135679.0
14:52,718.6,719.03,718.0,718.71,135679.0
14:53,718.6,719.03,718.0,718.71,135679.0
14:54,718.6,719.03,718.0,718.71,135679.0
14:55,718.6,719.03,718.0,718.71,135679.0
14:56,718.6,719.03,718.0,718.71,135679.0
14:57,718.6,719.03,718.0,718.71,135679.0
14:58,718.6,719.03,718.0,718.71,135679.0
14:59,718.6,719.03,718.0,718.71,135679.0
15:00,718.6,719.03,718.0,718.71,135679.0
15:01,718.6,719.03,718.0,718.71,135679.0
15:02,718.6,719.03,718.0,718.71,135679.0
15:03,718.6,719.03,718.0,718.71,135679.0
15:04,718.6,719.03,718.0,718.71,135679.0
15:05,718.6,719.03,718.0,718.71,135679.0
15:06,718.6,719.03,718.0,718.71,135679.0
15:07,718.6,719.03,718.0,718.71,135679.0
15:08,718.6,719.03,718.0,718.71,135679.0
15:09,718.6,719.03,718.0,718.71,135679.0
15:10,718.6,719.03,718.0,718.71,135679.0
15:11,718.6,719.03,718.0,718.71,135679.0
15:12,718.6,719.03,718.0,718.71,135679.0
15:13,718.6,719.03,718.0,718.71,135679.0
15:14,718.6,719.03,718.0,718.71,135679.0
15:15,718.6,719.03,718.0,718.71,135679.0
15:16,718.6,719.03,718.0,718.71,135679.0
15:17,718.6,719.03,718.0,718.71,135679.0
15:18,718.6,719.03,718.0,718.71,135679.0
15:19,718.6,719.03,718.0,718.71,135679.0
15:20,718.6,719.03,718.0,718.71,135679.0
15:21,718.6,719.03,718.0,718.71,135679.0
15:22,718.6,719.03,718.0,718.71,135679.0
15:23,718.6,719.03,718.0,718.71,135679.0
15:24,718.6,719.03,718.0,718.71,135679.0
15:25,718.6,719.03,718.0,718.71,135679.0
15:26,718.6,719.03,718.0,718.71,135679.0
15:27,718.6,719.03,718.0,718.71,135679.0
15:28,718.6,719.03,718.0,718.71,135679.0
15:29,718.6,719.03,718.0,718.71,135679.0
15:30,718.6,719.03,718.0,718.71,135679.0
15:31,718.6,719.03,718.0,718.71,135679.0
15:32,718.6,719.03,718.0,718.71,135679.0
15:33,718.6,719.03,718.0,718.71,135679.0
15:34,718.6,719.03,718.0,718.71,135679.0
15:35,718.6,719.03,718.0,718.71,135679.0
15:36,718.6,719.03,718.0,718.71,135679.0
15:37,718.6,719.03,718.0,718.71,135679.0
15:38,718.6,719.03,718.0,718.71,135679.0
15:39,718.6,719.03,718.0,718.71,135679.0
15:40,718.6,719.03,718.0,718.71,135679.0
15:41,718.6,719.03,718.0,718.71,135679.0
15:42,718.6,719.03,718.0,718.71,135679.0
15:43,718.6,719.03,718.0,718.71,135679.0
15:44,718.6,719.03,718.0,718.71,135679.0
15:45,718.6,719.03,718.0,718.71,135679.0
15:46,718.6,719.03,718.0,718.71,135679.0
15:47,718.6,719.03,718.0,718.71,135679.0
15:48,718.6,719.03,718.0,718.71,135679.0
15:49,718.6,719.03,718.0,718.71,135679.0
15:50,718.6,719.03,718.0,718.71,135679.0
15:51,718.6,719.03,718.0,718.71,135679.0
15:52,718.6,719.03,718.0,718.71,135679.0
15:53,718.6,719.03,718.0,718.71,135679.0
15:54,718.6,719.03,718.0,718.71,135679.0
15:55,718.6,719.03,718.0,718.71,135679.0
15:56,718.6,719.03,718.0,718.71,135679.0
15:57,718.6,719.03,718.0,718.71,135679.0
15:58,718.6,719.03,718.0,718.71,135679.0
15:59,718.6,719.03,718.0,718.71,135679.0
