Time,Close,High,Low,Open,Volume
09:30,730.67,731.0,725.98,726.52,539936.0
09:31,730.13,731.46,729.17,730.75,107432.0
09:32,729.33,730.66,728.57,730.61,90139.0
09:33,730.84,730.88,728.58,729.25,67300.0
09:34,730.37,730.96,729.81,730.96,52385.0
09:35,731.61,732.09,730.5,730.77,92631.0
09:36,732.43,732.59,731.28,731.53,68487.0
09:37,732.05,732.59,731.84,732.34,46237.0
09:38,731.0,732.14,730.77,732.14,59355.0
09:39,730.45,731.4,730.44,731.25,37213.0
09:40,730.77,730.92,729.9,730.71,67794.0
09:41,730.52,731.04,730.23,730.76,37968.0
09:42,730.6,731.06,730.3,730.39,74367.0
09:43,731.04,731.38,730.6,730.75,43749.0
09:44,730.85,731.23,730.7,731.01,30598.0
09:45,731.07,731.85,730.46,731.07,74004.0
09:46,731.95,732.29,731.08,731.4,47438.0
09:47,731.79,732.3,731.56,731.86,51750.0
09:48,732.0,732.18,731.54,731.61,41924.0
09:49,731.02,732.14,731.02,731.92,44674.0
09:50,731.82,731.82,730.88,731.0,32907.0
09:51,731.33,731.9,731.16,731.68,56228.0
09:52,731.68,731.71,731.39,731.45,28293.0
09:53,733.04,733.28,731.66,731.81,85532.0
09:54,733.15,733.29,732.35,733.1,98728.0
09:55,733.38,733.54,732.64,733.0,51991.0
09:56,734.1,734.15,733.33,733.36,60057.0
09:57,733.68,734.22,733.53,734.16,58086.0
09:58,732.32,733.77,732.0,733.77,75931.0
09:59,732.36,732.72,732.0,732.41,43257.0
10:00,732.29,732.98,732.14,732.36,38556.0
10:01,732.54,732.76,732.2,732.61,38211.0
10:02,732.66,732.66,732.33,732.43,28791.0
10:03,733.04,733.21,732.46,732.68,90638.0
10:04,732.97,733.3,732.6,733.15,98374.0
10:05,732.88,733.53,732.78,733.02,103384.0
10:06,733.37,733.41,732.86,732.88,57588.0
10:07,732.98,733.37,732.8,733.32,57999.0
10:08,734.29,734.66,732.78,732.92,57529.0
10:09,733.98,734.82,733.48,734.42,58470.0
10:10,734.11,734.65,733.72,734.0,44627.0
10:11,734.94,735.0,734.15,734.17,66560.0
10:12,734.63,735.31,734.22,734.94,120369.0
10:13,734.33,734.48,733.85,734.41,54558.0
10:14,733.66,734.45,733.52,734.28,37805.0
10:15,733.72,733.8,733.48,733.66,35919.0
10:16,732.96,733.76,732.54,733.76,62536.0
10:17,732.07,732.96,732.01,732.96,50314.0
10:18,731.8,732.16,731.71,732.16,58725.0
10:19,731.52,731.96,731.41,731.8,33051.0
10:20,731.87,732.17,731.11,731.52,81827.0
10:21,732.2,732.54,731.87,731.89,36119.0
10:22,732.37,732.48,732.0,732.38,46601.0
10:23,731.96,732.43,731.47,732.35,45377.0
10:24,731.42,732.05,731.27,731.8,44286.0
10:25,730.38,731.44,730.17,731.35,80462.0
10:26,730.47,730.64,730.24,730.37,68721.0
10:27,730.17,730.53,730.01,730.47,66288.0
10:28,730.34,730.64,730.2,730.3,35546.0
10:29,730.39,730.71,730.23,730.34,60208.0
10:30,731.5,731.5,730.22,730.28,42725.0
10:31,731.3,731.39,730.79,731.27,49888.0
10:32,731.19,731.39,730.84,731.32,25296.0
10:33,731.1,731.22,730.84,731.22,27916.0
10:34,730.38,731.03,730.38,731.03,22359.0
10:35,730.65,730.73,730.01,730.42,48514.0
10:36,731.27,731.27,730.55,730.64,25191.0
10:37,731.27,731.8,731.0,731.19,69372.0
10:38,731.31,731.82,731.13,731.39,63138.0
10:39,731.35,731.84,731.25,731.59,56904.0
10:40,730.89,731.44,730.89,731.23,28573.0
10:41,730.36,730.99,730.32,730.99,67478.0
10:42,729.48,730.32,729.19,730.32,72624.0
10:43,730.56,730.63,729.47,729.47,36297.0
10:44,730.49,730.7,730.23,730.56,39583.0
10:45,730.08,730.53,729.92,730.53,22968.0
10:46,729.92,730.17,729.65,730.08,39219.0
10:47,729.81,730.21,729.65,729.82,37800.0
10:48,730.02,730.02,729.0,729.53,41449.0
10:49,729.84,730.2,729.63,729.94,16753.0
10:50,729.53,729.93,729.52,729.82,21698.0
10:51,728.95,729.5,728.72,729.18,48094.0
10:52,729.27,729.45,728.26,728.8,42440.0
10:53,729.63,729.79,729.16,729.26,24151.0
10:54,729.66,729.72,729.51,729.71,13378.0
10:55,728.63,729.52,728.57,729.52,18315.0
10:56,728.81,728.93,728.58,728.73,10968.0
10:57,728.98,729.09,728.69,728.92,33786.0
10:58,728.96,728.98,728.33,728.98,38908.0
10:59,729.15,729.27,728.88,729.03,24333.0
11:00,728.69,729.16,728.5,729.14,27056.0
11:01,728.98,729.25,728.69,728.69,17634.0
11:02,729.04,729.26,728.87,728.9,11728.0
11:03,729.58,729.72,728.93,729.23,16822.0
11:04,729.55,729.69,729.16,729.22,12564.0
11:05,729.35,729.93,729.3,729.55,27794.0
11:06,729.68,729.86,729.42,729.57,7673.0
11:07,729.59,729.71,729.47,729.68,14293.0
11:08,728.95,729.62,728.95,729.49,18243.0
11:09,728.87,729.28,728.8,729.12,44027.0
11:10,729.26,729.26,728.88,728.94,19526.0
11:11,729.31,729.47,729.06,729.12,13011.0
11:12,729.94,729.94,729.24,729.24,61446.0
11:13,729.66,729.96,729.65,729.83,14614.0
11:14,729.12,729.59,729.05,729.46,10050.0
11:15,728.91,729.25,728.69,729.19,30400.0
11:16,728.08,728.71,727.73,728.71,33593.0
11:17,728.0,728.2,727.7,727.82,20735.0
11:18,728.18,728.33,727.98,727.98,9326.0
11:19,728.3,728.52,728.08,728.18,13869.0
11:20,727.96,728.36,727.88,728.3,23035.0
11:21,728.48,728.48,727.87,727.97,21076.0
11:22,728.75,728.94,728.57,728.69,16183.0
11:23,729.18,729.18,728.65,728.78,13047.0
11:24,729.04,729.21,728.82,729.21,15394.0
11:25,729.0,729.14,728.65,729.03,37629.0
11:26,729.05,729.1,728.96,729.1,7254.0
11:27,728.73,729.06,728.73,728.91,13806.0
11:28,728.84,729.0,728.81,729.0,10134.0
11:29,729.32,729.45,728.85,728.92,64045.0
11:30,729.64,729.73,729.38,729.38,7315.0
11:31,730.23,730.23,729.56,729.62,19196.0
11:32,730.38,730.42,730.17,730.21,12974.0
11:33,730.66,730.66,730.38,730.46,14135.0
11:34,730.79,730.87,730.57,730.66,12334.0
11:35,730.78,730.97,730.7,730.71,18201.0
11:36,731.0,731.02,730.72,730.83,15840.0
11:37,730.71,731.1,730.7,730.9,11190.0
11:38,731.05,731.05,730.69,730.85,9160.0
11:39,730.9,731.03,730.86,731.01,6937.0
11:40,731.17,731.35,730.79,730.92,35666.0
11:41,730.99,731.3,730.9,731.0,23151.0
11:42,730.43,731.07,730.41,731.07,15910.0
11:43,730.12,730.47,729.72,730.41,20095.0
11:44,729.98,730.26,729.86,730.26,16770.0
11:45,729.93,730.15,729.92,730.01,11654.0
11:46,730.24,730.37,730.0,730.04,15154.0
11:47,730.56,730.58,730.01,730.14,19303.0
11:48,731.06,731.31,730.46,730.55,20599.0
11:49,730.98,731.21,730.93,731.18,9090.0
11:50,731.08,731.1,730.85,730.96,15666.0
11:51,731.15,731.3,731.0,731.01,7490.0
11:52,730.96,731.09,730.91,731.08,11604.0
11:53,730.99,730.99,730.71,730.78,8971.0
11:54,730.93,730.96,730.86,730.86,4345.0
11:55,731.63,731.72,730.96,731.0,26606.0
11:56,731.33,731.68,731.19,731.65,23864.0
11:57,731.36,731.54,731.32,731.33,37061.0
11:58,731.53,731.53,731.3,731.41,15394.0
11:59,731.82,731.94,731.53,731.53,23922.0
12:00,731.2,731.59,731.2,731.48,17584.0
12:01,730.92,731.08,730.85,731.08,5664.0
12:02,731.11,731.31,731.04,731.15,11326.0
12:03,731.2,731.46,731.17,731.24,13372.0
12:04,730.62,731.16,730.51,731.16,20865.0
12:05,730.99,730.99,730.5,730.5,14941.0
12:06,730.97,731.17,730.95,731.0,14326.0
12:07,730.95,731.09,730.9,731.09,6617.0
12:08,730.84,731.03,730.59,730.97,7984.0
12:09,730.73,730.99,730.73,730.99,5304.0
12:10,730.71,730.78,730.68,730.78,10615.0
12:11,730.79,730.79,730.64,730.65,5920.0
12:12,730.91,731.01,730.66,730.7,12086.0
12:13,730.9,731.02,730.8,730.88,6872.0
12:14,730.74,730.78,730.5,730.78,10413.0
12:15,730.28,730.74,730.1,730.59,12661.0
12:16,730.16,730.46,730.1,730.28,17577.0
12:17,730.71,730.83,730.16,730.16,25998.0
12:18,730.02,730.71,729.9,730.71,24511.0
12:19,729.8,730.07,729.8,729.99,28339.0
12:20,730.99,731.09,729.97,730.05,50629.0
12:21,730.83,731.5,730.83,731.02,28305.0
12:22,731.04,731.23,730.95,731.21,20658.0
12:23,730.81,731.04,730.67,731.04,8066.0
12:24,730.61,730.8,730.47,730.8,14672.0
12:25,730.47,730.87,730.47,730.53,13528.0
12:26,730.26,730.75,730.13,730.61,14927.0
12:27,730.29,730.35,730.15,730.28,3848.0
12:28,730.62,730.62,730.35,730.35,5392.0
12:29,730.68,730.74,730.4,730.56,11995.0
12:30,730.3,730.72,730.19,730.65,17072.0
12:31,730.53,730.76,730.0,730.32,24565.0
12:32,730.29,730.76,730.28,730.52,12442.0
12:33,730.47,730.53,730.29,730.35,5760.0
12:34,730.52,730.61,730.45,730.57,7391.0
12:35,730.36,730.64,730.35,730.52,7292.0
12:36,730.55,730.56,730.4,730.45,7438.0
12:37,730.83,730.89,730.5,730.59,9897.0
12:38,730.78,730.89,730.75,730.89,8225.0
12:39,730.83,730.87,730.55,730.78,11203.0
12:40,731.06,731.11,730.63,730.8,10886.0
12:41,730.82,731.16,730.82,731.12,6851.0
12:42,730.57,730.97,730.57,730.97,12436.0
12:43,730.47,730.48,730.29,730.48,11274.0
12:44,730.71,730.71,730.41,730.41,7288.0
12:45,730.41,730.81,730.28,730.81,13214.0
12:46,730.32,730.52,730.3,730.3,11889.0
12:47,730.52,730.52,730.39,730.4,10084.0
12:48,730.4,730.47,730.3,730.44,12941.0
12:49,730.53,730.58,730.3,730.32,15887.0
12:50,730.82,730.87,730.38,730.43,18468.0
12:51,731.03,731.08,730.81,730.85,12451.0
12:52,731.16,731.2,730.96,731.2,5935.0
12:53,730.72,731.16,730.72,731.16,13866.0
12:54,730.81,731.03,730.72,730.72,4567.0
12:55,730.7,730.89,730.69,730.89,7992.0
12:56,730.93,730.93,730.67,730.7,6666.0
12:57,730.91,731.05,730.82,730.82,10986.0
12:58,730.89,731.03,730.75,730.97,9113.0
12:59,731.12,731.23,730.77,731.0,22430.0
13:00,731.59,731.65,731.01,731.01,47635.0
13:01,731.64,731.72,731.5,731.61,29473.0
13:02,731.68,731.74,731.32,731.7,30910.0
13:03,731.0,731.64,731.0,731.64,16744.0
13:04,731.1,731.14,730.91,731.14,18513.0
13:05,731.0,731.26,731.0,731.12,16654.0
13:06,730.86,731.07,730.64,731.07,15236.0
13:07,730.79,730.9,730.71,730.9,14356.0
13:08,730.92,730.93,730.68,730.93,14843.0
13:09,731.18,731.3,730.86,730.92,15061.0
13:10,731.22,731.29,731.18,731.22,7805.0
13:11,730.68,731.32,730.61,731.23,16214.0
13:12,730.84,730.84,730.5,730.5,12685.0
13:13,730.53,730.8,730.53,730.8,10488.0
13:14,730.83,730.83,730.59,730.72,8645.0
13:15,730.43,730.86,730.26,730.54,12936.0
13:16,730.72,730.76,730.38,730.51,10881.0
13:17,730.61,730.88,730.48,730.77,40800.0
13:18,730.5,730.72,730.37,730.72,9723.0
13:19,730.65,730.65,730.33,730.49,8712.0
13:20,730.49,730.6,730.43,730.6,11828.0
13:21,730.45,730.57,730.42,730.57,5171.0
13:22,730.18,730.55,730.18,730.5,10623.0
13:23,729.32,730.21,729.2,730.2,27312.0
13:24,729.53,729.53,729.22,729.31,11372.0
13:25,729.62,729.72,729.43,729.59,6320.0
13:26,729.47,729.75,729.44,729.71,17745.0
13:27,729.33,729.55,729.33,729.51,4715.0
13:28,729.15,729.36,729.15,729.33,15137.0
13:29,729.52,729.7,729.17,729.29,14543.0
13:30,729.7,729.7,729.24,729.4,14216.0
13:31,729.6,729.6,729.43,729.53,10805.0
13:32,729.8,729.9,729.46,729.65,23077.0
13:33,730.01,730.01,729.66,729.77,28078.0
13:34,729.91,730.05,729.83,729.87,14335.0
13:35,729.86,729.95,729.72,729.91,22769.0
13:36,729.74,729.98,729.74,729.95,9948.0
13:37,729.28,729.86,729.17,729.86,20370.0
13:38,729.24,729.36,728.85,729.14,21611.0
13:39,729.33,729.52,729.12,729.27,13240.0
13:40,729.57,729.63,729.06,729.2,15258.0
13:41,729.85,729.93,729.57,729.57,16481.0
13:42,729.93,730.05,729.76,729.97,8631.0
13:43,729.86,730.0,729.79,729.82,9723.0
13:44,729.49,729.85,728.76,729.79,60245.0
13:45,729.16,729.78,729.16,729.47,19552.0
13:46,728.5,729.08,728.38,728.79,23025.0
13:47,728.8,729.01,728.38,728.44,34958.0
13:48,728.58,729.03,728.53,728.84,12458.0
13:49,728.81,729.04,728.55,728.66,13626.0
13:50,729.4,729.4,728.52,728.81,16797.0
13:51,729.62,729.62,728.58,729.3,29026.0
13:52,729.65,729.99,729.62,729.66,16766.0
13:53,728.98,729.78,728.98,729.65,8893.0
13:54,729.32,729.32,728.75,729.0,28896.0
13:55,729.09,729.32,728.93,729.3,14881.0
13:56,729.19,729.19,728.83,728.93,34564.0
13:57,729.72,729.73,729.06,729.2,23476.0
13:58,730.0,730.09,729.54,729.65,20229.0
13:59,730.72,730.72,729.95,730.0,21667.0
14:00,730.49,730.77,730.42,730.74,10011.0
14:01,729.95,730.51,729.9,730.51,13125.0
14:02,730.11,730.31,729.95,729.95,10322.0
14:03,730.33,730.56,730.23,730.23,14444.0
14:04,730.68,730.68,730.15,730.44,28139.0
14:05,731.01,731.06,730.6,730.6,16359.0
14:06,731.22,731.36,731.03,731.09,14000.0
14:07,731.13,731.32,730.9,731.16,13615.0
14:08,731.03,731.03,730.9,730.98,8091.0
14:09,731.03,731.38,730.97,730.99,8146.0
14:10,731.34,731.4,731.11,731.15,13993.0
14:11,731.15,731.36,731.1,731.36,10931.0
14:12,731.0,731.23,731.0,731.23,9004.0
14:13,730.89,731.19,730.8,730.99,7450.0
14:14,730.74,730.95,730.68,730.8,8768.0
14:15,730.87,730.87,730.67,730.69,7024.0
14:16,730.9,731.04,730.63,730.63,7135.0
14:17,730.98,731.13,730.96,730.96,7792.0
14:18,730.6,730.95,730.45,730.95,14799.0
14:19,730.62,730.82,730.02,730.42,35604.0
14:20,730.62,730.74,730.37,730.64,12243.0
14:21,730.6,730.74,730.31,730.67,10699.0
14:22,730.43,730.66,730.22,730.66,11349.0
14:23,730.54,730.7,730.22,730.3,8657.0
14:24,730.45,730.73,730.42,730.54,11542.0
14:25,730.59,730.6,730.44,730.48,9474.0
14:26,730.62,730.71,730.27,730.5,7200.0
14:27,730.23,730.58,730.22,730.45,10379.0
14:28,730.14,730.42,730.11,730.26,21885.0
14:29,730.06,730.27,729.99,730.06,33391.0
14:30,729.17,730.13,729.17,730.03,30121.0
14:31,729.46,729.77,729.0,729.27,32973.0
14:32,729.74,729.92,729.4,729.51,17630.0
14:33,729.4,730.0,729.4,729.97,14615.0
14:34,729.63,729.63,729.16,729.39,17916.0
14:35,729.78,729.91,729.45,729.8,18204.0
14:36,729.64,730.12,729.64,729.92,42444.0
14:37,729.17,729.65,729.12,729.58,40082.0
14:38,728.74,729.31,728.58,729.19,29385.0
14:39,727.95,728.56,727.79,728.52,46833.0
14:40,728.12,728.37,727.35,727.73,48965.0
14:41,728.56,728.56,727.89,728.14,41489.0
14:42,727.52,728.46,727.5,728.31,31961.0
14:43,726.95,727.71,726.83,727.6,45563.0
14:44,727.54,727.72,726.91,726.98,25765.0
14:45,728.45,728.5,727.5,727.5,22921.0
14:46,728.73,728.86,728.46,728.46,25692.0
14:47,728.41,728.9,728.16,728.9,20603.0
14:48,728.08,728.41,728.08,728.41,40040.0
14:49,727.71,728.19,727.71,728.08,59477.0
14:50,727.3,727.88,727.21,727.87,22302.0
14:51,727.23,727.41,727.16,727.4,37908.0
14:52,726.82,727.54,726.8,727.24,25224.0
14:53,727.51,727.58,726.63,726.69,18729.0
14:54,726.72,727.46,726.55,727.46,18728.0
14:55,725.9,726.97,725.86,726.72,35851.0
14:56,726.11,726.34,725.87,725.9,18995.0
14:57,726.58,726.63,725.98,726.07,15793.0
14:58,726.89,726.89,726.26,726.52,17030.0
14:59,726.83,726.84,726.51,726.84,25906.0
15:00,727.24,727.43,726.72,726.76,18281.0
15:01,727.45,727.69,727.13,727.13,23401.0
15:02,727.64,727.91,727.38,727.44,16958.0
15:03,727.83,727.99,727.43,727.57,15103.0
15:04,728.16,728.24,727.97,727.99,21886.0
15:05,727.72,728.21,727.72,728.16,11725.0
15:06,728.28,728.28,727.72,727.76,17677.0
15:07,728.57,728.63,728.23,728.33,10657.0
15:08,728.45,728.79,728.4,728.59,28427.0
15:09,728.19,728.46,728.19,728.4,16471.0
15:10,728.39,728.42,728.17,728.26,12596.0
15:11,728.52,728.69,728.34,728.44,17872.0
15:12,728.22,728.72,728.14,728.68,11627.0
15:13,728.89,728.89,728.13,728.13,20040.0
15:14,728.74,728.95,728.67,728.89,20627.0
15:15,728.56,728.87,728.52,728.81,13065.0
15:16,729.03,729.21,728.59,728.59,26080.0
15:17,728.79,729.13,728.67,729.13,18328.0
15:18,728.78,728.99,728.62,728.77,14197.0
15:19,729.1,729.1,728.77,728.77,10011.0
15:20,729.11,729.34,729.08,729.09,15522.0
15:21,729.03,729.18,728.82,729.18,11751.0
15:22,729.85,729.85,729.03,729.03,26872.0
15:23,729.79,729.9,729.5,729.68,25544.0
15:24,729.76,730.0,729.7,729.89,19031.0
15:25,729.55,729.8,729.51,729.76,14406.0
15:26,729.3,729.65,729.28,729.35,11251.0
15:27,729.4,729.44,729.25,729.37,15809.0
15:28,729.14,729.51,728.98,729.46,14133.0
15:29,729.19,729.21,728.91,729.09,21315.0
15:30,729.51,729.55,729.2,729.31,14690.0
15:31,729.57,729.74,729.43,729.51,13128.0
15:32,729.58,729.58,729.38,729.57,10203.0
15:33,729.71,729.71,729.5,729.5,13492.0
15:34,729.66,729.87,729.59,729.86,13643.0
15:35,729.42,729.77,729.37,729.66,26654.0
15:36,729.71,729.81,729.33,729.43,15979.0
15:37,729.79,729.79,729.61,729.71,6534.0
15:38,729.73,729.88,729.72,729.88,17503.0
15:39,729.34,729.75,729.3,729.75,13707.0
15:40,729.49,729.51,729.29,729.35,23186.0
15:41,729.46,729.68,729.41,729.52,11378.0
15:42,729.41,729.51,729.34,729.46,14668.0
15:43,729.52,729.52,729.1,729.42,44825.0
15:44,730.09,730.21,729.61,729.61,44889.0
15:45,730.32,730.46,729.88,730.01,30199.0
15:46,730.4,730.5,730.18,730.33,34791.0
15:47,729.88,730.5,729.88,730.42,34560.0
15:48,729.64,729.95,729.44,729.9,28478.0
15:49,729.05,729.87,728.63,729.54,68827.0
15:50,730.78,731.24,728.31,729.1,81736.0
15:51,730.85,730.9,730.34,730.68,33760.0
15:52,730.93,731.0,730.38,730.73,33844.0
15:53,731.17,731.2,730.55,730.93,62156.0
15:54,732.77,733.3,730.77,731.29,168629.0
15:55,733.46,733.54,733.08,733.2,133416.0
15:56,733.23,733.5,732.56,733.41,99992.0
15:57,733.83,733.83,733.06,733.26,162262.0
15:58,733.65,733.91,733.23,733.82,142205.0
15:59,733.69,733.93,733.31,733.59,292454.0
