Time,Close,High,Low,Open,Volume
09:30,703.5,708.5,703.5,708.0,543688.0
09:31,702.21,703.15,701.67,702.94,120700.0
09:32,700.5,702.37,699.6,702.3,142112.0
09:33,701.71,702.22,700.33,700.55,104659.0
09:34,700.58,701.83,700.58,701.7,94032.0
09:35,701.83,702.24,700.22,700.5,68574.0
09:36,703.09,703.39,701.8,701.84,60892.0
09:37,703.78,703.85,702.92,703.2,79811.0
09:38,702.9,703.78,702.59,703.78,40719.0
09:39,701.12,702.9,700.97,702.75,60457.0
09:40,702.25,702.25,700.88,700.89,38266.0
09:41,701.45,702.5,701.42,702.33,35935.0
09:42,700.71,701.6,700.7,701.44,71803.0
09:43,701.22,701.5,700.38,700.63,52068.0
09:44,702.24,702.35,701.26,701.35,38209.0
09:45,702.33,702.6,701.86,702.32,41757.0
09:46,702.57,702.78,702.16,702.48,43925.0
09:47,702.47,703.34,702.34,702.8,55617.0
09:48,703.3,703.7,702.47,702.62,27507.0
09:49,701.86,703.27,701.63,703.27,59632.0
09:50,701.83,701.98,700.81,701.74,66194.0
09:51,701.6,701.86,701.28,701.83,24022.0
09:52,701.35,701.61,700.79,701.61,32226.0
09:53,701.16,701.58,701.14,701.5,21442.0
09:54,700.22,701.24,700.06,701.16,49123.0
09:55,700.94,701.2,700.34,700.4,37086.0
09:56,700.58,701.04,700.04,700.86,47577.0
09:57,701.17,701.25,700.58,700.6,33609.0
09:58,701.57,701.67,701.16,701.16,31166.0
09:59,701.8,702.0,701.38,701.41,25666.0
10:00,701.64,702.0,701.64,701.86,24481.0
10:01,701.21,701.61,701.0,701.55,25837.0
10:02,701.21,701.56,700.84,701.15,23905.0
10:03,701.42,701.62,700.99,701.17,30027.0
10:04,701.04,701.68,701.0,701.45,21517.0
10:05,701.4,701.53,700.47,701.2,70076.0
10:06,700.67,701.46,700.67,701.46,19771.0
10:07,701.11,701.25,700.51,700.68,54196.0
10:08,701.39,701.96,701.14,701.14,54476.0
10:09,700.86,701.68,700.71,701.57,41051.0
10:10,701.24,701.44,700.74,700.86,35707.0
10:11,701.1,701.56,701.02,701.56,31816.0
10:12,701.05,701.05,700.48,701.02,38126.0
10:13,701.6,701.6,700.7,700.84,37154.0
10:14,702.28,702.5,701.32,701.44,36872.0
10:15,702.28,702.38,702.09,702.24,21790.0
10:16,702.23,702.75,702.11,702.34,45767.0
10:17,701.96,702.38,701.84,702.26,24225.0
10:18,701.88,702.35,701.84,702.09,37817.0
10:19,702.24,702.38,701.65,702.0,28238.0
10:20,701.84,702.28,701.81,702.21,24500.0
10:21,701.21,701.84,701.08,701.75,26944.0
10:22,702.34,702.34,701.1,701.12,36720.0
10:23,702.45,702.89,702.06,702.18,45867.0
10:24,702.46,702.89,702.17,702.63,56537.0
10:25,703.16,703.25,702.35,702.46,34971.0
10:26,703.11,703.5,702.91,703.08,42712.0
10:27,702.98,703.06,702.61,703.03,22650.0
10:28,703.35,703.74,702.89,702.89,30667.0
10:29,702.7,703.46,702.5,703.41,46429.0
10:30,703.41,703.75,702.54,702.67,53698.0
10:31,703.93,703.93,702.89,703.15,38619.0
10:32,703.58,704.0,703.38,703.98,33859.0
10:33,703.26,703.79,703.26,703.79,18838.0
10:34,703.01,703.7,702.82,703.59,24675.0
10:35,702.02,703.19,702.0,702.86,31845.0
10:36,702.52,702.65,702.06,702.36,37812.0
10:37,702.26,702.8,702.26,702.55,21959.0
10:38,702.31,702.58,702.02,702.37,40267.0
10:39,701.61,702.3,701.56,702.3,29051.0
10:40,701.92,702.0,701.5,701.58,27501.0
10:41,702.05,702.22,702.05,702.22,24136.0
10:42,701.97,702.23,701.73,702.0,27987.0
10:43,702.2,702.28,701.92,701.96,35728.0
10:44,701.83,702.11,701.62,702.1,13988.0
10:45,702.48,702.59,701.74,701.83,33259.0
10:46,702.82,702.89,702.34,702.48,29568.0
10:47,702.9,702.96,702.64,702.84,24603.0
10:48,703.0,703.07,702.74,702.83,19862.0
10:49,702.38,703.11,702.34,703.1,18963.0
10:50,702.89,702.91,702.38,702.62,19047.0
10:51,702.78,703.0,702.78,702.83,12920.0
10:52,703.13,703.2,702.68,702.68,13949.0
10:53,703.49,703.75,703.15,703.15,25983.0
10:54,703.42,703.68,703.23,703.54,26083.0
10:55,703.83,704.0,703.43,703.43,28194.0
10:56,704.13,704.2,703.87,703.95,22628.0
10:57,703.54,704.11,703.51,704.11,21161.0
10:58,702.53,703.7,702.31,703.7,35908.0
10:59,701.5,702.43,701.34,702.39,40966.0
11:00,702.08,702.14,701.35,701.49,44621.0
11:01,701.51,702.13,701.51,702.01,27099.0
11:02,701.81,702.22,701.38,701.51,39695.0
11:03,701.21,701.9,701.02,701.82,25216.0
11:04,701.7,701.72,701.18,701.18,23885.0
11:05,701.85,701.93,701.57,701.62,14997.0
11:06,702.21,702.29,701.85,701.95,20169.0
11:07,701.35,702.28,701.2,702.12,55963.0
11:08,701.54,701.72,701.21,701.39,17443.0
11:09,701.45,701.55,701.29,701.4,17261.0
11:10,701.04,701.2,700.89,701.11,58504.0
11:11,699.95,701.13,699.94,701.1,100402.0
11:12,699.88,700.08,699.77,699.88,39652.0
11:13,699.5,700.03,699.46,699.78,40804.0
11:14,699.48,699.63,699.0,699.47,80498.0
11:15,699.47,699.63,699.23,699.54,27518.0
11:16,700.24,700.34,699.5,699.5,55112.0
11:17,701.03,701.18,700.06,700.19,54061.0
11:18,700.22,700.87,700.11,700.86,33277.0
11:19,700.03,700.41,699.95,700.22,39667.0
11:20,700.18,700.26,699.87,700.03,47550.0
11:21,700.25,700.55,700.05,700.21,26028.0
11:22,700.63,700.75,700.25,700.25,25232.0
11:23,701.25,701.37,700.71,700.72,20337.0
11:24,701.41,701.8,701.08,701.18,29309.0
11:25,700.85,701.55,700.61,701.25,32610.0
11:26,700.25,700.9,700.25,700.81,15873.0
11:27,699.78,700.32,699.78,700.27,31812.0
11:28,699.75,700.03,699.71,700.02,30332.0
11:29,699.75,700.15,699.72,699.83,44102.0
11:30,700.28,700.38,699.88,700.09,20692.0
11:31,699.54,700.29,699.45,700.28,41691.0
11:32,699.67,699.77,699.3,699.49,26227.0
11:33,699.64,699.86,699.51,699.64,38350.0
11:34,699.38,699.67,698.96,699.67,41517.0
11:35,699.84,700.15,699.3,699.39,30055.0
11:36,700.39,700.55,699.97,699.97,23396.0
11:37,700.31,700.66,700.31,700.46,28924.0
11:38,700.28,700.42,700.02,700.42,17743.0
11:39,700.83,700.83,700.1,700.2,27418.0
11:40,700.96,701.21,700.55,700.77,19051.0
11:41,701.29,701.29,700.81,700.82,18355.0
11:42,701.03,701.36,701.0,701.28,16137.0
11:43,700.99,701.16,700.73,701.01,20408.0
11:44,700.68,700.97,700.51,700.88,21596.0
11:45,700.81,701.06,700.79,700.98,13284.0
11:46,700.7,700.85,700.22,700.82,23415.0
11:47,700.93,701.1,700.39,700.69,41367.0
11:48,700.86,701.0,700.6,700.95,27697.0
11:49,701.24,701.44,700.83,700.94,29466.0
11:50,700.93,701.37,700.93,701.23,13765.0
11:51,701.19,701.47,701.02,701.08,31186.0
11:52,701.21,701.64,701.21,701.5,11354.0
11:53,700.64,701.3,700.63,701.11,17965.0
11:54,701.28,701.28,700.71,700.74,28091.0
11:55,701.4,701.5,701.0,701.35,26542.0
11:56,701.37,701.52,701.18,701.49,21913.0
11:57,701.18,701.56,701.12,701.36,9092.0
11:58,701.51,701.62,701.25,701.25,26928.0
11:59,701.15,701.62,701.0,701.45,37667.0
12:00,701.61,701.71,701.13,701.13,36157.0
12:01,701.9,702.0,701.48,701.61,52630.0
12:02,701.19,702.0,701.18,701.95,21949.0
12:03,701.38,701.53,701.1,701.19,23923.0
12:04,701.37,701.7,701.35,701.42,19970.0
12:05,700.81,701.38,700.72,701.38,15447.0
12:06,700.31,700.54,700.17,700.54,36214.0
12:07,700.46,700.46,700.16,700.31,19432.0
12:08,700.34,700.49,700.28,700.46,18363.0
12:09,700.29,700.41,700.24,700.35,15488.0
12:10,700.46,700.54,700.15,700.2,25047.0
12:11,700.16,700.35,700.16,700.35,17320.0
12:12,700.28,700.3,700.0,700.25,31853.0
12:13,700.31,700.37,700.0,700.27,37540.0
12:14,700.38,700.47,700.18,700.29,19812.0
12:15,700.68,700.68,700.23,700.39,17877.0
12:16,700.78,700.88,700.55,700.63,23894.0
12:17,700.64,700.94,700.64,700.8,11963.0
12:18,701.16,701.22,700.66,700.74,30554.0
12:19,701.24,701.32,701.04,701.1,23789.0
12:20,701.14,701.33,701.05,701.23,31364.0
12:21,701.25,701.26,701.05,701.14,21958.0
12:22,700.99,701.4,700.95,701.25,75557.0
12:23,700.97,701.13,700.85,701.0,10524.0
12:24,700.99,701.09,700.91,701.02,17227.0
12:25,700.62,700.91,700.51,700.91,15378.0
12:26,700.54,700.62,700.21,700.62,38110.0
12:27,700.78,700.94,700.4,700.4,17342.0
12:28,700.54,700.85,700.42,700.78,10363.0
12:29,700.71,700.76,700.47,700.6,31408.0
12:30,700.84,700.99,700.74,700.8,32242.0
12:31,700.64,700.79,700.59,700.78,6688.0
12:32,701.03,701.04,700.6,700.71,17914.0
12:33,701.03,701.09,700.91,700.99,10719.0
12:34,701.69,701.85,700.96,701.04,22100.0
12:35,701.46,701.83,701.42,701.73,11982.0
12:36,701.7,701.8,701.23,701.46,15798.0
12:37,701.83,702.0,701.69,701.7,21448.0
12:38,701.63,701.84,701.5,701.84,12021.0
12:39,701.57,701.79,701.52,701.66,17146.0
12:40,701.21,701.65,701.21,701.57,13138.0
12:41,701.22,701.38,701.05,701.31,9469.0
12:42,701.04,701.3,700.8,701.26,26729.0
12:43,700.82,701.18,700.55,701.12,11691.0
12:44,700.46,700.7,700.42,700.68,38452.0
12:45,700.25,700.62,700.25,700.46,16252.0
12:46,700.41,700.51,700.24,700.37,16069.0
12:47,700.8,700.87,700.42,700.53,14092.0
12:48,700.78,700.83,700.69,700.83,12969.0
12:49,700.8,700.8,700.68,700.72,13800.0
12:50,701.12,701.13,700.93,700.95,10800.0
12:51,701.43,701.44,701.21,701.24,10416.0
12:52,701.7,701.78,701.46,701.46,41518.0
12:53,701.67,701.79,701.65,701.7,6713.0
12:54,701.61,701.73,701.5,701.66,10332.0
12:55,701.73,702.0,701.55,701.55,19681.0
12:56,701.59,701.67,701.49,701.63,14257.0
12:57,701.59,701.7,701.51,701.59,14014.0
12:58,701.52,701.68,701.51,701.58,14071.0
12:59,701.58,701.61,701.47,701.52,12161.0
13:00,701.6,701.72,701.5,701.65,6725.0
13:01,701.37,701.6,701.36,701.6,12181.0
13:02,701.78,701.78,701.41,701.43,15659.0
13:03,701.75,701.81,701.7,701.78,13402.0
13:04,701.64,701.77,701.63,701.75,6062.0
13:05,701.51,701.75,701.46,701.75,8232.0
13:06,701.48,701.58,701.36,701.51,15195.0
13:07,701.48,701.66,701.36,701.52,15594.0
13:08,701.48,701.49,701.34,701.47,12815.0
13:09,701.41,701.53,701.3,701.45,17734.0
13:10,701.32,701.52,701.27,701.48,10053.0
13:11,701.54,701.54,701.3,701.36,20245.0
13:12,700.98,701.44,700.93,701.41,24158.0
13:13,701.24,701.31,701.01,701.04,22973.0
13:14,701.28,701.36,701.21,701.28,8519.0
13:15,700.95,701.35,700.95,701.28,24630.0
13:16,700.91,701.05,700.7,700.91,22148.0
13:17,700.98,701.02,700.91,700.91,16009.0
13:18,700.93,701.06,700.88,700.98,9779.0
13:19,700.91,701.1,700.8,700.99,21956.0
13:20,700.99,701.04,700.84,700.89,12127.0
13:21,700.81,701.01,700.81,700.98,63630.0
13:22,700.8,700.86,700.51,700.65,9814.0
13:23,700.52,700.67,700.5,700.65,17454.0
13:24,700.64,700.77,700.48,700.6,27711.0
13:25,700.67,700.74,700.62,700.71,21201.0
13:26,700.59,700.77,700.55,700.67,13799.0
13:27,700.16,700.56,700.16,700.45,14113.0
13:28,700.04,700.26,699.98,700.24,58875.0
13:29,700.04,700.13,699.9,699.97,22468.0
13:30,700.09,700.13,699.92,700.06,11444.0
13:31,700.1,700.16,700.03,700.09,10429.0
13:32,700.19,700.21,700.03,700.1,19540.0
13:33,700.4,700.49,700.14,700.21,20277.0
13:34,700.42,700.61,700.4,700.4,19218.0
13:35,700.4,700.51,700.25,700.4,12607.0
13:36,700.36,700.56,700.32,700.37,13178.0
13:37,701.0,701.08,700.43,700.47,34109.0
13:38,701.17,701.17,700.91,701.13,15230.0
13:39,701.65,701.65,701.02,701.02,29084.0
13:40,701.72,701.75,701.5,701.65,25193.0
13:41,701.74,701.9,701.62,701.77,16464.0
13:42,701.56,701.73,701.45,701.71,19843.0
13:43,701.62,701.68,701.43,701.62,34116.0
13:44,701.51,701.63,701.43,701.52,13397.0
13:45,701.45,701.59,701.41,701.5,40286.0
13:46,702.7,702.7,701.31,701.47,58303.0
13:47,702.31,702.88,702.31,702.69,29170.0
13:48,702.45,702.51,702.11,702.2,41927.0
13:49,701.52,702.56,701.52,702.46,19780.0
13:50,701.41,701.73,701.41,701.67,41200.0
13:51,701.68,701.69,700.89,701.39,50708.0
13:52,701.47,701.96,701.47,701.6,26367.0
13:53,701.64,701.8,701.51,701.65,11533.0
13:54,701.29,701.64,701.29,701.55,15761.0
13:55,701.37,701.63,701.25,701.4,20666.0
13:56,701.27,701.37,701.1,701.37,12020.0
13:57,701.12,701.31,701.12,701.13,10721.0
13:58,700.92,701.2,700.84,701.2,34818.0
13:59,700.43,700.95,700.36,700.93,52902.0
14:00,700.88,701.49,700.2,700.44,67183.0
14:01,699.69,700.93,699.69,700.93,71537.0
14:02,699.64,700.14,699.6,699.83,49215.0
14:03,699.73,699.81,699.0,699.81,80607.0
14:04,700.2,700.33,699.5,699.5,29396.0
14:05,700.66,701.01,700.24,700.24,28410.0
14:06,700.49,700.97,700.28,700.68,29714.0
14:07,700.5,700.71,700.5,700.59,23807.0
14:08,700.21,700.7,700.12,700.7,21856.0
14:09,699.83,700.18,699.82,700.14,34157.0
14:10,699.65,700.0,699.54,699.8,34208.0
14:11,700.35,700.42,699.65,699.65,26184.0
14:12,700.38,700.47,700.13,700.42,24630.0
14:13,699.82,700.46,699.82,700.37,12677.0
14:14,700.03,700.11,699.78,699.96,20061.0
14:15,700.68,700.9,699.96,700.03,38013.0
14:16,699.98,700.6,699.95,700.59,32540.0
14:17,699.4,700.05,699.4,700.02,36033.0
14:18,699.4,699.5,699.25,699.38,26826.0
14:19,699.29,699.5,699.14,699.43,27993.0
14:20,699.18,699.38,699.0,699.13,66996.0
14:21,698.81,699.21,698.8,699.18,44903.0
14:22,698.95,699.22,698.75,698.75,39012.0
14:23,699.28,699.35,698.85,699.06,58653.0
14:24,699.85,699.86,699.22,699.32,32315.0
14:25,699.67,699.85,699.65,699.8,19300.0
14:26,699.88,699.97,699.5,699.67,15680.0
14:27,699.58,699.9,699.58,699.82,9629.0
14:28,699.61,699.9,699.61,699.7,13782.0
14:29,699.58,699.69,699.5,699.62,26888.0
14:30,699.28,699.65,699.13,699.62,29339.0
14:31,699.51,699.61,699.15,699.18,37312.0
14:32,699.48,699.56,699.28,699.4,19119.0
14:33,699.5,699.9,699.47,699.47,29462.0
14:34,700.12,700.17,699.42,699.42,33423.0
14:35,700.4,700.68,700.08,700.12,25540.0
14:36,699.73,700.64,699.73,700.4,30882.0
14:37,699.8,700.6,699.54,700.1,60259.0
14:38,698.84,699.99,698.72,699.77,64904.0
14:39,698.82,699.31,698.78,698.83,42062.0
14:40,698.49,698.87,698.18,698.82,75314.0
14:41,698.42,698.74,698.2,698.49,64770.0
14:42,698.25,698.4,697.7,698.4,92176.0
14:43,698.14,698.63,698.02,698.2,64887.0
14:44,698.28,698.6,698.03,698.16,42633.0
14:45,698.24,698.79,697.83,698.34,67028.0
14:46,698.47,698.8,698.22,698.24,44617.0
14:47,697.86,698.48,697.8,698.47,42486.0
14:48,696.97,698.0,696.96,698.0,63463.0
14:49,696.86,697.46,696.8,697.03,42903.0
14:50,696.1,696.99,695.7,696.83,112318.0
14:51,696.54,696.85,695.83,696.09,74321.0
14:52,697.03,697.19,696.45,696.74,53005.0
14:53,696.84,696.96,696.28,696.96,42049.0
14:54,696.26,696.92,696.26,696.77,62383.0
14:55,696.54,696.9,696.13,696.19,54567.0
14:56,695.37,696.57,695.1,696.53,98692.0
14:57,694.42,695.34,693.87,695.23,118111.0
14:58,693.78,694.26,693.62,694.12,78504.0
14:59,692.7,694.06,692.21,693.77,102043.0
15:00,692.65,692.92,691.2,692.64,125953.0
15:01,693.43,693.43,692.25,692.65,64893.0
15:02,694.75,694.75,692.69,693.22,77143.0
15:03,693.64,694.83,693.64,694.54,66181.0
15:04,692.79,693.86,692.79,693.86,34339.0
15:05,692.83,693.18,692.62,692.73,69524.0
15:06,693.88,693.9,692.0,692.64,76454.0
15:07,693.92,694.23,693.5,693.76,80609.0
15:08,693.64,693.97,692.67,693.9,60239.0
15:09,694.4,694.89,693.61,693.72,72317.0
15:10,694.35,694.63,694.08,694.36,43630.0
15:11,695.06,695.78,693.91,694.28,49564.0
15:12,695.37,695.91,695.13,695.13,52711.0
15:13,696.03,696.23,695.04,695.66,55858.0
15:14,696.41,697.41,696.03,696.12,49100.0
15:15,696.86,696.88,696.13,696.44,37547.0
15:16,696.13,696.86,696.12,696.78,42657.0
15:17,695.3,696.42,695.01,696.09,44962.0
15:18,695.72,696.12,695.32,695.34,30853.0
15:19,695.67,695.9,695.34,695.71,29251.0
15:20,695.99,696.0,695.17,695.55,49601.0
15:21,695.79,696.49,695.71,696.0,40196.0
15:22,695.0,695.85,695.0,695.74,39738.0
15:23,694.5,695.17,694.39,694.92,43815.0
15:24,694.37,694.79,694.32,694.49,25296.0
15:25,694.55,694.55,694.0,694.36,54867.0
15:26,694.81,695.0,694.0,694.55,37358.0
15:27,694.38,694.63,694.08,694.63,35302.0
15:28,694.47,695.13,694.26,694.56,47536.0
15:29,694.72,694.82,694.05,694.48,48518.0
15:30,695.38,695.67,694.77,694.77,69983.0
15:31,695.98,696.03,695.27,695.39,32143.0
15:32,696.29,696.64,695.85,695.85,63206.0
15:33,695.75,696.66,695.71,696.46,69959.0
15:34,695.73,695.92,695.56,695.72,40643.0
15:35,696.53,696.55,695.22,695.57,32059.0
15:36,696.0,697.0,696.0,696.53,45484.0
15:37,696.04,696.12,695.65,696.09,46458.0
15:38,695.0,696.35,694.8,696.35,67193.0
15:39,694.31,695.29,694.3,695.13,46482.0
15:40,694.46,694.73,693.9,694.39,90486.0
15:41,695.29,695.58,694.5,694.53,57283.0
15:42,694.66,695.58,694.56,695.26,52103.0
15:43,694.89,694.89,694.25,694.53,51567.0
15:44,695.03,695.19,694.3,694.85,80718.0
15:45,695.15,695.29,694.7,694.88,37953.0
15:46,695.51,695.74,695.06,695.12,96009.0
15:47,695.32,695.59,695.2,695.51,71078.0
15:48,694.77,695.38,694.77,695.36,76605.0
15:49,695.18,695.34,694.73,694.78,41344.0
15:50,696.16,696.44,694.52,695.18,136778.0
15:51,696.12,696.29,695.53,696.29,109322.0
15:52,695.06,696.07,694.91,696.07,87642.0
15:53,695.15,695.25,694.62,695.13,81780.0
15:54,694.76,695.77,694.76,695.08,118366.0
15:55,693.99,694.75,693.51,694.75,140993.0
15:56,693.85,694.1,693.33,693.99,136849.0
15:57,694.5,695.0,693.7,693.92,183602.0
15:58,694.38,694.66,694.11,694.49,182903.0
15:59,695.63,695.78,694.06,694.45,377947.0
