Time,Close,High,Low,Open,Volume
09:30,603.41,603.99,602.64,603.41,355776.0
09:31,602.69,604.5,602.4,603.39,78467.0
09:32,602.73,603.95,602.73,602.77,63911.0
09:33,603.76,603.95,602.45,602.66,41252.0
09:34,604.63,604.87,603.4,603.76,62438.0
09:35,606.37,606.7,604.8,604.89,96941.0
09:36,606.43,606.62,605.77,606.3,52111.0
09:37,606.5,606.97,606.31,606.32,45374.0
09:38,605.77,606.64,605.57,606.6,33101.0
09:39,605.4,606.37,605.36,605.65,47622.0
09:40,605.09,605.75,604.8,605.42,48161.0
09:41,604.29,605.21,604.24,605.1,35651.0
09:42,604.28,604.88,603.48,604.53,48323.0
09:43,603.53,604.24,603.48,604.14,22729.0
09:44,602.5,603.68,602.4,603.67,43016.0
09:45,602.05,603.23,602.05,602.05,55333.0
09:46,602.96,602.99,602.07,602.07,28840.0
09:47,603.26,603.29,602.73,603.15,25454.0
09:48,603.41,603.46,602.72,603.21,35154.0
09:49,603.03,603.7,602.85,603.35,14297.0
09:50,602.97,603.25,602.32,603.07,30368.0
09:51,601.89,602.95,601.83,602.95,30391.0
09:52,601.16,601.97,601.08,601.97,26971.0
09:53,600.23,601.28,600.15,601.28,52906.0
09:54,600.62,600.78,600.16,600.29,56451.0
09:55,600.17,600.94,600.16,600.35,40265.0
09:56,599.7,600.25,599.0,600.19,102178.0
09:57,600.49,600.49,599.21,599.6,41139.0
09:58,601.83,601.97,600.49,600.49,38705.0
09:59,601.25,601.99,600.84,601.87,77228.0
10:00,601.27,601.41,600.84,601.14,15476.0
10:01,601.14,601.72,601.14,601.28,56440.0
10:02,601.29,601.59,601.14,601.25,15500.0
10:03,601.26,601.33,600.94,601.29,17237.0
10:04,600.99,601.5,600.44,601.44,19658.0
10:05,600.48,601.07,600.0,601.0,33409.0
10:06,601.16,601.2,600.25,600.56,36659.0
10:07,601.74,601.98,601.32,601.32,44221.0
10:08,601.88,602.09,601.3,601.75,45406.0
10:09,601.36,601.86,601.05,601.53,19900.0
10:10,600.5,601.5,600.49,601.29,33511.0
10:11,600.23,600.59,599.8,600.54,31635.0
10:12,599.34,600.1,599.2,599.98,45008.0
10:13,599.73,599.75,599.35,599.35,18190.0
10:14,599.64,600.0,599.25,599.79,29846.0
10:15,598.66,599.86,598.5,599.72,41499.0
10:16,599.21,599.3,598.59,598.59,25371.0
10:17,598.58,599.33,598.31,599.33,26270.0
10:18,598.03,598.38,597.87,598.38,61175.0
10:19,597.72,598.32,597.62,598.06,32017.0
10:20,596.91,597.97,596.85,597.59,53890.0
10:21,597.65,597.67,597.0,597.01,24808.0
10:22,596.85,597.53,596.63,597.53,24433.0
10:23,596.73,597.0,596.52,596.91,26072.0
10:24,596.57,596.82,596.23,596.82,30771.0
10:25,596.0,596.78,595.95,596.45,33990.0
10:26,594.8,595.71,594.53,595.66,70014.0
10:27,595.2,595.29,594.41,594.86,63295.0
10:28,594.76,595.16,594.37,595.16,46146.0
10:29,595.83,595.83,594.59,594.65,36776.0
10:30,596.2,596.2,595.33,595.85,23477.0
10:31,595.9,596.4,595.68,596.12,33759.0
10:32,595.71,596.09,595.58,595.62,26104.0
10:33,595.98,596.01,595.56,595.56,21248.0
10:34,595.27,595.95,595.0,595.91,23167.0
10:35,593.88,595.24,593.76,595.18,35220.0
10:36,593.56,594.05,593.47,593.97,51107.0
10:37,593.23,593.86,593.18,593.48,37031.0
10:38,591.96,593.25,591.83,593.23,81490.0
10:39,592.58,592.87,591.71,592.07,52032.0
10:40,592.91,593.29,591.85,592.62,78473.0
10:41,593.04,593.23,592.6,593.05,35505.0
10:42,594.01,594.01,592.78,593.03,42428.0
10:43,593.79,594.38,593.26,594.1,41266.0
10:44,594.64,594.75,593.42,593.78,27491.0
10:45,594.41,594.63,594.23,594.6,426460.0
10:46,594.26,594.52,594.13,594.39,26041.0
10:47,594.21,594.68,594.13,594.26,26140.0
10:48,595.47,595.47,594.13,594.27,30533.0
10:49,595.76,595.8,595.35,595.5,26801.0
10:50,595.5,595.94,595.34,595.57,30369.0
10:51,596.66,596.66,595.4,595.4,41408.0
10:52,596.17,596.65,595.9,596.58,20489.0
10:53,595.56,596.29,595.5,596.29,22083.0
10:54,595.74,595.74,595.21,595.58,26447.0
10:55,595.95,596.04,595.64,595.66,10181.0
10:56,596.69,596.69,595.84,596.01,14987.0
10:57,597.03,597.03,596.2,596.7,38099.0
10:58,597.4,597.48,596.95,597.03,29674.0
10:59,597.39,597.48,597.07,597.33,23353.0
11:00,597.27,597.37,596.66,597.34,21957.0
11:01,597.28,597.37,596.9,597.37,18694.0
11:02,597.21,597.4,597.01,597.25,12789.0
11:03,597.65,597.69,597.21,597.22,17919.0
11:04,598.22,598.28,597.58,597.59,34559.0
11:05,598.65,598.65,598.12,598.16,35614.0
11:06,597.93,598.54,597.85,598.52,25754.0
11:07,598.32,598.41,598.07,598.07,17070.0
11:08,598.2,598.65,598.2,598.3,22615.0
11:09,598.57,598.59,598.22,598.22,11440.0
11:10,597.8,598.6,597.55,598.6,31402.0
11:11,598.3,598.36,597.01,597.88,28584.0
11:12,598.04,598.47,597.68,598.37,21988.0
11:13,598.02,598.2,597.72,597.72,14488.0
11:14,598.22,598.45,598.01,598.1,10805.0
11:15,597.6,598.33,597.6,598.17,16026.0
11:16,598.2,598.2,597.74,597.8,12473.0
11:17,598.67,598.67,598.08,598.17,12230.0
11:18,598.64,599.07,598.64,598.69,20515.0
11:19,598.44,598.61,598.3,598.6,10080.0
11:20,598.07,598.47,597.97,598.45,17450.0
11:21,597.88,598.07,597.33,598.07,19136.0
11:22,597.53,597.86,597.22,597.8,20206.0
11:23,597.11,597.51,597.0,597.51,19646.0
11:24,597.24,597.46,597.0,597.17,22462.0
11:25,597.47,597.72,597.22,597.38,17429.0
11:26,597.48,597.8,597.02,597.48,11570.0
11:27,597.93,597.94,597.0,597.46,24619.0
11:28,598.3,598.3,597.97,598.0,14892.0
11:29,598.48,598.57,598.26,598.5,14722.0
11:30,597.78,598.44,597.68,598.32,21733.0
11:31,597.75,598.29,597.75,597.77,10938.0
11:32,598.09,598.27,597.59,597.59,14979.0
11:33,598.16,598.42,598.15,598.3,15789.0
11:34,599.28,599.28,598.25,598.25,23857.0
11:35,599.32,599.44,599.16,599.16,22414.0
11:36,598.76,599.48,598.57,599.4,17847.0
11:37,598.38,598.85,598.28,598.75,14701.0
11:38,598.77,598.77,598.25,598.6,8549.0
11:39,598.39,598.86,598.28,598.81,9343.0
11:40,597.87,598.2,597.7,598.19,13555.0
11:41,598.3,598.33,597.88,598.06,6844.0
11:42,598.17,598.65,598.07,598.39,8640.0
11:43,598.54,598.55,598.17,598.27,9698.0
11:44,598.11,598.39,598.04,598.35,8806.0
11:45,598.65,598.65,598.06,598.11,17998.0
11:46,598.57,598.86,598.32,598.71,10734.0
11:47,598.44,598.71,598.25,598.71,5581.0
11:48,598.58,598.85,598.3,598.71,9994.0
11:49,598.36,598.42,598.0,598.42,9269.0
11:50,598.88,599.05,598.33,598.41,24095.0
11:51,598.92,598.99,598.73,598.87,5174.0
11:52,599.05,599.28,598.81,598.91,17166.0
11:53,599.3,599.3,599.01,599.06,15505.0
11:54,598.67,599.39,598.67,599.36,12055.0
11:55,598.6,598.82,598.6,598.6,6924.0
11:56,598.9,599.01,598.62,598.62,13104.0
11:57,599.08,599.14,598.88,598.88,4562.0
11:58,599.18,599.3,599.09,599.09,17126.0
11:59,599.3,599.5,599.18,599.27,20702.0
12:00,599.03,599.52,598.97,599.34,14966.0
12:01,599.04,599.17,598.86,598.99,6833.0
12:02,598.64,599.08,598.6,599.06,9007.0
12:03,598.19,598.76,598.19,598.72,16832.0
12:04,597.52,598.16,597.52,598.16,14241.0
12:05,597.86,598.0,597.45,597.57,17151.0
12:06,597.71,597.93,597.4,597.93,100942.0
12:07,597.15,597.82,597.15,597.66,11227.0
12:08,597.07,597.36,596.9,597.24,20833.0
12:09,596.48,597.07,596.38,597.0,19792.0
12:10,596.15,596.72,596.15,596.57,20283.0
12:11,596.31,596.52,595.82,596.19,22008.0
12:12,596.03,596.17,595.54,595.83,26935.0
12:13,596.4,596.41,595.81,595.84,10868.0
12:14,596.58,596.67,596.32,596.32,14386.0
12:15,596.54,596.85,596.23,596.59,21346.0
12:16,595.35,596.49,595.35,596.49,20075.0
12:17,596.14,596.16,595.43,595.48,17927.0
12:18,596.04,596.13,595.71,595.91,13763.0
12:19,596.17,596.62,595.98,596.14,21754.0
12:20,596.01,596.46,596.01,596.11,16657.0
12:21,596.03,596.5,595.99,596.24,21401.0
12:22,596.17,596.3,595.9,596.03,6674.0
12:23,596.44,596.45,596.01,596.08,14133.0
12:24,596.29,596.39,596.01,596.01,9208.0
12:25,596.22,596.38,596.2,596.32,8559.0
12:26,596.02,596.11,595.59,596.11,11965.0
12:27,595.84,595.93,595.74,595.88,10103.0
12:28,595.83,595.88,595.76,595.79,4739.0
12:29,596.02,596.03,595.86,595.87,11382.0
12:30,596.3,596.38,595.59,595.99,20997.0
12:31,595.65,596.38,595.53,596.22,10462.0
12:32,596.26,596.26,595.6,595.65,16320.0
12:33,596.25,596.34,596.0,596.21,13998.0
12:34,596.57,596.61,596.18,596.18,10413.0
12:35,597.25,597.25,596.54,596.54,23734.0
12:36,597.27,597.65,596.97,597.3,26580.0
12:37,597.51,597.51,597.15,597.27,13185.0
12:38,597.21,597.52,597.21,597.52,7740.0
12:39,596.9,597.21,596.72,597.21,19027.0
12:40,597.56,597.66,596.89,596.89,12025.0
12:41,597.24,597.57,597.23,597.48,7334.0
12:42,596.98,597.47,596.84,597.3,10858.0
12:43,597.23,597.29,596.98,597.06,11558.0
12:44,597.26,597.48,597.2,597.2,7364.0
12:45,596.91,597.26,596.8,597.26,13916.0
12:46,596.79,597.14,596.71,597.0,10216.0
12:47,596.65,596.91,596.58,596.8,108165.0
12:48,595.91,596.86,595.91,596.53,33725.0
12:49,595.77,595.88,595.32,595.82,28569.0
12:50,595.76,596.0,595.67,595.78,13396.0
12:51,595.85,595.95,595.55,595.6,11027.0
12:52,595.77,596.21,595.62,596.0,8701.0
12:53,595.93,595.96,595.73,595.73,6951.0
12:54,596.3,596.38,595.81,595.9,12267.0
12:55,596.03,596.62,595.93,596.38,9377.0
12:56,595.91,595.91,595.65,595.78,9094.0
12:57,595.53,595.96,595.46,595.96,8707.0
12:58,594.99,595.53,594.67,595.53,26808.0
12:59,595.04,595.05,594.85,594.9,9549.0
13:00,595.11,595.34,594.91,595.08,14812.0
13:01,595.13,595.48,594.85,595.12,25625.0
13:02,595.07,595.28,595.06,595.15,10963.0
13:03,595.1,595.29,595.04,595.19,8157.0
13:04,595.05,595.19,594.91,594.97,9134.0
13:05,594.6,595.06,594.47,594.98,16820.0
13:06,594.65,594.93,594.46,594.6,11543.0
13:07,594.44,594.92,594.41,594.91,11695.0
13:08,594.26,594.63,594.07,594.35,18384.0
13:09,594.73,594.73,594.24,594.39,13802.0
13:10,595.54,595.54,594.64,594.77,17786.0
13:11,595.32,595.61,595.15,595.5,9015.0
13:12,595.66,595.82,595.27,595.34,11660.0
13:13,595.42,595.66,595.21,595.58,9829.0
13:14,594.83,595.47,594.57,595.47,16601.0
13:15,594.89,594.96,594.7,594.83,10327.0
13:16,595.23,595.44,595.04,595.04,12194.0
13:17,595.38,595.5,595.14,595.34,8125.0
13:18,595.54,595.64,595.4,595.4,11696.0
13:19,595.42,595.95,595.31,595.47,10765.0
13:20,595.0,595.54,595.0,595.42,9279.0
13:21,595.09,595.2,594.96,594.98,10639.0
13:22,594.97,595.36,593.6,595.13,56630.0
13:23,594.52,595.81,594.52,594.98,21611.0
13:24,595.17,595.37,594.5,594.81,14448.0
13:25,595.4,595.61,595.23,595.3,12131.0
13:26,595.54,595.67,595.0,595.34,11303.0
13:27,595.16,595.6,595.0,595.6,10494.0
13:28,594.81,595.18,594.8,595.16,13322.0
13:29,594.8,595.02,594.64,594.84,9552.0
13:30,594.1,594.84,594.1,594.71,16107.0
13:31,594.41,594.51,594.1,594.14,9191.0
13:32,594.19,594.34,594.0,594.34,14914.0
13:33,594.07,594.3,593.91,594.18,9214.0
13:34,594.31,594.31,593.95,594.07,14322.0
13:35,594.58,594.7,594.23,594.24,8652.0
13:36,594.75,594.75,594.58,594.7,6659.0
13:37,594.2,594.74,594.2,594.71,14144.0
13:38,594.38,594.4,593.84,594.08,13832.0
13:39,594.44,594.53,594.27,594.34,10085.0
13:40,594.52,594.52,594.21,594.43,10084.0
13:41,594.65,594.65,594.46,594.52,8191.0
13:42,595.13,595.13,594.63,594.63,15987.0
13:43,595.5,595.5,595.08,595.08,16587.0
13:44,595.49,595.56,595.25,595.48,14893.0
13:45,595.27,595.67,595.27,595.42,29739.0
13:46,595.42,595.53,595.2,595.27,9895.0
13:47,595.53,595.75,595.42,595.5,14687.0
13:48,595.34,595.59,595.32,595.53,9797.0
13:49,595.25,595.45,595.25,595.45,11007.0
13:50,594.9,595.28,594.9,595.27,13954.0
13:51,594.88,595.06,594.48,594.96,17660.0
13:52,594.64,594.9,594.51,594.88,8132.0
13:53,594.4,594.55,594.36,594.55,10340.0
13:54,594.54,594.84,594.42,594.52,8113.0
13:55,594.59,594.62,594.32,594.45,7128.0
13:56,594.33,594.6,594.33,594.6,11310.0
13:57,594.79,594.82,594.43,594.43,9649.0
13:58,594.8,595.0,594.62,594.85,18245.0
13:59,594.61,594.79,594.38,594.7,8481.0
14:00,594.46,594.7,594.39,594.61,9705.0
14:01,594.41,594.55,594.35,594.55,9474.0
14:02,594.05,594.5,594.01,594.5,11063.0
14:03,594.15,594.38,594.03,594.05,12631.0
14:04,593.64,594.14,593.64,594.14,14851.0
14:05,593.29,593.73,593.29,593.66,27920.0
14:06,593.53,593.81,593.28,593.36,24244.0
14:07,593.59,593.7,593.42,593.42,11595.0
14:08,593.46,593.6,593.38,593.54,14730.0
14:09,593.11,593.41,593.11,593.41,13671.0
14:10,593.27,593.31,592.96,593.1,27690.0
14:11,593.12,593.22,592.88,593.07,14134.0
14:12,593.13,593.19,592.99,593.05,25087.0
14:13,593.49,593.49,593.0,593.08,9658.0
14:14,593.33,593.43,593.28,593.43,22244.0
14:15,593.54,593.72,593.26,593.33,14835.0
14:16,593.18,593.75,593.18,593.64,11973.0
14:17,592.58,593.21,592.58,593.16,31219.0
14:18,592.79,592.79,592.32,592.52,25143.0
14:19,592.81,592.93,592.74,592.81,8866.0
14:20,592.86,592.88,592.62,592.88,13116.0
14:21,592.5,593.14,592.5,592.97,12622.0
14:22,592.61,592.72,592.3,592.52,22331.0
14:23,592.53,592.7,592.47,592.51,19370.0
14:24,592.62,592.79,592.52,592.53,11051.0
14:25,592.57,592.72,592.43,592.62,11262.0
14:26,592.4,592.69,592.32,592.65,23973.0
14:27,592.53,592.59,592.4,592.4,9681.0
14:28,592.39,592.57,592.26,592.54,13697.0
14:29,592.46,592.55,592.38,592.55,13305.0
14:30,592.45,592.49,592.27,592.47,10730.0
14:31,592.91,593.01,592.47,592.47,16798.0
14:32,593.21,593.3,592.97,592.99,14738.0
14:33,593.18,593.27,593.08,593.27,10883.0
14:34,593.2,593.27,593.01,593.19,9666.0
14:35,592.66,593.35,592.66,593.33,17816.0
14:36,592.6,592.7,592.25,592.64,16048.0
14:37,592.43,592.67,592.43,592.67,11213.0
14:38,592.54,592.78,592.49,592.49,7662.0
14:39,592.7,592.88,592.58,592.66,24462.0
14:40,593.34,593.34,592.84,592.84,5572.0
14:41,592.89,593.1,592.8,593.08,11902.0
14:42,592.52,592.74,592.52,592.7,9435.0
14:43,592.62,592.65,592.52,592.52,9148.0
14:44,592.44,592.77,592.32,592.64,12185.0
14:45,592.7,592.75,592.39,592.5,8910.0
14:46,592.83,592.84,592.63,592.66,11738.0
14:47,592.88,592.95,592.77,592.78,11376.0
14:48,592.93,592.98,592.73,592.89,18110.0
14:49,592.96,593.2,592.93,592.96,19406.0
14:50,593.31,593.32,593.04,593.05,14391.0
14:51,592.87,593.31,592.72,593.31,16738.0
14:52,592.63,593.0,592.56,592.87,12975.0
14:53,592.72,592.85,592.62,592.62,10920.0
14:54,592.8,592.89,592.49,592.55,17973.0
14:55,592.61,592.9,592.61,592.82,11549.0
14:56,592.93,593.1,592.61,592.61,77185.0
14:57,592.85,592.96,592.76,592.95,5629.0
14:58,592.89,592.89,592.77,592.81,10542.0
14:59,592.83,592.96,592.78,592.83,12187.0
15:00,593.07,593.21,592.83,592.83,19499.0
15:01,593.2,593.34,592.92,593.11,60497.0
15:02,593.45,593.45,593.04,593.29,12407.0
15:03,593.92,593.99,593.41,593.48,45259.0
15:04,593.58,593.98,593.5,593.98,26435.0
15:05,593.62,593.66,593.5,593.58,7812.0
15:06,593.35,593.6,593.35,593.55,10930.0
15:07,593.96,593.96,593.42,593.42,13760.0
15:08,594.35,594.51,593.98,593.98,24461.0
15:09,594.09,594.74,594.09,594.4,17060.0
15:10,594.39,594.54,594.15,594.15,14346.0
15:11,594.19,594.53,594.01,594.45,15805.0
15:12,594.05,594.22,593.91,594.19,16746.0
15:13,593.89,594.03,593.8,594.03,11088.0
15:14,593.61,593.89,593.34,593.75,17997.0
15:15,593.6,593.87,593.53,593.82,11518.0
15:16,593.6,593.65,593.3,593.62,18122.0
15:17,593.32,593.76,593.32,593.72,4233.0
15:18,593.48,593.48,593.22,593.22,6711.0
15:19,593.53,593.55,593.4,593.41,12977.0
15:20,593.55,593.78,593.49,593.6,12825.0
15:21,593.29,593.57,593.08,593.57,23328.0
15:22,593.37,593.39,593.14,593.19,18684.0
15:23,593.52,593.54,593.26,593.37,13961.0
15:24,593.66,593.7,593.47,593.49,12134.0
15:25,593.47,593.85,593.47,593.69,11716.0
15:26,593.59,593.61,593.46,593.46,10719.0
15:27,593.73,593.87,593.59,593.59,12994.0
15:28,593.81,593.91,593.67,593.73,13667.0
15:29,593.89,594.03,593.8,593.88,15158.0
15:30,593.53,593.88,593.53,593.85,22827.0
15:31,593.59,593.69,593.14,593.53,26150.0
15:32,594.15,594.15,593.44,593.53,27420.0
15:33,594.54,594.71,594.15,594.19,42305.0
15:34,594.57,594.59,594.34,594.51,22560.0
15:35,594.65,594.88,594.52,594.54,17365.0
15:36,594.76,594.79,594.41,594.59,10536.0
15:37,594.34,594.82,594.34,594.77,18974.0
15:38,594.47,594.84,594.35,594.43,32432.0
15:39,594.53,594.62,594.49,594.52,13081.0
15:40,594.23,594.6,594.23,594.6,19785.0
15:41,594.15,594.18,593.9,594.09,20907.0
15:42,594.12,594.38,594.03,594.16,19996.0
15:43,594.16,594.44,594.04,594.23,29772.0
15:44,593.95,594.12,593.84,594.1,34840.0
15:45,593.4,594.03,593.23,594.02,16892.0
15:46,593.55,593.55,593.04,593.34,20552.0
15:47,593.39,593.83,593.33,593.46,20630.0
15:48,593.52,593.73,593.41,593.53,18894.0
15:49,593.53,593.53,593.14,593.36,23188.0
15:50,594.05,594.08,593.47,593.85,36672.0
15:51,593.86,594.08,593.76,594.08,27041.0
15:52,593.83,593.92,593.64,593.75,24338.0
15:53,593.63,593.85,593.6,593.8,20392.0
15:54,594.06,594.19,593.56,593.67,58298.0
15:55,592.97,593.88,592.95,593.88,61830.0
15:56,592.77,593.06,592.66,592.95,48457.0
15:57,593.0,593.07,592.74,592.82,55959.0
15:58,592.56,592.96,592.44,592.94,65675.0
15:59,592.6,592.78,592.42,592.56,135378.0
