Time,Close,High,Low,Open,Volume
09:30,633.63,637.76,632.89,637.53,1846002.0
09:31,636.03,636.45,633.18,633.9,175962.0
09:32,637.09,637.69,635.01,635.86,233723.0
09:33,638.56,638.76,637.18,637.18,118963.0
09:34,638.11,639.43,637.3,638.57,155537.0
09:35,637.49,638.56,637.36,638.11,119739.0
09:36,637.02,638.1,636.83,637.66,89013.0
09:37,638.24,638.69,636.64,636.88,108201.0
09:38,637.79,638.34,637.47,638.18,91320.0
09:39,639.25,639.75,637.66,637.84,110067.0
09:40,639.67,639.8,638.87,639.17,57656.0
09:41,637.86,639.68,637.73,639.65,77478.0
09:42,636.86,638.07,636.21,638.07,97621.0
09:43,636.68,637.2,636.09,636.7,54737.0
09:44,636.62,637.76,636.33,636.76,71310.0
09:45,636.51,637.54,636.15,636.63,68795.0
09:46,635.79,636.56,635.08,636.56,92230.0
09:47,635.84,635.99,634.89,635.72,89624.0
09:48,635.73,636.16,635.21,635.84,52999.0
09:49,636.47,636.53,635.59,635.59,24503.0
09:50,635.71,636.16,635.42,636.04,97769.0
09:51,636.05,636.15,635.24,635.85,44900.0
09:52,635.27,636.12,634.8,636.05,65810.0
09:53,637.19,637.49,635.34,635.34,114188.0
09:54,638.39,638.55,636.9,636.95,102243.0
09:55,638.8,638.88,637.79,638.15,58645.0
09:56,639.43,639.69,638.55,638.55,62122.0
09:57,638.22,639.54,638.13,639.54,35821.0
09:58,638.42,638.84,638.07,638.11,37212.0
09:59,638.41,638.41,637.5,638.4,40673.0
10:00,636.61,638.19,636.0,638.19,41896.0
10:01,636.35,637.0,635.78,636.68,46299.0
10:02,635.46,636.75,635.44,636.58,44603.0
10:03,634.91,636.17,634.86,635.52,62416.0
10:04,635.8,636.16,634.81,634.87,90703.0
10:05,636.06,637.21,635.8,635.98,61889.0
10:06,635.5,636.12,635.28,635.84,44747.0
10:07,637.05,637.25,635.48,635.48,42390.0
10:08,636.21,637.23,636.14,636.98,26592.0
10:09,636.67,636.75,635.89,636.03,33929.0
10:10,636.12,636.85,635.65,636.58,45179.0
10:11,635.91,636.63,635.84,636.16,42387.0
10:12,636.09,636.1,635.28,635.78,41463.0
10:13,636.74,636.85,635.82,635.93,41807.0
10:14,636.8,636.86,636.29,636.78,33913.0
10:15,637.13,637.3,636.7,636.7,54169.0
10:16,637.59,637.8,637.24,637.32,42640.0
10:17,637.78,637.92,637.41,637.59,39918.0
10:18,637.64,638.29,637.43,637.85,57351.0
10:19,638.1,638.17,637.38,637.62,68834.0
10:20,636.87,638.17,636.86,638.1,62575.0
10:21,637.03,637.2,636.73,636.98,43271.0
10:22,636.22,636.96,636.08,636.96,30452.0
10:23,635.93,636.1,635.36,636.06,46705.0
10:24,635.47,635.95,635.3,635.95,43055.0
10:25,635.82,635.99,635.4,635.53,44430.0
10:26,635.91,635.96,635.55,635.79,41710.0
10:27,634.64,636.08,634.6,635.8,89839.0
10:28,633.39,634.81,633.39,634.64,85228.0
10:29,633.76,633.82,633.24,633.54,59677.0
10:30,633.63,634.0,633.3,633.76,64523.0
10:31,632.8,633.74,632.55,633.61,112493.0
10:32,632.5,633.05,632.33,632.78,69513.0
10:33,631.47,632.7,631.47,632.53,91757.0
10:34,631.7,631.83,631.03,631.42,82962.0
10:35,631.11,631.82,630.89,631.81,58853.0
10:36,629.6,631.12,629.6,631.0,125739.0
10:37,629.78,629.99,629.11,629.66,78757.0
10:38,629.59,630.2,629.37,629.78,65045.0
10:39,629.47,629.86,629.13,629.57,69913.0
10:40,628.6,629.55,628.34,629.55,105842.0
10:41,628.48,628.6,628.12,628.6,71713.0
10:42,628.46,628.8,628.15,628.48,70064.0
10:43,628.03,628.54,627.69,628.29,62531.0
10:44,626.67,628.07,626.2,628.07,103734.0
10:45,627.83,627.83,626.15,626.38,86266.0
10:46,628.18,628.25,627.54,627.78,66813.0
10:47,628.94,629.09,627.99,628.21,80892.0
10:48,628.94,629.2,628.55,628.72,53442.0
10:49,629.39,629.39,628.7,628.83,41046.0
10:50,629.14,629.54,628.77,629.32,51283.0
10:51,629.3,629.55,629.05,629.22,40509.0
10:52,628.88,629.62,628.54,629.39,57500.0
10:53,628.55,629.05,628.27,628.88,43634.0
10:54,629.1,629.11,628.4,628.61,71717.0
10:55,630.33,630.47,628.85,629.25,136115.0
10:56,629.85,630.45,629.6,630.31,56414.0
10:57,630.69,630.88,629.76,629.78,47445.0
10:58,630.42,630.88,630.17,630.61,61926.0
10:59,631.29,631.29,630.25,630.34,47987.0
11:00,631.28,632.0,630.86,631.16,98969.0
11:01,631.98,632.0,631.35,631.38,42166.0
11:02,631.61,632.0,631.38,631.87,41288.0
11:03,630.77,631.54,630.7,631.46,38726.0
11:04,630.46,630.9,630.15,630.87,35518.0
11:05,630.38,630.87,630.27,630.36,25172.0
11:06,630.55,630.79,629.84,630.32,37358.0
11:07,629.95,630.57,629.81,630.57,23125.0
11:08,629.43,630.13,629.42,630.03,31299.0
11:09,628.98,629.63,628.98,629.48,43644.0
11:10,629.8,630.27,629.02,629.15,32274.0
11:11,630.4,630.55,629.78,629.79,37286.0
11:12,630.35,630.71,630.21,630.36,37571.0
11:13,630.13,630.75,630.13,630.52,31629.0
11:14,630.82,630.9,630.08,630.08,25100.0
11:15,631.56,631.66,630.62,630.77,41655.0
11:16,631.04,631.54,631.0,631.54,36166.0
11:17,630.97,631.05,630.71,630.93,19210.0
11:18,631.09,631.46,630.65,630.97,31072.0
11:19,631.34,631.71,631.2,631.23,23522.0
11:20,631.24,631.61,631.16,631.27,15303.0
11:21,631.83,631.95,630.94,631.13,23071.0
11:22,631.9,631.95,631.44,631.74,32770.0
11:23,631.59,631.9,631.21,631.84,24110.0
11:24,631.3,631.59,631.18,631.53,22301.0
11:25,632.08,632.2,631.21,631.21,56319.0
11:26,632.0,632.33,631.79,632.2,24227.0
11:27,632.24,632.29,631.83,631.98,31717.0
11:28,632.3,632.52,632.12,632.29,23472.0
11:29,632.39,632.45,631.92,632.34,24078.0
11:30,633.23,633.31,632.36,632.36,39427.0
11:31,633.38,633.5,633.11,633.26,22708.0
11:32,633.72,633.83,633.33,633.46,41731.0
11:33,633.85,633.9,633.5,633.75,31487.0
11:34,633.42,633.84,633.31,633.72,35682.0
11:35,633.74,633.76,633.28,633.56,29782.0
11:36,633.05,633.84,633.01,633.76,22918.0
11:37,633.11,633.43,632.79,633.21,33298.0
11:38,633.02,633.4,632.85,633.2,27787.0
11:39,633.08,633.37,632.88,632.89,28729.0
11:40,633.53,633.6,633.11,633.11,28138.0
11:41,634.4,634.58,633.56,633.6,59691.0
11:42,634.65,634.66,634.31,634.34,51970.0
11:43,634.64,634.78,634.34,634.34,36356.0
11:44,634.72,635.02,634.41,634.57,55264.0
11:45,634.6,634.99,634.58,634.66,33127.0
11:46,634.37,634.71,634.34,634.6,26665.0
11:47,634.42,634.45,634.18,634.34,13644.0
11:48,634.32,634.63,634.17,634.35,43351.0
11:49,634.14,634.49,634.07,634.35,30858.0
11:50,634.34,634.58,634.11,634.16,20808.0
11:51,633.87,634.5,633.87,634.25,28521.0
11:52,634.72,634.73,633.66,633.81,41438.0
11:53,634.81,634.95,634.59,634.59,26872.0
11:54,634.6,634.95,634.6,634.89,18632.0
11:55,634.48,634.69,634.29,634.69,29638.0
11:56,634.3,634.74,634.11,634.58,31133.0
11:57,634.68,634.68,634.2,634.31,25515.0
11:58,634.16,634.82,634.08,634.6,27866.0
11:59,634.1,634.35,634.0,634.27,21357.0
12:00,633.83,634.06,633.4,634.06,24292.0
12:01,634.16,634.29,633.86,633.9,19868.0
12:02,634.33,634.66,634.21,634.21,18981.0
12:03,634.54,634.85,634.3,634.36,16307.0
12:04,634.15,634.58,634.03,634.49,18339.0
12:05,634.37,634.41,633.94,634.05,15696.0
12:06,634.28,634.39,634.03,634.39,11494.0
12:07,633.95,634.2,633.91,634.2,10997.0
12:08,633.39,634.02,633.39,634.02,31162.0
12:09,633.0,633.39,632.91,633.39,37290.0
12:10,632.83,633.25,632.74,633.0,32609.0
12:11,632.98,633.05,632.75,632.83,25844.0
12:12,632.96,633.15,632.86,632.99,15132.0
12:13,632.55,633.1,632.45,633.05,26203.0
12:14,632.72,632.84,632.46,632.6,44601.0
12:15,633.07,633.15,632.52,632.69,41195.0
12:16,633.67,633.67,632.96,633.13,39283.0
12:17,633.55,633.64,633.3,633.61,24810.0
12:18,633.7,633.7,633.43,633.44,23936.0
12:19,633.93,634.11,633.66,633.79,33523.0
12:20,634.03,634.16,633.76,634.16,14368.0
12:21,633.88,634.4,633.88,634.04,25964.0
12:22,634.55,634.59,633.89,633.89,22699.0
12:23,634.33,634.55,634.0,634.55,45379.0
12:24,634.41,634.5,634.25,634.4,18531.0
12:25,634.82,635.13,634.3,634.33,66324.0
12:26,634.92,634.92,634.53,634.82,21910.0
12:27,634.66,635.18,634.5,634.98,24449.0
12:28,634.75,634.93,634.5,634.69,20197.0
12:29,635.07,635.28,634.77,634.83,33348.0
12:30,635.29,635.5,635.02,635.09,23618.0
12:31,635.29,635.45,635.18,635.36,17843.0
12:32,635.18,635.49,635.05,635.35,31035.0
12:33,635.02,635.14,634.68,635.14,21521.0
12:34,634.6,635.03,634.6,634.95,15378.0
12:35,635.22,635.27,634.6,634.6,23761.0
12:36,635.26,635.33,635.0,635.16,30302.0
12:37,634.84,635.3,634.78,635.24,10231.0
12:38,634.43,634.93,634.34,634.93,15326.0
12:39,634.93,635.04,634.63,634.67,12821.0
12:40,634.75,634.97,634.6,634.97,16239.0
12:41,634.52,635.12,634.51,635.02,17821.0
12:42,634.56,634.81,634.56,634.7,8306.0
12:43,634.18,634.54,634.12,634.54,11428.0
12:44,634.51,634.51,634.0,634.1,17783.0
12:45,634.6,634.88,634.53,634.57,11659.0
12:46,634.9,635.05,634.63,634.63,14596.0
12:47,634.8,635.04,634.53,635.04,12963.0
12:48,634.26,634.76,634.26,634.71,11778.0
12:49,634.03,634.47,633.93,634.47,18651.0
12:50,634.04,634.19,633.85,633.91,14131.0
12:51,633.89,634.21,633.8,633.97,20073.0
12:52,634.36,634.62,633.98,633.98,14152.0
12:53,634.22,634.54,634.2,634.45,10484.0
12:54,634.59,634.72,634.35,634.36,16572.0
12:55,634.7,634.94,634.49,634.53,31137.0
12:56,634.81,634.81,634.47,634.74,7087.0
12:57,634.82,635.07,634.59,634.77,27598.0
12:58,634.8,635.0,634.73,634.77,17825.0
12:59,634.89,635.0,634.7,634.94,20955.0
13:00,634.94,634.94,634.61,634.86,21467.0
13:01,634.92,634.97,634.74,634.95,7187.0
13:02,634.84,634.99,634.8,634.96,8881.0
13:03,634.82,634.99,634.82,634.89,11863.0
13:04,634.74,635.05,634.74,634.99,27981.0
13:05,634.67,634.75,634.53,634.7,11612.0
13:06,634.96,635.25,634.77,634.77,32543.0
13:07,634.76,635.13,634.74,634.97,29314.0
13:08,635.12,635.16,634.77,634.89,12088.0
13:09,635.41,635.41,635.03,635.15,28162.0
13:10,635.02,635.41,634.84,635.41,17258.0
13:11,634.92,635.1,634.71,635.02,20255.0
13:12,634.86,635.0,634.8,634.92,21672.0
13:13,635.26,635.26,634.79,634.82,21225.0
13:14,634.76,635.23,634.76,635.15,11557.0
13:15,634.67,634.92,634.52,634.79,10650.0
13:16,635.02,635.11,634.71,634.75,20513.0
13:17,634.77,635.12,634.73,635.01,20434.0
13:18,635.12,635.2,634.7,634.78,17118.0
13:19,634.91,635.2,634.86,635.12,23108.0
13:20,634.69,635.06,634.69,634.92,11224.0
13:21,634.68,634.89,634.5,634.86,11493.0
13:22,634.9,635.04,634.7,634.7,18610.0
13:23,634.87,634.94,634.61,634.84,13106.0
13:24,634.74,634.96,634.67,634.94,9143.0
13:25,634.91,634.93,634.73,634.79,13303.0
13:26,634.93,635.07,634.88,634.98,31441.0
13:27,634.95,635.06,634.84,634.95,11506.0
13:28,634.77,635.0,634.77,635.0,4982.0
13:29,634.9,635.07,634.8,634.87,18778.0
13:30,634.97,635.03,634.74,634.74,14416.0
13:31,634.65,634.93,634.57,634.8,18138.0
13:32,634.66,635.01,634.61,634.61,16352.0
13:33,634.91,635.06,634.72,634.72,26573.0
13:34,634.92,634.99,634.83,634.91,14313.0
13:35,635.29,635.55,634.85,634.95,32253.0
13:36,634.99,635.24,634.9,635.24,18038.0
13:37,634.8,635.0,634.78,634.85,15322.0
13:38,635.12,635.12,634.69,634.79,15267.0
13:39,635.12,635.4,635.0,635.1,20308.0
13:40,635.0,635.23,634.81,635.06,17362.0
13:41,634.73,635.07,634.71,635.0,10855.0
13:42,634.55,634.81,634.55,634.74,10206.0
13:43,634.49,634.87,634.31,634.78,20439.0
13:44,634.31,634.5,634.2,634.39,15153.0
13:45,634.23,634.36,634.0,634.19,10860.0
13:46,633.87,634.23,633.82,634.22,27931.0
13:47,633.87,633.87,633.59,633.75,21599.0
13:48,633.83,633.88,633.56,633.84,20859.0
13:49,633.55,633.87,633.39,633.75,18412.0
13:50,633.33,633.66,633.1,633.54,13005.0
13:51,633.24,633.24,632.87,633.16,22033.0
13:52,633.11,633.19,632.92,633.01,9621.0
13:53,633.2,633.27,632.96,633.06,15620.0
13:54,633.59,633.71,633.2,633.27,26594.0
13:55,633.71,633.71,633.45,633.68,15688.0
13:56,633.78,633.93,633.6,633.72,16850.0
13:57,634.0,634.03,633.7,633.76,15440.0
13:58,633.71,634.09,633.7,633.99,17933.0
13:59,633.82,633.99,633.75,633.75,10776.0
14:00,634.05,634.05,633.59,633.79,21554.0
14:01,633.94,634.3,633.94,634.03,20348.0
14:02,633.95,634.09,633.86,633.88,10883.0
14:03,633.78,633.97,633.64,633.84,15401.0
14:04,633.94,634.15,633.84,633.84,14131.0
14:05,634.21,634.29,633.99,634.04,15133.0
14:06,634.03,634.22,633.88,634.21,15779.0
14:07,634.03,634.28,634.0,634.11,13051.0
14:08,634.05,634.2,634.0,634.07,12360.0
14:09,633.89,634.08,633.82,633.89,11516.0
14:10,634.1,634.2,633.81,633.81,11428.0
14:11,634.32,634.4,634.07,634.14,13700.0
14:12,635.29,635.29,634.34,634.34,40821.0
14:13,635.41,635.5,635.19,635.31,26447.0
14:14,635.37,635.49,635.27,635.34,10523.0
14:15,635.9,636.0,635.32,635.35,29010.0
14:16,636.04,636.2,635.78,635.83,36965.0
14:17,636.3,636.3,635.86,636.1,18768.0
14:18,635.86,636.26,635.79,636.26,20984.0
14:19,636.02,636.25,635.81,635.94,36666.0
14:20,636.28,636.39,635.95,636.05,26208.0
14:21,636.55,636.75,636.31,636.31,38363.0
14:22,636.84,636.84,636.35,636.58,26771.0
14:23,637.1,637.18,636.71,636.85,34758.0
14:24,636.97,637.24,636.66,637.12,36469.0
14:25,636.78,636.97,636.6,636.97,34933.0
14:26,637.5,637.63,636.69,636.69,23761.0
14:27,637.66,637.66,637.5,637.5,11889.0
14:28,637.32,637.62,637.22,637.59,29131.0
14:29,637.2,637.42,637.16,637.27,22780.0
14:30,637.49,637.49,636.92,637.23,38173.0
14:31,637.33,637.58,637.31,637.45,15099.0
14:32,637.48,637.57,637.11,637.34,13520.0
14:33,637.49,637.64,637.44,637.5,15394.0
14:34,637.63,637.73,637.41,637.41,13971.0
14:35,637.58,637.79,637.44,637.69,12238.0
14:36,637.65,637.71,637.26,637.47,18544.0
14:37,637.56,637.77,637.5,637.67,21559.0
14:38,638.05,638.14,637.59,637.59,23714.0
14:39,638.15,638.19,637.95,637.95,20690.0
14:40,638.36,638.4,638.0,638.12,24128.0
14:41,638.19,638.45,638.08,638.41,24998.0
14:42,638.22,638.26,637.95,638.12,32746.0
14:43,638.58,638.68,638.21,638.25,27724.0
14:44,638.57,638.69,638.5,638.6,14858.0
14:45,638.76,638.85,638.53,638.53,19630.0
14:46,639.22,639.33,638.74,638.78,53015.0
14:47,639.23,639.39,639.18,639.28,20117.0
14:48,639.25,639.55,639.18,639.3,32620.0
14:49,639.32,639.43,639.16,639.28,30775.0
14:50,639.06,639.27,638.84,639.27,25591.0
14:51,639.49,639.49,639.0,639.0,23648.0
14:52,639.36,639.48,639.16,639.48,17845.0
14:53,639.13,639.32,639.13,639.28,25216.0
14:54,639.34,639.34,639.15,639.15,13683.0
14:55,639.52,639.66,639.19,639.34,22626.0
14:56,639.04,639.59,638.98,639.52,27806.0
14:57,639.68,639.69,639.05,639.05,25679.0
14:58,639.61,639.7,639.26,639.64,20899.0
14:59,639.54,639.7,639.43,639.64,16877.0
15:00,639.72,639.77,639.25,639.46,27092.0
15:01,639.7,639.8,639.58,639.78,23947.0
15:02,639.49,639.82,639.49,639.64,24294.0
15:03,639.36,639.46,639.26,639.42,12809.0
15:04,639.63,639.68,639.27,639.41,23755.0
15:05,639.78,639.98,639.63,639.63,35772.0
15:06,640.18,640.3,639.78,639.78,109387.0
15:07,640.18,640.33,640.05,640.3,29186.0
15:08,640.27,640.44,640.12,640.22,44358.0
15:09,639.77,640.32,639.69,640.27,33517.0
15:10,639.71,639.89,639.44,639.69,36558.0
15:11,639.7,639.73,639.35,639.68,21208.0
15:12,639.86,639.88,639.66,639.76,20158.0
15:13,639.51,639.85,639.2,639.85,41622.0
15:14,639.67,639.69,639.46,639.6,15255.0
15:15,639.6,639.79,639.5,639.69,51221.0
15:16,639.53,639.56,639.34,639.5,18879.0
15:17,639.72,639.77,639.32,639.49,25473.0
15:18,639.85,639.95,639.65,639.66,26388.0
15:19,639.85,639.94,639.71,639.85,20859.0
15:20,639.62,639.8,639.36,639.8,21997.0
15:21,639.47,639.76,639.47,639.64,19662.0
15:22,639.75,639.75,639.41,639.49,24066.0
15:23,639.34,639.65,639.27,639.65,26625.0
15:24,639.74,639.74,639.34,639.38,19371.0
15:25,639.68,639.85,639.56,639.72,19067.0
15:26,639.85,639.87,639.42,639.71,23213.0
15:27,640.01,640.02,639.72,639.8,33560.0
15:28,640.18,640.24,639.88,639.95,23173.0
15:29,639.98,640.2,639.59,640.2,24262.0
15:30,639.47,639.98,639.37,639.87,24833.0
15:31,639.82,639.84,639.37,639.42,21948.0
15:32,639.71,640.0,639.69,639.71,24201.0
15:33,639.25,639.61,639.23,639.59,32305.0
15:34,639.22,639.49,639.1,639.34,17390.0
15:35,639.08,639.37,638.95,639.18,28583.0
15:36,638.92,639.09,638.77,639.03,21876.0
15:37,638.47,639.11,638.33,638.94,50520.0
15:38,638.45,638.66,638.37,638.64,30746.0
15:39,638.31,638.66,638.31,638.54,30258.0
15:40,638.81,638.81,638.17,638.35,27463.0
15:41,638.43,639.1,638.35,638.86,23662.0
15:42,638.42,638.65,638.3,638.39,24563.0
15:43,638.31,638.39,638.09,638.34,21567.0
15:44,638.34,638.55,638.13,638.41,30425.0
15:45,638.17,638.38,638.0,638.25,37150.0
15:46,638.22,638.3,637.94,638.15,48514.0
15:47,638.41,638.42,638.17,638.22,74859.0
15:48,638.85,638.89,638.37,638.37,18672.0
15:49,638.73,638.95,638.39,638.85,33540.0
15:50,639.49,639.49,638.72,638.72,37971.0
15:51,639.14,639.55,638.89,639.49,60874.0
15:52,639.98,640.0,639.25,639.31,35485.0
15:53,639.87,640.12,639.74,639.98,52123.0
15:54,640.08,640.39,639.83,639.89,67195.0
15:55,639.91,640.41,639.57,640.41,68722.0
15:56,639.84,639.91,639.5,639.8,68238.0
15:57,640.25,640.27,639.78,639.91,96958.0
15:58,640.11,640.32,639.92,640.27,109797.0
15:59,640.25,640.42,639.94,640.13,286409.0
