Time,Close,High,Low,Open,Volume
09:30,714.9,714.91,714.26,714.26,403730.0
09:31,715.23,715.36,713.94,714.88,112935.0
09:32,713.07,715.6,713.07,715.43,118291.0
09:33,715.48,715.48,711.93,713.0,103130.0
09:34,713.97,714.99,713.71,714.8,53759.0
09:35,714.38,714.8,714.07,714.08,65340.0
09:36,713.72,714.55,713.32,714.29,64066.0
09:37,712.88,714.12,712.81,713.8,37533.0
09:38,712.73,713.51,712.72,712.92,32218.0
09:39,712.73,713.38,712.0,712.54,44128.0
09:40,713.27,713.5,712.6,713.06,28861.0
09:41,712.19,713.4,712.0,713.11,31898.0
09:42,712.67,712.99,712.03,712.19,18203.0
09:43,712.83,713.0,712.4,712.72,30451.0
09:44,712.89,713.09,712.38,712.83,23562.0
09:45,712.35,713.34,712.0,712.95,36556.0
09:46,712.77,712.99,712.05,712.23,17898.0
09:47,713.03,713.5,712.22,712.81,28242.0
09:48,713.28,713.4,712.48,713.03,21183.0
09:49,712.32,713.28,712.15,713.28,40038.0
09:50,712.64,712.8,711.44,712.15,63151.0
09:51,711.22,712.48,711.18,712.43,29335.0
09:52,712.13,712.36,711.05,711.25,61513.0
09:53,713.35,713.66,712.31,712.36,49199.0
09:54,713.88,714.28,713.38,713.43,35025.0
09:55,713.86,713.98,713.58,713.89,39155.0
09:56,714.16,714.5,713.71,713.79,28445.0
09:57,715.95,716.79,714.21,714.21,148269.0
09:58,716.19,716.37,715.72,716.09,34611.0
09:59,716.8,717.26,716.28,716.28,86837.0
10:00,717.15,718.72,716.99,717.01,84866.0
10:01,717.87,717.87,717.0,717.2,37775.0
10:02,718.0,718.67,717.56,717.56,64749.0
10:03,717.33,718.2,717.15,718.1,45055.0
10:04,718.25,718.4,717.41,717.41,38825.0
10:05,717.17,719.45,717.11,718.36,82965.0
10:06,716.41,717.45,716.3,717.22,60289.0
10:07,715.88,716.07,715.69,715.8,43232.0
10:08,715.42,716.1,715.21,715.69,27029.0
10:09,716.3,716.68,715.11,715.45,28849.0
10:10,717.06,717.11,716.1,716.2,25678.0
10:11,717.51,717.61,716.76,717.05,28661.0
10:12,718.64,718.64,717.16,717.36,67325.0
10:13,719.16,719.38,718.5,718.5,70581.0
10:14,719.99,720.71,719.2,719.25,143635.0
10:15,720.85,720.85,719.2,719.86,69008.0
10:16,721.49,721.71,720.47,720.85,112557.0
10:17,720.08,721.88,719.78,721.45,98062.0
10:18,720.42,720.61,720.12,720.12,38532.0
10:19,720.19,720.59,720.02,720.41,35870.0
10:20,720.92,721.0,720.33,720.33,36241.0
10:21,721.07,721.43,720.64,720.92,56846.0
10:22,720.99,721.12,720.22,720.95,43041.0
10:23,720.76,721.0,720.36,720.98,24293.0
10:24,720.37,720.84,720.34,720.76,18612.0
10:25,720.08,721.32,720.08,720.47,41162.0
10:26,720.47,720.79,720.19,720.19,19996.0
10:27,721.55,721.55,720.33,720.48,60944.0
10:28,721.8,722.19,721.4,721.45,73787.0
10:29,722.01,722.18,721.84,722.0,56085.0
10:30,722.14,722.33,721.68,722.16,43388.0
10:31,720.59,721.98,720.57,721.98,49300.0
10:32,720.91,720.91,720.31,720.59,33406.0
10:33,720.01,720.95,719.9,720.92,49480.0
10:34,720.24,720.36,719.92,720.07,18065.0
10:35,719.61,720.42,719.53,720.07,33621.0
10:36,719.93,720.1,719.42,719.58,23856.0
10:37,719.27,719.93,719.24,719.9,29070.0
10:38,719.31,719.98,718.79,719.21,31794.0
10:39,719.64,719.8,719.33,719.36,20592.0
10:40,719.89,719.92,719.4,719.79,62646.0
10:41,718.95,719.85,718.34,719.75,38326.0
10:42,719.5,719.56,718.73,719.0,41890.0
10:43,718.99,719.6,718.7,719.34,41545.0
10:44,718.68,719.1,718.5,719.1,22604.0
10:45,718.75,719.0,718.51,718.64,14993.0
10:46,718.53,718.89,718.5,718.75,19921.0
10:47,719.12,719.37,718.48,718.54,24739.0
10:48,718.42,718.92,718.39,718.82,13604.0
10:49,719.02,719.03,718.39,718.49,15361.0
10:50,719.15,719.31,719.02,719.19,26050.0
10:51,718.42,719.32,718.4,719.2,17933.0
10:52,718.78,718.78,718.36,718.46,11534.0
10:53,718.69,718.84,718.53,718.84,12171.0
10:54,719.04,719.12,718.48,718.84,13025.0
10:55,719.0,719.16,718.91,719.04,31515.0
10:56,718.55,718.91,718.29,718.91,27354.0
10:57,718.58,718.83,718.39,718.41,12940.0
10:58,718.64,718.84,718.39,718.61,16658.0
10:59,718.66,718.87,718.66,718.87,10084.0
11:00,719.4,719.5,718.78,718.78,37565.0
11:01,719.65,719.78,719.41,719.43,20592.0
11:02,719.93,720.22,719.58,719.58,21781.0
11:03,720.06,720.09,719.83,719.93,13853.0
11:04,719.91,720.15,719.9,720.06,22765.0
11:05,720.37,720.37,719.88,719.93,22652.0
11:06,719.91,720.15,719.68,719.99,41036.0
11:07,720.33,720.57,719.91,719.91,18221.0
11:08,720.33,720.38,720.26,720.36,21077.0
11:09,720.89,720.89,720.77,720.77,34251.0
11:10,721.21,721.23,720.75,720.85,18107.0
11:11,721.17,721.21,721.17,721.21,33381.0
11:12,721.17,721.17,720.98,721.17,48655.0
11:13,720.8,721.22,720.6,721.22,18019.0
11:14,721.29,721.42,721.1,721.16,63393.0
11:15,721.15,721.29,721.14,721.28,77660.0
11:16,723.12,723.12,721.15,721.15,114105.5
11:17,723.37,723.37,722.43,723.12,150551.0
11:18,723.51,723.51,723.24,723.24,7368.0
11:19,723.34,723.65,723.11,723.11,62480.0
11:20,723.17,723.27,722.98,723.23,16570.0
11:21,723.26,723.38,723.26,723.37,63811.0
11:22,722.77,723.38,722.62,723.31,27886.0
11:23,722.38,722.77,722.38,722.77,33973.5
11:24,722.3,722.44,722.3,722.38,40061.0
11:25,721.88,721.88,721.79,721.88,27553.0
11:26,722.5,722.5,721.86,721.9,23450.0
11:27,722.25,722.6,722.0,722.43,23070.0
11:28,721.97,722.32,721.83,722.0,13845.0
11:29,721.77,722.17,721.61,721.93,17954.0
11:30,721.35,721.86,721.11,721.77,26935.0
11:31,720.78,721.47,720.78,721.23,29326.0
11:32,720.73,720.99,720.5,720.79,15237.0
11:33,721.22,721.35,720.7,720.85,11431.0
11:34,721.16,721.5,721.12,721.22,16343.0
11:35,721.09,721.39,720.93,721.29,16022.0
11:36,720.68,721.11,720.4,721.11,13714.0
11:37,721.11,721.22,720.86,721.0,12118.0
11:38,720.91,721.39,720.8,721.25,16584.0
11:39,721.22,721.28,720.8,720.8,13283.0
11:40,721.14,721.47,721.12,721.33,16562.0
11:41,721.24,721.38,720.94,720.95,10606.0
11:42,721.18,721.34,721.1,721.1,11874.0
11:43,721.0,721.36,721.0,721.07,13861.0
11:44,721.14,721.14,720.67,721.05,20083.0
11:45,721.93,721.93,721.15,721.15,20464.0
11:46,722.12,722.17,721.67,721.96,34197.0
11:47,721.89,722.04,721.79,721.93,14609.0
11:48,721.81,722.0,721.79,721.82,20405.0
11:49,721.82,722.0,721.62,721.87,23714.0
11:50,721.75,721.85,721.52,721.8,8866.0
11:51,721.7,721.79,721.55,721.71,7533.0
11:52,721.7,721.89,721.57,721.76,15426.0
11:53,722.14,722.28,721.65,721.65,18994.0
11:54,722.61,722.75,722.06,722.15,17128.0
11:55,722.7,722.79,722.48,722.57,10403.0
11:56,722.37,722.71,722.2,722.59,17383.0
11:57,722.84,722.84,722.45,722.53,20041.0
11:58,722.82,722.85,722.53,722.84,16747.0
11:59,722.61,722.81,722.5,722.72,12816.0
12:00,722.88,723.2,722.7,722.72,24472.0
12:01,723.6,723.6,722.78,722.88,40285.0
12:02,724.35,724.41,723.59,723.59,60323.0
12:03,724.43,724.67,724.21,724.45,40619.0
12:04,724.19,724.54,724.05,724.42,20403.0
12:05,723.89,724.19,723.73,724.19,28574.0
12:06,723.78,723.87,723.5,723.86,14819.0
12:07,723.51,723.89,723.51,723.81,9871.0
12:08,723.51,723.76,723.42,723.6,10154.0
12:09,723.16,723.69,723.02,723.6,28466.0
12:10,723.46,723.55,723.01,723.27,15268.0
12:11,723.67,723.67,723.34,723.46,18921.0
12:12,723.44,723.83,723.43,723.69,24442.0
12:13,723.46,723.56,723.21,723.47,12029.0
12:14,723.03,723.75,723.03,723.44,26284.0
12:15,723.29,723.43,723.09,723.28,13267.0
12:16,723.41,723.41,723.18,723.24,8479.0
12:17,723.78,723.94,723.14,723.39,15169.0
12:18,723.65,723.85,723.28,723.8,18476.0
12:19,723.64,723.79,723.42,723.42,5612.0
12:20,723.92,724.09,723.45,723.48,17734.0
12:21,724.41,724.41,723.91,724.1,14526.0
12:22,724.09,724.49,724.08,724.24,11448.0
12:23,723.96,724.14,723.75,724.08,22470.0
12:24,723.73,723.87,723.61,723.87,14181.0
12:25,724.0,724.08,723.57,723.73,17820.0
12:26,724.22,724.4,723.9,724.06,27248.0
12:27,723.83,724.22,723.82,724.16,17619.0
12:28,723.46,723.84,723.36,723.84,18567.0
12:29,723.24,723.47,722.88,723.46,18157.0
12:30,723.06,723.28,722.94,723.23,16087.0
12:31,723.34,723.37,722.93,722.93,15637.0
12:32,723.11,723.32,723.11,723.32,7843.0
12:33,723.06,723.2,722.97,723.12,12141.0
12:34,723.31,723.31,723.04,723.09,12716.0
12:35,723.11,723.36,723.11,723.19,11039.0
12:36,722.29,723.25,722.17,723.14,27881.0
12:37,722.31,722.4,722.17,722.4,20002.0
12:38,722.21,722.43,722.11,722.4,14781.0
12:39,722.3,722.37,722.11,722.27,10607.0
12:40,722.47,722.65,722.3,722.3,20318.0
12:41,722.61,722.61,722.37,722.53,12854.0
12:42,722.62,722.84,722.43,722.61,15341.0
12:43,722.29,722.8,722.19,722.66,20717.0
12:44,722.18,722.41,721.96,722.12,34090.0
12:45,722.68,722.68,722.01,722.01,13228.0
12:46,723.15,723.15,722.48,722.68,8329.0
12:47,722.75,723.01,722.63,722.89,7149.0
12:48,722.91,723.11,722.63,722.93,10203.0
12:49,722.95,722.99,722.75,722.91,9567.0
12:50,723.55,723.66,722.89,722.91,11287.0
12:51,723.5,723.6,723.31,723.55,13292.0
12:52,723.51,723.63,723.41,723.48,11741.0
12:53,723.61,723.66,723.48,723.53,9679.0
12:54,723.39,723.49,723.3,723.49,5998.0
12:55,723.11,723.58,723.11,723.51,15993.0
12:56,723.11,723.34,723.11,723.26,7760.0
12:57,723.35,723.7,723.35,723.41,11808.0
12:58,723.41,723.57,723.3,723.46,9234.0
12:59,723.82,723.82,723.47,723.51,16084.0
13:00,723.35,723.7,723.01,723.68,15499.0
13:01,724.01,724.13,723.4,723.4,19469.0
13:02,724.02,724.16,723.64,723.71,27936.0
13:03,724.03,724.2,723.88,724.01,36404.0
13:04,723.7,723.92,723.33,723.75,13189.0
13:05,724.1,724.2,723.7,723.79,12882.0
13:06,724.16,724.25,724.02,724.15,13308.0
13:07,724.17,724.31,723.99,724.22,14946.0
13:08,724.02,724.5,724.0,724.0,16023.0
13:09,724.3,724.3,724.09,724.22,8622.0
13:10,724.96,724.96,724.16,724.22,31761.0
13:11,725.34,725.55,724.99,724.99,64074.0
13:12,725.5,725.88,725.26,725.4,30315.0
13:13,725.73,725.82,725.4,725.57,33986.0
13:14,725.92,726.06,725.5,725.73,36864.0
13:15,725.52,726.03,725.45,725.98,36937.0
13:16,725.08,725.83,725.02,725.78,23605.0
13:17,725.1,725.24,724.87,725.14,17430.0
13:18,725.18,725.47,725.07,725.13,44849.0
13:19,724.96,725.18,724.74,725.18,21105.0
13:20,724.8,725.04,724.74,724.96,23244.0
13:21,725.22,725.3,724.96,725.3,7711.0
13:22,725.17,725.4,725.02,725.09,18436.0
13:23,724.88,725.39,724.88,725.32,25061.0
13:24,724.52,724.88,723.89,724.88,84539.0
13:25,724.67,724.67,724.24,724.39,8003.0
13:26,725.0,725.0,724.65,724.74,10345.0
13:27,724.89,725.12,724.83,724.87,10324.0
13:28,725.14,725.14,724.91,724.93,21407.0
13:29,725.28,725.39,724.94,725.07,23570.0
13:30,725.32,725.61,725.32,725.37,19734.0
13:31,725.64,725.7,725.2,725.35,17482.0
13:32,725.29,725.75,725.18,725.65,21081.0
13:33,725.1,725.53,725.1,725.37,20785.0
13:34,724.9,725.31,724.8,725.12,19913.0
13:35,724.73,724.98,724.72,724.9,17519.0
13:36,724.93,725.0,724.73,724.78,9454.0
13:37,725.39,725.39,724.94,724.96,16475.0
13:38,725.17,725.6,725.01,725.35,14232.0
13:39,725.46,725.49,725.16,725.16,12239.0
13:40,725.42,725.51,725.24,725.24,6249.0
13:41,725.76,725.86,725.42,725.48,18471.0
13:42,725.43,725.64,725.43,725.64,7456.0
13:43,725.41,725.49,725.33,725.34,5135.0
13:44,725.64,725.65,725.41,725.41,20769.0
13:45,725.54,725.74,725.54,725.55,18550.0
13:46,725.61,725.68,725.41,725.48,8223.0
13:47,725.74,725.74,725.59,725.66,8051.0
13:48,725.5,725.77,725.49,725.71,16542.0
13:49,725.17,725.51,725.13,725.51,21414.0
13:50,725.84,725.95,725.24,725.24,25979.0
13:51,725.87,726.1,725.84,725.84,13823.0
13:52,725.81,726.34,725.7,725.91,40637.0
13:53,725.91,726.23,725.74,725.83,20451.0
13:54,725.96,726.0,725.7,726.0,9319.0
13:55,726.24,726.24,725.8,725.8,10670.0
13:56,726.1,726.21,725.91,726.06,7328.0
13:57,726.13,726.22,725.91,725.97,13788.0
13:58,725.71,725.71,725.71,725.71,18739.0
13:59,725.69,725.83,725.61,725.8,8488.0
14:00,725.85,725.94,725.64,725.72,9046.0
14:01,726.42,726.69,725.72,725.72,48722.0
14:02,726.66,726.68,726.21,726.55,15884.0
14:03,727.33,727.33,726.5,726.67,31412.0
14:04,726.8,727.27,726.8,727.14,14428.0
14:05,727.3,727.94,726.81,726.88,48638.0
14:06,727.46,727.55,726.93,727.35,38959.0
14:07,727.49,727.59,727.35,727.47,25730.0
14:08,727.5,727.52,727.16,727.41,45791.0
14:09,727.36,727.65,727.26,727.55,21331.0
14:10,727.54,727.66,727.31,727.34,19934.0
14:11,727.44,727.63,727.21,727.42,46329.0
14:12,728.11,728.18,727.3,727.36,47672.0
14:13,727.36,728.17,727.25,728.17,39391.0
14:14,727.73,727.81,727.33,727.48,22465.0
14:15,727.73,727.96,727.58,727.74,19066.0
14:16,727.47,727.92,727.47,727.79,20334.0
14:17,727.49,727.63,727.29,727.47,19297.0
14:18,726.8,727.73,726.8,727.53,32414.0
14:19,726.94,727.12,726.85,726.85,20255.0
14:20,727.33,727.46,726.9,727.04,20421.0
14:21,726.98,727.52,726.98,727.26,14473.0
14:22,727.1,727.1,726.89,727.04,21446.0
14:23,727.03,727.21,726.78,727.07,27842.0
14:24,727.04,727.04,726.78,727.03,16868.0
14:25,726.8,727.07,726.77,726.97,10866.0
14:26,726.9,726.99,726.72,726.88,8998.0
14:27,727.04,727.18,726.88,726.88,9065.0
14:28,727.2,727.4,726.9,727.05,25359.0
14:29,727.08,727.4,727.06,727.25,14411.0
14:30,727.14,727.4,727.09,727.24,17961.0
14:31,727.34,727.43,727.18,727.18,12712.0
14:32,727.52,727.6,727.23,727.27,9667.0
14:33,727.77,727.94,727.55,727.6,21370.0
14:34,727.6,727.72,727.52,727.72,18270.0
14:35,727.64,727.78,727.53,727.59,15782.0
14:36,727.53,727.69,727.4,727.69,16206.0
14:37,727.34,727.68,727.28,727.61,20166.0
14:38,727.55,727.67,727.22,727.22,18296.0
14:39,727.26,727.5,727.21,727.5,17929.0
14:40,727.0,727.26,727.0,727.2,19606.0
14:41,726.98,727.16,726.94,726.97,18329.0
14:42,727.14,727.41,726.98,727.01,25019.0
14:43,727.12,727.5,727.05,727.21,16613.0
14:44,727.18,727.18,726.8,727.04,24033.0
14:45,727.2,727.23,727.0,727.17,21571.0
14:46,727.17,727.33,726.98,727.33,10635.0
14:47,727.08,727.24,727.01,727.17,13311.0
14:48,726.91,727.01,726.81,727.0,21909.0
14:49,727.0,727.13,726.49,726.95,28015.0
14:50,726.7,727.35,726.7,727.03,13440.0
14:51,727.15,727.17,726.89,726.89,8978.0
14:52,727.0,727.16,726.96,727.03,10488.0
14:53,726.86,727.03,726.79,727.03,17186.0
14:54,726.18,726.84,726.16,726.84,27853.0
14:55,725.62,726.22,725.62,726.13,23470.0
14:56,725.72,725.88,725.59,725.68,36338.0
14:57,725.82,725.87,725.69,725.78,15551.0
14:58,726.09,726.11,725.78,725.78,17142.0
14:59,726.01,726.18,725.91,726.1,26683.0
15:00,726.17,726.18,725.8,726.01,19842.0
15:01,726.27,726.29,726.12,726.14,12731.0
15:02,726.13,726.26,726.0,726.25,15581.0
15:03,725.99,726.15,725.73,726.14,15696.0
15:04,725.8,726.0,725.8,726.0,13385.0
15:05,725.56,725.81,725.4,725.79,34374.0
15:06,725.67,725.8,725.45,725.6,25458.0
15:07,725.59,725.86,725.59,725.69,21980.0
15:08,725.79,725.79,725.53,725.6,14882.0
15:09,725.85,725.98,725.77,725.88,8062.0
15:10,726.35,726.36,725.81,725.86,13863.0
15:11,726.53,726.65,726.19,726.28,16704.0
15:12,725.9,726.59,725.7,726.59,45164.0
15:13,725.95,726.12,725.8,725.8,48138.0
15:14,725.59,726.07,725.58,725.74,17066.0
15:15,725.93,725.93,725.49,725.59,15017.0
15:16,726.11,726.16,725.93,726.0,19726.0
15:17,726.09,726.14,725.88,726.14,19877.0
15:18,726.27,726.37,726.08,726.09,22433.0
15:19,726.29,726.55,726.25,726.36,15797.0
15:20,726.18,726.34,726.06,726.24,22071.0
15:21,726.1,726.28,726.01,726.17,14212.0
15:22,726.29,726.48,725.87,726.03,27847.0
15:23,726.28,726.63,726.14,726.32,223167.0
15:24,726.27,726.31,726.1,726.1,8831.0
15:25,726.35,726.47,726.28,726.31,19256.0
15:26,726.44,726.49,726.27,726.41,14828.0
15:27,726.49,726.79,726.38,726.39,20967.0
15:28,726.74,726.77,726.43,726.44,20294.0
15:29,726.64,726.94,726.64,726.73,54525.0
15:30,726.64,726.9,726.61,726.9,19828.0
15:31,726.61,726.75,726.6,726.73,19382.0
15:32,726.22,726.47,726.11,726.38,21239.0
15:33,725.72,726.21,725.72,726.08,19924.0
15:34,725.91,726.0,725.69,725.77,21170.0
15:35,726.16,726.24,725.86,725.93,24497.0
15:36,726.39,726.51,726.11,726.15,19979.0
15:37,725.92,726.36,725.87,726.28,16005.0
15:38,725.79,725.98,725.7,725.9,17704.0
15:39,725.78,725.93,725.71,725.73,22182.0
15:40,725.65,725.83,725.65,725.71,20114.0
15:41,725.08,725.67,724.92,725.67,44335.0
15:42,725.05,725.41,725.02,725.09,19150.0
15:43,725.22,725.29,725.03,725.18,17992.0
15:44,725.36,725.51,725.16,725.31,30839.0
15:45,725.44,725.56,725.3,725.34,16414.0
15:46,725.47,725.58,725.18,725.41,29451.0
15:47,725.83,725.87,725.38,725.38,29062.0
15:48,725.98,726.05,725.79,726.0,27287.0
15:49,726.12,726.2,725.79,725.89,25329.0
15:50,726.29,726.43,726.04,726.09,38589.0
15:51,726.7,726.81,726.0,726.33,54677.0
15:52,726.6,726.87,726.49,726.65,53571.0
15:53,726.48,726.88,726.37,726.74,39448.0
15:54,726.07,726.68,725.51,726.54,69555.0
15:55,725.65,725.89,724.38,725.08,135806.0
15:56,725.88,726.02,725.48,725.58,101826.0
15:57,726.41,726.55,725.78,725.88,192258.0
15:58,726.68,726.9,726.36,726.36,177473.0
15:59,726.44,726.77,725.64,726.62,375795.0
