Time,Close,High,Low,Open,Volume
09:30,581.0,581.0,574.89,575.49,1086693.0
09:31,575.58,581.3,575.0,580.97,189537.0
09:32,576.73,577.32,574.77,575.46,190663.0
09:33,574.4,577.03,573.87,576.63,157787.0
09:34,572.59,577.23,572.59,574.43,129359.0
09:35,568.95,573.16,568.02,572.36,258866.0
09:36,568.52,570.0,567.67,569.05,152557.0
09:37,565.34,568.3,564.7,568.24,174093.0
09:38,568.8,570.95,565.28,565.39,163893.0
09:39,568.84,570.59,568.76,569.43,59513.0
09:40,566.22,568.76,566.03,568.76,78321.0
09:41,567.34,568.49,566.02,566.44,93949.0
09:42,565.1,567.92,565.0,567.12,93277.0
09:43,564.26,565.26,563.78,565.22,116946.0
09:44,564.16,564.3,562.14,563.93,143329.0
09:45,565.45,565.93,563.23,564.14,141361.0
09:46,566.77,567.35,564.73,565.35,83472.0
09:47,566.8,567.9,566.33,566.87,69768.0
09:48,567.99,568.62,566.8,566.8,81225.0
09:49,568.1,569.52,567.64,567.68,72634.0
09:50,569.43,569.66,566.1,568.31,82148.0
09:51,566.2,569.45,565.75,569.42,50495.0
09:52,565.22,567.65,564.59,566.19,68225.0
09:53,565.01,565.26,563.74,565.03,81119.0
09:54,563.28,564.85,562.49,564.85,116193.0
09:55,563.24,564.98,562.7,563.22,84022.0
09:56,562.3,563.86,561.65,563.26,86830.0
09:57,563.99,564.66,562.27,562.33,87323.0
09:58,563.58,563.96,562.5,563.54,83309.0
09:59,562.46,563.92,562.29,563.52,95246.0
10:00,561.69,564.05,561.54,562.4,88706.0
10:01,559.28,561.7,559.21,561.7,116459.0
10:02,559.89,560.23,558.02,559.32,119147.0
10:03,560.51,560.59,559.04,559.82,75227.0
10:04,560.47,561.44,560.0,560.51,56232.0
10:05,561.54,562.0,559.53,560.47,72618.0
10:06,559.28,562.2,558.77,561.54,53332.0
10:07,557.84,559.58,557.34,559.45,83755.0
10:08,559.32,560.0,557.34,557.5,93450.0
10:09,559.21,559.81,558.7,559.5,52182.0
10:10,557.19,559.21,556.86,559.21,92243.0
10:11,556.53,557.81,556.06,556.78,65929.0
10:12,555.48,556.81,554.67,556.52,116746.0
10:13,556.8,556.89,555.47,555.48,93574.0
10:14,556.01,557.03,555.82,556.26,71511.0
10:15,557.47,558.2,556.01,556.04,73391.0
10:16,557.28,557.99,556.74,557.25,114665.0
10:17,557.97,558.49,556.9,557.28,68541.0
10:18,558.64,559.12,557.61,558.0,53149.0
10:19,556.6,558.78,556.6,558.68,48522.0
10:20,557.12,558.29,556.51,556.8,49710.0
10:21,558.76,559.38,556.46,557.12,62702.0
10:22,559.74,559.95,558.26,558.76,49376.0
10:23,560.78,561.49,559.43,559.6,67946.0
10:24,561.82,562.0,560.35,560.71,60156.0
10:25,562.41,562.49,561.43,561.81,58884.0
10:26,561.67,562.88,561.01,562.5,54616.0
10:27,561.71,562.71,561.2,561.6,55027.0
10:28,559.8,561.64,559.12,561.2,59173.0
10:29,558.23,559.79,558.22,559.38,41953.0
10:30,560.51,560.58,558.6,558.84,51186.0
10:31,562.05,562.05,560.01,560.51,58706.0
10:32,561.14,562.34,560.58,562.05,42913.0
10:33,561.84,562.54,561.07,561.4,49107.0
10:34,563.11,563.48,561.89,561.89,55598.0
10:35,562.28,563.28,561.87,563.05,67997.0
10:36,563.47,563.91,561.87,562.13,61795.0
10:37,562.16,563.71,561.84,563.47,41978.0
10:38,563.32,563.32,561.65,562.06,51585.0
10:39,563.28,563.51,562.74,563.15,38088.0
10:40,564.09,564.24,562.75,563.28,62629.0
10:41,564.04,565.05,563.78,564.05,70552.0
10:42,564.78,565.55,563.48,563.91,59116.0
10:43,562.11,564.75,561.73,564.61,63166.0
10:44,560.98,562.89,560.75,561.96,54065.0
10:45,560.6,561.86,559.59,561.16,59768.0
10:46,561.43,561.52,560.25,560.25,49649.0
10:47,559.21,561.1,559.0,560.86,38563.0
10:48,558.77,559.35,558.36,559.09,50683.0
10:49,558.54,558.77,557.31,558.64,59266.0
10:50,557.6,558.15,557.0,558.15,48589.0
10:51,557.55,558.51,557.35,557.47,60269.0
10:52,556.6,558.3,556.5,557.47,58432.0
10:53,557.11,557.15,556.17,556.53,55378.0
10:54,556.92,557.78,556.74,556.82,26298.0
10:55,556.76,557.97,556.15,557.31,38708.0
10:56,555.74,556.78,555.49,556.78,61387.0
10:57,555.8,556.34,555.54,555.76,42160.0
10:58,554.52,556.2,554.4,556.2,90830.0
10:59,554.03,554.58,553.37,554.52,54927.0
11:00,554.29,554.76,553.7,554.0,69869.0
11:01,554.01,554.68,553.9,554.55,44576.0
11:02,553.72,554.5,553.37,554.07,56113.0
11:03,553.92,554.49,553.06,553.4,70627.0
11:04,554.42,554.52,553.45,553.8,42404.0
11:05,555.94,556.01,554.4,554.47,51542.0
11:06,556.95,557.1,555.67,555.94,69333.0
11:07,557.63,557.82,556.64,556.76,52237.0
11:08,558.42,558.44,557.48,557.8,75764.0
11:09,558.79,559.0,558.15,558.19,56803.0
11:10,559.23,559.4,558.33,558.7,71789.0
11:11,558.23,559.62,557.95,559.18,77850.0
11:12,557.53,558.88,557.25,558.23,44031.0
11:13,556.98,557.5,556.6,557.42,43259.0
11:14,555.73,556.98,555.31,556.98,52859.0
11:15,556.36,556.86,555.52,555.86,45301.0
11:16,555.3,556.98,555.03,556.36,41300.0
11:17,556.1,556.14,555.0,555.21,51568.0
11:18,556.2,556.73,555.52,556.31,30551.0
11:19,556.34,556.36,555.73,556.16,33938.0
11:20,556.55,556.99,555.76,556.34,33223.0
11:21,555.43,556.7,555.29,556.69,30581.0
11:22,555.0,555.8,554.96,555.08,57462.0
11:23,554.22,554.88,553.81,554.88,87213.0
11:24,554.66,554.7,553.79,554.22,65443.0
11:25,554.34,555.36,554.32,554.79,60366.0
11:26,555.3,555.33,553.98,554.32,39782.0
11:27,554.02,555.32,553.96,555.31,49382.0
11:28,552.62,554.15,552.62,554.15,58970.0
11:29,551.39,552.77,551.24,552.75,101042.0
11:30,549.62,552.0,549.39,551.42,194637.0
11:31,549.5,550.04,548.98,549.65,77968.0
11:32,548.65,549.9,548.1,549.52,77150.0
11:33,547.77,548.85,547.35,548.77,70193.0
11:34,549.41,549.42,547.62,547.86,85644.0
11:35,549.88,549.9,549.1,549.42,68539.0
11:36,550.74,550.74,549.34,549.76,58855.0
11:37,549.89,550.79,549.55,550.78,49386.0
11:38,549.58,549.98,549.05,549.8,49198.0
11:39,549.35,549.54,548.5,549.41,50826.0
11:40,549.25,550.0,548.89,549.39,47924.0
11:41,549.28,550.43,549.28,549.4,47926.0
11:42,550.5,551.04,549.32,549.37,55575.0
11:43,549.37,550.54,549.16,550.54,53077.0
11:44,549.36,549.4,548.05,549.37,73177.0
11:45,551.18,551.18,549.09,549.36,70612.0
11:46,550.0,551.18,549.28,551.18,51440.0
11:47,549.06,550.22,548.47,550.0,33598.0
11:48,548.09,548.83,547.9,548.82,48080.0
11:49,548.09,548.41,547.61,547.88,34023.0
11:50,546.85,548.34,546.48,547.69,78494.0
11:51,545.83,547.0,545.45,546.85,73870.0
11:52,547.09,547.09,545.11,545.86,77157.0
11:53,547.56,548.05,546.7,547.09,54012.0
11:54,548.9,548.9,547.27,547.56,34433.0
11:55,548.1,549.15,547.8,548.9,33959.0
11:56,547.37,548.29,547.0,547.97,46219.0
11:57,546.09,547.69,545.91,547.16,47964.0
11:58,545.33,546.28,544.29,546.27,91706.0
11:59,545.57,546.3,545.28,545.48,47461.0
12:00,546.05,547.25,545.29,545.54,85598.0
12:01,543.79,546.41,543.53,546.24,59507.0
12:02,546.24,546.4,543.85,543.96,74392.0
12:03,544.25,546.37,543.88,546.35,61849.0
12:04,543.34,545.75,543.34,544.13,80689.0
12:05,543.53,543.97,542.68,543.34,76498.0
12:06,544.13,544.74,542.73,543.41,111582.0
12:07,545.53,545.53,543.84,544.33,80240.0
12:08,546.72,546.72,545.1,545.69,54766.0
12:09,546.33,547.76,546.14,546.72,60066.0
12:10,545.29,546.49,544.69,546.49,65572.0
12:11,547.6,547.65,544.2,545.44,71145.0
12:12,545.91,547.74,545.78,547.43,38816.0
12:13,545.16,546.17,544.73,546.02,45538.0
12:14,544.01,545.36,543.6,545.36,59135.0
12:15,543.0,543.81,542.01,543.79,55548.0
12:16,542.88,542.88,541.16,542.86,62922.0
12:17,541.58,543.06,541.41,543.06,51691.0
12:18,540.17,541.27,539.63,541.17,100294.0
12:19,541.1,541.4,539.63,540.15,72426.0
12:20,540.56,540.92,540.0,540.7,43186.0
12:21,538.78,540.5,538.39,540.5,93662.0
12:22,537.01,538.94,536.47,538.85,85291.0
12:23,538.13,539.12,535.59,536.85,80856.0
12:24,540.91,540.91,537.77,538.13,82330.0
12:25,539.5,541.1,539.04,540.91,93323.0
12:26,539.52,539.88,538.08,539.03,52320.0
12:27,536.34,539.34,535.3,539.34,105834.0
12:28,538.99,539.5,535.82,536.34,96430.0
12:29,537.86,540.33,537.49,539.02,70206.0
12:30,541.54,542.16,537.87,537.87,73927.0
12:31,541.85,542.68,540.0,540.44,84210.0
12:32,542.57,543.39,541.02,541.79,52222.0
12:33,542.74,543.45,541.97,542.5,45477.0
12:34,544.04,544.36,542.38,543.31,47266.0
12:35,542.61,544.3,542.36,543.9,57653.0
12:36,543.7,544.75,542.64,542.64,50642.0
12:37,546.34,546.38,543.69,543.95,65176.0
12:38,546.71,546.89,545.32,545.98,53859.0
12:39,546.56,547.52,545.78,546.11,64198.0
12:40,544.99,546.57,544.56,546.4,65905.0
12:41,544.72,546.0,543.9,544.95,41308.0
12:42,545.6,546.0,544.55,544.9,31149.0
12:43,543.67,546.47,543.36,545.11,35736.0
12:44,544.49,544.94,542.25,543.82,71090.0
12:45,541.98,544.76,541.51,544.46,41976.0
12:46,542.02,543.39,541.63,541.74,40755.0
12:47,542.82,542.91,541.12,541.96,37544.0
12:48,543.38,543.89,542.69,542.83,41390.0
12:49,546.78,547.46,543.57,543.77,63011.0
12:50,546.82,547.15,545.68,546.73,44203.0
12:51,547.65,548.08,545.87,546.81,61234.0
12:52,546.21,547.52,545.22,547.42,61961.0
12:53,546.12,547.15,545.38,546.26,40759.0
12:54,545.47,546.44,544.25,546.24,38761.0
12:55,545.64,546.2,545.08,545.44,30165.0
12:56,545.47,546.28,545.39,545.92,29847.0
12:57,547.35,547.76,545.47,545.61,47284.0
12:58,548.5,548.5,546.41,547.12,43492.0
12:59,547.44,548.69,546.56,548.32,48468.0
13:00,549.4,549.4,546.74,547.29,55936.0
13:01,546.49,549.44,546.0,549.21,60797.0
13:02,550.54,553.79,546.25,546.61,167980.0
13:03,547.99,550.55,547.87,550.05,64347.0
13:04,548.56,549.39,547.67,547.74,46833.0
13:05,546.8,548.55,546.37,548.55,55435.0
13:06,546.45,546.79,544.39,545.95,51539.0
13:07,544.52,546.78,544.08,546.78,39972.0
13:08,545.4,545.7,544.31,544.31,35493.0
13:09,543.99,545.46,543.49,545.41,34690.0
13:10,541.9,544.4,541.73,544.12,27510.0
13:11,540.82,543.05,540.82,541.9,47551.0
13:12,540.72,541.57,539.6,541.02,95062.0
13:13,539.07,541.1,539.04,540.91,37472.0
13:14,540.21,540.42,539.2,539.21,39919.0
13:15,540.57,540.64,539.03,539.92,39533.0
13:16,540.85,541.4,540.0,540.61,38184.0
13:17,540.58,540.59,539.29,540.37,47125.0
13:18,542.29,542.51,540.22,540.58,35201.0
13:19,541.43,541.81,540.88,541.81,22281.0
13:20,540.66,541.9,540.1,541.34,32913.0
13:21,539.72,540.88,538.89,540.65,62971.0
13:22,540.67,540.97,538.61,539.59,56281.0
13:23,541.06,541.78,540.13,540.53,36537.0
13:24,542.24,542.96,540.58,540.58,32016.0
13:25,544.11,544.79,542.27,542.34,44177.0
13:26,544.26,545.36,544.12,544.67,38704.0
13:27,544.73,545.56,543.91,543.92,56246.0
13:28,546.24,546.7,544.91,544.91,53341.0
13:29,546.85,546.98,545.61,546.09,40218.0
13:30,545.35,547.83,545.35,546.74,58280.0
13:31,546.36,546.78,545.63,546.01,38286.0
13:32,547.7,547.93,546.31,546.31,43470.0
13:33,548.29,548.91,547.26,547.9,42558.0
13:34,546.17,548.29,546.07,547.91,33873.0
13:35,546.89,547.42,545.92,546.1,35688.0
13:36,546.65,547.98,546.49,546.92,27660.0
13:37,546.96,548.6,546.01,546.6,55751.0
13:38,548.24,548.45,546.78,547.08,20198.0
13:39,545.69,548.14,545.03,548.14,39375.0
13:40,545.68,546.75,545.41,545.53,22627.0
13:41,545.97,546.66,545.14,545.41,48978.0
13:42,546.93,547.16,545.65,546.02,41943.0
13:43,547.88,547.88,546.56,546.87,49661.0
13:44,548.68,548.89,546.16,547.62,49258.0
13:45,549.81,550.16,548.46,548.75,69798.0
13:46,549.17,551.54,548.97,549.81,45145.0
13:47,547.88,549.61,547.47,549.5,52112.0
13:48,548.28,548.79,547.67,548.04,45748.0
13:49,548.3,548.59,547.04,548.37,43133.0
13:50,549.78,549.9,547.83,547.83,37228.0
13:51,548.22,550.98,548.22,549.86,52755.0
13:52,546.87,548.32,546.81,548.32,53871.0
13:53,547.54,547.67,545.5,546.83,57299.0
13:54,549.02,549.21,547.36,547.5,56558.0
13:55,549.07,550.22,548.5,548.78,36276.0
13:56,550.0,550.61,548.58,548.89,45113.0
13:57,549.2,550.21,549.17,550.0,32465.0
13:58,550.54,551.0,549.16,549.21,46070.0
13:59,548.54,551.02,548.54,550.66,42751.0
14:00,549.28,549.32,548.0,548.71,52070.0
14:01,551.0,551.55,549.42,549.43,66098.0
14:02,552.0,552.25,550.5,550.5,31599.0
14:03,553.11,553.52,551.43,551.96,63567.0
14:04,552.81,553.66,552.34,553.34,45703.0
14:05,552.63,553.88,552.49,552.62,48479.0
14:06,550.62,553.1,550.62,552.78,89826.0
14:07,550.42,551.58,550.21,550.76,63062.0
14:08,547.96,550.42,547.57,550.42,80963.0
14:09,546.22,548.65,545.6,547.85,65021.0
14:10,546.72,547.16,544.9,546.17,76969.0
14:11,545.57,546.62,545.33,546.5,48790.0
14:12,546.12,546.44,544.77,545.75,45686.0
14:13,545.04,546.6,544.73,545.94,42207.0
14:14,544.35,545.16,543.59,544.98,42787.0
14:15,545.27,545.5,543.55,544.2,40353.0
14:16,544.53,545.86,544.22,545.38,29445.0
14:17,545.85,546.0,544.51,544.53,32908.0
14:18,546.97,547.39,545.35,545.35,50180.0
14:19,546.97,547.9,546.53,547.01,32317.0
14:20,549.47,549.82,546.78,546.97,43793.0
14:21,550.04,550.67,549.48,549.49,49321.0
14:22,551.54,552.44,549.87,550.08,56553.0
14:23,551.59,552.08,550.81,551.33,28829.0
14:24,551.5,552.75,550.8,552.0,40713.0
14:25,552.19,552.25,550.01,551.21,46075.0
14:26,553.5,553.92,551.72,552.11,46071.0
14:27,552.79,553.78,552.34,553.5,27178.0
14:28,552.5,553.7,552.17,552.66,44289.0
14:29,553.82,554.0,552.72,552.74,56049.0
14:30,553.34,554.67,553.08,553.86,55109.0
14:31,554.67,554.67,553.23,553.23,43829.0
14:32,554.63,555.32,553.93,554.67,42152.0
14:33,553.08,554.88,552.85,554.69,34326.0
14:34,552.02,553.72,551.43,553.02,28401.0
14:35,551.52,551.99,550.7,551.74,47821.0
14:36,551.07,552.25,550.1,551.52,47540.0
14:37,552.02,552.12,550.52,551.45,32396.0
14:38,553.1,553.36,552.12,552.12,25378.0
14:39,552.78,553.12,551.98,552.62,16618.0
14:40,552.05,553.31,551.53,552.78,34782.0
14:41,552.33,552.56,550.62,551.86,32331.0
14:42,552.85,553.53,552.25,552.26,39235.0
14:43,552.95,553.2,552.64,552.77,22924.0
14:44,553.26,553.98,553.0,553.19,26895.0
14:45,551.6,553.61,550.83,553.23,44174.0
14:46,549.82,551.98,549.61,551.47,38893.0
14:47,549.02,550.45,548.0,550.12,44028.0
14:48,549.39,549.7,548.33,549.42,29947.0
14:49,549.6,549.6,548.0,549.12,22514.0
14:50,551.22,551.36,549.05,549.65,54281.0
14:51,550.01,551.88,550.01,551.11,24079.0
14:52,548.85,549.98,548.3,549.95,43332.0
14:53,549.33,549.54,548.85,548.85,39337.0
14:54,547.57,549.63,547.07,549.33,32721.0
14:55,548.02,548.75,546.43,547.66,60959.0
14:56,548.88,549.63,548.03,548.03,26288.0
14:57,550.31,550.71,548.41,549.09,24631.0
14:58,550.47,551.0,549.79,550.25,36270.0
14:59,549.78,550.99,549.77,550.27,30026.0
15:00,551.97,552.54,548.29,549.77,72648.0
15:01,552.19,552.67,551.6,552.0,49640.0
15:02,553.44,553.44,551.38,551.75,54317.0
15:03,552.23,553.43,552.1,553.15,29308.0
15:04,552.0,552.46,551.34,551.98,19547.0
15:05,551.67,553.0,551.43,552.02,38431.0
15:06,551.25,551.85,550.56,551.43,33212.0
15:07,549.27,550.86,548.64,550.86,37842.0
15:08,547.33,549.4,547.11,549.4,38108.0
15:09,546.45,547.83,546.2,547.43,60055.0
15:10,547.71,547.83,545.56,546.45,68930.0
15:11,546.82,547.93,546.82,547.55,45423.0
15:12,546.67,547.36,545.5,546.78,36680.0
15:13,547.11,547.53,546.49,546.75,35466.0
15:14,547.22,547.54,546.19,547.08,43386.0
15:15,546.61,547.51,545.95,547.26,40305.0
15:16,546.27,547.21,546.02,546.61,44211.0
15:17,547.29,547.79,545.17,546.27,70357.0
15:18,547.29,548.46,546.98,547.2,57111.0
15:19,548.82,549.0,546.31,547.38,49316.0
15:20,549.95,550.27,548.01,548.9,42163.0
15:21,550.61,550.78,549.37,550.11,50523.0
15:22,549.03,551.2,548.36,550.76,39794.0
15:23,548.16,549.63,548.03,548.87,28082.0
15:24,547.28,548.06,546.48,548.06,51188.0
15:25,548.47,548.52,546.64,547.21,71689.0
15:26,548.08,549.86,547.48,548.68,99737.0
15:27,548.04,548.16,547.09,547.59,48258.0
15:28,546.87,548.78,546.87,548.1,88336.0
15:29,545.09,547.29,544.55,546.95,81749.0
15:30,545.74,545.97,544.52,544.86,61440.0
15:31,547.31,547.49,545.76,546.21,51633.0
15:32,547.01,548.51,546.76,546.91,39713.0
15:33,547.51,547.95,546.53,546.81,54115.0
15:34,546.23,547.69,546.01,547.69,32505.0
15:35,546.23,546.73,545.01,546.26,55734.0
15:36,545.24,547.01,545.0,546.23,53285.0
15:37,545.24,545.73,544.99,545.26,75416.0
15:38,544.41,545.36,544.01,545.36,72924.0
15:39,544.24,544.31,543.23,544.0,76337.0
15:40,543.73,544.96,543.01,544.32,165674.0
15:41,543.06,543.95,542.58,543.59,64145.0
15:42,541.22,542.99,541.22,542.79,119040.0
15:43,540.6,541.65,540.6,541.35,165367.0
15:44,540.76,541.62,540.0,540.45,122012.0
15:45,541.63,541.71,540.0,540.76,63139.0
15:46,542.42,543.05,541.43,541.63,133347.0
15:47,541.17,542.68,540.87,542.42,70527.0
15:48,540.14,541.78,539.9,541.15,69113.0
15:49,540.57,541.04,539.47,540.14,92730.0
15:50,544.66,545.0,540.34,540.34,134497.0
15:51,545.4,545.95,543.73,544.62,96286.0
15:52,546.5,547.15,545.22,545.22,78453.0
15:53,545.92,546.99,545.75,546.56,80488.0
15:54,547.34,547.63,545.9,545.9,113771.0
15:55,544.53,547.63,542.07,547.06,148938.0
15:56,547.16,547.63,544.63,544.65,124776.0
15:57,547.39,548.25,546.83,547.16,108485.0
15:58,546.35,547.85,546.35,547.39,173792.0
15:59,546.27,546.55,545.73,546.39,297126.0
