Time,Close,High,Low,Open,Volume
09:30,153.22,153.85,151.56,152.24,11002352.0
09:31,153.75,154.15,152.43,153.26,1443145.0
09:32,152.0,153.75,151.88,153.75,1309909.0
09:33,153.33,153.51,151.72,152.02,1239408.0
09:34,152.77,153.89,152.37,153.32,1285921.0
09:35,154.43,154.44,152.71,152.79,1409812.0
09:36,153.58,154.68,153.45,154.39,1168523.0
09:37,154.98,155.23,153.47,153.62,1179832.0
09:38,154.6,155.17,154.4,155.0,747210.0
09:39,153.93,154.61,153.8,154.54,613278.0
09:40,152.63,154.32,152.61,153.95,931142.0
09:41,153.06,153.26,152.3,152.65,832099.0
09:42,152.99,153.15,152.06,153.06,815394.0
09:43,152.77,153.18,152.43,152.99,608485.0
09:44,151.8,152.9,151.72,152.76,828472.0
09:45,151.81,152.17,151.62,151.8,780513.0
09:46,150.56,151.94,150.32,151.8,1694576.0
09:47,150.05,150.77,150.05,150.55,1097512.0
09:48,149.62,150.64,149.35,150.05,2566388.0
09:49,149.16,150.05,149.14,149.58,1150157.0
09:50,149.33,149.54,148.8,149.15,1463738.0
09:51,148.69,149.39,148.63,149.3,1041386.0
09:52,148.93,149.2,148.4,148.67,1191287.0
09:53,148.28,149.19,147.62,148.95,1576861.0
09:54,148.64,148.87,147.81,148.28,1205349.0
09:55,148.95,149.33,148.5,148.62,1017863.0
09:56,149.34,149.38,148.1,148.93,898614.0
09:57,149.71,149.97,149.57,149.77,1152995.0
09:58,149.2,150.12,149.12,149.7,976566.0
09:59,149.14,149.34,148.62,149.21,688340.0
10:00,149.62,150.39,149.02,149.14,1072334.0
10:01,149.63,150.07,149.24,149.62,780472.0
10:02,149.61,150.14,149.52,149.63,746460.0
10:03,149.22,149.63,149.01,149.63,580028.0
10:04,148.07,149.23,148.01,149.18,904185.0
10:05,147.5,148.18,147.02,148.07,1569602.0
10:06,146.95,147.58,146.74,147.46,1056154.0
10:07,147.16,147.33,146.81,146.94,723299.0
10:08,146.55,147.19,146.42,147.16,877889.0
10:09,146.33,146.58,146.04,146.54,886245.0
10:10,146.16,147.08,146.11,146.31,1092116.0
10:11,146.27,146.86,145.88,146.18,1567366.0
10:12,146.3,146.62,145.76,146.27,794890.0
10:13,146.28,146.37,145.9,146.29,673766.0
10:14,146.53,146.8,145.4,146.29,1275332.0
10:15,145.79,146.6,145.53,146.51,713699.0
10:16,145.63,146.11,145.5,145.82,695982.0
10:17,146.15,146.3,145.17,145.62,978238.0
10:18,145.71,146.21,145.18,146.15,914790.0
10:19,145.85,146.45,145.47,145.72,953772.0
10:20,146.1,146.22,145.4,145.87,705284.0
10:21,146.54,146.67,145.94,146.1,820747.0
10:22,146.56,146.75,146.07,146.54,628603.0
10:23,146.18,146.58,145.81,146.53,713841.0
10:24,146.54,146.97,146.13,146.17,861554.0
10:25,146.93,147.09,146.18,146.53,826829.0
10:26,146.43,147.09,146.14,146.93,678537.0
10:27,146.23,147.05,145.97,146.46,861301.0
10:28,145.27,145.99,145.26,145.92,1004602.0
10:29,144.64,145.32,144.25,145.27,1742112.0
10:30,145.13,145.17,144.51,144.66,757786.0
10:31,145.41,145.5,144.41,145.1,805830.0
10:32,145.22,145.5,144.86,145.4,645808.0
10:33,145.0,145.39,144.9,145.23,545476.0
10:34,145.11,145.63,144.84,144.97,821920.0
10:35,144.77,145.2,144.65,145.09,659698.0
10:36,143.89,145.1,143.57,144.78,1323292.0
10:37,143.94,144.19,143.61,143.86,1100318.0
10:38,143.54,144.03,143.51,143.93,765528.0
10:39,143.26,143.7,143.13,143.53,997526.0
10:40,143.3,143.56,143.2,143.27,785312.0
10:41,143.61,143.99,143.09,143.3,956157.0
10:42,143.24,143.65,143.11,143.65,675482.0
10:43,143.38,143.72,143.15,143.2,731153.0
10:44,143.28,143.68,143.25,143.38,508022.0
10:45,143.51,144.0,143.15,143.25,901563.0
10:46,142.88,143.55,142.41,143.5,1458597.0
10:47,143.29,143.44,142.4,142.9,864408.0
10:48,143.31,143.85,143.19,143.27,813662.0
10:49,143.04,143.48,143.01,143.29,466337.0
10:50,142.89,143.36,142.87,143.04,477105.0
10:51,143.19,143.58,142.86,142.9,477503.0
10:52,142.85,143.21,142.5,143.19,650026.0
10:53,143.03,143.29,142.54,142.9,942193.0
10:54,143.22,143.37,142.57,142.6,1234360.0
10:55,143.79,143.83,143.02,143.21,834479.0
10:56,144.09,144.2,143.68,143.78,812217.0
10:57,143.93,144.1,143.75,144.05,407111.0
10:58,144.24,144.3,143.93,143.95,656338.0
10:59,144.47,144.47,143.91,144.25,603020.0
11:00,144.68,144.89,144.32,144.45,779375.0
11:01,144.82,144.84,144.42,144.68,640709.0
11:02,144.63,145.08,144.55,144.77,777767.0
11:03,145.1,145.12,144.56,144.61,438331.0
11:04,145.29,145.34,145.08,145.1,733823.0
11:05,145.59,145.62,145.28,145.29,228110.0
11:06,146.01,146.05,145.8,145.87,1448419.0
11:07,146.4,146.45,146.0,146.01,764159.0
11:08,146.29,146.48,145.89,146.4,907897.0
11:09,146.38,146.61,146.23,146.3,846452.0
11:10,146.1,146.44,145.6,146.35,859067.0
11:11,146.74,146.77,146.0,146.01,682388.0
11:12,146.65,146.99,146.59,146.77,703465.0
11:13,146.42,146.75,146.4,146.67,535008.0
11:14,146.48,146.7,146.17,146.41,466522.0
11:15,146.18,146.54,145.91,146.48,527298.0
11:16,146.56,146.56,146.13,146.15,422127.0
11:17,147.21,147.22,146.3,146.55,696249.0
11:18,147.62,147.71,147.12,147.18,749328.0
11:19,147.99,148.06,147.5,147.62,881978.0
11:20,147.67,148.23,147.47,147.99,1023942.0
11:21,147.48,147.75,147.2,147.65,530179.0
11:22,147.74,147.9,147.21,147.5,490802.0
11:23,148.18,148.2,147.67,147.67,459930.0
11:24,148.47,148.5,148.15,148.2,550748.0
11:25,148.14,148.54,148.02,148.47,790730.0
11:26,148.37,148.48,148.04,148.14,501294.0
11:27,148.75,148.75,148.2,148.38,550713.0
11:28,148.76,148.93,148.53,148.75,574185.0
11:29,149.21,149.32,148.76,148.77,742472.0
11:30,149.26,149.41,148.98,149.21,662516.0
11:31,149.3,149.6,149.05,149.27,681391.0
11:32,149.58,149.73,149.17,149.3,585139.0
11:33,149.61,150.11,149.45,149.6,1132100.0
11:34,150.14,150.41,149.61,149.62,630808.0
11:35,150.0,150.29,149.85,150.08,742665.0
11:36,150.14,150.39,149.9,150.02,618438.0
11:37,150.16,150.66,149.97,150.13,971993.0
11:38,149.91,150.45,149.83,150.18,690550.0
11:39,149.55,149.98,149.55,149.93,751446.0
11:40,150.13,150.2,149.55,149.55,640878.0
11:41,149.98,150.69,149.75,150.15,610867.0
11:42,150.15,150.45,149.85,149.98,518253.0
11:43,149.96,150.2,149.61,150.18,438406.0
11:44,149.71,150.0,149.36,149.95,511218.0
11:45,149.95,149.99,149.64,149.74,296871.0
11:46,149.84,150.19,149.7,149.95,415438.0
11:47,149.97,150.01,149.78,149.84,199529.0
11:48,149.95,150.2,149.89,149.98,373840.0
11:49,150.02,150.07,149.88,149.96,347349.0
11:50,149.71,150.1,149.67,150.04,396445.0
11:51,149.58,149.95,149.57,149.73,361848.0
11:52,149.1,149.69,149.04,149.57,751948.0
11:53,149.04,149.19,148.85,149.12,534711.0
11:54,149.31,149.54,149.02,149.02,362857.0
11:55,149.74,149.79,149.2,149.31,364194.0
11:56,149.08,149.96,149.04,149.73,405181.0
11:57,149.3,149.34,149.05,149.11,326332.0
11:58,149.73,149.84,149.12,149.32,316430.0
11:59,149.65,149.76,149.47,149.73,199572.0
12:00,149.89,149.95,149.58,149.64,342629.0
12:01,150.3,150.43,149.88,149.88,728653.0
12:02,150.73,150.8,150.25,150.27,672107.0
12:03,150.76,150.86,150.46,150.76,437407.0
12:04,151.18,151.2,150.67,150.77,684124.0
12:05,151.16,151.38,151.05,151.19,554565.0
12:06,151.31,151.49,151.13,151.16,498564.0
12:07,151.16,151.38,150.96,151.33,403957.0
12:08,151.59,151.66,150.97,151.15,520068.0
12:09,151.52,151.7,151.34,151.6,402099.0
12:10,151.75,151.8,151.38,151.51,394600.0
12:11,151.83,151.85,151.5,151.77,536977.0
12:12,151.46,151.86,151.37,151.84,595005.0
12:13,151.63,151.68,151.45,151.47,361735.0
12:14,151.65,151.78,151.51,151.6,397091.0
12:15,151.62,151.78,151.53,151.64,292130.0
12:16,151.52,151.74,151.37,151.61,273462.0
12:17,151.7,151.78,151.51,151.52,320473.0
12:18,151.85,151.99,151.54,151.68,474239.0
12:19,152.12,152.23,151.83,151.85,623930.0
12:20,152.34,152.36,152.02,152.11,458628.0
12:21,152.22,152.36,152.02,152.33,576302.0
12:22,152.24,152.44,152.17,152.23,432772.0
12:23,152.48,152.55,152.18,152.25,454858.0
12:24,152.25,152.59,152.2,152.44,484641.0
12:25,152.63,152.77,152.19,152.26,425909.0
12:26,152.9,153.11,152.58,152.63,769359.0
12:27,152.64,153.13,152.5,152.9,593810.0
12:28,153.4,153.48,152.67,152.67,728226.0
12:29,153.13,153.41,153.0,153.4,686162.0
12:30,152.93,153.27,152.87,153.12,436563.0
12:31,153.06,153.18,152.87,152.94,395902.0
12:32,153.06,153.3,152.89,153.09,420833.0
12:33,153.2,153.37,153.1,153.1,369292.0
12:34,153.24,153.49,153.14,153.21,379878.0
12:35,153.18,153.38,153.1,153.24,307985.0
12:36,152.97,153.2,152.63,153.18,793987.0
12:37,153.25,153.3,152.93,152.97,349356.0
12:38,152.97,153.3,152.87,153.28,336320.0
12:39,152.91,153.08,152.81,152.97,234455.0
12:40,152.86,152.97,152.72,152.9,318296.0
12:41,152.54,152.89,152.3,152.85,558972.0
12:42,152.88,152.88,152.33,152.57,374975.0
12:43,153.14,153.17,152.73,152.89,397598.0
12:44,153.39,153.49,153.08,153.15,454776.0
12:45,153.77,153.9,153.27,153.39,633234.0
12:46,154.1,154.15,153.51,153.77,629700.0
12:47,153.63,154.17,153.55,154.12,505069.0
12:48,153.41,153.95,153.4,153.64,367066.0
12:49,153.48,153.5,153.09,153.43,458792.0
12:50,153.7,153.8,153.27,153.49,299975.0
12:51,153.5,153.8,153.33,153.74,258436.0
12:52,153.42,153.8,153.37,153.53,236628.0
12:53,153.58,153.71,153.36,153.41,208634.0
12:54,153.72,153.8,153.49,153.58,252680.0
12:55,153.76,153.95,153.66,153.71,374357.0
12:56,153.81,153.98,153.7,153.77,294530.0
12:57,153.85,153.98,153.77,153.78,236198.0
12:58,153.88,154.07,153.71,153.85,349337.0
12:59,153.98,154.1,153.8,153.88,402912.0
13:00,153.93,154.08,153.65,153.98,434182.0
13:01,154.16,154.24,153.88,153.96,385729.0
13:02,154.34,154.38,153.96,154.15,381976.0
13:03,154.31,154.39,154.02,154.32,336090.0
13:04,154.27,154.44,154.01,154.34,441475.0
13:05,153.8,154.28,153.79,154.28,462360.0
13:06,154.07,154.15,153.67,153.8,368099.0
13:07,154.16,154.28,153.96,154.07,242116.0
13:08,154.58,154.72,154.14,154.14,551693.0
13:09,154.67,154.7,154.44,154.57,338353.0
13:10,154.3,154.67,154.15,154.66,405788.0
13:11,154.51,154.55,154.28,154.29,207445.0
13:12,153.87,154.51,153.86,154.51,410708.0
13:13,153.07,153.84,153.01,153.83,754067.0
13:14,152.75,153.24,152.7,153.07,636388.0
13:15,153.24,153.29,152.66,152.74,571205.0
13:16,153.66,153.7,153.18,153.22,395172.0
13:17,153.29,153.64,153.24,153.64,335103.0
13:18,153.17,153.57,153.05,153.3,406160.0
13:19,153.24,153.42,153.02,153.14,270452.0
13:20,153.34,153.36,152.97,153.24,324068.0
13:21,153.07,153.36,152.89,153.34,258025.0
13:22,152.75,153.12,152.67,153.09,489446.0
13:23,153.0,153.1,152.68,152.73,303900.0
13:24,153.43,153.5,153.01,153.01,382597.0
13:25,153.4,153.71,153.31,153.4,316899.0
13:26,153.57,153.69,153.4,153.4,236735.0
13:27,153.87,154.05,153.82,153.88,446987.0
13:28,154.09,154.19,153.8,153.91,289010.0
13:29,154.1,154.18,154.0,154.07,174935.0
13:30,154.08,154.18,153.88,154.1,267144.0
13:31,154.6,154.76,154.07,154.08,665641.0
13:32,155.06,155.16,154.36,154.58,707461.0
13:33,154.77,155.31,154.75,155.03,511453.0
13:34,154.86,155.01,154.75,154.78,296140.0
13:35,154.89,155.03,154.63,154.87,290353.0
13:36,154.84,154.94,154.65,154.9,256194.0
13:37,154.61,154.98,154.52,154.86,274145.0
13:38,154.84,154.97,154.55,154.59,275057.0
13:39,154.66,154.9,154.62,154.86,159445.0
13:40,154.74,154.76,154.42,154.64,197653.0
13:41,154.76,154.82,154.59,154.74,182275.0
13:42,154.72,154.81,154.51,154.78,194141.0
13:43,154.67,154.71,154.51,154.7,131869.0
13:44,154.46,154.81,154.43,154.68,184166.0
13:45,154.69,154.8,154.36,154.43,276463.0
13:46,154.67,154.84,154.5,154.71,292143.0
13:47,154.54,154.67,154.42,154.67,150165.0
13:48,154.28,154.61,154.26,154.56,217416.0
13:49,154.22,154.34,154.04,154.29,335345.0
13:50,154.13,154.36,153.93,154.22,326752.0
13:51,154.07,154.24,154.0,154.14,190600.0
13:52,154.15,154.37,154.05,154.09,245324.0
13:53,154.46,154.49,154.06,154.15,296026.0
13:54,154.37,154.59,154.32,154.45,207106.0
13:55,154.12,154.38,154.1,154.34,159641.0
13:56,154.26,154.42,154.12,154.12,163473.0
13:57,154.29,154.37,154.1,154.29,179312.0
13:58,154.35,154.43,154.27,154.27,122067.0
13:59,154.38,154.42,154.23,154.35,132575.0
14:00,154.3,154.58,154.24,154.38,178005.0
14:01,154.22,154.67,154.2,154.3,201332.0
14:02,153.6,154.24,153.54,154.21,511384.0
14:03,153.59,153.63,153.29,153.56,529057.0
14:04,153.85,153.94,153.55,153.6,224863.0
14:05,153.53,154.19,153.53,153.87,345763.0
14:06,154.21,154.24,153.53,153.59,302422.0
14:07,154.07,154.31,154.0,154.22,193325.0
14:08,154.1,154.21,153.87,154.06,192738.0
14:09,154.39,154.55,153.99,154.07,287805.0
14:10,154.32,154.5,154.11,154.38,194432.0
14:11,153.94,154.45,153.93,154.3,185284.0
14:12,153.91,154.18,153.87,153.95,189978.0
14:13,153.93,154.12,153.74,153.96,237925.0
14:14,154.07,154.09,153.87,153.96,141179.0
14:15,153.79,154.08,153.7,154.07,205039.0
14:16,153.68,153.92,153.64,153.79,215687.0
14:17,153.49,153.83,153.49,153.7,186443.0
14:18,153.0,153.49,152.94,153.49,466325.0
14:19,153.01,153.13,152.82,153.02,417352.0
14:20,153.02,153.21,152.93,153.02,265425.0
14:21,152.93,153.19,152.93,153.02,207809.0
14:22,152.75,153.08,152.68,152.95,351369.0
14:23,153.2,153.27,152.76,152.76,319424.0
14:24,153.04,153.25,152.95,153.18,289610.0
14:25,153.39,153.42,152.77,153.06,259227.0
14:26,153.39,153.73,153.25,153.39,310328.0
14:27,153.15,153.44,153.12,153.39,154628.0
14:28,153.14,153.25,153.0,153.16,222981.0
14:29,153.13,153.2,152.98,153.16,220226.0
14:30,153.16,153.44,153.09,153.13,170494.0
14:31,153.28,153.32,153.12,153.17,128038.0
14:32,153.32,153.34,153.16,153.29,176903.0
14:33,153.29,153.34,153.04,153.33,160833.0
14:34,153.23,153.29,153.07,153.29,139083.0
14:35,152.99,153.21,152.85,153.21,206342.0
14:36,153.39,153.48,152.96,153.01,211039.0
14:37,153.59,153.77,153.36,153.39,345985.0
14:38,153.68,153.77,153.56,153.59,196986.0
14:39,153.72,153.74,153.46,153.69,132473.0
14:40,153.63,153.99,153.62,153.69,273461.0
14:41,153.98,154.09,153.64,153.65,205178.0
14:42,154.22,154.24,153.98,154.0,281945.0
14:43,154.35,154.4,154.21,154.21,386796.0
14:44,154.43,154.53,154.19,154.38,327985.0
14:45,154.22,154.49,154.16,154.44,180055.0
14:46,154.56,154.64,154.18,154.21,245777.0
14:47,154.72,154.82,154.45,154.54,318786.0
14:48,154.79,154.83,154.66,154.71,192109.0
14:49,154.91,154.92,154.7,154.82,217612.0
14:50,154.75,154.96,154.65,154.9,253632.0
14:51,154.99,155.06,154.57,154.76,328726.0
14:52,154.84,155.04,154.78,155.02,223136.0
14:53,154.68,154.91,154.65,154.83,211845.0
14:54,154.64,154.81,154.62,154.66,198770.0
14:55,154.46,154.82,154.46,154.67,263827.0
14:56,154.4,154.5,154.25,154.45,353912.0
14:57,154.52,154.55,154.29,154.39,159293.0
14:58,154.13,154.54,154.1,154.51,261596.0
14:59,154.18,154.25,154.01,154.13,279175.0
15:00,154.55,154.64,154.16,154.16,357533.0
15:01,154.6,154.73,154.47,154.57,190281.0
15:02,154.67,154.81,154.48,154.63,187350.0
15:03,154.59,154.73,154.55,154.69,121425.0
15:04,154.66,154.74,154.53,154.59,129291.0
15:05,154.54,154.65,154.32,154.65,241382.0
15:06,154.81,154.9,154.45,154.54,224743.0
15:07,154.98,155.08,154.8,154.83,425911.0
15:08,154.84,155.17,154.25,155.0,483999.0
15:09,154.99,155.03,154.66,154.88,241055.0
15:10,155.35,155.39,154.9,154.99,384100.0
15:11,155.53,155.66,155.0,155.34,601662.0
15:12,155.5,155.65,155.33,155.53,287539.0
15:13,155.2,155.55,155.17,155.48,297180.0
15:14,155.25,155.28,155.07,155.22,366014.0
15:15,155.24,155.38,155.09,155.24,240351.0
15:16,155.28,155.29,155.1,155.22,157132.0
15:17,155.36,155.41,155.22,155.32,217021.0
15:18,155.4,155.51,155.31,155.36,271301.0
15:19,155.08,155.4,155.07,155.38,278748.0
15:20,155.17,155.17,155.03,155.08,180607.0
15:21,154.97,155.16,154.87,155.16,348783.0
15:22,155.29,155.31,154.98,154.98,231912.0
15:23,155.5,155.63,155.25,155.27,336811.0
15:24,155.54,155.64,155.44,155.49,264954.0
15:25,155.45,155.54,155.3,155.54,281238.0
15:26,155.15,155.57,155.15,155.45,262787.0
15:27,155.15,155.22,154.95,155.12,248253.0
15:28,155.3,155.31,155.1,155.11,150967.0
15:29,155.5,155.54,155.24,155.31,288575.0
15:30,155.41,155.67,155.31,155.48,368278.0
15:31,155.85,155.88,155.41,155.44,292866.0
15:32,155.93,156.0,155.71,155.9,500491.0
15:33,156.1,156.13,155.82,155.93,481688.0
15:34,156.06,156.1,155.91,156.1,303891.0
15:35,156.39,156.45,155.98,156.06,603718.0
15:36,156.32,156.45,156.26,156.39,405951.0
15:37,156.35,156.39,156.19,156.31,280283.0
15:38,156.43,156.45,156.23,156.34,224914.0
15:39,155.98,156.46,155.93,156.43,513850.0
15:40,155.92,156.19,155.9,155.96,311104.0
15:41,156.0,156.1,155.9,155.92,249043.0
15:42,156.02,156.13,155.93,156.01,199335.0
15:43,156.03,156.18,156.01,156.04,170894.0
15:44,156.09,156.15,156.01,156.03,149250.0
15:45,156.04,156.25,156.01,156.07,260629.0
15:46,156.22,156.39,156.04,156.04,306804.0
15:47,156.11,156.28,156.06,156.21,256028.0
15:48,156.11,156.18,156.02,156.12,177517.0
15:49,156.23,156.27,156.12,156.14,200221.0
15:50,155.78,156.24,155.59,156.21,556998.0
15:51,155.61,155.96,155.61,155.79,420378.0
15:52,155.74,155.97,155.5,155.57,426661.0
15:53,156.03,156.04,155.74,155.76,277043.0
15:54,156.16,156.25,155.91,156.04,487296.0
15:55,156.1,156.18,155.82,156.15,479130.0
15:56,155.96,156.1,155.93,156.1,346638.0
15:57,156.05,156.06,155.89,155.95,384236.0
15:58,156.01,156.06,155.95,156.05,419705.0
15:59,156.01,156.05,155.82,156.01,755777.0
