Time,Close,High,Low,Open,Volume
09:30,157.04,157.78,156.31,157.67,2679525.0
09:31,157.68,157.79,156.96,156.99,456551.0
09:32,157.8,157.94,157.59,157.66,168899.0
09:33,157.29,157.33,156.83,156.95,616734.0
09:34,157.09,157.39,156.93,157.28,217999.0
09:35,155.96,157.13,155.8,157.09,488070.0
09:36,155.81,156.3,155.65,155.97,381410.0
09:37,156.3,156.35,155.59,155.76,382096.0
09:38,156.19,156.57,156.06,156.36,355206.0
09:39,156.14,156.5,155.85,156.14,233056.0
09:40,155.85,156.18,155.53,156.1,382330.0
09:41,155.43,155.84,155.43,155.84,328336.0
09:42,155.94,156.13,155.4,155.44,341752.0
09:43,155.85,156.16,155.73,155.95,173691.0
09:44,156.01,156.13,155.66,155.85,276182.0
09:45,155.41,156.38,155.22,156.05,437249.0
09:46,155.89,156.39,155.43,155.45,259335.0
09:47,155.92,156.35,155.65,155.85,452542.0
09:48,155.95,156.3,155.86,156.26,645750.0
09:49,155.97,156.28,155.89,155.96,194750.0
09:50,155.24,156.08,155.23,155.98,320853.0
09:51,155.18,155.76,155.17,155.22,375986.0
09:52,154.8,155.2,154.35,155.18,928478.0
09:53,154.49,154.85,154.4,154.78,315589.0
09:54,154.73,154.94,154.42,154.5,326620.0
09:55,155.04,155.15,154.61,154.71,268775.0
09:56,154.22,155.27,154.16,155.04,414217.0
09:57,154.48,154.73,154.0,154.24,340195.0
09:58,153.66,154.51,152.6,154.51,762958.0
09:59,153.84,154.24,153.63,153.63,362275.0
10:00,154.12,154.23,153.73,153.92,349736.0
10:01,154.56,154.6,154.11,154.13,311778.0
10:02,154.85,154.85,154.48,154.52,260358.0
10:03,154.68,154.86,154.63,154.77,248060.0
10:04,154.45,154.8,154.35,154.67,226752.0
10:05,154.93,154.99,154.29,154.48,270801.0
10:06,155.43,155.5,154.89,154.95,479374.0
10:07,155.27,155.46,155.03,155.41,224489.0
10:08,155.38,155.59,155.24,155.26,313382.0
10:09,155.26,155.5,155.21,155.41,180484.0
10:10,155.08,155.35,155.07,155.23,188114.0
10:11,154.74,155.13,154.64,155.11,257834.0
10:12,155.21,155.3,154.76,154.77,201311.0
10:13,155.35,155.37,154.88,155.21,194438.0
10:14,155.23,155.42,155.09,155.35,162205.0
10:15,155.0,155.4,154.95,155.23,181377.0
10:16,155.21,155.32,154.93,155.0,123962.0
10:17,154.83,155.25,154.8,155.21,141097.0
10:18,154.85,155.0,154.73,154.85,183027.0
10:19,154.65,154.9,154.6,154.87,143333.0
10:20,154.44,154.72,154.42,154.67,186465.0
10:21,154.9,155.14,154.42,154.44,173449.0
10:22,154.6,154.99,154.58,154.93,178377.0
10:23,154.31,154.63,154.22,154.57,152597.0
10:24,154.45,154.51,154.21,154.29,150582.0
10:25,154.3,154.49,154.21,154.42,172129.0
10:26,154.04,154.38,153.94,154.32,246242.0
10:27,154.42,154.48,153.96,154.04,169839.0
10:28,154.22,154.48,154.21,154.41,136090.0
10:29,154.13,154.3,154.07,154.24,117173.0
10:30,154.35,154.64,154.12,154.13,183781.0
10:31,154.31,154.53,154.23,154.34,139129.0
10:32,154.73,154.75,154.2,154.31,147992.0
10:33,155.14,155.21,154.69,154.71,171525.0
10:34,155.17,155.28,155.06,155.15,132159.0
10:35,155.22,155.22,154.94,155.18,147359.0
10:36,155.24,155.52,155.2,155.23,220199.0
10:37,155.38,155.48,155.2,155.24,98607.0
10:38,155.46,155.53,155.25,155.4,147966.0
10:39,155.53,155.6,155.35,155.47,133845.0
10:40,155.81,156.01,155.54,155.57,321355.0
10:41,155.68,155.86,155.64,155.83,175119.0
10:42,156.05,156.07,155.63,155.68,188169.0
10:43,156.34,156.39,156.03,156.03,185554.0
10:44,156.27,156.44,156.24,156.32,211870.0
10:45,155.96,156.55,155.95,156.29,228613.0
10:46,156.04,156.27,155.96,155.96,142651.0
10:47,156.4,156.5,156.02,156.04,211610.0
10:48,156.42,156.55,156.26,156.41,148842.0
10:49,156.55,156.6,156.37,156.44,143540.0
10:50,156.76,156.79,156.51,156.58,236830.0
10:51,156.47,156.9,156.42,156.76,219620.0
10:52,156.66,156.7,156.45,156.47,128937.0
10:53,156.68,156.87,156.61,156.65,121904.0
10:54,156.78,156.82,156.62,156.63,99009.0
10:55,157.03,157.03,156.8,156.8,241187.0
10:56,156.93,157.1,156.81,157.01,258936.0
10:57,156.93,156.98,156.82,156.93,97772.0
10:58,156.99,157.15,156.93,156.95,146067.0
10:59,156.92,157.04,156.85,156.99,148628.0
11:00,156.77,157.03,156.75,156.92,143681.0
11:01,156.93,157.05,156.75,156.77,144561.0
11:02,156.74,156.99,156.71,156.9,143228.0
11:03,156.41,156.75,156.41,156.71,225964.0
11:04,156.52,156.59,156.35,156.43,145553.0
11:05,156.38,156.51,156.26,156.49,109183.0
11:06,156.32,156.56,156.29,156.38,108566.0
11:07,156.21,156.35,156.14,156.32,125709.0
11:08,156.39,156.48,156.18,156.21,154504.0
11:09,156.66,156.68,156.36,156.39,177419.0
11:10,156.52,156.67,156.42,156.66,113534.0
11:11,156.15,156.52,156.13,156.52,123148.0
11:12,156.1,156.26,156.04,156.15,100003.0
11:13,156.18,156.25,155.95,156.12,96478.0
11:14,156.41,156.47,156.16,156.19,117108.0
11:15,156.37,156.45,156.17,156.41,118353.0
11:16,156.4,156.53,156.3,156.33,99146.0
11:17,156.39,156.46,156.33,156.44,64150.0
11:18,156.11,156.39,156.1,156.34,110669.0
11:19,155.83,156.14,155.8,156.13,148431.0
11:20,155.79,155.94,155.75,155.86,134678.0
11:21,155.83,155.87,155.7,155.75,110713.0
11:22,156.07,156.09,155.77,155.82,102402.0
11:23,156.17,156.23,156.0,156.03,104103.0
11:24,156.25,156.26,156.11,156.16,56462.0
11:25,155.96,156.32,155.82,156.25,139894.0
11:26,155.91,156.02,155.85,155.89,89096.0
11:27,155.82,156.0,155.76,155.93,78639.0
11:28,155.96,156.09,155.79,155.8,79600.0
11:29,155.87,155.99,155.76,155.98,68112.0
11:30,156.25,156.27,155.85,155.85,108211.0
11:31,156.47,156.49,156.12,156.27,127625.0
11:32,156.66,156.69,156.32,156.45,103189.0
11:33,156.74,156.78,156.56,156.64,115521.0
11:34,156.63,156.88,156.63,156.73,139887.0
11:35,156.65,156.75,156.56,156.66,78056.0
11:36,156.68,156.78,156.57,156.65,71051.0
11:37,156.74,156.79,156.6,156.69,71139.0
11:38,156.7,156.77,156.62,156.71,63374.0
11:39,156.47,156.73,156.43,156.68,88202.0
11:40,156.75,156.79,156.42,156.46,102890.0
11:41,156.72,157.05,156.45,156.78,350411.0
11:42,156.54,156.76,156.37,156.74,131078.0
11:43,155.92,156.58,155.89,156.52,210997.0
11:44,156.24,156.3,155.88,155.9,255064.0
11:45,156.07,156.25,155.98,156.22,85233.0
11:46,156.21,156.21,156.06,156.11,47857.0
11:47,156.18,156.28,156.1,156.21,40107.0
11:48,156.35,156.45,156.15,156.15,71623.0
11:49,155.96,156.43,155.93,156.34,145942.0
11:50,156.07,156.08,155.9,155.95,155539.0
11:51,156.05,156.1,155.91,156.04,75771.0
11:52,155.89,156.05,155.78,156.03,103047.0
11:53,155.81,155.95,155.75,155.91,83599.0
11:54,155.93,155.95,155.69,155.81,91011.0
11:55,155.81,156.0,155.77,155.91,81456.0
11:56,155.9,156.08,155.74,155.83,75252.0
11:57,155.94,156.0,155.83,155.9,36237.0
11:58,156.07,156.09,155.95,155.97,64972.0
11:59,155.88,156.09,155.73,156.07,80080.0
12:00,155.76,155.93,155.72,155.84,51549.0
12:01,155.52,155.77,155.52,155.76,121007.0
12:02,155.72,155.72,155.43,155.51,92211.0
12:03,155.71,155.8,155.66,155.74,53410.0
12:04,155.71,155.73,155.62,155.7,40215.0
12:05,155.76,155.78,155.7,155.73,44115.0
12:06,156.09,156.2,155.73,155.75,182854.0
12:07,156.15,156.27,156.01,156.07,70474.0
12:08,156.22,156.24,156.1,156.17,63095.0
12:09,156.17,156.29,156.16,156.23,45648.0
12:10,156.16,156.18,156.0,156.17,59044.0
12:11,156.27,156.34,156.15,156.15,72648.0
12:12,156.25,156.27,156.14,156.24,34037.0
12:13,156.16,156.26,156.13,156.23,40075.0
12:14,156.29,156.33,156.15,156.19,69453.0
12:15,156.24,156.31,156.14,156.3,47570.0
12:16,156.13,156.34,156.11,156.23,83280.0
12:17,156.1,156.14,155.86,156.14,89137.0
12:18,156.16,156.24,156.12,156.15,52410.0
12:19,156.15,156.22,156.1,156.17,24605.0
12:20,156.26,156.28,156.17,156.17,56445.0
12:21,156.04,156.31,156.02,156.28,52641.0
12:22,156.0,156.05,155.93,156.04,46536.0
12:23,156.09,156.1,155.93,155.98,31876.0
12:24,156.18,156.2,156.05,156.07,32978.0
12:25,156.18,156.31,156.07,156.18,57787.0
12:26,156.31,156.34,156.15,156.16,49794.0
12:27,156.37,156.43,156.28,156.28,64578.0
12:28,156.45,156.66,156.38,156.38,153670.0
12:29,156.55,156.59,156.41,156.47,68144.0
12:30,156.17,156.67,156.17,156.55,87101.0
12:31,156.1,156.39,156.0,156.21,101625.0
12:32,155.81,156.11,155.77,156.08,96946.0
12:33,155.91,155.98,155.76,155.85,59266.0
12:34,155.9,155.95,155.85,155.91,32586.0
12:35,155.96,155.98,155.84,155.94,56539.0
12:36,155.9,155.93,155.75,155.91,97108.0
12:37,155.85,156.0,155.81,155.91,91133.0
12:38,155.82,155.91,155.77,155.87,64511.0
12:39,155.65,155.82,155.63,155.82,79802.0
12:40,155.48,155.68,155.46,155.68,106598.0
12:41,155.6,155.68,155.49,155.49,85092.0
12:42,155.82,155.83,155.59,155.61,80820.0
12:43,155.74,155.85,155.74,155.84,51974.0
12:44,155.85,155.9,155.72,155.74,36588.0
12:45,155.89,155.99,155.81,155.85,55478.0
12:46,155.77,155.95,155.76,155.9,43893.0
12:47,156.04,156.04,155.77,155.79,69121.0
12:48,156.0,156.06,155.86,156.05,68779.0
12:49,156.05,156.1,155.96,156.01,73292.0
12:50,156.0,156.09,155.97,156.07,45994.0
12:51,156.04,156.09,155.92,156.04,82385.0
12:52,155.94,156.05,155.89,156.02,49516.0
12:53,155.93,155.93,155.82,155.91,61629.0
12:54,155.94,156.0,155.9,155.96,35059.0
12:55,155.82,155.98,155.8,155.93,69026.0
12:56,155.84,155.88,155.78,155.83,45996.0
12:57,155.78,155.98,155.78,155.85,67378.0
12:58,155.84,155.87,155.78,155.78,37213.0
12:59,155.78,155.84,155.62,155.84,80879.0
13:00,155.97,155.97,155.75,155.77,82581.0
13:01,156.23,156.25,155.96,155.99,99980.0
13:02,156.15,156.29,156.13,156.25,41557.0
13:03,155.96,156.16,155.93,156.16,66836.0
13:04,155.89,156.01,155.85,155.94,53938.0
13:05,155.92,155.97,155.78,155.89,54737.0
13:06,155.73,155.95,155.65,155.92,95151.0
13:07,155.53,155.79,155.53,155.67,109037.0
13:08,155.65,155.71,155.52,155.53,66203.0
13:09,155.71,155.81,155.65,155.66,72221.0
13:10,155.62,155.71,155.62,155.68,40919.0
13:11,155.79,155.79,155.62,155.64,65451.0
13:12,155.73,155.8,155.68,155.78,54878.0
13:13,155.72,155.78,155.7,155.73,31362.0
13:14,155.71,155.79,155.67,155.73,65484.0
13:15,155.78,155.8,155.65,155.71,57674.0
13:16,155.67,155.79,155.66,155.76,51421.0
13:17,155.65,155.75,155.65,155.68,35896.0
13:18,155.71,155.72,155.62,155.67,55148.0
13:19,155.68,155.74,155.65,155.71,45959.0
13:20,155.6,155.79,155.55,155.73,89946.0
13:21,155.67,155.76,155.59,155.61,75975.0
13:22,155.92,155.95,155.67,155.67,66041.0
13:23,155.73,155.94,155.71,155.93,84921.0
13:24,155.73,155.8,155.71,155.75,54460.0
13:25,155.89,155.92,155.72,155.76,72751.0
13:26,155.85,155.97,155.81,155.88,50607.0
13:27,156.03,156.1,155.81,155.83,129483.0
13:28,156.13,156.2,155.91,156.01,73100.0
13:29,156.24,156.34,156.06,156.12,102515.0
13:30,156.25,156.4,156.21,156.26,96806.0
13:31,156.09,156.24,156.04,156.24,109784.0
13:32,156.23,156.34,156.1,156.1,71412.0
13:33,156.1,156.3,156.1,156.2,33789.0
13:34,156.29,156.3,156.11,156.11,44656.0
13:35,156.62,156.73,156.25,156.25,145992.0
13:36,156.67,156.75,156.59,156.63,66927.0
13:37,156.82,156.82,156.7,156.71,80432.0
13:38,156.86,156.89,156.74,156.8,60956.0
13:39,156.81,156.89,156.75,156.88,68797.0
13:40,156.76,156.89,156.75,156.83,73379.0
13:41,156.85,156.88,156.73,156.76,74623.0
13:42,156.88,156.93,156.77,156.83,72784.0
13:43,156.9,156.93,156.82,156.88,62178.0
13:44,156.95,156.99,156.9,156.92,67049.0
13:45,156.89,156.97,156.89,156.94,53715.0
13:46,156.86,156.93,156.86,156.89,38540.0
13:47,156.65,156.88,156.65,156.88,99064.0
13:48,156.74,156.78,156.64,156.65,70423.0
13:49,156.57,156.76,156.57,156.74,132880.0
13:50,156.74,156.75,156.52,156.55,87165.0
13:51,156.82,156.88,156.71,156.74,59926.0
13:52,156.86,156.92,156.76,156.82,44111.0
13:53,156.88,156.96,156.84,156.88,36671.0
13:54,156.85,156.89,156.76,156.89,53860.0
13:55,156.68,156.86,156.65,156.86,70408.0
13:56,156.7,156.73,156.62,156.68,44341.0
13:57,156.6,156.75,156.57,156.72,50576.0
13:58,156.59,156.64,156.5,156.61,50461.0
13:59,156.64,156.7,156.57,156.6,36898.0
14:00,156.65,156.72,156.6,156.65,69829.0
14:01,156.77,156.8,156.62,156.63,49020.0
14:02,156.81,156.83,156.71,156.79,28466.0
14:03,156.71,156.83,156.61,156.81,47936.0
14:04,156.66,156.73,156.61,156.71,42537.0
14:05,156.55,156.69,156.53,156.66,49711.0
14:06,156.7,156.72,156.55,156.57,62020.0
14:07,156.66,156.72,156.64,156.72,42767.0
14:08,156.56,156.68,156.49,156.66,114451.0
14:09,156.63,156.66,156.56,156.57,39925.0
14:10,156.6,156.65,156.5,156.61,48508.0
14:11,156.79,156.8,156.59,156.59,66238.0
14:12,156.78,156.83,156.75,156.79,54782.0
14:13,156.81,156.85,156.73,156.77,45591.0
14:14,156.8,156.85,156.77,156.82,42668.0
14:15,156.73,156.88,156.66,156.8,61915.0
14:16,156.86,156.87,156.76,156.76,43473.0
14:17,156.84,156.91,156.81,156.84,39318.0
14:18,156.89,156.94,156.83,156.84,51988.0
14:19,156.93,156.95,156.84,156.88,74452.0
14:20,156.85,156.94,156.81,156.94,49718.0
14:21,156.88,156.94,156.85,156.85,61055.0
14:22,156.67,156.85,156.65,156.85,69504.0
14:23,156.7,156.72,156.65,156.67,47610.0
14:24,156.72,156.79,156.69,156.7,62449.0
14:25,156.62,156.73,156.54,156.72,83102.0
14:26,156.64,156.64,156.54,156.63,48069.0
14:27,156.74,156.76,156.63,156.65,54642.0
14:28,156.7,156.76,156.61,156.75,30499.0
14:29,156.75,156.78,156.69,156.69,45328.0
14:30,156.78,156.9,156.76,156.76,66614.0
14:31,156.79,156.82,156.74,156.8,46925.0
14:32,156.72,156.85,156.69,156.78,62613.0
14:33,156.86,156.88,156.68,156.7,53309.0
14:34,157.02,157.11,156.86,156.89,222641.0
14:35,156.97,157.05,156.96,157.01,43437.0
14:36,156.76,156.99,156.75,156.95,57512.0
14:37,156.79,156.87,156.73,156.76,67756.0
14:38,156.7,156.76,156.66,156.75,59124.0
14:39,156.74,156.8,156.66,156.68,49514.0
14:40,156.8,156.81,156.69,156.74,37404.0
14:41,156.82,156.88,156.78,156.8,54514.0
14:42,156.98,157.04,156.85,156.85,135351.0
14:43,157.04,157.08,156.97,156.98,44528.0
14:44,157.08,157.14,157.02,157.04,57187.0
14:45,157.13,157.14,157.05,157.06,47851.0
14:46,157.16,157.26,157.11,157.11,118895.0
14:47,157.29,157.34,157.16,157.16,87936.0
14:48,157.47,157.48,157.29,157.29,123644.0
14:49,157.46,157.54,157.4,157.46,216939.0
14:50,157.63,157.65,157.45,157.45,140943.0
14:51,157.54,157.68,157.46,157.63,112085.0
14:52,157.5,157.63,157.41,157.59,79370.0
14:53,157.66,157.68,157.45,157.45,104528.0
14:54,157.67,157.73,157.63,157.64,63708.0
14:55,157.7,157.77,157.65,157.66,85404.0
14:56,157.67,157.74,157.65,157.7,73751.0
14:57,157.8,157.84,157.65,157.65,87340.0
14:58,157.8,157.83,157.78,157.81,61363.0
14:59,157.87,157.9,157.8,157.82,105930.0
15:00,157.99,158.1,157.83,157.87,296313.0
15:01,158.03,158.09,157.93,157.99,130810.0
15:02,157.97,158.05,157.93,158.02,93864.0
15:03,157.68,157.97,157.68,157.97,173572.0
15:04,157.53,157.7,157.43,157.69,133558.0
15:05,157.69,157.72,157.5,157.55,92601.0
15:06,157.83,157.85,157.68,157.69,119368.0
15:07,157.79,157.87,157.78,157.82,63351.0
15:08,157.84,157.93,157.77,157.78,111788.0
15:09,158.04,158.05,157.85,157.85,83678.0
15:10,158.03,158.07,157.95,158.04,88227.0
15:11,157.68,158.06,157.66,158.02,142267.0
15:12,157.76,157.78,157.7,157.72,58387.0
15:13,157.73,157.78,157.65,157.78,54436.0
15:14,157.57,157.77,157.55,157.73,83575.0
15:15,157.29,157.55,157.2,157.55,134604.0
15:16,157.23,157.38,157.21,157.3,100982.0
15:17,157.29,157.35,157.21,157.23,70831.0
15:18,157.4,157.41,157.24,157.28,83477.0
15:19,157.32,157.4,157.26,157.4,56974.0
15:20,157.36,157.48,157.3,157.32,75305.0
15:21,157.31,157.4,157.28,157.35,87049.0
15:22,157.23,157.39,157.22,157.3,98811.0
15:23,157.27,157.34,157.2,157.22,89538.0
15:24,157.26,157.38,157.22,157.26,64030.0
15:25,157.37,157.37,157.21,157.27,59344.0
15:26,157.35,157.42,157.21,157.35,94954.0
15:27,157.58,157.64,157.35,157.35,176080.0
15:28,157.45,157.59,157.34,157.56,91797.0
15:29,157.42,157.49,157.4,157.46,74490.0
15:30,157.41,157.51,157.4,157.42,80218.0
15:31,157.43,157.53,157.4,157.41,85259.0
15:32,157.51,157.55,157.4,157.42,77033.0
15:33,157.57,157.6,157.47,157.49,61941.0
15:34,157.61,157.63,157.51,157.56,78689.0
15:35,157.78,157.82,157.62,157.62,99901.0
15:36,157.66,157.8,157.6,157.78,77647.0
15:37,157.67,157.68,157.57,157.65,66325.0
15:38,157.71,157.74,157.61,157.67,67425.0
15:39,157.65,157.71,157.57,157.71,92609.0
15:40,157.6,157.65,157.58,157.62,66987.0
15:41,157.61,157.64,157.51,157.58,79139.0
15:42,157.61,157.64,157.55,157.62,49792.0
15:43,157.55,157.63,157.53,157.58,54792.0
15:44,157.64,157.65,157.54,157.55,54888.0
15:45,157.69,157.73,157.61,157.63,104194.0
15:46,157.82,157.83,157.67,157.7,94096.0
15:47,157.76,157.85,157.74,157.84,82070.0
15:48,157.65,157.77,157.6,157.76,67663.0
15:49,157.51,157.65,157.46,157.64,99270.0
15:50,157.46,157.74,157.36,157.55,180556.0
15:51,157.57,157.58,157.43,157.45,111944.0
15:52,157.65,157.7,157.56,157.56,103456.0
15:53,157.72,157.78,157.6,157.67,113676.0
15:54,157.85,157.9,157.55,157.74,247697.0
15:55,158.13,158.16,157.72,157.84,380482.0
15:56,158.14,158.18,158.1,158.12,274266.0
15:57,158.2,158.23,158.09,158.13,409648.0
15:58,158.02,158.2,157.95,158.2,427044.0
15:59,158.11,158.17,158.02,158.02,588153.0
