Time,Close,High,Low,Open,Volume
09:30,154.95,156.38,154.77,156.1,3570075.0
09:31,153.43,155.5,153.3,154.95,939785.0
09:32,152.18,153.5,152.07,153.35,1172171.0
09:33,151.35,152.17,151.23,152.16,1183849.0
09:34,150.98,151.45,150.34,151.39,1268831.0
09:35,151.11,151.79,150.75,151.03,1146125.0
09:36,151.8,151.93,150.9,151.07,715037.0
09:37,151.78,152.13,151.75,152.07,648419.0
09:38,151.94,152.0,151.12,151.77,552714.0
09:39,152.22,152.38,151.7,151.94,519011.0
09:40,151.55,152.23,151.52,152.22,450883.0
09:41,151.76,152.25,151.44,151.54,537551.0
09:42,151.77,151.9,151.57,151.73,302500.0
09:43,151.12,151.83,151.09,151.74,423438.0
09:44,150.6,151.16,150.45,151.14,754474.0
09:45,149.63,150.73,149.6,150.6,1543935.0
09:46,150.25,150.65,149.63,149.63,740871.0
09:47,150.06,150.29,149.81,150.21,473527.0
09:48,149.88,150.12,149.76,150.06,506536.0
09:49,150.46,150.74,149.78,149.78,650669.0
09:50,149.89,150.55,149.81,150.46,427508.0
09:51,149.85,150.0,149.37,149.92,677491.0
09:52,150.2,150.77,149.84,149.84,511873.0
09:53,150.86,150.94,150.15,150.18,374764.0
09:54,151.16,151.29,150.76,150.87,525434.0
09:55,151.18,151.45,150.91,151.17,528627.0
09:56,151.77,151.78,151.2,151.2,480856.0
09:57,152.08,152.14,151.69,151.77,610315.0
09:58,152.69,152.71,152.04,152.06,586234.0
09:59,152.76,152.78,152.5,152.68,579645.0
10:00,152.67,153.3,152.65,152.75,918795.0
10:01,153.42,153.51,152.57,152.67,642049.0
10:02,153.54,153.65,153.23,153.39,526926.0
10:03,153.79,153.89,153.41,153.55,538542.0
10:04,153.98,154.16,153.69,153.79,668304.0
10:05,154.09,154.3,153.81,153.96,615333.0
10:06,153.92,154.21,153.62,154.09,453033.0
10:07,154.1,154.15,153.81,153.93,353104.0
10:08,154.4,154.56,154.09,154.11,745364.0
10:09,154.35,154.68,154.32,154.4,397240.0
10:10,154.42,154.6,154.04,154.37,477341.0
10:11,154.52,154.66,154.26,154.43,394955.0
10:12,154.35,154.75,154.31,154.54,361592.0
10:13,154.29,154.63,154.26,154.36,363577.0
10:14,154.71,154.81,154.22,154.29,526798.0
10:15,154.74,154.88,154.49,154.71,286272.0
10:16,154.4,154.99,154.33,154.74,418324.0
10:17,154.79,154.84,154.41,154.41,279243.0
10:18,154.77,154.96,154.31,154.79,413214.0
10:19,154.31,154.85,154.31,154.74,334202.0
10:20,154.01,154.47,153.98,154.3,495951.0
10:21,154.1,154.44,153.83,154.02,469506.0
10:22,153.98,154.12,153.78,154.09,338377.0
10:23,154.04,154.13,153.75,153.94,292991.0
10:24,153.94,153.96,153.71,153.8,275203.0
10:25,154.29,154.31,153.86,153.91,316193.0
10:26,154.19,154.44,154.04,154.32,252565.0
10:27,153.99,154.32,153.98,154.14,285629.0
10:28,153.52,154.04,153.46,153.99,374756.0
10:29,153.51,153.74,153.43,153.51,252706.0
10:30,153.59,153.66,153.41,153.51,241064.0
10:31,154.0,154.1,153.55,153.6,292308.0
10:32,154.39,154.53,154.02,154.02,300352.0
10:33,154.6,154.6,154.14,154.41,246943.0
10:34,154.38,154.62,154.25,154.58,207141.0
10:35,155.0,155.15,154.4,154.43,442074.0
10:36,154.85,155.16,154.83,155.05,279910.0
10:37,155.05,155.07,154.76,154.85,269253.0
10:38,154.93,155.12,154.85,155.06,201768.0
10:39,154.96,155.2,154.86,154.97,245064.0
10:40,154.91,155.14,154.82,154.98,240253.0
10:41,154.73,154.91,154.7,154.89,180355.0
10:42,154.81,154.87,154.46,154.7,230933.0
10:43,154.81,154.91,154.71,154.81,141222.0
10:44,154.76,154.97,154.71,154.84,155182.0
10:45,154.81,154.96,154.73,154.78,146355.0
10:46,154.93,155.08,154.69,154.81,241262.0
10:47,155.14,155.29,154.93,154.93,314546.0
10:48,155.12,155.18,154.89,155.13,240475.0
10:49,154.71,155.13,154.62,155.12,271181.0
10:50,154.9,154.92,154.7,154.71,192109.0
10:51,155.03,155.09,154.81,154.88,162608.0
10:52,154.6,155.17,154.55,155.03,260229.0
10:53,154.59,154.88,154.44,154.58,311250.0
10:54,154.85,154.91,154.57,154.57,185773.0
10:55,154.92,155.2,154.76,154.8,175683.0
10:56,155.13,155.17,154.89,154.92,154135.0
10:57,155.16,155.23,155.03,155.15,178157.0
10:58,155.2,155.29,155.0,155.18,215582.0
10:59,155.38,155.46,155.14,155.2,270316.0
11:00,155.54,155.63,155.3,155.38,270853.0
11:01,155.54,155.66,155.43,155.55,245848.0
11:02,155.73,155.73,155.49,155.53,162177.0
11:03,155.92,155.98,155.71,155.74,250641.0
11:04,155.84,155.97,155.81,155.94,169085.0
11:05,155.83,156.04,155.8,155.84,294671.0
11:06,155.96,156.08,155.83,155.84,195116.0
11:07,155.98,156.02,155.83,155.96,121580.0
11:08,155.9,156.02,155.73,155.99,172178.0
11:09,155.83,155.92,155.75,155.88,111206.0
11:10,155.95,156.26,155.85,155.85,273016.0
11:11,155.92,155.97,155.73,155.96,214339.0
11:12,155.95,155.99,155.8,155.94,107442.0
11:13,156.07,156.14,155.85,155.93,155057.0
11:14,156.09,156.18,155.99,156.05,146031.0
11:15,156.33,156.45,156.11,156.11,303550.0
11:16,156.24,156.4,156.17,156.34,126496.0
11:17,155.82,156.29,155.78,156.23,259846.0
11:18,155.73,155.85,155.71,155.82,166712.0
11:19,155.61,155.88,155.55,155.72,207835.0
11:20,155.63,155.82,155.52,155.59,200164.0
11:21,156.02,156.06,155.56,155.62,205269.0
11:22,156.19,156.25,155.86,156.01,196425.0
11:23,156.19,156.22,155.93,156.2,198782.0
11:24,156.15,156.32,156.07,156.19,244692.0
11:25,156.48,156.48,156.15,156.16,165943.0
11:26,156.56,156.57,156.45,156.46,218655.0
11:27,156.44,156.59,156.4,156.54,199284.0
11:28,156.52,156.57,156.41,156.42,121760.0
11:29,156.57,156.65,156.45,156.54,160144.0
11:30,156.36,156.61,156.31,156.59,162691.0
11:31,156.87,156.88,156.34,156.36,237128.0
11:32,156.7,156.87,156.7,156.86,144075.0
11:33,156.48,156.72,156.46,156.7,130959.0
11:34,156.41,156.59,156.38,156.51,167034.0
11:35,156.27,156.46,156.26,156.41,139172.0
11:36,156.17,156.47,156.17,156.27,182425.0
11:37,156.11,156.2,156.01,156.18,205740.0
11:38,156.32,156.35,155.98,156.1,213372.0
11:39,156.1,156.34,156.04,156.34,127496.0
11:40,156.13,156.15,156.0,156.08,102521.0
11:41,156.07,156.16,155.99,156.11,88188.0
11:42,155.9,156.15,155.87,156.09,160016.0
11:43,155.81,155.98,155.77,155.9,137545.0
11:44,156.05,156.07,155.68,155.81,221293.0
11:45,155.89,156.03,155.83,156.03,75611.0
11:46,156.02,156.04,155.79,155.89,122914.0
11:47,156.16,156.17,156.0,156.0,148172.0
11:48,156.01,156.19,155.97,156.16,104084.0
11:49,156.33,156.38,155.97,156.01,427483.0
11:50,156.61,156.63,156.28,156.33,174825.0
11:51,156.48,156.59,156.43,156.59,116622.0
11:52,156.62,156.63,156.46,156.49,101504.0
11:53,156.71,156.81,156.56,156.6,136901.0
11:54,156.62,156.73,156.5,156.71,160354.0
11:55,156.48,156.62,156.44,156.62,98017.0
11:56,156.26,156.48,156.16,156.47,167483.0
11:57,156.21,156.29,156.2,156.28,73618.0
11:58,156.2,156.24,156.1,156.2,94100.0
11:59,155.99,156.2,155.98,156.19,118721.0
12:00,156.44,156.53,155.99,155.99,169048.0
12:01,156.36,156.46,156.26,156.44,79725.0
12:02,156.28,156.5,156.22,156.35,101040.0
12:03,156.23,156.44,156.23,156.32,65228.0
12:04,156.16,156.27,156.05,156.22,107225.0
12:05,156.39,156.47,156.15,156.17,107217.0
12:06,156.45,156.56,156.38,156.39,127761.0
12:07,156.64,156.67,156.44,156.45,148978.0
12:08,156.78,156.79,156.61,156.62,98067.0
12:09,156.74,156.94,156.71,156.77,181061.0
12:10,156.83,156.84,156.62,156.73,92397.0
12:11,156.87,156.91,156.74,156.81,106916.0
12:12,156.98,157.04,156.76,156.87,187969.0
12:13,157.02,157.03,156.9,157.0,100496.0
12:14,156.94,157.02,156.9,157.02,115952.0
12:15,156.85,157.02,156.82,156.97,106590.0
12:16,156.98,156.98,156.84,156.86,73663.0
12:17,157.28,157.34,156.98,156.98,257566.0
12:18,157.5,157.54,157.28,157.28,256605.0
12:19,157.36,157.57,157.31,157.5,276033.0
12:20,157.55,157.62,157.35,157.38,195549.0
12:21,157.55,157.66,157.52,157.55,174017.0
12:22,157.55,157.59,157.4,157.56,193819.0
12:23,157.65,157.69,157.47,157.55,166607.0
12:24,157.83,157.85,157.62,157.67,195108.0
12:25,157.6,157.85,157.58,157.81,170126.0
12:26,157.72,157.95,157.61,157.61,156412.0
12:27,157.65,157.71,157.55,157.7,126481.0
12:28,157.6,157.68,157.47,157.65,138312.0
12:29,157.6,157.63,157.52,157.59,98143.0
12:30,157.44,157.57,157.35,157.57,192047.0
12:31,157.3,157.63,157.3,157.44,130170.0
12:32,157.16,157.34,157.07,157.32,180442.0
12:33,157.15,157.18,157.1,157.16,101975.0
12:34,157.13,157.21,157.08,157.15,96668.0
12:35,157.07,157.19,157.01,157.12,155213.0
12:36,157.07,157.09,156.95,157.07,112780.0
12:37,156.95,157.11,156.92,157.06,85336.0
12:38,157.07,157.09,156.93,156.95,95450.0
12:39,157.23,157.27,157.02,157.06,153295.0
12:40,157.26,157.29,157.13,157.23,82684.0
12:41,157.34,157.35,157.13,157.24,108260.0
12:42,157.3,157.44,157.29,157.33,129366.0
12:43,157.5,157.53,157.28,157.32,120477.0
12:44,157.69,157.79,157.45,157.5,151925.0
12:45,157.99,158.05,157.69,157.69,367596.0
12:46,157.95,158.0,157.76,158.0,180908.0
12:47,157.93,158.0,157.81,157.95,126928.0
12:48,158.1,158.15,157.93,157.93,248541.0
12:49,158.12,158.14,158.01,158.09,123330.0
12:50,158.08,158.22,157.95,158.1,161468.0
12:51,158.06,158.17,158.03,158.09,138530.0
12:52,157.92,158.09,157.91,158.05,122541.0
12:53,158.12,158.16,157.89,157.93,149796.0
12:54,157.93,158.12,157.91,158.12,94367.0
12:55,157.78,157.91,157.71,157.91,156225.0
12:56,157.67,157.84,157.65,157.77,112675.0
12:57,157.65,157.72,157.62,157.68,99962.0
12:58,157.74,157.84,157.64,157.65,91177.0
12:59,157.6,157.73,157.58,157.72,116429.0
13:00,157.62,157.77,157.57,157.6,118666.0
13:01,157.29,157.62,157.29,157.62,156794.0
13:02,157.29,157.41,157.27,157.28,134434.0
13:03,157.26,157.37,157.24,157.3,108870.0
13:04,157.04,157.27,157.0,157.25,208697.0
13:05,157.12,157.15,156.98,157.04,146332.0
13:06,157.24,157.24,157.12,157.13,119148.0
13:07,157.34,157.47,157.24,157.24,173161.0
13:08,157.35,157.38,157.3,157.35,76020.0
13:09,157.29,157.37,157.25,157.35,71084.0
13:10,157.23,157.39,157.18,157.29,86175.0
13:11,157.18,157.28,157.16,157.24,75653.0
13:12,157.46,157.47,157.05,157.18,166142.0
13:13,157.51,157.68,157.4,157.48,110842.0
13:14,157.45,157.57,157.43,157.54,78690.0
13:15,157.43,157.48,157.35,157.47,83718.0
13:16,157.65,157.68,157.43,157.43,97379.0
13:17,157.76,157.8,157.59,157.64,110468.0
13:18,157.87,157.92,157.74,157.74,115399.0
13:19,157.91,157.98,157.76,157.92,96453.0
13:20,157.88,157.99,157.87,157.94,91897.0
13:21,157.85,157.95,157.76,157.91,125831.0
13:22,157.84,157.86,157.69,157.86,87584.0
13:23,157.74,157.86,157.7,157.86,69412.0
13:24,157.74,157.88,157.63,157.76,90875.0
13:25,157.64,157.78,157.6,157.74,72059.0
13:26,157.68,157.74,157.61,157.65,87769.0
13:27,157.62,157.83,157.62,157.72,79462.0
13:28,157.63,157.7,157.6,157.62,51669.0
13:29,157.74,157.77,157.55,157.63,97145.0
13:30,157.88,157.9,157.65,157.72,110149.0
13:31,157.81,157.92,157.76,157.9,76969.0
13:32,157.86,157.9,157.79,157.81,43884.0
13:33,157.81,157.9,157.75,157.86,64434.0
13:34,157.59,157.83,157.56,157.82,102517.0
13:35,157.4,157.63,157.39,157.59,138037.0
13:36,157.36,157.43,157.33,157.41,79009.0
13:37,157.43,157.46,157.3,157.36,99809.0
13:38,157.34,157.44,157.32,157.43,69490.0
13:39,157.34,157.46,157.31,157.36,79837.0
13:40,157.25,157.44,157.22,157.36,104933.0
13:41,157.06,157.25,157.05,157.25,169994.0
13:42,157.12,157.17,157.01,157.05,87631.0
13:43,157.22,157.24,157.13,157.13,99225.0
13:44,157.24,157.33,157.2,157.22,92696.0
13:45,157.16,157.3,157.16,157.23,70199.0
13:46,157.15,157.27,157.13,157.18,70219.0
13:47,157.33,157.37,157.12,157.15,90287.0
13:48,157.28,157.35,157.25,157.32,71181.0
13:49,157.32,157.35,157.24,157.29,97640.0
13:50,157.47,157.6,157.32,157.32,119314.0
13:51,157.51,157.56,157.44,157.47,67931.0
13:52,157.58,157.68,157.48,157.54,122988.0
13:53,157.6,157.67,157.52,157.57,52198.0
13:54,157.63,157.74,157.6,157.6,122207.0
13:55,157.47,157.64,157.42,157.64,103566.0
13:56,157.58,157.61,157.43,157.49,111420.0
13:57,157.64,157.73,157.54,157.58,98111.0
13:58,157.56,157.71,157.56,157.65,68452.0
13:59,157.43,157.59,157.42,157.58,80346.0
14:00,157.43,157.53,157.39,157.43,65688.0
14:01,157.71,157.86,157.43,157.45,158944.0
14:02,157.82,157.88,157.71,157.72,109971.0
14:03,157.93,158.03,157.84,157.85,214331.0
14:04,158.02,158.06,157.89,157.93,114074.0
14:05,157.95,158.04,157.92,158.01,91795.0
14:06,157.91,157.98,157.86,157.95,103475.0
14:07,158.09,158.11,157.83,157.89,97678.0
14:08,158.37,158.4,158.09,158.1,222873.0
14:09,158.36,158.45,158.31,158.37,135727.0
14:10,158.52,158.53,158.33,158.36,137699.0
14:11,158.52,158.55,158.38,158.52,158905.0
14:12,158.42,158.58,158.4,158.52,112087.0
14:13,158.43,158.48,158.38,158.43,74031.0
14:14,158.57,158.57,158.4,158.45,86925.0
14:15,158.42,158.58,158.4,158.55,119155.0
14:16,158.36,158.48,158.32,158.41,91069.0
14:17,158.23,158.37,158.21,158.36,106425.0
14:18,158.18,158.27,158.13,158.23,105691.0
14:19,157.95,158.15,157.92,158.15,134054.0
14:20,158.13,158.15,157.91,157.94,114765.0
14:21,158.09,158.12,158.0,158.12,96128.0
14:22,157.9,158.28,157.9,158.07,191850.0
14:23,158.05,158.05,157.9,157.9,85363.0
14:24,157.91,158.18,157.9,158.06,119276.0
14:25,158.0,158.02,157.88,157.9,94816.0
14:26,157.91,158.01,157.91,158.01,56794.0
14:27,158.04,158.08,157.91,157.94,87418.0
14:28,158.07,158.15,158.02,158.04,70672.0
14:29,158.09,158.15,158.03,158.05,56647.0
14:30,158.12,158.22,158.07,158.08,85840.0
14:31,158.11,158.2,158.1,158.13,57945.0
14:32,158.11,158.15,158.05,158.12,62309.0
14:33,158.18,158.22,158.08,158.12,72366.0
14:34,158.19,158.28,158.15,158.16,98462.0
14:35,158.19,158.28,158.16,158.19,47762.0
14:36,158.14,158.23,158.1,158.19,63065.0
14:37,158.3,158.31,158.13,158.15,72338.0
14:38,158.2,158.3,158.17,158.28,71441.0
14:39,158.21,158.31,158.19,158.2,61138.0
14:40,158.22,158.25,158.11,158.2,72341.0
14:41,158.09,158.23,158.07,158.23,83737.0
14:42,158.12,158.21,158.09,158.1,76332.0
14:43,158.21,158.27,158.1,158.15,103029.0
14:44,158.11,158.24,158.1,158.2,63422.0
14:45,158.22,158.26,158.05,158.1,94196.0
14:46,158.27,158.33,158.21,158.23,98330.0
14:47,158.29,158.33,158.2,158.23,73060.0
14:48,158.28,158.37,158.19,158.29,83411.0
14:49,158.34,158.4,158.28,158.29,117206.0
14:50,158.26,158.34,158.05,158.34,141115.0
14:51,158.21,158.27,158.14,158.27,55643.0
14:52,158.12,158.2,158.06,158.2,72110.0
14:53,158.01,158.14,157.96,158.12,94671.0
14:54,157.98,158.07,157.96,157.99,76093.0
14:55,158.02,158.03,157.93,158.01,71787.0
14:56,157.96,158.12,157.93,158.02,127013.0
14:57,158.18,158.19,157.94,157.96,98832.0
14:58,158.08,158.18,158.05,158.18,56582.0
14:59,158.08,158.14,158.0,158.12,69874.0
15:00,158.02,158.14,157.96,158.06,80021.0
15:01,158.08,158.11,158.01,158.02,60970.0
15:02,158.06,158.13,158.03,158.1,56264.0
15:03,158.05,158.13,158.05,158.07,59247.0
15:04,158.1,158.14,158.0,158.06,62297.0
15:05,158.15,158.18,158.05,158.1,79096.0
15:06,158.19,158.3,158.15,158.15,124851.0
15:07,158.18,158.2,158.14,158.2,60819.0
15:08,158.27,158.36,158.16,158.19,135020.0
15:09,158.29,158.36,158.26,158.26,69461.0
15:10,158.21,158.31,158.11,158.29,131529.0
15:11,158.26,158.32,158.18,158.23,71393.0
15:12,158.08,158.28,158.03,158.26,145667.0
15:13,157.99,158.11,157.98,158.06,71061.0
15:14,158.06,158.09,157.97,157.99,106739.0
15:15,157.9,158.06,157.89,158.04,86230.0
15:16,157.66,157.91,157.62,157.89,184767.0
15:17,157.66,157.72,157.58,157.66,126348.0
15:18,157.63,157.68,157.54,157.68,93203.0
15:19,157.62,157.74,157.61,157.64,97775.0
15:20,157.7,157.8,157.61,157.62,106357.0
15:21,157.65,157.7,157.61,157.69,82806.0
15:22,157.64,157.7,157.63,157.65,78470.0
15:23,157.67,157.77,157.62,157.65,85623.0
15:24,157.55,157.67,157.53,157.67,93097.0
15:25,157.63,157.72,157.55,157.56,96319.0
15:26,157.53,157.62,157.46,157.61,103622.0
15:27,157.42,157.57,157.36,157.52,115572.0
15:28,157.51,157.52,157.38,157.43,109295.0
15:29,157.65,157.67,157.42,157.5,137950.0
15:30,157.76,157.8,157.63,157.64,156759.0
15:31,157.63,157.76,157.58,157.76,87603.0
15:32,157.64,157.7,157.6,157.6,62639.0
15:33,157.71,157.73,157.6,157.63,81590.0
15:34,157.68,157.71,157.62,157.7,47745.0
15:35,157.78,157.85,157.68,157.68,124578.0
15:36,157.9,157.96,157.77,157.8,144754.0
15:37,157.87,157.92,157.85,157.9,65212.0
15:38,157.89,157.9,157.82,157.88,60331.0
15:39,157.79,157.89,157.75,157.87,70264.0
15:40,157.76,157.84,157.72,157.78,84073.0
15:41,157.68,157.8,157.65,157.76,114323.0
15:42,157.62,157.69,157.58,157.67,93507.0
15:43,157.62,157.68,157.55,157.63,80122.0
15:44,157.69,157.7,157.59,157.62,99002.0
15:45,157.69,157.69,157.58,157.68,89907.0
15:46,157.64,157.7,157.57,157.69,86681.0
15:47,157.66,157.74,157.62,157.62,85360.0
15:48,157.58,157.69,157.54,157.67,103130.0
15:49,157.66,157.68,157.59,157.59,98379.0
15:50,157.55,157.76,157.46,157.68,1273568.0
15:51,157.44,157.6,157.41,157.56,176929.0
15:52,157.44,157.55,157.35,157.44,216695.0
15:53,157.46,157.5,157.35,157.46,166621.0
15:54,157.39,157.47,157.2,157.45,288707.0
15:55,157.24,157.42,157.24,157.39,201243.0
15:56,157.25,157.32,157.22,157.25,165405.0
15:57,157.2,157.28,157.16,157.26,269919.0
15:58,157.18,157.22,157.14,157.22,351272.0
15:59,157.12,157.21,157.09,157.19,521138.0
