Time,Close,High,Low,Open,Volume
09:30,99.8316,99.8316,99.7773,99.7773,18689
09:31,100.0361,100.0361,99.8316,99.8316,10511
09:32,99.75,100.0361,99.75,100.0361,11775
09:33,99.7878,99.7878,99.75,99.75,16820
09:34,100.0192,100.0192,99.7878,99.7878,13466
09:35,100.0344,100.0344,100.0192,100.0192,4493
09:36,99.864,100.0344,99.864,100.0344,8147
09:37,100.0162,100.0162,99.864,99.864,5054
09:38,99.8776,100.0162,99.8776,100.0162,4718
09:39,99.7536,99.8776,99.7536,99.8776,5203
09:40,99.7568,99.7568,99.7536,99.7536,4357
09:41,99.6463,99.7568,99.6463,99.7568,6393
09:42,99.3774,99.6463,99.3774,99.6463,4619
09:43,99.2037,99.3774,99.2037,99.3774,3408
09:44,99.3284,99.3284,99.2037,99.2037,3544
09:45,99.1886,99.3284,99.1886,99.3284,3169
09:46,99.0307,99.1886,99.0307,99.1886,4457
09:47,98.9644,99.0307,98.9644,99.0307,2280
09:48,98.973,98.973,98.9644,98.9644,2567
09:49,98.5201,98.973,98.5201,98.973,1594
09:50,98.6943,98.6943,98.5201,98.5201,823
09:51,98.8032,98.8032,98.6943,98.6943,2423
09:52,98.644,98.8032,98.644,98.8032,2474
09:53,98.8321,98.8321,98.644,98.644,1331
09:54,98.9084,98.9084,98.8321,98.8321,3691
09:55,98.9276,98.9276,98.9084,98.9084,943
09:56,98.7742,98.9276,98.7742,98.9276,1539
09:57,98.675,98.7742,98.675,98.7742,1363
09:58,98.7046,98.7046,98.675,98.675,2420
09:59,98.6466,98.7046,98.6466,98.7046,2289
10:00,98.4181,98.6466,98.4181,98.6466,1393
10:01,98.3974,98.4181,98.3974,98.4181,1466
10:02,98.8104,98.8104,98.3974,98.3974,912
10:03,99.0778,99.0778,98.8104,98.8104,605
10:04,99.0807,99.0807,99.0778,99.0778,1056
10:05,99.2398,99.2398,99.0807,99.0807,1239
10:06,99.3514,99.3514,99.2398,99.2398,1782
10:07,99.5631,99.5631,99.3514,99.3514,1736
10:08,99.4948,99.5631,99.4948,99.5631,974
10:09,99.5043,99.5043,99.4948,99.4948,992
10:10,99.4552,99.5043,99.4552,99.5043,752
10:11,99.4174,99.4552,99.4174,99.4552,653
10:12,99.5164,99.5164,99.4174,99.4174,585
10:13,99.5321,99.5321,99.5164,99.5164,2120
10:14,99.4631,99.5321,99.4631,99.5321,880
10:15,99.0792,99.4631,99.0792,99.4631,897
10:16,99.0869,99.0869,99.0792,99.0792,668
10:17,99.2699,99.2699,99.0869,99.0869,1365
10:18,99.5098,99.5098,99.2699,99.2699,582
10:19,99.5468,99.5468,99.5098,99.5098,953
10:20,99.5793,99.5793,99.5468,99.5468,746
10:21,99.5958,99.5958,99.5793,99.5793,1171
10:22,99.8627,99.8627,99.5958,99.5958,850
10:23,100.0486,100.0486,99.8627,99.8627,668
10:24,100.1955,100.1955,100.0486,100.0486,1004
10:25,100.1167,100.1955,100.1167,100.1955,1178
10:26,100.2483,100.2483,100.1167,100.1167,1034
10:27,100.0003,100.2483,100.0003,100.2483,1123
10:28,100.1919,100.1919,100.0003,100.0003,805
10:29,100.3816,100.3816,100.1919,100.1919,885
10:30,100.4958,100.4958,100.3816,100.3816,792
10:31,100.1703,100.4958,100.1703,100.4958,885
10:32,100.028,100.1703,100.028,100.1703,753
10:33,100.1787,100.1787,100.028,100.028,544
10:34,100.3167,100.3167,100.1787,100.1787,1068
10:35,100.4574,100.4574,100.3167,100.3167,870
10:36,100.6694,100.6694,100.4574,100.4574,562
10:37,100.3605,100.6694,100.3605,100.6694,1181
10:38,100.2746,100.3605,100.2746,100.3605,726
10:39,100.4571,100.4571,100.2746,100.2746,1020
10:40,100.2275,100.4571,100.2275,100.4571,1297
10:41,100.491,100.491,100.2275,100.2275,1048
10:42,100.2111,100.491,100.2111,100.491,1499
10:43,100.4254,100.4254,100.2111,100.2111,646
10:44,100.3096,100.4254,100.3096,100.4254,1154
10:45,100.1296,100.3096,100.1296,100.3096,785
10:46,99.875,100.1296,99.875,100.1296,735
10:47,99.9214,99.9214,99.875,99.875,815
10:48,99.8978,99.9214,99.8978,99.9214,896
10:49,99.8479,99.8978,99.8479,99.8978,1020
10:50,99.7898,99.8479,99.7898,99.8479,662
10:51,99.8641,99.8641,99.7898,99.7898,1376
10:52,99.6691,99.8641,99.6691,99.8641,1180
10:53,99.9693,99.9693,99.6691,99.6691,580
10:54,99.8651,99.9693,99.8651,99.9693,1695
10:55,99.6897,99.8651,99.6897,99.8651,1958
10:56,99.273,99.6897,99.273,99.6897,1519
10:57,99.3579,99.3579,99.273,99.273,938
10:58,99.5464,99.5464,99.3579,99.3579,684
10:59,99.2962,99.5464,99.2962,99.5464,1453
11:00,99.3389,99.3389,99.2962,99.2962,867
11:01,99.3452,99.3452,99.3389,99.3389,1542
11:02,99.29,99.3452,99.29,99.3452,1077
11:03,99.321,99.321,99.29,99.29,1414
11:04,99.0912,99.321,99.0912,99.321,1135
11:05,98.9489,99.0912,98.9489,99.0912,1285
11:06,99.0044,99.0044,98.9489,98.9489,1004
11:07,99.2531,99.2531,99.0044,99.0044,1883
11:08,99.249,99.2531,99.249,99.2531,1046
11:09,98.9331,99.249,98.9331,99.249,1153
11:10,99.158,99.158,98.9331,98.9331,1949
11:11,99.3687,99.3687,99.158,99.158,620
11:12,99.4481,99.4481,99.3687,99.3687,637
11:13,99.0633,99.4481,99.0633,99.4481,1410
11:14,99.0702,99.0702,99.0633,99.0633,660
11:15,98.8036,99.0702,98.8036,99.0702,1992
11:16,98.91,98.91,98.8036,98.8036,864
11:17,98.745,98.91,98.745,98.91,767
11:18,99.0706,99.0706,98.745,98.745,1977
11:19,99.2656,99.2656,99.0706,99.0706,1690
11:20,99.1573,99.2656,99.1573,99.2656,1939
11:21,99.4261,99.4261,99.1573,99.1573,1379
11:22,99.3019,99.4261,99.3019,99.4261,737
11:23,98.9165,99.3019,98.9165,99.3019,1968
11:24,99.1055,99.1055,98.9165,98.9165,909
11:25,99.2304,99.2304,99.1055,99.1055,1329
11:26,99.1605,99.2304,99.1605,99.2304,1399
11:27,98.9617,99.1605,98.9617,99.1605,947
11:28,98.8023,98.9617,98.8023,98.9617,1243
11:29,98.9682,98.9682,98.8023,98.8023,1387
11:30,98.9764,98.9764,98.9682,98.9682,1143
11:31,98.8385,98.9764,98.8385,98.9764,677
11:32,98.8347,98.8385,98.8347,98.8385,1112
11:33,98.6021,98.8347,98.6021,98.8347,1600
11:34,98.7906,98.7906,98.6021,98.6021,782
11:35,99.0122,99.0122,98.7906,98.7906,948
11:36,98.8844,99.0122,98.8844,99.0122,857
11:37,99.1381,99.1381,98.8844,98.8844,1926
11:38,98.8251,99.1381,98.8251,99.1381,1269
11:39,98.6119,98.8251,98.6119,98.8251,1155
11:40,98.5191,98.6119,98.5191,98.6119,761
11:41,98.4118,98.5191,98.4118,98.5191,1211
11:42,98.4918,98.4918,98.4118,98.4118,787
11:43,98.3783,98.4918,98.3783,98.4918,1011
11:44,98.4526,98.4526,98.3783,98.3783,798
11:45,98.5395,98.5395,98.4526,98.4526,1271
11:46,98.3075,98.5395,98.3075,98.5395,1227
11:47,98.2284,98.3075,98.2284,98.3075,929
11:48,98.1206,98.2284,98.1206,98.2284,1151
11:49,97.9381,98.1206,97.9381,98.1206,679
11:50,98.0771,98.0771,97.9381,97.9381,589
11:51,98.2149,98.2149,98.0771,98.0771,1169
11:52,98.4212,98.4212,98.2149,98.2149,1061
11:53,98.5237,98.5237,98.4212,98.4212,1252
11:54,98.3478,98.5237,98.3478,98.5237,2328
11:55,98.6602,98.6602,98.3478,98.3478,1398
11:56,98.7297,98.7297,98.6602,98.6602,724
11:57,98.9425,98.9425,98.7297,98.7297,1486
11:58,98.7348,98.9425,98.7348,98.9425,627
11:59,98.4959,98.7348,98.4959,98.7348,849
12:00,98.6641,98.6641,98.4959,98.4959,976
12:01,98.4692,98.6641,98.4692,98.6641,1836
12:02,98.2806,98.4692,98.2806,98.4692,768
12:03,98.4689,98.4689,98.2806,98.2806,746
12:04,98.635,98.635,98.4689,98.4689,966
12:05,98.962,98.962,98.635,98.635,790
12:06,99.0945,99.0945,98.962,98.962,1491
12:07,99.3541,99.3541,99.0945,99.0945,682
12:08,99.2465,99.3541,99.2465,99.3541,666
12:09,99.5859,99.5859,99.2465,99.2465,856
12:10,99.6801,99.6801,99.5859,99.5859,838
12:11,99.3218,99.6801,99.3218,99.6801,1982
12:12,99.2094,99.3218,99.2094,99.3218,1400
12:13,99.3493,99.3493,99.2094,99.2094,1032
12:14,99.1539,99.3493,99.1539,99.3493,648
12:15,99.0073,99.1539,99.0073,99.1539,1349
12:16,99.0023,99.0073,99.0023,99.0073,701
12:17,99.1193,99.1193,99.0023,99.0023,578
12:18,99.1786,99.1786,99.1193,99.1193,1524
12:19,99.361,99.361,99.1786,99.1786,1119
12:20,99.4459,99.4459,99.361,99.361,1386
12:21,99.353,99.4459,99.353,99.4459,1120
12:22,99.6522,99.6522,99.353,99.353,1355
12:23,99.7017,99.7017,99.6522,99.6522,794
12:24,99.4557,99.7017,99.4557,99.7017,693
12:25,99.4591,99.4591,99.4557,99.4557,1273
12:26,99.3302,99.4591,99.3302,99.4591,752
12:27,99.7506,99.7506,99.3302,99.3302,783
12:28,99.4997,99.7506,99.4997,99.7506,851
12:29,99.4752,99.4997,99.4752,99.4997,1006
12:30,99.5196,99.5196,99.4752,99.4752,882
12:31,99.6117,99.6117,99.5196,99.5196,614
12:32,99.7167,99.7167,99.6117,99.6117,796
12:33,99.7598,99.7598,99.7167,99.7167,455
12:34,99.9082,99.9082,99.7598,99.7598,1248
12:35,99.7956,99.9082,99.7956,99.9082,567
12:36,99.5777,99.7956,99.5777,99.7956,676
12:37,99.7135,99.7135,99.5777,99.5777,1019
12:38,99.7106,99.7135,99.7106,99.7135,769
12:39,99.9622,99.9622,99.7106,99.7106,1728
12:40,100.3246,100.3246,99.9622,99.9622,632
12:41,100.039,100.3246,100.039,100.3246,1099
12:42,99.8272,100.039,99.8272,100.039,986
12:43,100.2835,100.2835,99.8272,99.8272,661
12:44,100.4171,100.4171,100.2835,100.2835,1204
12:45,100.0481,100.4171,100.0481,100.4171,941
12:46,100.0439,100.0481,100.0439,100.0481,1315
12:47,100.04,100.0439,100.04,100.0439,1339
12:48,99.9616,100.04,99.9616,100.04,2153
12:49,100.086,100.086,99.9616,99.9616,1606
12:50,100.1732,100.1732,100.086,100.086,877
12:51,100.3154,100.3154,100.1732,100.1732,919
12:52,100.4999,100.4999,100.3154,100.3154,1477
12:53,100.6865,100.6865,100.4999,100.4999,1261
12:54,100.5414,100.6865,100.5414,100.6865,1255
12:55,100.6917,100.6917,100.5414,100.5414,564
12:56,100.8395,100.8395,100.6917,100.6917,991
12:57,100.781,100.8395,100.781,100.8395,770
12:58,100.76,100.781,100.76,100.781,1104
12:59,100.5139,100.76,100.5139,100.76,966
13:00,100.5513,100.5513,100.5139,100.5139,1381
13:01,100.8781,100.8781,100.5513,100.5513,1119
13:02,100.8956,100.8956,100.8781,100.8781,1321
13:03,100.6055,100.8956,100.6055,100.8956,848
13:04,100.4013,100.6055,100.4013,100.6055,715
13:05,100.3432,100.4013,100.3432,100.4013,865
13:06,100.8556,100.8556,100.3432,100.3432,994
13:07,100.6111,100.8556,100.6111,100.8556,1144
13:08,100.3867,100.6111,100.3867,100.6111,2228
13:09,100.3534,100.3867,100.3534,100.3867,985
13:10,100.5764,100.5764,100.3534,100.3534,713
13:11,100.8519,100.8519,100.5764,100.5764,885
13:12,100.9348,100.9348,100.8519,100.8519,848
13:13,100.865,100.9348,100.865,100.9348,1186
13:14,100.7413,100.865,100.7413,100.865,579
13:15,100.7306,100.7413,100.7306,100.7413,1023
13:16,100.8693,100.8693,100.7306,100.7306,1057
13:17,100.9169,100.9169,100.8693,100.8693,1086
13:18,101.004,101.004,100.9169,100.9169,809
13:19,100.9077,101.004,100.9077,101.004,919
13:20,101.144,101.144,100.9077,100.9077,604
13:21,101.2018,101.2018,101.144,101.144,840
13:22,101.2855,101.2855,101.2018,101.2018,825
13:23,101.3325,101.3325,101.2855,101.2855,1159
13:24,101.2698,101.3325,101.2698,101.3325,664
13:25,101.3886,101.3886,101.2698,101.2698,1319
13:26,101.2354,101.3886,101.2354,101.3886,1699
13:27,101.1106,101.2354,101.1106,101.2354,480
13:28,101.2183,101.2183,101.1106,101.1106,1163
13:29,100.907,101.2183,100.907,101.2183,1271
13:30,100.7137,100.907,100.7137,100.907,798
13:31,100.4408,100.7137,100.4408,100.7137,869
13:32,100.1956,100.4408,100.1956,100.4408,954
13:33,99.7884,100.1956,99.7884,100.1956,900
13:34,99.7159,99.7884,99.7159,99.7884,896
13:35,99.8621,99.8621,99.7159,99.7159,552
13:36,99.9473,99.9473,99.8621,99.8621,1505
13:37,99.6098,99.9473,99.6098,99.9473,1466
13:38,99.9766,99.9766,99.6098,99.6098,750
13:39,100.0091,100.0091,99.9766,99.9766,595
13:40,99.8156,100.0091,99.8156,100.0091,1203
13:41,99.9272,99.9272,99.8156,99.8156,815
13:42,99.6905,99.9272,99.6905,99.9272,1052
13:43,100.0207,100.0207,99.6905,99.6905,893
13:44,99.9392,100.0207,99.9392,100.0207,1278
13:45,99.9114,99.9392,99.9114,99.9392,1279
13:46,99.887,99.9114,99.887,99.9114,773
13:47,99.8804,99.887,99.8804,99.887,612
13:48,99.7257,99.8804,99.7257,99.8804,571
13:49,100.0713,100.0713,99.7257,99.7257,1242
13:50,100.2279,100.2279,100.0713,100.0713,656
13:51,100.4604,100.4604,100.2279,100.2279,836
13:52,100.465,100.465,100.4604,100.4604,809
13:53,100.4292,100.465,100.4292,100.465,982
13:54,100.1395,100.4292,100.1395,100.4292,503
13:55,100.0775,100.1395,100.0775,100.1395,1069
13:56,99.8325,100.0775,99.8325,100.0775,1204
13:57,99.7079,99.8325,99.7079,99.8325,1032
13:58,99.7628,99.7628,99.7079,99.7079,896
13:59,100.1169,100.1169,99.7628,99.7628,1035
14:00,99.9041,100.1169,99.9041,100.1169,1152
14:01,100.0642,100.0642,99.9041,99.9041,374
14:02,100.532,100.532,100.0642,100.0642,2000
14:03,100.6229,100.6229,100.532,100.532,1148
14:04,100.7894,100.7894,100.6229,100.6229,794
14:05,100.7142,100.7894,100.7142,100.7894,871
14:06,100.6046,100.7142,100.6046,100.7142,1191
14:07,100.3454,100.6046,100.3454,100.6046,960
14:08,100.1721,100.3454,100.1721,100.3454,487
14:09,100.3441,100.3441,100.1721,100.1721,2079
14:10,100.2497,100.3441,100.2497,100.3441,962
14:11,100.1859,100.2497,100.1859,100.2497,1436
14:12,100.0901,100.1859,100.0901,100.1859,782
14:13,100.1086,100.1086,100.0901,100.0901,1724
14:14,100.0497,100.1086,100.0497,100.1086,1107
14:15,100.0569,100.0569,100.0497,100.0497,1241
14:16,100.3441,100.3441,100.0569,100.0569,690
14:17,100.2307,100.3441,100.2307,100.3441,1536
14:18,100.2225,100.2307,100.2225,100.2307,1277
14:19,100.2468,100.2468,100.2225,100.2225,1586
14:20,100.2846,100.2846,100.2468,100.2468,800
14:21,100.3128,100.3128,100.2846,100.2846,843
14:22,100.3249,100.3249,100.3128,100.3128,2263
14:23,100.1548,100.3249,100.1548,100.3249,687
14:24,99.9241,100.1548,99.9241,100.1548,953
14:25,99.8841,99.9241,99.8841,99.9241,1496
14:26,99.867,99.8841,99.867,99.8841,1035
14:27,99.7002,99.867,99.7002,99.867,1230
14:28,99.6227,99.7002,99.6227,99.7002,868
14:29,99.9418,99.9418,99.6227,99.6227,1140
14:30,99.9723,99.9723,99.9418,99.9418,629
14:31,99.8627,99.9723,99.8627,99.9723,1800
14:32,99.8914,99.8914,99.8627,99.8627,959
14:33,99.8856,99.8914,99.8856,99.8914,786
14:34,100.0396,100.0396,99.8856,99.8856,1267
14:35,100.2798,100.2798,100.0396,100.0396,849
14:36,100.1308,100.2798,100.1308,100.2798,623
14:37,100.0547,100.1308,100.0547,100.1308,620
14:38,100.0486,100.0547,100.0486,100.0547,1279
14:39,100.3089,100.3089,100.0486,100.0486,945
14:40,100.1397,100.3089,100.1397,100.3089,954
14:41,100.0172,100.1397,100.0172,100.1397,1466
14:42,99.9379,100.0172,99.9379,100.0172,671
14:43,99.8836,99.9379,99.8836,99.9379,772
14:44,100.095,100.095,99.8836,99.8836,873
14:45,99.8356,100.095,99.8356,100.095,1035
14:46,100.4511,100.4511,99.8356,99.8356,986
14:47,100.3479,100.4511,100.3479,100.4511,904
14:48,100.2711,100.3479,100.2711,100.3479,979
14:49,100.1803,100.2711,100.1803,100.2711,964
14:50,100.2589,100.2589,100.1803,100.1803,776
14:51,100.2709,100.2709,100.2589,100.2589,751
14:52,99.8604,100.2709,99.8604,100.2709,1104
14:53,99.2923,99.8604,99.2923,99.8604,731
14:54,99.2913,99.2923,99.2913,99.2923,665
14:55,99.204,99.2913,99.204,99.2913,898
14:56,98.8968,99.204,98.8968,99.204,949
14:57,98.7702,98.8968,98.7702,98.8968,2234
14:58,99.001,99.001,98.7702,98.7702,782
14:59,99.0122,99.0122,99.001,99.001,1404
15:00,98.8294,99.0122,98.8294,99.0122,1311
15:01,99.117,99.117,98.8294,98.8294,660
15:02,99.2926,99.2926,99.117,99.117,1326
15:03,99.2771,99.2926,99.2771,99.2926,663
15:04,99.4621,99.4621,99.2771,99.2771,394
15:05,99.4276,99.4621,99.4276,99.4621,1255
15:06,99.5917,99.5917,99.4276,99.4276,544
15:07,99.7887,99.7887,99.5917,99.5917,1192
15:08,99.6318,99.7887,99.6318,99.7887,799
15:09,99.4309,99.6318,99.4309,99.6318,1839
15:10,99.2855,99.4309,99.2855,99.4309,1496
15:11,99.2774,99.2855,99.2774,99.2855,875
15:12,99.3256,99.3256,99.2774,99.2774,808
15:13,99.4195,99.4195,99.3256,99.3256,674
15:14,99.4391,99.4391,99.4195,99.4195,891
15:15,99.55,99.55,99.4391,99.4391,948
15:16,99.9419,99.9419,99.55,99.55,926
15:17,99.6943,99.9419,99.6943,99.9419,1122
15:18,99.5844,99.6943,99.5844,99.6943,1314
15:19,99.7497,99.7497,99.5844,99.5844,1223
15:20,99.6632,99.7497,99.6632,99.7497,832
15:21,99.5443,99.6632,99.5443,99.6632,663
15:22,99.8302,99.8302,99.5443,99.5443,1813
15:23,99.9527,99.9527,99.8302,99.8302,888
15:24,100.4177,100.4177,99.9527,99.9527,914
15:25,100.4422,100.4422,100.4177,100.4177,974
15:26,100.4919,100.4919,100.4422,100.4422,622
15:27,100.2202,100.4919,100.2202,100.4919,1030
15:28,100.4111,100.4111,100.2202,100.2202,1054
15:29,100.5489,100.5489,100.4111,100.4111,1597
15:30,100.7803,100.7803,100.5489,100.5489,1689
15:31,100.9395,100.9395,100.7803,100.7803,1361
15:32,100.9666,100.9666,100.9395,100.9395,1956
15:33,100.8856,100.9666,100.8856,100.9666,1643
15:34,101.1002,101.1002,100.8856,100.8856,1506
15:35,101.4488,101.4488,101.1002,101.1002,1671
15:36,101.0246,101.4488,101.0246,101.4488,1543
15:37,100.8874,101.0246,100.8874,101.0246,1505
15:38,100.9018,100.9018,100.8874,100.8874,1656
15:39,100.8097,100.9018,100.8097,100.9018,1288
15:40,100.7037,100.8097,100.7037,100.8097,2246
15:41,100.4157,100.7037,100.4157,100.7037,1518
15:42,100.1955,100.4157,100.1955,100.4157,3096
15:43,100.0212,100.1955,100.0212,100.1955,2244
15:44,99.927,100.0212,99.927,100.0212,2671
15:45,99.944,99.944,99.927,99.927,3354
15:46,99.6367,99.944,99.6367,99.944,3804
15:47,99.877,99.877,99.6367,99.6367,1871
15:48,99.5798,99.877,99.5798,99.877,3277
15:49,99.3043,99.5798,99.3043,99.5798,5216
15:50,99.0685,99.3043,99.0685,99.3043,2268
15:51,99.5494,99.5494,99.0685,99.0685,5160
15:52,99.5305,99.5494,99.5305,99.5494,2200
15:53,99.4344,99.5305,99.4344,99.5305,3711
15:54,99.414,99.4344,99.414,99.4344,5897
15:55,99.1411,99.414,99.1411,99.414,3531
15:56,99.1733,99.1733,99.1411,99.1411,4898
15:57,99.4112,99.4112,99.1733,99.1733,4511
15:58,99.6446,99.6446,99.4112,99.4112,14929
15:59,99.7594,99.7594,99.6446,99.6446,9667
