Time,Close,High,Low,Open,Volume
09:30,99.7411,99.8106,99.7411,99.8106,18689
09:31,99.6015,99.7411,99.6015,99.7411,10511
09:32,99.6709,99.6709,99.6015,99.6015,11775
09:33,99.7571,99.7571,99.6709,99.6709,16820
09:34,99.637,99.7571,99.637,99.7571,13466
09:35,99.3106,99.637,99.3106,99.637,4493
09:36,99.2135,99.3106,99.2135,99.3106,8147
09:37,99.2854,99.2854,99.2135,99.2135,5054
09:38,99.4149,99.4149,99.2854,99.2854,4718
09:39,99.6084,99.6084,99.4149,99.4149,5203
09:40,99.595,99.6084,99.595,99.6084,4357
09:41,99.3338,99.595,99.3338,99.595,6393
09:42,99.339,99.339,99.3338,99.3338,4619
09:43,99.3251,99.339,99.3251,99.339,3408
09:44,99.2912,99.3251,99.2912,99.3251,3544
09:45,99.4554,99.4554,99.2912,99.2912,3169
09:46,99.5792,99.5792,99.4554,99.4554,4457
09:47,99.6687,99.6687,99.5792,99.5792,2280
09:48,99.6081,99.6687,99.6081,99.6687,2567
09:49,99.6397,99.6397,99.6081,99.6081,1594
09:50,99.58,99.6397,99.58,99.6397,823
09:51,99.685,99.685,99.58,99.58,2423
09:52,99.621,99.685,99.621,99.685,2474
09:53,99.4669,99.621,99.4669,99.621,1331
09:54,99.615,99.615,99.4669,99.4669,3691
09:55,99.7183,99.7183,99.615,99.615,943
09:56,99.7104,99.7183,99.7104,99.7183,1539
09:57,99.7003,99.7104,99.7003,99.7104,1363
09:58,99.712,99.712,99.7003,99.7003,2420
09:59,99.8815,99.8815,99.712,99.712,2289
10:00,99.9222,99.9222,99.8815,99.8815,1393
10:01,99.8457,99.9222,99.8457,99.9222,1466
10:02,99.6496,99.8457,99.6496,99.8457,912
10:03,99.6918,99.6918,99.6496,99.6496,605
10:04,99.7863,99.7863,99.6918,99.6918,1056
10:05,99.7831,99.7863,99.7831,99.7863,1239
10:06,100.0068,100.0068,99.7831,99.7831,1782
10:07,99.8783,100.0068,99.8783,100.0068,1736
10:08,99.84,99.8783,99.84,99.8783,974
10:09,100.0142,100.0142,99.84,99.84,992
10:10,100.0276,100.0276,100.0142,100.0142,752
10:11,99.8573,100.0276,99.8573,100.0276,653
10:12,99.8644,99.8644,99.8573,99.8573,585
10:13,99.732,99.8644,99.732,99.8644,2120
10:14,99.6544,99.732,99.6544,99.732,880
10:15,99.7019,99.7019,99.6544,99.6544,897
10:16,99.7509,99.7509,99.7019,99.7019,668
10:17,99.8676,99.8676,99.7509,99.7509,1365
10:18,100.0042,100.0042,99.8676,99.8676,582
10:19,99.9884,100.0042,99.9884,100.0042,953
10:20,100.0256,100.0256,99.9884,99.9884,746
10:21,99.8511,100.0256,99.8511,100.0256,1171
10:22,99.9315,99.9315,99.8511,99.8511,850
10:23,99.8925,99.9315,99.8925,99.9315,668
10:24,99.9088,99.9088,99.8925,99.8925,1004
10:25,99.8809,99.9088,99.8809,99.9088,1178
10:26,99.68,99.8809,99.68,99.8809,1034
10:27,99.6979,99.6979,99.68,99.68,1123
10:28,99.7852,99.7852,99.6979,99.6979,805
10:29,99.984,99.984,99.7852,99.7852,885
10:30,100.0333,100.0333,99.984,99.984,792
10:31,100.0097,100.0333,100.0097,100.0333,885
10:32,99.7871,100.0097,99.7871,100.0097,753
10:33,99.8632,99.8632,99.7871,99.7871,544
10:34,99.965,99.965,99.8632,99.8632,1068
10:35,100.1187,100.1187,99.965,99.965,870
10:36,100.0901,100.1187,100.0901,100.1187,562
10:37,100.0073,100.0901,100.0073,100.0901,1181
10:38,100.0904,100.0904,100.0073,100.0073,726
10:39,100.1093,100.1093,100.0904,100.0904,1020
10:40,100.0875,100.1093,100.0875,100.1093,1297
10:41,100.2163,100.2163,100.0875,100.0875,1048
10:42,100.0884,100.2163,100.0884,100.2163,1499
10:43,99.8254,100.0884,99.8254,100.0884,646
10:44,99.8199,99.8254,99.8199,99.8254,1154
10:45,99.8805,99.8805,99.8199,99.8199,785
10:46,99.8713,99.8805,99.8713,99.8805,735
10:47,99.7797,99.8713,99.7797,99.8713,815
10:48,99.8954,99.8954,99.7797,99.7797,896
10:49,100.1198,100.1198,99.8954,99.8954,1020
10:50,100.2188,100.2188,100.1198,100.1198,662
10:51,100.0255,100.2188,100.0255,100.2188,1376
10:52,99.8908,100.0255,99.8908,100.0255,1180
10:53,99.8403,99.8908,99.8403,99.8908,580
10:54,99.7305,99.8403,99.7305,99.8403,1695
10:55,99.7307,99.7307,99.7305,99.7305,1958
10:56,99.7332,99.7332,99.7307,99.7307,1519
10:57,99.7561,99.7561,99.7332,99.7332,938
10:58,99.7469,99.7561,99.7469,99.7561,684
10:59,99.7296,99.7469,99.7296,99.7469,1453
11:00,99.8655,99.8655,99.7296,99.7296,867
11:01,99.9319,99.9319,99.8655,99.8655,1542
11:02,99.9375,99.9375,99.9319,99.9319,1077
11:03,99.9263,99.9375,99.9263,99.9375,1414
11:04,99.9401,99.9401,99.9263,99.9263,1135
11:05,99.8485,99.9401,99.8485,99.9401,1285
11:06,99.7331,99.8485,99.7331,99.8485,1004
11:07,99.5362,99.7331,99.5362,99.7331,1883
11:08,99.5144,99.5362,99.5144,99.5362,1046
11:09,99.4938,99.5144,99.4938,99.5144,1153
11:10,99.6244,99.6244,99.4938,99.4938,1949
11:11,99.776,99.776,99.6244,99.6244,620
11:12,99.7364,99.776,99.7364,99.776,637
11:13,99.5931,99.7364,99.5931,99.7364,1410
11:14,99.5887,99.5931,99.5887,99.5931,660
11:15,99.4387,99.5887,99.4387,99.5887,1992
11:16,99.5392,99.5392,99.4387,99.4387,864
11:17,99.3891,99.5392,99.3891,99.5392,767
11:18,99.4722,99.4722,99.3891,99.3891,1977
11:19,99.5188,99.5188,99.4722,99.4722,1690
11:20,99.5896,99.5896,99.5188,99.5188,1939
11:21,99.7884,99.7884,99.5896,99.5896,1379
11:22,99.7487,99.7884,99.7487,99.7884,737
11:23,100.1162,100.1162,99.7487,99.7487,1968
11:24,100.1672,100.1672,100.1162,100.1162,909
11:25,100.3374,100.3374,100.1672,100.1672,1329
11:26,100.355,100.355,100.3374,100.3374,1399
11:27,100.3537,100.355,100.3537,100.355,947
11:28,100.2199,100.3537,100.2199,100.3537,1243
11:29,100.2619,100.2619,100.2199,100.2199,1387
11:30,100.2522,100.2619,100.2522,100.2619,1143
11:31,100.182,100.2522,100.182,100.2522,677
11:32,100.4072,100.4072,100.182,100.182,1112
11:33,100.5567,100.5567,100.4072,100.4072,1600
11:34,100.4263,100.5567,100.4263,100.5567,782
11:35,100.3803,100.4263,100.3803,100.4263,948
11:36,100.6476,100.6476,100.3803,100.3803,857
11:37,100.3879,100.6476,100.3879,100.6476,1926
11:38,100.2716,100.3879,100.2716,100.3879,1269
11:39,100.3678,100.3678,100.2716,100.2716,1155
11:40,100.3771,100.3771,100.3678,100.3678,761
11:41,100.4118,100.4118,100.3771,100.3771,1211
11:42,100.4431,100.4431,100.4118,100.4118,787
11:43,100.4624,100.4624,100.4431,100.4431,1011
11:44,100.5481,100.5481,100.4624,100.4624,798
11:45,100.5832,100.5832,100.5481,100.5481,1271
11:46,100.5803,100.5832,100.5803,100.5832,1227
11:47,100.5849,100.5849,100.5803,100.5803,929
11:48,100.6843,100.6843,100.5849,100.5849,1151
11:49,100.6517,100.6843,100.6517,100.6843,679
11:50,100.6535,100.6535,100.6517,100.6517,589
11:51,100.7204,100.7204,100.6535,100.6535,1169
11:52,100.513,100.7204,100.513,100.7204,1061
11:53,100.4038,100.513,100.4038,100.513,1252
11:54,100.1457,100.4038,100.1457,100.4038,2328
11:55,100.1517,100.1517,100.1457,100.1457,1398
11:56,100.1549,100.1549,100.1517,100.1517,724
11:57,100.2923,100.2923,100.1549,100.1549,1486
11:58,100.2847,100.2923,100.2847,100.2923,627
11:59,100.6057,100.6057,100.2847,100.2847,849
12:00,100.5675,100.6057,100.5675,100.6057,976
12:01,100.4905,100.5675,100.4905,100.5675,1836
12:02,100.5562,100.5562,100.4905,100.4905,768
12:03,100.5746,100.5746,100.5562,100.5562,746
12:04,100.8061,100.8061,100.5746,100.5746,966
12:05,100.7979,100.8061,100.7979,100.8061,790
12:06,100.7053,100.7979,100.7053,100.7979,1491
12:07,100.6474,100.7053,100.6474,100.7053,682
12:08,100.705,100.705,100.6474,100.6474,666
12:09,100.7942,100.7942,100.705,100.705,856
12:10,100.7583,100.7942,100.7583,100.7942,838
12:11,100.6085,100.7583,100.6085,100.7583,1982
12:12,100.6163,100.6163,100.6085,100.6085,1400
12:13,100.642,100.642,100.6163,100.6163,1032
12:14,100.459,100.642,100.459,100.642,648
12:15,100.4993,100.4993,100.459,100.459,1349
12:16,100.5757,100.5757,100.4993,100.4993,701
12:17,100.7031,100.7031,100.5757,100.5757,578
12:18,100.5765,100.7031,100.5765,100.7031,1524
12:19,100.5608,100.5765,100.5608,100.5765,1119
12:20,100.8376,100.8376,100.5608,100.5608,1386
12:21,100.9604,100.9604,100.8376,100.8376,1120
12:22,100.9008,100.9604,100.9008,100.9604,1355
12:23,101.1099,101.1099,100.9008,100.9008,794
12:24,101.0385,101.1099,101.0385,101.1099,693
12:25,101.0213,101.0385,101.0213,101.0385,1273
12:26,100.9258,101.0213,100.9258,101.0213,752
12:27,100.9308,100.9308,100.9258,100.9258,783
12:28,100.7362,100.9308,100.7362,100.9308,851
12:29,100.9827,100.9827,100.7362,100.7362,1006
12:30,100.8948,100.9827,100.8948,100.9827,882
12:31,100.8346,100.8948,100.8346,100.8948,614
12:32,100.7167,100.8346,100.7167,100.8346,796
12:33,100.6894,100.7167,100.6894,100.7167,455
12:34,100.588,100.6894,100.588,100.6894,1248
12:35,100.602,100.602,100.588,100.588,567
12:36,100.7828,100.7828,100.602,100.602,676
12:37,100.8136,100.8136,100.7828,100.7828,1019
12:38,100.8695,100.8695,100.8136,100.8136,769
12:39,100.5386,100.8695,100.5386,100.8695,1728
12:40,100.7762,100.7762,100.5386,100.5386,632
12:41,100.7918,100.7918,100.7762,100.7762,1099
12:42,100.7556,100.7918,100.7556,100.7918,986
12:43,100.7853,100.7853,100.7556,100.7556,661
12:44,100.8512,100.8512,100.7853,100.7853,1204
12:45,100.7078,100.8512,100.7078,100.8512,941
12:46,100.6191,100.7078,100.6191,100.7078,1315
12:47,100.5414,100.6191,100.5414,100.6191,1339
12:48,100.5753,100.5753,100.5414,100.5414,2153
12:49,100.6108,100.6108,100.5753,100.5753,1606
12:50,100.8068,100.8068,100.6108,100.6108,877
12:51,100.875,100.875,100.8068,100.8068,919
12:52,100.873,100.875,100.873,100.875,1477
12:53,101.0369,101.0369,100.873,100.873,1261
12:54,101.0906,101.0906,101.0369,101.0369,1255
12:55,100.9944,101.0906,100.9944,101.0906,564
12:56,100.9477,100.9944,100.9477,100.9944,991
12:57,100.8709,100.9477,100.8709,100.9477,770
12:58,100.9019,100.9019,100.8709,100.8709,1104
12:59,101.0787,101.0787,100.9019,100.9019,966
13:00,100.8882,101.0787,100.8882,101.0787,1381
13:01,100.7004,100.8882,100.7004,100.8882,1119
13:02,100.6606,100.7004,100.6606,100.7004,1321
13:03,100.5675,100.6606,100.5675,100.6606,848
13:04,100.6918,100.6918,100.5675,100.5675,715
13:05,100.7361,100.7361,100.6918,100.6918,865
13:06,101.0024,101.0024,100.7361,100.7361,994
13:07,101.1384,101.1384,101.0024,101.0024,1144
13:08,101.0627,101.1384,101.0627,101.1384,2228
13:09,101.0436,101.0627,101.0436,101.0627,985
13:10,101.1314,101.1314,101.0436,101.0436,713
13:11,101.2164,101.2164,101.1314,101.1314,885
13:12,101.1961,101.2164,101.1961,101.2164,848
13:13,101.1526,101.1961,101.1526,101.1961,1186
13:14,101.0593,101.1526,101.0593,101.1526,579
13:15,101.1254,101.1254,101.0593,101.0593,1023
13:16,101.3921,101.3921,101.1254,101.1254,1057
13:17,101.2462,101.3921,101.2462,101.3921,1086
13:18,101.2764,101.2764,101.2462,101.2462,809
13:19,101.2145,101.2764,101.2145,101.2764,919
13:20,101.2691,101.2691,101.2145,101.2145,604
13:21,101.3209,101.3209,101.2691,101.2691,840
13:22,101.4266,101.4266,101.3209,101.3209,825
13:23,101.2302,101.4266,101.2302,101.4266,1159
13:24,101.2699,101.2699,101.2302,101.2302,664
13:25,101.4615,101.4615,101.2699,101.2699,1319
13:26,101.4303,101.4615,101.4303,101.4615,1699
13:27,101.4811,101.4811,101.4303,101.4303,480
13:28,101.592,101.592,101.4811,101.4811,1163
13:29,101.6275,101.6275,101.592,101.592,1271
13:30,101.7728,101.7728,101.6275,101.6275,798
13:31,101.8576,101.8576,101.7728,101.7728,869
13:32,101.9182,101.9182,101.8576,101.8576,954
13:33,101.9481,101.9481,101.9182,101.9182,900
13:34,102.1766,102.1766,101.9481,101.9481,896
13:35,102.0447,102.1766,102.0447,102.1766,552
13:36,101.925,102.0447,101.925,102.0447,1505
13:37,101.6761,101.925,101.6761,101.925,1466
13:38,101.7065,101.7065,101.6761,101.6761,750
13:39,101.6883,101.7065,101.6883,101.7065,595
13:40,101.6297,101.6883,101.6297,101.6883,1203
13:41,101.9904,101.9904,101.6297,101.6297,815
13:42,101.8765,101.9904,101.8765,101.9904,1052
13:43,101.8486,101.8765,101.8486,101.8765,893
13:44,101.805,101.8486,101.805,101.8486,1278
13:45,101.7175,101.805,101.7175,101.805,1279
13:46,101.6536,101.7175,101.6536,101.7175,773
13:47,101.653,101.6536,101.653,101.6536,612
13:48,101.8765,101.8765,101.653,101.653,571
13:49,101.927,101.927,101.8765,101.8765,1242
13:50,102.0692,102.0692,101.927,101.927,656
13:51,101.6232,102.0692,101.6232,102.0692,836
13:52,101.8038,101.8038,101.6232,101.6232,809
13:53,101.9051,101.9051,101.8038,101.8038,982
13:54,102.1226,102.1226,101.9051,101.9051,503
13:55,101.9658,102.1226,101.9658,102.1226,1069
13:56,102.1423,102.1423,101.9658,101.9658,1204
13:57,102.0526,102.1423,102.0526,102.1423,1032
13:58,102.1233,102.1233,102.0526,102.0526,896
13:59,102.1505,102.1505,102.1233,102.1233,1035
14:00,102.3321,102.3321,102.1505,102.1505,1152
14:01,102.1098,102.3321,102.1098,102.3321,374
14:02,102.1726,102.1726,102.1098,102.1098,2000
14:03,102.2489,102.2489,102.1726,102.1726,1148
14:04,102.0902,102.2489,102.0902,102.2489,794
14:05,102.0612,102.0902,102.0612,102.0902,871
14:06,101.8697,102.0612,101.8697,102.0612,1191
14:07,101.8256,101.8697,101.8256,101.8697,960
14:08,101.618,101.8256,101.618,101.8256,487
14:09,101.4485,101.618,101.4485,101.618,2079
14:10,101.3638,101.4485,101.3638,101.4485,962
14:11,101.3965,101.3965,101.3638,101.3638,1436
14:12,101.3902,101.3965,101.3902,101.3965,782
14:13,101.3186,101.3902,101.3186,101.3902,1724
14:14,101.4592,101.4592,101.3186,101.3186,1107
14:15,101.358,101.4592,101.358,101.4592,1241
14:16,101.3682,101.3682,101.358,101.358,690
14:17,101.3869,101.3869,101.3682,101.3682,1536
14:18,101.5814,101.5814,101.3869,101.3869,1277
14:19,101.6864,101.6864,101.5814,101.5814,1586
14:20,101.8227,101.8227,101.6864,101.6864,800
14:21,101.8231,101.8231,101.8227,101.8227,843
14:22,102.0922,102.0922,101.8231,101.8231,2263
14:23,102.0332,102.0922,102.0332,102.0922,687
14:24,102.0176,102.0332,102.0176,102.0332,953
14:25,102.0326,102.0326,102.0176,102.0176,1496
14:26,102.0945,102.0945,102.0326,102.0326,1035
14:27,102.1716,102.1716,102.0945,102.0945,1230
14:28,102.1064,102.1716,102.1064,102.1716,868
14:29,101.9547,102.1064,101.9547,102.1064,1140
14:30,101.9616,101.9616,101.9547,101.9547,629
14:31,101.8719,101.9616,101.8719,101.9616,1800
14:32,101.8541,101.8719,101.8541,101.8719,959
14:33,101.9093,101.9093,101.8541,101.8541,786
14:34,101.7693,101.9093,101.7693,101.9093,1267
14:35,101.8026,101.8026,101.7693,101.7693,849
14:36,101.8106,101.8106,101.8026,101.8026,623
14:37,101.6716,101.8106,101.6716,101.8106,620
14:38,101.6533,101.6716,101.6533,101.6716,1279
14:39,101.8314,101.8314,101.6533,101.6533,945
14:40,101.8254,101.8314,101.8254,101.8314,954
14:41,101.9793,101.9793,101.8254,101.8254,1466
14:42,102.081,102.081,101.9793,101.9793,671
14:43,101.9819,102.081,101.9819,102.081,772
14:44,101.9649,101.9819,101.9649,101.9819,873
14:45,102.0237,102.0237,101.9649,101.9649,1035
14:46,102.0896,102.0896,102.0237,102.0237,986
14:47,102.1066,102.1066,102.0896,102.0896,904
14:48,101.9441,102.1066,101.9441,102.1066,979
14:49,101.8955,101.9441,101.8955,101.9441,964
14:50,101.5859,101.8955,101.5859,101.8955,776
14:51,101.6156,101.6156,101.5859,101.5859,751
14:52,101.716,101.716,101.6156,101.6156,1104
14:53,101.9989,101.9989,101.716,101.716,731
14:54,102.0914,102.0914,101.9989,101.9989,665
14:55,102.103,102.103,102.0914,102.0914,898
14:56,101.9508,102.103,101.9508,102.103,949
14:57,101.7184,101.9508,101.7184,101.9508,2234
14:58,101.4994,101.7184,101.4994,101.7184,782
14:59,101.5894,101.5894,101.4994,101.4994,1404
15:00,101.6414,101.6414,101.5894,101.5894,1311
15:01,102.0471,102.0471,101.6414,101.6414,660
15:02,101.9852,102.0471,101.9852,102.0471,1326
15:03,102.295,102.295,101.9852,101.9852,663
15:04,102.443,102.443,102.295,102.295,394
15:05,102.5955,102.5955,102.443,102.443,1255
15:06,102.4226,102.5955,102.4226,102.5955,544
15:07,102.5698,102.5698,102.4226,102.4226,1192
15:08,102.6235,102.6235,102.5698,102.5698,799
15:09,102.6145,102.6235,102.6145,102.6235,1839
15:10,102.6228,102.6228,102.6145,102.6145,1496
15:11,102.2973,102.6228,102.2973,102.6228,875
15:12,102.2975,102.2975,102.2973,102.2973,808
15:13,102.279,102.2975,102.279,102.2975,674
15:14,102.3313,102.3313,102.279,102.279,891
15:15,102.2565,102.3313,102.2565,102.3313,948
15:16,102.0928,102.2565,102.0928,102.2565,926
15:17,101.8593,102.0928,101.8593,102.0928,1122
15:18,101.8749,101.8749,101.8593,101.8593,1314
15:19,101.9178,101.9178,101.8749,101.8749,1223
15:20,101.7947,101.9178,101.7947,101.9178,832
15:21,101.8749,101.8749,101.7947,101.7947,663
15:22,101.7544,101.8749,101.7544,101.8749,1813
15:23,101.8648,101.8648,101.7544,101.7544,888
15:24,101.9529,101.9529,101.8648,101.8648,914
15:25,102.0455,102.0455,101.9529,101.9529,974
15:26,102.2327,102.2327,102.0455,102.0455,622
15:27,102.349,102.349,102.2327,102.2327,1030
15:28,102.3363,102.349,102.3363,102.349,1054
15:29,102.4224,102.4224,102.3363,102.3363,1597
15:30,102.5675,102.5675,102.4224,102.4224,1689
15:31,102.6438,102.6438,102.5675,102.5675,1361
15:32,102.406,102.6438,102.406,102.6438,1956
15:33,102.4875,102.4875,102.406,102.406,1643
15:34,102.3367,102.4875,102.3367,102.4875,1506
15:35,102.3585,102.3585,102.3367,102.3367,1671
15:36,102.361,102.361,102.3585,102.3585,1543
15:37,102.2263,102.361,102.2263,102.361,1505
15:38,101.9223,102.2263,101.9223,102.2263,1656
15:39,102.073,102.073,101.9223,101.9223,1288
15:40,102.1231,102.1231,102.073,102.073,2246
15:41,102.1252,102.1252,102.1231,102.1231,1518
15:42,102.1395,102.1395,102.1252,102.1252,3096
15:43,102.2511,102.2511,102.1395,102.1395,2244
15:44,102.2585,102.2585,102.2511,102.2511,2671
15:45,102.4291,102.4291,102.2585,102.2585,3354
15:46,102.6862,102.6862,102.4291,102.4291,3804
15:47,102.6004,102.6862,102.6004,102.6862,1871
15:48,102.7384,102.7384,102.6004,102.6004,3277
15:49,102.9117,102.9117,102.7384,102.7384,5216
15:50,102.7997,102.9117,102.7997,102.9117,2268
15:51,102.7004,102.7997,102.7004,102.7997,5160
15:52,102.6991,102.7004,102.6991,102.7004,2200
15:53,102.9209,102.9209,102.6991,102.6991,3711
15:54,103.0793,103.0793,102.9209,102.9209,5897
15:55,103.0821,103.0821,103.0793,103.0793,3531
15:56,103.2174,103.2174,103.0821,103.0821,4898
15:57,103.1856,103.2174,103.1856,103.2174,4511
15:58,103.154,103.1856,103.154,103.1856,14929
15:59,103.4189,103.4189,103.154,103.154,9667
