Time,Close,High,Low,Open,Volume
09:30,99.8717,100.1839,99.8717,100.1839,18689
09:31,99.9563,99.9563,99.8717,99.8717,10511
09:32,99.8506,99.9563,99.8506,99.9563,11775
09:33,100.0246,100.0246,99.8506,99.8506,16820
09:34,100.0723,100.0723,100.0246,100.0246,13466
09:35,100.1841,100.1841,100.0723,100.0723,4493
09:36,99.9488,100.1841,99.9488,100.1841,8147
09:37,99.6799,99.9488,99.6799,99.9488,5054
09:38,99.6513,99.6799,99.6513,99.6799,4718
09:39,99.8105,99.8105,99.6513,99.6513,5203
09:40,99.7523,99.8105,99.7523,99.8105,4357
09:41,99.797,99.797,99.7523,99.7523,6393
09:42,99.7163,99.797,99.7163,99.797,4619
09:43,99.6458,99.7163,99.6458,99.7163,3408
09:44,99.8644,99.8644,99.6458,99.6458,3544
09:45,99.7414,99.8644,99.7414,99.8644,3169
09:46,99.912,99.912,99.7414,99.7414,4457
09:47,99.8758,99.912,99.8758,99.912,2280
09:48,99.9072,99.9072,99.8758,99.8758,2567
09:49,99.9058,99.9072,99.9058,99.9072,1594
09:50,99.7085,99.9058,99.7085,99.9058,823
09:51,99.8772,99.8772,99.7085,99.7085,2423
09:52,99.9286,99.9286,99.8772,99.8772,2474
09:53,99.9544,99.9544,99.9286,99.9286,1331
09:54,99.7311,99.9544,99.7311,99.9544,3691
09:55,99.9094,99.9094,99.7311,99.7311,943
09:56,99.7462,99.9094,99.7462,99.9094,1539
09:57,99.709,99.7462,99.709,99.7462,1363
09:58,99.8362,99.8362,99.709,99.709,2420
09:59,99.8937,99.8937,99.8362,99.8362,2289
10:00,100.1125,100.1125,99.8937,99.8937,1393
10:01,99.9728,100.1125,99.9728,100.1125,1466
10:02,100.0609,100.0609,99.9728,99.9728,912
10:03,99.8111,100.0609,99.8111,100.0609,605
10:04,99.8193,99.8193,99.8111,99.8111,1056
10:05,99.9221,99.9221,99.8193,99.8193,1239
10:06,99.905,99.9221,99.905,99.9221,1782
10:07,99.7941,99.905,99.7941,99.905,1736
10:08,99.6254,99.7941,99.6254,99.7941,974
10:09,99.6345,99.6345,99.6254,99.6254,992
10:10,99.3539,99.6345,99.3539,99.6345,752
10:11,99.3645,99.3645,99.3539,99.3539,653
10:12,99.1641,99.3645,99.1641,99.3645,585
10:13,99.2677,99.2677,99.1641,99.1641,2120
10:14,99.4135,99.4135,99.2677,99.2677,880
10:15,99.1716,99.4135,99.1716,99.4135,897
10:16,99.0734,99.1716,99.0734,99.1716,668
10:17,99.0989,99.0989,99.0734,99.0734,1365
10:18,99.0721,99.0989,99.0721,99.0989,582
10:19,98.9733,99.0721,98.9733,99.0721,953
10:20,99.078,99.078,98.9733,98.9733,746
10:21,99.1393,99.1393,99.078,99.078,1171
10:22,99.0891,99.1393,99.0891,99.1393,850
10:23,99.0768,99.0891,99.0768,99.0891,668
10:24,99.1685,99.1685,99.0768,99.0768,1004
10:25,99.263,99.263,99.1685,99.1685,1178
10:26,98.9638,99.263,98.9638,99.263,1034
10:27,98.9059,98.9638,98.9059,98.9638,1123
10:28,99.0617,99.0617,98.9059,98.9059,805
10:29,99.0335,99.0617,99.0335,99.0617,885
10:30,99.2349,99.2349,99.0335,99.0335,792
10:31,99.2758,99.2758,99.2349,99.2349,885
10:32,99.2729,99.2758,99.2729,99.2758,753
10:33,99.3374,99.3374,99.2729,99.2729,544
10:34,99.4232,99.4232,99.3374,99.3374,1068
10:35,99.6482,99.6482,99.4232,99.4232,870
10:36,99.6461,99.6482,99.6461,99.6482,562
10:37,99.3173,99.6461,99.3173,99.6461,1181
10:38,99.2276,99.3173,99.2276,99.3173,726
10:39,99.4775,99.4775,99.2276,99.2276,1020
10:40,99.4505,99.4775,99.4505,99.4775,1297
10:41,99.5769,99.5769,99.4505,99.4505,1048
10:42,99.8128,99.8128,99.5769,99.5769,1499
10:43,99.7227,99.8128,99.7227,99.8128,646
10:44,99.6858,99.7227,99.6858,99.7227,1154
10:45,99.613,99.6858,99.613,99.6858,785
10:46,99.7198,99.7198,99.613,99.613,735
10:47,99.8478,99.8478,99.7198,99.7198,815
10:48,100.0701,100.0701,99.8478,99.8478,896
10:49,100.257,100.257,100.0701,100.0701,1020
10:50,100.3787,100.3787,100.257,100.257,662
10:51,100.4927,100.4927,100.3787,100.3787,1376
10:52,100.2945,100.4927,100.2945,100.4927,1180
10:53,100.3816,100.3816,100.2945,100.2945,580
10:54,100.3549,100.3816,100.3549,100.3816,1695
10:55,100.4912,100.4912,100.3549,100.3549,1958
10:56,100.3769,100.4912,100.3769,100.4912,1519
10:57,100.3705,100.3769,100.3705,100.3769,938
10:58,100.4057,100.4057,100.3705,100.3705,684
10:59,100.6236,100.6236,100.4057,100.4057,1453
11:00,100.4849,100.6236,100.4849,100.6236,867
11:01,100.5252,100.5252,100.4849,100.4849,1542
11:02,100.6013,100.6013,100.5252,100.5252,1077
11:03,100.2617,100.6013,100.2617,100.6013,1414
11:04,100.4556,100.4556,100.2617,100.2617,1135
11:05,100.6201,100.6201,100.4556,100.4556,1285
11:06,100.4101,100.6201,100.4101,100.6201,1004
11:07,100.1579,100.4101,100.1579,100.4101,1883
11:08,100.0985,100.1579,100.0985,100.1579,1046
11:09,100.0351,100.0985,100.0351,100.0985,1153
11:10,100.139,100.139,100.0351,100.0351,1949
11:11,100.0802,100.139,100.0802,100.139,620
11:12,100.1072,100.1072,100.0802,100.0802,637
11:13,99.9972,100.1072,99.9972,100.1072,1410
11:14,100.0411,100.0411,99.9972,99.9972,660
11:15,100.2331,100.2331,100.0411,100.0411,1992
11:16,100.383,100.383,100.2331,100.2331,864
11:17,99.9799,100.383,99.9799,100.383,767
11:18,100.1582,100.1582,99.9799,99.9799,1977
11:19,100.1845,100.1845,100.1582,100.1582,1690
11:20,100.1319,100.1845,100.1319,100.1845,1939
11:21,100.3196,100.3196,100.1319,100.1319,1379
11:22,100.0775,100.3196,100.0775,100.3196,737
11:23,99.9918,100.0775,99.9918,100.0775,1968
11:24,100.1493,100.1493,99.9918,99.9918,909
11:25,100.1344,100.1493,100.1344,100.1493,1329
11:26,100.293,100.293,100.1344,100.1344,1399
11:27,100.1665,100.293,100.1665,100.293,947
11:28,100.1215,100.1665,100.1215,100.1665,1243
11:29,100.2073,100.2073,100.1215,100.1215,1387
11:30,100.3648,100.3648,100.2073,100.2073,1143
11:31,100.5296,100.5296,100.3648,100.3648,677
11:32,100.35,100.5296,100.35,100.5296,1112
11:33,100.3963,100.3963,100.35,100.35,1600
11:34,100.3701,100.3963,100.3701,100.3963,782
11:35,100.4826,100.4826,100.3701,100.3701,948
11:36,100.4057,100.4826,100.4057,100.4826,857
11:37,100.2998,100.4057,100.2998,100.4057,1926
11:38,100.3249,100.3249,100.2998,100.2998,1269
11:39,100.3497,100.3497,100.3249,100.3249,1155
11:40,100.4329,100.4329,100.3497,100.3497,761
11:41,100.4966,100.4966,100.4329,100.4329,1211
11:42,100.4773,100.4966,100.4773,100.4966,787
11:43,100.2673,100.4773,100.2673,100.4773,1011
11:44,100.2981,100.2981,100.2673,100.2673,798
11:45,100.3276,100.3276,100.2981,100.2981,1271
11:46,100.5022,100.5022,100.3276,100.3276,1227
11:47,100.5578,100.5578,100.5022,100.5022,929
11:48,100.6192,100.6192,100.5578,100.5578,1151
11:49,100.7261,100.7261,100.6192,100.6192,679
11:50,100.6269,100.7261,100.6269,100.7261,589
11:51,100.5708,100.6269,100.5708,100.6269,1169
11:52,100.7728,100.7728,100.5708,100.5708,1061
11:53,100.6527,100.7728,100.6527,100.7728,1252
11:54,100.6652,100.6652,100.6527,100.6527,2328
11:55,100.5898,100.6652,100.5898,100.6652,1398
11:56,100.5469,100.5898,100.5469,100.5898,724
11:57,100.5115,100.5469,100.5115,100.5469,1486
11:58,100.3905,100.5115,100.3905,100.5115,627
11:59,100.394,100.394,100.3905,100.3905,849
12:00,100.385,100.394,100.385,100.394,976
12:01,100.2986,100.385,100.2986,100.385,1836
12:02,99.9883,100.2986,99.9883,100.2986,768
12:03,99.7723,99.9883,99.7723,99.9883,746
12:04,99.7261,99.7723,99.7261,99.7723,966
12:05,99.5022,99.7261,99.5022,99.7261,790
12:06,99.5456,99.5456,99.5022,99.5022,1491
12:07,99.6495,99.6495,99.5456,99.5456,682
12:08,99.8135,99.8135,99.6495,99.6495,666
12:09,99.8724,99.8724,99.8135,99.8135,856
12:10,100.057,100.057,99.8724,99.8724,838
12:11,100.2355,100.2355,100.057,100.057,1982
12:12,100.2667,100.2667,100.2355,100.2355,1400
12:13,100.4935,100.4935,100.2667,100.2667,1032
12:14,100.6455,100.6455,100.4935,100.4935,648
12:15,100.4454,100.6455,100.4454,100.6455,1349
12:16,100.4587,100.4587,100.4454,100.4454,701
12:17,100.5643,100.5643,100.4587,100.4587,578
12:18,100.5936,100.5936,100.5643,100.5643,1524
12:19,100.477,100.5936,100.477,100.5936,1119
12:20,100.4003,100.477,100.4003,100.477,1386
12:21,100.3134,100.4003,100.3134,100.4003,1120
12:22,100.3172,100.3172,100.3134,100.3134,1355
12:23,100.3505,100.3505,100.3172,100.3172,794
12:24,100.1969,100.3505,100.1969,100.3505,693
12:25,100.2199,100.2199,100.1969,100.1969,1273
12:26,100.2909,100.2909,100.2199,100.2199,752
12:27,100.4854,100.4854,100.2909,100.2909,783
12:28,100.6715,100.6715,100.4854,100.4854,851
12:29,100.6263,100.6715,100.6263,100.6715,1006
12:30,100.6094,100.6263,100.6094,100.6263,882
12:31,100.6482,100.6482,100.6094,100.6094,614
12:32,100.7291,100.7291,100.6482,100.6482,796
12:33,100.6996,100.7291,100.6996,100.7291,455
12:34,100.7007,100.7007,100.6996,100.6996,1248
12:35,100.8403,100.8403,100.7007,100.7007,567
12:36,100.9092,100.9092,100.8403,100.8403,676
12:37,100.7783,100.9092,100.7783,100.9092,1019
12:38,100.7,100.7783,100.7,100.7783,769
12:39,100.5894,100.7,100.5894,100.7,1728
12:40,100.674,100.674,100.5894,100.5894,632
12:41,100.7377,100.7377,100.674,100.674,1099
12:42,100.7011,100.7377,100.7011,100.7377,986
12:43,100.7046,100.7046,100.7011,100.7011,661
12:44,100.749,100.749,100.7046,100.7046,1204
12:45,100.691,100.749,100.691,100.749,941
12:46,100.8579,100.8579,100.691,100.691,1315
12:47,100.6712,100.8579,100.6712,100.8579,1339
12:48,100.6164,100.6712,100.6164,100.6712,2153
12:49,100.5651,100.6164,100.5651,100.6164,1606
12:50,100.4914,100.5651,100.4914,100.5651,877
12:51,100.5925,100.5925,100.4914,100.4914,919
12:52,100.6622,100.6622,100.5925,100.5925,1477
12:53,100.6943,100.6943,100.6622,100.6622,1261
12:54,100.5884,100.6943,100.5884,100.6943,1255
12:55,100.6595,100.6595,100.5884,100.5884,564
12:56,100.8657,100.8657,100.6595,100.6595,991
12:57,100.702,100.8657,100.702,100.8657,770
12:58,100.5774,100.702,100.5774,100.702,1104
12:59,100.3926,100.5774,100.3926,100.5774,966
13:00,100.5795,100.5795,100.3926,100.3926,1381
13:01,100.5319,100.5795,100.5319,100.5795,1119
13:02,100.0983,100.5319,100.0983,100.5319,1321
13:03,99.7856,100.0983,99.7856,100.0983,848
13:04,99.9948,99.9948,99.7856,99.7856,715
13:05,99.8453,99.9948,99.8453,99.9948,865
13:06,100.0041,100.0041,99.8453,99.8453,994
13:07,99.8202,100.0041,99.8202,100.0041,1144
13:08,99.7382,99.8202,99.7382,99.8202,2228
13:09,99.6613,99.7382,99.6613,99.7382,985
13:10,99.6825,99.6825,99.6613,99.6613,713
13:11,99.4092,99.6825,99.4092,99.6825,885
13:12,99.385,99.4092,99.385,99.4092,848
13:13,99.4233,99.4233,99.385,99.385,1186
13:14,99.5479,99.5479,99.4233,99.4233,579
13:15,99.4238,99.5479,99.4238,99.5479,1023
13:16,99.4929,99.4929,99.4238,99.4238,1057
13:17,99.5656,99.5656,99.4929,99.4929,1086
13:18,99.4495,99.5656,99.4495,99.5656,809
13:19,99.3674,99.4495,99.3674,99.4495,919
13:20,99.2298,99.3674,99.2298,99.3674,604
13:21,99.1931,99.2298,99.1931,99.2298,840
13:22,99.1756,99.1931,99.1756,99.1931,825
13:23,99.2878,99.2878,99.1756,99.1756,1159
13:24,99.374,99.374,99.2878,99.2878,664
13:25,99.4509,99.4509,99.374,99.374,1319
13:26,99.322,99.4509,99.322,99.4509,1699
13:27,99.267,99.322,99.267,99.322,480
13:28,99.356,99.356,99.267,99.267,1163
13:29,99.4967,99.4967,99.356,99.356,1271
13:30,99.5588,99.5588,99.4967,99.4967,798
13:31,99.5928,99.5928,99.5588,99.5588,869
13:32,99.3755,99.5928,99.3755,99.5928,954
13:33,99.7702,99.7702,99.3755,99.3755,900
13:34,99.8335,99.8335,99.7702,99.7702,896
13:35,99.9454,99.9454,99.8335,99.8335,552
13:36,99.8145,99.9454,99.8145,99.9454,1505
13:37,100.0389,100.0389,99.8145,99.8145,1466
13:38,100.2415,100.2415,100.0389,100.0389,750
13:39,100.2393,100.2415,100.2393,100.2415,595
13:40,100.3295,100.3295,100.2393,100.2393,1203
13:41,100.3588,100.3588,100.3295,100.3295,815
13:42,100.3854,100.3854,100.3588,100.3588,1052
13:43,100.2468,100.3854,100.2468,100.3854,893
13:44,100.3254,100.3254,100.2468,100.2468,1278
13:45,100.3544,100.3544,100.3254,100.3254,1279
13:46,100.1961,100.3544,100.1961,100.3544,773
13:47,100.3986,100.3986,100.1961,100.1961,612
13:48,100.4789,100.4789,100.3986,100.3986,571
13:49,100.5717,100.5717,100.4789,100.4789,1242
13:50,100.6031,100.6031,100.5717,100.5717,656
13:51,100.5509,100.6031,100.5509,100.6031,836
13:52,100.3716,100.5509,100.3716,100.5509,809
13:53,100.4709,100.4709,100.3716,100.3716,982
13:54,100.2853,100.4709,100.2853,100.4709,503
13:55,100.1291,100.2853,100.1291,100.2853,1069
13:56,100.3984,100.3984,100.1291,100.1291,1204
13:57,100.4377,100.4377,100.3984,100.3984,1032
13:58,100.2833,100.4377,100.2833,100.4377,896
13:59,100.1434,100.2833,100.1434,100.2833,1035
14:00,99.9902,100.1434,99.9902,100.1434,1152
14:01,100.1132,100.1132,99.9902,99.9902,374
14:02,100.1366,100.1366,100.1132,100.1132,2000
14:03,100.1753,100.1753,100.1366,100.1366,1148
14:04,100.0145,100.1753,100.0145,100.1753,794
14:05,100.0734,100.0734,100.0145,100.0145,871
14:06,99.932,100.0734,99.932,100.0734,1191
14:07,99.9263,99.932,99.9263,99.932,960
14:08,99.779,99.9263,99.779,99.9263,487
14:09,99.6875,99.779,99.6875,99.779,2079
14:10,99.6294,99.6875,99.6294,99.6875,962
14:11,99.7366,99.7366,99.6294,99.6294,1436
14:12,99.733,99.7366,99.733,99.7366,782
14:13,99.6201,99.733,99.6201,99.733,1724
14:14,99.5564,99.6201,99.5564,99.6201,1107
14:15,99.7151,99.7151,99.5564,99.5564,1241
14:16,99.4663,99.7151,99.4663,99.7151,690
14:17,99.6198,99.6198,99.4663,99.4663,1536
14:18,99.8893,99.8893,99.6198,99.6198,1277
14:19,100.0887,100.0887,99.8893,99.8893,1586
14:20,99.9912,100.0887,99.9912,100.0887,800
14:21,100.0196,100.0196,99.9912,99.9912,843
14:22,100.0807,100.0807,100.0196,100.0196,2263
14:23,99.9165,100.0807,99.9165,100.0807,687
14:24,99.9375,99.9375,99.9165,99.9165,953
14:25,100.1076,100.1076,99.9375,99.9375,1496
14:26,99.7961,100.1076,99.7961,100.1076,1035
14:27,100.0536,100.0536,99.7961,99.7961,1230
14:28,100.3834,100.3834,100.0536,100.0536,868
14:29,100.562,100.562,100.3834,100.3834,1140
14:30,100.401,100.562,100.401,100.562,629
14:31,100.4147,100.4147,100.401,100.401,1800
14:32,100.5702,100.5702,100.4147,100.4147,959
14:33,100.4326,100.5702,100.4326,100.5702,786
14:34,100.2911,100.4326,100.2911,100.4326,1267
14:35,100.3815,100.3815,100.2911,100.2911,849
14:36,100.3932,100.3932,100.3815,100.3815,623
14:37,100.3208,100.3932,100.3208,100.3932,620
14:38,100.1768,100.3208,100.1768,100.3208,1279
14:39,100.2142,100.2142,100.1768,100.1768,945
14:40,100.3951,100.3951,100.2142,100.2142,954
14:41,100.5429,100.5429,100.3951,100.3951,1466
14:42,100.41,100.5429,100.41,100.5429,671
14:43,100.2097,100.41,100.2097,100.41,772
14:44,100.2153,100.2153,100.2097,100.2097,873
14:45,100.1965,100.2153,100.1965,100.2153,1035
14:46,100.3896,100.3896,100.1965,100.1965,986
14:47,100.5026,100.5026,100.3896,100.3896,904
14:48,100.3802,100.5026,100.3802,100.5026,979
14:49,100.3648,100.3802,100.3648,100.3802,964
14:50,100.523,100.523,100.3648,100.3648,776
14:51,100.3886,100.523,100.3886,100.523,751
14:52,100.4445,100.4445,100.3886,100.3886,1104
14:53,100.4204,100.4445,100.4204,100.4445,731
14:54,100.1195,100.4204,100.1195,100.4204,665
14:55,100.0518,100.1195,100.0518,100.1195,898
14:56,100.1466,100.1466,100.0518,100.0518,949
14:57,100.1322,100.1466,100.1322,100.1466,2234
14:58,99.9444,100.1322,99.9444,100.1322,782
14:59,100.0804,100.0804,99.9444,99.9444,1404
15:00,100.0913,100.0913,100.0804,100.0804,1311
15:01,100.265,100.265,100.0913,100.0913,660
15:02,100.3735,100.3735,100.265,100.265,1326
15:03,100.1856,100.3735,100.1856,100.3735,663
15:04,100.2289,100.2289,100.1856,100.1856,394
15:05,100.191,100.2289,100.191,100.2289,1255
15:06,100.1529,100.191,100.1529,100.191,544
15:07,100.2126,100.2126,100.1529,100.1529,1192
15:08,100.2368,100.2368,100.2126,100.2126,799
15:09,100.1935,100.2368,100.1935,100.2368,1839
15:10,100.1629,100.1935,100.1629,100.1935,1496
15:11,100.2096,100.2096,100.1629,100.1629,875
15:12,100.2416,100.2416,100.2096,100.2096,808
15:13,100.3799,100.3799,100.2416,100.2416,674
15:14,100.375,100.3799,100.375,100.3799,891
15:15,100.3156,100.375,100.3156,100.375,948
15:16,100.5253,100.5253,100.3156,100.3156,926
15:17,100.5387,100.5387,100.5253,100.5253,1122
15:18,100.4166,100.5387,100.4166,100.5387,1314
15:19,100.2482,100.4166,100.2482,100.4166,1223
15:20,100.4509,100.4509,100.2482,100.2482,832
15:21,100.3102,100.4509,100.3102,100.4509,663
15:22,100.3366,100.3366,100.3102,100.3102,1813
15:23,100.3674,100.3674,100.3366,100.3366,888
15:24,100.6338,100.6338,100.3674,100.3674,914
15:25,100.6944,100.6944,100.6338,100.6338,974
15:26,100.6395,100.6944,100.6395,100.6944,622
15:27,100.4682,100.6395,100.4682,100.6395,1030
15:28,100.5548,100.5548,100.4682,100.4682,1054
15:29,100.4975,100.5548,100.4975,100.5548,1597
15:30,100.6256,100.6256,100.4975,100.4975,1689
15:31,100.9019,100.9019,100.6256,100.6256,1361
15:32,101.0736,101.0736,100.9019,100.9019,1956
15:33,101.2244,101.2244,101.0736,101.0736,1643
15:34,101.407,101.407,101.2244,101.2244,1506
15:35,101.2413,101.407,101.2413,101.407,1671
15:36,101.3249,101.3249,101.2413,101.2413,1543
15:37,101.1592,101.3249,101.1592,101.3249,1505
15:38,101.057,101.1592,101.057,101.1592,1656
15:39,100.9492,101.057,100.9492,101.057,1288
15:40,101.0674,101.0674,100.9492,100.9492,2246
15:41,100.9748,101.0674,100.9748,101.0674,1518
15:42,100.7777,100.9748,100.7777,100.9748,3096
15:43,100.6152,100.7777,100.6152,100.7777,2244
15:44,100.7576,100.7576,100.6152,100.6152,2671
15:45,100.6473,100.7576,100.6473,100.7576,3354
15:46,100.8842,100.8842,100.6473,100.6473,3804
15:47,100.8244,100.8842,100.8244,100.8842,1871
15:48,100.7978,100.8244,100.7978,100.8244,3277
15:49,100.8899,100.8899,100.7978,100.7978,5216
15:50,101.0127,101.0127,100.8899,100.8899,2268
15:51,101.0291,101.0291,101.0127,101.0127,5160
15:52,101.0543,101.0543,101.0291,101.0291,2200
15:53,101.2448,101.2448,101.0543,101.0543,3711
15:54,101.1802,101.2448,101.1802,101.2448,5897
15:55,101.4677,101.4677,101.1802,101.1802,3531
15:56,101.4283,101.4677,101.4283,101.4677,4898
15:57,101.1308,101.4283,101.1308,101.4283,4511
15:58,101.0981,101.1308,101.0981,101.1308,14929
15:59,101.0834,101.0981,101.0834,101.0981,9667
