Time,Close,High,Low,Open,Volume
09:30,100.0131,100.0131,99.9768,99.9768,18689
09:31,99.967,100.0131,99.967,100.0131,10511
09:32,99.9461,99.967,99.9461,99.967,11775
09:33,99.8599,99.9461,99.8599,99.9461,16820
09:34,100.0207,100.0207,99.8599,99.8599,13466
09:35,100.0075,100.0207,100.0075,100.0207,4493
09:36,100.0474,100.0474,100.0075,100.0075,8147
09:37,100.016,100.0474,100.016,100.0474,5054
09:38,100.0072,100.016,100.0072,100.016,4718
09:39,99.9304,100.0072,99.9304,100.0072,5203
09:40,99.8521,99.9304,99.8521,99.9304,4357
09:41,99.7285,99.8521,99.7285,99.8521,6393
09:42,99.7459,99.7459,99.7285,99.7285,4619
09:43,99.7076,99.7459,99.7076,99.7459,3408
09:44,99.6942,99.7076,99.6942,99.7076,3544
09:45,99.6668,99.6942,99.6668,99.6942,3169
09:46,99.7169,99.7169,99.6668,99.6668,4457
09:47,99.7178,99.7178,99.7169,99.7169,2280
09:48,99.6909,99.7178,99.6909,99.7178,2567
09:49,99.6916,99.6916,99.6909,99.6909,1594
09:50,99.5833,99.6916,99.5833,99.6916,823
09:51,99.4004,99.5833,99.4004,99.5833,2423
09:52,99.3254,99.4004,99.3254,99.4004,2474
09:53,99.3122,99.3254,99.3122,99.3254,1331
09:54,99.291,99.3122,99.291,99.3122,3691
09:55,99.4609,99.4609,99.291,99.291,943
09:56,99.5168,99.5168,99.4609,99.4609,1539
09:57,99.5046,99.5168,99.5046,99.5168,1363
09:58,99.4044,99.5046,99.4044,99.5046,2420
09:59,99.6196,99.6196,99.4044,99.4044,2289
10:00,99.6981,99.6981,99.6196,99.6196,1393
10:01,99.6004,99.6981,99.6004,99.6981,1466
10:02,99.5957,99.6004,99.5957,99.6004,912
10:03,99.5523,99.5957,99.5523,99.5957,605
10:04,99.5771,99.5771,99.5523,99.5523,1056
10:05,99.6139,99.6139,99.5771,99.5771,1239
10:06,99.6004,99.6139,99.6004,99.6139,1782
10:07,99.5573,99.6004,99.5573,99.6004,1736
10:08,99.667,99.667,99.5573,99.5573,974
10:09,99.7339,99.7339,99.667,99.667,992
10:10,99.7562,99.7562,99.7339,99.7339,752
10:11,99.805,99.805,99.7562,99.7562,653
10:12,99.739,99.805,99.739,99.805,585
10:13,99.7151,99.739,99.7151,99.739,2120
10:14,99.5979,99.7151,99.5979,99.7151,880
10:15,99.6713,99.6713,99.5979,99.5979,897
10:16,99.6112,99.6713,99.6112,99.6713,668
10:17,99.576,99.6112,99.576,99.6112,1365
10:18,99.5076,99.576,99.5076,99.576,582
10:19,99.4974,99.5076,99.4974,99.5076,953
10:20,99.4815,99.4974,99.4815,99.4974,746
10:21,99.4412,99.4815,99.4412,99.4815,1171
10:22,99.5812,99.5812,99.4412,99.4412,850
10:23,99.6249,99.6249,99.5812,99.5812,668
10:24,99.6892,99.6892,99.6249,99.6249,1004
10:25,99.5582,99.6892,99.5582,99.6892,1178
10:26,99.4333,99.5582,99.4333,99.5582,1034
10:27,99.4874,99.4874,99.4333,99.4333,1123
10:28,99.4799,99.4874,99.4799,99.4874,805
10:29,99.4264,99.4799,99.4264,99.4799,885
10:30,99.3922,99.4264,99.3922,99.4264,792
10:31,99.5623,99.5623,99.3922,99.3922,885
10:32,99.5846,99.5846,99.5623,99.5623,753
10:33,99.5198,99.5846,99.5198,99.5846,544
10:34,99.6625,99.6625,99.5198,99.5198,1068
10:35,99.7392,99.7392,99.6625,99.6625,870
10:36,99.7745,99.7745,99.7392,99.7392,562
10:37,99.6793,99.7745,99.6793,99.7745,1181
10:38,99.6949,99.6949,99.6793,99.6793,726
10:39,99.6429,99.6949,99.6429,99.6949,1020
10:40,99.773,99.773,99.6429,99.6429,1297
10:41,99.7054,99.773,99.7054,99.773,1048
10:42,99.7032,99.7054,99.7032,99.7054,1499
10:43,99.7384,99.7384,99.7032,99.7032,646
10:44,99.7583,99.7583,99.7384,99.7384,1154
10:45,99.817,99.817,99.7583,99.7583,785
10:46,99.7052,99.817,99.7052,99.817,735
10:47,99.9079,99.9079,99.7052,99.7052,815
10:48,99.967,99.967,99.9079,99.9079,896
10:49,100.0388,100.0388,99.967,99.967,1020
10:50,99.8664,100.0388,99.8664,100.0388,662
10:51,99.8156,99.8664,99.8156,99.8664,1376
10:52,100.0071,100.0071,99.8156,99.8156,1180
10:53,99.9198,100.0071,99.9198,100.0071,580
10:54,99.8693,99.9198,99.8693,99.9198,1695
10:55,99.808,99.8693,99.808,99.8693,1958
10:56,99.7554,99.808,99.7554,99.808,1519
10:57,99.9902,99.9902,99.7554,99.7554,938
10:58,99.9447,99.9902,99.9447,99.9902,684
10:59,99.8679,99.9447,99.8679,99.9447,1453
11:00,99.7555,99.8679,99.7555,99.8679,867
11:01,99.8151,99.8151,99.7555,99.7555,1542
11:02,99.8461,99.8461,99.8151,99.8151,1077
11:03,99.8642,99.8642,99.8461,99.8461,1414
11:04,99.9459,99.9459,99.8642,99.8642,1135
11:05,99.845,99.9459,99.845,99.9459,1285
11:06,99.8137,99.845,99.8137,99.845,1004
11:07,99.7409,99.8137,99.7409,99.8137,1883
11:08,99.6273,99.7409,99.6273,99.7409,1046
11:09,99.8339,99.8339,99.6273,99.6273,1153
11:10,99.723,99.8339,99.723,99.8339,1949
11:11,99.7001,99.723,99.7001,99.723,620
11:12,99.6791,99.7001,99.6791,99.7001,637
11:13,99.7457,99.7457,99.6791,99.6791,1410
11:14,99.8099,99.8099,99.7457,99.7457,660
11:15,99.8801,99.8801,99.8099,99.8099,1992
11:16,99.8517,99.8801,99.8517,99.8801,864
11:17,99.9207,99.9207,99.8517,99.8517,767
11:18,99.9535,99.9535,99.9207,99.9207,1977
11:19,99.9545,99.9545,99.9535,99.9535,1690
11:20,99.8756,99.9545,99.8756,99.9545,1939
11:21,99.9009,99.9009,99.8756,99.8756,1379
11:22,99.88,99.9009,99.88,99.9009,737
11:23,99.8701,99.88,99.8701,99.88,1968
11:24,99.7751,99.8701,99.7751,99.8701,909
11:25,99.8304,99.8304,99.7751,99.7751,1329
11:26,99.7998,99.8304,99.7998,99.8304,1399
11:27,99.7487,99.7998,99.7487,99.7998,947
11:28,99.7221,99.7487,99.7221,99.7487,1243
11:29,99.7175,99.7221,99.7175,99.7221,1387
11:30,99.7068,99.7175,99.7068,99.7175,1143
11:31,99.7105,99.7105,99.7068,99.7068,677
11:32,99.6408,99.7105,99.6408,99.7105,1112
11:33,99.5974,99.6408,99.5974,99.6408,1600
11:34,99.6291,99.6291,99.5974,99.5974,782
11:35,99.5927,99.6291,99.5927,99.6291,948
11:36,99.4867,99.5927,99.4867,99.5927,857
11:37,99.5759,99.5759,99.4867,99.4867,1926
11:38,99.478,99.5759,99.478,99.5759,1269
11:39,99.576,99.576,99.478,99.478,1155
11:40,99.5894,99.5894,99.576,99.576,761
11:41,99.499,99.5894,99.499,99.5894,1211
11:42,99.4816,99.499,99.4816,99.499,787
11:43,99.4217,99.4816,99.4217,99.4816,1011
11:44,99.4135,99.4217,99.4135,99.4217,798
11:45,99.3902,99.4135,99.3902,99.4135,1271
11:46,99.415,99.415,99.3902,99.3902,1227
11:47,99.359,99.415,99.359,99.415,929
11:48,99.4595,99.4595,99.359,99.359,1151
11:49,99.3639,99.4595,99.3639,99.4595,679
11:50,99.492,99.492,99.3639,99.3639,589
11:51,99.4817,99.492,99.4817,99.492,1169
11:52,99.4168,99.4817,99.4168,99.4817,1061
11:53,99.4265,99.4265,99.4168,99.4168,1252
11:54,99.3317,99.4265,99.3317,99.4265,2328
11:55,99.3096,99.3317,99.3096,99.3317,1398
11:56,99.3738,99.3738,99.3096,99.3096,724
11:57,99.4232,99.4232,99.3738,99.3738,1486
11:58,99.6037,99.6037,99.4232,99.4232,627
11:59,99.6978,99.6978,99.6037,99.6037,849
12:00,99.7525,99.7525,99.6978,99.6978,976
12:01,99.7497,99.7525,99.7497,99.7525,1836
12:02,99.7911,99.7911,99.7497,99.7497,768
12:03,99.7544,99.7911,99.7544,99.7911,746
12:04,99.7309,99.7544,99.7309,99.7544,966
12:05,99.7712,99.7712,99.7309,99.7309,790
12:06,99.6906,99.7712,99.6906,99.7712,1491
12:07,99.7578,99.7578,99.6906,99.6906,682
12:08,99.8131,99.8131,99.7578,99.7578,666
12:09,99.8348,99.8348,99.8131,99.8131,856
12:10,99.8215,99.8348,99.8215,99.8348,838
12:11,99.9146,99.9146,99.8215,99.8215,1982
12:12,99.9937,99.9937,99.9146,99.9146,1400
12:13,99.88,99.9937,99.88,99.9937,1032
12:14,99.9393,99.9393,99.88,99.88,648
12:15,99.9036,99.9393,99.9036,99.9393,1349
12:16,99.7846,99.9036,99.7846,99.9036,701
12:17,99.9373,99.9373,99.7846,99.7846,578
12:18,99.8893,99.9373,99.8893,99.9373,1524
12:19,99.714,99.8893,99.714,99.8893,1119
12:20,99.6235,99.714,99.6235,99.714,1386
12:21,99.572,99.6235,99.572,99.6235,1120
12:22,99.5704,99.572,99.5704,99.572,1355
12:23,99.5693,99.5704,99.5693,99.5704,794
12:24,99.5749,99.5749,99.5693,99.5693,693
12:25,99.5651,99.5749,99.5651,99.5749,1273
12:26,99.6646,99.6646,99.5651,99.5651,752
12:27,99.7454,99.7454,99.6646,99.6646,783
12:28,99.777,99.777,99.7454,99.7454,851
12:29,99.7786,99.7786,99.777,99.777,1006
12:30,99.7527,99.7786,99.7527,99.7786,882
12:31,99.7009,99.7527,99.7009,99.7527,614
12:32,99.6038,99.7009,99.6038,99.7009,796
12:33,99.5848,99.6038,99.5848,99.6038,455
12:34,99.6114,99.6114,99.5848,99.5848,1248
12:35,99.6894,99.6894,99.6114,99.6114,567
12:36,99.7179,99.7179,99.6894,99.6894,676
12:37,99.6792,99.7179,99.6792,99.7179,1019
12:38,99.7788,99.7788,99.6792,99.6792,769
12:39,99.777,99.7788,99.777,99.7788,1728
12:40,99.8752,99.8752,99.777,99.777,632
12:41,99.7808,99.8752,99.7808,99.8752,1099
12:42,99.64,99.7808,99.64,99.7808,986
12:43,99.6417,99.6417,99.64,99.64,661
12:44,99.5807,99.6417,99.5807,99.6417,1204
12:45,99.6095,99.6095,99.5807,99.5807,941
12:46,99.3852,99.6095,99.3852,99.6095,1315
12:47,99.4006,99.4006,99.3852,99.3852,1339
12:48,99.3374,99.4006,99.3374,99.4006,2153
12:49,99.3297,99.3374,99.3297,99.3374,1606
12:50,99.3537,99.3537,99.3297,99.3297,877
12:51,99.2865,99.3537,99.2865,99.3537,919
12:52,99.3307,99.3307,99.2865,99.2865,1477
12:53,99.4178,99.4178,99.3307,99.3307,1261
12:54,99.3768,99.4178,99.3768,99.4178,1255
12:55,99.4094,99.4094,99.3768,99.3768,564
12:56,99.4685,99.4685,99.4094,99.4094,991
12:57,99.5914,99.5914,99.4685,99.4685,770
12:58,99.4427,99.5914,99.4427,99.5914,1104
12:59,99.4225,99.4427,99.4225,99.4427,966
13:00,99.3363,99.4225,99.3363,99.4225,1381
13:01,99.4099,99.4099,99.3363,99.3363,1119
13:02,99.3474,99.4099,99.3474,99.4099,1321
13:03,99.423,99.423,99.3474,99.3474,848
13:04,99.3811,99.423,99.3811,99.423,715
13:05,99.3879,99.3879,99.3811,99.3811,865
13:06,99.4259,99.4259,99.3879,99.3879,994
13:07,99.4566,99.4566,99.4259,99.4259,1144
13:08,99.6015,99.6015,99.4566,99.4566,2228
13:09,99.557,99.6015,99.557,99.6015,985
13:10,99.4676,99.557,99.4676,99.557,713
13:11,99.3909,99.4676,99.3909,99.4676,885
13:12,99.3774,99.3909,99.3774,99.3909,848
13:13,99.322,99.3774,99.322,99.3774,1186
13:14,99.323,99.323,99.322,99.322,579
13:15,99.3755,99.3755,99.323,99.323,1023
13:16,99.3095,99.3755,99.3095,99.3755,1057
13:17,99.137,99.3095,99.137,99.3095,1086
13:18,99.0411,99.137,99.0411,99.137,809
13:19,99.1242,99.1242,99.0411,99.0411,919
13:20,99.2266,99.2266,99.1242,99.1242,604
13:21,99.2137,99.2266,99.2137,99.2266,840
13:22,99.2178,99.2178,99.2137,99.2137,825
13:23,99.1343,99.2178,99.1343,99.2178,1159
13:24,98.9723,99.1343,98.9723,99.1343,664
13:25,99.0269,99.0269,98.9723,98.9723,1319
13:26,99.0253,99.0269,99.0253,99.0269,1699
13:27,99.061,99.061,99.0253,99.0253,480
13:28,99.0123,99.061,99.0123,99.061,1163
13:29,99.0072,99.0123,99.0072,99.0123,1271
13:30,99.0844,99.0844,99.0072,99.0072,798
13:31,99.1689,99.1689,99.0844,99.0844,869
13:32,99.1508,99.1689,99.1508,99.1689,954
13:33,99.2253,99.2253,99.1508,99.1508,900
13:34,99.2664,99.2664,99.2253,99.2253,896
13:35,99.1786,99.2664,99.1786,99.2664,552
13:36,99.2847,99.2847,99.1786,99.1786,1505
13:37,99.3088,99.3088,99.2847,99.2847,1466
13:38,99.3355,99.3355,99.3088,99.3088,750
13:39,99.3922,99.3922,99.3355,99.3355,595
13:40,99.4665,99.4665,99.3922,99.3922,1203
13:41,99.4624,99.4665,99.4624,99.4665,815
13:42,99.3646,99.4624,99.3646,99.4624,1052
13:43,99.4732,99.4732,99.3646,99.3646,893
13:44,99.3992,99.4732,99.3992,99.4732,1278
13:45,99.5559,99.5559,99.3992,99.3992,1279
13:46,99.434,99.5559,99.434,99.5559,773
13:47,99.283,99.434,99.283,99.434,612
13:48,99.4399,99.4399,99.283,99.283,571
13:49,99.5025,99.5025,99.4399,99.4399,1242
13:50,99.4897,99.5025,99.4897,99.5025,656
13:51,99.5052,99.5052,99.4897,99.4897,836
13:52,99.603,99.603,99.5052,99.5052,809
13:53,99.5819,99.603,99.5819,99.603,982
13:54,99.5939,99.5939,99.5819,99.5819,503
13:55,99.6446,99.6446,99.5939,99.5939,1069
13:56,99.5765,99.6446,99.5765,99.6446,1204
13:57,99.6138,99.6138,99.5765,99.5765,1032
13:58,99.6696,99.6696,99.6138,99.6138,896
13:59,99.6063,99.6696,99.6063,99.6696,1035
14:00,99.6609,99.6609,99.6063,99.6063,1152
14:01,99.6686,99.6686,99.6609,99.6609,374
14:02,99.6487,99.6686,99.6487,99.6686,2000
14:03,99.574,99.6487,99.574,99.6487,1148
14:04,99.6383,99.6383,99.574,99.574,794
14:05,99.7081,99.7081,99.6383,99.6383,871
14:06,99.7726,99.7726,99.7081,99.7081,1191
14:07,99.7296,99.7726,99.7296,99.7726,960
14:08,99.7927,99.7927,99.7296,99.7296,487
14:09,99.865,99.865,99.7927,99.7927,2079
14:10,99.9755,99.9755,99.865,99.865,962
14:11,99.9656,99.9755,99.9656,99.9755,1436
14:12,99.9289,99.9656,99.9289,99.9656,782
14:13,99.889,99.9289,99.889,99.9289,1724
14:14,100.0607,100.0607,99.889,99.889,1107
14:15,100.1188,100.1188,100.0607,100.0607,1241
14:16,100.1888,100.1888,100.1188,100.1188,690
14:17,100.2765,100.2765,100.1888,100.1888,1536
14:18,100.3317,100.3317,100.2765,100.2765,1277
14:19,100.378,100.378,100.3317,100.3317,1586
14:20,100.2802,100.378,100.2802,100.378,800
14:21,100.209,100.2802,100.209,100.2802,843
14:22,100.1434,100.209,100.1434,100.209,2263
14:23,100.134,100.1434,100.134,100.1434,687
14:24,100.2855,100.2855,100.134,100.134,953
14:25,100.2883,100.2883,100.2855,100.2855,1496
14:26,100.339,100.339,100.2883,100.2883,1035
14:27,100.2944,100.339,100.2944,100.339,1230
14:28,100.2692,100.2944,100.2692,100.2944,868
14:29,100.2103,100.2692,100.2103,100.2692,1140
14:30,100.1048,100.2103,100.1048,100.2103,629
14:31,100.1396,100.1396,100.1048,100.1048,1800
14:32,100.1635,100.1635,100.1396,100.1396,959
14:33,100.1202,100.1635,100.1202,100.1635,786
14:34,99.9922,100.1202,99.9922,100.1202,1267
14:35,100.1001,100.1001,99.9922,99.9922,849
14:36,100.0116,100.1001,100.0116,100.1001,623
14:37,99.9921,100.0116,99.9921,100.0116,620
14:38,99.9787,99.9921,99.9787,99.9921,1279
14:39,99.8581,99.9787,99.8581,99.9787,945
14:40,99.7728,99.8581,99.7728,99.8581,954
14:41,99.8778,99.8778,99.7728,99.7728,1466
14:42,99.7741,99.8778,99.7741,99.8778,671
14:43,99.9023,99.9023,99.7741,99.7741,772
14:44,99.9764,99.9764,99.9023,99.9023,873
14:45,99.968,99.9764,99.968,99.9764,1035
14:46,100.0043,100.0043,99.968,99.968,986
14:47,99.8664,100.0043,99.8664,100.0043,904
14:48,99.739,99.8664,99.739,99.8664,979
14:49,99.7149,99.739,99.7149,99.739,964
14:50,99.7535,99.7535,99.7149,99.7149,776
14:51,99.8036,99.8036,99.7535,99.7535,751
14:52,99.7782,99.8036,99.7782,99.8036,1104
14:53,99.7537,99.7782,99.7537,99.7782,731
14:54,99.7582,99.7582,99.7537,99.7537,665
14:55,99.5928,99.7582,99.5928,99.7582,898
14:56,99.5868,99.5928,99.5868,99.5928,949
14:57,99.5677,99.5868,99.5677,99.5868,2234
14:58,99.4381,99.5677,99.4381,99.5677,782
14:59,99.3288,99.4381,99.3288,99.4381,1404
15:00,99.4211,99.4211,99.3288,99.3288,1311
15:01,99.457,99.457,99.4211,99.4211,660
15:02,99.6042,99.6042,99.457,99.457,1326
15:03,99.536,99.6042,99.536,99.6042,663
15:04,99.5611,99.5611,99.536,99.536,394
15:05,99.5382,99.5611,99.5382,99.5611,1255
15:06,99.4987,99.5382,99.4987,99.5382,544
15:07,99.5884,99.5884,99.4987,99.4987,1192
15:08,99.5963,99.5963,99.5884,99.5884,799
15:09,99.5713,99.5963,99.5713,99.5963,1839
15:10,99.5379,99.5713,99.5379,99.5713,1496
15:11,99.623,99.623,99.5379,99.5379,875
15:12,99.5882,99.623,99.5882,99.623,808
15:13,99.5572,99.5882,99.5572,99.5882,674
15:14,99.5657,99.5657,99.5572,99.5572,891
15:15,99.4659,99.5657,99.4659,99.5657,948
15:16,99.5236,99.5236,99.4659,99.4659,926
15:17,99.5565,99.5565,99.5236,99.5236,1122
15:18,99.6304,99.6304,99.5565,99.5565,1314
15:19,99.5561,99.6304,99.5561,99.6304,1223
15:20,99.6404,99.6404,99.5561,99.5561,832
15:21,99.5368,99.6404,99.5368,99.6404,663
15:22,99.6025,99.6025,99.5368,99.5368,1813
15:23,99.6407,99.6407,99.6025,99.6025,888
15:24,99.6933,99.6933,99.6407,99.6407,914
15:25,99.5714,99.6933,99.5714,99.6933,974
15:26,99.5851,99.5851,99.5714,99.5714,622
15:27,99.5152,99.5851,99.5152,99.5851,1030
15:28,99.5255,99.5255,99.5152,99.5152,1054
15:29,99.501,99.5255,99.501,99.5255,1597
15:30,99.4706,99.501,99.4706,99.501,1689
15:31,99.3127,99.4706,99.3127,99.4706,1361
15:32,99.3357,99.3357,99.3127,99.3127,1956
15:33,99.308,99.3357,99.308,99.3357,1643
15:34,99.4975,99.4975,99.308,99.308,1506
15:35,99.3388,99.4975,99.3388,99.4975,1671
15:36,99.3655,99.3655,99.3388,99.3388,1543
15:37,99.2049,99.3655,99.2049,99.3655,1505
15:38,99.072,99.2049,99.072,99.2049,1656
15:39,99.0415,99.072,99.0415,99.072,1288
15:40,98.933,99.0415,98.933,99.0415,2246
15:41,98.9583,98.9583,98.933,98.933,1518
15:42,98.9861,98.9861,98.9583,98.9583,3096
15:43,99.0916,99.0916,98.9861,98.9861,2244
15:44,99.0829,99.0916,99.0829,99.0916,2671
15:45,99.1038,99.1038,99.0829,99.0829,3354
15:46,98.9844,99.1038,98.9844,99.1038,3804
15:47,99.0132,99.0132,98.9844,98.9844,1871
15:48,99.0845,99.0845,99.0132,99.0132,3277
15:49,99.1251,99.1251,99.0845,99.0845,5216
15:50,99.2071,99.2071,99.1251,99.1251,2268
15:51,99.004,99.2071,99.004,99.2071,5160
15:52,99.0362,99.0362,99.004,99.004,2200
15:53,99.1442,99.1442,99.0362,99.0362,3711
15:54,99.1763,99.1763,99.1442,99.1442,5897
15:55,99.0729,99.1763,99.0729,99.1763,3531
15:56,99.1791,99.1791,99.0729,99.0729,4898
15:57,99.1427,99.1791,99.1427,99.1791,4511
15:58,99.1544,99.1544,99.1427,99.1427,14929
15:59,99.1389,99.1544,99.1389,99.1544,9667
