Time,Close,High,Low,Open,Volume
09:30,100.2374,100.2374,99.9485,99.9485,18689
09:31,100.075,100.2374,100.075,100.2374,10511
09:32,99.9995,100.075,99.9995,100.075,11775
09:33,99.9169,99.9995,99.9169,99.9995,16820
09:34,100.3324,100.3324,99.9169,99.9169,13466
09:35,100.6866,100.6866,100.3324,100.3324,4493
09:36,100.8548,100.8548,100.6866,100.6866,8147
09:37,100.4677,100.8548,100.4677,100.8548,5054
09:38,100.2512,100.4677,100.2512,100.4677,4718
09:39,100.3519,100.3519,100.2512,100.2512,5203
09:40,100.1753,100.3519,100.1753,100.3519,4357
09:41,100.3088,100.3088,100.1753,100.1753,6393
09:42,100.4201,100.4201,100.3088,100.3088,4619
09:43,100.5199,100.5199,100.4201,100.4201,3408
09:44,100.4347,100.5199,100.4347,100.5199,3544
09:45,100.3682,100.4347,100.3682,100.4347,3169
09:46,100.7431,100.7431,100.3682,100.3682,4457
09:47,100.7344,100.7431,100.7344,100.7431,2280
09:48,100.531,100.7344,100.531,100.7344,2567
09:49,100.7857,100.7857,100.531,100.531,1594
09:50,101.1281,101.1281,100.7857,100.7857,823
09:51,101.1515,101.1515,101.1281,101.1281,2423
09:52,101.3162,101.3162,101.1515,101.1515,2474
09:53,101.279,101.3162,101.279,101.3162,1331
09:54,100.9437,101.279,100.9437,101.279,3691
09:55,100.9515,100.9515,100.9437,100.9437,943
09:56,101.2999,101.2999,100.9515,100.9515,1539
09:57,101.4226,101.4226,101.2999,101.2999,1363
09:58,101.2406,101.4226,101.2406,101.4226,2420
09:59,101.0705,101.2406,101.0705,101.2406,2289
10:00,101.0297,101.0705,101.0297,101.0705,1393
10:01,101.0448,101.0448,101.0297,101.0297,1466
10:02,101.1509,101.1509,101.0448,101.0448,912
10:03,100.9505,101.1509,100.9505,101.1509,605
10:04,100.9498,100.9505,100.9498,100.9505,1056
10:05,100.7273,100.9498,100.7273,100.9498,1239
10:06,100.7308,100.7308,100.7273,100.7273,1782
10:07,100.586,100.7308,100.586,100.7308,1736
10:08,100.5629,100.586,100.5629,100.586,974
10:09,100.303,100.5629,100.303,100.5629,992
10:10,100.2607,100.303,100.2607,100.303,752
10:11,100.0629,100.2607,100.0629,100.2607,653
10:12,99.7565,100.0629,99.7565,100.0629,585
10:13,99.9846,99.9846,99.7565,99.7565,2120
10:14,100.2769,100.2769,99.9846,99.9846,880
10:15,100.325,100.325,100.2769,100.2769,897
10:16,100.2805,100.325,100.2805,100.325,668
10:17,100.2427,100.2805,100.2427,100.2805,1365
10:18,100.491,100.491,100.2427,100.2427,582
10:19,100.4204,100.491,100.4204,100.491,953
10:20,100.1236,100.4204,100.1236,100.4204,746
10:21,100.0749,100.1236,100.0749,100.1236,1171
10:22,99.793,100.0749,99.793,100.0749,850
10:23,99.7617,99.793,99.7617,99.793,668
10:24,99.7129,99.7617,99.7129,99.7617,1004
10:25,99.5635,99.7129,99.5635,99.7129,1178
10:26,99.6435,99.6435,99.5635,99.5635,1034
10:27,99.6431,99.6435,99.6431,99.6435,1123
10:28,99.8135,99.8135,99.6431,99.6431,805
10:29,99.6817,99.8135,99.6817,99.8135,885
10:30,99.3848,99.6817,99.3848,99.6817,792
10:31,99.4338,99.4338,99.3848,99.3848,885
10:32,99.3514,99.4338,99.3514,99.4338,753
10:33,99.3067,99.3514,99.3067,99.3514,544
10:34,99.8325,99.8325,99.3067,99.3067,1068
10:35,99.7435,99.8325,99.7435,99.8325,870
10:36,99.7634,99.7634,99.7435,99.7435,562
10:37,99.729,99.7634,99.729,99.7634,1181
10:38,100.1355,100.1355,99.729,99.729,726
10:39,100.2205,100.2205,100.1355,100.1355,1020
10:40,99.9795,100.2205,99.9795,100.2205,1297
10:41,100.0041,100.0041,99.9795,99.9795,1048
10:42,100.0403,100.0403,100.0041,100.0041,1499
10:43,100.168,100.168,100.0403,100.0403,646
10:44,100.0967,100.168,100.0967,100.168,1154
10:45,100.092,100.0967,100.092,100.0967,785
10:46,100.1394,100.1394,100.092,100.092,735
10:47,100.2302,100.2302,100.1394,100.1394,815
10:48,99.988,100.2302,99.988,100.2302,896
10:49,100.3403,100.3403,99.988,99.988,1020
10:50,100.5398,100.5398,100.3403,100.3403,662
10:51,100.7506,100.7506,100.5398,100.5398,1376
10:52,100.9477,100.9477,100.7506,100.7506,1180
10:53,100.8214,100.9477,100.8214,100.9477,580
10:54,100.8845,100.8845,100.8214,100.8214,1695
10:55,100.6302,100.8845,100.6302,100.8845,1958
10:56,100.7046,100.7046,100.6302,100.6302,1519
10:57,100.8243,100.8243,100.7046,100.7046,938
10:58,101.1736,101.1736,100.8243,100.8243,684
10:59,101.2342,101.2342,101.1736,101.1736,1453
11:00,101.2904,101.2904,101.2342,101.2342,867
11:01,101.4505,101.4505,101.2904,101.2904,1542
11:02,101.6238,101.6238,101.4505,101.4505,1077
11:03,101.5697,101.6238,101.5697,101.6238,1414
11:04,101.2947,101.5697,101.2947,101.5697,1135
11:05,101.0286,101.2947,101.0286,101.2947,1285
11:06,101.1185,101.1185,101.0286,101.0286,1004
11:07,101.1251,101.1251,101.1185,101.1185,1883
11:08,101.0285,101.1251,101.0285,101.1251,1046
11:09,100.8048,101.0285,100.8048,101.0285,1153
11:10,100.5951,100.8048,100.5951,100.8048,1949
11:11,100.9314,100.9314,100.5951,100.5951,620
11:12,100.9812,100.9812,100.9314,100.9314,637
11:13,100.6209,100.9812,100.6209,100.9812,1410
11:14,100.22,100.6209,100.22,100.6209,660
11:15,100.1164,100.22,100.1164,100.22,1992
11:16,100.1287,100.1287,100.1164,100.1164,864
11:17,100.1603,100.1603,100.1287,100.1287,767
11:18,99.8901,100.1603,99.8901,100.1603,1977
11:19,99.9678,99.9678,99.8901,99.8901,1690
11:20,100.164,100.164,99.9678,99.9678,1939
11:21,99.9014,100.164,99.9014,100.164,1379
11:22,99.7085,99.9014,99.7085,99.9014,737
11:23,99.8268,99.8268,99.7085,99.7085,1968
11:24,99.9617,99.9617,99.8268,99.8268,909
11:25,100.2102,100.2102,99.9617,99.9617,1329
11:26,100.2587,100.2587,100.2102,100.2102,1399
11:27,100.4971,100.4971,100.2587,100.2587,947
11:28,100.2257,100.4971,100.2257,100.4971,1243
11:29,100.4246,100.4246,100.2257,100.2257,1387
11:30,100.3426,100.4246,100.3426,100.4246,1143
11:31,100.3396,100.3426,100.3396,100.3426,677
11:32,100.8377,100.8377,100.3396,100.3396,1112
11:33,100.8594,100.8594,100.8377,100.8377,1600
11:34,100.8957,100.8957,100.8594,100.8594,782
11:35,100.9926,100.9926,100.8957,100.8957,948
11:36,101.2699,101.2699,100.9926,100.9926,857
11:37,101.3256,101.3256,101.2699,101.2699,1926
11:38,101.1003,101.3256,101.1003,101.3256,1269
11:39,100.7926,101.1003,100.7926,101.1003,1155
11:40,100.7648,100.7926,100.7648,100.7926,761
11:41,100.7948,100.7948,100.7648,100.7648,1211
11:42,100.9775,100.9775,100.7948,100.7948,787
11:43,100.8325,100.9775,100.8325,100.9775,1011
11:44,100.5404,100.8325,100.5404,100.8325,798
11:45,100.824,100.824,100.5404,100.5404,1271
11:46,100.6513,100.824,100.6513,100.824,1227
11:47,100.7242,100.7242,100.6513,100.6513,929
11:48,100.8935,100.8935,100.7242,100.7242,1151
11:49,100.9413,100.9413,100.8935,100.8935,679
11:50,100.871,100.9413,100.871,100.9413,589
11:51,101.0885,101.0885,100.871,100.871,1169
11:52,101.3228,101.3228,101.0885,101.0885,1061
11:53,101.0131,101.3228,101.0131,101.3228,1252
11:54,101.3333,101.3333,101.0131,101.0131,2328
11:55,101.2324,101.3333,101.2324,101.3333,1398
11:56,101.1481,101.2324,101.1481,101.2324,724
11:57,100.9761,101.1481,100.9761,101.1481,1486
11:58,100.9445,100.9761,100.9445,100.9761,627
11:59,101.0412,101.0412,100.9445,100.9445,849
12:00,100.9703,101.0412,100.9703,101.0412,976
12:01,100.749,100.9703,100.749,100.9703,1836
12:02,100.5172,100.749,100.5172,100.749,768
12:03,100.2601,100.5172,100.2601,100.5172,746
12:04,100.1833,100.2601,100.1833,100.2601,966
12:05,100.4772,100.4772,100.1833,100.1833,790
12:06,100.2792,100.4772,100.2792,100.4772,1491
12:07,100.4046,100.4046,100.2792,100.2792,682
12:08,100.3475,100.4046,100.3475,100.4046,666
12:09,100.7216,100.7216,100.3475,100.3475,856
12:10,100.5277,100.7216,100.5277,100.7216,838
12:11,100.2241,100.5277,100.2241,100.5277,1982
12:12,100.2288,100.2288,100.2241,100.2241,1400
12:13,100.2829,100.2829,100.2288,100.2288,1032
12:14,100.4664,100.4664,100.2829,100.2829,648
12:15,100.4308,100.4664,100.4308,100.4664,1349
12:16,100.0868,100.4308,100.0868,100.4308,701
12:17,99.5304,100.0868,99.5304,100.0868,578
12:18,99.4012,99.5304,99.4012,99.5304,1524
12:19,99.2805,99.4012,99.2805,99.4012,1119
12:20,99.1901,99.2805,99.1901,99.2805,1386
12:21,98.942,99.1901,98.942,99.1901,1120
12:22,98.6016,98.942,98.6016,98.942,1355
12:23,98.6319,98.6319,98.6016,98.6016,794
12:24,98.7824,98.7824,98.6319,98.6319,693
12:25,98.6575,98.7824,98.6575,98.7824,1273
12:26,98.9001,98.9001,98.6575,98.6575,752
12:27,98.9522,98.9522,98.9001,98.9001,783
12:28,98.6666,98.9522,98.6666,98.9522,851
12:29,98.5783,98.6666,98.5783,98.6666,1006
12:30,98.5611,98.5783,98.5611,98.5783,882
12:31,98.5508,98.5611,98.5508,98.5611,614
12:32,98.5835,98.5835,98.5508,98.5508,796
12:33,98.9072,98.9072,98.5835,98.5835,455
12:34,98.8134,98.9072,98.8134,98.9072,1248
12:35,98.8487,98.8487,98.8134,98.8134,567
12:36,98.6802,98.8487,98.6802,98.8487,676
12:37,98.4136,98.6802,98.4136,98.6802,1019
12:38,98.4939,98.4939,98.4136,98.4136,769
12:39,98.226,98.4939,98.226,98.4939,1728
12:40,98.3062,98.3062,98.226,98.226,632
12:41,98.3137,98.3137,98.3062,98.3062,1099
12:42,98.1724,98.3137,98.1724,98.3137,986
12:43,98.6193,98.6193,98.1724,98.1724,661
12:44,98.7551,98.7551,98.6193,98.6193,1204
12:45,99.065,99.065,98.7551,98.7551,941
12:46,99.2041,99.2041,99.065,99.065,1315
12:47,99.0723,99.2041,99.0723,99.2041,1339
12:48,98.7822,99.0723,98.7822,99.0723,2153
12:49,99.2025,99.2025,98.7822,98.7822,1606
12:50,99.2397,99.2397,99.2025,99.2025,877
12:51,99.5085,99.5085,99.2397,99.2397,919
12:52,99.6058,99.6058,99.5085,99.5085,1477
12:53,99.891,99.891,99.6058,99.6058,1261
12:54,100.3036,100.3036,99.891,99.891,1255
12:55,99.9413,100.3036,99.9413,100.3036,564
12:56,99.5709,99.9413,99.5709,99.9413,991
12:57,99.3116,99.5709,99.3116,99.5709,770
12:58,99.5235,99.5235,99.3116,99.3116,1104
12:59,99.4865,99.5235,99.4865,99.5235,966
13:00,99.4463,99.4865,99.4463,99.4865,1381
13:01,99.5298,99.5298,99.4463,99.4463,1119
13:02,99.2664,99.5298,99.2664,99.5298,1321
13:03,99.098,99.2664,99.098,99.2664,848
13:04,99.4732,99.4732,99.098,99.098,715
13:05,99.2634,99.4732,99.2634,99.4732,865
13:06,99.0345,99.2634,99.0345,99.2634,994
13:07,98.9368,99.0345,98.9368,99.0345,1144
13:08,99.114,99.114,98.9368,98.9368,2228
13:09,99.0422,99.114,99.0422,99.114,985
13:10,99.4018,99.4018,99.0422,99.0422,713
13:11,99.3826,99.4018,99.3826,99.4018,885
13:12,99.2401,99.3826,99.2401,99.3826,848
13:13,99.1931,99.2401,99.1931,99.2401,1186
13:14,98.9777,99.1931,98.9777,99.1931,579
13:15,99.1217,99.1217,98.9777,98.9777,1023
13:16,98.8654,99.1217,98.8654,99.1217,1057
13:17,98.7457,98.8654,98.7457,98.8654,1086
13:18,98.8704,98.8704,98.7457,98.7457,809
13:19,98.9256,98.9256,98.8704,98.8704,919
13:20,98.9341,98.9341,98.9256,98.9256,604
13:21,98.7341,98.9341,98.7341,98.9341,840
13:22,99.0206,99.0206,98.7341,98.7341,825
13:23,98.9173,99.0206,98.9173,99.0206,1159
13:24,99.0714,99.0714,98.9173,98.9173,664
13:25,99.0834,99.0834,99.0714,99.0714,1319
13:26,98.776,99.0834,98.776,99.0834,1699
13:27,98.5362,98.776,98.5362,98.776,480
13:28,98.7056,98.7056,98.5362,98.5362,1163
13:29,98.5105,98.7056,98.5105,98.7056,1271
13:30,98.4503,98.5105,98.4503,98.5105,798
13:31,98.6523,98.6523,98.4503,98.4503,869
13:32,98.7392,98.7392,98.6523,98.6523,954
13:33,98.6647,98.7392,98.6647,98.7392,900
13:34,98.8569,98.8569,98.6647,98.6647,896
13:35,98.6177,98.8569,98.6177,98.8569,552
13:36,98.5232,98.6177,98.5232,98.6177,1505
13:37,98.8188,98.8188,98.5232,98.5232,1466
13:38,98.9391,98.9391,98.8188,98.8188,750
13:39,99.0133,99.0133,98.9391,98.9391,595
13:40,99.0398,99.0398,99.0133,99.0133,1203
13:41,99.2359,99.2359,99.0398,99.0398,815
13:42,99.1373,99.2359,99.1373,99.2359,1052
13:43,99.3072,99.3072,99.1373,99.1373,893
13:44,99.7213,99.7213,99.3072,99.3072,1278
13:45,99.7288,99.7288,99.7213,99.7213,1279
13:46,100.3152,100.3152,99.7288,99.7288,773
13:47,100.4029,100.4029,100.3152,100.3152,612
13:48,100.3235,100.4029,100.3235,100.4029,571
13:49,100.2501,100.3235,100.2501,100.3235,1242
13:50,99.9365,100.2501,99.9365,100.2501,656
13:51,99.9789,99.9789,99.9365,99.9365,836
13:52,99.7744,99.9789,99.7744,99.9789,809
13:53,100.1578,100.1578,99.7744,99.7744,982
13:54,100.1703,100.1703,100.1578,100.1578,503
13:55,100.1028,100.1703,100.1028,100.1703,1069
13:56,100.3812,100.3812,100.1028,100.1028,1204
13:57,100.4184,100.4184,100.3812,100.3812,1032
13:58,100.2314,100.4184,100.2314,100.4184,896
13:59,100.4425,100.4425,100.2314,100.2314,1035
14:00,100.375,100.4425,100.375,100.4425,1152
14:01,100.4701,100.4701,100.375,100.375,374
14:02,100.5148,100.5148,100.4701,100.4701,2000
14:03,100.8123,100.8123,100.5148,100.5148,1148
14:04,100.8515,100.8515,100.8123,100.8123,794
14:05,101.059,101.059,100.8515,100.8515,871
14:06,100.9552,101.059,100.9552,101.059,1191
14:07,101.0316,101.0316,100.9552,100.9552,960
14:08,101.2076,101.2076,101.0316,101.0316,487
14:09,101.0727,101.2076,101.0727,101.2076,2079
14:10,100.9908,101.0727,100.9908,101.0727,962
14:11,101.0319,101.0319,100.9908,100.9908,1436
14:12,100.7639,101.0319,100.7639,101.0319,782
14:13,100.767,100.767,100.7639,100.7639,1724
14:14,100.6203,100.767,100.6203,100.767,1107
14:15,100.4903,100.6203,100.4903,100.6203,1241
14:16,100.4971,100.4971,100.4903,100.4903,690
14:17,100.5157,100.5157,100.4971,100.4971,1536
14:18,100.5676,100.5676,100.5157,100.5157,1277
14:19,100.5906,100.5906,100.5676,100.5676,1586
14:20,100.6138,100.6138,100.5906,100.5906,800
14:21,100.7821,100.7821,100.6138,100.6138,843
14:22,100.7224,100.7821,100.7224,100.7821,2263
14:23,100.8089,100.8089,100.7224,100.7224,687
14:24,100.7868,100.8089,100.7868,100.8089,953
14:25,100.7887,100.7887,100.7868,100.7868,1496
14:26,100.4246,100.7887,100.4246,100.7887,1035
14:27,100.6545,100.6545,100.4246,100.4246,1230
14:28,100.5452,100.6545,100.5452,100.6545,868
14:29,100.8885,100.8885,100.5452,100.5452,1140
14:30,101.0597,101.0597,100.8885,100.8885,629
14:31,100.9671,101.0597,100.9671,101.0597,1800
14:32,100.5103,100.9671,100.5103,100.9671,959
14:33,100.1578,100.5103,100.1578,100.5103,786
14:34,100.0837,100.1578,100.0837,100.1578,1267
14:35,100.2512,100.2512,100.0837,100.0837,849
14:36,100.1786,100.2512,100.1786,100.2512,623
14:37,100.2082,100.2082,100.1786,100.1786,620
14:38,100.4472,100.4472,100.2082,100.2082,1279
14:39,100.8117,100.8117,100.4472,100.4472,945
14:40,101.0061,101.0061,100.8117,100.8117,954
14:41,100.8569,101.0061,100.8569,101.0061,1466
14:42,101.1112,101.1112,100.8569,100.8569,671
14:43,101.0697,101.1112,101.0697,101.1112,772
14:44,101.3099,101.3099,101.0697,101.0697,873
14:45,101.2579,101.3099,101.2579,101.3099,1035
14:46,101.2132,101.2579,101.2132,101.2579,986
14:47,101.2763,101.2763,101.2132,101.2132,904
14:48,100.979,101.2763,100.979,101.2763,979
14:49,101.1601,101.1601,100.979,100.979,964
14:50,101.2018,101.2018,101.1601,101.1601,776
14:51,101.1168,101.2018,101.1168,101.2018,751
14:52,101.0696,101.1168,101.0696,101.1168,1104
14:53,101.0685,101.0696,101.0685,101.0696,731
14:54,100.9351,101.0685,100.9351,101.0685,665
14:55,101.0443,101.0443,100.9351,100.9351,898
14:56,101.3451,101.3451,101.0443,101.0443,949
14:57,101.297,101.3451,101.297,101.3451,2234
14:58,101.3991,101.3991,101.297,101.297,782
14:59,101.2644,101.3991,101.2644,101.3991,1404
15:00,101.1456,101.2644,101.1456,101.2644,1311
15:01,101.1442,101.1456,101.1442,101.1456,660
15:02,101.207,101.207,101.1442,101.1442,1326
15:03,101.1603,101.207,101.1603,101.207,663
15:04,101.2094,101.2094,101.1603,101.1603,394
15:05,101.1929,101.2094,101.1929,101.2094,1255
15:06,101.0053,101.1929,101.0053,101.1929,544
15:07,100.6391,101.0053,100.6391,101.0053,1192
15:08,100.7837,100.7837,100.6391,100.6391,799
15:09,100.6737,100.7837,100.6737,100.7837,1839
15:10,101.0677,101.0677,100.6737,100.6737,1496
15:11,100.9127,101.0677,100.9127,101.0677,875
15:12,100.6906,100.9127,100.6906,100.9127,808
15:13,100.6222,100.6906,100.6222,100.6906,674
15:14,100.5418,100.6222,100.5418,100.6222,891
15:15,100.6263,100.6263,100.5418,100.5418,948
15:16,100.7294,100.7294,100.6263,100.6263,926
15:17,100.6111,100.7294,100.6111,100.7294,1122
15:18,100.7561,100.7561,100.6111,100.6111,1314
15:19,100.7367,100.7561,100.7367,100.7561,1223
15:20,100.664,100.7367,100.664,100.7367,832
15:21,100.4675,100.664,100.4675,100.664,663
15:22,100.4635,100.4675,100.4635,100.4675,1813
15:23,100.3476,100.4635,100.3476,100.4635,888
15:24,100.0443,100.3476,100.0443,100.3476,914
15:25,99.8702,100.0443,99.8702,100.0443,974
15:26,99.8686,99.8702,99.8686,99.8702,622
15:27,100.225,100.225,99.8686,99.8686,1030
15:28,100.2037,100.225,100.2037,100.225,1054
15:29,100.2742,100.2742,100.2037,100.2037,1597
15:30,100.3881,100.3881,100.2742,100.2742,1689
15:31,100.4744,100.4744,100.3881,100.3881,1361
15:32,100.6307,100.6307,100.4744,100.4744,1956
15:33,100.4866,100.6307,100.4866,100.6307,1643
15:34,100.3197,100.4866,100.3197,100.4866,1506
15:35,100.0947,100.3197,100.0947,100.3197,1671
15:36,100.069,100.0947,100.069,100.0947,1543
15:37,100.233,100.233,100.069,100.069,1505
15:38,99.9123,100.233,99.9123,100.233,1656
15:39,99.9009,99.9123,99.9009,99.9123,1288
15:40,99.8845,99.9009,99.8845,99.9009,2246
15:41,99.731,99.8845,99.731,99.8845,1518
15:42,99.6985,99.731,99.6985,99.731,3096
15:43,99.5215,99.6985,99.5215,99.6985,2244
15:44,99.3812,99.5215,99.3812,99.5215,2671
15:45,99.4232,99.4232,99.3812,99.3812,3354
15:46,99.6273,99.6273,99.4232,99.4232,3804
15:47,99.6685,99.6685,99.6273,99.6273,1871
15:48,99.3414,99.6685,99.3414,99.6685,3277
15:49,99.383,99.383,99.3414,99.3414,5216
15:50,98.9807,99.383,98.9807,99.383,2268
15:51,99.0345,99.0345,98.9807,98.9807,5160
15:52,99.3544,99.3544,99.0345,99.0345,2200
15:53,99.0253,99.3544,99.0253,99.3544,3711
15:54,98.9026,99.0253,98.9026,99.0253,5897
15:55,99.168,99.168,98.9026,98.9026,3531
15:56,99.0811,99.168,99.0811,99.168,4898
15:57,98.998,99.0811,98.998,99.0811,4511
15:58,99.0568,99.0568,98.998,98.998,14929
15:59,98.7334,99.0568,98.7334,99.0568,9667
