Time,Close,High,Low,Open,Volume
09:30,100.0101,100.0101,99.9943,99.9943,18689
09:31,99.9873,100.0101,99.9873,100.0101,10511
09:32,99.9949,99.9949,99.9873,99.9873,11775
09:33,99.999,99.999,99.9949,99.9949,16820
09:34,99.9841,99.999,99.9841,99.999,13466
09:35,99.9868,99.9868,99.9841,99.9841,4493
09:36,99.9985,99.9985,99.9868,99.9868,8147
09:37,100.0002,100.0002,99.9985,99.9985,5054
09:38,100.0218,100.0218,100.0002,100.0002,4718
09:39,99.9998,100.0218,99.9998,100.0218,5203
09:40,99.9997,99.9998,99.9997,99.9998,4357
09:41,100.0127,100.0127,99.9997,99.9997,6393
09:42,99.9978,100.0127,99.9978,100.0127,4619
09:43,99.991,99.9978,99.991,99.9978,3408
09:44,99.9821,99.991,99.9821,99.991,3544
09:45,99.9857,99.9857,99.9821,99.9821,3169
09:46,99.9785,99.9857,99.9785,99.9857,4457
09:47,99.9887,99.9887,99.9785,99.9785,2280
09:48,99.9794,99.9887,99.9794,99.9887,2567
09:49,99.9872,99.9872,99.9794,99.9794,1594
09:50,99.9897,99.9897,99.9872,99.9872,823
09:51,99.987,99.9897,99.987,99.9897,2423
09:52,99.9733,99.987,99.9733,99.987,2474
09:53,99.9669,99.9733,99.9669,99.9733,1331
09:54,99.9651,99.9669,99.9651,99.9669,3691
09:55,99.9459,99.9651,99.9459,99.9651,943
09:56,99.9432,99.9459,99.9432,99.9459,1539
09:57,99.9375,99.9432,99.9375,99.9432,1363
09:58,99.9706,99.9706,99.9375,99.9375,2420
09:59,99.9745,99.9745,99.9706,99.9706,2289
10:00,99.9799,99.9799,99.9745,99.9745,1393
10:01,99.9814,99.9814,99.9799,99.9799,1466
10:02,99.9877,99.9877,99.9814,99.9814,912
10:03,99.9694,99.9877,99.9694,99.9877,605
10:04,99.9876,99.9876,99.9694,99.9694,1056
10:05,99.9906,99.9906,99.9876,99.9876,1239
10:06,99.9754,99.9906,99.9754,99.9906,1782
10:07,99.9665,99.9754,99.9665,99.9754,1736
10:08,99.9683,99.9683,99.9665,99.9665,974
10:09,99.9863,99.9863,99.9683,99.9683,992
10:10,99.9908,99.9908,99.9863,99.9863,752
10:11,100.0019,100.0019,99.9908,99.9908,653
10:12,99.9982,100.0019,99.9982,100.0019,585
10:13,99.9974,99.9982,99.9974,99.9982,2120
10:14,99.986,99.9974,99.986,99.9974,880
10:15,100.0089,100.0089,99.986,99.986,897
10:16,99.9792,100.0089,99.9792,100.0089,668
10:17,99.9793,99.9793,99.9792,99.9792,1365
10:18,99.9904,99.9904,99.9793,99.9793,582
10:19,99.977,99.9904,99.977,99.9904,953
10:20,99.98,99.98,99.977,99.977,746
10:21,99.9798,99.98,99.9798,99.98,1171
10:22,99.9918,99.9918,99.9798,99.9798,850
10:23,99.9942,99.9942,99.9918,99.9918,668
10:24,99.989,99.9942,99.989,99.9942,1004
10:25,99.9744,99.989,99.9744,99.989,1178
10:26,99.972,99.9744,99.972,99.9744,1034
10:27,99.9699,99.972,99.9699,99.972,1123
10:28,99.9677,99.9699,99.9677,99.9699,805
10:29,99.9658,99.9677,99.9658,99.9677,885
10:30,99.9716,99.9716,99.9658,99.9658,792
10:31,99.9651,99.9716,99.9651,99.9716,885
10:32,99.9444,99.9651,99.9444,99.9651,753
10:33,99.945,99.945,99.9444,99.9444,544
10:34,99.9329,99.945,99.9329,99.945,1068
10:35,99.9333,99.9333,99.9329,99.9329,870
10:36,99.9218,99.9333,99.9218,99.9333,562
10:37,99.9377,99.9377,99.9218,99.9218,1181
10:38,99.9188,99.9377,99.9188,99.9377,726
10:39,99.9284,99.9284,99.9188,99.9188,1020
10:40,99.9172,99.9284,99.9172,99.9284,1297
10:41,99.9277,99.9277,99.9172,99.9172,1048
10:42,99.9107,99.9277,99.9107,99.9277,1499
10:43,99.9023,99.9107,99.9023,99.9107,646
10:44,99.9006,99.9023,99.9006,99.9023,1154
10:45,99.9181,99.9181,99.9006,99.9006,785
10:46,99.9249,99.9249,99.9181,99.9181,735
10:47,99.9129,99.9249,99.9129,99.9249,815
10:48,99.9045,99.9129,99.9045,99.9129,896
10:49,99.9159,99.9159,99.9045,99.9045,1020
10:50,99.9152,99.9159,99.9152,99.9159,662
10:51,99.8972,99.9152,99.8972,99.9152,1376
10:52,99.8886,99.8972,99.8886,99.8972,1180
10:53,99.8891,99.8891,99.8886,99.8886,580
10:54,99.8886,99.8891,99.8886,99.8891,1695
10:55,99.8679,99.8886,99.8679,99.8886,1958
10:56,99.8783,99.8783,99.8679,99.8679,1519
10:57,99.8595,99.8783,99.8595,99.8783,938
10:58,99.8796,99.8796,99.8595,99.8595,684
10:59,99.8651,99.8796,99.8651,99.8796,1453
11:00,99.856,99.8651,99.856,99.8651,867
11:01,99.8559,99.856,99.8559,99.856,1542
11:02,99.8489,99.8559,99.8489,99.8559,1077
11:03,99.8271,99.8489,99.8271,99.8489,1414
11:04,99.819,99.8271,99.819,99.8271,1135
11:05,99.8096,99.819,99.8096,99.819,1285
11:06,99.7994,99.8096,99.7994,99.8096,1004
11:07,99.7997,99.7997,99.7994,99.7994,1883
11:08,99.7984,99.7997,99.7984,99.7997,1046
11:09,99.7826,99.7984,99.7826,99.7984,1153
11:10,99.7817,99.7826,99.7817,99.7826,1949
11:11,99.7925,99.7925,99.7817,99.7817,620
11:12,99.7572,99.7925,99.7572,99.7925,637
11:13,99.7468,99.7572,99.7468,99.7572,1410
11:14,99.7323,99.7468,99.7323,99.7468,660
11:15,99.7111,99.7323,99.7111,99.7323,1992
11:16,99.7202,99.7202,99.7111,99.7111,864
11:17,99.6827,99.7202,99.6827,99.7202,767
11:18,99.6748,99.6827,99.6748,99.6827,1977
11:19,99.6704,99.6748,99.6704,99.6748,1690
11:20,99.6528,99.6704,99.6528,99.6704,1939
11:21,99.63,99.6528,99.63,99.6528,1379
11:22,99.6445,99.6445,99.63,99.63,737
11:23,99.65,99.65,99.6445,99.6445,1968
11:24,99.6216,99.65,99.6216,99.65,909
11:25,99.5929,99.6216,99.5929,99.6216,1329
11:26,99.6,99.6,99.5929,99.5929,1399
11:27,99.6144,99.6144,99.6,99.6,947
11:28,99.6132,99.6144,99.6132,99.6144,1243
11:29,99.6188,99.6188,99.6132,99.6132,1387
11:30,99.6411,99.6411,99.6188,99.6188,1143
11:31,99.6348,99.6411,99.6348,99.6411,677
11:32,99.6328,99.6348,99.6328,99.6348,1112
11:33,99.6474,99.6474,99.6328,99.6328,1600
11:34,99.6277,99.6474,99.6277,99.6474,782
11:35,99.6177,99.6277,99.6177,99.6277,948
11:36,99.6123,99.6177,99.6123,99.6177,857
11:37,99.6108,99.6123,99.6108,99.6123,1926
11:38,99.6339,99.6339,99.6108,99.6108,1269
11:39,99.6363,99.6363,99.6339,99.6339,1155
11:40,99.6424,99.6424,99.6363,99.6363,761
11:41,99.6363,99.6424,99.6363,99.6424,1211
11:42,99.6436,99.6436,99.6363,99.6363,787
11:43,99.6537,99.6537,99.6436,99.6436,1011
11:44,99.6684,99.6684,99.6537,99.6537,798
11:45,99.6538,99.6684,99.6538,99.6684,1271
11:46,99.6627,99.6627,99.6538,99.6538,1227
11:47,99.643,99.6627,99.643,99.6627,929
11:48,99.6486,99.6486,99.643,99.643,1151
11:49,99.6348,99.6486,99.6348,99.6486,679
11:50,99.6168,99.6348,99.6168,99.6348,589
11:51,99.593,99.6168,99.593,99.6168,1169
11:52,99.5936,99.5936,99.593,99.593,1061
11:53,99.5718,99.5936,99.5718,99.5936,1252
11:54,99.5648,99.5718,99.5648,99.5718,2328
11:55,99.5443,99.5648,99.5443,99.5648,1398
11:56,99.5626,99.5626,99.5443,99.5443,724
11:57,99.5456,99.5626,99.5456,99.5626,1486
11:58,99.544,99.5456,99.544,99.5456,627
11:59,99.56,99.56,99.544,99.544,849
12:00,99.5555,99.56,99.5555,99.56,976
12:01,99.553,99.5555,99.553,99.5555,1836
12:02,99.5341,99.553,99.5341,99.553,768
12:03,99.5072,99.5341,99.5072,99.5341,746
12:04,99.4929,99.5072,99.4929,99.5072,966
12:05,99.4863,99.4929,99.4863,99.4929,790
12:06,99.4937,99.4937,99.4863,99.4863,1491
12:07,99.5127,99.5127,99.4937,99.4937,682
12:08,99.521,99.521,99.5127,99.5127,666
12:09,99.5055,99.521,99.5055,99.521,856
12:10,99.505,99.5055,99.505,99.5055,838
12:11,99.5021,99.505,99.5021,99.505,1982
12:12,99.4984,99.5021,99.4984,99.5021,1400
12:13,99.5055,99.5055,99.4984,99.4984,1032
12:14,99.5166,99.5166,99.5055,99.5055,648
12:15,99.5136,99.5166,99.5136,99.5166,1349
12:16,99.5251,99.5251,99.5136,99.5136,701
12:17,99.5218,99.5251,99.5218,99.5251,578
12:18,99.5333,99.5333,99.5218,99.5218,1524
12:19,99.5418,99.5418,99.5333,99.5333,1119
12:20,99.5547,99.5547,99.5418,99.5418,1386
12:21,99.5406,99.5547,99.5406,99.5547,1120
12:22,99.5371,99.5406,99.5371,99.5406,1355
12:23,99.5422,99.5422,99.5371,99.5371,794
12:24,99.5269,99.5422,99.5269,99.5422,693
12:25,99.5248,99.5269,99.5248,99.5269,1273
12:26,99.5229,99.5248,99.5229,99.5248,752
12:27,99.5295,99.5295,99.5229,99.5229,783
12:28,99.5053,99.5295,99.5053,99.5295,851
12:29,99.5105,99.5105,99.5053,99.5053,1006
12:30,99.5119,99.5119,99.5105,99.5105,882
12:31,99.5097,99.5119,99.5097,99.5119,614
12:32,99.5026,99.5097,99.5026,99.5097,796
12:33,99.4802,99.5026,99.4802,99.5026,455
12:34,99.4673,99.4802,99.4673,99.4802,1248
12:35,99.4647,99.4673,99.4647,99.4673,567
12:36,99.4596,99.4647,99.4596,99.4647,676
12:37,99.4613,99.4613,99.4596,99.4596,1019
12:38,99.4799,99.4799,99.4613,99.4613,769
12:39,99.4704,99.4799,99.4704,99.4799,1728
12:40,99.4782,99.4782,99.4704,99.4704,632
12:41,99.4911,99.4911,99.4782,99.4782,1099
12:42,99.4919,99.4919,99.4911,99.4911,986
12:43,99.5045,99.5045,99.4919,99.4919,661
12:44,99.4849,99.5045,99.4849,99.5045,1204
12:45,99.4673,99.4849,99.4673,99.4849,941
12:46,99.4738,99.4738,99.4673,99.4673,1315
12:47,99.4532,99.4738,99.4532,99.4738,1339
12:48,99.463,99.463,99.4532,99.4532,2153
12:49,99.4638,99.4638,99.463,99.463,1606
12:50,99.4663,99.4663,99.4638,99.4638,877
12:51,99.4601,99.4663,99.4601,99.4663,919
12:52,99.4466,99.4601,99.4466,99.4601,1477
12:53,99.4471,99.4471,99.4466,99.4466,1261
12:54,99.4497,99.4497,99.4471,99.4471,1255
12:55,99.457,99.457,99.4497,99.4497,564
12:56,99.4542,99.457,99.4542,99.457,991
12:57,99.4622,99.4622,99.4542,99.4542,770
12:58,99.4489,99.4622,99.4489,99.4622,1104
12:59,99.4472,99.4489,99.4472,99.4489,966
13:00,99.4477,99.4477,99.4472,99.4472,1381
13:01,99.4422,99.4477,99.4422,99.4477,1119
13:02,99.4265,99.4422,99.4265,99.4422,1321
13:03,99.4068,99.4265,99.4068,99.4265,848
13:04,99.4136,99.4136,99.4068,99.4068,715
13:05,99.4214,99.4214,99.4136,99.4136,865
13:06,99.4125,99.4214,99.4125,99.4214,994
13:07,99.4013,99.4125,99.4013,99.4125,1144
13:08,99.3983,99.4013,99.3983,99.4013,2228
13:09,99.3817,99.3983,99.3817,99.3983,985
13:10,99.3926,99.3926,99.3817,99.3817,713
13:11,99.392,99.3926,99.392,99.3926,885
13:12,99.3868,99.392,99.3868,99.392,848
13:13,99.3816,99.3868,99.3816,99.3868,1186
13:14,99.4013,99.4013,99.3816,99.3816,579
13:15,99.4073,99.4073,99.4013,99.4013,1023
13:16,99.3879,99.4073,99.3879,99.4073,1057
13:17,99.3987,99.3987,99.3879,99.3879,1086
13:18,99.4037,99.4037,99.3987,99.3987,809
13:19,99.4057,99.4057,99.4037,99.4037,919
13:20,99.4018,99.4057,99.4018,99.4057,604
13:21,99.4084,99.4084,99.4018,99.4018,840
13:22,99.4137,99.4137,99.4084,99.4084,825
13:23,99.4027,99.4137,99.4027,99.4137,1159
13:24,99.3928,99.4027,99.3928,99.4027,664
13:25,99.3862,99.3928,99.3862,99.3928,1319
13:26,99.3693,99.3862,99.3693,99.3862,1699
13:27,99.358,99.3693,99.358,99.3693,480
13:28,99.3584,99.3584,99.358,99.358,1163
13:29,99.3667,99.3667,99.3584,99.3584,1271
13:30,99.3607,99.3667,99.3607,99.3667,798
13:31,99.3519,99.3607,99.3519,99.3607,869
13:32,99.3298,99.3519,99.3298,99.3519,954
13:33,99.3528,99.3528,99.3298,99.3298,900
13:34,99.3513,99.3528,99.3513,99.3528,896
13:35,99.3204,99.3513,99.3204,99.3513,552
13:36,99.3295,99.3295,99.3204,99.3204,1505
13:37,99.2988,99.3295,99.2988,99.3295,1466
13:38,99.2952,99.2988,99.2952,99.2988,750
13:39,99.2959,99.2959,99.2952,99.2952,595
13:40,99.306,99.306,99.2959,99.2959,1203
13:41,99.2992,99.306,99.2992,99.306,815
13:42,99.3175,99.3175,99.2992,99.2992,1052
13:43,99.2923,99.3175,99.2923,99.3175,893
13:44,99.2829,99.2923,99.2829,99.2923,1278
13:45,99.2856,99.2856,99.2829,99.2829,1279
13:46,99.2687,99.2856,99.2687,99.2856,773
13:47,99.2724,99.2724,99.2687,99.2687,612
13:48,99.2718,99.2724,99.2718,99.2724,571
13:49,99.2729,99.2729,99.2718,99.2718,1242
13:50,99.266,99.2729,99.266,99.2729,656
13:51,99.2446,99.266,99.2446,99.266,836
13:52,99.25,99.25,99.2446,99.2446,809
13:53,99.2274,99.25,99.2274,99.25,982
13:54,99.2151,99.2274,99.2151,99.2274,503
13:55,99.2265,99.2265,99.2151,99.2151,1069
13:56,99.2191,99.2265,99.2191,99.2265,1204
13:57,99.213,99.2191,99.213,99.2191,1032
13:58,99.2275,99.2275,99.213,99.213,896
13:59,99.2083,99.2275,99.2083,99.2275,1035
14:00,99.2081,99.2083,99.2081,99.2083,1152
14:01,99.1958,99.2081,99.1958,99.2081,374
14:02,99.1996,99.1996,99.1958,99.1958,2000
14:03,99.2105,99.2105,99.1996,99.1996,1148
14:04,99.218,99.218,99.2105,99.2105,794
14:05,99.2196,99.2196,99.218,99.218,871
14:06,99.2164,99.2196,99.2164,99.2196,1191
14:07,99.2226,99.2226,99.2164,99.2164,960
14:08,99.2283,99.2283,99.2226,99.2226,487
14:09,99.2291,99.2291,99.2283,99.2283,2079
14:10,99.2419,99.2419,99.2291,99.2291,962
14:11,99.2345,99.2419,99.2345,99.2419,1436
14:12,99.2435,99.2435,99.2345,99.2345,782
14:13,99.2273,99.2435,99.2273,99.2435,1724
14:14,99.2341,99.2341,99.2273,99.2273,1107
14:15,99.2331,99.2341,99.2331,99.2341,1241
14:16,99.2151,99.2331,99.2151,99.2331,690
14:17,99.2072,99.2151,99.2072,99.2151,1536
14:18,99.1831,99.2072,99.1831,99.2072,1277
14:19,99.1942,99.1942,99.1831,99.1831,1586
14:20,99.2032,99.2032,99.1942,99.1942,800
14:21,99.2234,99.2234,99.2032,99.2032,843
14:22,99.2066,99.2234,99.2066,99.2234,2263
14:23,99.2177,99.2177,99.2066,99.2066,687
14:24,99.2177,99.2177,99.2177,99.2177,953
14:25,99.2178,99.2178,99.2177,99.2177,1496
14:26,99.223,99.223,99.2178,99.2178,1035
14:27,99.2046,99.223,99.2046,99.223,1230
14:28,99.1801,99.2046,99.1801,99.2046,868
14:29,99.1629,99.1801,99.1629,99.1801,1140
14:30,99.1351,99.1629,99.1351,99.1629,629
14:31,99.1318,99.1351,99.1318,99.1351,1800
14:32,99.1381,99.1381,99.1318,99.1318,959
14:33,99.1581,99.1581,99.1381,99.1381,786
14:34,99.1756,99.1756,99.1581,99.1581,1267
14:35,99.1864,99.1864,99.1756,99.1756,849
14:36,99.1996,99.1996,99.1864,99.1864,623
14:37,99.1977,99.1996,99.1977,99.1996,620
14:38,99.2141,99.2141,99.1977,99.1977,1279
14:39,99.2095,99.2141,99.2095,99.2141,945
14:40,99.1995,99.2095,99.1995,99.2095,954
14:41,99.1998,99.1998,99.1995,99.1995,1466
14:42,99.1958,99.1998,99.1958,99.1998,671
14:43,99.1989,99.1989,99.1958,99.1958,772
14:44,99.187,99.1989,99.187,99.1989,873
14:45,99.1646,99.187,99.1646,99.187,1035
14:46,99.175,99.175,99.1646,99.1646,986
14:47,99.1928,99.1928,99.175,99.175,904
14:48,99.1955,99.1955,99.1928,99.1928,979
14:49,99.1877,99.1955,99.1877,99.1955,964
14:50,99.1795,99.1877,99.1795,99.1877,776
14:51,99.1858,99.1858,99.1795,99.1795,751
14:52,99.195,99.195,99.1858,99.1858,1104
14:53,99.1768,99.195,99.1768,99.195,731
14:54,99.1764,99.1768,99.1764,99.1768,665
14:55,99.1756,99.1764,99.1756,99.1764,898
14:56,99.1588,99.1756,99.1588,99.1756,949
14:57,99.1499,99.1588,99.1499,99.1588,2234
14:58,99.1556,99.1556,99.1499,99.1499,782
14:59,99.1431,99.1556,99.1431,99.1556,1404
15:00,99.1265,99.1431,99.1265,99.1431,1311
15:01,99.1404,99.1404,99.1265,99.1265,660
15:02,99.1258,99.1404,99.1258,99.1404,1326
15:03,99.1188,99.1258,99.1188,99.1258,663
15:04,99.0822,99.1188,99.0822,99.1188,394
15:05,99.0846,99.0846,99.0822,99.0822,1255
15:06,99.0917,99.0917,99.0846,99.0846,544
15:07,99.0689,99.0917,99.0689,99.0917,1192
15:08,99.0682,99.0689,99.0682,99.0689,799
15:09,99.0813,99.0813,99.0682,99.0682,1839
15:10,99.0662,99.0813,99.0662,99.0813,1496
15:11,99.0595,99.0662,99.0595,99.0662,875
15:12,99.0656,99.0656,99.0595,99.0595,808
15:13,99.0734,99.0734,99.0656,99.0656,674
15:14,99.0773,99.0773,99.0734,99.0734,891
15:15,99.0642,99.0773,99.0642,99.0773,948
15:16,99.0742,99.0742,99.0642,99.0642,926
15:17,99.0863,99.0863,99.0742,99.0742,1122
15:18,99.0844,99.0863,99.0844,99.0863,1314
15:19,99.0746,99.0844,99.0746,99.0844,1223
15:20,99.0771,99.0771,99.0746,99.0746,832
15:21,99.0714,99.0771,99.0714,99.0771,663
15:22,99.0369,99.0714,99.0369,99.0714,1813
15:23,99.0274,99.0369,99.0274,99.0369,888
15:24,99.0172,99.0274,99.0172,99.0274,914
15:25,99.0096,99.0172,99.0096,99.0172,974
15:26,99.0142,99.0142,99.0096,99.0096,622
15:27,99.0324,99.0324,99.0142,99.0142,1030
15:28,99.0188,99.0324,99.0188,99.0324,1054
15:29,98.9925,99.0188,98.9925,99.0188,1597
15:30,99.0173,99.0173,98.9925,98.9925,1689
15:31,98.9951,99.0173,98.9951,99.0173,1361
15:32,98.9975,98.9975,98.9951,98.9951,1956
15:33,99.0119,99.0119,98.9975,98.9975,1643
15:34,99.0103,99.0119,99.0103,99.0119,1506
15:35,99.0124,99.0124,99.0103,99.0103,1671
15:36,99.0203,99.0203,99.0124,99.0124,1543
15:37,99.0345,99.0345,99.0203,99.0203,1505
15:38,99.0279,99.0345,99.0279,99.0345,1656
15:39,99.0053,99.0279,99.0053,99.0279,1288
15:40,99.0007,99.0053,99.0007,99.0053,2246
15:41,98.9876,99.0007,98.9876,99.0007,1518
15:42,98.9962,98.9962,98.9876,98.9876,3096
15:43,98.9912,98.9962,98.9912,98.9962,2244
15:44,99.0124,99.0124,98.9912,98.9912,2671
15:45,98.9957,99.0124,98.9957,99.0124,3354
15:46,98.9852,98.9957,98.9852,98.9957,3804
15:47,98.9905,98.9905,98.9852,98.9852,1871
15:48,98.9957,98.9957,98.9905,98.9905,3277
15:49,98.9767,98.9957,98.9767,98.9957,5216
15:50,98.9669,98.9767,98.9669,98.9767,2268
15:51,98.9849,98.9849,98.9669,98.9669,5160
15:52,98.9815,98.9849,98.9815,98.9849,2200
15:53,98.9874,98.9874,98.9815,98.9815,3711
15:54,98.982,98.9874,98.982,98.9874,5897
15:55,98.9973,98.9973,98.982,98.982,3531
15:56,98.9762,98.9973,98.9762,98.9973,4898
15:57,98.9857,98.9857,98.9762,98.9762,4511
15:58,98.9916,98.9916,98.9857,98.9857,14929
15:59,99.0039,99.0039,98.9916,98.9916,9667
