Time,Close,High,Low,Open,Volume
09:30,100.0073,100.0073,99.993,99.993,18689
09:31,99.9779,100.0073,99.9779,100.0073,10511
09:32,99.9717,99.9779,99.9717,99.9779,11775
09:33,99.9908,99.9908,99.9717,99.9717,16820
09:34,99.9949,99.9949,99.9908,99.9908,13466
09:35,99.995,99.995,99.9949,99.9949,4493
09:36,99.993,99.995,99.993,99.995,8147
09:37,99.9749,99.993,99.9749,99.993,5054
09:38,99.9727,99.9749,99.9727,99.9749,4718
09:39,99.9524,99.9727,99.9524,99.9727,5203
09:40,99.9599,99.9599,99.9524,99.9524,4357
09:41,99.9739,99.9739,99.9599,99.9599,6393
09:42,99.9494,99.9739,99.9494,99.9739,4619
09:43,99.9461,99.9494,99.9461,99.9494,3408
09:44,99.9445,99.9461,99.9445,99.9461,3544
09:45,99.9347,99.9445,99.9347,99.9445,3169
09:46,99.9367,99.9367,99.9347,99.9347,4457
09:47,99.9249,99.9367,99.9249,99.9367,2280
09:48,99.9347,99.9347,99.9249,99.9249,2567
09:49,99.9355,99.9355,99.9347,99.9347,1594
09:50,99.9501,99.9501,99.9355,99.9355,823
09:51,99.9438,99.9501,99.9438,99.9501,2423
09:52,99.9259,99.9438,99.9259,99.9438,2474
09:53,99.9285,99.9285,99.9259,99.9259,1331
09:54,99.9047,99.9285,99.9047,99.9285,3691
09:55,99.9137,99.9137,99.9047,99.9047,943
09:56,99.9295,99.9295,99.9137,99.9137,1539
09:57,99.9291,99.9295,99.9291,99.9295,1363
09:58,99.9441,99.9441,99.9291,99.9291,2420
09:59,99.9331,99.9441,99.9331,99.9441,2289
10:00,99.9697,99.9697,99.9331,99.9331,1393
10:01,99.9866,99.9866,99.9697,99.9697,1466
10:02,99.9793,99.9866,99.9793,99.9866,912
10:03,99.9673,99.9793,99.9673,99.9793,605
10:04,99.9508,99.9673,99.9508,99.9673,1056
10:05,99.958,99.958,99.9508,99.9508,1239
10:06,99.9508,99.958,99.9508,99.958,1782
10:07,99.9745,99.9745,99.9508,99.9508,1736
10:08,99.9635,99.9745,99.9635,99.9745,974
10:09,99.9611,99.9635,99.9611,99.9635,992
10:10,99.9981,99.9981,99.9611,99.9611,752
10:11,99.9935,99.9981,99.9935,99.9981,653
10:12,99.9959,99.9959,99.9935,99.9935,585
10:13,99.9878,99.9959,99.9878,99.9959,2120
10:14,99.9863,99.9878,99.9863,99.9878,880
10:15,99.9896,99.9896,99.9863,99.9863,897
10:16,99.9906,99.9906,99.9896,99.9896,668
10:17,99.9956,99.9956,99.9906,99.9906,1365
10:18,100.0038,100.0038,99.9956,99.9956,582
10:19,100.0325,100.0325,100.0038,100.0038,953
10:20,100.0357,100.0357,100.0325,100.0325,746
10:21,100.0037,100.0357,100.0037,100.0357,1171
10:22,99.9983,100.0037,99.9983,100.0037,850
10:23,100.0143,100.0143,99.9983,99.9983,668
10:24,100.0026,100.0143,100.0026,100.0143,1004
10:25,99.9986,100.0026,99.9986,100.0026,1178
10:26,100.0113,100.0113,99.9986,99.9986,1034
10:27,99.9954,100.0113,99.9954,100.0113,1123
10:28,100.0047,100.0047,99.9954,99.9954,805
10:29,100.0073,100.0073,100.0047,100.0047,885
10:30,100.032,100.032,100.0073,100.0073,792
10:31,100.0379,100.0379,100.032,100.032,885
10:32,100.0518,100.0518,100.0379,100.0379,753
10:33,100.0396,100.0518,100.0396,100.0518,544
10:34,100.0395,100.0396,100.0395,100.0396,1068
10:35,100.0677,100.0677,100.0395,100.0395,870
10:36,100.0739,100.0739,100.0677,100.0677,562
10:37,100.0465,100.0739,100.0465,100.0739,1181
10:38,100.0604,100.0604,100.0465,100.0465,726
10:39,100.0705,100.0705,100.0604,100.0604,1020
10:40,100.084,100.084,100.0705,100.0705,1297
10:41,100.0731,100.084,100.0731,100.084,1048
10:42,100.0745,100.0745,100.0731,100.0731,1499
10:43,100.0698,100.0745,100.0698,100.0745,646
10:44,100.0691,100.0698,100.0691,100.0698,1154
10:45,100.0873,100.0873,100.0691,100.0691,785
10:46,100.1005,100.1005,100.0873,100.0873,735
10:47,100.1117,100.1117,100.1005,100.1005,815
10:48,100.1344,100.1344,100.1117,100.1117,896
10:49,100.1429,100.1429,100.1344,100.1344,1020
10:50,100.1559,100.1559,100.1429,100.1429,662
10:51,100.1582,100.1582,100.1559,100.1559,1376
10:52,100.1604,100.1604,100.1582,100.1582,1180
10:53,100.1555,100.1604,100.1555,100.1604,580
10:54,100.1736,100.1736,100.1555,100.1555,1695
10:55,100.1619,100.1736,100.1619,100.1736,1958
10:56,100.1818,100.1818,100.1619,100.1619,1519
10:57,100.1871,100.1871,100.1818,100.1818,938
10:58,100.173,100.1871,100.173,100.1871,684
10:59,100.1809,100.1809,100.173,100.173,1453
11:00,100.1523,100.1809,100.1523,100.1809,867
11:01,100.1576,100.1576,100.1523,100.1523,1542
11:02,100.1613,100.1613,100.1576,100.1576,1077
11:03,100.1803,100.1803,100.1613,100.1613,1414
11:04,100.1708,100.1803,100.1708,100.1803,1135
11:05,100.1695,100.1708,100.1695,100.1708,1285
11:06,100.1775,100.1775,100.1695,100.1695,1004
11:07,100.1985,100.1985,100.1775,100.1775,1883
11:08,100.1839,100.1985,100.1839,100.1985,1046
11:09,100.1821,100.1839,100.1821,100.1839,1153
11:10,100.1779,100.1821,100.1779,100.1821,1949
11:11,100.1757,100.1779,100.1757,100.1779,620
11:12,100.1827,100.1827,100.1757,100.1757,637
11:13,100.1945,100.1945,100.1827,100.1827,1410
11:14,100.2205,100.2205,100.1945,100.1945,660
11:15,100.2169,100.2205,100.2169,100.2205,1992
11:16,100.2222,100.2222,100.2169,100.2169,864
11:17,100.2281,100.2281,100.2222,100.2222,767
11:18,100.2406,100.2406,100.2281,100.2281,1977
11:19,100.242,100.242,100.2406,100.2406,1690
11:20,100.2408,100.242,100.2408,100.242,1939
11:21,100.2442,100.2442,100.2408,100.2408,1379
11:22,100.2513,100.2513,100.2442,100.2442,737
11:23,100.2522,100.2522,100.2513,100.2513,1968
11:24,100.2657,100.2657,100.2522,100.2522,909
11:25,100.2793,100.2793,100.2657,100.2657,1329
11:26,100.2686,100.2793,100.2686,100.2793,1399
11:27,100.2565,100.2686,100.2565,100.2686,947
11:28,100.2648,100.2648,100.2565,100.2565,1243
11:29,100.277,100.277,100.2648,100.2648,1387
11:30,100.2841,100.2841,100.277,100.277,1143
11:31,100.2868,100.2868,100.2841,100.2841,677
11:32,100.2661,100.2868,100.2661,100.2868,1112
11:33,100.2908,100.2908,100.2661,100.2661,1600
11:34,100.2726,100.2908,100.2726,100.2908,782
11:35,100.3023,100.3023,100.2726,100.2726,948
11:36,100.3061,100.3061,100.3023,100.3023,857
11:37,100.2992,100.3061,100.2992,100.3061,1926
11:38,100.3136,100.3136,100.2992,100.2992,1269
11:39,100.3578,100.3578,100.3136,100.3136,1155
11:40,100.3453,100.3578,100.3453,100.3578,761
11:41,100.3729,100.3729,100.3453,100.3453,1211
11:42,100.3839,100.3839,100.3729,100.3729,787
11:43,100.3857,100.3857,100.3839,100.3839,1011
11:44,100.4005,100.4005,100.3857,100.3857,798
11:45,100.4077,100.4077,100.4005,100.4005,1271
11:46,100.4131,100.4131,100.4077,100.4077,1227
11:47,100.3924,100.4131,100.3924,100.4131,929
11:48,100.4223,100.4223,100.3924,100.3924,1151
11:49,100.4251,100.4251,100.4223,100.4223,679
11:50,100.4429,100.4429,100.4251,100.4251,589
11:51,100.4313,100.4429,100.4313,100.4429,1169
11:52,100.4394,100.4394,100.4313,100.4313,1061
11:53,100.4291,100.4394,100.4291,100.4394,1252
11:54,100.4411,100.4411,100.4291,100.4291,2328
11:55,100.4438,100.4438,100.4411,100.4411,1398
11:56,100.4393,100.4438,100.4393,100.4438,724
11:57,100.4241,100.4393,100.4241,100.4393,1486
11:58,100.4113,100.4241,100.4113,100.4241,627
11:59,100.3903,100.4113,100.3903,100.4113,849
12:00,100.3953,100.3953,100.3903,100.3903,976
12:01,100.3844,100.3953,100.3844,100.3953,1836
12:02,100.384,100.3844,100.384,100.3844,768
12:03,100.3709,100.384,100.3709,100.384,746
12:04,100.362,100.3709,100.362,100.3709,966
12:05,100.3541,100.362,100.3541,100.362,790
12:06,100.3751,100.3751,100.3541,100.3541,1491
12:07,100.3762,100.3762,100.3751,100.3751,682
12:08,100.3905,100.3905,100.3762,100.3762,666
12:09,100.3831,100.3905,100.3831,100.3905,856
12:10,100.382,100.3831,100.382,100.3831,838
12:11,100.387,100.387,100.382,100.382,1982
12:12,100.3646,100.387,100.3646,100.387,1400
12:13,100.3405,100.3646,100.3405,100.3646,1032
12:14,100.3479,100.3479,100.3405,100.3405,648
12:15,100.3624,100.3624,100.3479,100.3479,1349
12:16,100.3709,100.3709,100.3624,100.3624,701
12:17,100.3758,100.3758,100.3709,100.3709,578
12:18,100.3737,100.3758,100.3737,100.3758,1524
12:19,100.3948,100.3948,100.3737,100.3737,1119
12:20,100.3842,100.3948,100.3842,100.3948,1386
12:21,100.39,100.39,100.3842,100.3842,1120
12:22,100.4045,100.4045,100.39,100.39,1355
12:23,100.3652,100.4045,100.3652,100.4045,794
12:24,100.3646,100.3652,100.3646,100.3652,693
12:25,100.3553,100.3646,100.3553,100.3646,1273
12:26,100.3824,100.3824,100.3553,100.3553,752
12:27,100.3981,100.3981,100.3824,100.3824,783
12:28,100.3829,100.3981,100.3829,100.3981,851
12:29,100.3745,100.3829,100.3745,100.3829,1006
12:30,100.3915,100.3915,100.3745,100.3745,882
12:31,100.405,100.405,100.3915,100.3915,614
12:32,100.3883,100.405,100.3883,100.405,796
12:33,100.3762,100.3883,100.3762,100.3883,455
12:34,100.374,100.3762,100.374,100.3762,1248
12:35,100.3727,100.374,100.3727,100.374,567
12:36,100.3825,100.3825,100.3727,100.3727,676
12:37,100.3803,100.3825,100.3803,100.3825,1019
12:38,100.3881,100.3881,100.3803,100.3803,769
12:39,100.3812,100.3881,100.3812,100.3881,1728
12:40,100.3797,100.3812,100.3797,100.3812,632
12:41,100.3744,100.3797,100.3744,100.3797,1099
12:42,100.4066,100.4066,100.3744,100.3744,986
12:43,100.4134,100.4134,100.4066,100.4066,661
12:44,100.4116,100.4134,100.4116,100.4134,1204
12:45,100.4104,100.4116,100.4104,100.4116,941
12:46,100.4229,100.4229,100.4104,100.4104,1315
12:47,100.4081,100.4229,100.4081,100.4229,1339
12:48,100.4045,100.4081,100.4045,100.4081,2153
12:49,100.4048,100.4048,100.4045,100.4045,1606
12:50,100.4087,100.4087,100.4048,100.4048,877
12:51,100.4134,100.4134,100.4087,100.4087,919
12:52,100.4075,100.4134,100.4075,100.4134,1477
12:53,100.3679,100.4075,100.3679,100.4075,1261
12:54,100.3715,100.3715,100.3679,100.3679,1255
12:55,100.3779,100.3779,100.3715,100.3715,564
12:56,100.4142,100.4142,100.3779,100.3779,991
12:57,100.4224,100.4224,100.4142,100.4142,770
12:58,100.4302,100.4302,100.4224,100.4224,1104
12:59,100.4178,100.4302,100.4178,100.4302,966
13:00,100.4411,100.4411,100.4178,100.4178,1381
13:01,100.4551,100.4551,100.4411,100.4411,1119
13:02,100.446,100.4551,100.446,100.4551,1321
13:03,100.4608,100.4608,100.446,100.446,848
13:04,100.4627,100.4627,100.4608,100.4608,715
13:05,100.4616,100.4627,100.4616,100.4627,865
13:06,100.4541,100.4616,100.4541,100.4616,994
13:07,100.4499,100.4541,100.4499,100.4541,1144
13:08,100.4278,100.4499,100.4278,100.4499,2228
13:09,100.4148,100.4278,100.4148,100.4278,985
13:10,100.4381,100.4381,100.4148,100.4148,713
13:11,100.4557,100.4557,100.4381,100.4381,885
13:12,100.472,100.472,100.4557,100.4557,848
13:13,100.4805,100.4805,100.472,100.472,1186
13:14,100.4771,100.4805,100.4771,100.4805,579
13:15,100.4863,100.4863,100.4771,100.4771,1023
13:16,100.5184,100.5184,100.4863,100.4863,1057
13:17,100.5145,100.5184,100.5145,100.5184,1086
13:18,100.5206,100.5206,100.5145,100.5145,809
13:19,100.5044,100.5206,100.5044,100.5206,919
13:20,100.5198,100.5198,100.5044,100.5044,604
13:21,100.5013,100.5198,100.5013,100.5198,840
13:22,100.5282,100.5282,100.5013,100.5013,825
13:23,100.5655,100.5655,100.5282,100.5282,1159
13:24,100.5768,100.5768,100.5655,100.5655,664
13:25,100.6026,100.6026,100.5768,100.5768,1319
13:26,100.5976,100.6026,100.5976,100.6026,1699
13:27,100.5944,100.5976,100.5944,100.5976,480
13:28,100.6055,100.6055,100.5944,100.5944,1163
13:29,100.6102,100.6102,100.6055,100.6055,1271
13:30,100.6073,100.6102,100.6073,100.6102,798
13:31,100.5906,100.6073,100.5906,100.6073,869
13:32,100.6125,100.6125,100.5906,100.5906,954
13:33,100.623,100.623,100.6125,100.6125,900
13:34,100.6122,100.623,100.6122,100.623,896
13:35,100.6164,100.6164,100.6122,100.6122,552
13:36,100.6203,100.6203,100.6164,100.6164,1505
13:37,100.6173,100.6203,100.6173,100.6203,1466
13:38,100.5905,100.6173,100.5905,100.6173,750
13:39,100.5744,100.5905,100.5744,100.5905,595
13:40,100.5779,100.5779,100.5744,100.5744,1203
13:41,100.6117,100.6117,100.5779,100.5779,815
13:42,100.6258,100.6258,100.6117,100.6117,1052
13:43,100.6111,100.6258,100.6111,100.6258,893
13:44,100.6143,100.6143,100.6111,100.6111,1278
13:45,100.6415,100.6415,100.6143,100.6143,1279
13:46,100.6554,100.6554,100.6415,100.6415,773
13:47,100.6518,100.6554,100.6518,100.6554,612
13:48,100.6615,100.6615,100.6518,100.6518,571
13:49,100.6599,100.6615,100.6599,100.6615,1242
13:50,100.6909,100.6909,100.6599,100.6599,656
13:51,100.6774,100.6909,100.6774,100.6909,836
13:52,100.6636,100.6774,100.6636,100.6774,809
13:53,100.6743,100.6743,100.6636,100.6636,982
13:54,100.6924,100.6924,100.6743,100.6743,503
13:55,100.6999,100.6999,100.6924,100.6924,1069
13:56,100.6752,100.6999,100.6752,100.6999,1204
13:57,100.6937,100.6937,100.6752,100.6752,1032
13:58,100.6919,100.6937,100.6919,100.6937,896
13:59,100.7,100.7,100.6919,100.6919,1035
14:00,100.6942,100.7,100.6942,100.7,1152
14:01,100.7129,100.7129,100.6942,100.6942,374
14:02,100.7067,100.7129,100.7067,100.7129,2000
14:03,100.6792,100.7067,100.6792,100.7067,1148
14:04,100.6918,100.6918,100.6792,100.6792,794
14:05,100.6998,100.6998,100.6918,100.6918,871
14:06,100.651,100.6998,100.651,100.6998,1191
14:07,100.6553,100.6553,100.651,100.651,960
14:08,100.6359,100.6553,100.6359,100.6553,487
14:09,100.6249,100.6359,100.6249,100.6359,2079
14:10,100.6271,100.6271,100.6249,100.6249,962
14:11,100.6557,100.6557,100.6271,100.6271,1436
14:12,100.685,100.685,100.6557,100.6557,782
14:13,100.6884,100.6884,100.685,100.685,1724
14:14,100.6884,100.6884,100.6884,100.6884,1107
14:15,100.707,100.707,100.6884,100.6884,1241
14:16,100.7202,100.7202,100.707,100.707,690
14:17,100.751,100.751,100.7202,100.7202,1536
14:18,100.722,100.751,100.722,100.751,1277
14:19,100.7321,100.7321,100.722,100.722,1586
14:20,100.7217,100.7321,100.7217,100.7321,800
14:21,100.7107,100.7217,100.7107,100.7217,843
14:22,100.7057,100.7107,100.7057,100.7107,2263
14:23,100.6951,100.7057,100.6951,100.7057,687
14:24,100.7081,100.7081,100.6951,100.6951,953
14:25,100.7267,100.7267,100.7081,100.7081,1496
14:26,100.7369,100.7369,100.7267,100.7267,1035
14:27,100.76,100.76,100.7369,100.7369,1230
14:28,100.7517,100.76,100.7517,100.76,868
14:29,100.7677,100.7677,100.7517,100.7517,1140
14:30,100.7713,100.7713,100.7677,100.7677,629
14:31,100.7693,100.7713,100.7693,100.7713,1800
14:32,100.7658,100.7693,100.7658,100.7693,959
14:33,100.7607,100.7658,100.7607,100.7658,786
14:34,100.7712,100.7712,100.7607,100.7607,1267
14:35,100.761,100.7712,100.761,100.7712,849
14:36,100.7666,100.7666,100.761,100.761,623
14:37,100.7803,100.7803,100.7666,100.7666,620
14:38,100.7911,100.7911,100.7803,100.7803,1279
14:39,100.7795,100.7911,100.7795,100.7911,945
14:40,100.7963,100.7963,100.7795,100.7795,954
14:41,100.8275,100.8275,100.7963,100.7963,1466
14:42,100.8242,100.8275,100.8242,100.8275,671
14:43,100.8136,100.8242,100.8136,100.8242,772
14:44,100.8319,100.8319,100.8136,100.8136,873
14:45,100.8422,100.8422,100.8319,100.8319,1035
14:46,100.8288,100.8422,100.8288,100.8422,986
14:47,100.8342,100.8342,100.8288,100.8288,904
14:48,100.8367,100.8367,100.8342,100.8342,979
14:49,100.8751,100.8751,100.8367,100.8367,964
14:50,100.8776,100.8776,100.8751,100.8751,776
14:51,100.8904,100.8904,100.8776,100.8776,751
14:52,100.8924,100.8924,100.8904,100.8904,1104
14:53,100.8902,100.8924,100.8902,100.8924,731
14:54,100.8937,100.8937,100.8902,100.8902,665
14:55,100.8943,100.8943,100.8937,100.8937,898
14:56,100.9038,100.9038,100.8943,100.8943,949
14:57,100.8992,100.9038,100.8992,100.9038,2234
14:58,100.9101,100.9101,100.8992,100.8992,782
14:59,100.938,100.938,100.9101,100.9101,1404
15:00,100.932,100.938,100.932,100.938,1311
15:01,100.9269,100.932,100.9269,100.932,660
15:02,100.9422,100.9422,100.9269,100.9269,1326
15:03,100.9536,100.9536,100.9422,100.9422,663
15:04,100.9467,100.9536,100.9467,100.9536,394
15:05,100.9775,100.9775,100.9467,100.9467,1255
15:06,100.9793,100.9793,100.9775,100.9775,544
15:07,100.9725,100.9793,100.9725,100.9793,1192
15:08,100.9685,100.9725,100.9685,100.9725,799
15:09,100.976,100.976,100.9685,100.9685,1839
15:10,100.9618,100.976,100.9618,100.976,1496
15:11,100.9711,100.9711,100.9618,100.9618,875
15:12,100.9861,100.9861,100.9711,100.9711,808
15:13,100.9766,100.9861,100.9766,100.9861,674
15:14,100.9526,100.9766,100.9526,100.9766,891
15:15,100.9767,100.9767,100.9526,100.9526,948
15:16,100.947,100.9767,100.947,100.9767,926
15:17,100.9761,100.9761,100.947,100.947,1122
15:18,100.9686,100.9761,100.9686,100.9761,1314
15:19,100.9635,100.9686,100.9635,100.9686,1223
15:20,100.9424,100.9635,100.9424,100.9635,832
15:21,100.9143,100.9424,100.9143,100.9424,663
15:22,100.9146,100.9146,100.9143,100.9143,1813
15:23,100.9361,100.9361,100.9146,100.9146,888
15:24,100.9197,100.9361,100.9197,100.9361,914
15:25,100.9233,100.9233,100.9197,100.9197,974
15:26,100.9004,100.9233,100.9004,100.9233,622
15:27,100.8802,100.9004,100.8802,100.9004,1030
15:28,100.8504,100.8802,100.8504,100.8802,1054
15:29,100.856,100.856,100.8504,100.8504,1597
15:30,100.8645,100.8645,100.856,100.856,1689
15:31,100.8843,100.8843,100.8645,100.8645,1361
15:32,100.8745,100.8843,100.8745,100.8843,1956
15:33,100.858,100.8745,100.858,100.8745,1643
15:34,100.847,100.858,100.847,100.858,1506
15:35,100.8351,100.847,100.8351,100.847,1671
15:36,100.8104,100.8351,100.8104,100.8351,1543
15:37,100.7847,100.8104,100.7847,100.8104,1505
15:38,100.7624,100.7847,100.7624,100.7847,1656
15:39,100.7896,100.7896,100.7624,100.7624,1288
15:40,100.7609,100.7896,100.7609,100.7896,2246
15:41,100.7393,100.7609,100.7393,100.7609,1518
15:42,100.7115,100.7393,100.7115,100.7393,3096
15:43,100.7282,100.7282,100.7115,100.7115,2244
15:44,100.7097,100.7282,100.7097,100.7282,2671
15:45,100.6965,100.7097,100.6965,100.7097,3354
15:46,100.6953,100.6965,100.6953,100.6965,3804
15:47,100.6621,100.6953,100.6621,100.6953,1871
15:48,100.647,100.6621,100.647,100.6621,3277
15:49,100.6237,100.647,100.6237,100.647,5216
15:50,100.5935,100.6237,100.5935,100.6237,2268
15:51,100.5966,100.5966,100.5935,100.5935,5160
15:52,100.5861,100.5966,100.5861,100.5966,2200
15:53,100.5845,100.5861,100.5845,100.5861,3711
15:54,100.5856,100.5856,100.5845,100.5845,5897
15:55,100.5572,100.5856,100.5572,100.5856,3531
15:56,100.5389,100.5572,100.5389,100.5572,4898
15:57,100.5463,100.5463,100.5389,100.5389,4511
15:58,100.5201,100.5463,100.5201,100.5463,14929
15:59,100.4743,100.5201,100.4743,100.5201,9667
