Time,Close,High,Low,Open,Volume
09:30,100.3097,100.3097,100.1281,100.1281,18689
09:31,100.6262,100.6262,100.3097,100.3097,10511
09:32,100.4196,100.6262,100.4196,100.6262,11775
09:33,100.4599,100.4599,100.4196,100.4196,16820
09:34,100.2748,100.4599,100.2748,100.4599,13466
09:35,100.0295,100.2748,100.0295,100.2748,4493
09:36,99.9725,100.0295,99.9725,100.0295,8147
09:37,99.823,99.9725,99.823,99.9725,5054
09:38,99.6428,99.823,99.6428,99.823,4718
09:39,99.7097,99.7097,99.6428,99.6428,5203
09:40,99.7559,99.7559,99.7097,99.7097,4357
09:41,99.8091,99.8091,99.7559,99.7559,6393
09:42,99.5426,99.8091,99.5426,99.8091,4619
09:43,99.6978,99.6978,99.5426,99.5426,3408
09:44,99.5965,99.6978,99.5965,99.6978,3544
09:45,99.4981,99.5965,99.4981,99.5965,3169
09:46,99.4134,99.4981,99.4134,99.4981,4457
09:47,99.5151,99.5151,99.4134,99.4134,2280
09:48,99.5467,99.5467,99.5151,99.5151,2567
09:49,99.5261,99.5467,99.5261,99.5467,1594
09:50,99.4867,99.5261,99.4867,99.5261,823
09:51,99.4874,99.4874,99.4867,99.4867,2423
09:52,99.5855,99.5855,99.4874,99.4874,2474
09:53,99.5172,99.5855,99.5172,99.5855,1331
09:54,99.6452,99.6452,99.5172,99.5172,3691
09:55,99.7836,99.7836,99.6452,99.6452,943
09:56,99.7491,99.7836,99.7491,99.7836,1539
09:57,99.7179,99.7491,99.7179,99.7491,1363
09:58,99.7695,99.7695,99.7179,99.7179,2420
09:59,99.7837,99.7837,99.7695,99.7695,2289
10:00,99.9482,99.9482,99.7837,99.7837,1393
10:01,100.0164,100.0164,99.9482,99.9482,1466
10:02,100.1952,100.1952,100.0164,100.0164,912
10:03,100.1518,100.1952,100.1518,100.1952,605
10:04,99.9663,100.1518,99.9663,100.1518,1056
10:05,100.0669,100.0669,99.9663,99.9663,1239
10:06,99.9843,100.0669,99.9843,100.0669,1782
10:07,100.074,100.074,99.9843,99.9843,1736
10:08,100.1345,100.1345,100.074,100.074,974
10:09,100.2448,100.2448,100.1345,100.1345,992
10:10,100.1474,100.2448,100.1474,100.2448,752
10:11,100.0744,100.1474,100.0744,100.1474,653
10:12,99.9625,100.0744,99.9625,100.0744,585
10:13,100.0085,100.0085,99.9625,99.9625,2120
10:14,99.7413,100.0085,99.7413,100.0085,880
10:15,99.9982,99.9982,99.7413,99.7413,897
10:16,100.1862,100.1862,99.9982,99.9982,668
10:17,100.1344,100.1862,100.1344,100.1862,1365
10:18,100.1493,100.1493,100.1344,100.1344,582
10:19,100.0748,100.1493,100.0748,100.1493,953
10:20,99.9077,100.0748,99.9077,100.0748,746
10:21,99.859,99.9077,99.859,99.9077,1171
10:22,99.6023,99.859,99.6023,99.859,850
10:23,99.5405,99.6023,99.5405,99.6023,668
10:24,99.5461,99.5461,99.5405,99.5405,1004
10:25,99.4372,99.5461,99.4372,99.5461,1178
10:26,99.3897,99.4372,99.3897,99.4372,1034
10:27,99.4451,99.4451,99.3897,99.3897,1123
10:28,99.3172,99.4451,99.3172,99.4451,805
10:29,99.3331,99.3331,99.3172,99.3172,885
10:30,99.4317,99.4317,99.3331,99.3331,792
10:31,99.5961,99.5961,99.4317,99.4317,885
10:32,99.6834,99.6834,99.5961,99.5961,753
10:33,99.9261,99.9261,99.6834,99.6834,544
10:34,99.9945,99.9945,99.9261,99.9261,1068
10:35,100.0254,100.0254,99.9945,99.9945,870
10:36,100.0868,100.0868,100.0254,100.0254,562
10:37,99.9759,100.0868,99.9759,100.0868,1181
10:38,99.9057,99.9759,99.9057,99.9759,726
10:39,99.8417,99.9057,99.8417,99.9057,1020
10:40,99.9202,99.9202,99.8417,99.8417,1297
10:41,100.0698,100.0698,99.9202,99.9202,1048
10:42,100.1728,100.1728,100.0698,100.0698,1499
10:43,100.1493,100.1728,100.1493,100.1728,646
10:44,100.2857,100.2857,100.1493,100.1493,1154
10:45,100.2962,100.2962,100.2857,100.2857,785
10:46,100.2503,100.2962,100.2503,100.2962,735
10:47,100.2571,100.2571,100.2503,100.2503,815
10:48,100.2138,100.2571,100.2138,100.2571,896
10:49,100.286,100.286,100.2138,100.2138,1020
10:50,100.2956,100.2956,100.286,100.286,662
10:51,100.4824,100.4824,100.2956,100.2956,1376
10:52,100.3867,100.4824,100.3867,100.4824,1180
10:53,100.4888,100.4888,100.3867,100.3867,580
10:54,100.4878,100.4888,100.4878,100.4888,1695
10:55,100.409,100.4878,100.409,100.4878,1958
10:56,100.5632,100.5632,100.409,100.409,1519
10:57,100.5292,100.5632,100.5292,100.5632,938
10:58,100.6244,100.6244,100.5292,100.5292,684
10:59,100.639,100.639,100.6244,100.6244,1453
11:00,100.5501,100.639,100.5501,100.639,867
11:01,100.4121,100.5501,100.4121,100.5501,1542
11:02,100.3351,100.4121,100.3351,100.4121,1077
11:03,100.0583,100.3351,100.0583,100.3351,1414
11:04,99.9892,100.0583,99.9892,100.0583,1135
11:05,99.9555,99.9892,99.9555,99.9892,1285
11:06,99.884,99.9555,99.884,99.9555,1004
11:07,100.0044,100.0044,99.884,99.884,1883
11:08,99.8796,100.0044,99.8796,100.0044,1046
11:09,99.9142,99.9142,99.8796,99.8796,1153
11:10,100.0006,100.0006,99.9142,99.9142,1949
11:11,99.9328,100.0006,99.9328,100.0006,620
11:12,100.0833,100.0833,99.9328,99.9328,637
11:13,100.0353,100.0833,100.0353,100.0833,1410
11:14,100.1162,100.1162,100.0353,100.0353,660
11:15,100.2194,100.2194,100.1162,100.1162,1992
11:16,100.2946,100.2946,100.2194,100.2194,864
11:17,100.1556,100.2946,100.1556,100.2946,767
11:18,100.0759,100.1556,100.0759,100.1556,1977
11:19,99.9492,100.0759,99.9492,100.0759,1690
11:20,99.9769,99.9769,99.9492,99.9492,1939
11:21,99.855,99.9769,99.855,99.9769,1379
11:22,99.8554,99.8554,99.855,99.855,737
11:23,99.836,99.8554,99.836,99.8554,1968
11:24,99.8257,99.836,99.8257,99.836,909
11:25,99.957,99.957,99.8257,99.8257,1329
11:26,99.8704,99.957,99.8704,99.957,1399
11:27,99.7517,99.8704,99.7517,99.8704,947
11:28,99.6349,99.7517,99.6349,99.7517,1243
11:29,99.4909,99.6349,99.4909,99.6349,1387
11:30,99.6733,99.6733,99.4909,99.4909,1143
11:31,99.7713,99.7713,99.6733,99.6733,677
11:32,99.655,99.7713,99.655,99.7713,1112
11:33,99.7004,99.7004,99.655,99.655,1600
11:34,99.5326,99.7004,99.5326,99.7004,782
11:35,99.5552,99.5552,99.5326,99.5326,948
11:36,99.532,99.5552,99.532,99.5552,857
11:37,99.484,99.532,99.484,99.532,1926
11:38,99.5834,99.5834,99.484,99.484,1269
11:39,99.5269,99.5834,99.5269,99.5834,1155
11:40,99.4125,99.5269,99.4125,99.5269,761
11:41,99.5542,99.5542,99.4125,99.4125,1211
11:42,99.5875,99.5875,99.5542,99.5542,787
11:43,99.6046,99.6046,99.5875,99.5875,1011
11:44,99.45,99.6046,99.45,99.6046,798
11:45,99.6102,99.6102,99.45,99.45,1271
11:46,99.6319,99.6319,99.6102,99.6102,1227
11:47,99.6031,99.6319,99.6031,99.6319,929
11:48,99.5367,99.6031,99.5367,99.6031,1151
11:49,99.3577,99.5367,99.3577,99.5367,679
11:50,99.3444,99.3577,99.3444,99.3577,589
11:51,99.1522,99.3444,99.1522,99.3444,1169
11:52,99.2509,99.2509,99.1522,99.1522,1061
11:53,99.1502,99.2509,99.1502,99.2509,1252
11:54,99.2996,99.2996,99.1502,99.1502,2328
11:55,99.1812,99.2996,99.1812,99.2996,1398
11:56,99.1653,99.1812,99.1653,99.1812,724
11:57,99.0728,99.1653,99.0728,99.1653,1486
11:58,98.8911,99.0728,98.8911,99.0728,627
11:59,98.8747,98.8911,98.8747,98.8911,849
12:00,98.8802,98.8802,98.8747,98.8747,976
12:01,98.7865,98.8802,98.7865,98.8802,1836
12:02,98.9724,98.9724,98.7865,98.7865,768
12:03,99.0436,99.0436,98.9724,98.9724,746
12:04,98.8552,99.0436,98.8552,99.0436,966
12:05,98.7842,98.8552,98.7842,98.8552,790
12:06,98.7732,98.7842,98.7732,98.7842,1491
12:07,98.7505,98.7732,98.7505,98.7732,682
12:08,98.6937,98.7505,98.6937,98.7505,666
12:09,98.6025,98.6937,98.6025,98.6937,856
12:10,98.6062,98.6062,98.6025,98.6025,838
12:11,98.5565,98.6062,98.5565,98.6062,1982
12:12,98.6977,98.6977,98.5565,98.5565,1400
12:13,98.7444,98.7444,98.6977,98.6977,1032
12:14,98.8572,98.8572,98.7444,98.7444,648
12:15,98.8737,98.8737,98.8572,98.8572,1349
12:16,98.9567,98.9567,98.8737,98.8737,701
12:17,98.9052,98.9567,98.9052,98.9567,578
12:18,98.9455,98.9455,98.9052,98.9052,1524
12:19,98.9743,98.9743,98.9455,98.9455,1119
12:20,98.9978,98.9978,98.9743,98.9743,1386
12:21,99.0559,99.0559,98.9978,98.9978,1120
12:22,99.0082,99.0559,99.0082,99.0559,1355
12:23,99.0558,99.0558,99.0082,99.0082,794
12:24,99.123,99.123,99.0558,99.0558,693
12:25,99.1581,99.1581,99.123,99.123,1273
12:26,99.2921,99.2921,99.1581,99.1581,752
12:27,99.4665,99.4665,99.2921,99.2921,783
12:28,99.4634,99.4665,99.4634,99.4665,851
12:29,99.4758,99.4758,99.4634,99.4634,1006
12:30,99.4473,99.4758,99.4473,99.4758,882
12:31,99.5327,99.5327,99.4473,99.4473,614
12:32,99.5686,99.5686,99.5327,99.5327,796
12:33,99.6551,99.6551,99.5686,99.5686,455
12:34,99.4407,99.6551,99.4407,99.6551,1248
12:35,99.4897,99.4897,99.4407,99.4407,567
12:36,99.421,99.4897,99.421,99.4897,676
12:37,99.3172,99.421,99.3172,99.421,1019
12:38,99.3635,99.3635,99.3172,99.3172,769
12:39,99.4858,99.4858,99.3635,99.3635,1728
12:40,99.6195,99.6195,99.4858,99.4858,632
12:41,99.8179,99.8179,99.6195,99.6195,1099
12:42,99.7169,99.8179,99.7169,99.8179,986
12:43,99.5863,99.7169,99.5863,99.7169,661
12:44,99.5965,99.5965,99.5863,99.5863,1204
12:45,99.6231,99.6231,99.5965,99.5965,941
12:46,99.6529,99.6529,99.6231,99.6231,1315
12:47,99.7053,99.7053,99.6529,99.6529,1339
12:48,99.5107,99.7053,99.5107,99.7053,2153
12:49,99.6187,99.6187,99.5107,99.5107,1606
12:50,99.4356,99.6187,99.4356,99.6187,877
12:51,99.51,99.51,99.4356,99.4356,919
12:52,99.5674,99.5674,99.51,99.51,1477
12:53,99.5634,99.5674,99.5634,99.5674,1261
12:54,99.4865,99.5634,99.4865,99.5634,1255
12:55,99.2337,99.4865,99.2337,99.4865,564
12:56,99.2423,99.2423,99.2337,99.2337,991
12:57,99.1838,99.2423,99.1838,99.2423,770
12:58,99.175,99.1838,99.175,99.1838,1104
12:59,99.0533,99.175,99.0533,99.175,966
13:00,98.7323,99.0533,98.7323,99.0533,1381
13:01,98.7782,98.7782,98.7323,98.7323,1119
13:02,98.7974,98.7974,98.7782,98.7782,1321
13:03,98.9224,98.9224,98.7974,98.7974,848
13:04,99.002,99.002,98.9224,98.9224,715
13:05,99.1193,99.1193,99.002,99.002,865
13:06,99.2238,99.2238,99.1193,99.1193,994
13:07,99.0925,99.2238,99.0925,99.2238,1144
13:08,99.1704,99.1704,99.0925,99.0925,2228
13:09,99.2416,99.2416,99.1704,99.1704,985
13:10,99.1867,99.2416,99.1867,99.2416,713
13:11,99.024,99.1867,99.024,99.1867,885
13:12,98.9315,99.024,98.9315,99.024,848
13:13,98.9563,98.9563,98.9315,98.9315,1186
13:14,99.0197,99.0197,98.9563,98.9563,579
13:15,98.9471,99.0197,98.9471,99.0197,1023
13:16,98.8811,98.9471,98.8811,98.9471,1057
13:17,98.6936,98.8811,98.6936,98.8811,1086
13:18,98.6679,98.6936,98.6679,98.6936,809
13:19,98.8643,98.8643,98.6679,98.6679,919
13:20,98.7489,98.8643,98.7489,98.8643,604
13:21,98.6914,98.7489,98.6914,98.7489,840
13:22,98.6784,98.6914,98.6784,98.6914,825
13:23,98.6305,98.6784,98.6305,98.6784,1159
13:24,98.611,98.6305,98.611,98.6305,664
13:25,98.7708,98.7708,98.611,98.611,1319
13:26,98.9131,98.9131,98.7708,98.7708,1699
13:27,99.0403,99.0403,98.9131,98.9131,480
13:28,99.0319,99.0403,99.0319,99.0403,1163
13:29,99.1827,99.1827,99.0319,99.0319,1271
13:30,99.1469,99.1827,99.1469,99.1827,798
13:31,99.0846,99.1469,99.0846,99.1469,869
13:32,99.1405,99.1405,99.0846,99.0846,954
13:33,99.1731,99.1731,99.1405,99.1405,900
13:34,99.1322,99.1731,99.1322,99.1731,896
13:35,99.1631,99.1631,99.1322,99.1322,552
13:36,99.2615,99.2615,99.1631,99.1631,1505
13:37,99.4179,99.4179,99.2615,99.2615,1466
13:38,99.4197,99.4197,99.4179,99.4179,750
13:39,99.4749,99.4749,99.4197,99.4197,595
13:40,99.4645,99.4749,99.4645,99.4749,1203
13:41,99.4481,99.4645,99.4481,99.4645,815
13:42,99.3241,99.4481,99.3241,99.4481,1052
13:43,99.2616,99.3241,99.2616,99.3241,893
13:44,99.2329,99.2616,99.2329,99.2616,1278
13:45,99.2076,99.2329,99.2076,99.2329,1279
13:46,99.2377,99.2377,99.2076,99.2076,773
13:47,99.1332,99.2377,99.1332,99.2377,612
13:48,98.9537,99.1332,98.9537,99.1332,571
13:49,98.9702,98.9702,98.9537,98.9537,1242
13:50,98.9352,98.9702,98.9352,98.9702,656
13:51,99.0794,99.0794,98.9352,98.9352,836
13:52,99.0642,99.0794,99.0642,99.0794,809
13:53,98.9333,99.0642,98.9333,99.0642,982
13:54,99.0742,99.0742,98.9333,98.9333,503
13:55,98.9903,99.0742,98.9903,99.0742,1069
13:56,98.8613,98.9903,98.8613,98.9903,1204
13:57,98.8153,98.8613,98.8153,98.8613,1032
13:58,98.8089,98.8153,98.8089,98.8153,896
13:59,98.7454,98.8089,98.7454,98.8089,1035
14:00,98.7595,98.7595,98.7454,98.7454,1152
14:01,98.96,98.96,98.7595,98.7595,374
14:02,98.9228,98.96,98.9228,98.96,2000
14:03,98.9012,98.9228,98.9012,98.9228,1148
14:04,98.8304,98.9012,98.8304,98.9012,794
14:05,98.9213,98.9213,98.8304,98.8304,871
14:06,98.9135,98.9213,98.9135,98.9213,1191
14:07,98.9369,98.9369,98.9135,98.9135,960
14:08,98.8964,98.9369,98.8964,98.9369,487
14:09,98.9568,98.9568,98.8964,98.8964,2079
14:10,98.9394,98.9568,98.9394,98.9568,962
14:11,98.8383,98.9394,98.8383,98.9394,1436
14:12,98.694,98.8383,98.694,98.8383,782
14:13,98.7608,98.7608,98.694,98.694,1724
14:14,98.812,98.812,98.7608,98.7608,1107
14:15,98.6418,98.812,98.6418,98.812,1241
14:16,98.4529,98.6418,98.4529,98.6418,690
14:17,98.2362,98.4529,98.2362,98.4529,1536
14:18,98.2207,98.2362,98.2207,98.2362,1277
14:19,98.1033,98.2207,98.1033,98.2207,1586
14:20,98.1078,98.1078,98.1033,98.1033,800
14:21,98.0858,98.1078,98.0858,98.1078,843
14:22,98.0627,98.0858,98.0627,98.0858,2263
14:23,98.2037,98.2037,98.0627,98.0627,687
14:24,98.0924,98.2037,98.0924,98.2037,953
14:25,98.0734,98.0924,98.0734,98.0924,1496
14:26,97.9804,98.0734,97.9804,98.0734,1035
14:27,98.0581,98.0581,97.9804,97.9804,1230
14:28,98.2633,98.2633,98.0581,98.0581,868
14:29,98.2868,98.2868,98.2633,98.2633,1140
14:30,98.4279,98.4279,98.2868,98.2868,629
14:31,98.416,98.4279,98.416,98.4279,1800
14:32,98.4022,98.416,98.4022,98.416,959
14:33,98.4936,98.4936,98.4022,98.4022,786
14:34,98.5114,98.5114,98.4936,98.4936,1267
14:35,98.4357,98.5114,98.4357,98.5114,849
14:36,98.322,98.4357,98.322,98.4357,623
14:37,98.4089,98.4089,98.322,98.322,620
14:38,98.2424,98.4089,98.2424,98.4089,1279
14:39,98.3045,98.3045,98.2424,98.2424,945
14:40,98.3547,98.3547,98.3045,98.3045,954
14:41,98.3073,98.3547,98.3073,98.3547,1466
14:42,98.2499,98.3073,98.2499,98.3073,671
14:43,98.2447,98.2499,98.2447,98.2499,772
14:44,98.2148,98.2447,98.2148,98.2447,873
14:45,98.2721,98.2721,98.2148,98.2148,1035
14:46,98.3741,98.3741,98.2721,98.2721,986
14:47,98.3336,98.3741,98.3336,98.3741,904
14:48,98.3099,98.3336,98.3099,98.3336,979
14:49,98.2776,98.3099,98.2776,98.3099,964
14:50,98.3181,98.3181,98.2776,98.2776,776
14:51,98.4413,98.4413,98.3181,98.3181,751
14:52,98.3932,98.4413,98.3932,98.4413,1104
14:53,98.533,98.533,98.3932,98.3932,731
14:54,98.6028,98.6028,98.533,98.533,665
14:55,98.7777,98.7777,98.6028,98.6028,898
14:56,98.7473,98.7777,98.7473,98.7777,949
14:57,98.6806,98.7473,98.6806,98.7473,2234
14:58,98.5926,98.6806,98.5926,98.6806,782
14:59,98.558,98.5926,98.558,98.5926,1404
15:00,98.5585,98.5585,98.558,98.558,1311
15:01,98.4522,98.5585,98.4522,98.5585,660
15:02,98.3609,98.4522,98.3609,98.4522,1326
15:03,98.5851,98.5851,98.3609,98.3609,663
15:04,98.5487,98.5851,98.5487,98.5851,394
15:05,98.6317,98.6317,98.5487,98.5487,1255
15:06,98.5427,98.6317,98.5427,98.6317,544
15:07,98.4928,98.5427,98.4928,98.5427,1192
15:08,98.5761,98.5761,98.4928,98.4928,799
15:09,98.7046,98.7046,98.5761,98.5761,1839
15:10,98.8439,98.8439,98.7046,98.7046,1496
15:11,98.7157,98.8439,98.7157,98.8439,875
15:12,98.5908,98.7157,98.5908,98.7157,808
15:13,98.7064,98.7064,98.5908,98.5908,674
15:14,98.6153,98.7064,98.6153,98.7064,891
15:15,98.6738,98.6738,98.6153,98.6153,948
15:16,98.5479,98.6738,98.5479,98.6738,926
15:17,98.6586,98.6586,98.5479,98.5479,1122
15:18,98.5484,98.6586,98.5484,98.6586,1314
15:19,98.456,98.5484,98.456,98.5484,1223
15:20,98.422,98.456,98.422,98.456,832
15:21,98.3798,98.422,98.3798,98.422,663
15:22,98.5087,98.5087,98.3798,98.3798,1813
15:23,98.7316,98.7316,98.5087,98.5087,888
15:24,98.8236,98.8236,98.7316,98.7316,914
15:25,98.9606,98.9606,98.8236,98.8236,974
15:26,98.9034,98.9606,98.9034,98.9606,622
15:27,98.9745,98.9745,98.9034,98.9034,1030
15:28,98.8802,98.9745,98.8802,98.9745,1054
15:29,98.8811,98.8811,98.8802,98.8802,1597
15:30,98.9387,98.9387,98.8811,98.8811,1689
15:31,99.0099,99.0099,98.9387,98.9387,1361
15:32,99.0023,99.0099,99.0023,99.0099,1956
15:33,98.9955,99.0023,98.9955,99.0023,1643
15:34,98.911,98.9955,98.911,98.9955,1506
15:35,98.8595,98.911,98.8595,98.911,1671
15:36,98.8628,98.8628,98.8595,98.8595,1543
15:37,98.8234,98.8628,98.8234,98.8628,1505
15:38,98.8445,98.8445,98.8234,98.8234,1656
15:39,98.6311,98.8445,98.6311,98.8445,1288
15:40,98.7239,98.7239,98.6311,98.6311,2246
15:41,98.6273,98.7239,98.6273,98.7239,1518
15:42,98.4578,98.6273,98.4578,98.6273,3096
15:43,98.4919,98.4919,98.4578,98.4578,2244
15:44,98.5911,98.5911,98.4919,98.4919,2671
15:45,98.6181,98.6181,98.5911,98.5911,3354
15:46,98.6396,98.6396,98.6181,98.6181,3804
15:47,98.5811,98.6396,98.5811,98.6396,1871
15:48,98.5225,98.5811,98.5225,98.5811,3277
15:49,98.5755,98.5755,98.5225,98.5225,5216
15:50,98.4868,98.5755,98.4868,98.5755,2268
15:51,98.6746,98.6746,98.4868,98.4868,5160
15:52,98.723,98.723,98.6746,98.6746,2200
15:53,98.6606,98.723,98.6606,98.723,3711
15:54,98.6539,98.6606,98.6539,98.6606,5897
15:55,98.5238,98.6539,98.5238,98.6539,3531
15:56,98.4148,98.5238,98.4148,98.5238,4898
15:57,98.5184,98.5184,98.4148,98.4148,4511
15:58,98.2295,98.5184,98.2295,98.5184,14929
15:59,98.1321,98.2295,98.1321,98.2295,9667
