Time,Close,High,Low,Open,Volume
09:30,100.0674,100.0924,100.0674,100.0924,18689
09:31,100.0583,100.0674,100.0583,100.0674,10511
09:32,100.1908,100.1908,100.0583,100.0583,11775
09:33,100.1792,100.1908,100.1792,100.1908,16820
09:34,100.0972,100.1792,100.0972,100.1792,13466
09:35,100.0696,100.0972,100.0696,100.0972,4493
09:36,99.9619,100.0696,99.9619,100.0696,8147
09:37,99.8938,99.9619,99.8938,99.9619,5054
09:38,99.8866,99.8938,99.8866,99.8938,4718
09:39,99.8497,99.8866,99.8497,99.8866,5203
09:40,99.9066,99.9066,99.8497,99.8497,4357
09:41,99.8656,99.9066,99.8656,99.9066,6393
09:42,99.8865,99.8865,99.8656,99.8656,4619
09:43,99.9202,99.9202,99.8865,99.8865,3408
09:44,99.9234,99.9234,99.9202,99.9202,3544
09:45,100.0006,100.0006,99.9234,99.9234,3169
09:46,100.0571,100.0571,100.0006,100.0006,4457
09:47,100.0596,100.0596,100.0571,100.0571,2280
09:48,100.1568,100.1568,100.0596,100.0596,2567
09:49,100.1204,100.1568,100.1204,100.1568,1594
09:50,100.0987,100.1204,100.0987,100.1204,823
09:51,100.1496,100.1496,100.0987,100.0987,2423
09:52,100.1874,100.1874,100.1496,100.1496,2474
09:53,100.2666,100.2666,100.1874,100.1874,1331
09:54,100.3972,100.3972,100.2666,100.2666,3691
09:55,100.3773,100.3972,100.3773,100.3972,943
09:56,100.3285,100.3773,100.3285,100.3773,1539
09:57,100.3726,100.3726,100.3285,100.3285,1363
09:58,100.2661,100.3726,100.2661,100.3726,2420
09:59,100.2012,100.2661,100.2012,100.2661,2289
10:00,100.274,100.274,100.2012,100.2012,1393
10:01,100.3571,100.3571,100.274,100.274,1466
10:02,100.3074,100.3571,100.3074,100.3571,912
10:03,100.4215,100.4215,100.3074,100.3074,605
10:04,100.4775,100.4775,100.4215,100.4215,1056
10:05,100.6144,100.6144,100.4775,100.4775,1239
10:06,100.5512,100.6144,100.5512,100.6144,1782
10:07,100.5189,100.5512,100.5189,100.5512,1736
10:08,100.5528,100.5528,100.5189,100.5189,974
10:09,100.674,100.674,100.5528,100.5528,992
10:10,100.644,100.674,100.644,100.674,752
10:11,100.6187,100.644,100.6187,100.644,653
10:12,100.6876,100.6876,100.6187,100.6187,585
10:13,100.7462,100.7462,100.6876,100.6876,2120
10:14,100.7213,100.7462,100.7213,100.7462,880
10:15,100.7802,100.7802,100.7213,100.7213,897
10:16,100.7248,100.7802,100.7248,100.7802,668
10:17,100.7485,100.7485,100.7248,100.7248,1365
10:18,100.6819,100.7485,100.6819,100.7485,582
10:19,100.6463,100.6819,100.6463,100.6819,953
10:20,100.611,100.6463,100.611,100.6463,746
10:21,100.6671,100.6671,100.611,100.611,1171
10:22,100.6948,100.6948,100.6671,100.6671,850
10:23,100.7361,100.7361,100.6948,100.6948,668
10:24,100.7505,100.7505,100.7361,100.7361,1004
10:25,100.719,100.7505,100.719,100.7505,1178
10:26,100.7507,100.7507,100.719,100.719,1034
10:27,100.7754,100.7754,100.7507,100.7507,1123
10:28,100.7029,100.7754,100.7029,100.7754,805
10:29,100.6646,100.7029,100.6646,100.7029,885
10:30,100.5891,100.6646,100.5891,100.6646,792
10:31,100.5945,100.5945,100.5891,100.5891,885
10:32,100.562,100.5945,100.562,100.5945,753
10:33,100.5713,100.5713,100.562,100.562,544
10:34,100.5455,100.5713,100.5455,100.5713,1068
10:35,100.5598,100.5598,100.5455,100.5455,870
10:36,100.5687,100.5687,100.5598,100.5598,562
10:37,100.5516,100.5687,100.5516,100.5687,1181
10:38,100.4014,100.5516,100.4014,100.5516,726
10:39,100.4056,100.4056,100.4014,100.4014,1020
10:40,100.3737,100.4056,100.3737,100.4056,1297
10:41,100.2915,100.3737,100.2915,100.3737,1048
10:42,100.427,100.427,100.2915,100.2915,1499
10:43,100.4403,100.4403,100.427,100.427,646
10:44,100.3932,100.4403,100.3932,100.4403,1154
10:45,100.2821,100.3932,100.2821,100.3932,785
10:46,100.2824,100.2824,100.2821,100.2821,735
10:47,100.3466,100.3466,100.2824,100.2824,815
10:48,100.3967,100.3967,100.3466,100.3466,896
10:49,100.4221,100.4221,100.3967,100.3967,1020
10:50,100.3873,100.4221,100.3873,100.4221,662
10:51,100.4176,100.4176,100.3873,100.3873,1376
10:52,100.3857,100.4176,100.3857,100.4176,1180
10:53,100.3019,100.3857,100.3019,100.3857,580
10:54,100.2966,100.3019,100.2966,100.3019,1695
10:55,100.3129,100.3129,100.2966,100.2966,1958
10:56,100.3255,100.3255,100.3129,100.3129,1519
10:57,100.3644,100.3644,100.3255,100.3255,938
10:58,100.3253,100.3644,100.3253,100.3644,684
10:59,100.3824,100.3824,100.3253,100.3253,1453
11:00,100.384,100.384,100.3824,100.3824,867
11:01,100.3345,100.384,100.3345,100.384,1542
11:02,100.2047,100.3345,100.2047,100.3345,1077
11:03,100.1378,100.2047,100.1378,100.2047,1414
11:04,100.1348,100.1378,100.1348,100.1378,1135
11:05,100.1199,100.1348,100.1199,100.1348,1285
11:06,100.2437,100.2437,100.1199,100.1199,1004
11:07,100.2713,100.2713,100.2437,100.2437,1883
11:08,100.2732,100.2732,100.2713,100.2713,1046
11:09,100.181,100.2732,100.181,100.2732,1153
11:10,100.1716,100.181,100.1716,100.181,1949
11:11,100.196,100.196,100.1716,100.1716,620
11:12,100.2167,100.2167,100.196,100.196,637
11:13,100.1543,100.2167,100.1543,100.2167,1410
11:14,100.2181,100.2181,100.1543,100.1543,660
11:15,100.1526,100.2181,100.1526,100.2181,1992
11:16,100.0255,100.1526,100.0255,100.1526,864
11:17,100.0598,100.0598,100.0255,100.0255,767
11:18,100.1203,100.1203,100.0598,100.0598,1977
11:19,100.0876,100.1203,100.0876,100.1203,1690
11:20,100.2312,100.2312,100.0876,100.0876,1939
11:21,100.2223,100.2312,100.2223,100.2312,1379
11:22,100.2232,100.2232,100.2223,100.2223,737
11:23,100.2515,100.2515,100.2232,100.2232,1968
11:24,100.2017,100.2515,100.2017,100.2515,909
11:25,100.177,100.2017,100.177,100.2017,1329
11:26,100.1809,100.1809,100.177,100.177,1399
11:27,100.1624,100.1809,100.1624,100.1809,947
11:28,100.162,100.1624,100.162,100.1624,1243
11:29,100.2212,100.2212,100.162,100.162,1387
11:30,100.3082,100.3082,100.2212,100.2212,1143
11:31,100.311,100.311,100.3082,100.3082,677
11:32,100.4186,100.4186,100.311,100.311,1112
11:33,100.3478,100.4186,100.3478,100.4186,1600
11:34,100.3876,100.3876,100.3478,100.3478,782
11:35,100.4014,100.4014,100.3876,100.3876,948
11:36,100.3886,100.4014,100.3886,100.4014,857
11:37,100.4251,100.4251,100.3886,100.3886,1926
11:38,100.4103,100.4251,100.4103,100.4251,1269
11:39,100.4842,100.4842,100.4103,100.4103,1155
11:40,100.5077,100.5077,100.4842,100.4842,761
11:41,100.4345,100.5077,100.4345,100.5077,1211
11:42,100.4187,100.4345,100.4187,100.4345,787
11:43,100.3677,100.4187,100.3677,100.4187,1011
11:44,100.4022,100.4022,100.3677,100.3677,798
11:45,100.3522,100.4022,100.3522,100.4022,1271
11:46,100.3194,100.3522,100.3194,100.3522,1227
11:47,100.3587,100.3587,100.3194,100.3194,929
11:48,100.3732,100.3732,100.3587,100.3587,1151
11:49,100.414,100.414,100.3732,100.3732,679
11:50,100.4107,100.414,100.4107,100.414,589
11:51,100.3945,100.4107,100.3945,100.4107,1169
11:52,100.4127,100.4127,100.3945,100.3945,1061
11:53,100.4134,100.4134,100.4127,100.4127,1252
11:54,100.2941,100.4134,100.2941,100.4134,2328
11:55,100.2723,100.2941,100.2723,100.2941,1398
11:56,100.3333,100.3333,100.2723,100.2723,724
11:57,100.4089,100.4089,100.3333,100.3333,1486
11:58,100.3676,100.4089,100.3676,100.4089,627
11:59,100.4189,100.4189,100.3676,100.3676,849
12:00,100.3705,100.4189,100.3705,100.4189,976
12:01,100.4631,100.4631,100.3705,100.3705,1836
12:02,100.4542,100.4631,100.4542,100.4631,768
12:03,100.4255,100.4542,100.4255,100.4542,746
12:04,100.3606,100.4255,100.3606,100.4255,966
12:05,100.3055,100.3606,100.3055,100.3606,790
12:06,100.3351,100.3351,100.3055,100.3055,1491
12:07,100.3322,100.3351,100.3322,100.3351,682
12:08,100.2816,100.3322,100.2816,100.3322,666
12:09,100.247,100.2816,100.247,100.2816,856
12:10,100.3529,100.3529,100.247,100.247,838
12:11,100.3871,100.3871,100.3529,100.3529,1982
12:12,100.4499,100.4499,100.3871,100.3871,1400
12:13,100.4475,100.4499,100.4475,100.4499,1032
12:14,100.4275,100.4475,100.4275,100.4475,648
12:15,100.4331,100.4331,100.4275,100.4275,1349
12:16,100.3984,100.4331,100.3984,100.4331,701
12:17,100.3305,100.3984,100.3305,100.3984,578
12:18,100.3659,100.3659,100.3305,100.3305,1524
12:19,100.3843,100.3843,100.3659,100.3659,1119
12:20,100.4162,100.4162,100.3843,100.3843,1386
12:21,100.3305,100.4162,100.3305,100.4162,1120
12:22,100.3098,100.3305,100.3098,100.3305,1355
12:23,100.2663,100.3098,100.2663,100.3098,794
12:24,100.2928,100.2928,100.2663,100.2663,693
12:25,100.1731,100.2928,100.1731,100.2928,1273
12:26,100.1936,100.1936,100.1731,100.1731,752
12:27,100.2335,100.2335,100.1936,100.1936,783
12:28,100.2573,100.2573,100.2335,100.2335,851
12:29,100.2156,100.2573,100.2156,100.2573,1006
12:30,100.281,100.281,100.2156,100.2156,882
12:31,100.2119,100.281,100.2119,100.281,614
12:32,100.1499,100.2119,100.1499,100.2119,796
12:33,100.1785,100.1785,100.1499,100.1499,455
12:34,100.1435,100.1785,100.1435,100.1785,1248
12:35,100.1783,100.1783,100.1435,100.1435,567
12:36,100.2059,100.2059,100.1783,100.1783,676
12:37,100.2091,100.2091,100.2059,100.2059,1019
12:38,100.3227,100.3227,100.2091,100.2091,769
12:39,100.3515,100.3515,100.3227,100.3227,1728
12:40,100.3324,100.3515,100.3324,100.3515,632
12:41,100.3615,100.3615,100.3324,100.3324,1099
12:42,100.3722,100.3722,100.3615,100.3615,986
12:43,100.4012,100.4012,100.3722,100.3722,661
12:44,100.4453,100.4453,100.4012,100.4012,1204
12:45,100.4371,100.4453,100.4371,100.4453,941
12:46,100.4395,100.4395,100.4371,100.4371,1315
12:47,100.4416,100.4416,100.4395,100.4395,1339
12:48,100.3814,100.4416,100.3814,100.4416,2153
12:49,100.3195,100.3814,100.3195,100.3814,1606
12:50,100.3095,100.3195,100.3095,100.3195,877
12:51,100.2766,100.3095,100.2766,100.3095,919
12:52,100.2743,100.2766,100.2743,100.2766,1477
12:53,100.2025,100.2743,100.2025,100.2743,1261
12:54,100.1449,100.2025,100.1449,100.2025,1255
12:55,100.0892,100.1449,100.0892,100.1449,564
12:56,100.1431,100.1431,100.0892,100.0892,991
12:57,100.0828,100.1431,100.0828,100.1431,770
12:58,100.122,100.122,100.0828,100.0828,1104
12:59,100.158,100.158,100.122,100.122,966
13:00,100.1006,100.158,100.1006,100.158,1381
13:01,100.143,100.143,100.1006,100.1006,1119
13:02,100.0633,100.143,100.0633,100.143,1321
13:03,100.0944,100.0944,100.0633,100.0633,848
13:04,100.0554,100.0944,100.0554,100.0944,715
13:05,100.0376,100.0554,100.0376,100.0554,865
13:06,99.9773,100.0376,99.9773,100.0376,994
13:07,99.9773,99.9773,99.9773,99.9773,1144
13:08,99.9728,99.9773,99.9728,99.9773,2228
13:09,100.0183,100.0183,99.9728,99.9728,985
13:10,99.9693,100.0183,99.9693,100.0183,713
13:11,100.0072,100.0072,99.9693,99.9693,885
13:12,100.0533,100.0533,100.0072,100.0072,848
13:13,100.0516,100.0533,100.0516,100.0533,1186
13:14,100.0497,100.0516,100.0497,100.0516,579
13:15,100.1579,100.1579,100.0497,100.0497,1023
13:16,100.1935,100.1935,100.1579,100.1579,1057
13:17,100.2477,100.2477,100.1935,100.1935,1086
13:18,100.2127,100.2477,100.2127,100.2477,809
13:19,100.1577,100.2127,100.1577,100.2127,919
13:20,100.0796,100.1577,100.0796,100.1577,604
13:21,99.9168,100.0796,99.9168,100.0796,840
13:22,100.0073,100.0073,99.9168,99.9168,825
13:23,100.0538,100.0538,100.0073,100.0073,1159
13:24,100.0789,100.0789,100.0538,100.0538,664
13:25,100.0942,100.0942,100.0789,100.0789,1319
13:26,100.0903,100.0942,100.0903,100.0942,1699
13:27,100.1458,100.1458,100.0903,100.0903,480
13:28,100.1684,100.1684,100.1458,100.1458,1163
13:29,100.1825,100.1825,100.1684,100.1684,1271
13:30,100.1967,100.1967,100.1825,100.1825,798
13:31,100.2127,100.2127,100.1967,100.1967,869
13:32,100.1892,100.2127,100.1892,100.2127,954
13:33,100.171,100.1892,100.171,100.1892,900
13:34,100.19,100.19,100.171,100.171,896
13:35,100.2103,100.2103,100.19,100.19,552
13:36,100.1764,100.2103,100.1764,100.2103,1505
13:37,100.1937,100.1937,100.1764,100.1764,1466
13:38,100.2282,100.2282,100.1937,100.1937,750
13:39,100.2265,100.2282,100.2265,100.2282,595
13:40,100.2586,100.2586,100.2265,100.2265,1203
13:41,100.2505,100.2586,100.2505,100.2586,815
13:42,100.2767,100.2767,100.2505,100.2505,1052
13:43,100.3662,100.3662,100.2767,100.2767,893
13:44,100.2953,100.3662,100.2953,100.3662,1278
13:45,100.2603,100.2953,100.2603,100.2953,1279
13:46,100.3703,100.3703,100.2603,100.2603,773
13:47,100.3625,100.3703,100.3625,100.3703,612
13:48,100.3452,100.3625,100.3452,100.3625,571
13:49,100.3521,100.3521,100.3452,100.3452,1242
13:50,100.4118,100.4118,100.3521,100.3521,656
13:51,100.3556,100.4118,100.3556,100.4118,836
13:52,100.3091,100.3556,100.3091,100.3556,809
13:53,100.2781,100.3091,100.2781,100.3091,982
13:54,100.2604,100.2781,100.2604,100.2781,503
13:55,100.1557,100.2604,100.1557,100.2604,1069
13:56,100.2442,100.2442,100.1557,100.1557,1204
13:57,100.2955,100.2955,100.2442,100.2442,1032
13:58,100.2875,100.2955,100.2875,100.2955,896
13:59,100.2184,100.2875,100.2184,100.2875,1035
14:00,100.3436,100.3436,100.2184,100.2184,1152
14:01,100.3912,100.3912,100.3436,100.3436,374
14:02,100.4187,100.4187,100.3912,100.3912,2000
14:03,100.4631,100.4631,100.4187,100.4187,1148
14:04,100.3644,100.4631,100.3644,100.4631,794
14:05,100.3711,100.3711,100.3644,100.3644,871
14:06,100.3096,100.3711,100.3096,100.3711,1191
14:07,100.3172,100.3172,100.3096,100.3096,960
14:08,100.3926,100.3926,100.3172,100.3172,487
14:09,100.4113,100.4113,100.3926,100.3926,2079
14:10,100.2588,100.4113,100.2588,100.4113,962
14:11,100.3624,100.3624,100.2588,100.2588,1436
14:12,100.4558,100.4558,100.3624,100.3624,782
14:13,100.4843,100.4843,100.4558,100.4558,1724
14:14,100.5766,100.5766,100.4843,100.4843,1107
14:15,100.6158,100.6158,100.5766,100.5766,1241
14:16,100.4821,100.6158,100.4821,100.6158,690
14:17,100.3236,100.4821,100.3236,100.4821,1536
14:18,100.372,100.372,100.3236,100.3236,1277
14:19,100.3459,100.372,100.3459,100.372,1586
14:20,100.356,100.356,100.3459,100.3459,800
14:21,100.4697,100.4697,100.356,100.356,843
14:22,100.4644,100.4697,100.4644,100.4697,2263
14:23,100.4966,100.4966,100.4644,100.4644,687
14:24,100.3921,100.4966,100.3921,100.4966,953
14:25,100.3959,100.3959,100.3921,100.3921,1496
14:26,100.3519,100.3959,100.3519,100.3959,1035
14:27,100.3146,100.3519,100.3146,100.3519,1230
14:28,100.295,100.3146,100.295,100.3146,868
14:29,100.2671,100.295,100.2671,100.295,1140
14:30,100.3659,100.3659,100.2671,100.2671,629
14:31,100.4246,100.4246,100.3659,100.3659,1800
14:32,100.3941,100.4246,100.3941,100.4246,959
14:33,100.4163,100.4163,100.3941,100.3941,786
14:34,100.5021,100.5021,100.4163,100.4163,1267
14:35,100.436,100.5021,100.436,100.5021,849
14:36,100.4162,100.436,100.4162,100.436,623
14:37,100.3839,100.4162,100.3839,100.4162,620
14:38,100.4148,100.4148,100.3839,100.3839,1279
14:39,100.3221,100.4148,100.3221,100.4148,945
14:40,100.3377,100.3377,100.3221,100.3221,954
14:41,100.3757,100.3757,100.3377,100.3377,1466
14:42,100.5231,100.5231,100.3757,100.3757,671
14:43,100.5181,100.5231,100.5181,100.5231,772
14:44,100.5709,100.5709,100.5181,100.5181,873
14:45,100.6536,100.6536,100.5709,100.5709,1035
14:46,100.5982,100.6536,100.5982,100.6536,986
14:47,100.6114,100.6114,100.5982,100.5982,904
14:48,100.6585,100.6585,100.6114,100.6114,979
14:49,100.6656,100.6656,100.6585,100.6585,964
14:50,100.5318,100.6656,100.5318,100.6656,776
14:51,100.6156,100.6156,100.5318,100.5318,751
14:52,100.5422,100.6156,100.5422,100.6156,1104
14:53,100.5083,100.5422,100.5083,100.5422,731
14:54,100.4764,100.5083,100.4764,100.5083,665
14:55,100.4769,100.4769,100.4764,100.4764,898
14:56,100.4193,100.4769,100.4193,100.4769,949
14:57,100.3186,100.4193,100.3186,100.4193,2234
14:58,100.2052,100.3186,100.2052,100.3186,782
14:59,100.2115,100.2115,100.2052,100.2052,1404
15:00,100.3135,100.3135,100.2115,100.2115,1311
15:01,100.3592,100.3592,100.3135,100.3135,660
15:02,100.4278,100.4278,100.3592,100.3592,1326
15:03,100.4237,100.4278,100.4237,100.4278,663
15:04,100.3969,100.4237,100.3969,100.4237,394
15:05,100.3858,100.3969,100.3858,100.3969,1255
15:06,100.3338,100.3858,100.3338,100.3858,544
15:07,100.3748,100.3748,100.3338,100.3338,1192
15:08,100.3939,100.3939,100.3748,100.3748,799
15:09,100.3965,100.3965,100.3939,100.3939,1839
15:10,100.5213,100.5213,100.3965,100.3965,1496
15:11,100.5085,100.5213,100.5085,100.5213,875
15:12,100.4644,100.5085,100.4644,100.5085,808
15:13,100.5005,100.5005,100.4644,100.4644,674
15:14,100.4896,100.5005,100.4896,100.5005,891
15:15,100.541,100.541,100.4896,100.4896,948
15:16,100.455,100.541,100.455,100.541,926
15:17,100.3038,100.455,100.3038,100.455,1122
15:18,100.3587,100.3587,100.3038,100.3038,1314
15:19,100.3006,100.3587,100.3006,100.3587,1223
15:20,100.1897,100.3006,100.1897,100.3006,832
15:21,100.2034,100.2034,100.1897,100.1897,663
15:22,100.159,100.2034,100.159,100.2034,1813
15:23,100.2335,100.2335,100.159,100.159,888
15:24,100.1837,100.2335,100.1837,100.2335,914
15:25,100.152,100.1837,100.152,100.1837,974
15:26,100.0625,100.152,100.0625,100.152,622
15:27,100.0308,100.0625,100.0308,100.0625,1030
15:28,100.032,100.032,100.0308,100.0308,1054
15:29,100.0455,100.0455,100.032,100.032,1597
15:30,100.1773,100.1773,100.0455,100.0455,1689
15:31,100.1667,100.1773,100.1667,100.1773,1361
15:32,100.0972,100.1667,100.0972,100.1667,1956
15:33,100.2133,100.2133,100.0972,100.0972,1643
15:34,100.1965,100.2133,100.1965,100.2133,1506
15:35,100.1357,100.1965,100.1357,100.1965,1671
15:36,100.1381,100.1381,100.1357,100.1357,1543
15:37,100.1067,100.1381,100.1067,100.1381,1505
15:38,100.1151,100.1151,100.1067,100.1067,1656
15:39,100.0305,100.1151,100.0305,100.1151,1288
15:40,100.0353,100.0353,100.0305,100.0305,2246
15:41,100.0161,100.0353,100.0161,100.0353,1518
15:42,100.0458,100.0458,100.0161,100.0161,3096
15:43,100.0342,100.0458,100.0342,100.0458,2244
15:44,100.0474,100.0474,100.0342,100.0342,2671
15:45,100.1475,100.1475,100.0474,100.0474,3354
15:46,100.1275,100.1475,100.1275,100.1475,3804
15:47,100.1557,100.1557,100.1275,100.1275,1871
15:48,100.1071,100.1557,100.1071,100.1557,3277
15:49,100.1358,100.1358,100.1071,100.1071,5216
15:50,100.0916,100.1358,100.0916,100.1358,2268
15:51,100.1592,100.1592,100.0916,100.0916,5160
15:52,100.1562,100.1592,100.1562,100.1592,2200
15:53,100.2058,100.2058,100.1562,100.1562,3711
15:54,100.314,100.314,100.2058,100.2058,5897
15:55,100.2537,100.314,100.2537,100.314,3531
15:56,100.2882,100.2882,100.2537,100.2537,4898
15:57,100.3156,100.3156,100.2882,100.2882,4511
15:58,100.2782,100.3156,100.2782,100.3156,14929
15:59,100.2105,100.2782,100.2105,100.2782,9667
