Time,Close,High,Low,Open,Volume
09:30,99.9904,100.0089,99.9904,100.0089,18689
09:31,99.9943,99.9943,99.9904,99.9904,10511
09:32,99.9811,99.9943,99.9811,99.9943,11775
09:33,99.9988,99.9988,99.9811,99.9811,16820
09:34,99.9958,99.9988,99.9958,99.9988,13466
09:35,99.9738,99.9958,99.9738,99.9958,4493
09:36,99.9702,99.9738,99.9702,99.9738,8147
09:37,99.9957,99.9957,99.9702,99.9702,5054
09:38,99.9906,99.9957,99.9906,99.9957,4718
09:39,99.9817,99.9906,99.9817,99.9906,5203
09:40,99.9679,99.9817,99.9679,99.9817,4357
09:41,99.9575,99.9679,99.9575,99.9679,6393
09:42,99.9761,99.9761,99.9575,99.9575,4619
09:43,99.9515,99.9761,99.9515,99.9761,3408
09:44,99.944,99.9515,99.944,99.9515,3544
09:45,99.9137,99.944,99.9137,99.944,3169
09:46,99.9305,99.9305,99.9137,99.9137,4457
09:47,99.9553,99.9553,99.9305,99.9305,2280
09:48,99.9699,99.9699,99.9553,99.9553,2567
09:49,99.9106,99.9699,99.9106,99.9699,1594
09:50,99.8675,99.9106,99.8675,99.9106,823
09:51,99.8549,99.8675,99.8549,99.8675,2423
09:52,99.8446,99.8549,99.8446,99.8549,2474
09:53,99.8304,99.8446,99.8304,99.8446,1331
09:54,99.8112,99.8304,99.8112,99.8304,3691
09:55,99.8341,99.8341,99.8112,99.8112,943
09:56,99.8817,99.8817,99.8341,99.8341,1539
09:57,99.8573,99.8817,99.8573,99.8817,1363
09:58,99.8502,99.8573,99.8502,99.8573,2420
09:59,99.8297,99.8502,99.8297,99.8502,2289
10:00,99.8438,99.8438,99.8297,99.8297,1393
10:01,99.836,99.8438,99.836,99.8438,1466
10:02,99.8515,99.8515,99.836,99.836,912
10:03,99.9041,99.9041,99.8515,99.8515,605
10:04,99.8978,99.9041,99.8978,99.9041,1056
10:05,99.8951,99.8978,99.8951,99.8978,1239
10:06,99.8774,99.8951,99.8774,99.8951,1782
10:07,99.8508,99.8774,99.8508,99.8774,1736
10:08,99.8275,99.8508,99.8275,99.8508,974
10:09,99.8076,99.8275,99.8076,99.8275,992
10:10,99.7679,99.8076,99.7679,99.8076,752
10:11,99.7678,99.7679,99.7678,99.7679,653
10:12,99.7438,99.7678,99.7438,99.7678,585
10:13,99.749,99.749,99.7438,99.7438,2120
10:14,99.7468,99.749,99.7468,99.749,880
10:15,99.7192,99.7468,99.7192,99.7468,897
10:16,99.7178,99.7192,99.7178,99.7192,668
10:17,99.761,99.761,99.7178,99.7178,1365
10:18,99.7872,99.7872,99.761,99.761,582
10:19,99.7892,99.7892,99.7872,99.7872,953
10:20,99.7899,99.7899,99.7892,99.7892,746
10:21,99.776,99.7899,99.776,99.7899,1171
10:22,99.7385,99.776,99.7385,99.776,850
10:23,99.7337,99.7385,99.7337,99.7385,668
10:24,99.7587,99.7587,99.7337,99.7337,1004
10:25,99.7189,99.7587,99.7189,99.7587,1178
10:26,99.7017,99.7189,99.7017,99.7189,1034
10:27,99.6886,99.7017,99.6886,99.7017,1123
10:28,99.7009,99.7009,99.6886,99.6886,805
10:29,99.7044,99.7044,99.7009,99.7009,885
10:30,99.6685,99.7044,99.6685,99.7044,792
10:31,99.6463,99.6685,99.6463,99.6685,885
10:32,99.6276,99.6463,99.6276,99.6463,753
10:33,99.5971,99.6276,99.5971,99.6276,544
10:34,99.5718,99.5971,99.5718,99.5971,1068
10:35,99.5336,99.5718,99.5336,99.5718,870
10:36,99.5265,99.5336,99.5265,99.5336,562
10:37,99.4822,99.5265,99.4822,99.5265,1181
10:38,99.4613,99.4822,99.4613,99.4822,726
10:39,99.4636,99.4636,99.4613,99.4613,1020
10:40,99.4689,99.4689,99.4636,99.4636,1297
10:41,99.4895,99.4895,99.4689,99.4689,1048
10:42,99.4693,99.4895,99.4693,99.4895,1499
10:43,99.4818,99.4818,99.4693,99.4693,646
10:44,99.4381,99.4818,99.4381,99.4818,1154
10:45,99.4123,99.4381,99.4123,99.4381,785
10:46,99.4313,99.4313,99.4123,99.4123,735
10:47,99.456,99.456,99.4313,99.4313,815
10:48,99.4444,99.456,99.4444,99.456,896
10:49,99.4259,99.4444,99.4259,99.4444,1020
10:50,99.4217,99.4259,99.4217,99.4259,662
10:51,99.4252,99.4252,99.4217,99.4217,1376
10:52,99.4305,99.4305,99.4252,99.4252,1180
10:53,99.4387,99.4387,99.4305,99.4305,580
10:54,99.425,99.4387,99.425,99.4387,1695
10:55,99.4019,99.425,99.4019,99.425,1958
10:56,99.4174,99.4174,99.4019,99.4019,1519
10:57,99.4116,99.4174,99.4116,99.4174,938
10:58,99.4021,99.4116,99.4021,99.4116,684
10:59,99.3893,99.4021,99.3893,99.4021,1453
11:00,99.3727,99.3893,99.3727,99.3893,867
11:01,99.4149,99.4149,99.3727,99.3727,1542
11:02,99.3873,99.4149,99.3873,99.4149,1077
11:03,99.3958,99.3958,99.3873,99.3873,1414
11:04,99.4158,99.4158,99.3958,99.3958,1135
11:05,99.3714,99.4158,99.3714,99.4158,1285
11:06,99.3784,99.3784,99.3714,99.3714,1004
11:07,99.3639,99.3784,99.3639,99.3784,1883
11:08,99.3438,99.3639,99.3438,99.3639,1046
11:09,99.3529,99.3529,99.3438,99.3438,1153
11:10,99.3609,99.3609,99.3529,99.3529,1949
11:11,99.3485,99.3609,99.3485,99.3609,620
11:12,99.3132,99.3485,99.3132,99.3485,637
11:13,99.2847,99.3132,99.2847,99.3132,1410
11:14,99.3361,99.3361,99.2847,99.2847,660
11:15,99.3504,99.3504,99.3361,99.3361,1992
11:16,99.3393,99.3504,99.3393,99.3504,864
11:17,99.3225,99.3393,99.3225,99.3393,767
11:18,99.2857,99.3225,99.2857,99.3225,1977
11:19,99.3013,99.3013,99.2857,99.2857,1690
11:20,99.3139,99.3139,99.3013,99.3013,1939
11:21,99.314,99.314,99.3139,99.3139,1379
11:22,99.2723,99.314,99.2723,99.314,737
11:23,99.2506,99.2723,99.2506,99.2723,1968
11:24,99.2115,99.2506,99.2115,99.2506,909
11:25,99.1986,99.2115,99.1986,99.2115,1329
11:26,99.211,99.211,99.1986,99.1986,1399
11:27,99.2116,99.2116,99.211,99.211,947
11:28,99.1919,99.2116,99.1919,99.2116,1243
11:29,99.2209,99.2209,99.1919,99.1919,1387
11:30,99.1987,99.2209,99.1987,99.2209,1143
11:31,99.1964,99.1987,99.1964,99.1987,677
11:32,99.1501,99.1964,99.1501,99.1964,1112
11:33,99.1419,99.1501,99.1419,99.1501,1600
11:34,99.1237,99.1419,99.1237,99.1419,782
11:35,99.1095,99.1237,99.1095,99.1237,948
11:36,99.1444,99.1444,99.1095,99.1095,857
11:37,99.1358,99.1444,99.1358,99.1444,1926
11:38,99.123,99.1358,99.123,99.1358,1269
11:39,99.0807,99.123,99.0807,99.123,1155
11:40,99.0857,99.0857,99.0807,99.0807,761
11:41,99.1044,99.1044,99.0857,99.0857,1211
11:42,99.1087,99.1087,99.1044,99.1044,787
11:43,99.1018,99.1087,99.1018,99.1087,1011
11:44,99.0677,99.1018,99.0677,99.1018,798
11:45,99.0575,99.0677,99.0575,99.0677,1271
11:46,99.0016,99.0575,99.0016,99.0575,1227
11:47,98.9994,99.0016,98.9994,99.0016,929
11:48,98.9848,98.9994,98.9848,98.9994,1151
11:49,99.0135,99.0135,98.9848,98.9848,679
11:50,99.0339,99.0339,99.0135,99.0135,589
11:51,99.0191,99.0339,99.0191,99.0339,1169
11:52,98.9855,99.0191,98.9855,99.0191,1061
11:53,98.9718,98.9855,98.9718,98.9855,1252
11:54,98.9713,98.9718,98.9713,98.9718,2328
11:55,98.9478,98.9713,98.9478,98.9713,1398
11:56,98.9629,98.9629,98.9478,98.9478,724
11:57,98.9056,98.9629,98.9056,98.9629,1486
11:58,98.9127,98.9127,98.9056,98.9056,627
11:59,98.9175,98.9175,98.9127,98.9127,849
12:00,98.8952,98.9175,98.8952,98.9175,976
12:01,98.9086,98.9086,98.8952,98.8952,1836
12:02,98.887,98.9086,98.887,98.9086,768
12:03,98.8563,98.887,98.8563,98.887,746
12:04,98.84,98.8563,98.84,98.8563,966
12:05,98.8522,98.8522,98.84,98.84,790
12:06,98.842,98.8522,98.842,98.8522,1491
12:07,98.8477,98.8477,98.842,98.842,682
12:08,98.8342,98.8477,98.8342,98.8477,666
12:09,98.815,98.8342,98.815,98.8342,856
12:10,98.8129,98.815,98.8129,98.815,838
12:11,98.7898,98.8129,98.7898,98.8129,1982
12:12,98.7662,98.7898,98.7662,98.7898,1400
12:13,98.7437,98.7662,98.7437,98.7662,1032
12:14,98.7094,98.7437,98.7094,98.7437,648
12:15,98.7219,98.7219,98.7094,98.7094,1349
12:16,98.6769,98.7219,98.6769,98.7219,701
12:17,98.7184,98.7184,98.6769,98.6769,578
12:18,98.758,98.758,98.7184,98.7184,1524
12:19,98.7283,98.758,98.7283,98.758,1119
12:20,98.6871,98.7283,98.6871,98.7283,1386
12:21,98.696,98.696,98.6871,98.6871,1120
12:22,98.6746,98.696,98.6746,98.696,1355
12:23,98.643,98.6746,98.643,98.6746,794
12:24,98.6237,98.643,98.6237,98.643,693
12:25,98.6277,98.6277,98.6237,98.6237,1273
12:26,98.5635,98.6277,98.5635,98.6277,752
12:27,98.5598,98.5635,98.5598,98.5635,783
12:28,98.5887,98.5887,98.5598,98.5598,851
12:29,98.5628,98.5887,98.5628,98.5887,1006
12:30,98.5919,98.5919,98.5628,98.5628,882
12:31,98.5786,98.5919,98.5786,98.5919,614
12:32,98.5548,98.5786,98.5548,98.5786,796
12:33,98.5348,98.5548,98.5348,98.5548,455
12:34,98.533,98.5348,98.533,98.5348,1248
12:35,98.5339,98.5339,98.533,98.533,567
12:36,98.4914,98.5339,98.4914,98.5339,676
12:37,98.4683,98.4914,98.4683,98.4914,1019
12:38,98.4727,98.4727,98.4683,98.4683,769
12:39,98.4503,98.4727,98.4503,98.4727,1728
12:40,98.4573,98.4573,98.4503,98.4503,632
12:41,98.4629,98.4629,98.4573,98.4573,1099
12:42,98.4466,98.4629,98.4466,98.4629,986
12:43,98.4164,98.4466,98.4164,98.4466,661
12:44,98.4326,98.4326,98.4164,98.4164,1204
12:45,98.4259,98.4326,98.4259,98.4326,941
12:46,98.4207,98.4259,98.4207,98.4259,1315
12:47,98.4324,98.4324,98.4207,98.4207,1339
12:48,98.4712,98.4712,98.4324,98.4324,2153
12:49,98.4666,98.4712,98.4666,98.4712,1606
12:50,98.4751,98.4751,98.4666,98.4666,877
12:51,98.4502,98.4751,98.4502,98.4751,919
12:52,98.4433,98.4502,98.4433,98.4502,1477
12:53,98.3946,98.4433,98.3946,98.4433,1261
12:54,98.4306,98.4306,98.3946,98.3946,1255
12:55,98.4018,98.4306,98.4018,98.4306,564
12:56,98.3991,98.4018,98.3991,98.4018,991
12:57,98.4281,98.4281,98.3991,98.3991,770
12:58,98.4085,98.4281,98.4085,98.4281,1104
12:59,98.4088,98.4088,98.4085,98.4085,966
13:00,98.4042,98.4088,98.4042,98.4088,1381
13:01,98.4182,98.4182,98.4042,98.4042,1119
13:02,98.3966,98.4182,98.3966,98.4182,1321
13:03,98.3557,98.3966,98.3557,98.3966,848
13:04,98.3257,98.3557,98.3257,98.3557,715
13:05,98.3071,98.3257,98.3071,98.3257,865
13:06,98.2726,98.3071,98.2726,98.3071,994
13:07,98.3109,98.3109,98.2726,98.2726,1144
13:08,98.3379,98.3379,98.3109,98.3109,2228
13:09,98.3274,98.3379,98.3274,98.3379,985
13:10,98.3409,98.3409,98.3274,98.3274,713
13:11,98.3244,98.3409,98.3244,98.3409,885
13:12,98.3497,98.3497,98.3244,98.3244,848
13:13,98.3438,98.3497,98.3438,98.3497,1186
13:14,98.3275,98.3438,98.3275,98.3438,579
13:15,98.2791,98.3275,98.2791,98.3275,1023
13:16,98.3149,98.3149,98.2791,98.2791,1057
13:17,98.3107,98.3149,98.3107,98.3149,1086
13:18,98.3067,98.3107,98.3067,98.3107,809
13:19,98.2703,98.3067,98.2703,98.3067,919
13:20,98.2886,98.2886,98.2703,98.2703,604
13:21,98.269,98.2886,98.269,98.2886,840
13:22,98.2535,98.269,98.2535,98.269,825
13:23,98.2226,98.2535,98.2226,98.2535,1159
13:24,98.2295,98.2295,98.2226,98.2226,664
13:25,98.2206,98.2295,98.2206,98.2295,1319
13:26,98.1994,98.2206,98.1994,98.2206,1699
13:27,98.1651,98.1994,98.1651,98.1994,480
13:28,98.1726,98.1726,98.1651,98.1651,1163
13:29,98.1647,98.1726,98.1647,98.1726,1271
13:30,98.1379,98.1647,98.1379,98.1647,798
13:31,98.1329,98.1379,98.1329,98.1379,869
13:32,98.1258,98.1329,98.1258,98.1329,954
13:33,98.1506,98.1506,98.1258,98.1258,900
13:34,98.1295,98.1506,98.1295,98.1506,896
13:35,98.1013,98.1295,98.1013,98.1295,552
13:36,98.1247,98.1247,98.1013,98.1013,1505
13:37,98.1003,98.1247,98.1003,98.1247,1466
13:38,98.1332,98.1332,98.1003,98.1003,750
13:39,98.1482,98.1482,98.1332,98.1332,595
13:40,98.1624,98.1624,98.1482,98.1482,1203
13:41,98.1484,98.1624,98.1484,98.1624,815
13:42,98.1507,98.1507,98.1484,98.1484,1052
13:43,98.1601,98.1601,98.1507,98.1507,893
13:44,98.1276,98.1601,98.1276,98.1601,1278
13:45,98.0795,98.1276,98.0795,98.1276,1279
13:46,98.0312,98.0795,98.0312,98.0795,773
13:47,98.0938,98.0938,98.0312,98.0312,612
13:48,98.0843,98.0938,98.0843,98.0938,571
13:49,98.0204,98.0843,98.0204,98.0843,1242
13:50,98.0012,98.0204,98.0012,98.0204,656
13:51,98.016,98.016,98.0012,98.0012,836
13:52,97.9919,98.016,97.9919,98.016,809
13:53,98.0245,98.0245,97.9919,97.9919,982
13:54,98.0128,98.0245,98.0128,98.0245,503
13:55,97.9787,98.0128,97.9787,98.0128,1069
13:56,97.9844,97.9844,97.9787,97.9787,1204
13:57,97.9924,97.9924,97.9844,97.9844,1032
13:58,97.9445,97.9924,97.9445,97.9924,896
13:59,97.9499,97.9499,97.9445,97.9445,1035
14:00,97.946,97.9499,97.946,97.9499,1152
14:01,97.9177,97.946,97.9177,97.946,374
14:02,97.9047,97.9177,97.9047,97.9177,2000
14:03,97.8845,97.9047,97.8845,97.9047,1148
14:04,97.9088,97.9088,97.8845,97.8845,794
14:05,97.9277,97.9277,97.9088,97.9088,871
14:06,97.9515,97.9515,97.9277,97.9277,1191
14:07,97.964,97.964,97.9515,97.9515,960
14:08,97.9595,97.964,97.9595,97.964,487
14:09,97.9535,97.9595,97.9535,97.9595,2079
14:10,97.9256,97.9535,97.9256,97.9535,962
14:11,97.8747,97.9256,97.8747,97.9256,1436
14:12,97.8731,97.8747,97.8731,97.8747,782
14:13,97.8723,97.8731,97.8723,97.8731,1724
14:14,97.8544,97.8723,97.8544,97.8723,1107
14:15,97.8824,97.8824,97.8544,97.8544,1241
14:16,97.9065,97.9065,97.8824,97.8824,690
14:17,97.8928,97.9065,97.8928,97.9065,1536
14:18,97.9019,97.9019,97.8928,97.8928,1277
14:19,97.933,97.933,97.9019,97.9019,1586
14:20,97.9852,97.9852,97.933,97.933,800
14:21,97.9989,97.9989,97.9852,97.9852,843
14:22,97.9724,97.9989,97.9724,97.9989,2263
14:23,97.9926,97.9926,97.9724,97.9724,687
14:24,97.9694,97.9926,97.9694,97.9926,953
14:25,97.9458,97.9694,97.9458,97.9694,1496
14:26,97.9866,97.9866,97.9458,97.9458,1035
14:27,97.9993,97.9993,97.9866,97.9866,1230
14:28,97.9918,97.9993,97.9918,97.9993,868
14:29,97.9476,97.9918,97.9476,97.9918,1140
14:30,97.935,97.9476,97.935,97.9476,629
14:31,97.9104,97.935,97.9104,97.935,1800
14:32,97.8855,97.9104,97.8855,97.9104,959
14:33,97.891,97.891,97.8855,97.8855,786
14:34,97.8982,97.8982,97.891,97.891,1267
14:35,97.893,97.8982,97.893,97.8982,849
14:36,97.8797,97.893,97.8797,97.893,623
14:37,97.9133,97.9133,97.8797,97.8797,620
14:38,97.922,97.922,97.9133,97.9133,1279
14:39,97.944,97.944,97.922,97.922,945
14:40,97.9766,97.9766,97.944,97.944,954
14:41,97.9958,97.9958,97.9766,97.9766,1466
14:42,98.0142,98.0142,97.9958,97.9958,671
14:43,98.0388,98.0388,98.0142,98.0142,772
14:44,98.0651,98.0651,98.0388,98.0388,873
14:45,98.0553,98.0651,98.0553,98.0651,1035
14:46,98.059,98.059,98.0553,98.0553,986
14:47,98.0363,98.059,98.0363,98.059,904
14:48,98.0364,98.0364,98.0363,98.0363,979
14:49,98.045,98.045,98.0364,98.0364,964
14:50,98.071,98.071,98.045,98.045,776
14:51,98.0721,98.0721,98.071,98.071,751
14:52,98.0861,98.0861,98.0721,98.0721,1104
14:53,98.1206,98.1206,98.0861,98.0861,731
14:54,98.1352,98.1352,98.1206,98.1206,665
14:55,98.1367,98.1367,98.1352,98.1352,898
14:56,98.1479,98.1479,98.1367,98.1367,949
14:57,98.1518,98.1518,98.1479,98.1479,2234
14:58,98.1646,98.1646,98.1518,98.1518,782
14:59,98.2139,98.2139,98.1646,98.1646,1404
15:00,98.2173,98.2173,98.2139,98.2139,1311
15:01,98.2565,98.2565,98.2173,98.2173,660
15:02,98.274,98.274,98.2565,98.2565,1326
15:03,98.2942,98.2942,98.274,98.274,663
15:04,98.2937,98.2942,98.2937,98.2942,394
15:05,98.2958,98.2958,98.2937,98.2937,1255
15:06,98.2945,98.2958,98.2945,98.2958,544
15:07,98.2836,98.2945,98.2836,98.2945,1192
15:08,98.3196,98.3196,98.2836,98.2836,799
15:09,98.3121,98.3196,98.3121,98.3196,1839
15:10,98.2934,98.3121,98.2934,98.3121,1496
15:11,98.298,98.298,98.2934,98.2934,875
15:12,98.3005,98.3005,98.298,98.298,808
15:13,98.3808,98.3808,98.3005,98.3005,674
15:14,98.3826,98.3826,98.3808,98.3808,891
15:15,98.3588,98.3826,98.3588,98.3826,948
15:16,98.3237,98.3588,98.3237,98.3588,926
15:17,98.3392,98.3392,98.3237,98.3237,1122
15:18,98.3326,98.3392,98.3326,98.3392,1314
15:19,98.332,98.3326,98.332,98.3326,1223
15:20,98.3576,98.3576,98.332,98.332,832
15:21,98.3986,98.3986,98.3576,98.3576,663
15:22,98.4234,98.4234,98.3986,98.3986,1813
15:23,98.432,98.432,98.4234,98.4234,888
15:24,98.4444,98.4444,98.432,98.432,914
15:25,98.4665,98.4665,98.4444,98.4444,974
15:26,98.4444,98.4665,98.4444,98.4665,622
15:27,98.454,98.454,98.4444,98.4444,1030
15:28,98.4484,98.454,98.4484,98.454,1054
15:29,98.3896,98.4484,98.3896,98.4484,1597
15:30,98.3721,98.3896,98.3721,98.3896,1689
15:31,98.415,98.415,98.3721,98.3721,1361
15:32,98.3966,98.415,98.3966,98.415,1956
15:33,98.4312,98.4312,98.3966,98.3966,1643
15:34,98.4288,98.4312,98.4288,98.4312,1506
15:35,98.4392,98.4392,98.4288,98.4288,1671
15:36,98.3799,98.4392,98.3799,98.4392,1543
15:37,98.3654,98.3799,98.3654,98.3799,1505
15:38,98.394,98.394,98.3654,98.3654,1656
15:39,98.3836,98.394,98.3836,98.394,1288
15:40,98.3809,98.3836,98.3809,98.3836,2246
15:41,98.4056,98.4056,98.3809,98.3809,1518
15:42,98.4454,98.4454,98.4056,98.4056,3096
15:43,98.4467,98.4467,98.4454,98.4454,2244
15:44,98.4245,98.4467,98.4245,98.4467,2671
15:45,98.4535,98.4535,98.4245,98.4245,3354
15:46,98.4797,98.4797,98.4535,98.4535,3804
15:47,98.4706,98.4797,98.4706,98.4797,1871
15:48,98.4515,98.4706,98.4515,98.4706,3277
15:49,98.4582,98.4582,98.4515,98.4515,5216
15:50,98.5007,98.5007,98.4582,98.4582,2268
15:51,98.4989,98.5007,98.4989,98.5007,5160
15:52,98.5482,98.5482,98.4989,98.4989,2200
15:53,98.564,98.564,98.5482,98.5482,3711
15:54,98.5672,98.5672,98.564,98.564,5897
15:55,98.5836,98.5836,98.5672,98.5672,3531
15:56,98.5771,98.5836,98.5771,98.5836,4898
15:57,98.5889,98.5889,98.5771,98.5771,4511
15:58,98.5686,98.5889,98.5686,98.5889,14929
15:59,98.5635,98.5686,98.5635,98.5686,9667
