Time,Close,High,Low,Open,Volume
09:30,99.9935,99.9961,99.9935,99.9961,18689
09:31,99.9942,99.9942,99.9935,99.9935,10511
09:32,100.0071,100.0071,99.9942,99.9942,11775
09:33,100.0113,100.0113,100.0071,100.0071,16820
09:34,100.0192,100.0192,100.0113,100.0113,13466
09:35,100.0254,100.0254,100.0192,100.0192,4493
09:36,100.0113,100.0254,100.0113,100.0254,8147
09:37,100.0383,100.0383,100.0113,100.0113,5054
09:38,100.0308,100.0383,100.0308,100.0383,4718
09:39,100.0199,100.0308,100.0199,100.0308,5203
09:40,100.0279,100.0279,100.0199,100.0199,4357
09:41,100.0186,100.0279,100.0186,100.0279,6393
09:42,100.0261,100.0261,100.0186,100.0186,4619
09:43,100.0277,100.0277,100.0261,100.0261,3408
09:44,100.0162,100.0277,100.0162,100.0277,3544
09:45,100.0147,100.0162,100.0147,100.0162,3169
09:46,100.0155,100.0155,100.0147,100.0147,4457
09:47,100.0145,100.0155,100.0145,100.0155,2280
09:48,100.0331,100.0331,100.0145,100.0145,2567
09:49,100.056,100.056,100.0331,100.0331,1594
09:50,100.0554,100.056,100.0554,100.056,823
09:51,100.0708,100.0708,100.0554,100.0554,2423
09:52,100.0742,100.0742,100.0708,100.0708,2474
09:53,100.0888,100.0888,100.0742,100.0742,1331
09:54,100.0936,100.0936,100.0888,100.0888,3691
09:55,100.0819,100.0936,100.0819,100.0936,943
09:56,100.0885,100.0885,100.0819,100.0819,1539
09:57,100.096,100.096,100.0885,100.0885,1363
09:58,100.1009,100.1009,100.096,100.096,2420
09:59,100.1075,100.1075,100.1009,100.1009,2289
10:00,100.1196,100.1196,100.1075,100.1075,1393
10:01,100.1368,100.1368,100.1196,100.1196,1466
10:02,100.1467,100.1467,100.1368,100.1368,912
10:03,100.1414,100.1467,100.1414,100.1467,605
10:04,100.1541,100.1541,100.1414,100.1414,1056
10:05,100.1741,100.1741,100.1541,100.1541,1239
10:06,100.1683,100.1741,100.1683,100.1741,1782
10:07,100.1781,100.1781,100.1683,100.1683,1736
10:08,100.1875,100.1875,100.1781,100.1781,974
10:09,100.1904,100.1904,100.1875,100.1875,992
10:10,100.1799,100.1904,100.1799,100.1904,752
10:11,100.1983,100.1983,100.1799,100.1799,653
10:12,100.1886,100.1983,100.1886,100.1983,585
10:13,100.2075,100.2075,100.1886,100.1886,2120
10:14,100.2254,100.2254,100.2075,100.2075,880
10:15,100.2275,100.2275,100.2254,100.2254,897
10:16,100.2382,100.2382,100.2275,100.2275,668
10:17,100.2579,100.2579,100.2382,100.2382,1365
10:18,100.251,100.2579,100.251,100.2579,582
10:19,100.2514,100.2514,100.251,100.251,953
10:20,100.2628,100.2628,100.2514,100.2514,746
10:21,100.2634,100.2634,100.2628,100.2628,1171
10:22,100.2742,100.2742,100.2634,100.2634,850
10:23,100.2779,100.2779,100.2742,100.2742,668
10:24,100.2975,100.2975,100.2779,100.2779,1004
10:25,100.306,100.306,100.2975,100.2975,1178
10:26,100.2945,100.306,100.2945,100.306,1034
10:27,100.2996,100.2996,100.2945,100.2945,1123
10:28,100.3059,100.3059,100.2996,100.2996,805
10:29,100.3091,100.3091,100.3059,100.3059,885
10:30,100.3076,100.3091,100.3076,100.3091,792
10:31,100.2984,100.3076,100.2984,100.3076,885
10:32,100.3108,100.3108,100.2984,100.2984,753
10:33,100.3262,100.3262,100.3108,100.3108,544
10:34,100.329,100.329,100.3262,100.3262,1068
10:35,100.3382,100.3382,100.329,100.329,870
10:36,100.3316,100.3382,100.3316,100.3382,562
10:37,100.3399,100.3399,100.3316,100.3316,1181
10:38,100.3448,100.3448,100.3399,100.3399,726
10:39,100.3509,100.3509,100.3448,100.3448,1020
10:40,100.3771,100.3771,100.3509,100.3509,1297
10:41,100.4036,100.4036,100.3771,100.3771,1048
10:42,100.4114,100.4114,100.4036,100.4036,1499
10:43,100.3993,100.4114,100.3993,100.4114,646
10:44,100.4159,100.4159,100.3993,100.3993,1154
10:45,100.4375,100.4375,100.4159,100.4159,785
10:46,100.444,100.444,100.4375,100.4375,735
10:47,100.4451,100.4451,100.444,100.444,815
10:48,100.4584,100.4584,100.4451,100.4451,896
10:49,100.462,100.462,100.4584,100.4584,1020
10:50,100.4916,100.4916,100.462,100.462,662
10:51,100.4936,100.4936,100.4916,100.4916,1376
10:52,100.4751,100.4936,100.4751,100.4936,1180
10:53,100.4796,100.4796,100.4751,100.4751,580
10:54,100.4929,100.4929,100.4796,100.4796,1695
10:55,100.5255,100.5255,100.4929,100.4929,1958
10:56,100.5205,100.5255,100.5205,100.5255,1519
10:57,100.5291,100.5291,100.5205,100.5205,938
10:58,100.5457,100.5457,100.5291,100.5291,684
10:59,100.5806,100.5806,100.5457,100.5457,1453
11:00,100.5884,100.5884,100.5806,100.5806,867
11:01,100.604,100.604,100.5884,100.5884,1542
11:02,100.6179,100.6179,100.604,100.604,1077
11:03,100.6178,100.6179,100.6178,100.6179,1414
11:04,100.6459,100.6459,100.6178,100.6178,1135
11:05,100.6637,100.6637,100.6459,100.6459,1285
11:06,100.6686,100.6686,100.6637,100.6637,1004
11:07,100.6739,100.6739,100.6686,100.6686,1883
11:08,100.7037,100.7037,100.6739,100.6739,1046
11:09,100.6905,100.7037,100.6905,100.7037,1153
11:10,100.7082,100.7082,100.6905,100.6905,1949
11:11,100.7081,100.7082,100.7081,100.7082,620
11:12,100.7122,100.7122,100.7081,100.7081,637
11:13,100.7197,100.7197,100.7122,100.7122,1410
11:14,100.7357,100.7357,100.7197,100.7197,660
11:15,100.7286,100.7357,100.7286,100.7357,1992
11:16,100.7335,100.7335,100.7286,100.7286,864
11:17,100.7552,100.7552,100.7335,100.7335,767
11:18,100.7569,100.7569,100.7552,100.7552,1977
11:19,100.7615,100.7615,100.7569,100.7569,1690
11:20,100.7837,100.7837,100.7615,100.7615,1939
11:21,100.7621,100.7837,100.7621,100.7837,1379
11:22,100.7789,100.7789,100.7621,100.7621,737
11:23,100.7821,100.7821,100.7789,100.7789,1968
11:24,100.7848,100.7848,100.7821,100.7821,909
11:25,100.7906,100.7906,100.7848,100.7848,1329
11:26,100.8026,100.8026,100.7906,100.7906,1399
11:27,100.8141,100.8141,100.8026,100.8026,947
11:28,100.8027,100.8141,100.8027,100.8141,1243
11:29,100.8037,100.8037,100.8027,100.8027,1387
11:30,100.7779,100.8037,100.7779,100.8037,1143
11:31,100.7589,100.7779,100.7589,100.7779,677
11:32,100.7545,100.7589,100.7545,100.7589,1112
11:33,100.7592,100.7592,100.7545,100.7545,1600
11:34,100.7914,100.7914,100.7592,100.7592,782
11:35,100.7856,100.7914,100.7856,100.7914,948
11:36,100.7685,100.7856,100.7685,100.7856,857
11:37,100.7782,100.7782,100.7685,100.7685,1926
11:38,100.7708,100.7782,100.7708,100.7782,1269
11:39,100.7608,100.7708,100.7608,100.7708,1155
11:40,100.7606,100.7608,100.7606,100.7608,761
11:41,100.7588,100.7606,100.7588,100.7606,1211
11:42,100.7487,100.7588,100.7487,100.7588,787
11:43,100.7711,100.7711,100.7487,100.7487,1011
11:44,100.7842,100.7842,100.7711,100.7711,798
11:45,100.8028,100.8028,100.7842,100.7842,1271
11:46,100.8106,100.8106,100.8028,100.8028,1227
11:47,100.8016,100.8106,100.8016,100.8106,929
11:48,100.7922,100.8016,100.7922,100.8016,1151
11:49,100.8038,100.8038,100.7922,100.7922,679
11:50,100.8056,100.8056,100.8038,100.8038,589
11:51,100.8071,100.8071,100.8056,100.8056,1169
11:52,100.8157,100.8157,100.8071,100.8071,1061
11:53,100.815,100.8157,100.815,100.8157,1252
11:54,100.8209,100.8209,100.815,100.815,2328
11:55,100.8311,100.8311,100.8209,100.8209,1398
11:56,100.8707,100.8707,100.8311,100.8311,724
11:57,100.8631,100.8707,100.8631,100.8707,1486
11:58,100.8659,100.8659,100.8631,100.8631,627
11:59,100.8818,100.8818,100.8659,100.8659,849
12:00,100.886,100.886,100.8818,100.8818,976
12:01,100.8789,100.886,100.8789,100.886,1836
12:02,100.8985,100.8985,100.8789,100.8789,768
12:03,100.9156,100.9156,100.8985,100.8985,746
12:04,100.9259,100.9259,100.9156,100.9156,966
12:05,100.9109,100.9259,100.9109,100.9259,790
12:06,100.9158,100.9158,100.9109,100.9109,1491
12:07,100.9055,100.9158,100.9055,100.9158,682
12:08,100.8676,100.9055,100.8676,100.9055,666
12:09,100.8627,100.8676,100.8627,100.8676,856
12:10,100.8611,100.8627,100.8611,100.8627,838
12:11,100.8703,100.8703,100.8611,100.8611,1982
12:12,100.8693,100.8703,100.8693,100.8703,1400
12:13,100.8649,100.8693,100.8649,100.8693,1032
12:14,100.8866,100.8866,100.8649,100.8649,648
12:15,100.8992,100.8992,100.8866,100.8866,1349
12:16,100.9158,100.9158,100.8992,100.8992,701
12:17,100.9238,100.9238,100.9158,100.9158,578
12:18,100.9188,100.9238,100.9188,100.9238,1524
12:19,100.9135,100.9188,100.9135,100.9188,1119
12:20,100.9129,100.9135,100.9129,100.9135,1386
12:21,100.9134,100.9134,100.9129,100.9129,1120
12:22,100.9345,100.9345,100.9134,100.9134,1355
12:23,100.9514,100.9514,100.9345,100.9345,794
12:24,100.9619,100.9619,100.9514,100.9514,693
12:25,100.9649,100.9649,100.9619,100.9619,1273
12:26,100.9938,100.9938,100.9649,100.9649,752
12:27,100.9916,100.9938,100.9916,100.9938,783
12:28,101.0017,101.0017,100.9916,100.9916,851
12:29,101.0015,101.0017,101.0015,101.0017,1006
12:30,101.0086,101.0086,101.0015,101.0015,882
12:31,100.9963,101.0086,100.9963,101.0086,614
12:32,101.005,101.005,100.9963,100.9963,796
12:33,101.0118,101.0118,101.005,101.005,455
12:34,101.0243,101.0243,101.0118,101.0118,1248
12:35,101.0272,101.0272,101.0243,101.0243,567
12:36,101.036,101.036,101.0272,101.0272,676
12:37,101.0312,101.036,101.0312,101.036,1019
12:38,101.0364,101.0364,101.0312,101.0312,769
12:39,101.0643,101.0643,101.0364,101.0364,1728
12:40,101.0855,101.0855,101.0643,101.0643,632
12:41,101.0774,101.0855,101.0774,101.0855,1099
12:42,101.0676,101.0774,101.0676,101.0774,986
12:43,101.0938,101.0938,101.0676,101.0676,661
12:44,101.1125,101.1125,101.0938,101.0938,1204
12:45,101.1109,101.1125,101.1109,101.1125,941
12:46,101.1273,101.1273,101.1109,101.1109,1315
12:47,101.1296,101.1296,101.1273,101.1273,1339
12:48,101.1357,101.1357,101.1296,101.1296,2153
12:49,101.1344,101.1357,101.1344,101.1357,1606
12:50,101.1235,101.1344,101.1235,101.1344,877
12:51,101.1383,101.1383,101.1235,101.1235,919
12:52,101.126,101.1383,101.126,101.1383,1477
12:53,101.1337,101.1337,101.126,101.126,1261
12:54,101.1606,101.1606,101.1337,101.1337,1255
12:55,101.1568,101.1606,101.1568,101.1606,564
12:56,101.1772,101.1772,101.1568,101.1568,991
12:57,101.1614,101.1772,101.1614,101.1772,770
12:58,101.185,101.185,101.1614,101.1614,1104
12:59,101.1903,101.1903,101.185,101.185,966
13:00,101.2107,101.2107,101.1903,101.1903,1381
13:01,101.2033,101.2107,101.2033,101.2107,1119
13:02,101.2145,101.2145,101.2033,101.2033,1321
13:03,101.2405,101.2405,101.2145,101.2145,848
13:04,101.2631,101.2631,101.2405,101.2405,715
13:05,101.2623,101.2631,101.2623,101.2631,865
13:06,101.2517,101.2623,101.2517,101.2623,994
13:07,101.254,101.254,101.2517,101.2517,1144
13:08,101.273,101.273,101.254,101.254,2228
13:09,101.2824,101.2824,101.273,101.273,985
13:10,101.2912,101.2912,101.2824,101.2824,713
13:11,101.3127,101.3127,101.2912,101.2912,885
13:12,101.2989,101.3127,101.2989,101.3127,848
13:13,101.3152,101.3152,101.2989,101.2989,1186
13:14,101.3241,101.3241,101.3152,101.3152,579
13:15,101.3442,101.3442,101.3241,101.3241,1023
13:16,101.3431,101.3442,101.3431,101.3442,1057
13:17,101.3486,101.3486,101.3431,101.3431,1086
13:18,101.3521,101.3521,101.3486,101.3486,809
13:19,101.3517,101.3521,101.3517,101.3521,919
13:20,101.3618,101.3618,101.3517,101.3517,604
13:21,101.3961,101.3961,101.3618,101.3618,840
13:22,101.3878,101.3961,101.3878,101.3961,825
13:23,101.3822,101.3878,101.3822,101.3878,1159
13:24,101.3914,101.3914,101.3822,101.3822,664
13:25,101.3983,101.3983,101.3914,101.3914,1319
13:26,101.4099,101.4099,101.3983,101.3983,1699
13:27,101.4176,101.4176,101.4099,101.4099,480
13:28,101.4265,101.4265,101.4176,101.4176,1163
13:29,101.446,101.446,101.4265,101.4265,1271
13:30,101.4731,101.4731,101.446,101.446,798
13:31,101.4632,101.4731,101.4632,101.4731,869
13:32,101.4796,101.4796,101.4632,101.4632,954
13:33,101.4696,101.4796,101.4696,101.4796,900
13:34,101.4754,101.4754,101.4696,101.4696,896
13:35,101.4843,101.4843,101.4754,101.4754,552
13:36,101.4781,101.4843,101.4781,101.4843,1505
13:37,101.4723,101.4781,101.4723,101.4781,1466
13:38,101.4629,101.4723,101.4629,101.4723,750
13:39,101.4674,101.4674,101.4629,101.4629,595
13:40,101.4828,101.4828,101.4674,101.4674,1203
13:41,101.4878,101.4878,101.4828,101.4828,815
13:42,101.5223,101.5223,101.4878,101.4878,1052
13:43,101.5143,101.5223,101.5143,101.5223,893
13:44,101.5102,101.5143,101.5102,101.5143,1278
13:45,101.5205,101.5205,101.5102,101.5102,1279
13:46,101.5221,101.5221,101.5205,101.5205,773
13:47,101.5278,101.5278,101.5221,101.5221,612
13:48,101.54,101.54,101.5278,101.5278,571
13:49,101.5381,101.54,101.5381,101.54,1242
13:50,101.5435,101.5435,101.5381,101.5381,656
13:51,101.5402,101.5435,101.5402,101.5435,836
13:52,101.5544,101.5544,101.5402,101.5402,809
13:53,101.5685,101.5685,101.5544,101.5544,982
13:54,101.5859,101.5859,101.5685,101.5685,503
13:55,101.5793,101.5859,101.5793,101.5859,1069
13:56,101.5721,101.5793,101.5721,101.5793,1204
13:57,101.5765,101.5765,101.5721,101.5721,1032
13:58,101.5699,101.5765,101.5699,101.5765,896
13:59,101.5734,101.5734,101.5699,101.5699,1035
14:00,101.5744,101.5744,101.5734,101.5734,1152
14:01,101.6048,101.6048,101.5744,101.5744,374
14:02,101.621,101.621,101.6048,101.6048,2000
14:03,101.6312,101.6312,101.621,101.621,1148
14:04,101.6138,101.6312,101.6138,101.6312,794
14:05,101.6214,101.6214,101.6138,101.6138,871
14:06,101.6437,101.6437,101.6214,101.6214,1191
14:07,101.6389,101.6437,101.6389,101.6437,960
14:08,101.6321,101.6389,101.6321,101.6389,487
14:09,101.6364,101.6364,101.6321,101.6321,2079
14:10,101.6503,101.6503,101.6364,101.6364,962
14:11,101.6682,101.6682,101.6503,101.6503,1436
14:12,101.6638,101.6682,101.6638,101.6682,782
14:13,101.6536,101.6638,101.6536,101.6638,1724
14:14,101.6477,101.6536,101.6477,101.6536,1107
14:15,101.6567,101.6567,101.6477,101.6477,1241
14:16,101.6644,101.6644,101.6567,101.6567,690
14:17,101.6427,101.6644,101.6427,101.6644,1536
14:18,101.6363,101.6427,101.6363,101.6427,1277
14:19,101.6311,101.6363,101.6311,101.6363,1586
14:20,101.6203,101.6311,101.6203,101.6311,800
14:21,101.6172,101.6203,101.6172,101.6203,843
14:22,101.6165,101.6172,101.6165,101.6172,2263
14:23,101.609,101.6165,101.609,101.6165,687
14:24,101.6028,101.609,101.6028,101.609,953
14:25,101.5957,101.6028,101.5957,101.6028,1496
14:26,101.5998,101.5998,101.5957,101.5957,1035
14:27,101.5832,101.5998,101.5832,101.5998,1230
14:28,101.5877,101.5877,101.5832,101.5832,868
14:29,101.5801,101.5877,101.5801,101.5877,1140
14:30,101.581,101.581,101.5801,101.5801,629
14:31,101.5542,101.581,101.5542,101.581,1800
14:32,101.5713,101.5713,101.5542,101.5542,959
14:33,101.5636,101.5713,101.5636,101.5713,786
14:34,101.5594,101.5636,101.5594,101.5636,1267
14:35,101.5569,101.5594,101.5569,101.5594,849
14:36,101.5533,101.5569,101.5533,101.5569,623
14:37,101.562,101.562,101.5533,101.5533,620
14:38,101.5935,101.5935,101.562,101.562,1279
14:39,101.5946,101.5946,101.5935,101.5935,945
14:40,101.5835,101.5946,101.5835,101.5946,954
14:41,101.5517,101.5835,101.5517,101.5835,1466
14:42,101.5604,101.5604,101.5517,101.5517,671
14:43,101.5531,101.5604,101.5531,101.5604,772
14:44,101.537,101.5531,101.537,101.5531,873
14:45,101.5197,101.537,101.5197,101.537,1035
14:46,101.5111,101.5197,101.5111,101.5197,986
14:47,101.4978,101.5111,101.4978,101.5111,904
14:48,101.5032,101.5032,101.4978,101.4978,979
14:49,101.4904,101.5032,101.4904,101.5032,964
14:50,101.4818,101.4904,101.4818,101.4904,776
14:51,101.4622,101.4818,101.4622,101.4818,751
14:52,101.4596,101.4622,101.4596,101.4622,1104
14:53,101.468,101.468,101.4596,101.4596,731
14:54,101.4738,101.4738,101.468,101.468,665
14:55,101.4646,101.4738,101.4646,101.4738,898
14:56,101.4834,101.4834,101.4646,101.4646,949
14:57,101.491,101.491,101.4834,101.4834,2234
14:58,101.4749,101.491,101.4749,101.491,782
14:59,101.4414,101.4749,101.4414,101.4749,1404
15:00,101.4188,101.4414,101.4188,101.4414,1311
15:01,101.4344,101.4344,101.4188,101.4188,660
15:02,101.4133,101.4344,101.4133,101.4344,1326
15:03,101.3997,101.4133,101.3997,101.4133,663
15:04,101.3893,101.3997,101.3893,101.3997,394
15:05,101.3834,101.3893,101.3834,101.3893,1255
15:06,101.3746,101.3834,101.3746,101.3834,544
15:07,101.3682,101.3746,101.3682,101.3746,1192
15:08,101.36,101.3682,101.36,101.3682,799
15:09,101.3663,101.3663,101.36,101.36,1839
15:10,101.3513,101.3663,101.3513,101.3663,1496
15:11,101.3318,101.3513,101.3318,101.3513,875
15:12,101.3355,101.3355,101.3318,101.3318,808
15:13,101.3168,101.3355,101.3168,101.3355,674
15:14,101.3152,101.3168,101.3152,101.3168,891
15:15,101.3054,101.3152,101.3054,101.3152,948
15:16,101.2924,101.3054,101.2924,101.3054,926
15:17,101.2757,101.2924,101.2757,101.2924,1122
15:18,101.2733,101.2757,101.2733,101.2757,1314
15:19,101.2749,101.2749,101.2733,101.2733,1223
15:20,101.2476,101.2749,101.2476,101.2749,832
15:21,101.2381,101.2476,101.2381,101.2476,663
15:22,101.2427,101.2427,101.2381,101.2381,1813
15:23,101.2437,101.2437,101.2427,101.2427,888
15:24,101.2447,101.2447,101.2437,101.2437,914
15:25,101.2501,101.2501,101.2447,101.2447,974
15:26,101.2406,101.2501,101.2406,101.2501,622
15:27,101.236,101.2406,101.236,101.2406,1030
15:28,101.2187,101.236,101.2187,101.236,1054
15:29,101.2235,101.2235,101.2187,101.2187,1597
15:30,101.2042,101.2235,101.2042,101.2235,1689
15:31,101.2095,101.2095,101.2042,101.2042,1361
15:32,101.1916,101.2095,101.1916,101.2095,1956
15:33,101.1647,101.1916,101.1647,101.1916,1643
15:34,101.1639,101.1647,101.1639,101.1647,1506
15:35,101.1634,101.1639,101.1634,101.1639,1671
15:36,101.164,101.164,101.1634,101.1634,1543
15:37,101.1621,101.164,101.1621,101.164,1505
15:38,101.1403,101.1621,101.1403,101.1621,1656
15:39,101.1302,101.1403,101.1302,101.1403,1288
15:40,101.125,101.1302,101.125,101.1302,2246
15:41,101.1138,101.125,101.1138,101.125,1518
15:42,101.1165,101.1165,101.1138,101.1138,3096
15:43,101.097,101.1165,101.097,101.1165,2244
15:44,101.085,101.097,101.085,101.097,2671
15:45,101.0725,101.085,101.0725,101.085,3354
15:46,101.0647,101.0725,101.0647,101.0725,3804
15:47,101.0455,101.0647,101.0455,101.0647,1871
15:48,101.0279,101.0455,101.0279,101.0455,3277
15:49,101.0145,101.0279,101.0145,101.0279,5216
15:50,101.0231,101.0231,101.0145,101.0145,2268
15:51,101.0213,101.0231,101.0213,101.0231,5160
15:52,101.0137,101.0213,101.0137,101.0213,2200
15:53,101.0169,101.0169,101.0137,101.0137,3711
15:54,101.0142,101.0169,101.0142,101.0169,5897
15:55,101.0089,101.0142,101.0089,101.0142,3531
15:56,100.9932,101.0089,100.9932,101.0089,4898
15:57,100.9585,100.9932,100.9585,100.9932,4511
15:58,100.9363,100.9585,100.9363,100.9585,14929
15:59,100.911,100.9363,100.911,100.9363,9667
