Time,Close,High,Low,Open,Volume
09:30,100.1457,100.1457,100.0853,100.0853,18689
09:31,100.1718,100.1718,100.1457,100.1457,10511
09:32,100.1313,100.1718,100.1313,100.1718,11775
09:33,100.177,100.177,100.1313,100.1313,16820
09:34,100.1418,100.177,100.1418,100.177,13466
09:35,100.0551,100.1418,100.0551,100.1418,4493
09:36,100.0393,100.0551,100.0393,100.0551,8147
09:37,100.0614,100.0614,100.0393,100.0393,5054
09:38,99.9867,100.0614,99.9867,100.0614,4718
09:39,100.1233,100.1233,99.9867,99.9867,5203
09:40,100.1915,100.1915,100.1233,100.1233,4357
09:41,100.2327,100.2327,100.1915,100.1915,6393
09:42,100.3366,100.3366,100.2327,100.2327,4619
09:43,100.3517,100.3517,100.3366,100.3366,3408
09:44,100.3697,100.3697,100.3517,100.3517,3544
09:45,100.3398,100.3697,100.3398,100.3697,3169
09:46,100.2358,100.3398,100.2358,100.3398,4457
09:47,100.2918,100.2918,100.2358,100.2358,2280
09:48,100.3273,100.3273,100.2918,100.2918,2567
09:49,100.2429,100.3273,100.2429,100.3273,1594
09:50,100.2153,100.2429,100.2153,100.2429,823
09:51,100.1175,100.2153,100.1175,100.2153,2423
09:52,99.9784,100.1175,99.9784,100.1175,2474
09:53,99.9162,99.9784,99.9162,99.9784,1331
09:54,99.8379,99.9162,99.8379,99.9162,3691
09:55,99.8882,99.8882,99.8379,99.8379,943
09:56,99.8933,99.8933,99.8882,99.8882,1539
09:57,99.8891,99.8933,99.8891,99.8933,1363
09:58,99.8718,99.8891,99.8718,99.8891,2420
09:59,99.9061,99.9061,99.8718,99.8718,2289
10:00,99.9265,99.9265,99.9061,99.9061,1393
10:01,99.8396,99.9265,99.8396,99.9265,1466
10:02,99.8859,99.8859,99.8396,99.8396,912
10:03,99.7531,99.8859,99.7531,99.8859,605
10:04,99.7673,99.7673,99.7531,99.7531,1056
10:05,99.7148,99.7673,99.7148,99.7673,1239
10:06,99.7845,99.7845,99.7148,99.7148,1782
10:07,99.7102,99.7845,99.7102,99.7845,1736
10:08,99.8865,99.8865,99.7102,99.7102,974
10:09,99.929,99.929,99.8865,99.8865,992
10:10,99.9624,99.9624,99.929,99.929,752
10:11,100.1283,100.1283,99.9624,99.9624,653
10:12,100.2049,100.2049,100.1283,100.1283,585
10:13,100.1941,100.2049,100.1941,100.2049,2120
10:14,100.2112,100.2112,100.1941,100.1941,880
10:15,100.0961,100.2112,100.0961,100.2112,897
10:16,100.0981,100.0981,100.0961,100.0961,668
10:17,100.1953,100.1953,100.0981,100.0981,1365
10:18,100.2641,100.2641,100.1953,100.1953,582
10:19,100.3064,100.3064,100.2641,100.2641,953
10:20,100.1728,100.3064,100.1728,100.3064,746
10:21,100.0797,100.1728,100.0797,100.1728,1171
10:22,100.0083,100.0797,100.0083,100.0797,850
10:23,100.0163,100.0163,100.0083,100.0083,668
10:24,100.1222,100.1222,100.0163,100.0163,1004
10:25,100.1374,100.1374,100.1222,100.1222,1178
10:26,99.9234,100.1374,99.9234,100.1374,1034
10:27,99.955,99.955,99.9234,99.9234,1123
10:28,99.9944,99.9944,99.955,99.955,805
10:29,100.0196,100.0196,99.9944,99.9944,885
10:30,100.0492,100.0492,100.0196,100.0196,792
10:31,99.9468,100.0492,99.9468,100.0492,885
10:32,99.9781,99.9781,99.9468,99.9468,753
10:33,99.9231,99.9781,99.9231,99.9781,544
10:34,99.9113,99.9231,99.9113,99.9231,1068
10:35,99.9652,99.9652,99.9113,99.9113,870
10:36,99.921,99.9652,99.921,99.9652,562
10:37,99.8661,99.921,99.8661,99.921,1181
10:38,99.8482,99.8661,99.8482,99.8661,726
10:39,99.8669,99.8669,99.8482,99.8482,1020
10:40,99.7277,99.8669,99.7277,99.8669,1297
10:41,99.815,99.815,99.7277,99.7277,1048
10:42,99.7922,99.815,99.7922,99.815,1499
10:43,99.7901,99.7922,99.7901,99.7922,646
10:44,99.7002,99.7901,99.7002,99.7901,1154
10:45,99.6905,99.7002,99.6905,99.7002,785
10:46,99.7538,99.7538,99.6905,99.6905,735
10:47,99.773,99.773,99.7538,99.7538,815
10:48,99.8123,99.8123,99.773,99.773,896
10:49,99.7668,99.8123,99.7668,99.8123,1020
10:50,99.6637,99.7668,99.6637,99.7668,662
10:51,99.6151,99.6637,99.6151,99.6637,1376
10:52,99.6718,99.6718,99.6151,99.6151,1180
10:53,99.709,99.709,99.6718,99.6718,580
10:54,99.7701,99.7701,99.709,99.709,1695
10:55,99.6497,99.7701,99.6497,99.7701,1958
10:56,99.6352,99.6497,99.6352,99.6497,1519
10:57,99.6013,99.6352,99.6013,99.6352,938
10:58,99.6858,99.6858,99.6013,99.6013,684
10:59,99.6335,99.6858,99.6335,99.6858,1453
11:00,99.6315,99.6335,99.6315,99.6335,867
11:01,99.5754,99.6315,99.5754,99.6315,1542
11:02,99.6741,99.6741,99.5754,99.5754,1077
11:03,99.6428,99.6741,99.6428,99.6741,1414
11:04,99.6609,99.6609,99.6428,99.6428,1135
11:05,99.4848,99.6609,99.4848,99.6609,1285
11:06,99.4711,99.4848,99.4711,99.4848,1004
11:07,99.5495,99.5495,99.4711,99.4711,1883
11:08,99.5981,99.5981,99.5495,99.5495,1046
11:09,99.5148,99.5981,99.5148,99.5981,1153
11:10,99.4017,99.5148,99.4017,99.5148,1949
11:11,99.4431,99.4431,99.4017,99.4017,620
11:12,99.4071,99.4431,99.4071,99.4431,637
11:13,99.3771,99.4071,99.3771,99.4071,1410
11:14,99.3445,99.3771,99.3445,99.3771,660
11:15,99.3971,99.3971,99.3445,99.3445,1992
11:16,99.3512,99.3971,99.3512,99.3971,864
11:17,99.3089,99.3512,99.3089,99.3512,767
11:18,99.3251,99.3251,99.3089,99.3089,1977
11:19,99.2953,99.3251,99.2953,99.3251,1690
11:20,99.2652,99.2953,99.2652,99.2953,1939
11:21,99.1368,99.2652,99.1368,99.2652,1379
11:22,99.1029,99.1368,99.1029,99.1368,737
11:23,99.1063,99.1063,99.1029,99.1029,1968
11:24,99.1087,99.1087,99.1063,99.1063,909
11:25,99.0462,99.1087,99.0462,99.1087,1329
11:26,99.0429,99.0462,99.0429,99.0462,1399
11:27,99.1787,99.1787,99.0429,99.0429,947
11:28,99.0616,99.1787,99.0616,99.1787,1243
11:29,99.0082,99.0616,99.0082,99.0616,1387
11:30,99.1106,99.1106,99.0082,99.0082,1143
11:31,99.1495,99.1495,99.1106,99.1106,677
11:32,98.9631,99.1495,98.9631,99.1495,1112
11:33,98.9204,98.9631,98.9204,98.9631,1600
11:34,98.9476,98.9476,98.9204,98.9204,782
11:35,98.87,98.9476,98.87,98.9476,948
11:36,98.8203,98.87,98.8203,98.87,857
11:37,98.8355,98.8355,98.8203,98.8203,1926
11:38,98.9684,98.9684,98.8355,98.8355,1269
11:39,99.0994,99.0994,98.9684,98.9684,1155
11:40,99.1081,99.1081,99.0994,99.0994,761
11:41,99.0719,99.1081,99.0719,99.1081,1211
11:42,99.1652,99.1652,99.0719,99.0719,787
11:43,99.1611,99.1652,99.1611,99.1652,1011
11:44,99.2038,99.2038,99.1611,99.1611,798
11:45,99.2718,99.2718,99.2038,99.2038,1271
11:46,99.311,99.311,99.2718,99.2718,1227
11:47,99.3404,99.3404,99.311,99.311,929
11:48,99.3849,99.3849,99.3404,99.3404,1151
11:49,99.3829,99.3849,99.3829,99.3849,679
11:50,99.4722,99.4722,99.3829,99.3829,589
11:51,99.4374,99.4722,99.4374,99.4722,1169
11:52,99.366,99.4374,99.366,99.4374,1061
11:53,99.375,99.375,99.366,99.366,1252
11:54,99.3236,99.375,99.3236,99.375,2328
11:55,99.3467,99.3467,99.3236,99.3236,1398
11:56,99.2905,99.3467,99.2905,99.3467,724
11:57,99.4239,99.4239,99.2905,99.2905,1486
11:58,99.4576,99.4576,99.4239,99.4239,627
11:59,99.5056,99.5056,99.4576,99.4576,849
12:00,99.6294,99.6294,99.5056,99.5056,976
12:01,99.7328,99.7328,99.6294,99.6294,1836
12:02,99.6211,99.7328,99.6211,99.7328,768
12:03,99.4669,99.6211,99.4669,99.6211,746
12:04,99.5463,99.5463,99.4669,99.4669,966
12:05,99.3835,99.5463,99.3835,99.5463,790
12:06,99.2777,99.3835,99.2777,99.3835,1491
12:07,99.2837,99.2837,99.2777,99.2777,682
12:08,99.2238,99.2837,99.2238,99.2837,666
12:09,99.1847,99.2238,99.1847,99.2238,856
12:10,99.0378,99.1847,99.0378,99.1847,838
12:11,99.0988,99.0988,99.0378,99.0378,1982
12:12,99.1731,99.1731,99.0988,99.0988,1400
12:13,99.1422,99.1731,99.1422,99.1731,1032
12:14,99.1989,99.1989,99.1422,99.1422,648
12:15,99.1523,99.1989,99.1523,99.1989,1349
12:16,99.2278,99.2278,99.1523,99.1523,701
12:17,99.1774,99.2278,99.1774,99.2278,578
12:18,99.1358,99.1774,99.1358,99.1774,1524
12:19,99.2113,99.2113,99.1358,99.1358,1119
12:20,99.2449,99.2449,99.2113,99.2113,1386
12:21,99.1058,99.2449,99.1058,99.2449,1120
12:22,99.0108,99.1058,99.0108,99.1058,1355
12:23,99.0235,99.0235,99.0108,99.0108,794
12:24,98.9996,99.0235,98.9996,99.0235,693
12:25,98.8775,98.9996,98.8775,98.9996,1273
12:26,98.875,98.8775,98.875,98.8775,752
12:27,98.7305,98.875,98.7305,98.875,783
12:28,98.7476,98.7476,98.7305,98.7305,851
12:29,98.8037,98.8037,98.7476,98.7476,1006
12:30,98.7965,98.8037,98.7965,98.8037,882
12:31,98.8592,98.8592,98.7965,98.7965,614
12:32,98.9444,98.9444,98.8592,98.8592,796
12:33,98.8722,98.9444,98.8722,98.9444,455
12:34,98.9224,98.9224,98.8722,98.8722,1248
12:35,98.8818,98.9224,98.8818,98.9224,567
12:36,98.8333,98.8818,98.8333,98.8818,676
12:37,98.7809,98.8333,98.7809,98.8333,1019
12:38,98.7299,98.7809,98.7299,98.7809,769
12:39,98.8886,98.8886,98.7299,98.7299,1728
12:40,99.0462,99.0462,98.8886,98.8886,632
12:41,98.9214,99.0462,98.9214,99.0462,1099
12:42,98.8454,98.9214,98.8454,98.9214,986
12:43,98.7077,98.8454,98.7077,98.8454,661
12:44,98.756,98.756,98.7077,98.7077,1204
12:45,98.6911,98.756,98.6911,98.756,941
12:46,98.7232,98.7232,98.6911,98.6911,1315
12:47,98.8397,98.8397,98.7232,98.7232,1339
12:48,98.9987,98.9987,98.8397,98.8397,2153
12:49,98.9497,98.9987,98.9497,98.9987,1606
12:50,98.9441,98.9497,98.9441,98.9497,877
12:51,98.9723,98.9723,98.9441,98.9441,919
12:52,98.965,98.9723,98.965,98.9723,1477
12:53,98.9468,98.965,98.9468,98.965,1261
12:54,98.9218,98.9468,98.9218,98.9468,1255
12:55,98.9124,98.9218,98.9124,98.9218,564
12:56,98.9078,98.9124,98.9078,98.9124,991
12:57,98.9884,98.9884,98.9078,98.9078,770
12:58,98.8332,98.9884,98.8332,98.9884,1104
12:59,98.8024,98.8332,98.8024,98.8332,966
13:00,98.7396,98.8024,98.7396,98.8024,1381
13:01,98.6791,98.7396,98.6791,98.7396,1119
13:02,98.7014,98.7014,98.6791,98.6791,1321
13:03,98.6145,98.7014,98.6145,98.7014,848
13:04,98.684,98.684,98.6145,98.6145,715
13:05,98.5901,98.684,98.5901,98.684,865
13:06,98.5425,98.5901,98.5425,98.5901,994
13:07,98.552,98.552,98.5425,98.5425,1144
13:08,98.499,98.552,98.499,98.552,2228
13:09,98.547,98.547,98.499,98.499,985
13:10,98.5799,98.5799,98.547,98.547,713
13:11,98.6653,98.6653,98.5799,98.5799,885
13:12,98.7019,98.7019,98.6653,98.6653,848
13:13,98.6293,98.7019,98.6293,98.7019,1186
13:14,98.66,98.66,98.6293,98.6293,579
13:15,98.5748,98.66,98.5748,98.66,1023
13:16,98.5328,98.5748,98.5328,98.5748,1057
13:17,98.5428,98.5428,98.5328,98.5328,1086
13:18,98.5162,98.5428,98.5162,98.5428,809
13:19,98.6043,98.6043,98.5162,98.5162,919
13:20,98.4378,98.6043,98.4378,98.6043,604
13:21,98.4846,98.4846,98.4378,98.4378,840
13:22,98.3595,98.4846,98.3595,98.4846,825
13:23,98.2808,98.3595,98.2808,98.3595,1159
13:24,98.2746,98.2808,98.2746,98.2808,664
13:25,98.2087,98.2746,98.2087,98.2746,1319
13:26,98.0742,98.2087,98.0742,98.2087,1699
13:27,98.019,98.0742,98.019,98.0742,480
13:28,98.1646,98.1646,98.019,98.019,1163
13:29,98.2083,98.2083,98.1646,98.1646,1271
13:30,98.2765,98.2765,98.2083,98.2083,798
13:31,98.288,98.288,98.2765,98.2765,869
13:32,98.3362,98.3362,98.288,98.288,954
13:33,98.3188,98.3362,98.3188,98.3362,900
13:34,98.3333,98.3333,98.3188,98.3188,896
13:35,98.4237,98.4237,98.3333,98.3333,552
13:36,98.492,98.492,98.4237,98.4237,1505
13:37,98.4958,98.4958,98.492,98.492,1466
13:38,98.466,98.4958,98.466,98.4958,750
13:39,98.5563,98.5563,98.466,98.466,595
13:40,98.4786,98.5563,98.4786,98.5563,1203
13:41,98.5398,98.5398,98.4786,98.4786,815
13:42,98.5192,98.5398,98.5192,98.5398,1052
13:43,98.5182,98.5192,98.5182,98.5192,893
13:44,98.5171,98.5182,98.5171,98.5182,1278
13:45,98.6261,98.6261,98.5171,98.5171,1279
13:46,98.6003,98.6261,98.6003,98.6261,773
13:47,98.65,98.65,98.6003,98.6003,612
13:48,98.7008,98.7008,98.65,98.65,571
13:49,98.7435,98.7435,98.7008,98.7008,1242
13:50,98.6692,98.7435,98.6692,98.7435,656
13:51,98.6002,98.6692,98.6002,98.6692,836
13:52,98.6371,98.6371,98.6002,98.6002,809
13:53,98.5731,98.6371,98.5731,98.6371,982
13:54,98.6445,98.6445,98.5731,98.5731,503
13:55,98.6602,98.6602,98.6445,98.6445,1069
13:56,98.7671,98.7671,98.6602,98.6602,1204
13:57,98.6971,98.7671,98.6971,98.7671,1032
13:58,98.8069,98.8069,98.6971,98.6971,896
13:59,98.8773,98.8773,98.8069,98.8069,1035
14:00,98.8038,98.8773,98.8038,98.8773,1152
14:01,98.8944,98.8944,98.8038,98.8038,374
14:02,98.8811,98.8944,98.8811,98.8944,2000
14:03,98.9454,98.9454,98.8811,98.8811,1148
14:04,99.0283,99.0283,98.9454,98.9454,794
14:05,99.0696,99.0696,99.0283,99.0283,871
14:06,99.1299,99.1299,99.0696,99.0696,1191
14:07,99.1788,99.1788,99.1299,99.1299,960
14:08,99.146,99.1788,99.146,99.1788,487
14:09,99.1336,99.146,99.1336,99.146,2079
14:10,99.091,99.1336,99.091,99.1336,962
14:11,99.1683,99.1683,99.091,99.091,1436
14:12,99.2787,99.2787,99.1683,99.1683,782
14:13,99.2665,99.2787,99.2665,99.2787,1724
14:14,99.2782,99.2782,99.2665,99.2665,1107
14:15,99.403,99.403,99.2782,99.2782,1241
14:16,99.4642,99.4642,99.403,99.403,690
14:17,99.4201,99.4642,99.4201,99.4642,1536
14:18,99.4489,99.4489,99.4201,99.4201,1277
14:19,99.4778,99.4778,99.4489,99.4489,1586
14:20,99.3742,99.4778,99.3742,99.4778,800
14:21,99.3767,99.3767,99.3742,99.3742,843
14:22,99.279,99.3767,99.279,99.3767,2263
14:23,99.2199,99.279,99.2199,99.279,687
14:24,99.311,99.311,99.2199,99.2199,953
14:25,99.411,99.411,99.311,99.311,1496
14:26,99.2847,99.411,99.2847,99.411,1035
14:27,99.162,99.2847,99.162,99.2847,1230
14:28,99.1374,99.162,99.1374,99.162,868
14:29,99.1694,99.1694,99.1374,99.1374,1140
14:30,99.1379,99.1694,99.1379,99.1694,629
14:31,99.3427,99.3427,99.1379,99.1379,1800
14:32,99.1877,99.3427,99.1877,99.3427,959
14:33,99.2884,99.2884,99.1877,99.1877,786
14:34,99.3491,99.3491,99.2884,99.2884,1267
14:35,99.3394,99.3491,99.3394,99.3491,849
14:36,99.3612,99.3612,99.3394,99.3394,623
14:37,99.3809,99.3809,99.3612,99.3612,620
14:38,99.3375,99.3809,99.3375,99.3809,1279
14:39,99.2948,99.3375,99.2948,99.3375,945
14:40,99.3801,99.3801,99.2948,99.2948,954
14:41,99.3342,99.3801,99.3342,99.3801,1466
14:42,99.3276,99.3342,99.3276,99.3342,671
14:43,99.3847,99.3847,99.3276,99.3276,772
14:44,99.2906,99.3847,99.2906,99.3847,873
14:45,99.2613,99.2906,99.2613,99.2906,1035
14:46,99.1925,99.2613,99.1925,99.2613,986
14:47,99.09,99.1925,99.09,99.1925,904
14:48,99.1234,99.1234,99.09,99.09,979
14:49,99.1241,99.1241,99.1234,99.1234,964
14:50,99.1912,99.1912,99.1241,99.1241,776
14:51,99.0972,99.1912,99.0972,99.1912,751
14:52,99.0686,99.0972,99.0686,99.0972,1104
14:53,99.0565,99.0686,99.0565,99.0686,731
14:54,99.0639,99.0639,99.0565,99.0565,665
14:55,98.9686,99.0639,98.9686,99.0639,898
14:56,99.1304,99.1304,98.9686,98.9686,949
14:57,99.0604,99.1304,99.0604,99.1304,2234
14:58,99.0126,99.0604,99.0126,99.0604,782
14:59,99.1479,99.1479,99.0126,99.0126,1404
15:00,99.1094,99.1479,99.1094,99.1479,1311
15:01,99.0089,99.1094,99.0089,99.1094,660
15:02,99.0167,99.0167,99.0089,99.0089,1326
15:03,99.0331,99.0331,99.0167,99.0167,663
15:04,99.1036,99.1036,99.0331,99.0331,394
15:05,99.1798,99.1798,99.1036,99.1036,1255
15:06,99.2026,99.2026,99.1798,99.1798,544
15:07,99.0987,99.2026,99.0987,99.2026,1192
15:08,99.13,99.13,99.0987,99.0987,799
15:09,99.0945,99.13,99.0945,99.13,1839
15:10,99.0632,99.0945,99.0632,99.0945,1496
15:11,99.2042,99.2042,99.0632,99.0632,875
15:12,99.361,99.361,99.2042,99.2042,808
15:13,99.4021,99.4021,99.361,99.361,674
15:14,99.4189,99.4189,99.4021,99.4021,891
15:15,99.3516,99.4189,99.3516,99.4189,948
15:16,99.4657,99.4657,99.3516,99.3516,926
15:17,99.5251,99.5251,99.4657,99.4657,1122
15:18,99.4165,99.5251,99.4165,99.5251,1314
15:19,99.3913,99.4165,99.3913,99.4165,1223
15:20,99.3442,99.3913,99.3442,99.3913,832
15:21,99.3837,99.3837,99.3442,99.3442,663
15:22,99.4174,99.4174,99.3837,99.3837,1813
15:23,99.4969,99.4969,99.4174,99.4174,888
15:24,99.3522,99.4969,99.3522,99.4969,914
15:25,99.3875,99.3875,99.3522,99.3522,974
15:26,99.4351,99.4351,99.3875,99.3875,622
15:27,99.5173,99.5173,99.4351,99.4351,1030
15:28,99.4794,99.5173,99.4794,99.5173,1054
15:29,99.4006,99.4794,99.4006,99.4794,1597
15:30,99.3624,99.4006,99.3624,99.4006,1689
15:31,99.3057,99.3624,99.3057,99.3624,1361
15:32,99.2611,99.3057,99.2611,99.3057,1956
15:33,99.2795,99.2795,99.2611,99.2611,1643
15:34,99.2594,99.2795,99.2594,99.2795,1506
15:35,99.2865,99.2865,99.2594,99.2594,1671
15:36,99.3355,99.3355,99.2865,99.2865,1543
15:37,99.264,99.3355,99.264,99.3355,1505
15:38,99.2152,99.264,99.2152,99.264,1656
15:39,99.1764,99.2152,99.1764,99.2152,1288
15:40,99.1448,99.1764,99.1448,99.1764,2246
15:41,99.179,99.179,99.1448,99.1448,1518
15:42,99.1299,99.179,99.1299,99.179,3096
15:43,99.1202,99.1299,99.1202,99.1299,2244
15:44,99.1522,99.1522,99.1202,99.1202,2671
15:45,99.1529,99.1529,99.1522,99.1522,3354
15:46,99.1618,99.1618,99.1529,99.1529,3804
15:47,99.0996,99.1618,99.0996,99.1618,1871
15:48,99.1696,99.1696,99.0996,99.0996,3277
15:49,99.2258,99.2258,99.1696,99.1696,5216
15:50,99.2449,99.2449,99.2258,99.2258,2268
15:51,99.276,99.276,99.2449,99.2449,5160
15:52,99.3176,99.3176,99.276,99.276,2200
15:53,99.367,99.367,99.3176,99.3176,3711
15:54,99.4233,99.4233,99.367,99.367,5897
15:55,99.416,99.4233,99.416,99.4233,3531
15:56,99.4955,99.4955,99.416,99.416,4898
15:57,99.3469,99.4955,99.3469,99.4955,4511
15:58,99.3547,99.3547,99.3469,99.3469,14929
15:59,99.3952,99.3952,99.3547,99.3547,9667
