Time,Close,High,Low,Open,Volume
09:30,99.9931,99.9931,99.9698,99.9698,18689
09:31,99.9838,99.9931,99.9838,99.9931,10511
09:32,99.9949,99.9949,99.9838,99.9838,11775
09:33,99.9446,99.9949,99.9446,99.9949,16820
09:34,99.9679,99.9679,99.9446,99.9446,13466
09:35,99.9897,99.9897,99.9679,99.9679,4493
09:36,99.9691,99.9897,99.9691,99.9897,8147
09:37,99.9457,99.9691,99.9457,99.9691,5054
09:38,99.9758,99.9758,99.9457,99.9457,4718
09:39,99.971,99.9758,99.971,99.9758,5203
09:40,99.9473,99.971,99.9473,99.971,4357
09:41,99.926,99.9473,99.926,99.9473,6393
09:42,99.9391,99.9391,99.926,99.926,4619
09:43,99.9838,99.9838,99.9391,99.9391,3408
09:44,99.9443,99.9838,99.9443,99.9838,3544
09:45,99.9567,99.9567,99.9443,99.9443,3169
09:46,100.0418,100.0418,99.9567,99.9567,4457
09:47,100.0233,100.0418,100.0233,100.0418,2280
09:48,99.9525,100.0233,99.9525,100.0233,2567
09:49,99.9683,99.9683,99.9525,99.9525,1594
09:50,99.9706,99.9706,99.9683,99.9683,823
09:51,99.9496,99.9706,99.9496,99.9706,2423
09:52,99.968,99.968,99.9496,99.9496,2474
09:53,100.0029,100.0029,99.968,99.968,1331
09:54,99.9639,100.0029,99.9639,100.0029,3691
09:55,100.0042,100.0042,99.9639,99.9639,943
09:56,100.0029,100.0042,100.0029,100.0042,1539
09:57,99.935,100.0029,99.935,100.0029,1363
09:58,99.9211,99.935,99.9211,99.935,2420
09:59,99.9451,99.9451,99.9211,99.9211,2289
10:00,99.9879,99.9879,99.9451,99.9451,1393
10:01,99.9848,99.9879,99.9848,99.9879,1466
10:02,99.9778,99.9848,99.9778,99.9848,912
10:03,100.0353,100.0353,99.9778,99.9778,605
10:04,100.0547,100.0547,100.0353,100.0353,1056
10:05,100.0928,100.0928,100.0547,100.0547,1239
10:06,100.1337,100.1337,100.0928,100.0928,1782
10:07,100.124,100.1337,100.124,100.1337,1736
10:08,100.1426,100.1426,100.124,100.124,974
10:09,100.1824,100.1824,100.1426,100.1426,992
10:10,100.1777,100.1824,100.1777,100.1824,752
10:11,100.2192,100.2192,100.1777,100.1777,653
10:12,100.2596,100.2596,100.2192,100.2192,585
10:13,100.2487,100.2596,100.2487,100.2596,2120
10:14,100.2265,100.2487,100.2265,100.2487,880
10:15,100.2434,100.2434,100.2265,100.2265,897
10:16,100.2762,100.2762,100.2434,100.2434,668
10:17,100.2254,100.2762,100.2254,100.2762,1365
10:18,100.2208,100.2254,100.2208,100.2254,582
10:19,100.2137,100.2208,100.2137,100.2208,953
10:20,100.1612,100.2137,100.1612,100.2137,746
10:21,100.1982,100.1982,100.1612,100.1612,1171
10:22,100.1873,100.1982,100.1873,100.1982,850
10:23,100.2131,100.2131,100.1873,100.1873,668
10:24,100.1946,100.2131,100.1946,100.2131,1004
10:25,100.1619,100.1946,100.1619,100.1946,1178
10:26,100.1515,100.1619,100.1515,100.1619,1034
10:27,100.1652,100.1652,100.1515,100.1515,1123
10:28,100.17,100.17,100.1652,100.1652,805
10:29,100.1687,100.17,100.1687,100.17,885
10:30,100.2134,100.2134,100.1687,100.1687,792
10:31,100.2864,100.2864,100.2134,100.2134,885
10:32,100.2758,100.2864,100.2758,100.2864,753
10:33,100.282,100.282,100.2758,100.2758,544
10:34,100.2976,100.2976,100.282,100.282,1068
10:35,100.3012,100.3012,100.2976,100.2976,870
10:36,100.2822,100.3012,100.2822,100.3012,562
10:37,100.2803,100.2822,100.2803,100.2822,1181
10:38,100.2637,100.2803,100.2637,100.2803,726
10:39,100.2764,100.2764,100.2637,100.2637,1020
10:40,100.2592,100.2764,100.2592,100.2764,1297
10:41,100.2824,100.2824,100.2592,100.2592,1048
10:42,100.2505,100.2824,100.2505,100.2824,1499
10:43,100.2613,100.2613,100.2505,100.2505,646
10:44,100.2777,100.2777,100.2613,100.2613,1154
10:45,100.3122,100.3122,100.2777,100.2777,785
10:46,100.2627,100.3122,100.2627,100.3122,735
10:47,100.2418,100.2627,100.2418,100.2627,815
10:48,100.2401,100.2418,100.2401,100.2418,896
10:49,100.2081,100.2401,100.2081,100.2401,1020
10:50,100.2412,100.2412,100.2081,100.2081,662
10:51,100.2608,100.2608,100.2412,100.2412,1376
10:52,100.2944,100.2944,100.2608,100.2608,1180
10:53,100.2724,100.2944,100.2724,100.2944,580
10:54,100.2892,100.2892,100.2724,100.2724,1695
10:55,100.3068,100.3068,100.2892,100.2892,1958
10:56,100.3132,100.3132,100.3068,100.3068,1519
10:57,100.3526,100.3526,100.3132,100.3132,938
10:58,100.3031,100.3526,100.3031,100.3526,684
10:59,100.2955,100.3031,100.2955,100.3031,1453
11:00,100.2604,100.2955,100.2604,100.2955,867
11:01,100.2424,100.2604,100.2424,100.2604,1542
11:02,100.2026,100.2424,100.2026,100.2424,1077
11:03,100.2051,100.2051,100.2026,100.2026,1414
11:04,100.2033,100.2051,100.2033,100.2051,1135
11:05,100.1804,100.2033,100.1804,100.2033,1285
11:06,100.2312,100.2312,100.1804,100.1804,1004
11:07,100.2466,100.2466,100.2312,100.2312,1883
11:08,100.2475,100.2475,100.2466,100.2466,1046
11:09,100.2738,100.2738,100.2475,100.2475,1153
11:10,100.2506,100.2738,100.2506,100.2738,1949
11:11,100.2827,100.2827,100.2506,100.2506,620
11:12,100.2564,100.2827,100.2564,100.2827,637
11:13,100.2348,100.2564,100.2348,100.2564,1410
11:14,100.265,100.265,100.2348,100.2348,660
11:15,100.3735,100.3735,100.265,100.265,1992
11:16,100.3906,100.3906,100.3735,100.3735,864
11:17,100.4329,100.4329,100.3906,100.3906,767
11:18,100.4622,100.4622,100.4329,100.4329,1977
11:19,100.4536,100.4622,100.4536,100.4622,1690
11:20,100.4224,100.4536,100.4224,100.4536,1939
11:21,100.4626,100.4626,100.4224,100.4224,1379
11:22,100.4421,100.4626,100.4421,100.4626,737
11:23,100.3849,100.4421,100.3849,100.4421,1968
11:24,100.3781,100.3849,100.3781,100.3849,909
11:25,100.4151,100.4151,100.3781,100.3781,1329
11:26,100.3679,100.4151,100.3679,100.4151,1399
11:27,100.3762,100.3762,100.3679,100.3679,947
11:28,100.3916,100.3916,100.3762,100.3762,1243
11:29,100.3615,100.3916,100.3615,100.3916,1387
11:30,100.3814,100.3814,100.3615,100.3615,1143
11:31,100.368,100.3814,100.368,100.3814,677
11:32,100.3599,100.368,100.3599,100.368,1112
11:33,100.323,100.3599,100.323,100.3599,1600
11:34,100.3002,100.323,100.3002,100.323,782
11:35,100.254,100.3002,100.254,100.3002,948
11:36,100.2617,100.2617,100.254,100.254,857
11:37,100.2576,100.2617,100.2576,100.2617,1926
11:38,100.2375,100.2576,100.2375,100.2576,1269
11:39,100.2263,100.2375,100.2263,100.2375,1155
11:40,100.2022,100.2263,100.2022,100.2263,761
11:41,100.1843,100.2022,100.1843,100.2022,1211
11:42,100.1565,100.1843,100.1565,100.1843,787
11:43,100.1561,100.1565,100.1561,100.1565,1011
11:44,100.1972,100.1972,100.1561,100.1561,798
11:45,100.2159,100.2159,100.1972,100.1972,1271
11:46,100.2277,100.2277,100.2159,100.2159,1227
11:47,100.1834,100.2277,100.1834,100.2277,929
11:48,100.1393,100.1834,100.1393,100.1834,1151
11:49,100.1506,100.1506,100.1393,100.1393,679
11:50,100.1893,100.1893,100.1506,100.1506,589
11:51,100.1724,100.1893,100.1724,100.1893,1169
11:52,100.1278,100.1724,100.1278,100.1724,1061
11:53,100.0809,100.1278,100.0809,100.1278,1252
11:54,100.1116,100.1116,100.0809,100.0809,2328
11:55,100.165,100.165,100.1116,100.1116,1398
11:56,100.1145,100.165,100.1145,100.165,724
11:57,100.0879,100.1145,100.0879,100.1145,1486
11:58,100.0494,100.0879,100.0494,100.0879,627
11:59,100.0219,100.0494,100.0219,100.0494,849
12:00,100.0096,100.0219,100.0096,100.0219,976
12:01,100.0537,100.0537,100.0096,100.0096,1836
12:02,100.0941,100.0941,100.0537,100.0537,768
12:03,100.0466,100.0941,100.0466,100.0941,746
12:04,100.0848,100.0848,100.0466,100.0466,966
12:05,100.1038,100.1038,100.0848,100.0848,790
12:06,100.1215,100.1215,100.1038,100.1038,1491
12:07,100.1101,100.1215,100.1101,100.1215,682
12:08,100.0965,100.1101,100.0965,100.1101,666
12:09,100.0484,100.0965,100.0484,100.0965,856
12:10,100.042,100.0484,100.042,100.0484,838
12:11,100.0336,100.042,100.0336,100.042,1982
12:12,99.9978,100.0336,99.9978,100.0336,1400
12:13,99.9563,99.9978,99.9563,99.9978,1032
12:14,99.9351,99.9563,99.9351,99.9563,648
12:15,100.0043,100.0043,99.9351,99.9351,1349
12:16,99.988,100.0043,99.988,100.0043,701
12:17,99.9888,99.9888,99.988,99.988,578
12:18,100.007,100.007,99.9888,99.9888,1524
12:19,100.0032,100.007,100.0032,100.007,1119
12:20,100.0171,100.0171,100.0032,100.0032,1386
12:21,100.0441,100.0441,100.0171,100.0171,1120
12:22,100.0173,100.0441,100.0173,100.0441,1355
12:23,100.0079,100.0173,100.0079,100.0173,794
12:24,100.0197,100.0197,100.0079,100.0079,693
12:25,100.0643,100.0643,100.0197,100.0197,1273
12:26,100.0713,100.0713,100.0643,100.0643,752
12:27,100.0832,100.0832,100.0713,100.0713,783
12:28,100.0624,100.0832,100.0624,100.0832,851
12:29,100.08,100.08,100.0624,100.0624,1006
12:30,100.0202,100.08,100.0202,100.08,882
12:31,99.9942,100.0202,99.9942,100.0202,614
12:32,99.9867,99.9942,99.9867,99.9942,796
12:33,100.0005,100.0005,99.9867,99.9867,455
12:34,99.9619,100.0005,99.9619,100.0005,1248
12:35,99.9563,99.9619,99.9563,99.9619,567
12:36,99.9636,99.9636,99.9563,99.9563,676
12:37,99.9578,99.9636,99.9578,99.9636,1019
12:38,99.9319,99.9578,99.9319,99.9578,769
12:39,99.9571,99.9571,99.9319,99.9319,1728
12:40,99.9402,99.9571,99.9402,99.9571,632
12:41,99.9714,99.9714,99.9402,99.9402,1099
12:42,99.9687,99.9714,99.9687,99.9714,986
12:43,99.9779,99.9779,99.9687,99.9687,661
12:44,100.0245,100.0245,99.9779,99.9779,1204
12:45,99.999,100.0245,99.999,100.0245,941
12:46,99.994,99.999,99.994,99.999,1315
12:47,100.0177,100.0177,99.994,99.994,1339
12:48,100.0027,100.0177,100.0027,100.0177,2153
12:49,100.0022,100.0027,100.0022,100.0027,1606
12:50,99.9896,100.0022,99.9896,100.0022,877
12:51,100.0069,100.0069,99.9896,99.9896,919
12:52,100.0418,100.0418,100.0069,100.0069,1477
12:53,100.034,100.0418,100.034,100.0418,1261
12:54,100.0514,100.0514,100.034,100.034,1255
12:55,100.0662,100.0662,100.0514,100.0514,564
12:56,100.0761,100.0761,100.0662,100.0662,991
12:57,100.0326,100.0761,100.0326,100.0761,770
12:58,100.012,100.0326,100.012,100.0326,1104
12:59,99.9947,100.012,99.9947,100.012,966
13:00,99.8968,99.9947,99.8968,99.9947,1381
13:01,99.9763,99.9763,99.8968,99.8968,1119
13:02,99.9953,99.9953,99.9763,99.9763,1321
13:03,100.0567,100.0567,99.9953,99.9953,848
13:04,100.0934,100.0934,100.0567,100.0567,715
13:05,100.123,100.123,100.0934,100.0934,865
13:06,100.1201,100.123,100.1201,100.123,994
13:07,100.1093,100.1201,100.1093,100.1201,1144
13:08,100.1129,100.1129,100.1093,100.1093,2228
13:09,100.1564,100.1564,100.1129,100.1129,985
13:10,100.1304,100.1564,100.1304,100.1564,713
13:11,100.1136,100.1304,100.1136,100.1304,885
13:12,100.0978,100.1136,100.0978,100.1136,848
13:13,100.111,100.111,100.0978,100.0978,1186
13:14,100.094,100.111,100.094,100.111,579
13:15,100.0688,100.094,100.0688,100.094,1023
13:16,100.006,100.0688,100.006,100.0688,1057
13:17,99.9516,100.006,99.9516,100.006,1086
13:18,99.9006,99.9516,99.9006,99.9516,809
13:19,99.9028,99.9028,99.9006,99.9006,919
13:20,99.8958,99.9028,99.8958,99.9028,604
13:21,99.8512,99.8958,99.8512,99.8958,840
13:22,99.8213,99.8512,99.8213,99.8512,825
13:23,99.8171,99.8213,99.8171,99.8213,1159
13:24,99.8579,99.8579,99.8171,99.8171,664
13:25,99.866,99.866,99.8579,99.8579,1319
13:26,99.8441,99.866,99.8441,99.866,1699
13:27,99.8094,99.8441,99.8094,99.8441,480
13:28,99.8139,99.8139,99.8094,99.8094,1163
13:29,99.7913,99.8139,99.7913,99.8139,1271
13:30,99.7939,99.7939,99.7913,99.7913,798
13:31,99.7714,99.7939,99.7714,99.7939,869
13:32,99.7631,99.7714,99.7631,99.7714,954
13:33,99.7779,99.7779,99.7631,99.7631,900
13:34,99.7628,99.7779,99.7628,99.7779,896
13:35,99.7093,99.7628,99.7093,99.7628,552
13:36,99.7379,99.7379,99.7093,99.7093,1505
13:37,99.7385,99.7385,99.7379,99.7379,1466
13:38,99.6984,99.7385,99.6984,99.7385,750
13:39,99.6841,99.6984,99.6841,99.6984,595
13:40,99.6446,99.6841,99.6446,99.6841,1203
13:41,99.6315,99.6446,99.6315,99.6446,815
13:42,99.598,99.6315,99.598,99.6315,1052
13:43,99.5876,99.598,99.5876,99.598,893
13:44,99.5967,99.5967,99.5876,99.5876,1278
13:45,99.6181,99.6181,99.5967,99.5967,1279
13:46,99.5633,99.6181,99.5633,99.6181,773
13:47,99.5598,99.5633,99.5598,99.5633,612
13:48,99.5406,99.5598,99.5406,99.5598,571
13:49,99.5099,99.5406,99.5099,99.5406,1242
13:50,99.4889,99.5099,99.4889,99.5099,656
13:51,99.5252,99.5252,99.4889,99.4889,836
13:52,99.5155,99.5252,99.5155,99.5252,809
13:53,99.5441,99.5441,99.5155,99.5155,982
13:54,99.5791,99.5791,99.5441,99.5441,503
13:55,99.5485,99.5791,99.5485,99.5791,1069
13:56,99.5468,99.5485,99.5468,99.5485,1204
13:57,99.5481,99.5481,99.5468,99.5468,1032
13:58,99.5574,99.5574,99.5481,99.5481,896
13:59,99.5776,99.5776,99.5574,99.5574,1035
14:00,99.6025,99.6025,99.5776,99.5776,1152
14:01,99.6043,99.6043,99.6025,99.6025,374
14:02,99.6427,99.6427,99.6043,99.6043,2000
14:03,99.6275,99.6427,99.6275,99.6427,1148
14:04,99.5776,99.6275,99.5776,99.6275,794
14:05,99.6056,99.6056,99.5776,99.5776,871
14:06,99.5546,99.6056,99.5546,99.6056,1191
14:07,99.5718,99.5718,99.5546,99.5546,960
14:08,99.5585,99.5718,99.5585,99.5718,487
14:09,99.5465,99.5585,99.5465,99.5585,2079
14:10,99.5903,99.5903,99.5465,99.5465,962
14:11,99.6155,99.6155,99.5903,99.5903,1436
14:12,99.5869,99.6155,99.5869,99.6155,782
14:13,99.6511,99.6511,99.5869,99.5869,1724
14:14,99.6942,99.6942,99.6511,99.6511,1107
14:15,99.6962,99.6962,99.6942,99.6942,1241
14:16,99.7145,99.7145,99.6962,99.6962,690
14:17,99.7515,99.7515,99.7145,99.7145,1536
14:18,99.7492,99.7515,99.7492,99.7515,1277
14:19,99.749,99.7492,99.749,99.7492,1586
14:20,99.7123,99.749,99.7123,99.749,800
14:21,99.6761,99.7123,99.6761,99.7123,843
14:22,99.6069,99.6761,99.6069,99.6761,2263
14:23,99.5828,99.6069,99.5828,99.6069,687
14:24,99.5416,99.5828,99.5416,99.5828,953
14:25,99.4993,99.5416,99.4993,99.5416,1496
14:26,99.5132,99.5132,99.4993,99.4993,1035
14:27,99.5169,99.5169,99.5132,99.5132,1230
14:28,99.5082,99.5169,99.5082,99.5169,868
14:29,99.4877,99.5082,99.4877,99.5082,1140
14:30,99.5096,99.5096,99.4877,99.4877,629
14:31,99.4994,99.5096,99.4994,99.5096,1800
14:32,99.551,99.551,99.4994,99.4994,959
14:33,99.5441,99.551,99.5441,99.551,786
14:34,99.5026,99.5441,99.5026,99.5441,1267
14:35,99.5001,99.5026,99.5001,99.5026,849
14:36,99.532,99.532,99.5001,99.5001,623
14:37,99.5349,99.5349,99.532,99.532,620
14:38,99.5415,99.5415,99.5349,99.5349,1279
14:39,99.5835,99.5835,99.5415,99.5415,945
14:40,99.5612,99.5835,99.5612,99.5835,954
14:41,99.5394,99.5612,99.5394,99.5612,1466
14:42,99.5471,99.5471,99.5394,99.5394,671
14:43,99.5405,99.5471,99.5405,99.5471,772
14:44,99.5092,99.5405,99.5092,99.5405,873
14:45,99.5061,99.5092,99.5061,99.5092,1035
14:46,99.5046,99.5061,99.5046,99.5061,986
14:47,99.5464,99.5464,99.5046,99.5046,904
14:48,99.5145,99.5464,99.5145,99.5464,979
14:49,99.4929,99.5145,99.4929,99.5145,964
14:50,99.4493,99.4929,99.4493,99.4929,776
14:51,99.457,99.457,99.4493,99.4493,751
14:52,99.5171,99.5171,99.457,99.457,1104
14:53,99.5215,99.5215,99.5171,99.5171,731
14:54,99.4607,99.5215,99.4607,99.5215,665
14:55,99.4275,99.4607,99.4275,99.4607,898
14:56,99.3971,99.4275,99.3971,99.4275,949
14:57,99.4288,99.4288,99.3971,99.3971,2234
14:58,99.3738,99.4288,99.3738,99.4288,782
14:59,99.337,99.3738,99.337,99.3738,1404
15:00,99.3279,99.337,99.3279,99.337,1311
15:01,99.2681,99.3279,99.2681,99.3279,660
15:02,99.2768,99.2768,99.2681,99.2681,1326
15:03,99.2701,99.2768,99.2701,99.2768,663
15:04,99.2685,99.2701,99.2685,99.2701,394
15:05,99.2618,99.2685,99.2618,99.2685,1255
15:06,99.245,99.2618,99.245,99.2618,544
15:07,99.1799,99.245,99.1799,99.245,1192
15:08,99.1914,99.1914,99.1799,99.1799,799
15:09,99.2073,99.2073,99.1914,99.1914,1839
15:10,99.2585,99.2585,99.2073,99.2073,1496
15:11,99.2701,99.2701,99.2585,99.2585,875
15:12,99.2575,99.2701,99.2575,99.2701,808
15:13,99.2613,99.2613,99.2575,99.2575,674
15:14,99.2454,99.2613,99.2454,99.2613,891
15:15,99.295,99.295,99.2454,99.2454,948
15:16,99.2367,99.295,99.2367,99.295,926
15:17,99.2713,99.2713,99.2367,99.2367,1122
15:18,99.2532,99.2713,99.2532,99.2713,1314
15:19,99.2859,99.2859,99.2532,99.2532,1223
15:20,99.303,99.303,99.2859,99.2859,832
15:21,99.2693,99.303,99.2693,99.303,663
15:22,99.2453,99.2693,99.2453,99.2693,1813
15:23,99.1893,99.2453,99.1893,99.2453,888
15:24,99.221,99.221,99.1893,99.1893,914
15:25,99.2243,99.2243,99.221,99.221,974
15:26,99.2034,99.2243,99.2034,99.2243,622
15:27,99.244,99.244,99.2034,99.2034,1030
15:28,99.2345,99.244,99.2345,99.244,1054
15:29,99.1908,99.2345,99.1908,99.2345,1597
15:30,99.2374,99.2374,99.1908,99.1908,1689
15:31,99.2045,99.2374,99.2045,99.2374,1361
15:32,99.1987,99.2045,99.1987,99.2045,1956
15:33,99.2348,99.2348,99.1987,99.1987,1643
15:34,99.2085,99.2348,99.2085,99.2348,1506
15:35,99.21,99.21,99.2085,99.2085,1671
15:36,99.1232,99.21,99.1232,99.21,1543
15:37,99.1477,99.1477,99.1232,99.1232,1505
15:38,99.1578,99.1578,99.1477,99.1477,1656
15:39,99.1637,99.1637,99.1578,99.1578,1288
15:40,99.1697,99.1697,99.1637,99.1637,2246
15:41,99.189,99.189,99.1697,99.1697,1518
15:42,99.1883,99.189,99.1883,99.189,3096
15:43,99.1984,99.1984,99.1883,99.1883,2244
15:44,99.2535,99.2535,99.1984,99.1984,2671
15:45,99.285,99.285,99.2535,99.2535,3354
15:46,99.2426,99.285,99.2426,99.285,3804
15:47,99.2722,99.2722,99.2426,99.2426,1871
15:48,99.2925,99.2925,99.2722,99.2722,3277
15:49,99.2335,99.2925,99.2335,99.2925,5216
15:50,99.2646,99.2646,99.2335,99.2335,2268
15:51,99.2762,99.2762,99.2646,99.2646,5160
15:52,99.2953,99.2953,99.2762,99.2762,2200
15:53,99.2966,99.2966,99.2953,99.2953,3711
15:54,99.29,99.2966,99.29,99.2966,5897
15:55,99.2643,99.29,99.2643,99.29,3531
15:56,99.2131,99.2643,99.2131,99.2643,4898
15:57,99.1961,99.2131,99.1961,99.2131,4511
15:58,99.1874,99.1961,99.1874,99.1961,14929
15:59,99.1697,99.1874,99.1697,99.1874,9667
