Time,Close,High,Low,Open,Volume
09:30,99.9823,99.9823,99.8963,99.8963,18689
09:31,99.9356,99.9823,99.9356,99.9823,10511
09:32,99.9724,99.9724,99.9356,99.9356,11775
09:33,99.9973,99.9973,99.9724,99.9724,16820
09:34,99.9788,99.9973,99.9788,99.9973,13466
09:35,100.0583,100.0583,99.9788,99.9788,4493
09:36,100.09,100.09,100.0583,100.0583,8147
09:37,100.1004,100.1004,100.09,100.09,5054
09:38,100.082,100.1004,100.082,100.1004,4718
09:39,100.0667,100.082,100.0667,100.082,5203
09:40,100.0272,100.0667,100.0272,100.0667,4357
09:41,100.059,100.059,100.0272,100.0272,6393
09:42,100.1732,100.1732,100.059,100.059,4619
09:43,100.1536,100.1732,100.1536,100.1732,3408
09:44,100.128,100.1536,100.128,100.1536,3544
09:45,100.1246,100.128,100.1246,100.128,3169
09:46,100.1615,100.1615,100.1246,100.1246,4457
09:47,100.2142,100.2142,100.1615,100.1615,2280
09:48,100.1928,100.2142,100.1928,100.2142,2567
09:49,100.2193,100.2193,100.1928,100.1928,1594
09:50,100.2636,100.2636,100.2193,100.2193,823
09:51,100.2202,100.2636,100.2202,100.2636,2423
09:52,100.2886,100.2886,100.2202,100.2202,2474
09:53,100.2551,100.2886,100.2551,100.2886,1331
09:54,100.2908,100.2908,100.2551,100.2551,3691
09:55,100.22,100.2908,100.22,100.2908,943
09:56,100.2085,100.22,100.2085,100.22,1539
09:57,100.1664,100.2085,100.1664,100.2085,1363
09:58,100.1842,100.1842,100.1664,100.1664,2420
09:59,100.1442,100.1842,100.1442,100.1842,2289
10:00,100.1013,100.1442,100.1013,100.1442,1393
10:01,100.067,100.1013,100.067,100.1013,1466
10:02,100.067,100.067,100.067,100.067,912
10:03,100.0828,100.0828,100.067,100.067,605
10:04,100.1912,100.1912,100.0828,100.0828,1056
10:05,100.1639,100.1912,100.1639,100.1912,1239
10:06,100.2341,100.2341,100.1639,100.1639,1782
10:07,100.258,100.258,100.2341,100.2341,1736
10:08,100.2601,100.2601,100.258,100.258,974
10:09,100.2749,100.2749,100.2601,100.2601,992
10:10,100.2334,100.2749,100.2334,100.2749,752
10:11,100.2401,100.2401,100.2334,100.2334,653
10:12,100.2593,100.2593,100.2401,100.2401,585
10:13,100.2875,100.2875,100.2593,100.2593,2120
10:14,100.3347,100.3347,100.2875,100.2875,880
10:15,100.3301,100.3347,100.3301,100.3347,897
10:16,100.2623,100.3301,100.2623,100.3301,668
10:17,100.2284,100.2623,100.2284,100.2623,1365
10:18,100.1179,100.2284,100.1179,100.2284,582
10:19,100.1603,100.1603,100.1179,100.1179,953
10:20,100.1812,100.1812,100.1603,100.1603,746
10:21,100.155,100.1812,100.155,100.1812,1171
10:22,100.0592,100.155,100.0592,100.155,850
10:23,100.1208,100.1208,100.0592,100.0592,668
10:24,100.0911,100.1208,100.0911,100.1208,1004
10:25,100.0713,100.0911,100.0713,100.0911,1178
10:26,100.0474,100.0713,100.0474,100.0713,1034
10:27,99.9985,100.0474,99.9985,100.0474,1123
10:28,100.0228,100.0228,99.9985,99.9985,805
10:29,99.9456,100.0228,99.9456,100.0228,885
10:30,99.9046,99.9456,99.9046,99.9456,792
10:31,99.8883,99.9046,99.8883,99.9046,885
10:32,99.9033,99.9033,99.8883,99.8883,753
10:33,99.7925,99.9033,99.7925,99.9033,544
10:34,99.7823,99.7925,99.7823,99.7925,1068
10:35,99.9,99.9,99.7823,99.7823,870
10:36,99.9818,99.9818,99.9,99.9,562
10:37,99.9487,99.9818,99.9487,99.9818,1181
10:38,99.9302,99.9487,99.9302,99.9487,726
10:39,99.9895,99.9895,99.9302,99.9302,1020
10:40,99.9242,99.9895,99.9242,99.9895,1297
10:41,99.9441,99.9441,99.9242,99.9242,1048
10:42,99.8467,99.9441,99.8467,99.9441,1499
10:43,99.8403,99.8467,99.8403,99.8467,646
10:44,99.8415,99.8415,99.8403,99.8403,1154
10:45,99.841,99.8415,99.841,99.8415,785
10:46,99.8832,99.8832,99.841,99.841,735
10:47,99.7948,99.8832,99.7948,99.8832,815
10:48,99.7093,99.7948,99.7093,99.7948,896
10:49,99.6321,99.7093,99.6321,99.7093,1020
10:50,99.5233,99.6321,99.5233,99.6321,662
10:51,99.4575,99.5233,99.4575,99.5233,1376
10:52,99.4197,99.4575,99.4197,99.4575,1180
10:53,99.4426,99.4426,99.4197,99.4197,580
10:54,99.401,99.4426,99.401,99.4426,1695
10:55,99.4248,99.4248,99.401,99.401,1958
10:56,99.386,99.4248,99.386,99.4248,1519
10:57,99.4056,99.4056,99.386,99.386,938
10:58,99.4786,99.4786,99.4056,99.4056,684
10:59,99.4706,99.4786,99.4706,99.4786,1453
11:00,99.5453,99.5453,99.4706,99.4706,867
11:01,99.5328,99.5453,99.5328,99.5453,1542
11:02,99.5196,99.5328,99.5196,99.5328,1077
11:03,99.5241,99.5241,99.5196,99.5196,1414
11:04,99.5806,99.5806,99.5241,99.5241,1135
11:05,99.5036,99.5806,99.5036,99.5806,1285
11:06,99.4108,99.5036,99.4108,99.5036,1004
11:07,99.3477,99.4108,99.3477,99.4108,1883
11:08,99.3876,99.3876,99.3477,99.3477,1046
11:09,99.4287,99.4287,99.3876,99.3876,1153
11:10,99.4755,99.4755,99.4287,99.4287,1949
11:11,99.5481,99.5481,99.4755,99.4755,620
11:12,99.5417,99.5481,99.5417,99.5481,637
11:13,99.6511,99.6511,99.5417,99.5417,1410
11:14,99.6138,99.6511,99.6138,99.6511,660
11:15,99.6097,99.6138,99.6097,99.6138,1992
11:16,99.6353,99.6353,99.6097,99.6097,864
11:17,99.6277,99.6353,99.6277,99.6353,767
11:18,99.652,99.652,99.6277,99.6277,1977
11:19,99.644,99.652,99.644,99.652,1690
11:20,99.5771,99.644,99.5771,99.644,1939
11:21,99.5803,99.5803,99.5771,99.5771,1379
11:22,99.5417,99.5803,99.5417,99.5803,737
11:23,99.5299,99.5417,99.5299,99.5417,1968
11:24,99.5198,99.5299,99.5198,99.5299,909
11:25,99.5975,99.5975,99.5198,99.5198,1329
11:26,99.6134,99.6134,99.5975,99.5975,1399
11:27,99.6529,99.6529,99.6134,99.6134,947
11:28,99.7758,99.7758,99.6529,99.6529,1243
11:29,99.7494,99.7758,99.7494,99.7758,1387
11:30,99.7143,99.7494,99.7143,99.7494,1143
11:31,99.7328,99.7328,99.7143,99.7143,677
11:32,99.7292,99.7328,99.7292,99.7328,1112
11:33,99.749,99.749,99.7292,99.7292,1600
11:34,99.6868,99.749,99.6868,99.749,782
11:35,99.7073,99.7073,99.6868,99.6868,948
11:36,99.7586,99.7586,99.7073,99.7073,857
11:37,99.8362,99.8362,99.7586,99.7586,1926
11:38,99.7939,99.8362,99.7939,99.8362,1269
11:39,99.7686,99.7939,99.7686,99.7939,1155
11:40,99.797,99.797,99.7686,99.7686,761
11:41,99.8451,99.8451,99.797,99.797,1211
11:42,99.8784,99.8784,99.8451,99.8451,787
11:43,99.8257,99.8784,99.8257,99.8784,1011
11:44,99.7963,99.8257,99.7963,99.8257,798
11:45,99.7866,99.7963,99.7866,99.7963,1271
11:46,99.7888,99.7888,99.7866,99.7866,1227
11:47,99.7368,99.7888,99.7368,99.7888,929
11:48,99.6786,99.7368,99.6786,99.7368,1151
11:49,99.6741,99.6786,99.6741,99.6786,679
11:50,99.6267,99.6741,99.6267,99.6741,589
11:51,99.5653,99.6267,99.5653,99.6267,1169
11:52,99.5302,99.5653,99.5302,99.5653,1061
11:53,99.5567,99.5567,99.5302,99.5302,1252
11:54,99.5276,99.5567,99.5276,99.5567,2328
11:55,99.4696,99.5276,99.4696,99.5276,1398
11:56,99.4999,99.4999,99.4696,99.4696,724
11:57,99.487,99.4999,99.487,99.4999,1486
11:58,99.5049,99.5049,99.487,99.487,627
11:59,99.5488,99.5488,99.5049,99.5049,849
12:00,99.4794,99.5488,99.4794,99.5488,976
12:01,99.416,99.4794,99.416,99.4794,1836
12:02,99.3557,99.416,99.3557,99.416,768
12:03,99.3002,99.3557,99.3002,99.3557,746
12:04,99.3468,99.3468,99.3002,99.3002,966
12:05,99.3292,99.3468,99.3292,99.3468,790
12:06,99.4118,99.4118,99.3292,99.3292,1491
12:07,99.4173,99.4173,99.4118,99.4118,682
12:08,99.4034,99.4173,99.4034,99.4173,666
12:09,99.4337,99.4337,99.4034,99.4034,856
12:10,99.4181,99.4337,99.4181,99.4337,838
12:11,99.4272,99.4272,99.4181,99.4181,1982
12:12,99.4606,99.4606,99.4272,99.4272,1400
12:13,99.4658,99.4658,99.4606,99.4606,1032
12:14,99.4548,99.4658,99.4548,99.4658,648
12:15,99.3983,99.4548,99.3983,99.4548,1349
12:16,99.3968,99.3983,99.3968,99.3983,701
12:17,99.3891,99.3968,99.3891,99.3968,578
12:18,99.3573,99.3891,99.3573,99.3891,1524
12:19,99.2859,99.3573,99.2859,99.3573,1119
12:20,99.2659,99.2859,99.2659,99.2859,1386
12:21,99.3253,99.3253,99.2659,99.2659,1120
12:22,99.3251,99.3253,99.3251,99.3253,1355
12:23,99.4419,99.4419,99.3251,99.3251,794
12:24,99.4147,99.4419,99.4147,99.4419,693
12:25,99.4037,99.4147,99.4037,99.4147,1273
12:26,99.3799,99.4037,99.3799,99.4037,752
12:27,99.3696,99.3799,99.3696,99.3799,783
12:28,99.2792,99.3696,99.2792,99.3696,851
12:29,99.2904,99.2904,99.2792,99.2792,1006
12:30,99.2601,99.2904,99.2601,99.2904,882
12:31,99.2596,99.2601,99.2596,99.2601,614
12:32,99.2156,99.2596,99.2156,99.2596,796
12:33,99.1767,99.2156,99.1767,99.2156,455
12:34,99.179,99.179,99.1767,99.1767,1248
12:35,99.1204,99.179,99.1204,99.179,567
12:36,99.1444,99.1444,99.1204,99.1204,676
12:37,99.0969,99.1444,99.0969,99.1444,1019
12:38,99.0256,99.0969,99.0256,99.0969,769
12:39,99.1106,99.1106,99.0256,99.0256,1728
12:40,99.1437,99.1437,99.1106,99.1106,632
12:41,99.1064,99.1437,99.1064,99.1437,1099
12:42,99.0442,99.1064,99.0442,99.1064,986
12:43,99.1222,99.1222,99.0442,99.0442,661
12:44,99.0425,99.1222,99.0425,99.1222,1204
12:45,99.0133,99.0425,99.0133,99.0425,941
12:46,99.0662,99.0662,99.0133,99.0133,1315
12:47,98.9918,99.0662,98.9918,99.0662,1339
12:48,99.0278,99.0278,98.9918,98.9918,2153
12:49,99.0305,99.0305,99.0278,99.0278,1606
12:50,98.9852,99.0305,98.9852,99.0305,877
12:51,98.9599,98.9852,98.9599,98.9852,919
12:52,99.0301,99.0301,98.9599,98.9599,1477
12:53,99.0543,99.0543,99.0301,99.0301,1261
12:54,99.0891,99.0891,99.0543,99.0543,1255
12:55,99.0731,99.0891,99.0731,99.0891,564
12:56,99.1468,99.1468,99.0731,99.0731,991
12:57,99.2177,99.2177,99.1468,99.1468,770
12:58,99.1968,99.2177,99.1968,99.2177,1104
12:59,99.2312,99.2312,99.1968,99.1968,966
13:00,99.1655,99.2312,99.1655,99.2312,1381
13:01,99.2717,99.2717,99.1655,99.1655,1119
13:02,99.2723,99.2723,99.2717,99.2717,1321
13:03,99.2653,99.2723,99.2653,99.2723,848
13:04,99.2466,99.2653,99.2466,99.2653,715
13:05,99.3111,99.3111,99.2466,99.2466,865
13:06,99.2329,99.3111,99.2329,99.3111,994
13:07,99.191,99.2329,99.191,99.2329,1144
13:08,99.1806,99.191,99.1806,99.191,2228
13:09,99.1621,99.1806,99.1621,99.1806,985
13:10,99.0695,99.1621,99.0695,99.1621,713
13:11,99.071,99.071,99.0695,99.0695,885
13:12,99.1736,99.1736,99.071,99.071,848
13:13,99.1881,99.1881,99.1736,99.1736,1186
13:14,99.1767,99.1881,99.1767,99.1881,579
13:15,99.2044,99.2044,99.1767,99.1767,1023
13:16,99.2528,99.2528,99.2044,99.2044,1057
13:17,99.2845,99.2845,99.2528,99.2528,1086
13:18,99.2893,99.2893,99.2845,99.2845,809
13:19,99.2853,99.2893,99.2853,99.2893,919
13:20,99.3515,99.3515,99.2853,99.2853,604
13:21,99.3565,99.3565,99.3515,99.3515,840
13:22,99.3772,99.3772,99.3565,99.3565,825
13:23,99.3531,99.3772,99.3531,99.3772,1159
13:24,99.29,99.3531,99.29,99.3531,664
13:25,99.3646,99.3646,99.29,99.29,1319
13:26,99.3847,99.3847,99.3646,99.3646,1699
13:27,99.4177,99.4177,99.3847,99.3847,480
13:28,99.424,99.424,99.4177,99.4177,1163
13:29,99.3879,99.424,99.3879,99.424,1271
13:30,99.3718,99.3879,99.3718,99.3879,798
13:31,99.4254,99.4254,99.3718,99.3718,869
13:32,99.4218,99.4254,99.4218,99.4254,954
13:33,99.4231,99.4231,99.4218,99.4218,900
13:34,99.479,99.479,99.4231,99.4231,896
13:35,99.4716,99.479,99.4716,99.479,552
13:36,99.4416,99.4716,99.4416,99.4716,1505
13:37,99.3891,99.4416,99.3891,99.4416,1466
13:38,99.3424,99.3891,99.3424,99.3891,750
13:39,99.3398,99.3424,99.3398,99.3424,595
13:40,99.293,99.3398,99.293,99.3398,1203
13:41,99.3597,99.3597,99.293,99.293,815
13:42,99.2979,99.3597,99.2979,99.3597,1052
13:43,99.1995,99.2979,99.1995,99.2979,893
13:44,99.1888,99.1995,99.1888,99.1995,1278
13:45,99.1532,99.1888,99.1532,99.1888,1279
13:46,99.1092,99.1532,99.1092,99.1532,773
13:47,99.109,99.1092,99.109,99.1092,612
13:48,99.1061,99.109,99.1061,99.109,571
13:49,99.1111,99.1111,99.1061,99.1061,1242
13:50,99.1046,99.1111,99.1046,99.1111,656
13:51,99.2103,99.2103,99.1046,99.1046,836
13:52,99.2092,99.2103,99.2092,99.2103,809
13:53,99.1828,99.2092,99.1828,99.2092,982
13:54,99.2044,99.2044,99.1828,99.1828,503
13:55,99.1668,99.2044,99.1668,99.2044,1069
13:56,99.2011,99.2011,99.1668,99.1668,1204
13:57,99.217,99.217,99.2011,99.2011,1032
13:58,99.2838,99.2838,99.217,99.217,896
13:59,99.2546,99.2838,99.2546,99.2838,1035
14:00,99.1609,99.2546,99.1609,99.2546,1152
14:01,99.1995,99.1995,99.1609,99.1609,374
14:02,99.1246,99.1995,99.1246,99.1995,2000
14:03,99.1483,99.1483,99.1246,99.1246,1148
14:04,99.1246,99.1483,99.1246,99.1483,794
14:05,99.187,99.187,99.1246,99.1246,871
14:06,99.2473,99.2473,99.187,99.187,1191
14:07,99.2942,99.2942,99.2473,99.2473,960
14:08,99.2945,99.2945,99.2942,99.2942,487
14:09,99.3573,99.3573,99.2945,99.2945,2079
14:10,99.427,99.427,99.3573,99.3573,962
14:11,99.5242,99.5242,99.427,99.427,1436
14:12,99.6112,99.6112,99.5242,99.5242,782
14:13,99.6482,99.6482,99.6112,99.6112,1724
14:14,99.6572,99.6572,99.6482,99.6482,1107
14:15,99.6789,99.6789,99.6572,99.6572,1241
14:16,99.624,99.6789,99.624,99.6789,690
14:17,99.5648,99.624,99.5648,99.624,1536
14:18,99.536,99.5648,99.536,99.5648,1277
14:19,99.5833,99.5833,99.536,99.536,1586
14:20,99.5766,99.5833,99.5766,99.5833,800
14:21,99.4956,99.5766,99.4956,99.5766,843
14:22,99.4552,99.4956,99.4552,99.4956,2263
14:23,99.4713,99.4713,99.4552,99.4552,687
14:24,99.5641,99.5641,99.4713,99.4713,953
14:25,99.5594,99.5641,99.5594,99.5641,1496
14:26,99.5249,99.5594,99.5249,99.5594,1035
14:27,99.5234,99.5249,99.5234,99.5249,1230
14:28,99.4363,99.5234,99.4363,99.5234,868
14:29,99.4221,99.4363,99.4221,99.4363,1140
14:30,99.4443,99.4443,99.4221,99.4221,629
14:31,99.4038,99.4443,99.4038,99.4443,1800
14:32,99.4002,99.4038,99.4002,99.4038,959
14:33,99.4818,99.4818,99.4002,99.4002,786
14:34,99.6075,99.6075,99.4818,99.4818,1267
14:35,99.5943,99.6075,99.5943,99.6075,849
14:36,99.5517,99.5943,99.5517,99.5943,623
14:37,99.5533,99.5533,99.5517,99.5517,620
14:38,99.6157,99.6157,99.5533,99.5533,1279
14:39,99.6165,99.6165,99.6157,99.6157,945
14:40,99.5977,99.6165,99.5977,99.6165,954
14:41,99.5854,99.5977,99.5854,99.5977,1466
14:42,99.5849,99.5854,99.5849,99.5854,671
14:43,99.546,99.5849,99.546,99.5849,772
14:44,99.5169,99.546,99.5169,99.546,873
14:45,99.4227,99.5169,99.4227,99.5169,1035
14:46,99.4265,99.4265,99.4227,99.4227,986
14:47,99.4296,99.4296,99.4265,99.4265,904
14:48,99.4355,99.4355,99.4296,99.4296,979
14:49,99.4423,99.4423,99.4355,99.4355,964
14:50,99.4083,99.4423,99.4083,99.4423,776
14:51,99.4599,99.4599,99.4083,99.4083,751
14:52,99.5094,99.5094,99.4599,99.4599,1104
14:53,99.4283,99.5094,99.4283,99.5094,731
14:54,99.3747,99.4283,99.3747,99.4283,665
14:55,99.3691,99.3747,99.3691,99.3747,898
14:56,99.4544,99.4544,99.3691,99.3691,949
14:57,99.3991,99.4544,99.3991,99.4544,2234
14:58,99.4942,99.4942,99.3991,99.3991,782
14:59,99.471,99.4942,99.471,99.4942,1404
15:00,99.4938,99.4938,99.471,99.471,1311
15:01,99.5022,99.5022,99.4938,99.4938,660
15:02,99.5264,99.5264,99.5022,99.5022,1326
15:03,99.489,99.5264,99.489,99.5264,663
15:04,99.529,99.529,99.489,99.489,394
15:05,99.5316,99.5316,99.529,99.529,1255
15:06,99.5991,99.5991,99.5316,99.5316,544
15:07,99.6423,99.6423,99.5991,99.5991,1192
15:08,99.6613,99.6613,99.6423,99.6423,799
15:09,99.6764,99.6764,99.6613,99.6613,1839
15:10,99.6683,99.6764,99.6683,99.6764,1496
15:11,99.6736,99.6736,99.6683,99.6683,875
15:12,99.643,99.6736,99.643,99.6736,808
15:13,99.6073,99.643,99.6073,99.643,674
15:14,99.6728,99.6728,99.6073,99.6073,891
15:15,99.7201,99.7201,99.6728,99.6728,948
15:16,99.677,99.7201,99.677,99.7201,926
15:17,99.758,99.758,99.677,99.677,1122
15:18,99.8006,99.8006,99.758,99.758,1314
15:19,99.7683,99.8006,99.7683,99.8006,1223
15:20,99.8115,99.8115,99.7683,99.7683,832
15:21,99.825,99.825,99.8115,99.8115,663
15:22,99.8082,99.825,99.8082,99.825,1813
15:23,99.8913,99.8913,99.8082,99.8082,888
15:24,99.8963,99.8963,99.8913,99.8913,914
15:25,99.9681,99.9681,99.8963,99.8963,974
15:26,99.9265,99.9681,99.9265,99.9681,622
15:27,99.8867,99.9265,99.8867,99.9265,1030
15:28,99.8999,99.8999,99.8867,99.8867,1054
15:29,99.9168,99.9168,99.8999,99.8999,1597
15:30,99.935,99.935,99.9168,99.9168,1689
15:31,100.0068,100.0068,99.935,99.935,1361
15:32,99.9686,100.0068,99.9686,100.0068,1956
15:33,99.9006,99.9686,99.9006,99.9686,1643
15:34,99.9182,99.9182,99.9006,99.9006,1506
15:35,99.9302,99.9302,99.9182,99.9182,1671
15:36,99.9985,99.9985,99.9302,99.9302,1543
15:37,99.9814,99.9985,99.9814,99.9985,1505
15:38,99.9887,99.9887,99.9814,99.9814,1656
15:39,99.9876,99.9887,99.9876,99.9887,1288
15:40,99.9962,99.9962,99.9876,99.9876,2246
15:41,100.0476,100.0476,99.9962,99.9962,1518
15:42,100.0235,100.0476,100.0235,100.0476,3096
15:43,100.0291,100.0291,100.0235,100.0235,2244
15:44,100.0562,100.0562,100.0291,100.0291,2671
15:45,100.0579,100.0579,100.0562,100.0562,3354
15:46,100.0455,100.0579,100.0455,100.0579,3804
15:47,100.0856,100.0856,100.0455,100.0455,1871
15:48,100.0905,100.0905,100.0856,100.0856,3277
15:49,100.1194,100.1194,100.0905,100.0905,5216
15:50,100.1582,100.1582,100.1194,100.1194,2268
15:51,100.2563,100.2563,100.1582,100.1582,5160
15:52,100.3239,100.3239,100.2563,100.2563,2200
15:53,100.345,100.345,100.3239,100.3239,3711
15:54,100.3425,100.345,100.3425,100.345,5897
15:55,100.3178,100.3425,100.3178,100.3425,3531
15:56,100.3201,100.3201,100.3178,100.3178,4898
15:57,100.4194,100.4194,100.3201,100.3201,4511
15:58,100.4448,100.4448,100.4194,100.4194,14929
15:59,100.4388,100.4448,100.4388,100.4448,9667
