Time,Close,High,Low,Open,Volume
09:30,100.3903,100.3903,100.1424,100.1424,18689
09:31,100.4512,100.4512,100.3903,100.3903,10511
09:32,100.4777,100.4777,100.4512,100.4512,11775
09:33,100.4608,100.4777,100.4608,100.4777,16820
09:34,100.4066,100.4608,100.4066,100.4608,13466
09:35,100.4636,100.4636,100.4066,100.4066,4493
09:36,100.4783,100.4783,100.4636,100.4636,8147
09:37,100.5059,100.5059,100.4783,100.4783,5054
09:38,100.7188,100.7188,100.5059,100.5059,4718
09:39,100.6994,100.7188,100.6994,100.7188,5203
09:40,100.5859,100.6994,100.5859,100.6994,4357
09:41,100.5957,100.5957,100.5859,100.5859,6393
09:42,100.6112,100.6112,100.5957,100.5957,4619
09:43,100.5945,100.6112,100.5945,100.6112,3408
09:44,100.7293,100.7293,100.5945,100.5945,3544
09:45,100.6796,100.7293,100.6796,100.7293,3169
09:46,100.715,100.715,100.6796,100.6796,4457
09:47,100.8004,100.8004,100.715,100.715,2280
09:48,100.6384,100.8004,100.6384,100.8004,2567
09:49,100.5782,100.6384,100.5782,100.6384,1594
09:50,100.5857,100.5857,100.5782,100.5782,823
09:51,100.6459,100.6459,100.5857,100.5857,2423
09:52,100.7829,100.7829,100.6459,100.6459,2474
09:53,100.9063,100.9063,100.7829,100.7829,1331
09:54,100.6566,100.9063,100.6566,100.9063,3691
09:55,100.7271,100.7271,100.6566,100.6566,943
09:56,100.7426,100.7426,100.7271,100.7271,1539
09:57,100.699,100.7426,100.699,100.7426,1363
09:58,100.7562,100.7562,100.699,100.699,2420
09:59,100.5742,100.7562,100.5742,100.7562,2289
10:00,100.4475,100.5742,100.4475,100.5742,1393
10:01,100.6136,100.6136,100.4475,100.4475,1466
10:02,100.5672,100.6136,100.5672,100.6136,912
10:03,100.6924,100.6924,100.5672,100.5672,605
10:04,100.6938,100.6938,100.6924,100.6924,1056
10:05,100.6908,100.6938,100.6908,100.6938,1239
10:06,100.5572,100.6908,100.5572,100.6908,1782
10:07,100.315,100.5572,100.315,100.5572,1736
10:08,100.4203,100.4203,100.315,100.315,974
10:09,100.385,100.4203,100.385,100.4203,992
10:10,100.25,100.385,100.25,100.385,752
10:11,100.2276,100.25,100.2276,100.25,653
10:12,100.217,100.2276,100.217,100.2276,585
10:13,100.1992,100.217,100.1992,100.217,2120
10:14,100.2207,100.2207,100.1992,100.1992,880
10:15,100.2945,100.2945,100.2207,100.2207,897
10:16,100.1256,100.2945,100.1256,100.2945,668
10:17,99.9873,100.1256,99.9873,100.1256,1365
10:18,100.2657,100.2657,99.9873,99.9873,582
10:19,100.3539,100.3539,100.2657,100.2657,953
10:20,100.1588,100.3539,100.1588,100.3539,746
10:21,99.8164,100.1588,99.8164,100.1588,1171
10:22,99.694,99.8164,99.694,99.8164,850
10:23,99.7158,99.7158,99.694,99.694,668
10:24,99.7893,99.7893,99.7158,99.7158,1004
10:25,99.7711,99.7893,99.7711,99.7893,1178
10:26,99.6639,99.7711,99.6639,99.7711,1034
10:27,99.6503,99.6639,99.6503,99.6639,1123
10:28,99.5095,99.6503,99.5095,99.6503,805
10:29,99.5157,99.5157,99.5095,99.5095,885
10:30,99.4601,99.5157,99.4601,99.5157,792
10:31,99.4757,99.4757,99.4601,99.4601,885
10:32,99.4018,99.4757,99.4018,99.4757,753
10:33,99.3357,99.4018,99.3357,99.4018,544
10:34,99.3641,99.3641,99.3357,99.3357,1068
10:35,99.3448,99.3641,99.3448,99.3641,870
10:36,99.3091,99.3448,99.3091,99.3448,562
10:37,99.2952,99.3091,99.2952,99.3091,1181
10:38,99.4066,99.4066,99.2952,99.2952,726
10:39,99.6655,99.6655,99.4066,99.4066,1020
10:40,99.518,99.6655,99.518,99.6655,1297
10:41,99.5442,99.5442,99.518,99.518,1048
10:42,99.5388,99.5442,99.5388,99.5442,1499
10:43,99.4212,99.5388,99.4212,99.5388,646
10:44,99.4245,99.4245,99.4212,99.4212,1154
10:45,99.6825,99.6825,99.4245,99.4245,785
10:46,99.607,99.6825,99.607,99.6825,735
10:47,99.2845,99.607,99.2845,99.607,815
10:48,99.2204,99.2845,99.2204,99.2845,896
10:49,99.1585,99.2204,99.1585,99.2204,1020
10:50,99.1457,99.1585,99.1457,99.1585,662
10:51,99.0504,99.1457,99.0504,99.1457,1376
10:52,98.8356,99.0504,98.8356,99.0504,1180
10:53,98.6489,98.8356,98.6489,98.8356,580
10:54,98.5509,98.6489,98.5509,98.6489,1695
10:55,98.8058,98.8058,98.5509,98.5509,1958
10:56,99.1152,99.1152,98.8058,98.8058,1519
10:57,99.2593,99.2593,99.1152,99.1152,938
10:58,99.4338,99.4338,99.2593,99.2593,684
10:59,99.3132,99.4338,99.3132,99.4338,1453
11:00,99.4118,99.4118,99.3132,99.3132,867
11:01,99.4285,99.4285,99.4118,99.4118,1542
11:02,99.4681,99.4681,99.4285,99.4285,1077
11:03,99.3082,99.4681,99.3082,99.4681,1414
11:04,99.4632,99.4632,99.3082,99.3082,1135
11:05,99.3786,99.4632,99.3786,99.4632,1285
11:06,99.3223,99.3786,99.3223,99.3786,1004
11:07,99.1776,99.3223,99.1776,99.3223,1883
11:08,98.9479,99.1776,98.9479,99.1776,1046
11:09,99.0411,99.0411,98.9479,98.9479,1153
11:10,98.9232,99.0411,98.9232,99.0411,1949
11:11,98.9016,98.9232,98.9016,98.9232,620
11:12,98.8322,98.9016,98.8322,98.9016,637
11:13,98.9257,98.9257,98.8322,98.8322,1410
11:14,98.9592,98.9592,98.9257,98.9257,660
11:15,98.8969,98.9592,98.8969,98.9592,1992
11:16,98.9607,98.9607,98.8969,98.8969,864
11:17,98.8163,98.9607,98.8163,98.9607,767
11:18,98.8935,98.8935,98.8163,98.8163,1977
11:19,99.1149,99.1149,98.8935,98.8935,1690
11:20,99.1482,99.1482,99.1149,99.1149,1939
11:21,98.9813,99.1482,98.9813,99.1482,1379
11:22,99.0708,99.0708,98.9813,98.9813,737
11:23,99.2997,99.2997,99.0708,99.0708,1968
11:24,99.129,99.2997,99.129,99.2997,909
11:25,99.2217,99.2217,99.129,99.129,1329
11:26,99.2508,99.2508,99.2217,99.2217,1399
11:27,99.4237,99.4237,99.2508,99.2508,947
11:28,99.4689,99.4689,99.4237,99.4237,1243
11:29,99.7759,99.7759,99.4689,99.4689,1387
11:30,99.7886,99.7886,99.7759,99.7759,1143
11:31,99.8432,99.8432,99.7886,99.7886,677
11:32,99.8508,99.8508,99.8432,99.8432,1112
11:33,100.1062,100.1062,99.8508,99.8508,1600
11:34,100.1313,100.1313,100.1062,100.1062,782
11:35,100.0714,100.1313,100.0714,100.1313,948
11:36,100.0491,100.0714,100.0491,100.0714,857
11:37,100.0461,100.0491,100.0461,100.0491,1926
11:38,100.2384,100.2384,100.0461,100.0461,1269
11:39,100.2452,100.2452,100.2384,100.2384,1155
11:40,100.229,100.2452,100.229,100.2452,761
11:41,100.2884,100.2884,100.229,100.229,1211
11:42,100.1876,100.2884,100.1876,100.2884,787
11:43,100.2813,100.2813,100.1876,100.1876,1011
11:44,100.1059,100.2813,100.1059,100.2813,798
11:45,100.1535,100.1535,100.1059,100.1059,1271
11:46,100.2049,100.2049,100.1535,100.1535,1227
11:47,100.218,100.218,100.2049,100.2049,929
11:48,100.2302,100.2302,100.218,100.218,1151
11:49,100.2126,100.2302,100.2126,100.2302,679
11:50,100.2944,100.2944,100.2126,100.2126,589
11:51,100.2497,100.2944,100.2497,100.2944,1169
11:52,100.2225,100.2497,100.2225,100.2497,1061
11:53,100.1935,100.2225,100.1935,100.2225,1252
11:54,100.286,100.286,100.1935,100.1935,2328
11:55,100.2646,100.286,100.2646,100.286,1398
11:56,100.1988,100.2646,100.1988,100.2646,724
11:57,100.2497,100.2497,100.1988,100.1988,1486
11:58,100.1924,100.2497,100.1924,100.2497,627
11:59,100.2056,100.2056,100.1924,100.1924,849
12:00,100.1089,100.2056,100.1089,100.2056,976
12:01,100.3666,100.3666,100.1089,100.1089,1836
12:02,100.4244,100.4244,100.3666,100.3666,768
12:03,100.6056,100.6056,100.4244,100.4244,746
12:04,100.682,100.682,100.6056,100.6056,966
12:05,100.7622,100.7622,100.682,100.682,790
12:06,100.5674,100.7622,100.5674,100.7622,1491
12:07,100.3996,100.5674,100.3996,100.5674,682
12:08,100.3285,100.3996,100.3285,100.3996,666
12:09,100.3739,100.3739,100.3285,100.3285,856
12:10,100.6333,100.6333,100.3739,100.3739,838
12:11,100.6009,100.6333,100.6009,100.6333,1982
12:12,100.5291,100.6009,100.5291,100.6009,1400
12:13,100.4204,100.5291,100.4204,100.5291,1032
12:14,100.6612,100.6612,100.4204,100.4204,648
12:15,100.6109,100.6612,100.6109,100.6612,1349
12:16,100.6238,100.6238,100.6109,100.6109,701
12:17,100.7785,100.7785,100.6238,100.6238,578
12:18,100.6129,100.7785,100.6129,100.7785,1524
12:19,100.912,100.912,100.6129,100.6129,1119
12:20,100.9886,100.9886,100.912,100.912,1386
12:21,101.0108,101.0108,100.9886,100.9886,1120
12:22,100.7936,101.0108,100.7936,101.0108,1355
12:23,100.9205,100.9205,100.7936,100.7936,794
12:24,100.7628,100.9205,100.7628,100.9205,693
12:25,100.9469,100.9469,100.7628,100.7628,1273
12:26,100.8671,100.9469,100.8671,100.9469,752
12:27,100.8576,100.8671,100.8576,100.8671,783
12:28,100.85,100.8576,100.85,100.8576,851
12:29,101.0447,101.0447,100.85,100.85,1006
12:30,101.0647,101.0647,101.0447,101.0447,882
12:31,100.8674,101.0647,100.8674,101.0647,614
12:32,100.7495,100.8674,100.7495,100.8674,796
12:33,100.776,100.776,100.7495,100.7495,455
12:34,100.7164,100.776,100.7164,100.776,1248
12:35,100.5627,100.7164,100.5627,100.7164,567
12:36,100.5098,100.5627,100.5098,100.5627,676
12:37,100.651,100.651,100.5098,100.5098,1019
12:38,100.6567,100.6567,100.651,100.651,769
12:39,100.8872,100.8872,100.6567,100.6567,1728
12:40,100.8015,100.8872,100.8015,100.8872,632
12:41,100.7364,100.8015,100.7364,100.8015,1099
12:42,100.9196,100.9196,100.7364,100.7364,986
12:43,100.7751,100.9196,100.7751,100.9196,661
12:44,100.786,100.786,100.7751,100.7751,1204
12:45,100.7515,100.786,100.7515,100.786,941
12:46,100.7155,100.7515,100.7155,100.7515,1315
12:47,100.4592,100.7155,100.4592,100.7155,1339
12:48,100.4661,100.4661,100.4592,100.4592,2153
12:49,100.7304,100.7304,100.4661,100.4661,1606
12:50,100.7305,100.7305,100.7304,100.7304,877
12:51,100.8568,100.8568,100.7305,100.7305,919
12:52,100.7952,100.8568,100.7952,100.8568,1477
12:53,100.9161,100.9161,100.7952,100.7952,1261
12:54,100.9289,100.9289,100.9161,100.9161,1255
12:55,100.8703,100.9289,100.8703,100.9289,564
12:56,100.8741,100.8741,100.8703,100.8703,991
12:57,100.7754,100.8741,100.7754,100.8741,770
12:58,100.7729,100.7754,100.7729,100.7754,1104
12:59,100.7504,100.7729,100.7504,100.7729,966
13:00,100.8892,100.8892,100.7504,100.7504,1381
13:01,100.9897,100.9897,100.8892,100.8892,1119
13:02,101.1563,101.1563,100.9897,100.9897,1321
13:03,101.0902,101.1563,101.0902,101.1563,848
13:04,101.1684,101.1684,101.0902,101.0902,715
13:05,101.1706,101.1706,101.1684,101.1684,865
13:06,100.9774,101.1706,100.9774,101.1706,994
13:07,101.1222,101.1222,100.9774,100.9774,1144
13:08,101.3027,101.3027,101.1222,101.1222,2228
13:09,101.2606,101.3027,101.2606,101.3027,985
13:10,101.309,101.309,101.2606,101.2606,713
13:11,101.1674,101.309,101.1674,101.309,885
13:12,101.3266,101.3266,101.1674,101.1674,848
13:13,101.3982,101.3982,101.3266,101.3266,1186
13:14,101.3956,101.3982,101.3956,101.3982,579
13:15,101.5398,101.5398,101.3956,101.3956,1023
13:16,101.577,101.577,101.5398,101.5398,1057
13:17,101.5174,101.577,101.5174,101.577,1086
13:18,101.597,101.597,101.5174,101.5174,809
13:19,101.5897,101.597,101.5897,101.597,919
13:20,101.5916,101.5916,101.5897,101.5897,604
13:21,101.665,101.665,101.5916,101.5916,840
13:22,101.9033,101.9033,101.665,101.665,825
13:23,101.8008,101.9033,101.8008,101.9033,1159
13:24,101.8124,101.8124,101.8008,101.8008,664
13:25,101.7423,101.8124,101.7423,101.8124,1319
13:26,101.8256,101.8256,101.7423,101.7423,1699
13:27,101.5582,101.8256,101.5582,101.8256,480
13:28,101.5247,101.5582,101.5247,101.5582,1163
13:29,101.3634,101.5247,101.3634,101.5247,1271
13:30,101.4018,101.4018,101.3634,101.3634,798
13:31,101.2748,101.4018,101.2748,101.4018,869
13:32,101.2105,101.2748,101.2105,101.2748,954
13:33,101.2465,101.2465,101.2105,101.2105,900
13:34,101.1966,101.2465,101.1966,101.2465,896
13:35,101.0828,101.1966,101.0828,101.1966,552
13:36,101.3747,101.3747,101.0828,101.0828,1505
13:37,101.4287,101.4287,101.3747,101.3747,1466
13:38,101.5382,101.5382,101.4287,101.4287,750
13:39,101.6531,101.6531,101.5382,101.5382,595
13:40,101.761,101.761,101.6531,101.6531,1203
13:41,101.7699,101.7699,101.761,101.761,815
13:42,101.6289,101.7699,101.6289,101.7699,1052
13:43,101.7264,101.7264,101.6289,101.6289,893
13:44,101.6373,101.7264,101.6373,101.7264,1278
13:45,101.5209,101.6373,101.5209,101.6373,1279
13:46,101.5246,101.5246,101.5209,101.5209,773
13:47,101.5194,101.5246,101.5194,101.5246,612
13:48,101.397,101.5194,101.397,101.5194,571
13:49,101.3549,101.397,101.3549,101.397,1242
13:50,101.4901,101.4901,101.3549,101.3549,656
13:51,101.2697,101.4901,101.2697,101.4901,836
13:52,101.2219,101.2697,101.2219,101.2697,809
13:53,101.3281,101.3281,101.2219,101.2219,982
13:54,101.0583,101.3281,101.0583,101.3281,503
13:55,101.0753,101.0753,101.0583,101.0583,1069
13:56,101.2041,101.2041,101.0753,101.0753,1204
13:57,101.1106,101.2041,101.1106,101.2041,1032
13:58,101.0699,101.1106,101.0699,101.1106,896
13:59,101.0234,101.0699,101.0234,101.0699,1035
14:00,101.2073,101.2073,101.0234,101.0234,1152
14:01,101.2872,101.2872,101.2073,101.2073,374
14:02,101.1202,101.2872,101.1202,101.2872,2000
14:03,101.1899,101.1899,101.1202,101.1202,1148
14:04,101.1863,101.1899,101.1863,101.1899,794
14:05,101.3599,101.3599,101.1863,101.1863,871
14:06,101.319,101.3599,101.319,101.3599,1191
14:07,101.1926,101.319,101.1926,101.319,960
14:08,101.1234,101.1926,101.1234,101.1926,487
14:09,101.0404,101.1234,101.0404,101.1234,2079
14:10,100.917,101.0404,100.917,101.0404,962
14:11,100.9087,100.917,100.9087,100.917,1436
14:12,100.8669,100.9087,100.8669,100.9087,782
14:13,100.797,100.8669,100.797,100.8669,1724
14:14,100.911,100.911,100.797,100.797,1107
14:15,101.1367,101.1367,100.911,100.911,1241
14:16,100.9711,101.1367,100.9711,101.1367,690
14:17,100.8056,100.9711,100.8056,100.9711,1536
14:18,100.6306,100.8056,100.6306,100.8056,1277
14:19,100.6105,100.6306,100.6105,100.6306,1586
14:20,100.7946,100.7946,100.6105,100.6105,800
14:21,100.8315,100.8315,100.7946,100.7946,843
14:22,100.5848,100.8315,100.5848,100.8315,2263
14:23,100.7241,100.7241,100.5848,100.5848,687
14:24,100.869,100.869,100.7241,100.7241,953
14:25,100.8735,100.8735,100.869,100.869,1496
14:26,100.9577,100.9577,100.8735,100.8735,1035
14:27,100.8661,100.9577,100.8661,100.9577,1230
14:28,100.5923,100.8661,100.5923,100.8661,868
14:29,100.5769,100.5923,100.5769,100.5923,1140
14:30,100.508,100.5769,100.508,100.5769,629
14:31,100.5376,100.5376,100.508,100.508,1800
14:32,100.7918,100.7918,100.5376,100.5376,959
14:33,100.7954,100.7954,100.7918,100.7918,786
14:34,100.6028,100.7954,100.6028,100.7954,1267
14:35,100.577,100.6028,100.577,100.6028,849
14:36,100.5757,100.577,100.5757,100.577,623
14:37,100.5848,100.5848,100.5757,100.5757,620
14:38,100.4949,100.5848,100.4949,100.5848,1279
14:39,100.4753,100.4949,100.4753,100.4949,945
14:40,100.5881,100.5881,100.4753,100.4753,954
14:41,100.5935,100.5935,100.5881,100.5881,1466
14:42,100.5911,100.5935,100.5911,100.5935,671
14:43,100.1983,100.5911,100.1983,100.5911,772
14:44,100.4824,100.4824,100.1983,100.1983,873
14:45,100.6729,100.6729,100.4824,100.4824,1035
14:46,100.6932,100.6932,100.6729,100.6729,986
14:47,100.8818,100.8818,100.6932,100.6932,904
14:48,100.7724,100.8818,100.7724,100.8818,979
14:49,100.9273,100.9273,100.7724,100.7724,964
14:50,101.0506,101.0506,100.9273,100.9273,776
14:51,101.0083,101.0506,101.0083,101.0506,751
14:52,101.0282,101.0282,101.0083,101.0083,1104
14:53,101.1347,101.1347,101.0282,101.0282,731
14:54,101.1182,101.1347,101.1182,101.1347,665
14:55,101.4136,101.4136,101.1182,101.1182,898
14:56,101.6301,101.6301,101.4136,101.4136,949
14:57,101.3364,101.6301,101.3364,101.6301,2234
14:58,101.3318,101.3364,101.3318,101.3364,782
14:59,101.3527,101.3527,101.3318,101.3318,1404
15:00,101.3986,101.3986,101.3527,101.3527,1311
15:01,101.2062,101.3986,101.2062,101.3986,660
15:02,101.0543,101.2062,101.0543,101.2062,1326
15:03,100.9733,101.0543,100.9733,101.0543,663
15:04,100.8696,100.9733,100.8696,100.9733,394
15:05,100.8299,100.8696,100.8299,100.8696,1255
15:06,100.6176,100.8299,100.6176,100.8299,544
15:07,100.645,100.645,100.6176,100.6176,1192
15:08,100.454,100.645,100.454,100.645,799
15:09,100.6314,100.6314,100.454,100.454,1839
15:10,100.4646,100.6314,100.4646,100.6314,1496
15:11,100.3587,100.4646,100.3587,100.4646,875
15:12,100.4403,100.4403,100.3587,100.3587,808
15:13,100.61,100.61,100.4403,100.4403,674
15:14,100.5281,100.61,100.5281,100.61,891
15:15,100.5754,100.5754,100.5281,100.5281,948
15:16,100.6821,100.6821,100.5754,100.5754,926
15:17,100.8526,100.8526,100.6821,100.6821,1122
15:18,100.9439,100.9439,100.8526,100.8526,1314
15:19,101.0163,101.0163,100.9439,100.9439,1223
15:20,100.8963,101.0163,100.8963,101.0163,832
15:21,101.1142,101.1142,100.8963,100.8963,663
15:22,101.1336,101.1336,101.1142,101.1142,1813
15:23,101.2027,101.2027,101.1336,101.1336,888
15:24,101.1363,101.2027,101.1363,101.2027,914
15:25,101.0079,101.1363,101.0079,101.1363,974
15:26,101.0226,101.0226,101.0079,101.0079,622
15:27,101.0083,101.0226,101.0083,101.0226,1030
15:28,101.023,101.023,101.0083,101.0083,1054
15:29,100.8553,101.023,100.8553,101.023,1597
15:30,100.8217,100.8553,100.8217,100.8553,1689
15:31,100.794,100.8217,100.794,100.8217,1361
15:32,100.7509,100.794,100.7509,100.794,1956
15:33,100.4931,100.7509,100.4931,100.7509,1643
15:34,100.6234,100.6234,100.4931,100.4931,1506
15:35,100.5787,100.6234,100.5787,100.6234,1671
15:36,100.5352,100.5787,100.5352,100.5787,1543
15:37,100.4472,100.5352,100.4472,100.5352,1505
15:38,100.5603,100.5603,100.4472,100.4472,1656
15:39,100.4693,100.5603,100.4693,100.5603,1288
15:40,100.4706,100.4706,100.4693,100.4693,2246
15:41,100.5753,100.5753,100.4706,100.4706,1518
15:42,100.7153,100.7153,100.5753,100.5753,3096
15:43,100.7262,100.7262,100.7153,100.7153,2244
15:44,100.6458,100.7262,100.6458,100.7262,2671
15:45,100.5983,100.6458,100.5983,100.6458,3354
15:46,100.4108,100.5983,100.4108,100.5983,3804
15:47,100.4292,100.4292,100.4108,100.4108,1871
15:48,100.5388,100.5388,100.4292,100.4292,3277
15:49,100.5917,100.5917,100.5388,100.5388,5216
15:50,100.6489,100.6489,100.5917,100.5917,2268
15:51,100.6928,100.6928,100.6489,100.6489,5160
15:52,100.8042,100.8042,100.6928,100.6928,2200
15:53,101.0176,101.0176,100.8042,100.8042,3711
15:54,100.9478,101.0176,100.9478,101.0176,5897
15:55,100.7932,100.9478,100.7932,100.9478,3531
15:56,100.6942,100.7932,100.6942,100.7932,4898
15:57,100.7299,100.7299,100.6942,100.6942,4511
15:58,100.6475,100.7299,100.6475,100.7299,14929
15:59,100.5924,100.6475,100.5924,100.6475,9667
