Time,Close,High,Low,Open,Volume
09:30,99.9795,99.9856,99.9795,99.9856,18689
09:31,100.0049,100.0049,99.9795,99.9795,10511
09:32,100.0021,100.0049,100.0021,100.0049,11775
09:33,100.0039,100.0039,100.0021,100.0021,16820
09:34,99.9952,100.0039,99.9952,100.0039,13466
09:35,100.0324,100.0324,99.9952,99.9952,4493
09:36,100.0415,100.0415,100.0324,100.0324,8147
09:37,100.0155,100.0415,100.0155,100.0415,5054
09:38,100.0205,100.0205,100.0155,100.0155,4718
09:39,100.0284,100.0284,100.0205,100.0205,5203
09:40,100.0404,100.0404,100.0284,100.0284,4357
09:41,100.0302,100.0404,100.0302,100.0404,6393
09:42,100.0349,100.0349,100.0302,100.0302,4619
09:43,100.0526,100.0526,100.0349,100.0349,3408
09:44,100.0757,100.0757,100.0526,100.0526,3544
09:45,100.0573,100.0757,100.0573,100.0757,3169
09:46,100.0466,100.0573,100.0466,100.0573,4457
09:47,100.0567,100.0567,100.0466,100.0466,2280
09:48,100.0511,100.0567,100.0511,100.0567,2567
09:49,100.0497,100.0511,100.0497,100.0511,1594
09:50,100.0411,100.0497,100.0411,100.0497,823
09:51,100.0467,100.0467,100.0411,100.0411,2423
09:52,100.0319,100.0467,100.0319,100.0467,2474
09:53,100.0221,100.0319,100.0221,100.0319,1331
09:54,99.9985,100.0221,99.9985,100.0221,3691
09:55,99.9869,99.9985,99.9869,99.9985,943
09:56,100.0092,100.0092,99.9869,99.9869,1539
09:57,100.0124,100.0124,100.0092,100.0092,1363
09:58,100.0162,100.0162,100.0124,100.0124,2420
09:59,100.009,100.0162,100.009,100.0162,2289
10:00,100.0034,100.009,100.0034,100.009,1393
10:01,100.0069,100.0069,100.0034,100.0034,1466
10:02,100.0128,100.0128,100.0069,100.0069,912
10:03,99.9876,100.0128,99.9876,100.0128,605
10:04,99.9929,99.9929,99.9876,99.9876,1056
10:05,99.9854,99.9929,99.9854,99.9929,1239
10:06,100.0027,100.0027,99.9854,99.9854,1782
10:07,99.9836,100.0027,99.9836,100.0027,1736
10:08,99.9891,99.9891,99.9836,99.9836,974
10:09,99.9934,99.9934,99.9891,99.9891,992
10:10,100.0125,100.0125,99.9934,99.9934,752
10:11,100.0173,100.0173,100.0125,100.0125,653
10:12,100.0282,100.0282,100.0173,100.0173,585
10:13,100.0331,100.0331,100.0282,100.0282,2120
10:14,100.0528,100.0528,100.0331,100.0331,880
10:15,100.0679,100.0679,100.0528,100.0528,897
10:16,100.0512,100.0679,100.0512,100.0679,668
10:17,100.0916,100.0916,100.0512,100.0512,1365
10:18,100.0954,100.0954,100.0916,100.0916,582
10:19,100.0993,100.0993,100.0954,100.0954,953
10:20,100.1246,100.1246,100.0993,100.0993,746
10:21,100.1183,100.1246,100.1183,100.1246,1171
10:22,100.1078,100.1183,100.1078,100.1183,850
10:23,100.1128,100.1128,100.1078,100.1078,668
10:24,100.1199,100.1199,100.1128,100.1128,1004
10:25,100.1344,100.1344,100.1199,100.1199,1178
10:26,100.1093,100.1344,100.1093,100.1344,1034
10:27,100.1131,100.1131,100.1093,100.1093,1123
10:28,100.1243,100.1243,100.1131,100.1131,805
10:29,100.1205,100.1243,100.1205,100.1243,885
10:30,100.1088,100.1205,100.1088,100.1205,792
10:31,100.0696,100.1088,100.0696,100.1088,885
10:32,100.0683,100.0696,100.0683,100.0696,753
10:33,100.0846,100.0846,100.0683,100.0683,544
10:34,100.057,100.0846,100.057,100.0846,1068
10:35,100.0574,100.0574,100.057,100.057,870
10:36,100.0543,100.0574,100.0543,100.0574,562
10:37,100.045,100.0543,100.045,100.0543,1181
10:38,100.0577,100.0577,100.045,100.045,726
10:39,100.0349,100.0577,100.0349,100.0577,1020
10:40,100.0772,100.0772,100.0349,100.0349,1297
10:41,100.1199,100.1199,100.0772,100.0772,1048
10:42,100.1176,100.1199,100.1176,100.1199,1499
10:43,100.1625,100.1625,100.1176,100.1176,646
10:44,100.1995,100.1995,100.1625,100.1625,1154
10:45,100.2473,100.2473,100.1995,100.1995,785
10:46,100.2486,100.2486,100.2473,100.2473,735
10:47,100.2594,100.2594,100.2486,100.2486,815
10:48,100.2666,100.2666,100.2594,100.2594,896
10:49,100.2888,100.2888,100.2666,100.2666,1020
10:50,100.2955,100.2955,100.2888,100.2888,662
10:51,100.2809,100.2955,100.2809,100.2955,1376
10:52,100.2722,100.2809,100.2722,100.2809,1180
10:53,100.2712,100.2722,100.2712,100.2722,580
10:54,100.2557,100.2712,100.2557,100.2712,1695
10:55,100.2544,100.2557,100.2544,100.2557,1958
10:56,100.2676,100.2676,100.2544,100.2544,1519
10:57,100.3077,100.3077,100.2676,100.2676,938
10:58,100.3073,100.3077,100.3073,100.3077,684
10:59,100.305,100.3073,100.305,100.3073,1453
11:00,100.2841,100.305,100.2841,100.305,867
11:01,100.3143,100.3143,100.2841,100.2841,1542
11:02,100.3038,100.3143,100.3038,100.3143,1077
11:03,100.3348,100.3348,100.3038,100.3038,1414
11:04,100.3314,100.3348,100.3314,100.3348,1135
11:05,100.3315,100.3315,100.3314,100.3314,1285
11:06,100.3455,100.3455,100.3315,100.3315,1004
11:07,100.3149,100.3455,100.3149,100.3455,1883
11:08,100.291,100.3149,100.291,100.3149,1046
11:09,100.2889,100.291,100.2889,100.291,1153
11:10,100.3031,100.3031,100.2889,100.2889,1949
11:11,100.2989,100.3031,100.2989,100.3031,620
11:12,100.3223,100.3223,100.2989,100.2989,637
11:13,100.3185,100.3223,100.3185,100.3223,1410
11:14,100.3012,100.3185,100.3012,100.3185,660
11:15,100.3058,100.3058,100.3012,100.3012,1992
11:16,100.3035,100.3058,100.3035,100.3058,864
11:17,100.2984,100.3035,100.2984,100.3035,767
11:18,100.2978,100.2984,100.2978,100.2984,1977
11:19,100.2877,100.2978,100.2877,100.2978,1690
11:20,100.2984,100.2984,100.2877,100.2877,1939
11:21,100.3038,100.3038,100.2984,100.2984,1379
11:22,100.3273,100.3273,100.3038,100.3038,737
11:23,100.3251,100.3273,100.3251,100.3273,1968
11:24,100.3468,100.3468,100.3251,100.3251,909
11:25,100.3537,100.3537,100.3468,100.3468,1329
11:26,100.3521,100.3537,100.3521,100.3537,1399
11:27,100.3451,100.3521,100.3451,100.3521,947
11:28,100.3301,100.3451,100.3301,100.3451,1243
11:29,100.2939,100.3301,100.2939,100.3301,1387
11:30,100.2818,100.2939,100.2818,100.2939,1143
11:31,100.2901,100.2901,100.2818,100.2818,677
11:32,100.256,100.2901,100.256,100.2901,1112
11:33,100.2642,100.2642,100.256,100.256,1600
11:34,100.2608,100.2642,100.2608,100.2642,782
11:35,100.2512,100.2608,100.2512,100.2608,948
11:36,100.2497,100.2512,100.2497,100.2512,857
11:37,100.237,100.2497,100.237,100.2497,1926
11:38,100.2348,100.237,100.2348,100.237,1269
11:39,100.2045,100.2348,100.2045,100.2348,1155
11:40,100.2015,100.2045,100.2015,100.2045,761
11:41,100.2044,100.2044,100.2015,100.2015,1211
11:42,100.187,100.2044,100.187,100.2044,787
11:43,100.1971,100.1971,100.187,100.187,1011
11:44,100.1847,100.1971,100.1847,100.1971,798
11:45,100.1728,100.1847,100.1728,100.1847,1271
11:46,100.1902,100.1902,100.1728,100.1728,1227
11:47,100.1888,100.1902,100.1888,100.1902,929
11:48,100.222,100.222,100.1888,100.1888,1151
11:49,100.2003,100.222,100.2003,100.222,679
11:50,100.1952,100.2003,100.1952,100.2003,589
11:51,100.1863,100.1952,100.1863,100.1952,1169
11:52,100.1863,100.1863,100.1863,100.1863,1061
11:53,100.1926,100.1926,100.1863,100.1863,1252
11:54,100.2163,100.2163,100.1926,100.1926,2328
11:55,100.2225,100.2225,100.2163,100.2163,1398
11:56,100.2473,100.2473,100.2225,100.2225,724
11:57,100.2643,100.2643,100.2473,100.2473,1486
11:58,100.2701,100.2701,100.2643,100.2643,627
11:59,100.2511,100.2701,100.2511,100.2701,849
12:00,100.2985,100.2985,100.2511,100.2511,976
12:01,100.3049,100.3049,100.2985,100.2985,1836
12:02,100.3108,100.3108,100.3049,100.3049,768
12:03,100.3232,100.3232,100.3108,100.3108,746
12:04,100.3272,100.3272,100.3232,100.3232,966
12:05,100.3245,100.3272,100.3245,100.3272,790
12:06,100.3337,100.3337,100.3245,100.3245,1491
12:07,100.3247,100.3337,100.3247,100.3337,682
12:08,100.3101,100.3247,100.3101,100.3247,666
12:09,100.3372,100.3372,100.3101,100.3101,856
12:10,100.346,100.346,100.3372,100.3372,838
12:11,100.3716,100.3716,100.346,100.346,1982
12:12,100.3845,100.3845,100.3716,100.3716,1400
12:13,100.3865,100.3865,100.3845,100.3845,1032
12:14,100.3669,100.3865,100.3669,100.3865,648
12:15,100.3502,100.3669,100.3502,100.3669,1349
12:16,100.3759,100.3759,100.3502,100.3502,701
12:17,100.3628,100.3759,100.3628,100.3759,578
12:18,100.372,100.372,100.3628,100.3628,1524
12:19,100.3867,100.3867,100.372,100.372,1119
12:20,100.3977,100.3977,100.3867,100.3867,1386
12:21,100.3967,100.3977,100.3967,100.3977,1120
12:22,100.3761,100.3967,100.3761,100.3967,1355
12:23,100.3663,100.3761,100.3663,100.3761,794
12:24,100.3677,100.3677,100.3663,100.3663,693
12:25,100.373,100.373,100.3677,100.3677,1273
12:26,100.3569,100.373,100.3569,100.373,752
12:27,100.3682,100.3682,100.3569,100.3569,783
12:28,100.3774,100.3774,100.3682,100.3682,851
12:29,100.4047,100.4047,100.3774,100.3774,1006
12:30,100.3981,100.4047,100.3981,100.4047,882
12:31,100.4019,100.4019,100.3981,100.3981,614
12:32,100.4207,100.4207,100.4019,100.4019,796
12:33,100.4087,100.4207,100.4087,100.4207,455
12:34,100.4187,100.4187,100.4087,100.4087,1248
12:35,100.4286,100.4286,100.4187,100.4187,567
12:36,100.4316,100.4316,100.4286,100.4286,676
12:37,100.411,100.4316,100.411,100.4316,1019
12:38,100.4253,100.4253,100.411,100.411,769
12:39,100.4033,100.4253,100.4033,100.4253,1728
12:40,100.3979,100.4033,100.3979,100.4033,632
12:41,100.3922,100.3979,100.3922,100.3979,1099
12:42,100.378,100.3922,100.378,100.3922,986
12:43,100.3821,100.3821,100.378,100.378,661
12:44,100.3918,100.3918,100.3821,100.3821,1204
12:45,100.4069,100.4069,100.3918,100.3918,941
12:46,100.4296,100.4296,100.4069,100.4069,1315
12:47,100.4391,100.4391,100.4296,100.4296,1339
12:48,100.4088,100.4391,100.4088,100.4391,2153
12:49,100.3952,100.4088,100.3952,100.4088,1606
12:50,100.3797,100.3952,100.3797,100.3952,877
12:51,100.3927,100.3927,100.3797,100.3797,919
12:52,100.4072,100.4072,100.3927,100.3927,1477
12:53,100.4196,100.4196,100.4072,100.4072,1261
12:54,100.3902,100.4196,100.3902,100.4196,1255
12:55,100.385,100.3902,100.385,100.3902,564
12:56,100.391,100.391,100.385,100.385,991
12:57,100.4045,100.4045,100.391,100.391,770
12:58,100.4138,100.4138,100.4045,100.4045,1104
12:59,100.4423,100.4423,100.4138,100.4138,966
13:00,100.4239,100.4423,100.4239,100.4423,1381
13:01,100.4292,100.4292,100.4239,100.4239,1119
13:02,100.4417,100.4417,100.4292,100.4292,1321
13:03,100.4489,100.4489,100.4417,100.4417,848
13:04,100.4321,100.4489,100.4321,100.4489,715
13:05,100.4299,100.4321,100.4299,100.4321,865
13:06,100.442,100.442,100.4299,100.4299,994
13:07,100.4653,100.4653,100.442,100.442,1144
13:08,100.4668,100.4668,100.4653,100.4653,2228
13:09,100.4712,100.4712,100.4668,100.4668,985
13:10,100.5015,100.5015,100.4712,100.4712,713
13:11,100.5144,100.5144,100.5015,100.5015,885
13:12,100.5414,100.5414,100.5144,100.5144,848
13:13,100.5654,100.5654,100.5414,100.5414,1186
13:14,100.5747,100.5747,100.5654,100.5654,579
13:15,100.6042,100.6042,100.5747,100.5747,1023
13:16,100.6029,100.6042,100.6029,100.6042,1057
13:17,100.5963,100.6029,100.5963,100.6029,1086
13:18,100.5965,100.5965,100.5963,100.5963,809
13:19,100.5875,100.5965,100.5875,100.5965,919
13:20,100.6047,100.6047,100.5875,100.5875,604
13:21,100.6206,100.6206,100.6047,100.6047,840
13:22,100.6237,100.6237,100.6206,100.6206,825
13:23,100.6404,100.6404,100.6237,100.6237,1159
13:24,100.6583,100.6583,100.6404,100.6404,664
13:25,100.6601,100.6601,100.6583,100.6583,1319
13:26,100.6805,100.6805,100.6601,100.6601,1699
13:27,100.6633,100.6805,100.6633,100.6805,480
13:28,100.6706,100.6706,100.6633,100.6633,1163
13:29,100.6816,100.6816,100.6706,100.6706,1271
13:30,100.7056,100.7056,100.6816,100.6816,798
13:31,100.7152,100.7152,100.7056,100.7056,869
13:32,100.712,100.7152,100.712,100.7152,954
13:33,100.7154,100.7154,100.712,100.712,900
13:34,100.7463,100.7463,100.7154,100.7154,896
13:35,100.7458,100.7463,100.7458,100.7463,552
13:36,100.7509,100.7509,100.7458,100.7458,1505
13:37,100.7777,100.7777,100.7509,100.7509,1466
13:38,100.7961,100.7961,100.7777,100.7777,750
13:39,100.7886,100.7961,100.7886,100.7961,595
13:40,100.788,100.7886,100.788,100.7886,1203
13:41,100.8083,100.8083,100.788,100.788,815
13:42,100.8241,100.8241,100.8083,100.8083,1052
13:43,100.8442,100.8442,100.8241,100.8241,893
13:44,100.8731,100.8731,100.8442,100.8442,1278
13:45,100.8793,100.8793,100.8731,100.8731,1279
13:46,100.8904,100.8904,100.8793,100.8793,773
13:47,100.9189,100.9189,100.8904,100.8904,612
13:48,100.9108,100.9189,100.9108,100.9189,571
13:49,100.8922,100.9108,100.8922,100.9108,1242
13:50,100.8825,100.8922,100.8825,100.8922,656
13:51,100.8657,100.8825,100.8657,100.8825,836
13:52,100.8875,100.8875,100.8657,100.8657,809
13:53,100.8899,100.8899,100.8875,100.8875,982
13:54,100.8924,100.8924,100.8899,100.8899,503
13:55,100.8697,100.8924,100.8697,100.8924,1069
13:56,100.8585,100.8697,100.8585,100.8697,1204
13:57,100.8499,100.8585,100.8499,100.8585,1032
13:58,100.8729,100.8729,100.8499,100.8499,896
13:59,100.891,100.891,100.8729,100.8729,1035
14:00,100.9047,100.9047,100.891,100.891,1152
14:01,100.8841,100.9047,100.8841,100.9047,374
14:02,100.9137,100.9137,100.8841,100.8841,2000
14:03,100.8805,100.9137,100.8805,100.9137,1148
14:04,100.8894,100.8894,100.8805,100.8805,794
14:05,100.8978,100.8978,100.8894,100.8894,871
14:06,100.8886,100.8978,100.8886,100.8978,1191
14:07,100.879,100.8886,100.879,100.8886,960
14:08,100.8798,100.8798,100.879,100.879,487
14:09,100.8669,100.8798,100.8669,100.8798,2079
14:10,100.8979,100.8979,100.8669,100.8669,962
14:11,100.9194,100.9194,100.8979,100.8979,1436
14:12,100.916,100.9194,100.916,100.9194,782
14:13,100.9277,100.9277,100.916,100.916,1724
14:14,100.9278,100.9278,100.9277,100.9277,1107
14:15,100.9013,100.9278,100.9013,100.9278,1241
14:16,100.9255,100.9255,100.9013,100.9013,690
14:17,100.9444,100.9444,100.9255,100.9255,1536
14:18,100.9363,100.9444,100.9363,100.9444,1277
14:19,100.9477,100.9477,100.9363,100.9363,1586
14:20,100.9333,100.9477,100.9333,100.9477,800
14:21,100.9375,100.9375,100.9333,100.9333,843
14:22,100.9489,100.9489,100.9375,100.9375,2263
14:23,100.9655,100.9655,100.9489,100.9489,687
14:24,100.9675,100.9675,100.9655,100.9655,953
14:25,100.9822,100.9822,100.9675,100.9675,1496
14:26,100.9849,100.9849,100.9822,100.9822,1035
14:27,100.9795,100.9849,100.9795,100.9849,1230
14:28,100.9803,100.9803,100.9795,100.9795,868
14:29,100.9662,100.9803,100.9662,100.9803,1140
14:30,100.9573,100.9662,100.9573,100.9662,629
14:31,100.9516,100.9573,100.9516,100.9573,1800
14:32,100.9126,100.9516,100.9126,100.9516,959
14:33,100.9063,100.9126,100.9063,100.9126,786
14:34,100.8988,100.9063,100.8988,100.9063,1267
14:35,100.9207,100.9207,100.8988,100.8988,849
14:36,100.9065,100.9207,100.9065,100.9207,623
14:37,100.8999,100.9065,100.8999,100.9065,620
14:38,100.9179,100.9179,100.8999,100.8999,1279
14:39,100.8937,100.9179,100.8937,100.9179,945
14:40,100.8732,100.8937,100.8732,100.8937,954
14:41,100.8817,100.8817,100.8732,100.8732,1466
14:42,100.9018,100.9018,100.8817,100.8817,671
14:43,100.868,100.9018,100.868,100.9018,772
14:44,100.8675,100.868,100.8675,100.868,873
14:45,100.8889,100.8889,100.8675,100.8675,1035
14:46,100.8905,100.8905,100.8889,100.8889,986
14:47,100.9124,100.9124,100.8905,100.8905,904
14:48,100.9229,100.9229,100.9124,100.9124,979
14:49,100.9331,100.9331,100.9229,100.9229,964
14:50,100.9222,100.9331,100.9222,100.9331,776
14:51,100.903,100.9222,100.903,100.9222,751
14:52,100.8733,100.903,100.8733,100.903,1104
14:53,100.8505,100.8733,100.8505,100.8733,731
14:54,100.8041,100.8505,100.8041,100.8505,665
14:55,100.8,100.8041,100.8,100.8041,898
14:56,100.7971,100.8,100.7971,100.8,949
14:57,100.7917,100.7971,100.7917,100.7971,2234
14:58,100.7931,100.7931,100.7917,100.7917,782
14:59,100.7952,100.7952,100.7931,100.7931,1404
15:00,100.7973,100.7973,100.7952,100.7952,1311
15:01,100.8216,100.8216,100.7973,100.7973,660
15:02,100.8103,100.8216,100.8103,100.8216,1326
15:03,100.7788,100.8103,100.7788,100.8103,663
15:04,100.7726,100.7788,100.7726,100.7788,394
15:05,100.8027,100.8027,100.7726,100.7726,1255
15:06,100.8063,100.8063,100.8027,100.8027,544
15:07,100.7785,100.8063,100.7785,100.8063,1192
15:08,100.7815,100.7815,100.7785,100.7785,799
15:09,100.8013,100.8013,100.7815,100.7815,1839
15:10,100.8029,100.8029,100.8013,100.8013,1496
15:11,100.7875,100.8029,100.7875,100.8029,875
15:12,100.7954,100.7954,100.7875,100.7875,808
15:13,100.7677,100.7954,100.7677,100.7954,674
15:14,100.7249,100.7677,100.7249,100.7677,891
15:15,100.7152,100.7249,100.7152,100.7249,948
15:16,100.7193,100.7193,100.7152,100.7152,926
15:17,100.7298,100.7298,100.7193,100.7193,1122
15:18,100.745,100.745,100.7298,100.7298,1314
15:19,100.7129,100.745,100.7129,100.745,1223
15:20,100.7062,100.7129,100.7062,100.7129,832
15:21,100.6548,100.7062,100.6548,100.7062,663
15:22,100.647,100.6548,100.647,100.6548,1813
15:23,100.666,100.666,100.647,100.647,888
15:24,100.654,100.666,100.654,100.666,914
15:25,100.6519,100.654,100.6519,100.654,974
15:26,100.6631,100.6631,100.6519,100.6519,622
15:27,100.6479,100.6631,100.6479,100.6631,1030
15:28,100.6402,100.6479,100.6402,100.6479,1054
15:29,100.6257,100.6402,100.6257,100.6402,1597
15:30,100.6013,100.6257,100.6013,100.6257,1689
15:31,100.5989,100.6013,100.5989,100.6013,1361
15:32,100.5897,100.5989,100.5897,100.5989,1956
15:33,100.6238,100.6238,100.5897,100.5897,1643
15:34,100.6432,100.6432,100.6238,100.6238,1506
15:35,100.6175,100.6432,100.6175,100.6432,1671
15:36,100.6071,100.6175,100.6071,100.6175,1543
15:37,100.6084,100.6084,100.6071,100.6071,1505
15:38,100.616,100.616,100.6084,100.6084,1656
15:39,100.5915,100.616,100.5915,100.616,1288
15:40,100.6187,100.6187,100.5915,100.5915,2246
15:41,100.6233,100.6233,100.6187,100.6187,1518
15:42,100.6038,100.6233,100.6038,100.6233,3096
15:43,100.6093,100.6093,100.6038,100.6038,2244
15:44,100.6101,100.6101,100.6093,100.6093,2671
15:45,100.6138,100.6138,100.6101,100.6101,3354
15:46,100.591,100.6138,100.591,100.6138,3804
15:47,100.6199,100.6199,100.591,100.591,1871
15:48,100.6023,100.6199,100.6023,100.6199,3277
15:49,100.6011,100.6023,100.6011,100.6023,5216
15:50,100.6048,100.6048,100.6011,100.6011,2268
15:51,100.5869,100.6048,100.5869,100.6048,5160
15:52,100.5656,100.5869,100.5656,100.5869,2200
15:53,100.5364,100.5656,100.5364,100.5656,3711
15:54,100.5163,100.5364,100.5163,100.5364,5897
15:55,100.5106,100.5163,100.5106,100.5163,3531
15:56,100.4968,100.5106,100.4968,100.5106,4898
15:57,100.5143,100.5143,100.4968,100.4968,4511
15:58,100.4928,100.5143,100.4928,100.5143,14929
15:59,100.4788,100.4928,100.4788,100.4928,9667
