Time,Close,High,Low,Open,Volume
09:30,99.9937,99.9937,99.9924,99.9924,18689
09:31,99.9889,99.9937,99.9889,99.9937,10511
09:32,99.9916,99.9916,99.9889,99.9889,11775
09:33,99.9879,99.9916,99.9879,99.9916,16820
09:34,99.9853,99.9879,99.9853,99.9879,13466
09:35,99.9718,99.9853,99.9718,99.9853,4493
09:36,99.9707,99.9718,99.9707,99.9718,8147
09:37,99.9626,99.9707,99.9626,99.9707,5054
09:38,99.9604,99.9626,99.9604,99.9626,4718
09:39,99.9621,99.9621,99.9604,99.9604,5203
09:40,99.9606,99.9621,99.9606,99.9621,4357
09:41,99.9676,99.9676,99.9606,99.9606,6393
09:42,99.9655,99.9676,99.9655,99.9676,4619
09:43,99.9628,99.9655,99.9628,99.9655,3408
09:44,99.9685,99.9685,99.9628,99.9628,3544
09:45,99.9681,99.9685,99.9681,99.9685,3169
09:46,99.979,99.979,99.9681,99.9681,4457
09:47,99.9714,99.979,99.9714,99.979,2280
09:48,99.9787,99.9787,99.9714,99.9714,2567
09:49,99.9735,99.9787,99.9735,99.9787,1594
09:50,99.9857,99.9857,99.9735,99.9735,823
09:51,99.9656,99.9857,99.9656,99.9857,2423
09:52,99.955,99.9656,99.955,99.9656,2474
09:53,99.9688,99.9688,99.955,99.955,1331
09:54,99.9779,99.9779,99.9688,99.9688,3691
09:55,99.9691,99.9779,99.9691,99.9779,943
09:56,99.9773,99.9773,99.9691,99.9691,1539
09:57,99.9938,99.9938,99.9773,99.9773,1363
09:58,99.9868,99.9938,99.9868,99.9938,2420
09:59,99.9916,99.9916,99.9868,99.9868,2289
10:00,100.0013,100.0013,99.9916,99.9916,1393
10:01,100.0073,100.0073,100.0013,100.0013,1466
10:02,100.0248,100.0248,100.0073,100.0073,912
10:03,100.0297,100.0297,100.0248,100.0248,605
10:04,100.0235,100.0297,100.0235,100.0297,1056
10:05,100.0274,100.0274,100.0235,100.0235,1239
10:06,100.0394,100.0394,100.0274,100.0274,1782
10:07,100.0346,100.0394,100.0346,100.0394,1736
10:08,100.0348,100.0348,100.0346,100.0346,974
10:09,100.0288,100.0348,100.0288,100.0348,992
10:10,100.0262,100.0288,100.0262,100.0288,752
10:11,100.0268,100.0268,100.0262,100.0262,653
10:12,100.0298,100.0298,100.0268,100.0268,585
10:13,100.0423,100.0423,100.0298,100.0298,2120
10:14,100.077,100.077,100.0423,100.0423,880
10:15,100.0776,100.0776,100.077,100.077,897
10:16,100.0702,100.0776,100.0702,100.0776,668
10:17,100.0805,100.0805,100.0702,100.0702,1365
10:18,100.0822,100.0822,100.0805,100.0805,582
10:19,100.0577,100.0822,100.0577,100.0822,953
10:20,100.0585,100.0585,100.0577,100.0577,746
10:21,100.0591,100.0591,100.0585,100.0585,1171
10:22,100.0497,100.0591,100.0497,100.0591,850
10:23,100.0604,100.0604,100.0497,100.0497,668
10:24,100.0746,100.0746,100.0604,100.0604,1004
10:25,100.0911,100.0911,100.0746,100.0746,1178
10:26,100.0881,100.0911,100.0881,100.0911,1034
10:27,100.0808,100.0881,100.0808,100.0881,1123
10:28,100.0743,100.0808,100.0743,100.0808,805
10:29,100.0747,100.0747,100.0743,100.0743,885
10:30,100.0752,100.0752,100.0747,100.0747,792
10:31,100.0902,100.0902,100.0752,100.0752,885
10:32,100.099,100.099,100.0902,100.0902,753
10:33,100.0992,100.0992,100.099,100.099,544
10:34,100.1019,100.1019,100.0992,100.0992,1068
10:35,100.106,100.106,100.1019,100.1019,870
10:36,100.1214,100.1214,100.106,100.106,562
10:37,100.1203,100.1214,100.1203,100.1214,1181
10:38,100.1193,100.1203,100.1193,100.1203,726
10:39,100.1229,100.1229,100.1193,100.1193,1020
10:40,100.1334,100.1334,100.1229,100.1229,1297
10:41,100.1556,100.1556,100.1334,100.1334,1048
10:42,100.1515,100.1556,100.1515,100.1556,1499
10:43,100.1453,100.1515,100.1453,100.1515,646
10:44,100.1574,100.1574,100.1453,100.1453,1154
10:45,100.1617,100.1617,100.1574,100.1574,785
10:46,100.1802,100.1802,100.1617,100.1617,735
10:47,100.1709,100.1802,100.1709,100.1802,815
10:48,100.1651,100.1709,100.1651,100.1709,896
10:49,100.1868,100.1868,100.1651,100.1651,1020
10:50,100.1831,100.1868,100.1831,100.1868,662
10:51,100.1918,100.1918,100.1831,100.1831,1376
10:52,100.2043,100.2043,100.1918,100.1918,1180
10:53,100.2199,100.2199,100.2043,100.2043,580
10:54,100.2377,100.2377,100.2199,100.2199,1695
10:55,100.2482,100.2482,100.2377,100.2377,1958
10:56,100.2684,100.2684,100.2482,100.2482,1519
10:57,100.2868,100.2868,100.2684,100.2684,938
10:58,100.2993,100.2993,100.2868,100.2868,684
10:59,100.295,100.2993,100.295,100.2993,1453
11:00,100.2734,100.295,100.2734,100.295,867
11:01,100.2785,100.2785,100.2734,100.2734,1542
11:02,100.2736,100.2785,100.2736,100.2785,1077
11:03,100.2612,100.2736,100.2612,100.2736,1414
11:04,100.2784,100.2784,100.2612,100.2612,1135
11:05,100.2783,100.2784,100.2783,100.2784,1285
11:06,100.2685,100.2783,100.2685,100.2783,1004
11:07,100.2691,100.2691,100.2685,100.2685,1883
11:08,100.2685,100.2691,100.2685,100.2691,1046
11:09,100.281,100.281,100.2685,100.2685,1153
11:10,100.2876,100.2876,100.281,100.281,1949
11:11,100.2984,100.2984,100.2876,100.2876,620
11:12,100.3206,100.3206,100.2984,100.2984,637
11:13,100.3317,100.3317,100.3206,100.3206,1410
11:14,100.341,100.341,100.3317,100.3317,660
11:15,100.3493,100.3493,100.341,100.341,1992
11:16,100.3537,100.3537,100.3493,100.3493,864
11:17,100.3737,100.3737,100.3537,100.3537,767
11:18,100.3915,100.3915,100.3737,100.3737,1977
11:19,100.3954,100.3954,100.3915,100.3915,1690
11:20,100.3873,100.3954,100.3873,100.3954,1939
11:21,100.387,100.3873,100.387,100.3873,1379
11:22,100.3943,100.3943,100.387,100.387,737
11:23,100.4252,100.4252,100.3943,100.3943,1968
11:24,100.4234,100.4252,100.4234,100.4252,909
11:25,100.4226,100.4234,100.4226,100.4234,1329
11:26,100.4425,100.4425,100.4226,100.4226,1399
11:27,100.4328,100.4425,100.4328,100.4425,947
11:28,100.4289,100.4328,100.4289,100.4328,1243
11:29,100.4277,100.4289,100.4277,100.4289,1387
11:30,100.4316,100.4316,100.4277,100.4277,1143
11:31,100.4156,100.4316,100.4156,100.4316,677
11:32,100.4081,100.4156,100.4081,100.4156,1112
11:33,100.4115,100.4115,100.4081,100.4081,1600
11:34,100.409,100.4115,100.409,100.4115,782
11:35,100.4199,100.4199,100.409,100.409,948
11:36,100.4337,100.4337,100.4199,100.4199,857
11:37,100.4293,100.4337,100.4293,100.4337,1926
11:38,100.4279,100.4293,100.4279,100.4293,1269
11:39,100.4339,100.4339,100.4279,100.4279,1155
11:40,100.4282,100.4339,100.4282,100.4339,761
11:41,100.4336,100.4336,100.4282,100.4282,1211
11:42,100.4535,100.4535,100.4336,100.4336,787
11:43,100.4606,100.4606,100.4535,100.4535,1011
11:44,100.4596,100.4606,100.4596,100.4606,798
11:45,100.4698,100.4698,100.4596,100.4596,1271
11:46,100.4774,100.4774,100.4698,100.4698,1227
11:47,100.4705,100.4774,100.4705,100.4774,929
11:48,100.4689,100.4705,100.4689,100.4705,1151
11:49,100.4913,100.4913,100.4689,100.4689,679
11:50,100.4975,100.4975,100.4913,100.4913,589
11:51,100.4843,100.4975,100.4843,100.4975,1169
11:52,100.4828,100.4843,100.4828,100.4843,1061
11:53,100.4949,100.4949,100.4828,100.4828,1252
11:54,100.5167,100.5167,100.4949,100.4949,2328
11:55,100.5176,100.5176,100.5167,100.5167,1398
11:56,100.5253,100.5253,100.5176,100.5176,724
11:57,100.519,100.5253,100.519,100.5253,1486
11:58,100.5311,100.5311,100.519,100.519,627
11:59,100.5398,100.5398,100.5311,100.5311,849
12:00,100.5483,100.5483,100.5398,100.5398,976
12:01,100.5499,100.5499,100.5483,100.5483,1836
12:02,100.5514,100.5514,100.5499,100.5499,768
12:03,100.5634,100.5634,100.5514,100.5514,746
12:04,100.568,100.568,100.5634,100.5634,966
12:05,100.5763,100.5763,100.568,100.568,790
12:06,100.5721,100.5763,100.5721,100.5763,1491
12:07,100.5812,100.5812,100.5721,100.5721,682
12:08,100.6015,100.6015,100.5812,100.5812,666
12:09,100.6108,100.6108,100.6015,100.6015,856
12:10,100.6169,100.6169,100.6108,100.6108,838
12:11,100.6238,100.6238,100.6169,100.6169,1982
12:12,100.6283,100.6283,100.6238,100.6238,1400
12:13,100.6491,100.6491,100.6283,100.6283,1032
12:14,100.6474,100.6491,100.6474,100.6491,648
12:15,100.6333,100.6474,100.6333,100.6474,1349
12:16,100.6368,100.6368,100.6333,100.6333,701
12:17,100.6387,100.6387,100.6368,100.6368,578
12:18,100.6468,100.6468,100.6387,100.6387,1524
12:19,100.6414,100.6468,100.6414,100.6468,1119
12:20,100.6697,100.6697,100.6414,100.6414,1386
12:21,100.6826,100.6826,100.6697,100.6697,1120
12:22,100.698,100.698,100.6826,100.6826,1355
12:23,100.7087,100.7087,100.698,100.698,794
12:24,100.6888,100.7087,100.6888,100.7087,693
12:25,100.6973,100.6973,100.6888,100.6888,1273
12:26,100.7009,100.7009,100.6973,100.6973,752
12:27,100.6992,100.7009,100.6992,100.7009,783
12:28,100.707,100.707,100.6992,100.6992,851
12:29,100.7099,100.7099,100.707,100.707,1006
12:30,100.7209,100.7209,100.7099,100.7099,882
12:31,100.7359,100.7359,100.7209,100.7209,614
12:32,100.7382,100.7382,100.7359,100.7359,796
12:33,100.7407,100.7407,100.7382,100.7382,455
12:34,100.7539,100.7539,100.7407,100.7407,1248
12:35,100.765,100.765,100.7539,100.7539,567
12:36,100.7726,100.7726,100.765,100.765,676
12:37,100.7709,100.7726,100.7709,100.7726,1019
12:38,100.7753,100.7753,100.7709,100.7709,769
12:39,100.7885,100.7885,100.7753,100.7753,1728
12:40,100.7997,100.7997,100.7885,100.7885,632
12:41,100.8022,100.8022,100.7997,100.7997,1099
12:42,100.7849,100.8022,100.7849,100.8022,986
12:43,100.7698,100.7849,100.7698,100.7849,661
12:44,100.7835,100.7835,100.7698,100.7698,1204
12:45,100.7887,100.7887,100.7835,100.7835,941
12:46,100.779,100.7887,100.779,100.7887,1315
12:47,100.7924,100.7924,100.779,100.779,1339
12:48,100.7995,100.7995,100.7924,100.7924,2153
12:49,100.7941,100.7995,100.7941,100.7995,1606
12:50,100.8015,100.8015,100.7941,100.7941,877
12:51,100.7985,100.8015,100.7985,100.8015,919
12:52,100.8105,100.8105,100.7985,100.7985,1477
12:53,100.8227,100.8227,100.8105,100.8105,1261
12:54,100.8032,100.8227,100.8032,100.8227,1255
12:55,100.8073,100.8073,100.8032,100.8032,564
12:56,100.8226,100.8226,100.8073,100.8073,991
12:57,100.8082,100.8226,100.8082,100.8226,770
12:58,100.8072,100.8082,100.8072,100.8082,1104
12:59,100.8231,100.8231,100.8072,100.8072,966
13:00,100.8354,100.8354,100.8231,100.8231,1381
13:01,100.823,100.8354,100.823,100.8354,1119
13:02,100.8197,100.823,100.8197,100.823,1321
13:03,100.8248,100.8248,100.8197,100.8197,848
13:04,100.8258,100.8258,100.8248,100.8248,715
13:05,100.8228,100.8258,100.8228,100.8258,865
13:06,100.8209,100.8228,100.8209,100.8228,994
13:07,100.8076,100.8209,100.8076,100.8209,1144
13:08,100.8087,100.8087,100.8076,100.8076,2228
13:09,100.8311,100.8311,100.8087,100.8087,985
13:10,100.8323,100.8323,100.8311,100.8311,713
13:11,100.8331,100.8331,100.8323,100.8323,885
13:12,100.8468,100.8468,100.8331,100.8331,848
13:13,100.8207,100.8468,100.8207,100.8468,1186
13:14,100.8189,100.8207,100.8189,100.8207,579
13:15,100.8115,100.8189,100.8115,100.8189,1023
13:16,100.8069,100.8115,100.8069,100.8115,1057
13:17,100.8001,100.8069,100.8001,100.8069,1086
13:18,100.8218,100.8218,100.8001,100.8001,809
13:19,100.8346,100.8346,100.8218,100.8218,919
13:20,100.8408,100.8408,100.8346,100.8346,604
13:21,100.8271,100.8408,100.8271,100.8408,840
13:22,100.8185,100.8271,100.8185,100.8271,825
13:23,100.8156,100.8185,100.8156,100.8185,1159
13:24,100.8111,100.8156,100.8111,100.8156,664
13:25,100.8334,100.8334,100.8111,100.8111,1319
13:26,100.8415,100.8415,100.8334,100.8334,1699
13:27,100.8265,100.8415,100.8265,100.8415,480
13:28,100.8036,100.8265,100.8036,100.8265,1163
13:29,100.7966,100.8036,100.7966,100.8036,1271
13:30,100.8035,100.8035,100.7966,100.7966,798
13:31,100.8001,100.8035,100.8001,100.8035,869
13:32,100.7989,100.8001,100.7989,100.8001,954
13:33,100.806,100.806,100.7989,100.7989,900
13:34,100.7927,100.806,100.7927,100.806,896
13:35,100.7933,100.7933,100.7927,100.7927,552
13:36,100.781,100.7933,100.781,100.7933,1505
13:37,100.7717,100.781,100.7717,100.781,1466
13:38,100.7655,100.7717,100.7655,100.7717,750
13:39,100.7498,100.7655,100.7498,100.7655,595
13:40,100.7446,100.7498,100.7446,100.7498,1203
13:41,100.7278,100.7446,100.7278,100.7446,815
13:42,100.7079,100.7278,100.7079,100.7278,1052
13:43,100.6915,100.7079,100.6915,100.7079,893
13:44,100.6746,100.6915,100.6746,100.6915,1278
13:45,100.6687,100.6746,100.6687,100.6746,1279
13:46,100.6756,100.6756,100.6687,100.6687,773
13:47,100.6895,100.6895,100.6756,100.6756,612
13:48,100.6819,100.6895,100.6819,100.6895,571
13:49,100.6835,100.6835,100.6819,100.6819,1242
13:50,100.6927,100.6927,100.6835,100.6835,656
13:51,100.6876,100.6927,100.6876,100.6927,836
13:52,100.6882,100.6882,100.6876,100.6876,809
13:53,100.6976,100.6976,100.6882,100.6882,982
13:54,100.6831,100.6976,100.6831,100.6976,503
13:55,100.686,100.686,100.6831,100.6831,1069
13:56,100.6764,100.686,100.6764,100.686,1204
13:57,100.6835,100.6835,100.6764,100.6764,1032
13:58,100.6833,100.6835,100.6833,100.6835,896
13:59,100.6721,100.6833,100.6721,100.6833,1035
14:00,100.6576,100.6721,100.6576,100.6721,1152
14:01,100.6876,100.6876,100.6576,100.6576,374
14:02,100.6901,100.6901,100.6876,100.6876,2000
14:03,100.687,100.6901,100.687,100.6901,1148
14:04,100.6917,100.6917,100.687,100.687,794
14:05,100.6697,100.6917,100.6697,100.6917,871
14:06,100.6651,100.6697,100.6651,100.6697,1191
14:07,100.6412,100.6651,100.6412,100.6651,960
14:08,100.6184,100.6412,100.6184,100.6412,487
14:09,100.6204,100.6204,100.6184,100.6184,2079
14:10,100.6212,100.6212,100.6204,100.6204,962
14:11,100.6168,100.6212,100.6168,100.6212,1436
14:12,100.6116,100.6168,100.6116,100.6168,782
14:13,100.6103,100.6116,100.6103,100.6116,1724
14:14,100.5894,100.6103,100.5894,100.6103,1107
14:15,100.5706,100.5894,100.5706,100.5894,1241
14:16,100.5645,100.5706,100.5645,100.5706,690
14:17,100.5577,100.5645,100.5577,100.5645,1536
14:18,100.5368,100.5577,100.5368,100.5577,1277
14:19,100.5308,100.5368,100.5308,100.5368,1586
14:20,100.5313,100.5313,100.5308,100.5308,800
14:21,100.5575,100.5575,100.5313,100.5313,843
14:22,100.5685,100.5685,100.5575,100.5575,2263
14:23,100.5493,100.5685,100.5493,100.5685,687
14:24,100.5387,100.5493,100.5387,100.5493,953
14:25,100.54,100.54,100.5387,100.5387,1496
14:26,100.5357,100.54,100.5357,100.54,1035
14:27,100.5446,100.5446,100.5357,100.5357,1230
14:28,100.5389,100.5446,100.5389,100.5446,868
14:29,100.5333,100.5389,100.5333,100.5389,1140
14:30,100.5154,100.5333,100.5154,100.5333,629
14:31,100.4989,100.5154,100.4989,100.5154,1800
14:32,100.4982,100.4989,100.4982,100.4989,959
14:33,100.4935,100.4982,100.4935,100.4982,786
14:34,100.5006,100.5006,100.4935,100.4935,1267
14:35,100.4815,100.5006,100.4815,100.5006,849
14:36,100.4879,100.4879,100.4815,100.4815,623
14:37,100.4869,100.4879,100.4869,100.4879,620
14:38,100.4526,100.4869,100.4526,100.4869,1279
14:39,100.4324,100.4526,100.4324,100.4526,945
14:40,100.43,100.4324,100.43,100.4324,954
14:41,100.419,100.43,100.419,100.43,1466
14:42,100.4258,100.4258,100.419,100.419,671
14:43,100.4177,100.4258,100.4177,100.4258,772
14:44,100.3899,100.4177,100.3899,100.4177,873
14:45,100.3883,100.3899,100.3883,100.3899,1035
14:46,100.3713,100.3883,100.3713,100.3883,986
14:47,100.3579,100.3713,100.3579,100.3713,904
14:48,100.3463,100.3579,100.3463,100.3579,979
14:49,100.3455,100.3463,100.3455,100.3463,964
14:50,100.321,100.3455,100.321,100.3455,776
14:51,100.3143,100.321,100.3143,100.321,751
14:52,100.3122,100.3143,100.3122,100.3143,1104
14:53,100.2975,100.3122,100.2975,100.3122,731
14:54,100.2797,100.2975,100.2797,100.2975,665
14:55,100.2792,100.2797,100.2792,100.2797,898
14:56,100.2877,100.2877,100.2792,100.2792,949
14:57,100.2951,100.2951,100.2877,100.2877,2234
14:58,100.295,100.2951,100.295,100.2951,782
14:59,100.3004,100.3004,100.295,100.295,1404
15:00,100.288,100.3004,100.288,100.3004,1311
15:01,100.2891,100.2891,100.288,100.288,660
15:02,100.2846,100.2891,100.2846,100.2891,1326
15:03,100.269,100.2846,100.269,100.2846,663
15:04,100.2775,100.2775,100.269,100.269,394
15:05,100.2737,100.2775,100.2737,100.2775,1255
15:06,100.2855,100.2855,100.2737,100.2737,544
15:07,100.279,100.2855,100.279,100.2855,1192
15:08,100.2554,100.279,100.2554,100.279,799
15:09,100.2442,100.2554,100.2442,100.2554,1839
15:10,100.2393,100.2442,100.2393,100.2442,1496
15:11,100.2444,100.2444,100.2393,100.2393,875
15:12,100.2588,100.2588,100.2444,100.2444,808
15:13,100.2648,100.2648,100.2588,100.2588,674
15:14,100.2596,100.2648,100.2596,100.2648,891
15:15,100.2417,100.2596,100.2417,100.2596,948
15:16,100.232,100.2417,100.232,100.2417,926
15:17,100.2235,100.232,100.2235,100.232,1122
15:18,100.2049,100.2235,100.2049,100.2235,1314
15:19,100.1902,100.2049,100.1902,100.2049,1223
15:20,100.1751,100.1902,100.1751,100.1902,832
15:21,100.1635,100.1751,100.1635,100.1751,663
15:22,100.1726,100.1726,100.1635,100.1635,1813
15:23,100.1589,100.1726,100.1589,100.1726,888
15:24,100.1688,100.1688,100.1589,100.1589,914
15:25,100.1608,100.1688,100.1608,100.1688,974
15:26,100.1464,100.1608,100.1464,100.1608,622
15:27,100.1339,100.1464,100.1339,100.1464,1030
15:28,100.1294,100.1339,100.1294,100.1339,1054
15:29,100.1127,100.1294,100.1127,100.1294,1597
15:30,100.1121,100.1127,100.1121,100.1127,1689
15:31,100.0992,100.1121,100.0992,100.1121,1361
15:32,100.094,100.0992,100.094,100.0992,1956
15:33,100.0894,100.094,100.0894,100.094,1643
15:34,100.0908,100.0908,100.0894,100.0894,1506
15:35,100.0833,100.0908,100.0833,100.0908,1671
15:36,100.0448,100.0833,100.0448,100.0833,1543
15:37,100.0348,100.0448,100.0348,100.0448,1505
15:38,100.031,100.0348,100.031,100.0348,1656
15:39,100.0044,100.031,100.0044,100.031,1288
15:40,100.0086,100.0086,100.0044,100.0044,2246
15:41,99.9953,100.0086,99.9953,100.0086,1518
15:42,99.9927,99.9953,99.9927,99.9953,3096
15:43,99.9813,99.9927,99.9813,99.9927,2244
15:44,99.9743,99.9813,99.9743,99.9813,2671
15:45,99.9658,99.9743,99.9658,99.9743,3354
15:46,99.9672,99.9672,99.9658,99.9658,3804
15:47,99.9716,99.9716,99.9672,99.9672,1871
15:48,99.9676,99.9716,99.9676,99.9716,3277
15:49,99.9765,99.9765,99.9676,99.9676,5216
15:50,99.9709,99.9765,99.9709,99.9765,2268
15:51,99.9618,99.9709,99.9618,99.9709,5160
15:52,99.9612,99.9618,99.9612,99.9618,2200
15:53,99.9374,99.9612,99.9374,99.9612,3711
15:54,99.9312,99.9374,99.9312,99.9374,5897
15:55,99.9311,99.9312,99.9311,99.9312,3531
15:56,99.9042,99.9311,99.9042,99.9311,4898
15:57,99.8822,99.9042,99.8822,99.9042,4511
15:58,99.8683,99.8822,99.8683,99.8822,14929
15:59,99.8664,99.8683,99.8664,99.8683,9667
