Time,Close,High,Low,Open,Volume
09:30,99.9724,99.9724,99.9546,99.9546,18689
09:31,100.0701,100.0701,99.9724,99.9724,10511
09:32,100.0866,100.0866,100.0701,100.0701,11775
09:33,100.1545,100.1545,100.0866,100.0866,16820
09:34,100.146,100.1545,100.146,100.1545,13466
09:35,100.1807,100.1807,100.146,100.146,4493
09:36,100.1843,100.1843,100.1807,100.1807,8147
09:37,100.1751,100.1843,100.1751,100.1843,5054
09:38,100.1076,100.1751,100.1076,100.1751,4718
09:39,100.0807,100.1076,100.0807,100.1076,5203
09:40,100.0048,100.0807,100.0048,100.0807,4357
09:41,100.0304,100.0304,100.0048,100.0048,6393
09:42,100.026,100.0304,100.026,100.0304,4619
09:43,99.998,100.026,99.998,100.026,3408
09:44,100.0116,100.0116,99.998,99.998,3544
09:45,100.0549,100.0549,100.0116,100.0116,3169
09:46,100.0287,100.0549,100.0287,100.0549,4457
09:47,99.9953,100.0287,99.9953,100.0287,2280
09:48,100.011,100.011,99.9953,99.9953,2567
09:49,99.9392,100.011,99.9392,100.011,1594
09:50,99.9549,99.9549,99.9392,99.9392,823
09:51,99.9332,99.9549,99.9332,99.9549,2423
09:52,99.8858,99.9332,99.8858,99.9332,2474
09:53,99.8712,99.8858,99.8712,99.8858,1331
09:54,99.8971,99.8971,99.8712,99.8712,3691
09:55,99.8741,99.8971,99.8741,99.8971,943
09:56,100.0067,100.0067,99.8741,99.8741,1539
09:57,100.0513,100.0513,100.0067,100.0067,1363
09:58,99.9463,100.0513,99.9463,100.0513,2420
09:59,99.8942,99.9463,99.8942,99.9463,2289
10:00,99.8298,99.8942,99.8298,99.8942,1393
10:01,99.8864,99.8864,99.8298,99.8298,1466
10:02,99.8566,99.8864,99.8566,99.8864,912
10:03,99.8458,99.8566,99.8458,99.8566,605
10:04,99.8523,99.8523,99.8458,99.8458,1056
10:05,99.8408,99.8523,99.8408,99.8523,1239
10:06,99.8136,99.8408,99.8136,99.8408,1782
10:07,99.7753,99.8136,99.7753,99.8136,1736
10:08,99.7694,99.7753,99.7694,99.7753,974
10:09,99.8028,99.8028,99.7694,99.7694,992
10:10,99.7305,99.8028,99.7305,99.8028,752
10:11,99.7606,99.7606,99.7305,99.7305,653
10:12,99.706,99.7606,99.706,99.7606,585
10:13,99.755,99.755,99.706,99.706,2120
10:14,99.806,99.806,99.755,99.755,880
10:15,99.8066,99.8066,99.806,99.806,897
10:16,99.8254,99.8254,99.8066,99.8066,668
10:17,99.7717,99.8254,99.7717,99.8254,1365
10:18,99.723,99.7717,99.723,99.7717,582
10:19,99.7274,99.7274,99.723,99.723,953
10:20,99.6833,99.7274,99.6833,99.7274,746
10:21,99.7404,99.7404,99.6833,99.6833,1171
10:22,99.7692,99.7692,99.7404,99.7404,850
10:23,99.6211,99.7692,99.6211,99.7692,668
10:24,99.6442,99.6442,99.6211,99.6211,1004
10:25,99.6905,99.6905,99.6442,99.6442,1178
10:26,99.6538,99.6905,99.6538,99.6905,1034
10:27,99.6485,99.6538,99.6485,99.6538,1123
10:28,99.6245,99.6485,99.6245,99.6485,805
10:29,99.6428,99.6428,99.6245,99.6245,885
10:30,99.6303,99.6428,99.6303,99.6428,792
10:31,99.636,99.636,99.6303,99.6303,885
10:32,99.6175,99.636,99.6175,99.636,753
10:33,99.6668,99.6668,99.6175,99.6175,544
10:34,99.6287,99.6668,99.6287,99.6668,1068
10:35,99.6003,99.6287,99.6003,99.6287,870
10:36,99.5459,99.6003,99.5459,99.6003,562
10:37,99.5418,99.5459,99.5418,99.5459,1181
10:38,99.5195,99.5418,99.5195,99.5418,726
10:39,99.4959,99.5195,99.4959,99.5195,1020
10:40,99.5035,99.5035,99.4959,99.4959,1297
10:41,99.5499,99.5499,99.5035,99.5035,1048
10:42,99.5269,99.5499,99.5269,99.5499,1499
10:43,99.53,99.53,99.5269,99.5269,646
10:44,99.5213,99.53,99.5213,99.53,1154
10:45,99.5807,99.5807,99.5213,99.5213,785
10:46,99.5912,99.5912,99.5807,99.5807,735
10:47,99.529,99.5912,99.529,99.5912,815
10:48,99.5073,99.529,99.5073,99.529,896
10:49,99.5119,99.5119,99.5073,99.5073,1020
10:50,99.4795,99.5119,99.4795,99.5119,662
10:51,99.4703,99.4795,99.4703,99.4795,1376
10:52,99.5683,99.5683,99.4703,99.4703,1180
10:53,99.6415,99.6415,99.5683,99.5683,580
10:54,99.6498,99.6498,99.6415,99.6415,1695
10:55,99.6646,99.6646,99.6498,99.6498,1958
10:56,99.6604,99.6646,99.6604,99.6646,1519
10:57,99.6668,99.6668,99.6604,99.6604,938
10:58,99.6432,99.6668,99.6432,99.6668,684
10:59,99.6978,99.6978,99.6432,99.6432,1453
11:00,99.6778,99.6978,99.6778,99.6978,867
11:01,99.6119,99.6778,99.6119,99.6778,1542
11:02,99.6049,99.6119,99.6049,99.6119,1077
11:03,99.5835,99.6049,99.5835,99.6049,1414
11:04,99.5718,99.5835,99.5718,99.5835,1135
11:05,99.6515,99.6515,99.5718,99.5718,1285
11:06,99.691,99.691,99.6515,99.6515,1004
11:07,99.678,99.691,99.678,99.691,1883
11:08,99.6863,99.6863,99.678,99.678,1046
11:09,99.6868,99.6868,99.6863,99.6863,1153
11:10,99.754,99.754,99.6868,99.6868,1949
11:11,99.6736,99.754,99.6736,99.754,620
11:12,99.6721,99.6736,99.6721,99.6736,637
11:13,99.7112,99.7112,99.6721,99.6721,1410
11:14,99.745,99.745,99.7112,99.7112,660
11:15,99.6477,99.745,99.6477,99.745,1992
11:16,99.544,99.6477,99.544,99.6477,864
11:17,99.5136,99.544,99.5136,99.544,767
11:18,99.5188,99.5188,99.5136,99.5136,1977
11:19,99.5041,99.5188,99.5041,99.5188,1690
11:20,99.458,99.5041,99.458,99.5041,1939
11:21,99.4652,99.4652,99.458,99.458,1379
11:22,99.4397,99.4652,99.4397,99.4652,737
11:23,99.3998,99.4397,99.3998,99.4397,1968
11:24,99.4168,99.4168,99.3998,99.3998,909
11:25,99.4341,99.4341,99.4168,99.4168,1329
11:26,99.4106,99.4341,99.4106,99.4341,1399
11:27,99.4545,99.4545,99.4106,99.4106,947
11:28,99.4464,99.4545,99.4464,99.4545,1243
11:29,99.4293,99.4464,99.4293,99.4464,1387
11:30,99.4138,99.4293,99.4138,99.4293,1143
11:31,99.4606,99.4606,99.4138,99.4138,677
11:32,99.4588,99.4606,99.4588,99.4606,1112
11:33,99.4969,99.4969,99.4588,99.4588,1600
11:34,99.4887,99.4969,99.4887,99.4969,782
11:35,99.4555,99.4887,99.4555,99.4887,948
11:36,99.4382,99.4555,99.4382,99.4555,857
11:37,99.4063,99.4382,99.4063,99.4382,1926
11:38,99.4674,99.4674,99.4063,99.4063,1269
11:39,99.4591,99.4674,99.4591,99.4674,1155
11:40,99.4719,99.4719,99.4591,99.4591,761
11:41,99.4917,99.4917,99.4719,99.4719,1211
11:42,99.5901,99.5901,99.4917,99.4917,787
11:43,99.6501,99.6501,99.5901,99.5901,1011
11:44,99.6611,99.6611,99.6501,99.6501,798
11:45,99.5741,99.6611,99.5741,99.6611,1271
11:46,99.5574,99.5741,99.5574,99.5741,1227
11:47,99.5624,99.5624,99.5574,99.5574,929
11:48,99.5668,99.5668,99.5624,99.5624,1151
11:49,99.5254,99.5668,99.5254,99.5668,679
11:50,99.5363,99.5363,99.5254,99.5254,589
11:51,99.5196,99.5363,99.5196,99.5363,1169
11:52,99.5214,99.5214,99.5196,99.5196,1061
11:53,99.5738,99.5738,99.5214,99.5214,1252
11:54,99.5214,99.5738,99.5214,99.5738,2328
11:55,99.4977,99.5214,99.4977,99.5214,1398
11:56,99.5408,99.5408,99.4977,99.4977,724
11:57,99.5313,99.5408,99.5313,99.5408,1486
11:58,99.5763,99.5763,99.5313,99.5313,627
11:59,99.57,99.5763,99.57,99.5763,849
12:00,99.5255,99.57,99.5255,99.57,976
12:01,99.5826,99.5826,99.5255,99.5255,1836
12:02,99.591,99.591,99.5826,99.5826,768
12:03,99.5125,99.591,99.5125,99.591,746
12:04,99.4539,99.5125,99.4539,99.5125,966
12:05,99.4732,99.4732,99.4539,99.4539,790
12:06,99.5249,99.5249,99.4732,99.4732,1491
12:07,99.4894,99.5249,99.4894,99.5249,682
12:08,99.4521,99.4894,99.4521,99.4894,666
12:09,99.4204,99.4521,99.4204,99.4521,856
12:10,99.4189,99.4204,99.4189,99.4204,838
12:11,99.3632,99.4189,99.3632,99.4189,1982
12:12,99.3389,99.3632,99.3389,99.3632,1400
12:13,99.365,99.365,99.3389,99.3389,1032
12:14,99.4148,99.4148,99.365,99.365,648
12:15,99.4017,99.4148,99.4017,99.4148,1349
12:16,99.4204,99.4204,99.4017,99.4017,701
12:17,99.465,99.465,99.4204,99.4204,578
12:18,99.4275,99.465,99.4275,99.465,1524
12:19,99.4867,99.4867,99.4275,99.4275,1119
12:20,99.5328,99.5328,99.4867,99.4867,1386
12:21,99.5132,99.5328,99.5132,99.5328,1120
12:22,99.5674,99.5674,99.5132,99.5132,1355
12:23,99.6533,99.6533,99.5674,99.5674,794
12:24,99.6065,99.6533,99.6065,99.6533,693
12:25,99.6061,99.6065,99.6061,99.6065,1273
12:26,99.6542,99.6542,99.6061,99.6061,752
12:27,99.6338,99.6542,99.6338,99.6542,783
12:28,99.6649,99.6649,99.6338,99.6338,851
12:29,99.6874,99.6874,99.6649,99.6649,1006
12:30,99.6028,99.6874,99.6028,99.6874,882
12:31,99.62,99.62,99.6028,99.6028,614
12:32,99.7132,99.7132,99.62,99.62,796
12:33,99.6455,99.7132,99.6455,99.7132,455
12:34,99.6177,99.6455,99.6177,99.6455,1248
12:35,99.6702,99.6702,99.6177,99.6177,567
12:36,99.6526,99.6702,99.6526,99.6702,676
12:37,99.6177,99.6526,99.6177,99.6526,1019
12:38,99.6482,99.6482,99.6177,99.6177,769
12:39,99.5786,99.6482,99.5786,99.6482,1728
12:40,99.5436,99.5786,99.5436,99.5786,632
12:41,99.5502,99.5502,99.5436,99.5436,1099
12:42,99.5938,99.5938,99.5502,99.5502,986
12:43,99.6067,99.6067,99.5938,99.5938,661
12:44,99.641,99.641,99.6067,99.6067,1204
12:45,99.6748,99.6748,99.641,99.641,941
12:46,99.6687,99.6748,99.6687,99.6748,1315
12:47,99.5688,99.6687,99.5688,99.6687,1339
12:48,99.5621,99.5688,99.5621,99.5688,2153
12:49,99.5195,99.5621,99.5195,99.5621,1606
12:50,99.5036,99.5195,99.5036,99.5195,877
12:51,99.5924,99.5924,99.5036,99.5036,919
12:52,99.6117,99.6117,99.5924,99.5924,1477
12:53,99.5719,99.6117,99.5719,99.6117,1261
12:54,99.5507,99.5719,99.5507,99.5719,1255
12:55,99.5031,99.5507,99.5031,99.5507,564
12:56,99.5932,99.5932,99.5031,99.5031,991
12:57,99.5995,99.5995,99.5932,99.5932,770
12:58,99.5858,99.5995,99.5858,99.5995,1104
12:59,99.5533,99.5858,99.5533,99.5858,966
13:00,99.496,99.5533,99.496,99.5533,1381
13:01,99.4758,99.496,99.4758,99.496,1119
13:02,99.4055,99.4758,99.4055,99.4758,1321
13:03,99.3707,99.4055,99.3707,99.4055,848
13:04,99.417,99.417,99.3707,99.3707,715
13:05,99.4547,99.4547,99.417,99.417,865
13:06,99.5079,99.5079,99.4547,99.4547,994
13:07,99.5755,99.5755,99.5079,99.5079,1144
13:08,99.5535,99.5755,99.5535,99.5755,2228
13:09,99.6245,99.6245,99.5535,99.5535,985
13:10,99.5659,99.6245,99.5659,99.6245,713
13:11,99.4803,99.5659,99.4803,99.5659,885
13:12,99.4124,99.4803,99.4124,99.4803,848
13:13,99.4503,99.4503,99.4124,99.4124,1186
13:14,99.4821,99.4821,99.4503,99.4503,579
13:15,99.5998,99.5998,99.4821,99.4821,1023
13:16,99.4608,99.5998,99.4608,99.5998,1057
13:17,99.4187,99.4608,99.4187,99.4608,1086
13:18,99.5415,99.5415,99.4187,99.4187,809
13:19,99.5372,99.5415,99.5372,99.5415,919
13:20,99.575,99.575,99.5372,99.5372,604
13:21,99.686,99.686,99.575,99.575,840
13:22,99.6253,99.686,99.6253,99.686,825
13:23,99.6175,99.6253,99.6175,99.6253,1159
13:24,99.6158,99.6175,99.6158,99.6175,664
13:25,99.6476,99.6476,99.6158,99.6158,1319
13:26,99.645,99.6476,99.645,99.6476,1699
13:27,99.6149,99.645,99.6149,99.645,480
13:28,99.5826,99.6149,99.5826,99.6149,1163
13:29,99.5625,99.5826,99.5625,99.5826,1271
13:30,99.5726,99.5726,99.5625,99.5625,798
13:31,99.5252,99.5726,99.5252,99.5726,869
13:32,99.4718,99.5252,99.4718,99.5252,954
13:33,99.522,99.522,99.4718,99.4718,900
13:34,99.4648,99.522,99.4648,99.522,896
13:35,99.4489,99.4648,99.4489,99.4648,552
13:36,99.5081,99.5081,99.4489,99.4489,1505
13:37,99.4461,99.5081,99.4461,99.5081,1466
13:38,99.4294,99.4461,99.4294,99.4461,750
13:39,99.373,99.4294,99.373,99.4294,595
13:40,99.3548,99.373,99.3548,99.373,1203
13:41,99.3717,99.3717,99.3548,99.3548,815
13:42,99.3646,99.3717,99.3646,99.3717,1052
13:43,99.2775,99.3646,99.2775,99.3646,893
13:44,99.3275,99.3275,99.2775,99.2775,1278
13:45,99.3996,99.3996,99.3275,99.3275,1279
13:46,99.4481,99.4481,99.3996,99.3996,773
13:47,99.4156,99.4481,99.4156,99.4481,612
13:48,99.476,99.476,99.4156,99.4156,571
13:49,99.4366,99.476,99.4366,99.476,1242
13:50,99.4413,99.4413,99.4366,99.4366,656
13:51,99.4528,99.4528,99.4413,99.4413,836
13:52,99.4423,99.4528,99.4423,99.4528,809
13:53,99.4781,99.4781,99.4423,99.4423,982
13:54,99.458,99.4781,99.458,99.4781,503
13:55,99.4038,99.458,99.4038,99.458,1069
13:56,99.4737,99.4737,99.4038,99.4038,1204
13:57,99.4353,99.4737,99.4353,99.4737,1032
13:58,99.4477,99.4477,99.4353,99.4353,896
13:59,99.3834,99.4477,99.3834,99.4477,1035
14:00,99.3615,99.3834,99.3615,99.3834,1152
14:01,99.3979,99.3979,99.3615,99.3615,374
14:02,99.4384,99.4384,99.3979,99.3979,2000
14:03,99.4812,99.4812,99.4384,99.4384,1148
14:04,99.5484,99.5484,99.4812,99.4812,794
14:05,99.613,99.613,99.5484,99.5484,871
14:06,99.7111,99.7111,99.613,99.613,1191
14:07,99.7892,99.7892,99.7111,99.7111,960
14:08,99.8512,99.8512,99.7892,99.7892,487
14:09,99.8496,99.8512,99.8496,99.8512,2079
14:10,99.8709,99.8709,99.8496,99.8496,962
14:11,99.8591,99.8709,99.8591,99.8709,1436
14:12,99.8635,99.8635,99.8591,99.8591,782
14:13,99.8802,99.8802,99.8635,99.8635,1724
14:14,99.9709,99.9709,99.8802,99.8802,1107
14:15,99.9172,99.9709,99.9172,99.9709,1241
14:16,99.8528,99.9172,99.8528,99.9172,690
14:17,100.011,100.011,99.8528,99.8528,1536
14:18,99.9827,100.011,99.9827,100.011,1277
14:19,100.003,100.003,99.9827,99.9827,1586
14:20,100.0077,100.0077,100.003,100.003,800
14:21,99.9627,100.0077,99.9627,100.0077,843
14:22,99.9784,99.9784,99.9627,99.9627,2263
14:23,99.9283,99.9784,99.9283,99.9784,687
14:24,99.9223,99.9283,99.9223,99.9283,953
14:25,100.0081,100.0081,99.9223,99.9223,1496
14:26,100.0724,100.0724,100.0081,100.0081,1035
14:27,100.1436,100.1436,100.0724,100.0724,1230
14:28,100.1859,100.1859,100.1436,100.1436,868
14:29,100.2439,100.2439,100.1859,100.1859,1140
14:30,100.3393,100.3393,100.2439,100.2439,629
14:31,100.3002,100.3393,100.3002,100.3393,1800
14:32,100.3563,100.3563,100.3002,100.3002,959
14:33,100.3419,100.3563,100.3419,100.3563,786
14:34,100.3807,100.3807,100.3419,100.3419,1267
14:35,100.3582,100.3807,100.3582,100.3807,849
14:36,100.3684,100.3684,100.3582,100.3582,623
14:37,100.3294,100.3684,100.3294,100.3684,620
14:38,100.3506,100.3506,100.3294,100.3294,1279
14:39,100.432,100.432,100.3506,100.3506,945
14:40,100.4408,100.4408,100.432,100.432,954
14:41,100.4749,100.4749,100.4408,100.4408,1466
14:42,100.5024,100.5024,100.4749,100.4749,671
14:43,100.4555,100.5024,100.4555,100.5024,772
14:44,100.2863,100.4555,100.2863,100.4555,873
14:45,100.2907,100.2907,100.2863,100.2863,1035
14:46,100.2649,100.2907,100.2649,100.2907,986
14:47,100.2693,100.2693,100.2649,100.2649,904
14:48,100.2451,100.2693,100.2451,100.2693,979
14:49,100.2662,100.2662,100.2451,100.2451,964
14:50,100.3,100.3,100.2662,100.2662,776
14:51,100.2634,100.3,100.2634,100.3,751
14:52,100.2357,100.2634,100.2357,100.2634,1104
14:53,100.2083,100.2357,100.2083,100.2357,731
14:54,100.2209,100.2209,100.2083,100.2083,665
14:55,100.2566,100.2566,100.2209,100.2209,898
14:56,100.1963,100.2566,100.1963,100.2566,949
14:57,100.1622,100.1963,100.1622,100.1963,2234
14:58,100.1256,100.1622,100.1256,100.1622,782
14:59,100.037,100.1256,100.037,100.1256,1404
15:00,100.0692,100.0692,100.037,100.037,1311
15:01,100.0805,100.0805,100.0692,100.0692,660
15:02,100.1772,100.1772,100.0805,100.0805,1326
15:03,100.1515,100.1772,100.1515,100.1772,663
15:04,100.1215,100.1515,100.1215,100.1515,394
15:05,100.1749,100.1749,100.1215,100.1215,1255
15:06,100.1496,100.1749,100.1496,100.1749,544
15:07,100.2029,100.2029,100.1496,100.1496,1192
15:08,100.1881,100.2029,100.1881,100.2029,799
15:09,100.0853,100.1881,100.0853,100.1881,1839
15:10,100.0938,100.0938,100.0853,100.0853,1496
15:11,99.9952,100.0938,99.9952,100.0938,875
15:12,99.9946,99.9952,99.9946,99.9952,808
15:13,99.9908,99.9946,99.9908,99.9946,674
15:14,100.0558,100.0558,99.9908,99.9908,891
15:15,100.0984,100.0984,100.0558,100.0558,948
15:16,100.1542,100.1542,100.0984,100.0984,926
15:17,100.0997,100.1542,100.0997,100.1542,1122
15:18,100.0557,100.0997,100.0557,100.0997,1314
15:19,99.9484,100.0557,99.9484,100.0557,1223
15:20,99.944,99.9484,99.944,99.9484,832
15:21,99.9566,99.9566,99.944,99.944,663
15:22,99.9835,99.9835,99.9566,99.9566,1813
15:23,100.0159,100.0159,99.9835,99.9835,888
15:24,100.0584,100.0584,100.0159,100.0159,914
15:25,100.1099,100.1099,100.0584,100.0584,974
15:26,100.1019,100.1099,100.1019,100.1099,622
15:27,100.2054,100.2054,100.1019,100.1019,1030
15:28,100.2255,100.2255,100.2054,100.2054,1054
15:29,100.2121,100.2255,100.2121,100.2255,1597
15:30,100.1626,100.2121,100.1626,100.2121,1689
15:31,100.1743,100.1743,100.1626,100.1626,1361
15:32,100.2514,100.2514,100.1743,100.1743,1956
15:33,100.3174,100.3174,100.2514,100.2514,1643
15:34,100.318,100.318,100.3174,100.3174,1506
15:35,100.3501,100.3501,100.318,100.318,1671
15:36,100.4246,100.4246,100.3501,100.3501,1543
15:37,100.4322,100.4322,100.4246,100.4246,1505
15:38,100.4319,100.4322,100.4319,100.4322,1656
15:39,100.3342,100.4319,100.3342,100.4319,1288
15:40,100.3918,100.3918,100.3342,100.3342,2246
15:41,100.4235,100.4235,100.3918,100.3918,1518
15:42,100.4389,100.4389,100.4235,100.4235,3096
15:43,100.4986,100.4986,100.4389,100.4389,2244
15:44,100.4887,100.4986,100.4887,100.4986,2671
15:45,100.4045,100.4887,100.4045,100.4887,3354
15:46,100.4128,100.4128,100.4045,100.4045,3804
15:47,100.4846,100.4846,100.4128,100.4128,1871
15:48,100.4971,100.4971,100.4846,100.4846,3277
15:49,100.4984,100.4984,100.4971,100.4971,5216
15:50,100.588,100.588,100.4984,100.4984,2268
15:51,100.6301,100.6301,100.588,100.588,5160
15:52,100.5455,100.6301,100.5455,100.6301,2200
15:53,100.5792,100.5792,100.5455,100.5455,3711
15:54,100.5416,100.5792,100.5416,100.5792,5897
15:55,100.5315,100.5416,100.5315,100.5416,3531
15:56,100.5036,100.5315,100.5036,100.5315,4898
15:57,100.5827,100.5827,100.5036,100.5036,4511
15:58,100.6458,100.6458,100.5827,100.5827,14929
15:59,100.5612,100.6458,100.5612,100.6458,9667
