Time,Close,High,Low,Open,Volume
09:30,99.9872,99.9872,99.9847,99.9847,18689
09:31,100.0083,100.0083,99.9872,99.9872,10511
09:32,100.0292,100.0292,100.0083,100.0083,11775
09:33,100.0342,100.0342,100.0292,100.0292,16820
09:34,100.0483,100.0483,100.0342,100.0342,13466
09:35,100.0845,100.0845,100.0483,100.0483,4493
09:36,100.1,100.1,100.0845,100.0845,8147
09:37,100.1209,100.1209,100.1,100.1,5054
09:38,100.0983,100.1209,100.0983,100.1209,4718
09:39,100.0903,100.0983,100.0903,100.0983,5203
09:40,100.1079,100.1079,100.0903,100.0903,4357
09:41,100.1122,100.1122,100.1079,100.1079,6393
09:42,100.12,100.12,100.1122,100.1122,4619
09:43,100.1066,100.12,100.1066,100.12,3408
09:44,100.1168,100.1168,100.1066,100.1066,3544
09:45,100.1184,100.1184,100.1168,100.1168,3169
09:46,100.0941,100.1184,100.0941,100.1184,4457
09:47,100.0772,100.0941,100.0772,100.0941,2280
09:48,100.0846,100.0846,100.0772,100.0772,2567
09:49,100.0738,100.0846,100.0738,100.0846,1594
09:50,100.0734,100.0738,100.0734,100.0738,823
09:51,100.0384,100.0734,100.0384,100.0734,2423
09:52,100.0474,100.0474,100.0384,100.0384,2474
09:53,100.0525,100.0525,100.0474,100.0474,1331
09:54,100.051,100.0525,100.051,100.0525,3691
09:55,100.0056,100.051,100.0056,100.051,943
09:56,99.9892,100.0056,99.9892,100.0056,1539
09:57,99.9929,99.9929,99.9892,99.9892,1363
09:58,100.0199,100.0199,99.9929,99.9929,2420
09:59,100.0137,100.0199,100.0137,100.0199,2289
10:00,100.0131,100.0137,100.0131,100.0137,1393
10:01,100.0148,100.0148,100.0131,100.0131,1466
10:02,100.0207,100.0207,100.0148,100.0148,912
10:03,100.021,100.021,100.0207,100.0207,605
10:04,100.0491,100.0491,100.021,100.021,1056
10:05,100.0397,100.0491,100.0397,100.0491,1239
10:06,100.0478,100.0478,100.0397,100.0397,1782
10:07,100.0604,100.0604,100.0478,100.0478,1736
10:08,100.0495,100.0604,100.0495,100.0604,974
10:09,100.0773,100.0773,100.0495,100.0495,992
10:10,100.0892,100.0892,100.0773,100.0773,752
10:11,100.0602,100.0892,100.0602,100.0892,653
10:12,100.0514,100.0602,100.0514,100.0602,585
10:13,100.0588,100.0588,100.0514,100.0514,2120
10:14,100.0609,100.0609,100.0588,100.0588,880
10:15,100.0477,100.0609,100.0477,100.0609,897
10:16,100.0288,100.0477,100.0288,100.0477,668
10:17,100.0309,100.0309,100.0288,100.0288,1365
10:18,99.9943,100.0309,99.9943,100.0309,582
10:19,99.9918,99.9943,99.9918,99.9943,953
10:20,99.9721,99.9918,99.9721,99.9918,746
10:21,99.9488,99.9721,99.9488,99.9721,1171
10:22,99.9437,99.9488,99.9437,99.9488,850
10:23,99.9114,99.9437,99.9114,99.9437,668
10:24,99.9019,99.9114,99.9019,99.9114,1004
10:25,99.8716,99.9019,99.8716,99.9019,1178
10:26,99.8712,99.8716,99.8712,99.8716,1034
10:27,99.8834,99.8834,99.8712,99.8712,1123
10:28,99.8914,99.8914,99.8834,99.8834,805
10:29,99.8789,99.8914,99.8789,99.8914,885
10:30,99.886,99.886,99.8789,99.8789,792
10:31,99.8992,99.8992,99.886,99.886,885
10:32,99.8873,99.8992,99.8873,99.8992,753
10:33,99.8952,99.8952,99.8873,99.8873,544
10:34,99.8804,99.8952,99.8804,99.8952,1068
10:35,99.8706,99.8804,99.8706,99.8804,870
10:36,99.8588,99.8706,99.8588,99.8706,562
10:37,99.8736,99.8736,99.8588,99.8588,1181
10:38,99.8404,99.8736,99.8404,99.8736,726
10:39,99.842,99.842,99.8404,99.8404,1020
10:40,99.8318,99.842,99.8318,99.842,1297
10:41,99.8288,99.8318,99.8288,99.8318,1048
10:42,99.817,99.8288,99.817,99.8288,1499
10:43,99.7936,99.817,99.7936,99.817,646
10:44,99.8151,99.8151,99.7936,99.7936,1154
10:45,99.816,99.816,99.8151,99.8151,785
10:46,99.8319,99.8319,99.816,99.816,735
10:47,99.833,99.833,99.8319,99.8319,815
10:48,99.8231,99.833,99.8231,99.833,896
10:49,99.8113,99.8231,99.8113,99.8231,1020
10:50,99.806,99.8113,99.806,99.8113,662
10:51,99.766,99.806,99.766,99.806,1376
10:52,99.7714,99.7714,99.766,99.766,1180
10:53,99.7462,99.7714,99.7462,99.7714,580
10:54,99.7573,99.7573,99.7462,99.7462,1695
10:55,99.7584,99.7584,99.7573,99.7573,1958
10:56,99.7352,99.7584,99.7352,99.7584,1519
10:57,99.7038,99.7352,99.7038,99.7352,938
10:58,99.6864,99.7038,99.6864,99.7038,684
10:59,99.7049,99.7049,99.6864,99.6864,1453
11:00,99.7267,99.7267,99.7049,99.7049,867
11:01,99.7435,99.7435,99.7267,99.7267,1542
11:02,99.722,99.7435,99.722,99.7435,1077
11:03,99.7008,99.722,99.7008,99.722,1414
11:04,99.7008,99.7008,99.7008,99.7008,1135
11:05,99.6785,99.7008,99.6785,99.7008,1285
11:06,99.684,99.684,99.6785,99.6785,1004
11:07,99.7062,99.7062,99.684,99.684,1883
11:08,99.6998,99.7062,99.6998,99.7062,1046
11:09,99.7347,99.7347,99.6998,99.6998,1153
11:10,99.7319,99.7347,99.7319,99.7347,1949
11:11,99.7275,99.7319,99.7275,99.7319,620
11:12,99.7436,99.7436,99.7275,99.7275,637
11:13,99.7513,99.7513,99.7436,99.7436,1410
11:14,99.7526,99.7526,99.7513,99.7513,660
11:15,99.752,99.7526,99.752,99.7526,1992
11:16,99.7384,99.752,99.7384,99.752,864
11:17,99.7336,99.7384,99.7336,99.7384,767
11:18,99.7244,99.7336,99.7244,99.7336,1977
11:19,99.7057,99.7244,99.7057,99.7244,1690
11:20,99.7163,99.7163,99.7057,99.7057,1939
11:21,99.7217,99.7217,99.7163,99.7163,1379
11:22,99.7176,99.7217,99.7176,99.7217,737
11:23,99.7283,99.7283,99.7176,99.7176,1968
11:24,99.6951,99.7283,99.6951,99.7283,909
11:25,99.6799,99.6951,99.6799,99.6951,1329
11:26,99.6849,99.6849,99.6799,99.6799,1399
11:27,99.6914,99.6914,99.6849,99.6849,947
11:28,99.6808,99.6914,99.6808,99.6914,1243
11:29,99.6662,99.6808,99.6662,99.6808,1387
11:30,99.6823,99.6823,99.6662,99.6662,1143
11:31,99.6587,99.6823,99.6587,99.6823,677
11:32,99.6404,99.6587,99.6404,99.6587,1112
11:33,99.6093,99.6404,99.6093,99.6404,1600
11:34,99.6094,99.6094,99.6093,99.6093,782
11:35,99.638,99.638,99.6094,99.6094,948
11:36,99.6112,99.638,99.6112,99.638,857
11:37,99.6329,99.6329,99.6112,99.6112,1926
11:38,99.6428,99.6428,99.6329,99.6329,1269
11:39,99.6684,99.6684,99.6428,99.6428,1155
11:40,99.6734,99.6734,99.6684,99.6684,761
11:41,99.6612,99.6734,99.6612,99.6734,1211
11:42,99.6553,99.6612,99.6553,99.6612,787
11:43,99.6639,99.6639,99.6553,99.6553,1011
11:44,99.6337,99.6639,99.6337,99.6639,798
11:45,99.6237,99.6337,99.6237,99.6337,1271
11:46,99.6502,99.6502,99.6237,99.6237,1227
11:47,99.6814,99.6814,99.6502,99.6502,929
11:48,99.692,99.692,99.6814,99.6814,1151
11:49,99.6788,99.692,99.6788,99.692,679
11:50,99.6951,99.6951,99.6788,99.6788,589
11:51,99.6876,99.6951,99.6876,99.6951,1169
11:52,99.6703,99.6876,99.6703,99.6876,1061
11:53,99.6927,99.6927,99.6703,99.6703,1252
11:54,99.6754,99.6927,99.6754,99.6927,2328
11:55,99.6871,99.6871,99.6754,99.6754,1398
11:56,99.6658,99.6871,99.6658,99.6871,724
11:57,99.6674,99.6674,99.6658,99.6658,1486
11:58,99.6641,99.6674,99.6641,99.6674,627
11:59,99.6685,99.6685,99.6641,99.6641,849
12:00,99.6698,99.6698,99.6685,99.6685,976
12:01,99.6857,99.6857,99.6698,99.6698,1836
12:02,99.679,99.6857,99.679,99.6857,768
12:03,99.7049,99.7049,99.679,99.679,746
12:04,99.7321,99.7321,99.7049,99.7049,966
12:05,99.7265,99.7321,99.7265,99.7321,790
12:06,99.72,99.7265,99.72,99.7265,1491
12:07,99.7127,99.72,99.7127,99.72,682
12:08,99.6869,99.7127,99.6869,99.7127,666
12:09,99.6941,99.6941,99.6869,99.6869,856
12:10,99.6924,99.6941,99.6924,99.6941,838
12:11,99.6782,99.6924,99.6782,99.6924,1982
12:12,99.683,99.683,99.6782,99.6782,1400
12:13,99.6807,99.683,99.6807,99.683,1032
12:14,99.6569,99.6807,99.6569,99.6807,648
12:15,99.6758,99.6758,99.6569,99.6569,1349
12:16,99.6551,99.6758,99.6551,99.6758,701
12:17,99.6525,99.6551,99.6525,99.6551,578
12:18,99.6627,99.6627,99.6525,99.6525,1524
12:19,99.672,99.672,99.6627,99.6627,1119
12:20,99.682,99.682,99.672,99.672,1386
12:21,99.6606,99.682,99.6606,99.682,1120
12:22,99.6601,99.6606,99.6601,99.6606,1355
12:23,99.6753,99.6753,99.6601,99.6601,794
12:24,99.6696,99.6753,99.6696,99.6753,693
12:25,99.6538,99.6696,99.6538,99.6696,1273
12:26,99.6304,99.6538,99.6304,99.6538,752
12:27,99.628,99.6304,99.628,99.6304,783
12:28,99.6211,99.628,99.6211,99.628,851
12:29,99.6214,99.6214,99.6211,99.6211,1006
12:30,99.6182,99.6214,99.6182,99.6214,882
12:31,99.6347,99.6347,99.6182,99.6182,614
12:32,99.5922,99.6347,99.5922,99.6347,796
12:33,99.5466,99.5922,99.5466,99.5922,455
12:34,99.5245,99.5466,99.5245,99.5466,1248
12:35,99.5333,99.5333,99.5245,99.5245,567
12:36,99.4947,99.5333,99.4947,99.5333,676
12:37,99.4596,99.4947,99.4596,99.4947,1019
12:38,99.4537,99.4596,99.4537,99.4596,769
12:39,99.451,99.4537,99.451,99.4537,1728
12:40,99.4386,99.451,99.4386,99.451,632
12:41,99.4633,99.4633,99.4386,99.4386,1099
12:42,99.4604,99.4633,99.4604,99.4633,986
12:43,99.4648,99.4648,99.4604,99.4604,661
12:44,99.474,99.474,99.4648,99.4648,1204
12:45,99.4642,99.474,99.4642,99.474,941
12:46,99.4983,99.4983,99.4642,99.4642,1315
12:47,99.4735,99.4983,99.4735,99.4983,1339
12:48,99.4353,99.4735,99.4353,99.4735,2153
12:49,99.4295,99.4353,99.4295,99.4353,1606
12:50,99.4383,99.4383,99.4295,99.4295,877
12:51,99.4535,99.4535,99.4383,99.4383,919
12:52,99.4565,99.4565,99.4535,99.4535,1477
12:53,99.4439,99.4565,99.4439,99.4565,1261
12:54,99.4487,99.4487,99.4439,99.4439,1255
12:55,99.4185,99.4487,99.4185,99.4487,564
12:56,99.4216,99.4216,99.4185,99.4185,991
12:57,99.4173,99.4216,99.4173,99.4216,770
12:58,99.4215,99.4215,99.4173,99.4173,1104
12:59,99.43,99.43,99.4215,99.4215,966
13:00,99.4224,99.43,99.4224,99.43,1381
13:01,99.4202,99.4224,99.4202,99.4224,1119
13:02,99.4137,99.4202,99.4137,99.4202,1321
13:03,99.413,99.4137,99.413,99.4137,848
13:04,99.4366,99.4366,99.413,99.413,715
13:05,99.4341,99.4366,99.4341,99.4366,865
13:06,99.4682,99.4682,99.4341,99.4341,994
13:07,99.4655,99.4682,99.4655,99.4682,1144
13:08,99.4727,99.4727,99.4655,99.4655,2228
13:09,99.4917,99.4917,99.4727,99.4727,985
13:10,99.5004,99.5004,99.4917,99.4917,713
13:11,99.512,99.512,99.5004,99.5004,885
13:12,99.5259,99.5259,99.512,99.512,848
13:13,99.5189,99.5259,99.5189,99.5259,1186
13:14,99.5171,99.5189,99.5171,99.5189,579
13:15,99.4963,99.5171,99.4963,99.5171,1023
13:16,99.5115,99.5115,99.4963,99.4963,1057
13:17,99.4988,99.5115,99.4988,99.5115,1086
13:18,99.4854,99.4988,99.4854,99.4988,809
13:19,99.5027,99.5027,99.4854,99.4854,919
13:20,99.5118,99.5118,99.5027,99.5027,604
13:21,99.5322,99.5322,99.5118,99.5118,840
13:22,99.5032,99.5322,99.5032,99.5322,825
13:23,99.5015,99.5032,99.5015,99.5032,1159
13:24,99.488,99.5015,99.488,99.5015,664
13:25,99.4821,99.488,99.4821,99.488,1319
13:26,99.4857,99.4857,99.4821,99.4821,1699
13:27,99.4575,99.4857,99.4575,99.4857,480
13:28,99.4636,99.4636,99.4575,99.4575,1163
13:29,99.4565,99.4636,99.4565,99.4636,1271
13:30,99.4081,99.4565,99.4081,99.4565,798
13:31,99.4151,99.4151,99.4081,99.4081,869
13:32,99.4105,99.4151,99.4105,99.4151,954
13:33,99.4226,99.4226,99.4105,99.4105,900
13:34,99.4349,99.4349,99.4226,99.4226,896
13:35,99.4121,99.4349,99.4121,99.4349,552
13:36,99.4159,99.4159,99.4121,99.4121,1505
13:37,99.3842,99.4159,99.3842,99.4159,1466
13:38,99.3554,99.3842,99.3554,99.3842,750
13:39,99.3299,99.3554,99.3299,99.3554,595
13:40,99.3041,99.3299,99.3041,99.3299,1203
13:41,99.33,99.33,99.3041,99.3041,815
13:42,99.3722,99.3722,99.33,99.33,1052
13:43,99.406,99.406,99.3722,99.3722,893
13:44,99.3888,99.406,99.3888,99.406,1278
13:45,99.3782,99.3888,99.3782,99.3888,1279
13:46,99.373,99.3782,99.373,99.3782,773
13:47,99.372,99.373,99.372,99.373,612
13:48,99.3485,99.372,99.3485,99.372,571
13:49,99.3378,99.3485,99.3378,99.3485,1242
13:50,99.3374,99.3378,99.3374,99.3378,656
13:51,99.3168,99.3374,99.3168,99.3374,836
13:52,99.3209,99.3209,99.3168,99.3168,809
13:53,99.3014,99.3209,99.3014,99.3209,982
13:54,99.3112,99.3112,99.3014,99.3014,503
13:55,99.303,99.3112,99.303,99.3112,1069
13:56,99.3359,99.3359,99.303,99.303,1204
13:57,99.3477,99.3477,99.3359,99.3359,1032
13:58,99.3461,99.3477,99.3461,99.3477,896
13:59,99.3345,99.3461,99.3345,99.3461,1035
14:00,99.3156,99.3345,99.3156,99.3345,1152
14:01,99.305,99.3156,99.305,99.3156,374
14:02,99.3279,99.3279,99.305,99.305,2000
14:03,99.3222,99.3279,99.3222,99.3279,1148
14:04,99.282,99.3222,99.282,99.3222,794
14:05,99.2838,99.2838,99.282,99.282,871
14:06,99.3016,99.3016,99.2838,99.2838,1191
14:07,99.3122,99.3122,99.3016,99.3016,960
14:08,99.2818,99.3122,99.2818,99.3122,487
14:09,99.2734,99.2818,99.2734,99.2818,2079
14:10,99.2837,99.2837,99.2734,99.2734,962
14:11,99.3146,99.3146,99.2837,99.2837,1436
14:12,99.3007,99.3146,99.3007,99.3146,782
14:13,99.2921,99.3007,99.2921,99.3007,1724
14:14,99.2889,99.2921,99.2889,99.2921,1107
14:15,99.268,99.2889,99.268,99.2889,1241
14:16,99.2437,99.268,99.2437,99.268,690
14:17,99.2691,99.2691,99.2437,99.2437,1536
14:18,99.2756,99.2756,99.2691,99.2691,1277
14:19,99.2604,99.2756,99.2604,99.2756,1586
14:20,99.2687,99.2687,99.2604,99.2604,800
14:21,99.2531,99.2687,99.2531,99.2687,843
14:22,99.2651,99.2651,99.2531,99.2531,2263
14:23,99.278,99.278,99.2651,99.2651,687
14:24,99.2779,99.278,99.2779,99.278,953
14:25,99.2789,99.2789,99.2779,99.2779,1496
14:26,99.2896,99.2896,99.2789,99.2789,1035
14:27,99.3119,99.3119,99.2896,99.2896,1230
14:28,99.3142,99.3142,99.3119,99.3119,868
14:29,99.305,99.3142,99.305,99.3142,1140
14:30,99.2931,99.305,99.2931,99.305,629
14:31,99.2773,99.2931,99.2773,99.2931,1800
14:32,99.2838,99.2838,99.2773,99.2773,959
14:33,99.305,99.305,99.2838,99.2838,786
14:34,99.3032,99.305,99.3032,99.305,1267
14:35,99.3056,99.3056,99.3032,99.3032,849
14:36,99.2845,99.3056,99.2845,99.3056,623
14:37,99.2905,99.2905,99.2845,99.2845,620
14:38,99.2905,99.2905,99.2905,99.2905,1279
14:39,99.3004,99.3004,99.2905,99.2905,945
14:40,99.2533,99.3004,99.2533,99.3004,954
14:41,99.267,99.267,99.2533,99.2533,1466
14:42,99.2632,99.267,99.2632,99.267,671
14:43,99.2311,99.2632,99.2311,99.2632,772
14:44,99.2135,99.2311,99.2135,99.2311,873
14:45,99.1924,99.2135,99.1924,99.2135,1035
14:46,99.1776,99.1924,99.1776,99.1924,986
14:47,99.1689,99.1776,99.1689,99.1776,904
14:48,99.1629,99.1689,99.1629,99.1689,979
14:49,99.1777,99.1777,99.1629,99.1629,964
14:50,99.183,99.183,99.1777,99.1777,776
14:51,99.1774,99.183,99.1774,99.183,751
14:52,99.1693,99.1774,99.1693,99.1774,1104
14:53,99.1798,99.1798,99.1693,99.1693,731
14:54,99.1725,99.1798,99.1725,99.1798,665
14:55,99.1543,99.1725,99.1543,99.1725,898
14:56,99.1327,99.1543,99.1327,99.1543,949
14:57,99.1298,99.1327,99.1298,99.1327,2234
14:58,99.1085,99.1298,99.1085,99.1298,782
14:59,99.1033,99.1085,99.1033,99.1085,1404
15:00,99.0746,99.1033,99.0746,99.1033,1311
15:01,99.0522,99.0746,99.0522,99.0746,660
15:02,99.0928,99.0928,99.0522,99.0522,1326
15:03,99.1097,99.1097,99.0928,99.0928,663
15:04,99.0841,99.1097,99.0841,99.1097,394
15:05,99.0899,99.0899,99.0841,99.0841,1255
15:06,99.0836,99.0899,99.0836,99.0899,544
15:07,99.092,99.092,99.0836,99.0836,1192
15:08,99.0889,99.092,99.0889,99.092,799
15:09,99.0716,99.0889,99.0716,99.0889,1839
15:10,99.0773,99.0773,99.0716,99.0716,1496
15:11,99.0799,99.0799,99.0773,99.0773,875
15:12,99.0891,99.0891,99.0799,99.0799,808
15:13,99.1061,99.1061,99.0891,99.0891,674
15:14,99.1081,99.1081,99.1061,99.1061,891
15:15,99.1095,99.1095,99.1081,99.1081,948
15:16,99.129,99.129,99.1095,99.1095,926
15:17,99.1098,99.129,99.1098,99.129,1122
15:18,99.126,99.126,99.1098,99.1098,1314
15:19,99.1471,99.1471,99.126,99.126,1223
15:20,99.1639,99.1639,99.1471,99.1471,832
15:21,99.1544,99.1639,99.1544,99.1639,663
15:22,99.1565,99.1565,99.1544,99.1544,1813
15:23,99.1576,99.1576,99.1565,99.1565,888
15:24,99.1633,99.1633,99.1576,99.1576,914
15:25,99.1831,99.1831,99.1633,99.1633,974
15:26,99.1954,99.1954,99.1831,99.1831,622
15:27,99.1657,99.1954,99.1657,99.1954,1030
15:28,99.1617,99.1657,99.1617,99.1657,1054
15:29,99.1757,99.1757,99.1617,99.1617,1597
15:30,99.1551,99.1757,99.1551,99.1757,1689
15:31,99.1664,99.1664,99.1551,99.1551,1361
15:32,99.1824,99.1824,99.1664,99.1664,1956
15:33,99.1542,99.1824,99.1542,99.1824,1643
15:34,99.1358,99.1542,99.1358,99.1542,1506
15:35,99.1259,99.1358,99.1259,99.1358,1671
15:36,99.1484,99.1484,99.1259,99.1259,1543
15:37,99.1425,99.1484,99.1425,99.1484,1505
15:38,99.1296,99.1425,99.1296,99.1425,1656
15:39,99.1188,99.1296,99.1188,99.1296,1288
15:40,99.1023,99.1188,99.1023,99.1188,2246
15:41,99.0772,99.1023,99.0772,99.1023,1518
15:42,99.0782,99.0782,99.0772,99.0772,3096
15:43,99.0613,99.0782,99.0613,99.0782,2244
15:44,99.0383,99.0613,99.0383,99.0613,2671
15:45,99.0394,99.0394,99.0383,99.0383,3354
15:46,99.0394,99.0394,99.0394,99.0394,3804
15:47,99.0473,99.0473,99.0394,99.0394,1871
15:48,99.0728,99.0728,99.0473,99.0473,3277
15:49,99.0383,99.0728,99.0383,99.0728,5216
15:50,99.0347,99.0383,99.0347,99.0383,2268
15:51,99.0371,99.0371,99.0347,99.0347,5160
15:52,99.0379,99.0379,99.0371,99.0371,2200
15:53,99.0338,99.0379,99.0338,99.0379,3711
15:54,99.0395,99.0395,99.0338,99.0338,5897
15:55,99.0524,99.0524,99.0395,99.0395,3531
15:56,99.0582,99.0582,99.0524,99.0524,4898
15:57,99.0412,99.0582,99.0412,99.0582,4511
15:58,99.0687,99.0687,99.0412,99.0412,14929
15:59,99.0599,99.0687,99.0599,99.0687,9667
