Time,Close,High,Low,Open,Volume
09:30,99.9845,100.1949,99.9845,100.1949,18689
09:31,99.6934,99.9845,99.6934,99.9845,10511
09:32,99.5983,99.6934,99.5983,99.6934,11775
09:33,99.76,99.76,99.5983,99.5983,16820
09:34,99.6051,99.76,99.6051,99.76,13466
09:35,99.8501,99.8501,99.6051,99.6051,4493
09:36,100.1006,100.1006,99.8501,99.8501,8147
09:37,100.1048,100.1048,100.1006,100.1006,5054
09:38,100.0792,100.1048,100.0792,100.1048,4718
09:39,99.8679,100.0792,99.8679,100.0792,5203
09:40,99.8344,99.8679,99.8344,99.8679,4357
09:41,99.6969,99.8344,99.6969,99.8344,6393
09:42,99.8441,99.8441,99.6969,99.6969,4619
09:43,99.8327,99.8441,99.8327,99.8441,3408
09:44,100.0666,100.0666,99.8327,99.8327,3544
09:45,100.0289,100.0666,100.0289,100.0666,3169
09:46,100.1236,100.1236,100.0289,100.0289,4457
09:47,99.9108,100.1236,99.9108,100.1236,2280
09:48,99.8028,99.9108,99.8028,99.9108,2567
09:49,99.9653,99.9653,99.8028,99.8028,1594
09:50,99.6245,99.9653,99.6245,99.9653,823
09:51,99.4761,99.6245,99.4761,99.6245,2423
09:52,99.5698,99.5698,99.4761,99.4761,2474
09:53,99.7894,99.7894,99.5698,99.5698,1331
09:54,99.8443,99.8443,99.7894,99.7894,3691
09:55,99.7848,99.8443,99.7848,99.8443,943
09:56,99.5194,99.7848,99.5194,99.7848,1539
09:57,99.5301,99.5301,99.5194,99.5194,1363
09:58,99.4677,99.5301,99.4677,99.5301,2420
09:59,99.7182,99.7182,99.4677,99.4677,2289
10:00,99.4134,99.7182,99.4134,99.7182,1393
10:01,99.4929,99.4929,99.4134,99.4134,1466
10:02,99.5904,99.5904,99.4929,99.4929,912
10:03,99.407,99.5904,99.407,99.5904,605
10:04,99.0767,99.407,99.0767,99.407,1056
10:05,99.2432,99.2432,99.0767,99.0767,1239
10:06,98.8441,99.2432,98.8441,99.2432,1782
10:07,99.1465,99.1465,98.8441,98.8441,1736
10:08,98.8646,99.1465,98.8646,99.1465,974
10:09,99.2731,99.2731,98.8646,98.8646,992
10:10,99.3498,99.3498,99.2731,99.2731,752
10:11,99.3883,99.3883,99.3498,99.3498,653
10:12,99.5636,99.5636,99.3883,99.3883,585
10:13,99.6438,99.6438,99.5636,99.5636,2120
10:14,99.7296,99.7296,99.6438,99.6438,880
10:15,99.7632,99.7632,99.7296,99.7296,897
10:16,99.7755,99.7755,99.7632,99.7632,668
10:17,99.8078,99.8078,99.7755,99.7755,1365
10:18,99.9509,99.9509,99.8078,99.8078,582
10:19,99.776,99.9509,99.776,99.9509,953
10:20,100.0385,100.0385,99.776,99.776,746
10:21,99.9471,100.0385,99.9471,100.0385,1171
10:22,99.6358,99.9471,99.6358,99.9471,850
10:23,99.7621,99.7621,99.6358,99.6358,668
10:24,99.8323,99.8323,99.7621,99.7621,1004
10:25,99.8098,99.8323,99.8098,99.8323,1178
10:26,99.8741,99.8741,99.8098,99.8098,1034
10:27,99.9421,99.9421,99.8741,99.8741,1123
10:28,99.9859,99.9859,99.9421,99.9421,805
10:29,100.0481,100.0481,99.9859,99.9859,885
10:30,99.8525,100.0481,99.8525,100.0481,792
10:31,100.1236,100.1236,99.8525,99.8525,885
10:32,100.2826,100.2826,100.1236,100.1236,753
10:33,100.3014,100.3014,100.2826,100.2826,544
10:34,100.0543,100.3014,100.0543,100.3014,1068
10:35,100.41,100.41,100.0543,100.0543,870
10:36,100.6059,100.6059,100.41,100.41,562
10:37,100.7675,100.7675,100.6059,100.6059,1181
10:38,100.7541,100.7675,100.7541,100.7675,726
10:39,100.6359,100.7541,100.6359,100.7541,1020
10:40,100.3763,100.6359,100.3763,100.6359,1297
10:41,100.3244,100.3763,100.3244,100.3763,1048
10:42,100.4761,100.4761,100.3244,100.3244,1499
10:43,100.8616,100.8616,100.4761,100.4761,646
10:44,100.919,100.919,100.8616,100.8616,1154
10:45,100.8563,100.919,100.8563,100.919,785
10:46,100.7446,100.8563,100.7446,100.8563,735
10:47,100.6282,100.7446,100.6282,100.7446,815
10:48,100.6598,100.6598,100.6282,100.6282,896
10:49,100.7666,100.7666,100.6598,100.6598,1020
10:50,100.7868,100.7868,100.7666,100.7666,662
10:51,100.4312,100.7868,100.4312,100.7868,1376
10:52,100.7013,100.7013,100.4312,100.4312,1180
10:53,100.9131,100.9131,100.7013,100.7013,580
10:54,100.8481,100.9131,100.8481,100.9131,1695
10:55,100.5918,100.8481,100.5918,100.8481,1958
10:56,100.5579,100.5918,100.5579,100.5918,1519
10:57,100.5687,100.5687,100.5579,100.5579,938
10:58,100.6612,100.6612,100.5687,100.5687,684
10:59,100.6031,100.6612,100.6031,100.6612,1453
11:00,100.535,100.6031,100.535,100.6031,867
11:01,100.409,100.535,100.409,100.535,1542
11:02,100.2702,100.409,100.2702,100.409,1077
11:03,100.1751,100.2702,100.1751,100.2702,1414
11:04,100.2356,100.2356,100.1751,100.1751,1135
11:05,100.2676,100.2676,100.2356,100.2356,1285
11:06,100.8001,100.8001,100.2676,100.2676,1004
11:07,100.8188,100.8188,100.8001,100.8001,1883
11:08,100.5494,100.8188,100.5494,100.8188,1046
11:09,100.3301,100.5494,100.3301,100.5494,1153
11:10,100.4758,100.4758,100.3301,100.3301,1949
11:11,101.0277,101.0277,100.4758,100.4758,620
11:12,100.7502,101.0277,100.7502,101.0277,637
11:13,100.6629,100.7502,100.6629,100.7502,1410
11:14,100.5643,100.6629,100.5643,100.6629,660
11:15,100.4219,100.5643,100.4219,100.5643,1992
11:16,100.467,100.467,100.4219,100.4219,864
11:17,100.7326,100.7326,100.467,100.467,767
11:18,100.5484,100.7326,100.5484,100.7326,1977
11:19,100.9319,100.9319,100.5484,100.5484,1690
11:20,100.8401,100.9319,100.8401,100.9319,1939
11:21,100.6737,100.8401,100.6737,100.8401,1379
11:22,100.844,100.844,100.6737,100.6737,737
11:23,100.8248,100.844,100.8248,100.844,1968
11:24,100.9004,100.9004,100.8248,100.8248,909
11:25,100.9139,100.9139,100.9004,100.9004,1329
11:26,100.9325,100.9325,100.9139,100.9139,1399
11:27,100.6073,100.9325,100.6073,100.9325,947
11:28,100.6802,100.6802,100.6073,100.6073,1243
11:29,101.0048,101.0048,100.6802,100.6802,1387
11:30,100.8649,101.0048,100.8649,101.0048,1143
11:31,100.7935,100.8649,100.7935,100.8649,677
11:32,100.7866,100.7935,100.7866,100.7935,1112
11:33,100.1812,100.7866,100.1812,100.7866,1600
11:34,100.1926,100.1926,100.1812,100.1812,782
11:35,100.0118,100.1926,100.0118,100.1926,948
11:36,100.1558,100.1558,100.0118,100.0118,857
11:37,100.1557,100.1558,100.1557,100.1558,1926
11:38,99.9456,100.1557,99.9456,100.1557,1269
11:39,99.9508,99.9508,99.9456,99.9456,1155
11:40,100.0252,100.0252,99.9508,99.9508,761
11:41,100.0825,100.0825,100.0252,100.0252,1211
11:42,99.7861,100.0825,99.7861,100.0825,787
11:43,99.4178,99.7861,99.4178,99.7861,1011
11:44,99.4901,99.4901,99.4178,99.4178,798
11:45,99.5605,99.5605,99.4901,99.4901,1271
11:46,99.4989,99.5605,99.4989,99.5605,1227
11:47,99.4643,99.4989,99.4643,99.4989,929
11:48,99.5384,99.5384,99.4643,99.4643,1151
11:49,99.3549,99.5384,99.3549,99.5384,679
11:50,99.5383,99.5383,99.3549,99.3549,589
11:51,99.3434,99.5383,99.3434,99.5383,1169
11:52,99.1441,99.3434,99.1441,99.3434,1061
11:53,98.8537,99.1441,98.8537,99.1441,1252
11:54,98.9275,98.9275,98.8537,98.8537,2328
11:55,99.063,99.063,98.9275,98.9275,1398
11:56,99.3115,99.3115,99.063,99.063,724
11:57,99.353,99.353,99.3115,99.3115,1486
11:58,99.4215,99.4215,99.353,99.353,627
11:59,99.3759,99.4215,99.3759,99.4215,849
12:00,99.1716,99.3759,99.1716,99.3759,976
12:01,99.0079,99.1716,99.0079,99.1716,1836
12:02,98.9191,99.0079,98.9191,99.0079,768
12:03,98.9658,98.9658,98.9191,98.9191,746
12:04,99.164,99.164,98.9658,98.9658,966
12:05,99.3226,99.3226,99.164,99.164,790
12:06,99.2002,99.3226,99.2002,99.3226,1491
12:07,98.804,99.2002,98.804,99.2002,682
12:08,98.9015,98.9015,98.804,98.804,666
12:09,98.7819,98.9015,98.7819,98.9015,856
12:10,98.8781,98.8781,98.7819,98.7819,838
12:11,98.8137,98.8781,98.8137,98.8781,1982
12:12,98.8989,98.8989,98.8137,98.8137,1400
12:13,98.9843,98.9843,98.8989,98.8989,1032
12:14,98.6965,98.9843,98.6965,98.9843,648
12:15,98.4673,98.6965,98.4673,98.6965,1349
12:16,98.7939,98.7939,98.4673,98.4673,701
12:17,98.8144,98.8144,98.7939,98.7939,578
12:18,98.8837,98.8837,98.8144,98.8144,1524
12:19,98.9461,98.9461,98.8837,98.8837,1119
12:20,98.9999,98.9999,98.9461,98.9461,1386
12:21,99.018,99.018,98.9999,98.9999,1120
12:22,99.0209,99.0209,99.018,99.018,1355
12:23,99.1654,99.1654,99.0209,99.0209,794
12:24,98.989,99.1654,98.989,99.1654,693
12:25,98.8781,98.989,98.8781,98.989,1273
12:26,98.8924,98.8924,98.8781,98.8781,752
12:27,98.8959,98.8959,98.8924,98.8924,783
12:28,98.4814,98.8959,98.4814,98.8959,851
12:29,98.615,98.615,98.4814,98.4814,1006
12:30,98.4101,98.615,98.4101,98.615,882
12:31,98.375,98.4101,98.375,98.4101,614
12:32,98.0021,98.375,98.0021,98.375,796
12:33,98.2092,98.2092,98.0021,98.0021,455
12:34,98.3069,98.3069,98.2092,98.2092,1248
12:35,98.3347,98.3347,98.3069,98.3069,567
12:36,98.4482,98.4482,98.3347,98.3347,676
12:37,98.7026,98.7026,98.4482,98.4482,1019
12:38,98.7416,98.7416,98.7026,98.7026,769
12:39,98.5197,98.7416,98.5197,98.7416,1728
12:40,98.652,98.652,98.5197,98.5197,632
12:41,98.8392,98.8392,98.652,98.652,1099
12:42,98.8476,98.8476,98.8392,98.8392,986
12:43,98.6539,98.8476,98.6539,98.8476,661
12:44,98.5432,98.6539,98.5432,98.6539,1204
12:45,98.516,98.5432,98.516,98.5432,941
12:46,98.4705,98.516,98.4705,98.516,1315
12:47,98.5114,98.5114,98.4705,98.4705,1339
12:48,98.3696,98.5114,98.3696,98.5114,2153
12:49,98.4527,98.4527,98.3696,98.3696,1606
12:50,98.1454,98.4527,98.1454,98.4527,877
12:51,98.1614,98.1614,98.1454,98.1454,919
12:52,97.999,98.1614,97.999,98.1614,1477
12:53,98.1566,98.1566,97.999,97.999,1261
12:54,98.1895,98.1895,98.1566,98.1566,1255
12:55,98.0377,98.1895,98.0377,98.1895,564
12:56,97.8265,98.0377,97.8265,98.0377,991
12:57,97.9399,97.9399,97.8265,97.8265,770
12:58,97.8997,97.9399,97.8997,97.9399,1104
12:59,98.288,98.288,97.8997,97.8997,966
13:00,98.0392,98.288,98.0392,98.288,1381
13:01,97.833,98.0392,97.833,98.0392,1119
13:02,97.7822,97.833,97.7822,97.833,1321
13:03,97.8626,97.8626,97.7822,97.7822,848
13:04,98.1372,98.1372,97.8626,97.8626,715
13:05,98.3429,98.3429,98.1372,98.1372,865
13:06,98.2684,98.3429,98.2684,98.3429,994
13:07,98.0641,98.2684,98.0641,98.2684,1144
13:08,98.0368,98.0641,98.0368,98.0641,2228
13:09,97.8341,98.0368,97.8341,98.0368,985
13:10,97.6267,97.8341,97.6267,97.8341,713
13:11,97.727,97.727,97.6267,97.6267,885
13:12,97.5321,97.727,97.5321,97.727,848
13:13,97.6546,97.6546,97.5321,97.5321,1186
13:14,97.6691,97.6691,97.6546,97.6546,579
13:15,97.7559,97.7559,97.6691,97.6691,1023
13:16,97.5026,97.7559,97.5026,97.7559,1057
13:17,97.5323,97.5323,97.5026,97.5026,1086
13:18,97.1944,97.5323,97.1944,97.5323,809
13:19,97.3818,97.3818,97.1944,97.1944,919
13:20,97.3239,97.3818,97.3239,97.3818,604
13:21,97.2834,97.3239,97.2834,97.3239,840
13:22,97.44,97.44,97.2834,97.2834,825
13:23,97.677,97.677,97.44,97.44,1159
13:24,97.6138,97.677,97.6138,97.677,664
13:25,97.6512,97.6512,97.6138,97.6138,1319
13:26,97.7358,97.7358,97.6512,97.6512,1699
13:27,97.8313,97.8313,97.7358,97.7358,480
13:28,97.7872,97.8313,97.7872,97.8313,1163
13:29,97.7523,97.7872,97.7523,97.7872,1271
13:30,97.7824,97.7824,97.7523,97.7523,798
13:31,97.9711,97.9711,97.7824,97.7824,869
13:32,98.2787,98.2787,97.9711,97.9711,954
13:33,98.3999,98.3999,98.2787,98.2787,900
13:34,98.4563,98.4563,98.3999,98.3999,896
13:35,98.4398,98.4563,98.4398,98.4563,552
13:36,98.7314,98.7314,98.4398,98.4398,1505
13:37,98.6689,98.7314,98.6689,98.7314,1466
13:38,98.5148,98.6689,98.5148,98.6689,750
13:39,98.5968,98.5968,98.5148,98.5148,595
13:40,98.4067,98.5968,98.4067,98.5968,1203
13:41,98.7458,98.7458,98.4067,98.4067,815
13:42,98.4901,98.7458,98.4901,98.7458,1052
13:43,98.6545,98.6545,98.4901,98.4901,893
13:44,98.3633,98.6545,98.3633,98.6545,1278
13:45,98.4237,98.4237,98.3633,98.3633,1279
13:46,98.6815,98.6815,98.4237,98.4237,773
13:47,98.2004,98.6815,98.2004,98.6815,612
13:48,98.1906,98.2004,98.1906,98.2004,571
13:49,98.2104,98.2104,98.1906,98.1906,1242
13:50,98.1406,98.2104,98.1406,98.2104,656
13:51,97.948,98.1406,97.948,98.1406,836
13:52,98.2567,98.2567,97.948,97.948,809
13:53,98.2034,98.2567,98.2034,98.2567,982
13:54,98.0622,98.2034,98.0622,98.2034,503
13:55,98.2191,98.2191,98.0622,98.0622,1069
13:56,98.2178,98.2191,98.2178,98.2191,1204
13:57,98.3824,98.3824,98.2178,98.2178,1032
13:58,98.372,98.3824,98.372,98.3824,896
13:59,98.259,98.372,98.259,98.372,1035
14:00,98.5143,98.5143,98.259,98.259,1152
14:01,98.3552,98.5143,98.3552,98.5143,374
14:02,98.3426,98.3552,98.3426,98.3552,2000
14:03,97.9882,98.3426,97.9882,98.3426,1148
14:04,97.8591,97.9882,97.8591,97.9882,794
14:05,97.8927,97.8927,97.8591,97.8591,871
14:06,97.7888,97.8927,97.7888,97.8927,1191
14:07,97.4301,97.7888,97.4301,97.7888,960
14:08,97.5196,97.5196,97.4301,97.4301,487
14:09,97.8084,97.8084,97.5196,97.5196,2079
14:10,97.7476,97.8084,97.7476,97.8084,962
14:11,97.8819,97.8819,97.7476,97.7476,1436
14:12,97.8414,97.8819,97.8414,97.8819,782
14:13,98.1029,98.1029,97.8414,97.8414,1724
14:14,98.3037,98.3037,98.1029,98.1029,1107
14:15,98.4871,98.4871,98.3037,98.3037,1241
14:16,98.463,98.4871,98.463,98.4871,690
14:17,98.7367,98.7367,98.463,98.463,1536
14:18,98.6412,98.7367,98.6412,98.7367,1277
14:19,98.9177,98.9177,98.6412,98.6412,1586
14:20,99.1497,99.1497,98.9177,98.9177,800
14:21,98.9272,99.1497,98.9272,99.1497,843
14:22,98.8786,98.9272,98.8786,98.9272,2263
14:23,98.8692,98.8786,98.8692,98.8786,687
14:24,98.7274,98.8692,98.7274,98.8692,953
14:25,98.5606,98.7274,98.5606,98.7274,1496
14:26,98.3347,98.5606,98.3347,98.5606,1035
14:27,98.3544,98.3544,98.3347,98.3347,1230
14:28,98.1591,98.3544,98.1591,98.3544,868
14:29,98.0434,98.1591,98.0434,98.1591,1140
14:30,97.884,98.0434,97.884,98.0434,629
14:31,97.7939,97.884,97.7939,97.884,1800
14:32,97.6617,97.7939,97.6617,97.7939,959
14:33,97.4932,97.6617,97.4932,97.6617,786
14:34,97.2755,97.4932,97.2755,97.4932,1267
14:35,97.3609,97.3609,97.2755,97.2755,849
14:36,97.4007,97.4007,97.3609,97.3609,623
14:37,97.1277,97.4007,97.1277,97.4007,620
14:38,97.4183,97.4183,97.1277,97.1277,1279
14:39,97.3201,97.4183,97.3201,97.4183,945
14:40,97.3029,97.3201,97.3029,97.3201,954
14:41,97.373,97.373,97.3029,97.3029,1466
14:42,97.306,97.373,97.306,97.373,671
14:43,97.0989,97.306,97.0989,97.306,772
14:44,97.0195,97.0989,97.0195,97.0989,873
14:45,96.805,97.0195,96.805,97.0195,1035
14:46,96.7844,96.805,96.7844,96.805,986
14:47,96.4954,96.7844,96.4954,96.7844,904
14:48,96.6305,96.6305,96.4954,96.4954,979
14:49,96.4011,96.6305,96.4011,96.6305,964
14:50,96.2254,96.4011,96.2254,96.4011,776
14:51,96.3058,96.3058,96.2254,96.2254,751
14:52,96.3626,96.3626,96.3058,96.3058,1104
14:53,96.5046,96.5046,96.3626,96.3626,731
14:54,96.6759,96.6759,96.5046,96.5046,665
14:55,96.784,96.784,96.6759,96.6759,898
14:56,96.7975,96.7975,96.784,96.784,949
14:57,96.6602,96.7975,96.6602,96.7975,2234
14:58,96.5459,96.6602,96.5459,96.6602,782
14:59,96.4756,96.5459,96.4756,96.5459,1404
15:00,96.3045,96.4756,96.3045,96.4756,1311
15:01,96.4714,96.4714,96.3045,96.3045,660
15:02,96.9379,96.9379,96.4714,96.4714,1326
15:03,97.2251,97.2251,96.9379,96.9379,663
15:04,97.4006,97.4006,97.2251,97.2251,394
15:05,97.5192,97.5192,97.4006,97.4006,1255
15:06,97.5614,97.5614,97.5192,97.5192,544
15:07,97.6116,97.6116,97.5614,97.5614,1192
15:08,97.7162,97.7162,97.6116,97.6116,799
15:09,97.4198,97.7162,97.4198,97.7162,1839
15:10,97.4692,97.4692,97.4198,97.4198,1496
15:11,97.6296,97.6296,97.4692,97.4692,875
15:12,97.4691,97.6296,97.4691,97.6296,808
15:13,97.5722,97.5722,97.4691,97.4691,674
15:14,97.5151,97.5722,97.5151,97.5722,891
15:15,97.3577,97.5151,97.3577,97.5151,948
15:16,97.0675,97.3577,97.0675,97.3577,926
15:17,97.0072,97.0675,97.0072,97.0675,1122
15:18,96.842,97.0072,96.842,97.0072,1314
15:19,96.8026,96.842,96.8026,96.842,1223
15:20,96.9221,96.9221,96.8026,96.8026,832
15:21,97.0027,97.0027,96.9221,96.9221,663
15:22,97.0528,97.0528,97.0027,97.0027,1813
15:23,97.2402,97.2402,97.0528,97.0528,888
15:24,97.2677,97.2677,97.2402,97.2402,914
15:25,97.1505,97.2677,97.1505,97.2677,974
15:26,96.9246,97.1505,96.9246,97.1505,622
15:27,96.9862,96.9862,96.9246,96.9246,1030
15:28,96.9049,96.9862,96.9049,96.9862,1054
15:29,96.7398,96.9049,96.7398,96.9049,1597
15:30,96.7113,96.7398,96.7113,96.7398,1689
15:31,96.6346,96.7113,96.6346,96.7113,1361
15:32,96.7013,96.7013,96.6346,96.6346,1956
15:33,96.6989,96.7013,96.6989,96.7013,1643
15:34,96.5004,96.6989,96.5004,96.6989,1506
15:35,96.213,96.5004,96.213,96.5004,1671
15:36,96.2575,96.2575,96.213,96.213,1543
15:37,96.2481,96.2575,96.2481,96.2575,1505
15:38,96.0273,96.2481,96.0273,96.2481,1656
15:39,95.9764,96.0273,95.9764,96.0273,1288
15:40,95.7914,95.9764,95.7914,95.9764,2246
15:41,95.8623,95.8623,95.7914,95.7914,1518
15:42,96.0038,96.0038,95.8623,95.8623,3096
15:43,96.159,96.159,96.0038,96.0038,2244
15:44,95.9635,96.159,95.9635,96.159,2671
15:45,95.9438,95.9635,95.9438,95.9635,3354
15:46,95.841,95.9438,95.841,95.9438,3804
15:47,95.8251,95.841,95.8251,95.841,1871
15:48,95.8598,95.8598,95.8251,95.8251,3277
15:49,95.8737,95.8737,95.8598,95.8598,5216
15:50,95.8389,95.8737,95.8389,95.8737,2268
15:51,95.9299,95.9299,95.8389,95.8389,5160
15:52,96.1507,96.1507,95.9299,95.9299,2200
15:53,96.0457,96.1507,96.0457,96.1507,3711
15:54,96.0885,96.0885,96.0457,96.0457,5897
15:55,96.1657,96.1657,96.0885,96.0885,3531
15:56,96.2265,96.2265,96.1657,96.1657,4898
15:57,95.9411,96.2265,95.9411,96.2265,4511
15:58,95.9932,95.9932,95.9411,95.9411,14929
15:59,96.0906,96.0906,95.9932,95.9932,9667
