Time,Close,High,Low,Open,Volume
09:30,99.9546,99.9546,99.8513,99.8513,18689
09:31,99.8309,99.9546,99.8309,99.9546,10511
09:32,99.6906,99.8309,99.6906,99.8309,11775
09:33,99.7936,99.7936,99.6906,99.6906,16820
09:34,99.7393,99.7936,99.7393,99.7936,13466
09:35,99.638,99.7393,99.638,99.7393,4493
09:36,99.5469,99.638,99.5469,99.638,8147
09:37,99.5514,99.5514,99.5469,99.5469,5054
09:38,99.6992,99.6992,99.5514,99.5514,4718
09:39,99.7774,99.7774,99.6992,99.6992,5203
09:40,99.7426,99.7774,99.7426,99.7774,4357
09:41,99.6247,99.7426,99.6247,99.7426,6393
09:42,99.6291,99.6291,99.6247,99.6247,4619
09:43,99.5709,99.6291,99.5709,99.6291,3408
09:44,99.6749,99.6749,99.5709,99.5709,3544
09:45,99.6157,99.6749,99.6157,99.6749,3169
09:46,99.4372,99.6157,99.4372,99.6157,4457
09:47,99.4112,99.4372,99.4112,99.4372,2280
09:48,99.527,99.527,99.4112,99.4112,2567
09:49,99.3971,99.527,99.3971,99.527,1594
09:50,99.2116,99.3971,99.2116,99.3971,823
09:51,99.2025,99.2116,99.2025,99.2116,2423
09:52,98.9728,99.2025,98.9728,99.2025,2474
09:53,98.8514,98.9728,98.8514,98.9728,1331
09:54,98.997,98.997,98.8514,98.8514,3691
09:55,98.9994,98.9994,98.997,98.997,943
09:56,98.9368,98.9994,98.9368,98.9994,1539
09:57,98.6592,98.9368,98.6592,98.9368,1363
09:58,98.6101,98.6592,98.6101,98.6592,2420
09:59,98.4727,98.6101,98.4727,98.6101,2289
10:00,98.1805,98.4727,98.1805,98.4727,1393
10:01,98.3236,98.3236,98.1805,98.1805,1466
10:02,98.259,98.3236,98.259,98.3236,912
10:03,98.3928,98.3928,98.259,98.259,605
10:04,98.5451,98.5451,98.3928,98.3928,1056
10:05,98.5441,98.5451,98.5441,98.5451,1239
10:06,98.3266,98.5441,98.3266,98.5441,1782
10:07,98.446,98.446,98.3266,98.3266,1736
10:08,98.3791,98.446,98.3791,98.446,974
10:09,98.3064,98.3791,98.3064,98.3791,992
10:10,98.365,98.365,98.3064,98.3064,752
10:11,98.1365,98.365,98.1365,98.365,653
10:12,98.2686,98.2686,98.1365,98.1365,585
10:13,98.2146,98.2686,98.2146,98.2686,2120
10:14,98.2173,98.2173,98.2146,98.2146,880
10:15,98.2462,98.2462,98.2173,98.2173,897
10:16,98.3288,98.3288,98.2462,98.2462,668
10:17,98.3715,98.3715,98.3288,98.3288,1365
10:18,98.3481,98.3715,98.3481,98.3715,582
10:19,98.4966,98.4966,98.3481,98.3481,953
10:20,98.6286,98.6286,98.4966,98.4966,746
10:21,98.7259,98.7259,98.6286,98.6286,1171
10:22,98.9006,98.9006,98.7259,98.7259,850
10:23,98.7156,98.9006,98.7156,98.9006,668
10:24,98.5545,98.7156,98.5545,98.7156,1004
10:25,98.6334,98.6334,98.5545,98.5545,1178
10:26,98.8141,98.8141,98.6334,98.6334,1034
10:27,98.6613,98.8141,98.6613,98.8141,1123
10:28,98.7653,98.7653,98.6613,98.6613,805
10:29,98.7966,98.7966,98.7653,98.7653,885
10:30,98.7624,98.7966,98.7624,98.7966,792
10:31,98.7944,98.7944,98.7624,98.7624,885
10:32,98.7687,98.7944,98.7687,98.7944,753
10:33,98.8131,98.8131,98.7687,98.7687,544
10:34,99.0142,99.0142,98.8131,98.8131,1068
10:35,99.0843,99.0843,99.0142,99.0142,870
10:36,99.1832,99.1832,99.0843,99.0843,562
10:37,98.9944,99.1832,98.9944,99.1832,1181
10:38,98.8714,98.9944,98.8714,98.9944,726
10:39,98.6276,98.8714,98.6276,98.8714,1020
10:40,98.7739,98.7739,98.6276,98.6276,1297
10:41,98.8235,98.8235,98.7739,98.7739,1048
10:42,98.9453,98.9453,98.8235,98.8235,1499
10:43,98.828,98.9453,98.828,98.9453,646
10:44,98.9277,98.9277,98.828,98.828,1154
10:45,98.9894,98.9894,98.9277,98.9277,785
10:46,98.972,98.9894,98.972,98.9894,735
10:47,98.7664,98.972,98.7664,98.972,815
10:48,98.6794,98.7664,98.6794,98.7664,896
10:49,98.6915,98.6915,98.6794,98.6794,1020
10:50,98.7596,98.7596,98.6915,98.6915,662
10:51,98.9002,98.9002,98.7596,98.7596,1376
10:52,98.882,98.9002,98.882,98.9002,1180
10:53,99.0834,99.0834,98.882,98.882,580
10:54,98.8685,99.0834,98.8685,99.0834,1695
10:55,99.0215,99.0215,98.8685,98.8685,1958
10:56,99.1873,99.1873,99.0215,99.0215,1519
10:57,99.4089,99.4089,99.1873,99.1873,938
10:58,99.507,99.507,99.4089,99.4089,684
10:59,99.6773,99.6773,99.507,99.507,1453
11:00,99.5941,99.6773,99.5941,99.6773,867
11:01,99.5416,99.5941,99.5416,99.5941,1542
11:02,99.4717,99.5416,99.4717,99.5416,1077
11:03,99.5248,99.5248,99.4717,99.4717,1414
11:04,99.3757,99.5248,99.3757,99.5248,1135
11:05,99.3523,99.3757,99.3523,99.3757,1285
11:06,99.273,99.3523,99.273,99.3523,1004
11:07,99.2286,99.273,99.2286,99.273,1883
11:08,99.2003,99.2286,99.2003,99.2286,1046
11:09,99.1194,99.2003,99.1194,99.2003,1153
11:10,99.2677,99.2677,99.1194,99.1194,1949
11:11,99.1652,99.2677,99.1652,99.2677,620
11:12,99.2496,99.2496,99.1652,99.1652,637
11:13,99.2428,99.2496,99.2428,99.2496,1410
11:14,99.3048,99.3048,99.2428,99.2428,660
11:15,99.2863,99.3048,99.2863,99.3048,1992
11:16,99.2561,99.2863,99.2561,99.2863,864
11:17,99.1074,99.2561,99.1074,99.2561,767
11:18,99.1476,99.1476,99.1074,99.1074,1977
11:19,99.2339,99.2339,99.1476,99.1476,1690
11:20,99.4127,99.4127,99.2339,99.2339,1939
11:21,99.3236,99.4127,99.3236,99.4127,1379
11:22,99.4388,99.4388,99.3236,99.3236,737
11:23,99.4788,99.4788,99.4388,99.4388,1968
11:24,99.4439,99.4788,99.4439,99.4788,909
11:25,99.5017,99.5017,99.4439,99.4439,1329
11:26,99.3733,99.5017,99.3733,99.5017,1399
11:27,99.5193,99.5193,99.3733,99.3733,947
11:28,99.4915,99.5193,99.4915,99.5193,1243
11:29,99.3493,99.4915,99.3493,99.4915,1387
11:30,99.4326,99.4326,99.3493,99.3493,1143
11:31,99.2741,99.4326,99.2741,99.4326,677
11:32,99.3344,99.3344,99.2741,99.2741,1112
11:33,99.535,99.535,99.3344,99.3344,1600
11:34,99.4587,99.535,99.4587,99.535,782
11:35,99.4985,99.4985,99.4587,99.4587,948
11:36,99.5605,99.5605,99.4985,99.4985,857
11:37,99.4483,99.5605,99.4483,99.5605,1926
11:38,99.4884,99.4884,99.4483,99.4483,1269
11:39,99.5796,99.5796,99.4884,99.4884,1155
11:40,99.6371,99.6371,99.5796,99.5796,761
11:41,99.5866,99.6371,99.5866,99.6371,1211
11:42,99.3727,99.5866,99.3727,99.5866,787
11:43,99.3585,99.3727,99.3585,99.3727,1011
11:44,99.4783,99.4783,99.3585,99.3585,798
11:45,99.4906,99.4906,99.4783,99.4783,1271
11:46,99.4405,99.4906,99.4405,99.4906,1227
11:47,99.4678,99.4678,99.4405,99.4405,929
11:48,99.3653,99.4678,99.3653,99.4678,1151
11:49,99.4914,99.4914,99.3653,99.3653,679
11:50,99.5015,99.5015,99.4914,99.4914,589
11:51,99.5163,99.5163,99.5015,99.5015,1169
11:52,99.4283,99.5163,99.4283,99.5163,1061
11:53,99.3837,99.4283,99.3837,99.4283,1252
11:54,99.4301,99.4301,99.3837,99.3837,2328
11:55,99.5816,99.5816,99.4301,99.4301,1398
11:56,99.4963,99.5816,99.4963,99.5816,724
11:57,99.2675,99.4963,99.2675,99.4963,1486
11:58,99.3583,99.3583,99.2675,99.2675,627
11:59,99.1536,99.3583,99.1536,99.3583,849
12:00,99.1853,99.1853,99.1536,99.1536,976
12:01,99.4342,99.4342,99.1853,99.1853,1836
12:02,99.3346,99.4342,99.3346,99.4342,768
12:03,99.4013,99.4013,99.3346,99.3346,746
12:04,99.2273,99.4013,99.2273,99.4013,966
12:05,99.2457,99.2457,99.2273,99.2273,790
12:06,99.4076,99.4076,99.2457,99.2457,1491
12:07,99.6094,99.6094,99.4076,99.4076,682
12:08,99.534,99.6094,99.534,99.6094,666
12:09,99.4899,99.534,99.4899,99.534,856
12:10,99.569,99.569,99.4899,99.4899,838
12:11,99.571,99.571,99.569,99.569,1982
12:12,99.5541,99.571,99.5541,99.571,1400
12:13,99.4349,99.5541,99.4349,99.5541,1032
12:14,99.4011,99.4349,99.4011,99.4349,648
12:15,99.5631,99.5631,99.4011,99.4011,1349
12:16,99.6553,99.6553,99.5631,99.5631,701
12:17,99.5699,99.6553,99.5699,99.6553,578
12:18,99.3784,99.5699,99.3784,99.5699,1524
12:19,99.4963,99.4963,99.3784,99.3784,1119
12:20,99.6224,99.6224,99.4963,99.4963,1386
12:21,99.509,99.6224,99.509,99.6224,1120
12:22,99.2912,99.509,99.2912,99.509,1355
12:23,99.2512,99.2912,99.2512,99.2912,794
12:24,99.1617,99.2512,99.1617,99.2512,693
12:25,99.1152,99.1617,99.1152,99.1617,1273
12:26,98.9239,99.1152,98.9239,99.1152,752
12:27,98.8895,98.9239,98.8895,98.9239,783
12:28,98.7602,98.8895,98.7602,98.8895,851
12:29,98.6053,98.7602,98.6053,98.7602,1006
12:30,98.6954,98.6954,98.6053,98.6053,882
12:31,98.567,98.6954,98.567,98.6954,614
12:32,98.7366,98.7366,98.567,98.567,796
12:33,99.0619,99.0619,98.7366,98.7366,455
12:34,99.0393,99.0619,99.0393,99.0619,1248
12:35,98.8595,99.0393,98.8595,99.0393,567
12:36,98.8019,98.8595,98.8019,98.8595,676
12:37,98.7685,98.8019,98.7685,98.8019,1019
12:38,98.7738,98.7738,98.7685,98.7685,769
12:39,98.9696,98.9696,98.7738,98.7738,1728
12:40,98.9739,98.9739,98.9696,98.9696,632
12:41,98.9517,98.9739,98.9517,98.9739,1099
12:42,98.8122,98.9517,98.8122,98.9517,986
12:43,98.9074,98.9074,98.8122,98.8122,661
12:44,98.7463,98.9074,98.7463,98.9074,1204
12:45,98.9233,98.9233,98.7463,98.7463,941
12:46,98.8238,98.9233,98.8238,98.9233,1315
12:47,98.9479,98.9479,98.8238,98.8238,1339
12:48,98.9017,98.9479,98.9017,98.9479,2153
12:49,98.7839,98.9017,98.7839,98.9017,1606
12:50,98.8841,98.8841,98.7839,98.7839,877
12:51,99.0554,99.0554,98.8841,98.8841,919
12:52,99.01,99.0554,99.01,99.0554,1477
12:53,99.1914,99.1914,99.01,99.01,1261
12:54,99.1715,99.1914,99.1715,99.1914,1255
12:55,99.1818,99.1818,99.1715,99.1715,564
12:56,99.103,99.1818,99.103,99.1818,991
12:57,99.1982,99.1982,99.103,99.103,770
12:58,99.3887,99.3887,99.1982,99.1982,1104
12:59,99.5813,99.5813,99.3887,99.3887,966
13:00,99.4901,99.5813,99.4901,99.5813,1381
13:01,99.5216,99.5216,99.4901,99.4901,1119
13:02,99.2914,99.5216,99.2914,99.5216,1321
13:03,99.4172,99.4172,99.2914,99.2914,848
13:04,99.5007,99.5007,99.4172,99.4172,715
13:05,99.3492,99.5007,99.3492,99.5007,865
13:06,99.6422,99.6422,99.3492,99.3492,994
13:07,99.758,99.758,99.6422,99.6422,1144
13:08,99.855,99.855,99.758,99.758,2228
13:09,99.8818,99.8818,99.855,99.855,985
13:10,99.6154,99.8818,99.6154,99.8818,713
13:11,99.6077,99.6154,99.6077,99.6154,885
13:12,99.6425,99.6425,99.6077,99.6077,848
13:13,99.7285,99.7285,99.6425,99.6425,1186
13:14,99.5931,99.7285,99.5931,99.7285,579
13:15,99.6095,99.6095,99.5931,99.5931,1023
13:16,99.5088,99.6095,99.5088,99.6095,1057
13:17,99.2125,99.5088,99.2125,99.5088,1086
13:18,99.2149,99.2149,99.2125,99.2125,809
13:19,99.0414,99.2149,99.0414,99.2149,919
13:20,99.0481,99.0481,99.0414,99.0414,604
13:21,99.0141,99.0481,99.0141,99.0481,840
13:22,99.0106,99.0141,99.0106,99.0141,825
13:23,99.0153,99.0153,99.0106,99.0106,1159
13:24,98.9583,99.0153,98.9583,99.0153,664
13:25,99.0883,99.0883,98.9583,98.9583,1319
13:26,99.378,99.378,99.0883,99.0883,1699
13:27,99.5552,99.5552,99.378,99.378,480
13:28,99.541,99.5552,99.541,99.5552,1163
13:29,99.4295,99.541,99.4295,99.541,1271
13:30,99.5621,99.5621,99.4295,99.4295,798
13:31,99.6856,99.6856,99.5621,99.5621,869
13:32,99.6506,99.6856,99.6506,99.6856,954
13:33,99.5317,99.6506,99.5317,99.6506,900
13:34,99.6722,99.6722,99.5317,99.5317,896
13:35,99.603,99.6722,99.603,99.6722,552
13:36,99.4017,99.603,99.4017,99.603,1505
13:37,99.3887,99.4017,99.3887,99.4017,1466
13:38,99.4803,99.4803,99.3887,99.3887,750
13:39,99.2854,99.4803,99.2854,99.4803,595
13:40,99.2205,99.2854,99.2205,99.2854,1203
13:41,99.2707,99.2707,99.2205,99.2205,815
13:42,99.3437,99.3437,99.2707,99.2707,1052
13:43,99.3774,99.3774,99.3437,99.3437,893
13:44,99.2527,99.3774,99.2527,99.3774,1278
13:45,99.1881,99.2527,99.1881,99.2527,1279
13:46,99.3387,99.3387,99.1881,99.1881,773
13:47,99.3185,99.3387,99.3185,99.3387,612
13:48,99.1773,99.3185,99.1773,99.3185,571
13:49,99.1318,99.1773,99.1318,99.1773,1242
13:50,99.1722,99.1722,99.1318,99.1318,656
13:51,99.1769,99.1769,99.1722,99.1722,836
13:52,98.9969,99.1769,98.9969,99.1769,809
13:53,98.9358,98.9969,98.9358,98.9969,982
13:54,98.928,98.9358,98.928,98.9358,503
13:55,98.9547,98.9547,98.928,98.928,1069
13:56,98.9642,98.9642,98.9547,98.9547,1204
13:57,99.0861,99.0861,98.9642,98.9642,1032
13:58,99.135,99.135,99.0861,99.0861,896
13:59,99.2679,99.2679,99.135,99.135,1035
14:00,99.1485,99.2679,99.1485,99.2679,1152
14:01,99.2722,99.2722,99.1485,99.1485,374
14:02,98.9602,99.2722,98.9602,99.2722,2000
14:03,98.9092,98.9602,98.9092,98.9602,1148
14:04,98.9804,98.9804,98.9092,98.9092,794
14:05,98.9366,98.9804,98.9366,98.9804,871
14:06,98.9632,98.9632,98.9366,98.9366,1191
14:07,98.8835,98.9632,98.8835,98.9632,960
14:08,99.0647,99.0647,98.8835,98.8835,487
14:09,99.2088,99.2088,99.0647,99.0647,2079
14:10,99.145,99.2088,99.145,99.2088,962
14:11,99.0651,99.145,99.0651,99.145,1436
14:12,99.1748,99.1748,99.0651,99.0651,782
14:13,99.3361,99.3361,99.1748,99.1748,1724
14:14,99.2604,99.3361,99.2604,99.3361,1107
14:15,99.3636,99.3636,99.2604,99.2604,1241
14:16,99.3007,99.3636,99.3007,99.3636,690
14:17,99.4401,99.4401,99.3007,99.3007,1536
14:18,99.4276,99.4401,99.4276,99.4401,1277
14:19,99.3093,99.4276,99.3093,99.4276,1586
14:20,99.2652,99.3093,99.2652,99.3093,800
14:21,99.1959,99.2652,99.1959,99.2652,843
14:22,99.3151,99.3151,99.1959,99.1959,2263
14:23,99.2483,99.3151,99.2483,99.3151,687
14:24,99.1058,99.2483,99.1058,99.2483,953
14:25,99.1448,99.1448,99.1058,99.1058,1496
14:26,99.1096,99.1448,99.1096,99.1448,1035
14:27,99.1229,99.1229,99.1096,99.1096,1230
14:28,99.1892,99.1892,99.1229,99.1229,868
14:29,99.1672,99.1892,99.1672,99.1892,1140
14:30,99.2555,99.2555,99.1672,99.1672,629
14:31,99.4105,99.4105,99.2555,99.2555,1800
14:32,99.2337,99.4105,99.2337,99.4105,959
14:33,99.2058,99.2337,99.2058,99.2337,786
14:34,99.263,99.263,99.2058,99.2058,1267
14:35,99.4251,99.4251,99.263,99.263,849
14:36,99.4085,99.4251,99.4085,99.4251,623
14:37,99.3525,99.4085,99.3525,99.4085,620
14:38,99.2825,99.3525,99.2825,99.3525,1279
14:39,99.2933,99.2933,99.2825,99.2825,945
14:40,99.4609,99.4609,99.2933,99.2933,954
14:41,99.4046,99.4609,99.4046,99.4609,1466
14:42,99.222,99.4046,99.222,99.4046,671
14:43,99.2002,99.222,99.2002,99.222,772
14:44,99.16,99.2002,99.16,99.2002,873
14:45,99.1688,99.1688,99.16,99.16,1035
14:46,99.2418,99.2418,99.1688,99.1688,986
14:47,99.346,99.346,99.2418,99.2418,904
14:48,99.4099,99.4099,99.346,99.346,979
14:49,99.5803,99.5803,99.4099,99.4099,964
14:50,99.5036,99.5803,99.5036,99.5803,776
14:51,99.5366,99.5366,99.5036,99.5036,751
14:52,99.7278,99.7278,99.5366,99.5366,1104
14:53,99.7753,99.7753,99.7278,99.7278,731
14:54,99.8418,99.8418,99.7753,99.7753,665
14:55,99.8594,99.8594,99.8418,99.8418,898
14:56,99.7368,99.8594,99.7368,99.8594,949
14:57,99.784,99.784,99.7368,99.7368,2234
14:58,99.715,99.784,99.715,99.784,782
14:59,99.7382,99.7382,99.715,99.715,1404
15:00,99.7331,99.7382,99.7331,99.7382,1311
15:01,99.5649,99.7331,99.5649,99.7331,660
15:02,99.5712,99.5712,99.5649,99.5649,1326
15:03,99.7399,99.7399,99.5712,99.5712,663
15:04,99.8546,99.8546,99.7399,99.7399,394
15:05,99.712,99.8546,99.712,99.8546,1255
15:06,99.6104,99.712,99.6104,99.712,544
15:07,99.7712,99.7712,99.6104,99.6104,1192
15:08,99.7173,99.7712,99.7173,99.7712,799
15:09,99.7818,99.7818,99.7173,99.7173,1839
15:10,99.9684,99.9684,99.7818,99.7818,1496
15:11,99.8849,99.9684,99.8849,99.9684,875
15:12,99.8368,99.8849,99.8368,99.8849,808
15:13,99.9547,99.9547,99.8368,99.8368,674
15:14,99.9338,99.9547,99.9338,99.9547,891
15:15,100.089,100.089,99.9338,99.9338,948
15:16,100.0029,100.089,100.0029,100.089,926
15:17,100.02,100.02,100.0029,100.0029,1122
15:18,100.0434,100.0434,100.02,100.02,1314
15:19,99.9998,100.0434,99.9998,100.0434,1223
15:20,100.2351,100.2351,99.9998,99.9998,832
15:21,100.2742,100.2742,100.2351,100.2351,663
15:22,100.108,100.2742,100.108,100.2742,1813
15:23,99.9288,100.108,99.9288,100.108,888
15:24,99.9272,99.9288,99.9272,99.9288,914
15:25,100.1406,100.1406,99.9272,99.9272,974
15:26,100.0433,100.1406,100.0433,100.1406,622
15:27,100.0805,100.0805,100.0433,100.0433,1030
15:28,99.9804,100.0805,99.9804,100.0805,1054
15:29,99.9669,99.9804,99.9669,99.9804,1597
15:30,100.1785,100.1785,99.9669,99.9669,1689
15:31,100.3347,100.3347,100.1785,100.1785,1361
15:32,100.3699,100.3699,100.3347,100.3347,1956
15:33,100.4027,100.4027,100.3699,100.3699,1643
15:34,100.2078,100.4027,100.2078,100.4027,1506
15:35,100.2548,100.2548,100.2078,100.2078,1671
15:36,100.0984,100.2548,100.0984,100.2548,1543
15:37,100.2319,100.2319,100.0984,100.0984,1505
15:38,100.3584,100.3584,100.2319,100.2319,1656
15:39,100.2608,100.3584,100.2608,100.3584,1288
15:40,100.515,100.515,100.2608,100.2608,2246
15:41,100.4989,100.515,100.4989,100.515,1518
15:42,100.8336,100.8336,100.4989,100.4989,3096
15:43,100.9373,100.9373,100.8336,100.8336,2244
15:44,100.9696,100.9696,100.9373,100.9373,2671
15:45,100.8977,100.9696,100.8977,100.9696,3354
15:46,100.7914,100.8977,100.7914,100.8977,3804
15:47,100.7098,100.7914,100.7098,100.7914,1871
15:48,100.8418,100.8418,100.7098,100.7098,3277
15:49,100.8142,100.8418,100.8142,100.8418,5216
15:50,100.7349,100.8142,100.7349,100.8142,2268
15:51,100.7512,100.7512,100.7349,100.7349,5160
15:52,100.7191,100.7512,100.7191,100.7512,2200
15:53,100.8538,100.8538,100.7191,100.7191,3711
15:54,100.8112,100.8538,100.8112,100.8538,5897
15:55,100.6892,100.8112,100.6892,100.8112,3531
15:56,100.9235,100.9235,100.6892,100.6892,4898
15:57,101.0507,101.0507,100.9235,100.9235,4511
15:58,101.0666,101.0666,101.0507,101.0507,14929
15:59,101.0242,101.0666,101.0242,101.0666,9667
