Time,Close,High,Low,Open,Volume
09:30,99.9775,99.9941,99.9775,99.9941,18689
09:31,99.9182,99.9775,99.9182,99.9775,10511
09:32,99.9202,99.9202,99.9182,99.9182,11775
09:33,99.9108,99.9202,99.9108,99.9202,16820
09:34,99.9149,99.9149,99.9108,99.9108,13466
09:35,99.9135,99.9149,99.9135,99.9149,4493
09:36,99.9378,99.9378,99.9135,99.9135,8147
09:37,99.9087,99.9378,99.9087,99.9378,5054
09:38,99.9226,99.9226,99.9087,99.9087,4718
09:39,99.8912,99.9226,99.8912,99.9226,5203
09:40,99.8832,99.8912,99.8832,99.8912,4357
09:41,99.8865,99.8865,99.8832,99.8832,6393
09:42,99.9046,99.9046,99.8865,99.8865,4619
09:43,99.9546,99.9546,99.9046,99.9046,3408
09:44,99.9186,99.9546,99.9186,99.9546,3544
09:45,99.885,99.9186,99.885,99.9186,3169
09:46,99.8635,99.885,99.8635,99.885,4457
09:47,99.9338,99.9338,99.8635,99.8635,2280
09:48,99.9613,99.9613,99.9338,99.9338,2567
09:49,100.0393,100.0393,99.9613,99.9613,1594
09:50,100.0521,100.0521,100.0393,100.0393,823
09:51,100.0401,100.0521,100.0401,100.0521,2423
09:52,99.9883,100.0401,99.9883,100.0401,2474
09:53,99.9416,99.9883,99.9416,99.9883,1331
09:54,99.9772,99.9772,99.9416,99.9416,3691
09:55,99.92,99.9772,99.92,99.9772,943
09:56,99.9165,99.92,99.9165,99.92,1539
09:57,99.9063,99.9165,99.9063,99.9165,1363
09:58,99.9658,99.9658,99.9063,99.9063,2420
09:59,99.9633,99.9658,99.9633,99.9658,2289
10:00,100.0023,100.0023,99.9633,99.9633,1393
10:01,99.9579,100.0023,99.9579,100.0023,1466
10:02,99.8915,99.9579,99.8915,99.9579,912
10:03,99.8423,99.8915,99.8423,99.8915,605
10:04,99.8506,99.8506,99.8423,99.8423,1056
10:05,99.8675,99.8675,99.8506,99.8506,1239
10:06,99.8792,99.8792,99.8675,99.8675,1782
10:07,99.8449,99.8792,99.8449,99.8792,1736
10:08,99.8253,99.8449,99.8253,99.8449,974
10:09,99.8523,99.8523,99.8253,99.8253,992
10:10,99.8498,99.8523,99.8498,99.8523,752
10:11,99.8924,99.8924,99.8498,99.8498,653
10:12,99.8368,99.8924,99.8368,99.8924,585
10:13,99.8217,99.8368,99.8217,99.8368,2120
10:14,99.8308,99.8308,99.8217,99.8217,880
10:15,99.7309,99.8308,99.7309,99.8308,897
10:16,99.7403,99.7403,99.7309,99.7309,668
10:17,99.7667,99.7667,99.7403,99.7403,1365
10:18,99.7427,99.7667,99.7427,99.7667,582
10:19,99.7105,99.7427,99.7105,99.7427,953
10:20,99.7042,99.7105,99.7042,99.7105,746
10:21,99.7284,99.7284,99.7042,99.7042,1171
10:22,99.7448,99.7448,99.7284,99.7284,850
10:23,99.7951,99.7951,99.7448,99.7448,668
10:24,99.7949,99.7951,99.7949,99.7951,1004
10:25,99.7924,99.7949,99.7924,99.7949,1178
10:26,99.8376,99.8376,99.7924,99.7924,1034
10:27,99.8498,99.8498,99.8376,99.8376,1123
10:28,99.8379,99.8498,99.8379,99.8498,805
10:29,99.8223,99.8379,99.8223,99.8379,885
10:30,99.8457,99.8457,99.8223,99.8223,792
10:31,99.8215,99.8457,99.8215,99.8457,885
10:32,99.7935,99.8215,99.7935,99.8215,753
10:33,99.7948,99.7948,99.7935,99.7935,544
10:34,99.8031,99.8031,99.7948,99.7948,1068
10:35,99.8183,99.8183,99.8031,99.8031,870
10:36,99.796,99.8183,99.796,99.8183,562
10:37,99.79,99.796,99.79,99.796,1181
10:38,99.7777,99.79,99.7777,99.79,726
10:39,99.7951,99.7951,99.7777,99.7777,1020
10:40,99.8523,99.8523,99.7951,99.7951,1297
10:41,99.8507,99.8523,99.8507,99.8523,1048
10:42,99.8657,99.8657,99.8507,99.8507,1499
10:43,99.8142,99.8657,99.8142,99.8657,646
10:44,99.8679,99.8679,99.8142,99.8142,1154
10:45,99.9045,99.9045,99.8679,99.8679,785
10:46,99.9062,99.9062,99.9045,99.9045,735
10:47,99.9244,99.9244,99.9062,99.9062,815
10:48,99.8976,99.9244,99.8976,99.9244,896
10:49,99.9138,99.9138,99.8976,99.8976,1020
10:50,99.9118,99.9138,99.9118,99.9138,662
10:51,99.8777,99.9118,99.8777,99.9118,1376
10:52,99.8494,99.8777,99.8494,99.8777,1180
10:53,99.839,99.8494,99.839,99.8494,580
10:54,99.8259,99.839,99.8259,99.839,1695
10:55,99.8089,99.8259,99.8089,99.8259,1958
10:56,99.7713,99.8089,99.7713,99.8089,1519
10:57,99.7231,99.7713,99.7231,99.7713,938
10:58,99.6843,99.7231,99.6843,99.7231,684
10:59,99.6938,99.6938,99.6843,99.6843,1453
11:00,99.7185,99.7185,99.6938,99.6938,867
11:01,99.6884,99.7185,99.6884,99.7185,1542
11:02,99.6731,99.6884,99.6731,99.6884,1077
11:03,99.6648,99.6731,99.6648,99.6731,1414
11:04,99.7236,99.7236,99.6648,99.6648,1135
11:05,99.7713,99.7713,99.7236,99.7236,1285
11:06,99.749,99.7713,99.749,99.7713,1004
11:07,99.693,99.749,99.693,99.749,1883
11:08,99.7412,99.7412,99.693,99.693,1046
11:09,99.7871,99.7871,99.7412,99.7412,1153
11:10,99.7742,99.7871,99.7742,99.7871,1949
11:11,99.8234,99.8234,99.7742,99.7742,620
11:12,99.8202,99.8234,99.8202,99.8234,637
11:13,99.8078,99.8202,99.8078,99.8202,1410
11:14,99.7178,99.8078,99.7178,99.8078,660
11:15,99.76,99.76,99.7178,99.7178,1992
11:16,99.7604,99.7604,99.76,99.76,864
11:17,99.7509,99.7604,99.7509,99.7604,767
11:18,99.7164,99.7509,99.7164,99.7509,1977
11:19,99.6877,99.7164,99.6877,99.7164,1690
11:20,99.69,99.69,99.6877,99.6877,1939
11:21,99.6892,99.69,99.6892,99.69,1379
11:22,99.7187,99.7187,99.6892,99.6892,737
11:23,99.7139,99.7187,99.7139,99.7187,1968
11:24,99.6092,99.7139,99.6092,99.7139,909
11:25,99.5925,99.6092,99.5925,99.6092,1329
11:26,99.5964,99.5964,99.5925,99.5925,1399
11:27,99.5819,99.5964,99.5819,99.5964,947
11:28,99.5302,99.5819,99.5302,99.5819,1243
11:29,99.5161,99.5302,99.5161,99.5302,1387
11:30,99.5247,99.5247,99.5161,99.5161,1143
11:31,99.5394,99.5394,99.5247,99.5247,677
11:32,99.5742,99.5742,99.5394,99.5394,1112
11:33,99.5807,99.5807,99.5742,99.5742,1600
11:34,99.5652,99.5807,99.5652,99.5807,782
11:35,99.6167,99.6167,99.5652,99.5652,948
11:36,99.6407,99.6407,99.6167,99.6167,857
11:37,99.6458,99.6458,99.6407,99.6407,1926
11:38,99.6503,99.6503,99.6458,99.6458,1269
11:39,99.6762,99.6762,99.6503,99.6503,1155
11:40,99.706,99.706,99.6762,99.6762,761
11:41,99.7386,99.7386,99.706,99.706,1211
11:42,99.7014,99.7386,99.7014,99.7386,787
11:43,99.7611,99.7611,99.7014,99.7014,1011
11:44,99.7121,99.7611,99.7121,99.7611,798
11:45,99.7026,99.7121,99.7026,99.7121,1271
11:46,99.7294,99.7294,99.7026,99.7026,1227
11:47,99.7044,99.7294,99.7044,99.7294,929
11:48,99.7356,99.7356,99.7044,99.7044,1151
11:49,99.7114,99.7356,99.7114,99.7356,679
11:50,99.749,99.749,99.7114,99.7114,589
11:51,99.7573,99.7573,99.749,99.749,1169
11:52,99.7368,99.7573,99.7368,99.7573,1061
11:53,99.6854,99.7368,99.6854,99.7368,1252
11:54,99.6992,99.6992,99.6854,99.6854,2328
11:55,99.6915,99.6992,99.6915,99.6992,1398
11:56,99.6775,99.6915,99.6775,99.6915,724
11:57,99.6487,99.6775,99.6487,99.6775,1486
11:58,99.6117,99.6487,99.6117,99.6487,627
11:59,99.6464,99.6464,99.6117,99.6117,849
12:00,99.6311,99.6464,99.6311,99.6464,976
12:01,99.6299,99.6311,99.6299,99.6311,1836
12:02,99.6464,99.6464,99.6299,99.6299,768
12:03,99.6287,99.6464,99.6287,99.6464,746
12:04,99.6828,99.6828,99.6287,99.6287,966
12:05,99.6902,99.6902,99.6828,99.6828,790
12:06,99.6365,99.6902,99.6365,99.6902,1491
12:07,99.6286,99.6365,99.6286,99.6365,682
12:08,99.6674,99.6674,99.6286,99.6286,666
12:09,99.7017,99.7017,99.6674,99.6674,856
12:10,99.7247,99.7247,99.7017,99.7017,838
12:11,99.7468,99.7468,99.7247,99.7247,1982
12:12,99.7079,99.7468,99.7079,99.7468,1400
12:13,99.7147,99.7147,99.7079,99.7079,1032
12:14,99.6739,99.7147,99.6739,99.7147,648
12:15,99.6771,99.6771,99.6739,99.6739,1349
12:16,99.6537,99.6771,99.6537,99.6771,701
12:17,99.6423,99.6537,99.6423,99.6537,578
12:18,99.6657,99.6657,99.6423,99.6423,1524
12:19,99.6336,99.6657,99.6336,99.6657,1119
12:20,99.6499,99.6499,99.6336,99.6336,1386
12:21,99.6139,99.6499,99.6139,99.6499,1120
12:22,99.6331,99.6331,99.6139,99.6139,1355
12:23,99.6495,99.6495,99.6331,99.6331,794
12:24,99.6611,99.6611,99.6495,99.6495,693
12:25,99.6754,99.6754,99.6611,99.6611,1273
12:26,99.6654,99.6754,99.6654,99.6754,752
12:27,99.7029,99.7029,99.6654,99.6654,783
12:28,99.6485,99.7029,99.6485,99.7029,851
12:29,99.6222,99.6485,99.6222,99.6485,1006
12:30,99.6487,99.6487,99.6222,99.6222,882
12:31,99.6204,99.6487,99.6204,99.6487,614
12:32,99.6377,99.6377,99.6204,99.6204,796
12:33,99.5845,99.6377,99.5845,99.6377,455
12:34,99.5501,99.5845,99.5501,99.5845,1248
12:35,99.5484,99.5501,99.5484,99.5501,567
12:36,99.5182,99.5484,99.5182,99.5484,676
12:37,99.4871,99.5182,99.4871,99.5182,1019
12:38,99.5139,99.5139,99.4871,99.4871,769
12:39,99.5861,99.5861,99.5139,99.5139,1728
12:40,99.5711,99.5861,99.5711,99.5861,632
12:41,99.5403,99.5711,99.5403,99.5711,1099
12:42,99.5631,99.5631,99.5403,99.5403,986
12:43,99.5831,99.5831,99.5631,99.5631,661
12:44,99.5981,99.5981,99.5831,99.5831,1204
12:45,99.6019,99.6019,99.5981,99.5981,941
12:46,99.5357,99.6019,99.5357,99.6019,1315
12:47,99.5216,99.5357,99.5216,99.5357,1339
12:48,99.5177,99.5216,99.5177,99.5216,2153
12:49,99.5175,99.5177,99.5175,99.5177,1606
12:50,99.5548,99.5548,99.5175,99.5175,877
12:51,99.5567,99.5567,99.5548,99.5548,919
12:52,99.526,99.5567,99.526,99.5567,1477
12:53,99.5513,99.5513,99.526,99.526,1261
12:54,99.4795,99.5513,99.4795,99.5513,1255
12:55,99.5213,99.5213,99.4795,99.4795,564
12:56,99.5254,99.5254,99.5213,99.5213,991
12:57,99.5156,99.5254,99.5156,99.5254,770
12:58,99.5204,99.5204,99.5156,99.5156,1104
12:59,99.5652,99.5652,99.5204,99.5204,966
13:00,99.572,99.572,99.5652,99.5652,1381
13:01,99.5301,99.572,99.5301,99.572,1119
13:02,99.5208,99.5301,99.5208,99.5301,1321
13:03,99.4946,99.5208,99.4946,99.5208,848
13:04,99.5279,99.5279,99.4946,99.4946,715
13:05,99.4458,99.5279,99.4458,99.5279,865
13:06,99.3909,99.4458,99.3909,99.4458,994
13:07,99.3767,99.3909,99.3767,99.3909,1144
13:08,99.3895,99.3895,99.3767,99.3767,2228
13:09,99.4364,99.4364,99.3895,99.3895,985
13:10,99.4624,99.4624,99.4364,99.4364,713
13:11,99.4071,99.4624,99.4071,99.4624,885
13:12,99.4367,99.4367,99.4071,99.4071,848
13:13,99.4342,99.4367,99.4342,99.4367,1186
13:14,99.4385,99.4385,99.4342,99.4342,579
13:15,99.4678,99.4678,99.4385,99.4385,1023
13:16,99.4746,99.4746,99.4678,99.4678,1057
13:17,99.4482,99.4746,99.4482,99.4746,1086
13:18,99.4478,99.4482,99.4478,99.4482,809
13:19,99.4439,99.4478,99.4439,99.4478,919
13:20,99.4101,99.4439,99.4101,99.4439,604
13:21,99.4327,99.4327,99.4101,99.4101,840
13:22,99.4414,99.4414,99.4327,99.4327,825
13:23,99.3886,99.4414,99.3886,99.4414,1159
13:24,99.4311,99.4311,99.3886,99.3886,664
13:25,99.4206,99.4311,99.4206,99.4311,1319
13:26,99.4056,99.4206,99.4056,99.4206,1699
13:27,99.39,99.4056,99.39,99.4056,480
13:28,99.3945,99.3945,99.39,99.39,1163
13:29,99.4003,99.4003,99.3945,99.3945,1271
13:30,99.3571,99.4003,99.3571,99.4003,798
13:31,99.3248,99.3571,99.3248,99.3571,869
13:32,99.2569,99.3248,99.2569,99.3248,954
13:33,99.2693,99.2693,99.2569,99.2569,900
13:34,99.2873,99.2873,99.2693,99.2693,896
13:35,99.3233,99.3233,99.2873,99.2873,552
13:36,99.3021,99.3233,99.3021,99.3233,1505
13:37,99.3416,99.3416,99.3021,99.3021,1466
13:38,99.3538,99.3538,99.3416,99.3416,750
13:39,99.3777,99.3777,99.3538,99.3538,595
13:40,99.3511,99.3777,99.3511,99.3777,1203
13:41,99.2957,99.3511,99.2957,99.3511,815
13:42,99.3386,99.3386,99.2957,99.2957,1052
13:43,99.3206,99.3386,99.3206,99.3386,893
13:44,99.296,99.3206,99.296,99.3206,1278
13:45,99.3638,99.3638,99.296,99.296,1279
13:46,99.3644,99.3644,99.3638,99.3638,773
13:47,99.3528,99.3644,99.3528,99.3644,612
13:48,99.3129,99.3528,99.3129,99.3528,571
13:49,99.3491,99.3491,99.3129,99.3129,1242
13:50,99.368,99.368,99.3491,99.3491,656
13:51,99.3459,99.368,99.3459,99.368,836
13:52,99.3849,99.3849,99.3459,99.3459,809
13:53,99.3694,99.3849,99.3694,99.3849,982
13:54,99.3605,99.3694,99.3605,99.3694,503
13:55,99.3487,99.3605,99.3487,99.3605,1069
13:56,99.3158,99.3487,99.3158,99.3487,1204
13:57,99.3142,99.3158,99.3142,99.3158,1032
13:58,99.2816,99.3142,99.2816,99.3142,896
13:59,99.2721,99.2816,99.2721,99.2816,1035
14:00,99.2693,99.2721,99.2693,99.2721,1152
14:01,99.3039,99.3039,99.2693,99.2693,374
14:02,99.3073,99.3073,99.3039,99.3039,2000
14:03,99.301,99.3073,99.301,99.3073,1148
14:04,99.3058,99.3058,99.301,99.301,794
14:05,99.3291,99.3291,99.3058,99.3058,871
14:06,99.3566,99.3566,99.3291,99.3291,1191
14:07,99.366,99.366,99.3566,99.3566,960
14:08,99.4038,99.4038,99.366,99.366,487
14:09,99.3918,99.4038,99.3918,99.4038,2079
14:10,99.3887,99.3918,99.3887,99.3918,962
14:11,99.3949,99.3949,99.3887,99.3887,1436
14:12,99.4202,99.4202,99.3949,99.3949,782
14:13,99.4526,99.4526,99.4202,99.4202,1724
14:14,99.479,99.479,99.4526,99.4526,1107
14:15,99.4816,99.4816,99.479,99.479,1241
14:16,99.416,99.4816,99.416,99.4816,690
14:17,99.3924,99.416,99.3924,99.416,1536
14:18,99.4331,99.4331,99.3924,99.3924,1277
14:19,99.4712,99.4712,99.4331,99.4331,1586
14:20,99.4682,99.4712,99.4682,99.4712,800
14:21,99.4903,99.4903,99.4682,99.4682,843
14:22,99.4773,99.4903,99.4773,99.4903,2263
14:23,99.478,99.478,99.4773,99.4773,687
14:24,99.4445,99.478,99.4445,99.478,953
14:25,99.4463,99.4463,99.4445,99.4445,1496
14:26,99.3644,99.4463,99.3644,99.4463,1035
14:27,99.3847,99.3847,99.3644,99.3644,1230
14:28,99.4092,99.4092,99.3847,99.3847,868
14:29,99.3615,99.4092,99.3615,99.4092,1140
14:30,99.3535,99.3615,99.3535,99.3615,629
14:31,99.3451,99.3535,99.3451,99.3535,1800
14:32,99.3081,99.3451,99.3081,99.3451,959
14:33,99.3556,99.3556,99.3081,99.3081,786
14:34,99.3938,99.3938,99.3556,99.3556,1267
14:35,99.3596,99.3938,99.3596,99.3938,849
14:36,99.3239,99.3596,99.3239,99.3596,623
14:37,99.3483,99.3483,99.3239,99.3239,620
14:38,99.2995,99.3483,99.2995,99.3483,1279
14:39,99.3748,99.3748,99.2995,99.2995,945
14:40,99.3959,99.3959,99.3748,99.3748,954
14:41,99.3299,99.3959,99.3299,99.3959,1466
14:42,99.3013,99.3299,99.3013,99.3299,671
14:43,99.2725,99.3013,99.2725,99.3013,772
14:44,99.3011,99.3011,99.2725,99.2725,873
14:45,99.2442,99.3011,99.2442,99.3011,1035
14:46,99.2574,99.2574,99.2442,99.2442,986
14:47,99.1911,99.2574,99.1911,99.2574,904
14:48,99.1785,99.1911,99.1785,99.1911,979
14:49,99.1827,99.1827,99.1785,99.1785,964
14:50,99.1756,99.1827,99.1756,99.1827,776
14:51,99.1433,99.1756,99.1433,99.1756,751
14:52,99.0778,99.1433,99.0778,99.1433,1104
14:53,99.0835,99.0835,99.0778,99.0778,731
14:54,99.0813,99.0835,99.0813,99.0835,665
14:55,99.026,99.0813,99.026,99.0813,898
14:56,99.0014,99.026,99.0014,99.026,949
14:57,99.0699,99.0699,99.0014,99.0014,2234
14:58,99.0862,99.0862,99.0699,99.0699,782
14:59,99.1185,99.1185,99.0862,99.0862,1404
15:00,99.1311,99.1311,99.1185,99.1185,1311
15:01,99.0922,99.1311,99.0922,99.1311,660
15:02,99.058,99.0922,99.058,99.0922,1326
15:03,99.0864,99.0864,99.058,99.058,663
15:04,99.098,99.098,99.0864,99.0864,394
15:05,99.1057,99.1057,99.098,99.098,1255
15:06,99.0852,99.1057,99.0852,99.1057,544
15:07,99.1456,99.1456,99.0852,99.0852,1192
15:08,99.139,99.1456,99.139,99.1456,799
15:09,99.1247,99.139,99.1247,99.139,1839
15:10,99.1243,99.1247,99.1243,99.1247,1496
15:11,99.0581,99.1243,99.0581,99.1243,875
15:12,99.0808,99.0808,99.0581,99.0581,808
15:13,99.0968,99.0968,99.0808,99.0808,674
15:14,99.0126,99.0968,99.0126,99.0968,891
15:15,99.0481,99.0481,99.0126,99.0126,948
15:16,99.0332,99.0481,99.0332,99.0481,926
15:17,99.0016,99.0332,99.0016,99.0332,1122
15:18,99.0538,99.0538,99.0016,99.0016,1314
15:19,99.0031,99.0538,99.0031,99.0538,1223
15:20,98.9935,99.0031,98.9935,99.0031,832
15:21,98.9819,98.9935,98.9819,98.9935,663
15:22,99.0097,99.0097,98.9819,98.9819,1813
15:23,99.0285,99.0285,99.0097,99.0097,888
15:24,98.9885,99.0285,98.9885,99.0285,914
15:25,99.0001,99.0001,98.9885,98.9885,974
15:26,98.9465,99.0001,98.9465,99.0001,622
15:27,98.9089,98.9465,98.9089,98.9465,1030
15:28,98.8568,98.9089,98.8568,98.9089,1054
15:29,98.8572,98.8572,98.8568,98.8568,1597
15:30,98.8958,98.8958,98.8572,98.8572,1689
15:31,98.8772,98.8958,98.8772,98.8958,1361
15:32,98.8638,98.8772,98.8638,98.8772,1956
15:33,98.8594,98.8638,98.8594,98.8638,1643
15:34,98.8945,98.8945,98.8594,98.8594,1506
15:35,98.8783,98.8945,98.8783,98.8945,1671
15:36,98.8324,98.8783,98.8324,98.8783,1543
15:37,98.8577,98.8577,98.8324,98.8324,1505
15:38,98.8047,98.8577,98.8047,98.8577,1656
15:39,98.8481,98.8481,98.8047,98.8047,1288
15:40,98.7988,98.8481,98.7988,98.8481,2246
15:41,98.8301,98.8301,98.7988,98.7988,1518
15:42,98.8516,98.8516,98.8301,98.8301,3096
15:43,98.8237,98.8516,98.8237,98.8516,2244
15:44,98.802,98.8237,98.802,98.8237,2671
15:45,98.8447,98.8447,98.802,98.802,3354
15:46,98.8317,98.8447,98.8317,98.8447,3804
15:47,98.7989,98.8317,98.7989,98.8317,1871
15:48,98.7763,98.7989,98.7763,98.7989,3277
15:49,98.8157,98.8157,98.7763,98.7763,5216
15:50,98.8174,98.8174,98.8157,98.8157,2268
15:51,98.7954,98.8174,98.7954,98.8174,5160
15:52,98.7968,98.7968,98.7954,98.7954,2200
15:53,98.8133,98.8133,98.7968,98.7968,3711
15:54,98.8008,98.8133,98.8008,98.8133,5897
15:55,98.77,98.8008,98.77,98.8008,3531
15:56,98.8223,98.8223,98.77,98.77,4898
15:57,98.84,98.84,98.8223,98.8223,4511
15:58,98.9206,98.9206,98.84,98.84,14929
15:59,98.8155,98.9206,98.8155,98.9206,9667
