Time,Close,High,Low,Open,Volume
09:30,100.0657,100.0657,100.0435,100.0435,18689
09:31,100.0862,100.0862,100.0657,100.0657,10511
09:32,100.0404,100.0862,100.0404,100.0862,11775
09:33,100.0572,100.0572,100.0404,100.0404,16820
09:34,100.05,100.0572,100.05,100.0572,13466
09:35,100.0514,100.0514,100.05,100.05,4493
09:36,100.0802,100.0802,100.0514,100.0514,8147
09:37,100.0775,100.0802,100.0775,100.0802,5054
09:38,100.0627,100.0775,100.0627,100.0775,4718
09:39,100.0098,100.0627,100.0098,100.0627,5203
09:40,100.0506,100.0506,100.0098,100.0098,4357
09:41,100.0541,100.0541,100.0506,100.0506,6393
09:42,100.0549,100.0549,100.0541,100.0541,4619
09:43,100.043,100.0549,100.043,100.0549,3408
09:44,100.0023,100.043,100.0023,100.043,3544
09:45,99.987,100.0023,99.987,100.0023,3169
09:46,99.9323,99.987,99.9323,99.987,4457
09:47,99.9571,99.9571,99.9323,99.9323,2280
09:48,99.9295,99.9571,99.9295,99.9571,2567
09:49,99.9501,99.9501,99.9295,99.9295,1594
09:50,99.9429,99.9501,99.9429,99.9501,823
09:51,99.9986,99.9986,99.9429,99.9429,2423
09:52,100.0363,100.0363,99.9986,99.9986,2474
09:53,100.0497,100.0497,100.0363,100.0363,1331
09:54,100.0395,100.0497,100.0395,100.0497,3691
09:55,99.9848,100.0395,99.9848,100.0395,943
09:56,99.9675,99.9848,99.9675,99.9848,1539
09:57,99.9396,99.9675,99.9396,99.9675,1363
09:58,99.9431,99.9431,99.9396,99.9396,2420
09:59,99.9825,99.9825,99.9431,99.9431,2289
10:00,99.927,99.9825,99.927,99.9825,1393
10:01,99.9712,99.9712,99.927,99.927,1466
10:02,100.0092,100.0092,99.9712,99.9712,912
10:03,100.0362,100.0362,100.0092,100.0092,605
10:04,100.0166,100.0362,100.0166,100.0362,1056
10:05,100.0013,100.0166,100.0013,100.0166,1239
10:06,100.0307,100.0307,100.0013,100.0013,1782
10:07,100.0012,100.0307,100.0012,100.0307,1736
10:08,99.9916,100.0012,99.9916,100.0012,974
10:09,99.9585,99.9916,99.9585,99.9916,992
10:10,99.9409,99.9585,99.9409,99.9585,752
10:11,99.9522,99.9522,99.9409,99.9409,653
10:12,99.9571,99.9571,99.9522,99.9522,585
10:13,100.054,100.054,99.9571,99.9571,2120
10:14,100.0309,100.054,100.0309,100.054,880
10:15,100.0659,100.0659,100.0309,100.0309,897
10:16,100.0542,100.0659,100.0542,100.0659,668
10:17,100.0577,100.0577,100.0542,100.0542,1365
10:18,100.1408,100.1408,100.0577,100.0577,582
10:19,100.1677,100.1677,100.1408,100.1408,953
10:20,100.1364,100.1677,100.1364,100.1677,746
10:21,100.1184,100.1364,100.1184,100.1364,1171
10:22,100.1372,100.1372,100.1184,100.1184,850
10:23,100.1208,100.1372,100.1208,100.1372,668
10:24,100.1305,100.1305,100.1208,100.1208,1004
10:25,100.1405,100.1405,100.1305,100.1305,1178
10:26,100.132,100.1405,100.132,100.1405,1034
10:27,100.0911,100.132,100.0911,100.132,1123
10:28,100.1355,100.1355,100.0911,100.0911,805
10:29,100.1502,100.1502,100.1355,100.1355,885
10:30,100.1432,100.1502,100.1432,100.1502,792
10:31,100.1414,100.1432,100.1414,100.1432,885
10:32,100.1017,100.1414,100.1017,100.1414,753
10:33,100.0979,100.1017,100.0979,100.1017,544
10:34,100.0981,100.0981,100.0979,100.0979,1068
10:35,100.0936,100.0981,100.0936,100.0981,870
10:36,100.1132,100.1132,100.0936,100.0936,562
10:37,100.1462,100.1462,100.1132,100.1132,1181
10:38,100.2142,100.2142,100.1462,100.1462,726
10:39,100.2159,100.2159,100.2142,100.2142,1020
10:40,100.2451,100.2451,100.2159,100.2159,1297
10:41,100.2297,100.2451,100.2297,100.2451,1048
10:42,100.2401,100.2401,100.2297,100.2297,1499
10:43,100.3039,100.3039,100.2401,100.2401,646
10:44,100.2557,100.3039,100.2557,100.3039,1154
10:45,100.236,100.2557,100.236,100.2557,785
10:46,100.2587,100.2587,100.236,100.236,735
10:47,100.2814,100.2814,100.2587,100.2587,815
10:48,100.2693,100.2814,100.2693,100.2814,896
10:49,100.222,100.2693,100.222,100.2693,1020
10:50,100.2622,100.2622,100.222,100.222,662
10:51,100.3327,100.3327,100.2622,100.2622,1376
10:52,100.2635,100.3327,100.2635,100.3327,1180
10:53,100.211,100.2635,100.211,100.2635,580
10:54,100.2171,100.2171,100.211,100.211,1695
10:55,100.1809,100.2171,100.1809,100.2171,1958
10:56,100.151,100.1809,100.151,100.1809,1519
10:57,100.146,100.151,100.146,100.151,938
10:58,100.1101,100.146,100.1101,100.146,684
10:59,100.0755,100.1101,100.0755,100.1101,1453
11:00,100.0758,100.0758,100.0755,100.0755,867
11:01,100.0821,100.0821,100.0758,100.0758,1542
11:02,100.0383,100.0821,100.0383,100.0821,1077
11:03,100.0688,100.0688,100.0383,100.0383,1414
11:04,100.101,100.101,100.0688,100.0688,1135
11:05,100.0779,100.101,100.0779,100.101,1285
11:06,100.1342,100.1342,100.0779,100.0779,1004
11:07,100.1777,100.1777,100.1342,100.1342,1883
11:08,100.1997,100.1997,100.1777,100.1777,1046
11:09,100.2171,100.2171,100.1997,100.1997,1153
11:10,100.2034,100.2171,100.2034,100.2171,1949
11:11,100.1866,100.2034,100.1866,100.2034,620
11:12,100.2492,100.2492,100.1866,100.1866,637
11:13,100.2389,100.2492,100.2389,100.2492,1410
11:14,100.2092,100.2389,100.2092,100.2389,660
11:15,100.189,100.2092,100.189,100.2092,1992
11:16,100.2048,100.2048,100.189,100.189,864
11:17,100.2188,100.2188,100.2048,100.2048,767
11:18,100.2335,100.2335,100.2188,100.2188,1977
11:19,100.177,100.2335,100.177,100.2335,1690
11:20,100.1532,100.177,100.1532,100.177,1939
11:21,100.165,100.165,100.1532,100.1532,1379
11:22,100.1605,100.165,100.1605,100.165,737
11:23,100.1781,100.1781,100.1605,100.1605,1968
11:24,100.163,100.1781,100.163,100.1781,909
11:25,100.0896,100.163,100.0896,100.163,1329
11:26,100.1112,100.1112,100.0896,100.0896,1399
11:27,100.1686,100.1686,100.1112,100.1112,947
11:28,100.1406,100.1686,100.1406,100.1686,1243
11:29,100.1366,100.1406,100.1366,100.1406,1387
11:30,100.121,100.1366,100.121,100.1366,1143
11:31,100.1408,100.1408,100.121,100.121,677
11:32,100.1662,100.1662,100.1408,100.1408,1112
11:33,100.1928,100.1928,100.1662,100.1662,1600
11:34,100.2093,100.2093,100.1928,100.1928,782
11:35,100.1974,100.2093,100.1974,100.2093,948
11:36,100.2012,100.2012,100.1974,100.1974,857
11:37,100.1816,100.2012,100.1816,100.2012,1926
11:38,100.1199,100.1816,100.1199,100.1816,1269
11:39,100.15,100.15,100.1199,100.1199,1155
11:40,100.173,100.173,100.15,100.15,761
11:41,100.1734,100.1734,100.173,100.173,1211
11:42,100.186,100.186,100.1734,100.1734,787
11:43,100.1767,100.186,100.1767,100.186,1011
11:44,100.1148,100.1767,100.1148,100.1767,798
11:45,100.1522,100.1522,100.1148,100.1148,1271
11:46,100.1494,100.1522,100.1494,100.1522,1227
11:47,100.1199,100.1494,100.1199,100.1494,929
11:48,100.1119,100.1199,100.1119,100.1199,1151
11:49,100.1258,100.1258,100.1119,100.1119,679
11:50,100.1507,100.1507,100.1258,100.1258,589
11:51,100.0983,100.1507,100.0983,100.1507,1169
11:52,100.0799,100.0983,100.0799,100.0983,1061
11:53,100.1133,100.1133,100.0799,100.0799,1252
11:54,100.1118,100.1133,100.1118,100.1133,2328
11:55,100.134,100.134,100.1118,100.1118,1398
11:56,100.1975,100.1975,100.134,100.134,724
11:57,100.2354,100.2354,100.1975,100.1975,1486
11:58,100.2847,100.2847,100.2354,100.2354,627
11:59,100.2859,100.2859,100.2847,100.2847,849
12:00,100.2897,100.2897,100.2859,100.2859,976
12:01,100.2617,100.2897,100.2617,100.2897,1836
12:02,100.3189,100.3189,100.2617,100.2617,768
12:03,100.2983,100.3189,100.2983,100.3189,746
12:04,100.2903,100.2983,100.2903,100.2983,966
12:05,100.3031,100.3031,100.2903,100.2903,790
12:06,100.3181,100.3181,100.3031,100.3031,1491
12:07,100.3323,100.3323,100.3181,100.3181,682
12:08,100.3185,100.3323,100.3185,100.3323,666
12:09,100.34,100.34,100.3185,100.3185,856
12:10,100.3602,100.3602,100.34,100.34,838
12:11,100.3468,100.3602,100.3468,100.3602,1982
12:12,100.344,100.3468,100.344,100.3468,1400
12:13,100.3359,100.344,100.3359,100.344,1032
12:14,100.375,100.375,100.3359,100.3359,648
12:15,100.4252,100.4252,100.375,100.375,1349
12:16,100.3775,100.4252,100.3775,100.4252,701
12:17,100.3774,100.3775,100.3774,100.3775,578
12:18,100.2998,100.3774,100.2998,100.3774,1524
12:19,100.2892,100.2998,100.2892,100.2998,1119
12:20,100.2692,100.2892,100.2692,100.2892,1386
12:21,100.2928,100.2928,100.2692,100.2692,1120
12:22,100.2601,100.2928,100.2601,100.2928,1355
12:23,100.2379,100.2601,100.2379,100.2601,794
12:24,100.2986,100.2986,100.2379,100.2379,693
12:25,100.347,100.347,100.2986,100.2986,1273
12:26,100.3444,100.347,100.3444,100.347,752
12:27,100.3815,100.3815,100.3444,100.3444,783
12:28,100.4357,100.4357,100.3815,100.3815,851
12:29,100.4734,100.4734,100.4357,100.4357,1006
12:30,100.4626,100.4734,100.4626,100.4734,882
12:31,100.4564,100.4626,100.4564,100.4626,614
12:32,100.401,100.4564,100.401,100.4564,796
12:33,100.4314,100.4314,100.401,100.401,455
12:34,100.4244,100.4314,100.4244,100.4314,1248
12:35,100.3996,100.4244,100.3996,100.4244,567
12:36,100.4216,100.4216,100.3996,100.3996,676
12:37,100.4284,100.4284,100.4216,100.4216,1019
12:38,100.4741,100.4741,100.4284,100.4284,769
12:39,100.5228,100.5228,100.4741,100.4741,1728
12:40,100.4925,100.5228,100.4925,100.5228,632
12:41,100.4836,100.4925,100.4836,100.4925,1099
12:42,100.433,100.4836,100.433,100.4836,986
12:43,100.4397,100.4397,100.433,100.433,661
12:44,100.4626,100.4626,100.4397,100.4397,1204
12:45,100.4591,100.4626,100.4591,100.4626,941
12:46,100.4192,100.4591,100.4192,100.4591,1315
12:47,100.3912,100.4192,100.3912,100.4192,1339
12:48,100.3742,100.3912,100.3742,100.3912,2153
12:49,100.3967,100.3967,100.3742,100.3742,1606
12:50,100.4264,100.4264,100.3967,100.3967,877
12:51,100.475,100.475,100.4264,100.4264,919
12:52,100.4397,100.475,100.4397,100.475,1477
12:53,100.3969,100.4397,100.3969,100.4397,1261
12:54,100.4329,100.4329,100.3969,100.3969,1255
12:55,100.4784,100.4784,100.4329,100.4329,564
12:56,100.4482,100.4784,100.4482,100.4784,991
12:57,100.4393,100.4482,100.4393,100.4482,770
12:58,100.4873,100.4873,100.4393,100.4393,1104
12:59,100.4925,100.4925,100.4873,100.4873,966
13:00,100.4891,100.4925,100.4891,100.4925,1381
13:01,100.5123,100.5123,100.4891,100.4891,1119
13:02,100.4848,100.5123,100.4848,100.5123,1321
13:03,100.5028,100.5028,100.4848,100.4848,848
13:04,100.5045,100.5045,100.5028,100.5028,715
13:05,100.5185,100.5185,100.5045,100.5045,865
13:06,100.5385,100.5385,100.5185,100.5185,994
13:07,100.5133,100.5385,100.5133,100.5385,1144
13:08,100.5211,100.5211,100.5133,100.5133,2228
13:09,100.5153,100.5211,100.5153,100.5211,985
13:10,100.5027,100.5153,100.5027,100.5153,713
13:11,100.5431,100.5431,100.5027,100.5027,885
13:12,100.5928,100.5928,100.5431,100.5431,848
13:13,100.5853,100.5928,100.5853,100.5928,1186
13:14,100.6158,100.6158,100.5853,100.5853,579
13:15,100.5916,100.6158,100.5916,100.6158,1023
13:16,100.6094,100.6094,100.5916,100.5916,1057
13:17,100.6064,100.6094,100.6064,100.6094,1086
13:18,100.6241,100.6241,100.6064,100.6064,809
13:19,100.708,100.708,100.6241,100.6241,919
13:20,100.7199,100.7199,100.708,100.708,604
13:21,100.7861,100.7861,100.7199,100.7199,840
13:22,100.8244,100.8244,100.7861,100.7861,825
13:23,100.8694,100.8694,100.8244,100.8244,1159
13:24,100.8339,100.8694,100.8339,100.8694,664
13:25,100.8189,100.8339,100.8189,100.8339,1319
13:26,100.7922,100.8189,100.7922,100.8189,1699
13:27,100.7413,100.7922,100.7413,100.7922,480
13:28,100.6972,100.7413,100.6972,100.7413,1163
13:29,100.6597,100.6972,100.6597,100.6972,1271
13:30,100.6385,100.6597,100.6385,100.6597,798
13:31,100.6701,100.6701,100.6385,100.6385,869
13:32,100.6888,100.6888,100.6701,100.6701,954
13:33,100.7334,100.7334,100.6888,100.6888,900
13:34,100.7046,100.7334,100.7046,100.7334,896
13:35,100.6706,100.7046,100.6706,100.7046,552
13:36,100.6747,100.6747,100.6706,100.6706,1505
13:37,100.6401,100.6747,100.6401,100.6747,1466
13:38,100.6511,100.6511,100.6401,100.6401,750
13:39,100.6379,100.6511,100.6379,100.6511,595
13:40,100.5842,100.6379,100.5842,100.6379,1203
13:41,100.5369,100.5842,100.5369,100.5842,815
13:42,100.588,100.588,100.5369,100.5369,1052
13:43,100.6136,100.6136,100.588,100.588,893
13:44,100.5814,100.6136,100.5814,100.6136,1278
13:45,100.5649,100.5814,100.5649,100.5814,1279
13:46,100.5723,100.5723,100.5649,100.5649,773
13:47,100.5626,100.5723,100.5626,100.5723,612
13:48,100.5688,100.5688,100.5626,100.5626,571
13:49,100.6388,100.6388,100.5688,100.5688,1242
13:50,100.6308,100.6388,100.6308,100.6388,656
13:51,100.691,100.691,100.6308,100.6308,836
13:52,100.6822,100.691,100.6822,100.691,809
13:53,100.7329,100.7329,100.6822,100.6822,982
13:54,100.7704,100.7704,100.7329,100.7329,503
13:55,100.7463,100.7704,100.7463,100.7704,1069
13:56,100.7356,100.7463,100.7356,100.7463,1204
13:57,100.696,100.7356,100.696,100.7356,1032
13:58,100.6532,100.696,100.6532,100.696,896
13:59,100.6796,100.6796,100.6532,100.6532,1035
14:00,100.6791,100.6796,100.6791,100.6796,1152
14:01,100.68,100.68,100.6791,100.6791,374
14:02,100.6419,100.68,100.6419,100.68,2000
14:03,100.6194,100.6419,100.6194,100.6419,1148
14:04,100.5929,100.6194,100.5929,100.6194,794
14:05,100.5901,100.5929,100.5901,100.5929,871
14:06,100.5637,100.5901,100.5637,100.5901,1191
14:07,100.5418,100.5637,100.5418,100.5637,960
14:08,100.5271,100.5418,100.5271,100.5418,487
14:09,100.5336,100.5336,100.5271,100.5271,2079
14:10,100.5555,100.5555,100.5336,100.5336,962
14:11,100.5352,100.5555,100.5352,100.5555,1436
14:12,100.5959,100.5959,100.5352,100.5352,782
14:13,100.5827,100.5959,100.5827,100.5959,1724
14:14,100.5859,100.5859,100.5827,100.5827,1107
14:15,100.5954,100.5954,100.5859,100.5859,1241
14:16,100.6185,100.6185,100.5954,100.5954,690
14:17,100.6526,100.6526,100.6185,100.6185,1536
14:18,100.6967,100.6967,100.6526,100.6526,1277
14:19,100.742,100.742,100.6967,100.6967,1586
14:20,100.7297,100.742,100.7297,100.742,800
14:21,100.7742,100.7742,100.7297,100.7297,843
14:22,100.738,100.7742,100.738,100.7742,2263
14:23,100.7226,100.738,100.7226,100.738,687
14:24,100.7084,100.7226,100.7084,100.7226,953
14:25,100.7361,100.7361,100.7084,100.7084,1496
14:26,100.7235,100.7361,100.7235,100.7361,1035
14:27,100.774,100.774,100.7235,100.7235,1230
14:28,100.7962,100.7962,100.774,100.774,868
14:29,100.8328,100.8328,100.7962,100.7962,1140
14:30,100.8722,100.8722,100.8328,100.8328,629
14:31,100.8787,100.8787,100.8722,100.8722,1800
14:32,100.8627,100.8787,100.8627,100.8787,959
14:33,100.8465,100.8627,100.8465,100.8627,786
14:34,100.8083,100.8465,100.8083,100.8465,1267
14:35,100.8327,100.8327,100.8083,100.8083,849
14:36,100.8125,100.8327,100.8125,100.8327,623
14:37,100.7766,100.8125,100.7766,100.8125,620
14:38,100.8019,100.8019,100.7766,100.7766,1279
14:39,100.8029,100.8029,100.8019,100.8019,945
14:40,100.803,100.803,100.8029,100.8029,954
14:41,100.7339,100.803,100.7339,100.803,1466
14:42,100.7161,100.7339,100.7161,100.7339,671
14:43,100.7285,100.7285,100.7161,100.7161,772
14:44,100.7399,100.7399,100.7285,100.7285,873
14:45,100.7731,100.7731,100.7399,100.7399,1035
14:46,100.753,100.7731,100.753,100.7731,986
14:47,100.7529,100.753,100.7529,100.753,904
14:48,100.8077,100.8077,100.7529,100.7529,979
14:49,100.7769,100.8077,100.7769,100.8077,964
14:50,100.7624,100.7769,100.7624,100.7769,776
14:51,100.6992,100.7624,100.6992,100.7624,751
14:52,100.6715,100.6992,100.6715,100.6992,1104
14:53,100.6981,100.6981,100.6715,100.6715,731
14:54,100.7566,100.7566,100.6981,100.6981,665
14:55,100.7187,100.7566,100.7187,100.7566,898
14:56,100.6731,100.7187,100.6731,100.7187,949
14:57,100.6944,100.6944,100.6731,100.6731,2234
14:58,100.6949,100.6949,100.6944,100.6944,782
14:59,100.713,100.713,100.6949,100.6949,1404
15:00,100.7036,100.713,100.7036,100.713,1311
15:01,100.675,100.7036,100.675,100.7036,660
15:02,100.6956,100.6956,100.675,100.675,1326
15:03,100.6841,100.6956,100.6841,100.6956,663
15:04,100.7109,100.7109,100.6841,100.6841,394
15:05,100.6729,100.7109,100.6729,100.7109,1255
15:06,100.6427,100.6729,100.6427,100.6729,544
15:07,100.6552,100.6552,100.6427,100.6427,1192
15:08,100.6088,100.6552,100.6088,100.6552,799
15:09,100.6654,100.6654,100.6088,100.6088,1839
15:10,100.6396,100.6654,100.6396,100.6654,1496
15:11,100.6728,100.6728,100.6396,100.6396,875
15:12,100.7132,100.7132,100.6728,100.6728,808
15:13,100.663,100.7132,100.663,100.7132,674
15:14,100.6884,100.6884,100.663,100.663,891
15:15,100.6794,100.6884,100.6794,100.6884,948
15:16,100.645,100.6794,100.645,100.6794,926
15:17,100.6125,100.645,100.6125,100.645,1122
15:18,100.6156,100.6156,100.6125,100.6125,1314
15:19,100.5809,100.6156,100.5809,100.6156,1223
15:20,100.6113,100.6113,100.5809,100.5809,832
15:21,100.6152,100.6152,100.6113,100.6113,663
15:22,100.6612,100.6612,100.6152,100.6152,1813
15:23,100.634,100.6612,100.634,100.6612,888
15:24,100.6403,100.6403,100.634,100.634,914
15:25,100.6916,100.6916,100.6403,100.6403,974
15:26,100.6546,100.6916,100.6546,100.6916,622
15:27,100.682,100.682,100.6546,100.6546,1030
15:28,100.7031,100.7031,100.682,100.682,1054
15:29,100.6611,100.7031,100.6611,100.7031,1597
15:30,100.6802,100.6802,100.6611,100.6611,1689
15:31,100.6565,100.6802,100.6565,100.6802,1361
15:32,100.6501,100.6565,100.6501,100.6565,1956
15:33,100.6656,100.6656,100.6501,100.6501,1643
15:34,100.6922,100.6922,100.6656,100.6656,1506
15:35,100.6863,100.6922,100.6863,100.6922,1671
15:36,100.7364,100.7364,100.6863,100.6863,1543
15:37,100.7648,100.7648,100.7364,100.7364,1505
15:38,100.7555,100.7648,100.7555,100.7648,1656
15:39,100.7507,100.7555,100.7507,100.7555,1288
15:40,100.7747,100.7747,100.7507,100.7507,2246
15:41,100.7971,100.7971,100.7747,100.7747,1518
15:42,100.7959,100.7971,100.7959,100.7971,3096
15:43,100.8001,100.8001,100.7959,100.7959,2244
15:44,100.7751,100.8001,100.7751,100.8001,2671
15:45,100.748,100.7751,100.748,100.7751,3354
15:46,100.7391,100.748,100.7391,100.748,3804
15:47,100.7691,100.7691,100.7391,100.7391,1871
15:48,100.876,100.876,100.7691,100.7691,3277
15:49,100.909,100.909,100.876,100.876,5216
15:50,100.9112,100.9112,100.909,100.909,2268
15:51,100.9286,100.9286,100.9112,100.9112,5160
15:52,100.9623,100.9623,100.9286,100.9286,2200
15:53,100.9878,100.9878,100.9623,100.9623,3711
15:54,100.9901,100.9901,100.9878,100.9878,5897
15:55,100.9781,100.9901,100.9781,100.9901,3531
15:56,100.9559,100.9781,100.9559,100.9781,4898
15:57,101.0214,101.0214,100.9559,100.9559,4511
15:58,101.0503,101.0503,101.0214,101.0214,14929
15:59,101.0166,101.0503,101.0166,101.0503,9667
