Time,Close,High,Low,Open,Volume
09:30,100.0498,100.0498,100.0121,100.0121,18689
09:31,99.9671,100.0498,99.9671,100.0498,10511
09:32,100.0639,100.0639,99.9671,99.9671,11775
09:33,100.0919,100.0919,100.0639,100.0639,16820
09:34,100.12,100.12,100.0919,100.0919,13466
09:35,100.1227,100.1227,100.12,100.12,4493
09:36,100.2358,100.2358,100.1227,100.1227,8147
09:37,100.0937,100.2358,100.0937,100.2358,5054
09:38,99.9451,100.0937,99.9451,100.0937,4718
09:39,99.9122,99.9451,99.9122,99.9451,5203
09:40,99.8325,99.9122,99.8325,99.9122,4357
09:41,99.8605,99.8605,99.8325,99.8325,6393
09:42,99.7774,99.8605,99.7774,99.8605,4619
09:43,99.7091,99.7774,99.7091,99.7774,3408
09:44,99.7643,99.7643,99.7091,99.7091,3544
09:45,99.7568,99.7643,99.7568,99.7643,3169
09:46,99.8797,99.8797,99.7568,99.7568,4457
09:47,99.7823,99.8797,99.7823,99.8797,2280
09:48,99.8822,99.8822,99.7823,99.7823,2567
09:49,99.8274,99.8822,99.8274,99.8822,1594
09:50,99.8074,99.8274,99.8074,99.8274,823
09:51,99.8252,99.8252,99.8074,99.8074,2423
09:52,99.7912,99.8252,99.7912,99.8252,2474
09:53,99.7715,99.7912,99.7715,99.7912,1331
09:54,99.7865,99.7865,99.7715,99.7715,3691
09:55,99.8004,99.8004,99.7865,99.7865,943
09:56,99.7721,99.8004,99.7721,99.8004,1539
09:57,99.7581,99.7721,99.7581,99.7721,1363
09:58,99.6608,99.7581,99.6608,99.7581,2420
09:59,99.7398,99.7398,99.6608,99.6608,2289
10:00,99.6698,99.7398,99.6698,99.7398,1393
10:01,99.7176,99.7176,99.6698,99.6698,1466
10:02,99.7825,99.7825,99.7176,99.7176,912
10:03,99.7507,99.7825,99.7507,99.7825,605
10:04,99.7175,99.7507,99.7175,99.7507,1056
10:05,99.6869,99.7175,99.6869,99.7175,1239
10:06,99.6712,99.6869,99.6712,99.6869,1782
10:07,99.6834,99.6834,99.6712,99.6712,1736
10:08,99.7196,99.7196,99.6834,99.6834,974
10:09,99.5501,99.7196,99.5501,99.7196,992
10:10,99.5258,99.5501,99.5258,99.5501,752
10:11,99.5895,99.5895,99.5258,99.5258,653
10:12,99.5514,99.5895,99.5514,99.5895,585
10:13,99.5337,99.5514,99.5337,99.5514,2120
10:14,99.4225,99.5337,99.4225,99.5337,880
10:15,99.4876,99.4876,99.4225,99.4225,897
10:16,99.3949,99.4876,99.3949,99.4876,668
10:17,99.3345,99.3949,99.3345,99.3949,1365
10:18,99.2157,99.3345,99.2157,99.3345,582
10:19,99.2528,99.2528,99.2157,99.2157,953
10:20,99.2369,99.2528,99.2369,99.2528,746
10:21,99.2737,99.2737,99.2369,99.2369,1171
10:22,99.246,99.2737,99.246,99.2737,850
10:23,99.3473,99.3473,99.246,99.246,668
10:24,99.3739,99.3739,99.3473,99.3473,1004
10:25,99.4894,99.4894,99.3739,99.3739,1178
10:26,99.5343,99.5343,99.4894,99.4894,1034
10:27,99.5084,99.5343,99.5084,99.5343,1123
10:28,99.473,99.5084,99.473,99.5084,805
10:29,99.5105,99.5105,99.473,99.473,885
10:30,99.4631,99.5105,99.4631,99.5105,792
10:31,99.3513,99.4631,99.3513,99.4631,885
10:32,99.4225,99.4225,99.3513,99.3513,753
10:33,99.3913,99.4225,99.3913,99.4225,544
10:34,99.3436,99.3913,99.3436,99.3913,1068
10:35,99.2408,99.3436,99.2408,99.3436,870
10:36,99.3236,99.3236,99.2408,99.2408,562
10:37,99.2799,99.3236,99.2799,99.3236,1181
10:38,99.2692,99.2799,99.2692,99.2799,726
10:39,99.2591,99.2692,99.2591,99.2692,1020
10:40,99.3262,99.3262,99.2591,99.2591,1297
10:41,99.3055,99.3262,99.3055,99.3262,1048
10:42,99.2614,99.3055,99.2614,99.3055,1499
10:43,99.3172,99.3172,99.2614,99.2614,646
10:44,99.3891,99.3891,99.3172,99.3172,1154
10:45,99.3696,99.3891,99.3696,99.3891,785
10:46,99.362,99.3696,99.362,99.3696,735
10:47,99.3931,99.3931,99.362,99.362,815
10:48,99.2557,99.3931,99.2557,99.3931,896
10:49,99.1687,99.2557,99.1687,99.2557,1020
10:50,99.2151,99.2151,99.1687,99.1687,662
10:51,99.2249,99.2249,99.2151,99.2151,1376
10:52,99.2624,99.2624,99.2249,99.2249,1180
10:53,99.2664,99.2664,99.2624,99.2624,580
10:54,99.1928,99.2664,99.1928,99.2664,1695
10:55,99.2665,99.2665,99.1928,99.1928,1958
10:56,99.3251,99.3251,99.2665,99.2665,1519
10:57,99.272,99.3251,99.272,99.3251,938
10:58,99.2472,99.272,99.2472,99.272,684
10:59,99.2253,99.2472,99.2253,99.2472,1453
11:00,99.1251,99.2253,99.1251,99.2253,867
11:01,99.0521,99.1251,99.0521,99.1251,1542
11:02,99.1937,99.1937,99.0521,99.0521,1077
11:03,99.099,99.1937,99.099,99.1937,1414
11:04,99.0746,99.099,99.0746,99.099,1135
11:05,98.9671,99.0746,98.9671,99.0746,1285
11:06,98.984,98.984,98.9671,98.9671,1004
11:07,98.9679,98.984,98.9679,98.984,1883
11:08,98.9714,98.9714,98.9679,98.9679,1046
11:09,99.1093,99.1093,98.9714,98.9714,1153
11:10,99.1608,99.1608,99.1093,99.1093,1949
11:11,99.106,99.1608,99.106,99.1608,620
11:12,99.112,99.112,99.106,99.106,637
11:13,99.1224,99.1224,99.112,99.112,1410
11:14,99.166,99.166,99.1224,99.1224,660
11:15,99.0572,99.166,99.0572,99.166,1992
11:16,99.0898,99.0898,99.0572,99.0572,864
11:17,98.9838,99.0898,98.9838,99.0898,767
11:18,99.0825,99.0825,98.9838,98.9838,1977
11:19,99.0601,99.0825,99.0601,99.0825,1690
11:20,99.0513,99.0601,99.0513,99.0601,1939
11:21,99.0125,99.0513,99.0125,99.0513,1379
11:22,99.0025,99.0125,99.0025,99.0125,737
11:23,98.9889,99.0025,98.9889,99.0025,1968
11:24,98.9931,98.9931,98.9889,98.9889,909
11:25,98.9297,98.9931,98.9297,98.9931,1329
11:26,98.8641,98.9297,98.8641,98.9297,1399
11:27,98.7822,98.8641,98.7822,98.8641,947
11:28,98.75,98.7822,98.75,98.7822,1243
11:29,98.6125,98.75,98.6125,98.75,1387
11:30,98.6076,98.6125,98.6076,98.6125,1143
11:31,98.5442,98.6076,98.5442,98.6076,677
11:32,98.4772,98.5442,98.4772,98.5442,1112
11:33,98.4804,98.4804,98.4772,98.4772,1600
11:34,98.457,98.4804,98.457,98.4804,782
11:35,98.5183,98.5183,98.457,98.457,948
11:36,98.6239,98.6239,98.5183,98.5183,857
11:37,98.6471,98.6471,98.6239,98.6239,1926
11:38,98.8075,98.8075,98.6471,98.6471,1269
11:39,98.8186,98.8186,98.8075,98.8075,1155
11:40,98.7959,98.8186,98.7959,98.8186,761
11:41,98.7892,98.7959,98.7892,98.7959,1211
11:42,98.8445,98.8445,98.7892,98.7892,787
11:43,98.7624,98.8445,98.7624,98.8445,1011
11:44,98.7493,98.7624,98.7493,98.7624,798
11:45,98.6402,98.7493,98.6402,98.7493,1271
11:46,98.6115,98.6402,98.6115,98.6402,1227
11:47,98.5128,98.6115,98.5128,98.6115,929
11:48,98.5231,98.5231,98.5128,98.5128,1151
11:49,98.4857,98.5231,98.4857,98.5231,679
11:50,98.3527,98.4857,98.3527,98.4857,589
11:51,98.3677,98.3677,98.3527,98.3527,1169
11:52,98.3746,98.3746,98.3677,98.3677,1061
11:53,98.3404,98.3746,98.3404,98.3746,1252
11:54,98.364,98.364,98.3404,98.3404,2328
11:55,98.3539,98.364,98.3539,98.364,1398
11:56,98.3466,98.3539,98.3466,98.3539,724
11:57,98.3455,98.3466,98.3455,98.3466,1486
11:58,98.4535,98.4535,98.3455,98.3455,627
11:59,98.4355,98.4535,98.4355,98.4535,849
12:00,98.4375,98.4375,98.4355,98.4355,976
12:01,98.5571,98.5571,98.4375,98.4375,1836
12:02,98.6868,98.6868,98.5571,98.5571,768
12:03,98.6227,98.6868,98.6227,98.6868,746
12:04,98.6602,98.6602,98.6227,98.6227,966
12:05,98.7209,98.7209,98.6602,98.6602,790
12:06,98.7477,98.7477,98.7209,98.7209,1491
12:07,98.8009,98.8009,98.7477,98.7477,682
12:08,98.821,98.821,98.8009,98.8009,666
12:09,98.8771,98.8771,98.821,98.821,856
12:10,98.8353,98.8771,98.8353,98.8771,838
12:11,98.8305,98.8353,98.8305,98.8353,1982
12:12,98.7514,98.8305,98.7514,98.8305,1400
12:13,98.7199,98.7514,98.7199,98.7514,1032
12:14,98.735,98.735,98.7199,98.7199,648
12:15,98.7322,98.735,98.7322,98.735,1349
12:16,98.7125,98.7322,98.7125,98.7322,701
12:17,98.7867,98.7867,98.7125,98.7125,578
12:18,98.8829,98.8829,98.7867,98.7867,1524
12:19,98.7648,98.8829,98.7648,98.8829,1119
12:20,98.787,98.787,98.7648,98.7648,1386
12:21,98.9812,98.9812,98.787,98.787,1120
12:22,98.9218,98.9812,98.9218,98.9812,1355
12:23,98.8825,98.9218,98.8825,98.9218,794
12:24,98.8769,98.8825,98.8769,98.8825,693
12:25,98.7981,98.8769,98.7981,98.8769,1273
12:26,98.896,98.896,98.7981,98.7981,752
12:27,98.8952,98.896,98.8952,98.896,783
12:28,98.8958,98.8958,98.8952,98.8952,851
12:29,99.0825,99.0825,98.8958,98.8958,1006
12:30,99.1454,99.1454,99.0825,99.0825,882
12:31,99.2163,99.2163,99.1454,99.1454,614
12:32,99.2125,99.2163,99.2125,99.2163,796
12:33,99.2183,99.2183,99.2125,99.2125,455
12:34,99.2303,99.2303,99.2183,99.2183,1248
12:35,99.1686,99.2303,99.1686,99.2303,567
12:36,99.1764,99.1764,99.1686,99.1686,676
12:37,99.1665,99.1764,99.1665,99.1764,1019
12:38,99.2071,99.2071,99.1665,99.1665,769
12:39,99.2572,99.2572,99.2071,99.2071,1728
12:40,99.201,99.2572,99.201,99.2572,632
12:41,99.2001,99.201,99.2001,99.201,1099
12:42,99.1264,99.2001,99.1264,99.2001,986
12:43,99.1339,99.1339,99.1264,99.1264,661
12:44,99.031,99.1339,99.031,99.1339,1204
12:45,99.0748,99.0748,99.031,99.031,941
12:46,99.1209,99.1209,99.0748,99.0748,1315
12:47,99.1623,99.1623,99.1209,99.1209,1339
12:48,99.0357,99.1623,99.0357,99.1623,2153
12:49,99.1164,99.1164,99.0357,99.0357,1606
12:50,99.1584,99.1584,99.1164,99.1164,877
12:51,99.1284,99.1584,99.1284,99.1584,919
12:52,99.1819,99.1819,99.1284,99.1284,1477
12:53,99.0937,99.1819,99.0937,99.1819,1261
12:54,98.9815,99.0937,98.9815,99.0937,1255
12:55,99.1047,99.1047,98.9815,98.9815,564
12:56,99.1149,99.1149,99.1047,99.1047,991
12:57,99.0928,99.1149,99.0928,99.1149,770
12:58,99.1242,99.1242,99.0928,99.0928,1104
12:59,99.1221,99.1242,99.1221,99.1242,966
13:00,99.0239,99.1221,99.0239,99.1221,1381
13:01,99.0472,99.0472,99.0239,99.0239,1119
13:02,99.0759,99.0759,99.0472,99.0472,1321
13:03,99.0926,99.0926,99.0759,99.0759,848
13:04,99.1544,99.1544,99.0926,99.0926,715
13:05,99.3068,99.3068,99.1544,99.1544,865
13:06,99.2998,99.3068,99.2998,99.3068,994
13:07,99.3666,99.3666,99.2998,99.2998,1144
13:08,99.178,99.3666,99.178,99.3666,2228
13:09,99.2505,99.2505,99.178,99.178,985
13:10,99.2506,99.2506,99.2505,99.2505,713
13:11,99.0912,99.2506,99.0912,99.2506,885
13:12,99.0254,99.0912,99.0254,99.0912,848
13:13,98.961,99.0254,98.961,99.0254,1186
13:14,99.0326,99.0326,98.961,98.961,579
13:15,99.0291,99.0326,99.0291,99.0326,1023
13:16,99.0691,99.0691,99.0291,99.0291,1057
13:17,98.9554,99.0691,98.9554,99.0691,1086
13:18,98.9877,98.9877,98.9554,98.9554,809
13:19,98.9957,98.9957,98.9877,98.9877,919
13:20,99.0897,99.0897,98.9957,98.9957,604
13:21,99.0027,99.0897,99.0027,99.0897,840
13:22,98.8579,99.0027,98.8579,99.0027,825
13:23,98.9143,98.9143,98.8579,98.8579,1159
13:24,98.9685,98.9685,98.9143,98.9143,664
13:25,98.9584,98.9685,98.9584,98.9685,1319
13:26,99.0419,99.0419,98.9584,98.9584,1699
13:27,99.0175,99.0419,99.0175,99.0419,480
13:28,99.0004,99.0175,99.0004,99.0175,1163
13:29,98.9824,99.0004,98.9824,99.0004,1271
13:30,99.0288,99.0288,98.9824,98.9824,798
13:31,99.0075,99.0288,99.0075,99.0288,869
13:32,98.8767,99.0075,98.8767,99.0075,954
13:33,98.9484,98.9484,98.8767,98.8767,900
13:34,98.9068,98.9484,98.9068,98.9484,896
13:35,98.924,98.924,98.9068,98.9068,552
13:36,98.8635,98.924,98.8635,98.924,1505
13:37,98.949,98.949,98.8635,98.8635,1466
13:38,98.9069,98.949,98.9069,98.949,750
13:39,98.9827,98.9827,98.9069,98.9069,595
13:40,98.9673,98.9827,98.9673,98.9827,1203
13:41,98.9262,98.9673,98.9262,98.9673,815
13:42,98.9708,98.9708,98.9262,98.9262,1052
13:43,98.9657,98.9708,98.9657,98.9708,893
13:44,99.0391,99.0391,98.9657,98.9657,1278
13:45,99.0703,99.0703,99.0391,99.0391,1279
13:46,99.1202,99.1202,99.0703,99.0703,773
13:47,99.095,99.1202,99.095,99.1202,612
13:48,99.2115,99.2115,99.095,99.095,571
13:49,99.1437,99.2115,99.1437,99.2115,1242
13:50,99.1316,99.1437,99.1316,99.1437,656
13:51,99.2412,99.2412,99.1316,99.1316,836
13:52,99.1837,99.2412,99.1837,99.2412,809
13:53,99.2285,99.2285,99.1837,99.1837,982
13:54,99.2067,99.2285,99.2067,99.2285,503
13:55,99.1369,99.2067,99.1369,99.2067,1069
13:56,99.1466,99.1466,99.1369,99.1369,1204
13:57,99.0243,99.1466,99.0243,99.1466,1032
13:58,98.9389,99.0243,98.9389,99.0243,896
13:59,99.1485,99.1485,98.9389,98.9389,1035
14:00,99.2027,99.2027,99.1485,99.1485,1152
14:01,99.2644,99.2644,99.2027,99.2027,374
14:02,99.1316,99.2644,99.1316,99.2644,2000
14:03,99.0583,99.1316,99.0583,99.1316,1148
14:04,99.11,99.11,99.0583,99.0583,794
14:05,99.1666,99.1666,99.11,99.11,871
14:06,99.1879,99.1879,99.1666,99.1666,1191
14:07,99.1965,99.1965,99.1879,99.1879,960
14:08,99.128,99.1965,99.128,99.1965,487
14:09,99.0619,99.128,99.0619,99.128,2079
14:10,99.2765,99.2765,99.0619,99.0619,962
14:11,99.3147,99.3147,99.2765,99.2765,1436
14:12,99.4635,99.4635,99.3147,99.3147,782
14:13,99.5328,99.5328,99.4635,99.4635,1724
14:14,99.3977,99.5328,99.3977,99.5328,1107
14:15,99.5107,99.5107,99.3977,99.3977,1241
14:16,99.5757,99.5757,99.5107,99.5107,690
14:17,99.5552,99.5757,99.5552,99.5757,1536
14:18,99.5558,99.5558,99.5552,99.5552,1277
14:19,99.5968,99.5968,99.5558,99.5558,1586
14:20,99.4584,99.5968,99.4584,99.5968,800
14:21,99.5497,99.5497,99.4584,99.4584,843
14:22,99.5889,99.5889,99.5497,99.5497,2263
14:23,99.4705,99.5889,99.4705,99.5889,687
14:24,99.4904,99.4904,99.4705,99.4705,953
14:25,99.5562,99.5562,99.4904,99.4904,1496
14:26,99.6705,99.6705,99.5562,99.5562,1035
14:27,99.6388,99.6705,99.6388,99.6705,1230
14:28,99.5676,99.6388,99.5676,99.6388,868
14:29,99.48,99.5676,99.48,99.5676,1140
14:30,99.3203,99.48,99.3203,99.48,629
14:31,99.2244,99.3203,99.2244,99.3203,1800
14:32,99.1618,99.2244,99.1618,99.2244,959
14:33,99.1982,99.1982,99.1618,99.1618,786
14:34,99.3561,99.3561,99.1982,99.1982,1267
14:35,99.4235,99.4235,99.3561,99.3561,849
14:36,99.502,99.502,99.4235,99.4235,623
14:37,99.5365,99.5365,99.502,99.502,620
14:38,99.5375,99.5375,99.5365,99.5365,1279
14:39,99.6043,99.6043,99.5375,99.5375,945
14:40,99.6205,99.6205,99.6043,99.6043,954
14:41,99.7865,99.7865,99.6205,99.6205,1466
14:42,99.8489,99.8489,99.7865,99.7865,671
14:43,99.8548,99.8548,99.8489,99.8489,772
14:44,99.8613,99.8613,99.8548,99.8548,873
14:45,99.9043,99.9043,99.8613,99.8613,1035
14:46,99.957,99.957,99.9043,99.9043,986
14:47,100.0328,100.0328,99.957,99.957,904
14:48,100.0766,100.0766,100.0328,100.0328,979
14:49,100.0565,100.0766,100.0565,100.0766,964
14:50,100.1511,100.1511,100.0565,100.0565,776
14:51,100.1146,100.1511,100.1146,100.1511,751
14:52,100.0537,100.1146,100.0537,100.1146,1104
14:53,99.9574,100.0537,99.9574,100.0537,731
14:54,99.9404,99.9574,99.9404,99.9574,665
14:55,99.9897,99.9897,99.9404,99.9404,898
14:56,100.0209,100.0209,99.9897,99.9897,949
14:57,100.0307,100.0307,100.0209,100.0209,2234
14:58,100.0252,100.0307,100.0252,100.0307,782
14:59,100.01,100.0252,100.01,100.0252,1404
15:00,99.9755,100.01,99.9755,100.01,1311
15:01,99.9662,99.9755,99.9662,99.9755,660
15:02,99.9697,99.9697,99.9662,99.9662,1326
15:03,100.0486,100.0486,99.9697,99.9697,663
15:04,100.0914,100.0914,100.0486,100.0486,394
15:05,100.0487,100.0914,100.0487,100.0914,1255
15:06,100.0432,100.0487,100.0432,100.0487,544
15:07,99.9972,100.0432,99.9972,100.0432,1192
15:08,100.0712,100.0712,99.9972,99.9972,799
15:09,100.0789,100.0789,100.0712,100.0712,1839
15:10,100.1096,100.1096,100.0789,100.0789,1496
15:11,100.1942,100.1942,100.1096,100.1096,875
15:12,100.206,100.206,100.1942,100.1942,808
15:13,100.2061,100.2061,100.206,100.206,674
15:14,100.2069,100.2069,100.2061,100.2061,891
15:15,100.1589,100.2069,100.1589,100.2069,948
15:16,100.2208,100.2208,100.1589,100.1589,926
15:17,100.1996,100.2208,100.1996,100.2208,1122
15:18,100.2065,100.2065,100.1996,100.1996,1314
15:19,100.1108,100.2065,100.1108,100.2065,1223
15:20,99.9002,100.1108,99.9002,100.1108,832
15:21,99.9267,99.9267,99.9002,99.9002,663
15:22,99.9524,99.9524,99.9267,99.9267,1813
15:23,99.9952,99.9952,99.9524,99.9524,888
15:24,100.0153,100.0153,99.9952,99.9952,914
15:25,99.9383,100.0153,99.9383,100.0153,974
15:26,99.854,99.9383,99.854,99.9383,622
15:27,99.7777,99.854,99.7777,99.854,1030
15:28,99.7916,99.7916,99.7777,99.7777,1054
15:29,99.8297,99.8297,99.7916,99.7916,1597
15:30,99.9352,99.9352,99.8297,99.8297,1689
15:31,99.8524,99.9352,99.8524,99.9352,1361
15:32,99.8178,99.8524,99.8178,99.8524,1956
15:33,99.8489,99.8489,99.8178,99.8178,1643
15:34,99.8386,99.8489,99.8386,99.8489,1506
15:35,99.7912,99.8386,99.7912,99.8386,1671
15:36,99.8526,99.8526,99.7912,99.7912,1543
15:37,99.8362,99.8526,99.8362,99.8526,1505
15:38,99.8251,99.8362,99.8251,99.8362,1656
15:39,99.8507,99.8507,99.8251,99.8251,1288
15:40,99.7545,99.8507,99.7545,99.8507,2246
15:41,99.8217,99.8217,99.7545,99.7545,1518
15:42,99.7654,99.8217,99.7654,99.8217,3096
15:43,99.5977,99.7654,99.5977,99.7654,2244
15:44,99.5614,99.5977,99.5614,99.5977,2671
15:45,99.4697,99.5614,99.4697,99.5614,3354
15:46,99.464,99.4697,99.464,99.4697,3804
15:47,99.4835,99.4835,99.464,99.464,1871
15:48,99.4482,99.4835,99.4482,99.4835,3277
15:49,99.3814,99.4482,99.3814,99.4482,5216
15:50,99.3319,99.3814,99.3319,99.3814,2268
15:51,99.3209,99.3319,99.3209,99.3319,5160
15:52,99.4201,99.4201,99.3209,99.3209,2200
15:53,99.5205,99.5205,99.4201,99.4201,3711
15:54,99.5722,99.5722,99.5205,99.5205,5897
15:55,99.5815,99.5815,99.5722,99.5722,3531
15:56,99.5859,99.5859,99.5815,99.5815,4898
15:57,99.6688,99.6688,99.5859,99.5859,4511
15:58,99.5932,99.6688,99.5932,99.6688,14929
15:59,99.5975,99.5975,99.5932,99.5932,9667
