Time,Close,High,Low,Open,Volume
09:30,100.0704,100.0704,100.0471,100.0471,18689
09:31,100.0923,100.0923,100.0704,100.0704,10511
09:32,100.1965,100.1965,100.0923,100.0923,11775
09:33,100.2747,100.2747,100.1965,100.1965,16820
09:34,100.1562,100.2747,100.1562,100.2747,13466
09:35,100.0918,100.1562,100.0918,100.1562,4493
09:36,100.103,100.103,100.0918,100.0918,8147
09:37,100.1381,100.1381,100.103,100.103,5054
09:38,100.2625,100.2625,100.1381,100.1381,4718
09:39,100.3033,100.3033,100.2625,100.2625,5203
09:40,100.0593,100.3033,100.0593,100.3033,4357
09:41,100.1921,100.1921,100.0593,100.0593,6393
09:42,100.2216,100.2216,100.1921,100.1921,4619
09:43,100.2485,100.2485,100.2216,100.2216,3408
09:44,100.2014,100.2485,100.2014,100.2485,3544
09:45,100.3277,100.3277,100.2014,100.2014,3169
09:46,100.156,100.3277,100.156,100.3277,4457
09:47,100.2763,100.2763,100.156,100.156,2280
09:48,100.2941,100.2941,100.2763,100.2763,2567
09:49,100.2026,100.2941,100.2026,100.2941,1594
09:50,100.0388,100.2026,100.0388,100.2026,823
09:51,100.063,100.063,100.0388,100.0388,2423
09:52,100.0176,100.063,100.0176,100.063,2474
09:53,100.1092,100.1092,100.0176,100.0176,1331
09:54,100.0713,100.1092,100.0713,100.1092,3691
09:55,99.937,100.0713,99.937,100.0713,943
09:56,99.7746,99.937,99.7746,99.937,1539
09:57,99.6342,99.7746,99.6342,99.7746,1363
09:58,99.8191,99.8191,99.6342,99.6342,2420
09:59,99.8287,99.8287,99.8191,99.8191,2289
10:00,99.6839,99.8287,99.6839,99.8287,1393
10:01,99.7556,99.7556,99.6839,99.6839,1466
10:02,99.7226,99.7556,99.7226,99.7556,912
10:03,99.7104,99.7226,99.7104,99.7226,605
10:04,99.5221,99.7104,99.5221,99.7104,1056
10:05,99.6135,99.6135,99.5221,99.5221,1239
10:06,99.7238,99.7238,99.6135,99.6135,1782
10:07,99.8731,99.8731,99.7238,99.7238,1736
10:08,100.0136,100.0136,99.8731,99.8731,974
10:09,99.9184,100.0136,99.9184,100.0136,992
10:10,100.0319,100.0319,99.9184,99.9184,752
10:11,100.056,100.056,100.0319,100.0319,653
10:12,100.0307,100.056,100.0307,100.056,585
10:13,99.8658,100.0307,99.8658,100.0307,2120
10:14,99.7086,99.8658,99.7086,99.8658,880
10:15,99.7333,99.7333,99.7086,99.7086,897
10:16,99.8214,99.8214,99.7333,99.7333,668
10:17,99.843,99.843,99.8214,99.8214,1365
10:18,99.8813,99.8813,99.843,99.843,582
10:19,99.9319,99.9319,99.8813,99.8813,953
10:20,100.0816,100.0816,99.9319,99.9319,746
10:21,100.186,100.186,100.0816,100.0816,1171
10:22,100.2503,100.2503,100.186,100.186,850
10:23,100.1376,100.2503,100.1376,100.2503,668
10:24,100.2529,100.2529,100.1376,100.1376,1004
10:25,100.3181,100.3181,100.2529,100.2529,1178
10:26,100.3469,100.3469,100.3181,100.3181,1034
10:27,100.4064,100.4064,100.3469,100.3469,1123
10:28,100.4098,100.4098,100.4064,100.4064,805
10:29,100.3129,100.4098,100.3129,100.4098,885
10:30,100.2657,100.3129,100.2657,100.3129,792
10:31,100.3218,100.3218,100.2657,100.2657,885
10:32,100.3194,100.3218,100.3194,100.3218,753
10:33,100.08,100.3194,100.08,100.3194,544
10:34,100.2118,100.2118,100.08,100.08,1068
10:35,100.1963,100.2118,100.1963,100.2118,870
10:36,100.3778,100.3778,100.1963,100.1963,562
10:37,100.576,100.576,100.3778,100.3778,1181
10:38,100.4244,100.576,100.4244,100.576,726
10:39,100.4507,100.4507,100.4244,100.4244,1020
10:40,100.4133,100.4507,100.4133,100.4507,1297
10:41,100.5519,100.5519,100.4133,100.4133,1048
10:42,100.3435,100.5519,100.3435,100.5519,1499
10:43,100.387,100.387,100.3435,100.3435,646
10:44,100.3603,100.387,100.3603,100.387,1154
10:45,100.2392,100.3603,100.2392,100.3603,785
10:46,100.119,100.2392,100.119,100.2392,735
10:47,100.1414,100.1414,100.119,100.119,815
10:48,100.0543,100.1414,100.0543,100.1414,896
10:49,100.1295,100.1295,100.0543,100.0543,1020
10:50,100.1759,100.1759,100.1295,100.1295,662
10:51,100.1617,100.1759,100.1617,100.1759,1376
10:52,100.026,100.1617,100.026,100.1617,1180
10:53,100.0875,100.0875,100.026,100.026,580
10:54,100.1299,100.1299,100.0875,100.0875,1695
10:55,99.901,100.1299,99.901,100.1299,1958
10:56,99.8038,99.901,99.8038,99.901,1519
10:57,100.1679,100.1679,99.8038,99.8038,938
10:58,100.0016,100.1679,100.0016,100.1679,684
10:59,100.2816,100.2816,100.0016,100.0016,1453
11:00,100.1556,100.2816,100.1556,100.2816,867
11:01,100.244,100.244,100.1556,100.1556,1542
11:02,100.384,100.384,100.244,100.244,1077
11:03,100.3469,100.384,100.3469,100.384,1414
11:04,100.2069,100.3469,100.2069,100.3469,1135
11:05,100.2579,100.2579,100.2069,100.2069,1285
11:06,100.2228,100.2579,100.2228,100.2579,1004
11:07,100.4664,100.4664,100.2228,100.2228,1883
11:08,100.4623,100.4664,100.4623,100.4664,1046
11:09,100.248,100.4623,100.248,100.4623,1153
11:10,100.2032,100.248,100.2032,100.248,1949
11:11,100.207,100.207,100.2032,100.2032,620
11:12,100.3487,100.3487,100.207,100.207,637
11:13,100.429,100.429,100.3487,100.3487,1410
11:14,100.3853,100.429,100.3853,100.429,660
11:15,100.3426,100.3853,100.3426,100.3853,1992
11:16,100.2324,100.3426,100.2324,100.3426,864
11:17,100.0737,100.2324,100.0737,100.2324,767
11:18,99.9911,100.0737,99.9911,100.0737,1977
11:19,99.9878,99.9911,99.9878,99.9911,1690
11:20,100.1221,100.1221,99.9878,99.9878,1939
11:21,100.1814,100.1814,100.1221,100.1221,1379
11:22,100.1146,100.1814,100.1146,100.1814,737
11:23,100.0484,100.1146,100.0484,100.1146,1968
11:24,99.7928,100.0484,99.7928,100.0484,909
11:25,100.0239,100.0239,99.7928,99.7928,1329
11:26,100.0325,100.0325,100.0239,100.0239,1399
11:27,99.9892,100.0325,99.9892,100.0325,947
11:28,99.8735,99.9892,99.8735,99.9892,1243
11:29,99.7332,99.8735,99.7332,99.8735,1387
11:30,99.6114,99.7332,99.6114,99.7332,1143
11:31,99.7352,99.7352,99.6114,99.6114,677
11:32,99.6497,99.7352,99.6497,99.7352,1112
11:33,99.5428,99.6497,99.5428,99.6497,1600
11:34,99.4758,99.5428,99.4758,99.5428,782
11:35,99.5764,99.5764,99.4758,99.4758,948
11:36,99.5593,99.5764,99.5593,99.5764,857
11:37,99.4491,99.5593,99.4491,99.5593,1926
11:38,99.3723,99.4491,99.3723,99.4491,1269
11:39,99.26,99.3723,99.26,99.3723,1155
11:40,99.4556,99.4556,99.26,99.26,761
11:41,99.2011,99.4556,99.2011,99.4556,1211
11:42,99.5081,99.5081,99.2011,99.2011,787
11:43,99.3063,99.5081,99.3063,99.5081,1011
11:44,99.3541,99.3541,99.3063,99.3063,798
11:45,99.2938,99.3541,99.2938,99.3541,1271
11:46,99.2677,99.2938,99.2677,99.2938,1227
11:47,99.3452,99.3452,99.2677,99.2677,929
11:48,99.4761,99.4761,99.3452,99.3452,1151
11:49,99.7242,99.7242,99.4761,99.4761,679
11:50,99.7488,99.7488,99.7242,99.7242,589
11:51,99.6895,99.7488,99.6895,99.7488,1169
11:52,99.6966,99.6966,99.6895,99.6895,1061
11:53,99.8122,99.8122,99.6966,99.6966,1252
11:54,99.9848,99.9848,99.8122,99.8122,2328
11:55,100.0233,100.0233,99.9848,99.9848,1398
11:56,100.2151,100.2151,100.0233,100.0233,724
11:57,100.3764,100.3764,100.2151,100.2151,1486
11:58,100.2138,100.3764,100.2138,100.3764,627
11:59,100.0619,100.2138,100.0619,100.2138,849
12:00,99.9401,100.0619,99.9401,100.0619,976
12:01,100.1269,100.1269,99.9401,99.9401,1836
12:02,100.1239,100.1269,100.1239,100.1269,768
12:03,100.0582,100.1239,100.0582,100.1239,746
12:04,100.1592,100.1592,100.0582,100.0582,966
12:05,100.1683,100.1683,100.1592,100.1592,790
12:06,100.1737,100.1737,100.1683,100.1683,1491
12:07,100.1872,100.1872,100.1737,100.1737,682
12:08,100.3223,100.3223,100.1872,100.1872,666
12:09,100.2888,100.3223,100.2888,100.3223,856
12:10,100.4882,100.4882,100.2888,100.2888,838
12:11,100.6507,100.6507,100.4882,100.4882,1982
12:12,100.4631,100.6507,100.4631,100.6507,1400
12:13,100.3989,100.4631,100.3989,100.4631,1032
12:14,100.2984,100.3989,100.2984,100.3989,648
12:15,100.3975,100.3975,100.2984,100.2984,1349
12:16,100.374,100.3975,100.374,100.3975,701
12:17,100.3877,100.3877,100.374,100.374,578
12:18,100.1974,100.3877,100.1974,100.3877,1524
12:19,100.0191,100.1974,100.0191,100.1974,1119
12:20,99.9388,100.0191,99.9388,100.0191,1386
12:21,99.9562,99.9562,99.9388,99.9388,1120
12:22,100.0031,100.0031,99.9562,99.9562,1355
12:23,99.8021,100.0031,99.8021,100.0031,794
12:24,99.615,99.8021,99.615,99.8021,693
12:25,99.7388,99.7388,99.615,99.615,1273
12:26,99.6015,99.7388,99.6015,99.7388,752
12:27,99.5781,99.6015,99.5781,99.6015,783
12:28,99.5284,99.5781,99.5284,99.5781,851
12:29,99.7361,99.7361,99.5284,99.5284,1006
12:30,99.6006,99.7361,99.6006,99.7361,882
12:31,99.6142,99.6142,99.6006,99.6006,614
12:32,99.7739,99.7739,99.6142,99.6142,796
12:33,99.4971,99.7739,99.4971,99.7739,455
12:34,99.68,99.68,99.4971,99.4971,1248
12:35,99.6543,99.68,99.6543,99.68,567
12:36,99.4841,99.6543,99.4841,99.6543,676
12:37,99.5733,99.5733,99.4841,99.4841,1019
12:38,99.5195,99.5733,99.5195,99.5733,769
12:39,99.4954,99.5195,99.4954,99.5195,1728
12:40,99.452,99.4954,99.452,99.4954,632
12:41,99.6719,99.6719,99.452,99.452,1099
12:42,99.6376,99.6719,99.6376,99.6719,986
12:43,99.7036,99.7036,99.6376,99.6376,661
12:44,99.9257,99.9257,99.7036,99.7036,1204
12:45,99.9276,99.9276,99.9257,99.9257,941
12:46,100.0033,100.0033,99.9276,99.9276,1315
12:47,100.257,100.257,100.0033,100.0033,1339
12:48,100.3328,100.3328,100.257,100.257,2153
12:49,100.3638,100.3638,100.3328,100.3328,1606
12:50,100.2866,100.3638,100.2866,100.3638,877
12:51,100.2927,100.2927,100.2866,100.2866,919
12:52,100.2992,100.2992,100.2927,100.2927,1477
12:53,100.2916,100.2992,100.2916,100.2992,1261
12:54,100.1617,100.2916,100.1617,100.2916,1255
12:55,100.1467,100.1617,100.1467,100.1617,564
12:56,100.2602,100.2602,100.1467,100.1467,991
12:57,100.2606,100.2606,100.2602,100.2602,770
12:58,100.2541,100.2606,100.2541,100.2606,1104
12:59,100.0281,100.2541,100.0281,100.2541,966
13:00,100.1919,100.1919,100.0281,100.0281,1381
13:01,100.2441,100.2441,100.1919,100.1919,1119
13:02,100.5116,100.5116,100.2441,100.2441,1321
13:03,100.4714,100.5116,100.4714,100.5116,848
13:04,100.3478,100.4714,100.3478,100.4714,715
13:05,100.1646,100.3478,100.1646,100.3478,865
13:06,100.0392,100.1646,100.0392,100.1646,994
13:07,100.0384,100.0392,100.0384,100.0392,1144
13:08,99.9275,100.0384,99.9275,100.0384,2228
13:09,99.7918,99.9275,99.7918,99.9275,985
13:10,99.9305,99.9305,99.7918,99.7918,713
13:11,99.6998,99.9305,99.6998,99.9305,885
13:12,99.8517,99.8517,99.6998,99.6998,848
13:13,99.9427,99.9427,99.8517,99.8517,1186
13:14,99.7876,99.9427,99.7876,99.9427,579
13:15,99.9209,99.9209,99.7876,99.7876,1023
13:16,100.0155,100.0155,99.9209,99.9209,1057
13:17,100.0496,100.0496,100.0155,100.0155,1086
13:18,100.0453,100.0496,100.0453,100.0496,809
13:19,100.0338,100.0453,100.0338,100.0453,919
13:20,99.9532,100.0338,99.9532,100.0338,604
13:21,99.9031,99.9532,99.9031,99.9532,840
13:22,99.8428,99.9031,99.8428,99.9031,825
13:23,99.5544,99.8428,99.5544,99.8428,1159
13:24,99.6659,99.6659,99.5544,99.5544,664
13:25,99.6276,99.6659,99.6276,99.6659,1319
13:26,99.4833,99.6276,99.4833,99.6276,1699
13:27,99.5946,99.5946,99.4833,99.4833,480
13:28,99.7725,99.7725,99.5946,99.5946,1163
13:29,99.9639,99.9639,99.7725,99.7725,1271
13:30,99.9853,99.9853,99.9639,99.9639,798
13:31,100.0499,100.0499,99.9853,99.9853,869
13:32,99.9294,100.0499,99.9294,100.0499,954
13:33,99.9696,99.9696,99.9294,99.9294,900
13:34,99.9817,99.9817,99.9696,99.9696,896
13:35,99.9419,99.9817,99.9419,99.9817,552
13:36,100.1365,100.1365,99.9419,99.9419,1505
13:37,100.3237,100.3237,100.1365,100.1365,1466
13:38,100.4858,100.4858,100.3237,100.3237,750
13:39,100.4024,100.4858,100.4024,100.4858,595
13:40,100.5839,100.5839,100.4024,100.4024,1203
13:41,100.4467,100.5839,100.4467,100.5839,815
13:42,100.2893,100.4467,100.2893,100.4467,1052
13:43,100.2678,100.2893,100.2678,100.2893,893
13:44,100.1834,100.2678,100.1834,100.2678,1278
13:45,100.2934,100.2934,100.1834,100.1834,1279
13:46,100.2189,100.2934,100.2189,100.2934,773
13:47,100.1944,100.2189,100.1944,100.2189,612
13:48,100.161,100.1944,100.161,100.1944,571
13:49,100.1514,100.161,100.1514,100.161,1242
13:50,99.9752,100.1514,99.9752,100.1514,656
13:51,100.1927,100.1927,99.9752,99.9752,836
13:52,100.2845,100.2845,100.1927,100.1927,809
13:53,100.3787,100.3787,100.2845,100.2845,982
13:54,100.3923,100.3923,100.3787,100.3787,503
13:55,100.2121,100.3923,100.2121,100.3923,1069
13:56,100.3799,100.3799,100.2121,100.2121,1204
13:57,100.4193,100.4193,100.3799,100.3799,1032
13:58,100.4886,100.4886,100.4193,100.4193,896
13:59,100.4091,100.4886,100.4091,100.4886,1035
14:00,100.5143,100.5143,100.4091,100.4091,1152
14:01,100.4945,100.5143,100.4945,100.5143,374
14:02,100.4604,100.4945,100.4604,100.4945,2000
14:03,100.4181,100.4604,100.4181,100.4604,1148
14:04,100.3999,100.4181,100.3999,100.4181,794
14:05,100.311,100.3999,100.311,100.3999,871
14:06,100.3831,100.3831,100.311,100.311,1191
14:07,100.3437,100.3831,100.3437,100.3831,960
14:08,100.2693,100.3437,100.2693,100.3437,487
14:09,100.5878,100.5878,100.2693,100.2693,2079
14:10,100.5859,100.5878,100.5859,100.5878,962
14:11,100.7485,100.7485,100.5859,100.5859,1436
14:12,100.7731,100.7731,100.7485,100.7485,782
14:13,100.737,100.7731,100.737,100.7731,1724
14:14,100.7666,100.7666,100.737,100.737,1107
14:15,100.7138,100.7666,100.7138,100.7666,1241
14:16,100.4369,100.7138,100.4369,100.7138,690
14:17,100.4461,100.4461,100.4369,100.4369,1536
14:18,100.3608,100.4461,100.3608,100.4461,1277
14:19,100.2001,100.3608,100.2001,100.3608,1586
14:20,100.1973,100.2001,100.1973,100.2001,800
14:21,100.128,100.1973,100.128,100.1973,843
14:22,99.9982,100.128,99.9982,100.128,2263
14:23,99.9729,99.9982,99.9729,99.9982,687
14:24,100.0447,100.0447,99.9729,99.9729,953
14:25,100.0961,100.0961,100.0447,100.0447,1496
14:26,100.2163,100.2163,100.0961,100.0961,1035
14:27,100.1318,100.2163,100.1318,100.2163,1230
14:28,99.9872,100.1318,99.9872,100.1318,868
14:29,100.122,100.122,99.9872,99.9872,1140
14:30,100.0052,100.122,100.0052,100.122,629
14:31,100.0204,100.0204,100.0052,100.0052,1800
14:32,99.9438,100.0204,99.9438,100.0204,959
14:33,99.8479,99.9438,99.8479,99.9438,786
14:34,99.7826,99.8479,99.7826,99.8479,1267
14:35,99.7945,99.7945,99.7826,99.7826,849
14:36,99.7717,99.7945,99.7717,99.7945,623
14:37,99.6225,99.7717,99.6225,99.7717,620
14:38,99.5388,99.6225,99.5388,99.6225,1279
14:39,99.467,99.5388,99.467,99.5388,945
14:40,99.2872,99.467,99.2872,99.467,954
14:41,99.2294,99.2872,99.2294,99.2872,1466
14:42,99.4059,99.4059,99.2294,99.2294,671
14:43,99.4346,99.4346,99.4059,99.4059,772
14:44,99.5648,99.5648,99.4346,99.4346,873
14:45,99.4985,99.5648,99.4985,99.5648,1035
14:46,99.4446,99.4985,99.4446,99.4985,986
14:47,99.5242,99.5242,99.4446,99.4446,904
14:48,99.4592,99.5242,99.4592,99.5242,979
14:49,99.4837,99.4837,99.4592,99.4592,964
14:50,99.4058,99.4837,99.4058,99.4837,776
14:51,99.4835,99.4835,99.4058,99.4058,751
14:52,99.4927,99.4927,99.4835,99.4835,1104
14:53,99.6285,99.6285,99.4927,99.4927,731
14:54,99.6036,99.6285,99.6036,99.6285,665
14:55,99.5205,99.6036,99.5205,99.6036,898
14:56,99.742,99.742,99.5205,99.5205,949
14:57,99.8063,99.8063,99.742,99.742,2234
14:58,99.8797,99.8797,99.8063,99.8063,782
14:59,99.8296,99.8797,99.8296,99.8797,1404
15:00,100.0713,100.0713,99.8296,99.8296,1311
15:01,100.0406,100.0713,100.0406,100.0713,660
15:02,99.9857,100.0406,99.9857,100.0406,1326
15:03,100.06,100.06,99.9857,99.9857,663
15:04,100.1892,100.1892,100.06,100.06,394
15:05,100.2772,100.2772,100.1892,100.1892,1255
15:06,100.3832,100.3832,100.2772,100.2772,544
15:07,100.3772,100.3832,100.3772,100.3832,1192
15:08,100.3114,100.3772,100.3114,100.3772,799
15:09,100.126,100.3114,100.126,100.3114,1839
15:10,100.1691,100.1691,100.126,100.126,1496
15:11,100.3319,100.3319,100.1691,100.1691,875
15:12,100.2912,100.3319,100.2912,100.3319,808
15:13,100.2691,100.2912,100.2691,100.2912,674
15:14,100.2904,100.2904,100.2691,100.2691,891
15:15,100.3533,100.3533,100.2904,100.2904,948
15:16,100.4093,100.4093,100.3533,100.3533,926
15:17,100.5387,100.5387,100.4093,100.4093,1122
15:18,100.6727,100.6727,100.5387,100.5387,1314
15:19,100.769,100.769,100.6727,100.6727,1223
15:20,100.8431,100.8431,100.769,100.769,832
15:21,100.7629,100.8431,100.7629,100.8431,663
15:22,100.7396,100.7629,100.7396,100.7629,1813
15:23,100.7283,100.7396,100.7283,100.7396,888
15:24,100.8272,100.8272,100.7283,100.7283,914
15:25,100.7927,100.8272,100.7927,100.8272,974
15:26,100.6618,100.7927,100.6618,100.7927,622
15:27,100.7682,100.7682,100.6618,100.6618,1030
15:28,100.5764,100.7682,100.5764,100.7682,1054
15:29,100.1963,100.5764,100.1963,100.5764,1597
15:30,100.4421,100.4421,100.1963,100.1963,1689
15:31,100.514,100.514,100.4421,100.4421,1361
15:32,100.4242,100.514,100.4242,100.514,1956
15:33,100.1386,100.4242,100.1386,100.4242,1643
15:34,99.9377,100.1386,99.9377,100.1386,1506
15:35,99.9707,99.9707,99.9377,99.9377,1671
15:36,100.03,100.03,99.9707,99.9707,1543
15:37,100.2944,100.2944,100.03,100.03,1505
15:38,100.2694,100.2944,100.2694,100.2944,1656
15:39,100.3426,100.3426,100.2694,100.2694,1288
15:40,100.4344,100.4344,100.3426,100.3426,2246
15:41,100.4655,100.4655,100.4344,100.4344,1518
15:42,100.436,100.4655,100.436,100.4655,3096
15:43,100.4214,100.436,100.4214,100.436,2244
15:44,100.4923,100.4923,100.4214,100.4214,2671
15:45,100.7327,100.7327,100.4923,100.4923,3354
15:46,100.6173,100.7327,100.6173,100.7327,3804
15:47,100.4628,100.6173,100.4628,100.6173,1871
15:48,100.2325,100.4628,100.2325,100.4628,3277
15:49,100.4342,100.4342,100.2325,100.2325,5216
15:50,100.505,100.505,100.4342,100.4342,2268
15:51,100.3687,100.505,100.3687,100.505,5160
15:52,100.5985,100.5985,100.3687,100.3687,2200
15:53,100.4994,100.5985,100.4994,100.5985,3711
15:54,100.4771,100.4994,100.4771,100.4994,5897
15:55,100.3577,100.4771,100.3577,100.4771,3531
15:56,100.247,100.3577,100.247,100.3577,4898
15:57,100.2137,100.247,100.2137,100.247,4511
15:58,100.2752,100.2752,100.2137,100.2137,14929
15:59,100.355,100.355,100.2752,100.2752,9667
