Time,Close,High,Low,Open,Volume
09:30,100.66,100.66,100.33,100.33,18689
09:31,100.8181,100.8181,100.66,100.66,10511
09:32,100.9185,100.9185,100.8181,100.8181,11775
09:33,101.1131,101.1131,100.9185,100.9185,16820
09:34,101.1491,101.1491,101.1131,101.1131,13466
09:35,100.851,101.1491,100.851,101.1491,4493
09:36,100.7263,100.851,100.7263,100.851,8147
09:37,100.8517,100.8517,100.7263,100.7263,5054
09:38,100.7872,100.8517,100.7872,100.8517,4718
09:39,100.7513,100.7872,100.7513,100.7872,5203
09:40,100.6068,100.7513,100.6068,100.7513,4357
09:41,100.645,100.645,100.6068,100.6068,6393
09:42,100.8094,100.8094,100.645,100.645,4619
09:43,100.8894,100.8894,100.8094,100.8094,3408
09:44,101.0574,101.0574,100.8894,100.8894,3544
09:45,100.9981,101.0574,100.9981,101.0574,3169
09:46,100.8051,100.9981,100.8051,100.9981,4457
09:47,100.5311,100.8051,100.5311,100.8051,2280
09:48,100.1055,100.5311,100.1055,100.5311,2567
09:49,100.1018,100.1055,100.1018,100.1055,1594
09:50,99.9285,100.1018,99.9285,100.1018,823
09:51,99.7067,99.9285,99.7067,99.9285,2423
09:52,99.8498,99.8498,99.7067,99.7067,2474
09:53,99.4735,99.8498,99.4735,99.8498,1331
09:54,99.1925,99.4735,99.1925,99.4735,3691
09:55,99.1505,99.1925,99.1505,99.1925,943
09:56,98.7921,99.1505,98.7921,99.1505,1539
09:57,98.3147,98.7921,98.3147,98.7921,1363
09:58,98.2701,98.3147,98.2701,98.3147,2420
09:59,98.2558,98.2701,98.2558,98.2701,2289
10:00,98.2553,98.2558,98.2553,98.2558,1393
10:01,98.0092,98.2553,98.0092,98.2553,1466
10:02,98.0209,98.0209,98.0092,98.0092,912
10:03,98.3473,98.3473,98.0209,98.0209,605
10:04,98.3347,98.3473,98.3347,98.3473,1056
10:05,98.1738,98.3347,98.1738,98.3347,1239
10:06,97.915,98.1738,97.915,98.1738,1782
10:07,97.806,97.915,97.806,97.915,1736
10:08,98.0534,98.0534,97.806,97.806,974
10:09,97.9819,98.0534,97.9819,98.0534,992
10:10,98.1761,98.1761,97.9819,97.9819,752
10:11,97.8802,98.1761,97.8802,98.1761,653
10:12,98.1029,98.1029,97.8802,97.8802,585
10:13,98.3359,98.3359,98.1029,98.1029,2120
10:14,98.4657,98.4657,98.3359,98.3359,880
10:15,98.3609,98.4657,98.3609,98.4657,897
10:16,98.2652,98.3609,98.2652,98.3609,668
10:17,98.4236,98.4236,98.2652,98.2652,1365
10:18,98.0881,98.4236,98.0881,98.4236,582
10:19,97.781,98.0881,97.781,98.0881,953
10:20,97.7972,97.7972,97.781,97.781,746
10:21,97.7785,97.7972,97.7785,97.7972,1171
10:22,97.7183,97.7785,97.7183,97.7785,850
10:23,97.6357,97.7183,97.6357,97.7183,668
10:24,97.7521,97.7521,97.6357,97.6357,1004
10:25,97.5216,97.7521,97.5216,97.7521,1178
10:26,97.3544,97.5216,97.3544,97.5216,1034
10:27,97.1396,97.3544,97.1396,97.3544,1123
10:28,97.2415,97.2415,97.1396,97.1396,805
10:29,97.5424,97.5424,97.2415,97.2415,885
10:30,97.481,97.5424,97.481,97.5424,792
10:31,97.4148,97.481,97.4148,97.481,885
10:32,97.0083,97.4148,97.0083,97.4148,753
10:33,97.1652,97.1652,97.0083,97.0083,544
10:34,97.169,97.169,97.1652,97.1652,1068
10:35,97.2591,97.2591,97.169,97.169,870
10:36,97.1252,97.2591,97.1252,97.2591,562
10:37,97.0121,97.1252,97.0121,97.1252,1181
10:38,97.4431,97.4431,97.0121,97.0121,726
10:39,97.7808,97.7808,97.4431,97.4431,1020
10:40,97.7399,97.7808,97.7399,97.7808,1297
10:41,97.682,97.7399,97.682,97.7399,1048
10:42,97.3541,97.682,97.3541,97.682,1499
10:43,97.6211,97.6211,97.3541,97.3541,646
10:44,97.659,97.659,97.6211,97.6211,1154
10:45,97.7136,97.7136,97.659,97.659,785
10:46,97.6758,97.7136,97.6758,97.7136,735
10:47,97.6498,97.6758,97.6498,97.6758,815
10:48,97.6446,97.6498,97.6446,97.6498,896
10:49,98.0455,98.0455,97.6446,97.6446,1020
10:50,98.2332,98.2332,98.0455,98.0455,662
10:51,98.1153,98.2332,98.1153,98.2332,1376
10:52,98.1841,98.1841,98.1153,98.1153,1180
10:53,98.254,98.254,98.1841,98.1841,580
10:54,98.555,98.555,98.254,98.254,1695
10:55,98.4351,98.555,98.4351,98.555,1958
10:56,98.695,98.695,98.4351,98.4351,1519
10:57,98.5854,98.695,98.5854,98.695,938
10:58,98.3548,98.5854,98.3548,98.5854,684
10:59,98.5142,98.5142,98.3548,98.3548,1453
11:00,98.5066,98.5142,98.5066,98.5142,867
11:01,98.492,98.5066,98.492,98.5066,1542
11:02,98.4755,98.492,98.4755,98.492,1077
11:03,98.5952,98.5952,98.4755,98.4755,1414
11:04,99.113,99.113,98.5952,98.5952,1135
11:05,98.9107,99.113,98.9107,99.113,1285
11:06,99.0041,99.0041,98.9107,98.9107,1004
11:07,98.9486,99.0041,98.9486,99.0041,1883
11:08,99.1024,99.1024,98.9486,98.9486,1046
11:09,99.3015,99.3015,99.1024,99.1024,1153
11:10,99.59,99.59,99.3015,99.3015,1949
11:11,99.6362,99.6362,99.59,99.59,620
11:12,99.4757,99.6362,99.4757,99.6362,637
11:13,99.3132,99.4757,99.3132,99.4757,1410
11:14,98.7776,99.3132,98.7776,99.3132,660
11:15,98.8057,98.8057,98.7776,98.7776,1992
11:16,98.6758,98.8057,98.6758,98.8057,864
11:17,98.6896,98.6896,98.6758,98.6758,767
11:18,98.7215,98.7215,98.6896,98.6896,1977
11:19,98.8607,98.8607,98.7215,98.7215,1690
11:20,98.9875,98.9875,98.8607,98.8607,1939
11:21,99.1851,99.1851,98.9875,98.9875,1379
11:22,99.3312,99.3312,99.1851,99.1851,737
11:23,99.4841,99.4841,99.3312,99.3312,1968
11:24,99.808,99.808,99.4841,99.4841,909
11:25,100.1051,100.1051,99.808,99.808,1329
11:26,99.847,100.1051,99.847,100.1051,1399
11:27,99.7335,99.847,99.7335,99.847,947
11:28,99.6362,99.7335,99.6362,99.7335,1243
11:29,99.6208,99.6362,99.6208,99.6362,1387
11:30,99.6974,99.6974,99.6208,99.6208,1143
11:31,99.8319,99.8319,99.6974,99.6974,677
11:32,99.9799,99.9799,99.8319,99.8319,1112
11:33,100.4665,100.4665,99.9799,99.9799,1600
11:34,100.3694,100.4665,100.3694,100.4665,782
11:35,100.1292,100.3694,100.1292,100.3694,948
11:36,99.8228,100.1292,99.8228,100.1292,857
11:37,99.9752,99.9752,99.8228,99.8228,1926
11:38,100.0687,100.0687,99.9752,99.9752,1269
11:39,99.7622,100.0687,99.7622,100.0687,1155
11:40,100.0371,100.0371,99.7622,99.7622,761
11:41,99.9304,100.0371,99.9304,100.0371,1211
11:42,100.0293,100.0293,99.9304,99.9304,787
11:43,99.8792,100.0293,99.8792,100.0293,1011
11:44,99.8547,99.8792,99.8547,99.8792,798
11:45,100.1164,100.1164,99.8547,99.8547,1271
11:46,100.3599,100.3599,100.1164,100.1164,1227
11:47,100.3367,100.3599,100.3367,100.3599,929
11:48,100.6073,100.6073,100.3367,100.3367,1151
11:49,100.6742,100.6742,100.6073,100.6073,679
11:50,100.5603,100.6742,100.5603,100.6742,589
11:51,100.3937,100.5603,100.3937,100.5603,1169
11:52,100.1927,100.3937,100.1927,100.3937,1061
11:53,100.0205,100.1927,100.0205,100.1927,1252
11:54,100.011,100.0205,100.011,100.0205,2328
11:55,100.0212,100.0212,100.011,100.011,1398
11:56,100.0747,100.0747,100.0212,100.0212,724
11:57,99.954,100.0747,99.954,100.0747,1486
11:58,100.1082,100.1082,99.954,99.954,627
11:59,99.9899,100.1082,99.9899,100.1082,849
12:00,99.8855,99.9899,99.8855,99.9899,976
12:01,100.0196,100.0196,99.8855,99.8855,1836
12:02,100.1319,100.1319,100.0196,100.0196,768
12:03,100.2042,100.2042,100.1319,100.1319,746
12:04,100.0128,100.2042,100.0128,100.2042,966
12:05,100.0109,100.0128,100.0109,100.0128,790
12:06,100.1815,100.1815,100.0109,100.0109,1491
12:07,100.0134,100.1815,100.0134,100.1815,682
12:08,100.1444,100.1444,100.0134,100.0134,666
12:09,100.2,100.2,100.1444,100.1444,856
12:10,100.3762,100.3762,100.2,100.2,838
12:11,100.529,100.529,100.3762,100.3762,1982
12:12,100.5767,100.5767,100.529,100.529,1400
12:13,100.6504,100.6504,100.5767,100.5767,1032
12:14,100.7896,100.7896,100.6504,100.6504,648
12:15,100.5889,100.7896,100.5889,100.7896,1349
12:16,100.4592,100.5889,100.4592,100.5889,701
12:17,100.5005,100.5005,100.4592,100.4592,578
12:18,100.8645,100.8645,100.5005,100.5005,1524
12:19,101.0107,101.0107,100.8645,100.8645,1119
12:20,100.6668,101.0107,100.6668,101.0107,1386
12:21,100.369,100.6668,100.369,100.6668,1120
12:22,100.3686,100.369,100.3686,100.369,1355
12:23,100.3188,100.3686,100.3188,100.3686,794
12:24,100.4724,100.4724,100.3188,100.3188,693
12:25,100.4521,100.4724,100.4521,100.4724,1273
12:26,100.4409,100.4521,100.4409,100.4521,752
12:27,100.3727,100.4409,100.3727,100.4409,783
12:28,100.2082,100.3727,100.2082,100.3727,851
12:29,100.3253,100.3253,100.2082,100.2082,1006
12:30,100.4311,100.4311,100.3253,100.3253,882
12:31,100.4284,100.4311,100.4284,100.4311,614
12:32,100.6454,100.6454,100.4284,100.4284,796
12:33,100.6527,100.6527,100.6454,100.6454,455
12:34,100.7572,100.7572,100.6527,100.6527,1248
12:35,100.3947,100.7572,100.3947,100.7572,567
12:36,100.6026,100.6026,100.3947,100.3947,676
12:37,100.3941,100.6026,100.3941,100.6026,1019
12:38,100.6404,100.6404,100.3941,100.3941,769
12:39,100.5764,100.6404,100.5764,100.6404,1728
12:40,100.3544,100.5764,100.3544,100.5764,632
12:41,100.3409,100.3544,100.3409,100.3544,1099
12:42,100.534,100.534,100.3409,100.3409,986
12:43,100.5979,100.5979,100.534,100.534,661
12:44,100.5492,100.5979,100.5492,100.5979,1204
12:45,100.5998,100.5998,100.5492,100.5492,941
12:46,100.954,100.954,100.5998,100.5998,1315
12:47,101.0955,101.0955,100.954,100.954,1339
12:48,101.4146,101.4146,101.0955,101.0955,2153
12:49,101.626,101.626,101.4146,101.4146,1606
12:50,101.5137,101.626,101.5137,101.626,877
12:51,101.9335,101.9335,101.5137,101.5137,919
12:52,102.1668,102.1668,101.9335,101.9335,1477
12:53,102.063,102.1668,102.063,102.1668,1261
12:54,102.0982,102.0982,102.063,102.063,1255
12:55,102.4446,102.4446,102.0982,102.0982,564
12:56,102.448,102.448,102.4446,102.4446,991
12:57,102.5891,102.5891,102.448,102.448,770
12:58,102.7048,102.7048,102.5891,102.5891,1104
12:59,102.7833,102.7833,102.7048,102.7048,966
13:00,102.5487,102.7833,102.5487,102.7833,1381
13:01,102.2457,102.5487,102.2457,102.5487,1119
13:02,102.4278,102.4278,102.2457,102.2457,1321
13:03,102.1891,102.4278,102.1891,102.4278,848
13:04,102.3182,102.3182,102.1891,102.1891,715
13:05,102.1195,102.3182,102.1195,102.3182,865
13:06,102.0848,102.1195,102.0848,102.1195,994
13:07,101.9218,102.0848,101.9218,102.0848,1144
13:08,101.6636,101.9218,101.6636,101.9218,2228
13:09,101.6166,101.6636,101.6166,101.6636,985
13:10,101.9206,101.9206,101.6166,101.6166,713
13:11,101.7617,101.9206,101.7617,101.9206,885
13:12,101.854,101.854,101.7617,101.7617,848
13:13,102.0041,102.0041,101.854,101.854,1186
13:14,102.1409,102.1409,102.0041,102.0041,579
13:15,102.4544,102.4544,102.1409,102.1409,1023
13:16,102.6476,102.6476,102.4544,102.4544,1057
13:17,102.6715,102.6715,102.6476,102.6476,1086
13:18,102.4578,102.6715,102.4578,102.6715,809
13:19,102.5776,102.5776,102.4578,102.4578,919
13:20,102.6387,102.6387,102.5776,102.5776,604
13:21,102.4958,102.6387,102.4958,102.6387,840
13:22,102.6314,102.6314,102.4958,102.4958,825
13:23,102.3807,102.6314,102.3807,102.6314,1159
13:24,102.3321,102.3807,102.3321,102.3807,664
13:25,102.1845,102.3321,102.1845,102.3321,1319
13:26,102.1474,102.1845,102.1474,102.1845,1699
13:27,102.0789,102.1474,102.0789,102.1474,480
13:28,102.3175,102.3175,102.0789,102.0789,1163
13:29,102.705,102.705,102.3175,102.3175,1271
13:30,102.9546,102.9546,102.705,102.705,798
13:31,102.6281,102.9546,102.6281,102.9546,869
13:32,102.7972,102.7972,102.6281,102.6281,954
13:33,102.4406,102.7972,102.4406,102.7972,900
13:34,102.6761,102.6761,102.4406,102.4406,896
13:35,102.4669,102.6761,102.4669,102.6761,552
13:36,102.3504,102.4669,102.3504,102.4669,1505
13:37,102.1535,102.3504,102.1535,102.3504,1466
13:38,101.9892,102.1535,101.9892,102.1535,750
13:39,102.3743,102.3743,101.9892,101.9892,595
13:40,102.1205,102.3743,102.1205,102.3743,1203
13:41,101.9861,102.1205,101.9861,102.1205,815
13:42,101.8802,101.9861,101.8802,101.9861,1052
13:43,101.7715,101.8802,101.7715,101.8802,893
13:44,101.6005,101.7715,101.6005,101.7715,1278
13:45,101.8627,101.8627,101.6005,101.6005,1279
13:46,101.9691,101.9691,101.8627,101.8627,773
13:47,101.8292,101.9691,101.8292,101.9691,612
13:48,101.6907,101.8292,101.6907,101.8292,571
13:49,101.748,101.748,101.6907,101.6907,1242
13:50,101.2566,101.748,101.2566,101.748,656
13:51,101.1982,101.2566,101.1982,101.2566,836
13:52,100.9113,101.1982,100.9113,101.1982,809
13:53,100.9637,100.9637,100.9113,100.9113,982
13:54,100.9365,100.9637,100.9365,100.9637,503
13:55,100.8926,100.9365,100.8926,100.9365,1069
13:56,100.7217,100.8926,100.7217,100.8926,1204
13:57,101.0163,101.0163,100.7217,100.7217,1032
13:58,101.0113,101.0163,101.0113,101.0163,896
13:59,101.1933,101.1933,101.0113,101.0113,1035
14:00,101.3841,101.3841,101.1933,101.1933,1152
14:01,101.4276,101.4276,101.3841,101.3841,374
14:02,101.3971,101.4276,101.3971,101.4276,2000
14:03,101.3685,101.3971,101.3685,101.3971,1148
14:04,101.0483,101.3685,101.0483,101.3685,794
14:05,101.092,101.092,101.0483,101.0483,871
14:06,100.8195,101.092,100.8195,101.092,1191
14:07,100.7487,100.8195,100.7487,100.8195,960
14:08,100.8762,100.8762,100.7487,100.7487,487
14:09,100.9486,100.9486,100.8762,100.8762,2079
14:10,100.8178,100.9486,100.8178,100.9486,962
14:11,100.4838,100.8178,100.4838,100.8178,1436
14:12,100.4937,100.4937,100.4838,100.4838,782
14:13,100.446,100.4937,100.446,100.4937,1724
14:14,100.4457,100.446,100.4457,100.446,1107
14:15,100.3603,100.4457,100.3603,100.4457,1241
14:16,100.5275,100.5275,100.3603,100.3603,690
14:17,100.3808,100.5275,100.3808,100.5275,1536
14:18,100.3196,100.3808,100.3196,100.3808,1277
14:19,100.3934,100.3934,100.3196,100.3196,1586
14:20,100.4206,100.4206,100.3934,100.3934,800
14:21,100.4665,100.4665,100.4206,100.4206,843
14:22,100.6096,100.6096,100.4665,100.4665,2263
14:23,100.698,100.698,100.6096,100.6096,687
14:24,100.7344,100.7344,100.698,100.698,953
14:25,100.7338,100.7344,100.7338,100.7344,1496
14:26,100.5734,100.7338,100.5734,100.7338,1035
14:27,100.5417,100.5734,100.5417,100.5734,1230
14:28,100.4826,100.5417,100.4826,100.5417,868
14:29,100.2759,100.4826,100.2759,100.4826,1140
14:30,100.4232,100.4232,100.2759,100.2759,629
14:31,100.5595,100.5595,100.4232,100.4232,1800
14:32,100.6019,100.6019,100.5595,100.5595,959
14:33,100.7633,100.7633,100.6019,100.6019,786
14:34,100.3304,100.7633,100.3304,100.7633,1267
14:35,100.4034,100.4034,100.3304,100.3304,849
14:36,100.2189,100.4034,100.2189,100.4034,623
14:37,100.1582,100.2189,100.1582,100.2189,620
14:38,100.2856,100.2856,100.1582,100.1582,1279
14:39,100.7183,100.7183,100.2856,100.2856,945
14:40,100.7677,100.7677,100.7183,100.7183,954
14:41,100.7658,100.7677,100.7658,100.7677,1466
14:42,100.6615,100.7658,100.6615,100.7658,671
14:43,100.7369,100.7369,100.6615,100.6615,772
14:44,100.3845,100.7369,100.3845,100.7369,873
14:45,100.4389,100.4389,100.3845,100.3845,1035
14:46,100.528,100.528,100.4389,100.4389,986
14:47,100.5508,100.5508,100.528,100.528,904
14:48,100.2993,100.5508,100.2993,100.5508,979
14:49,100.5867,100.5867,100.2993,100.2993,964
14:50,100.8915,100.8915,100.5867,100.5867,776
14:51,101.1423,101.1423,100.8915,100.8915,751
14:52,101.101,101.1423,101.101,101.1423,1104
14:53,101.354,101.354,101.101,101.101,731
14:54,101.6234,101.6234,101.354,101.354,665
14:55,101.5453,101.6234,101.5453,101.6234,898
14:56,101.2929,101.5453,101.2929,101.5453,949
14:57,101.3743,101.3743,101.2929,101.2929,2234
14:58,101.4767,101.4767,101.3743,101.3743,782
14:59,101.5693,101.5693,101.4767,101.4767,1404
15:00,101.5697,101.5697,101.5693,101.5693,1311
15:01,101.708,101.708,101.5697,101.5697,660
15:02,101.4588,101.708,101.4588,101.708,1326
15:03,101.1866,101.4588,101.1866,101.4588,663
15:04,101.0724,101.1866,101.0724,101.1866,394
15:05,101.1043,101.1043,101.0724,101.0724,1255
15:06,101.1604,101.1604,101.1043,101.1043,544
15:07,101.4482,101.4482,101.1604,101.1604,1192
15:08,101.2111,101.4482,101.2111,101.4482,799
15:09,101.3273,101.3273,101.2111,101.2111,1839
15:10,101.0991,101.3273,101.0991,101.3273,1496
15:11,101.0492,101.0991,101.0492,101.0991,875
15:12,101.0595,101.0595,101.0492,101.0492,808
15:13,100.9329,101.0595,100.9329,101.0595,674
15:14,101.131,101.131,100.9329,100.9329,891
15:15,100.9923,101.131,100.9923,101.131,948
15:16,101.2746,101.2746,100.9923,100.9923,926
15:17,101.1028,101.2746,101.1028,101.2746,1122
15:18,100.9536,101.1028,100.9536,101.1028,1314
15:19,100.9564,100.9564,100.9536,100.9536,1223
15:20,101.0659,101.0659,100.9564,100.9564,832
15:21,100.994,101.0659,100.994,101.0659,663
15:22,100.9949,100.9949,100.994,100.994,1813
15:23,101.1262,101.1262,100.9949,100.9949,888
15:24,101.2642,101.2642,101.1262,101.1262,914
15:25,101.1524,101.2642,101.1524,101.2642,974
15:26,100.6931,101.1524,100.6931,101.1524,622
15:27,100.3056,100.6931,100.3056,100.6931,1030
15:28,100.3291,100.3291,100.3056,100.3056,1054
15:29,100.5241,100.5241,100.3291,100.3291,1597
15:30,100.4844,100.5241,100.4844,100.5241,1689
15:31,100.4976,100.4976,100.4844,100.4844,1361
15:32,100.2795,100.4976,100.2795,100.4976,1956
15:33,100.5172,100.5172,100.2795,100.2795,1643
15:34,100.5267,100.5267,100.5172,100.5172,1506
15:35,100.6467,100.6467,100.5267,100.5267,1671
15:36,100.4164,100.6467,100.4164,100.6467,1543
15:37,100.3082,100.4164,100.3082,100.4164,1505
15:38,100.1104,100.3082,100.1104,100.3082,1656
15:39,100.0959,100.1104,100.0959,100.1104,1288
15:40,100.0731,100.0959,100.0731,100.0959,2246
15:41,100.3365,100.3365,100.0731,100.0731,1518
15:42,100.2226,100.3365,100.2226,100.3365,3096
15:43,100.3551,100.3551,100.2226,100.2226,2244
15:44,100.376,100.376,100.3551,100.3551,2671
15:45,100.4617,100.4617,100.376,100.376,3354
15:46,100.5455,100.5455,100.4617,100.4617,3804
15:47,100.9605,100.9605,100.5455,100.5455,1871
15:48,101.4113,101.4113,100.9605,100.9605,3277
15:49,101.5957,101.5957,101.4113,101.4113,5216
15:50,101.1588,101.5957,101.1588,101.5957,2268
15:51,101.0727,101.1588,101.0727,101.1588,5160
15:52,101.1465,101.1465,101.0727,101.0727,2200
15:53,101.4423,101.4423,101.1465,101.1465,3711
15:54,101.5353,101.5353,101.4423,101.4423,5897
15:55,101.4379,101.5353,101.4379,101.5353,3531
15:56,101.5189,101.5189,101.4379,101.4379,4898
15:57,101.4309,101.5189,101.4309,101.5189,4511
15:58,101.4555,101.4555,101.4309,101.4309,14929
15:59,101.5583,101.5583,101.4555,101.4555,9667
