Time,Close,High,Low,Open,Volume
09:30,100.0092,100.0153,100.0092,100.0153,18689
09:31,100.0187,100.0187,100.0092,100.0092,10511
09:32,100.0027,100.0187,100.0027,100.0187,11775
09:33,99.9918,100.0027,99.9918,100.0027,16820
09:34,99.9714,99.9918,99.9714,99.9918,13466
09:35,99.9632,99.9714,99.9632,99.9714,4493
09:36,99.9272,99.9632,99.9272,99.9632,8147
09:37,99.9466,99.9466,99.9272,99.9272,5054
09:38,99.9309,99.9466,99.9309,99.9466,4718
09:39,99.9476,99.9476,99.9309,99.9309,5203
09:40,99.9243,99.9476,99.9243,99.9476,4357
09:41,99.9247,99.9247,99.9243,99.9243,6393
09:42,99.9612,99.9612,99.9247,99.9247,4619
09:43,99.9585,99.9612,99.9585,99.9612,3408
09:44,99.9543,99.9585,99.9543,99.9585,3544
09:45,99.9452,99.9543,99.9452,99.9543,3169
09:46,99.9688,99.9688,99.9452,99.9452,4457
09:47,99.9776,99.9776,99.9688,99.9688,2280
09:48,99.9866,99.9866,99.9776,99.9776,2567
09:49,100.0195,100.0195,99.9866,99.9866,1594
09:50,100.0216,100.0216,100.0195,100.0195,823
09:51,100.0192,100.0216,100.0192,100.0216,2423
09:52,100.0114,100.0192,100.0114,100.0192,2474
09:53,99.9763,100.0114,99.9763,100.0114,1331
09:54,99.9655,99.9763,99.9655,99.9763,3691
09:55,99.9878,99.9878,99.9655,99.9655,943
09:56,100.0004,100.0004,99.9878,99.9878,1539
09:57,100.0069,100.0069,100.0004,100.0004,1363
09:58,100.0151,100.0151,100.0069,100.0069,2420
09:59,99.995,100.0151,99.995,100.0151,2289
10:00,100.0039,100.0039,99.995,99.995,1393
10:01,99.9903,100.0039,99.9903,100.0039,1466
10:02,99.994,99.994,99.9903,99.9903,912
10:03,99.9683,99.994,99.9683,99.994,605
10:04,99.966,99.9683,99.966,99.9683,1056
10:05,99.967,99.967,99.966,99.966,1239
10:06,99.9554,99.967,99.9554,99.967,1782
10:07,99.9706,99.9706,99.9554,99.9554,1736
10:08,99.9659,99.9706,99.9659,99.9706,974
10:09,99.9869,99.9869,99.9659,99.9659,992
10:10,99.9947,99.9947,99.9869,99.9869,752
10:11,99.9946,99.9947,99.9946,99.9947,653
10:12,99.988,99.9946,99.988,99.9946,585
10:13,99.9697,99.988,99.9697,99.988,2120
10:14,99.9556,99.9697,99.9556,99.9697,880
10:15,99.9686,99.9686,99.9556,99.9556,897
10:16,99.9832,99.9832,99.9686,99.9686,668
10:17,99.993,99.993,99.9832,99.9832,1365
10:18,100.0224,100.0224,99.993,99.993,582
10:19,100.0304,100.0304,100.0224,100.0224,953
10:20,100.0318,100.0318,100.0304,100.0304,746
10:21,100.0246,100.0318,100.0246,100.0318,1171
10:22,100.0457,100.0457,100.0246,100.0246,850
10:23,100.0108,100.0457,100.0108,100.0457,668
10:24,99.9927,100.0108,99.9927,100.0108,1004
10:25,99.9843,99.9927,99.9843,99.9927,1178
10:26,99.9813,99.9843,99.9813,99.9843,1034
10:27,99.9922,99.9922,99.9813,99.9813,1123
10:28,99.9886,99.9922,99.9886,99.9922,805
10:29,100.0117,100.0117,99.9886,99.9886,885
10:30,100.0011,100.0117,100.0011,100.0117,792
10:31,99.996,100.0011,99.996,100.0011,885
10:32,99.9713,99.996,99.9713,99.996,753
10:33,99.9699,99.9713,99.9699,99.9713,544
10:34,99.9802,99.9802,99.9699,99.9699,1068
10:35,99.9641,99.9802,99.9641,99.9802,870
10:36,99.9519,99.9641,99.9519,99.9641,562
10:37,99.9466,99.9519,99.9466,99.9519,1181
10:38,99.9384,99.9466,99.9384,99.9466,726
10:39,99.9403,99.9403,99.9384,99.9384,1020
10:40,99.9228,99.9403,99.9228,99.9403,1297
10:41,99.9505,99.9505,99.9228,99.9228,1048
10:42,99.9569,99.9569,99.9505,99.9505,1499
10:43,99.9538,99.9569,99.9538,99.9569,646
10:44,99.9582,99.9582,99.9538,99.9538,1154
10:45,99.9784,99.9784,99.9582,99.9582,785
10:46,99.9566,99.9784,99.9566,99.9784,735
10:47,99.961,99.961,99.9566,99.9566,815
10:48,99.9399,99.961,99.9399,99.961,896
10:49,99.9189,99.9399,99.9189,99.9399,1020
10:50,99.9048,99.9189,99.9048,99.9189,662
10:51,99.8866,99.9048,99.8866,99.9048,1376
10:52,99.8661,99.8866,99.8661,99.8866,1180
10:53,99.8576,99.8661,99.8576,99.8661,580
10:54,99.851,99.8576,99.851,99.8576,1695
10:55,99.8625,99.8625,99.851,99.851,1958
10:56,99.858,99.8625,99.858,99.8625,1519
10:57,99.8619,99.8619,99.858,99.858,938
10:58,99.8294,99.8619,99.8294,99.8619,684
10:59,99.8186,99.8294,99.8186,99.8294,1453
11:00,99.8256,99.8256,99.8186,99.8186,867
11:01,99.827,99.827,99.8256,99.8256,1542
11:02,99.8123,99.827,99.8123,99.827,1077
11:03,99.7985,99.8123,99.7985,99.8123,1414
11:04,99.7863,99.7985,99.7863,99.7985,1135
11:05,99.7833,99.7863,99.7833,99.7863,1285
11:06,99.7822,99.7833,99.7822,99.7833,1004
11:07,99.7727,99.7822,99.7727,99.7822,1883
11:08,99.7913,99.7913,99.7727,99.7727,1046
11:09,99.8003,99.8003,99.7913,99.7913,1153
11:10,99.8096,99.8096,99.8003,99.8003,1949
11:11,99.7811,99.8096,99.7811,99.8096,620
11:12,99.7986,99.7986,99.7811,99.7811,637
11:13,99.8002,99.8002,99.7986,99.7986,1410
11:14,99.7642,99.8002,99.7642,99.8002,660
11:15,99.7672,99.7672,99.7642,99.7642,1992
11:16,99.7745,99.7745,99.7672,99.7672,864
11:17,99.7781,99.7781,99.7745,99.7745,767
11:18,99.7671,99.7781,99.7671,99.7781,1977
11:19,99.7447,99.7671,99.7447,99.7671,1690
11:20,99.7428,99.7447,99.7428,99.7447,1939
11:21,99.7357,99.7428,99.7357,99.7428,1379
11:22,99.7342,99.7357,99.7342,99.7357,737
11:23,99.7369,99.7369,99.7342,99.7342,1968
11:24,99.7249,99.7369,99.7249,99.7369,909
11:25,99.7457,99.7457,99.7249,99.7249,1329
11:26,99.7351,99.7457,99.7351,99.7457,1399
11:27,99.7403,99.7403,99.7351,99.7351,947
11:28,99.753,99.753,99.7403,99.7403,1243
11:29,99.7346,99.753,99.7346,99.753,1387
11:30,99.7313,99.7346,99.7313,99.7346,1143
11:31,99.7101,99.7313,99.7101,99.7313,677
11:32,99.7075,99.7101,99.7075,99.7101,1112
11:33,99.6934,99.7075,99.6934,99.7075,1600
11:34,99.6833,99.6934,99.6833,99.6934,782
11:35,99.6773,99.6833,99.6773,99.6833,948
11:36,99.6605,99.6773,99.6605,99.6773,857
11:37,99.6698,99.6698,99.6605,99.6605,1926
11:38,99.6683,99.6698,99.6683,99.6698,1269
11:39,99.6719,99.6719,99.6683,99.6683,1155
11:40,99.6699,99.6719,99.6699,99.6719,761
11:41,99.692,99.692,99.6699,99.6699,1211
11:42,99.6958,99.6958,99.692,99.692,787
11:43,99.6962,99.6962,99.6958,99.6958,1011
11:44,99.6686,99.6962,99.6686,99.6962,798
11:45,99.6774,99.6774,99.6686,99.6686,1271
11:46,99.6608,99.6774,99.6608,99.6774,1227
11:47,99.6534,99.6608,99.6534,99.6608,929
11:48,99.6603,99.6603,99.6534,99.6534,1151
11:49,99.6684,99.6684,99.6603,99.6603,679
11:50,99.6673,99.6684,99.6673,99.6684,589
11:51,99.6202,99.6673,99.6202,99.6673,1169
11:52,99.6181,99.6202,99.6181,99.6202,1061
11:53,99.6023,99.6181,99.6023,99.6181,1252
11:54,99.5791,99.6023,99.5791,99.6023,2328
11:55,99.5677,99.5791,99.5677,99.5791,1398
11:56,99.5537,99.5677,99.5537,99.5677,724
11:57,99.5182,99.5537,99.5182,99.5537,1486
11:58,99.5182,99.5182,99.5182,99.5182,627
11:59,99.5371,99.5371,99.5182,99.5182,849
12:00,99.5383,99.5383,99.5371,99.5371,976
12:01,99.5402,99.5402,99.5383,99.5383,1836
12:02,99.5467,99.5467,99.5402,99.5402,768
12:03,99.5333,99.5467,99.5333,99.5467,746
12:04,99.5095,99.5333,99.5095,99.5333,966
12:05,99.4971,99.5095,99.4971,99.5095,790
12:06,99.5138,99.5138,99.4971,99.4971,1491
12:07,99.4782,99.5138,99.4782,99.5138,682
12:08,99.4769,99.4782,99.4769,99.4782,666
12:09,99.484,99.484,99.4769,99.4769,856
12:10,99.4534,99.484,99.4534,99.484,838
12:11,99.4645,99.4645,99.4534,99.4534,1982
12:12,99.4699,99.4699,99.4645,99.4645,1400
12:13,99.484,99.484,99.4699,99.4699,1032
12:14,99.4755,99.484,99.4755,99.484,648
12:15,99.457,99.4755,99.457,99.4755,1349
12:16,99.4627,99.4627,99.457,99.457,701
12:17,99.4634,99.4634,99.4627,99.4627,578
12:18,99.4506,99.4634,99.4506,99.4634,1524
12:19,99.4547,99.4547,99.4506,99.4506,1119
12:20,99.4753,99.4753,99.4547,99.4547,1386
12:21,99.4804,99.4804,99.4753,99.4753,1120
12:22,99.5151,99.5151,99.4804,99.4804,1355
12:23,99.5025,99.5151,99.5025,99.5151,794
12:24,99.4947,99.5025,99.4947,99.5025,693
12:25,99.5055,99.5055,99.4947,99.4947,1273
12:26,99.482,99.5055,99.482,99.5055,752
12:27,99.4808,99.482,99.4808,99.482,783
12:28,99.5063,99.5063,99.4808,99.4808,851
12:29,99.4998,99.5063,99.4998,99.5063,1006
12:30,99.533,99.533,99.4998,99.4998,882
12:31,99.5319,99.533,99.5319,99.533,614
12:32,99.535,99.535,99.5319,99.5319,796
12:33,99.5149,99.535,99.5149,99.535,455
12:34,99.4966,99.5149,99.4966,99.5149,1248
12:35,99.4879,99.4966,99.4879,99.4966,567
12:36,99.4787,99.4879,99.4787,99.4879,676
12:37,99.5054,99.5054,99.4787,99.4787,1019
12:38,99.5098,99.5098,99.5054,99.5054,769
12:39,99.5307,99.5307,99.5098,99.5098,1728
12:40,99.5428,99.5428,99.5307,99.5307,632
12:41,99.5484,99.5484,99.5428,99.5428,1099
12:42,99.5321,99.5484,99.5321,99.5484,986
12:43,99.5162,99.5321,99.5162,99.5321,661
12:44,99.4868,99.5162,99.4868,99.5162,1204
12:45,99.4975,99.4975,99.4868,99.4868,941
12:46,99.4985,99.4985,99.4975,99.4975,1315
12:47,99.4743,99.4985,99.4743,99.4985,1339
12:48,99.4518,99.4743,99.4518,99.4743,2153
12:49,99.4423,99.4518,99.4423,99.4518,1606
12:50,99.4292,99.4423,99.4292,99.4423,877
12:51,99.4239,99.4292,99.4239,99.4292,919
12:52,99.4296,99.4296,99.4239,99.4239,1477
12:53,99.4057,99.4296,99.4057,99.4296,1261
12:54,99.3543,99.4057,99.3543,99.4057,1255
12:55,99.3568,99.3568,99.3543,99.3543,564
12:56,99.3587,99.3587,99.3568,99.3568,991
12:57,99.3737,99.3737,99.3587,99.3587,770
12:58,99.3541,99.3737,99.3541,99.3737,1104
12:59,99.342,99.3541,99.342,99.3541,966
13:00,99.3455,99.3455,99.342,99.342,1381
13:01,99.3449,99.3455,99.3449,99.3455,1119
13:02,99.3407,99.3449,99.3407,99.3449,1321
13:03,99.3475,99.3475,99.3407,99.3407,848
13:04,99.3696,99.3696,99.3475,99.3475,715
13:05,99.3786,99.3786,99.3696,99.3696,865
13:06,99.3949,99.3949,99.3786,99.3786,994
13:07,99.3925,99.3949,99.3925,99.3949,1144
13:08,99.4019,99.4019,99.3925,99.3925,2228
13:09,99.3965,99.4019,99.3965,99.4019,985
13:10,99.3745,99.3965,99.3745,99.3965,713
13:11,99.3924,99.3924,99.3745,99.3745,885
13:12,99.4228,99.4228,99.3924,99.3924,848
13:13,99.4219,99.4228,99.4219,99.4228,1186
13:14,99.4023,99.4219,99.4023,99.4219,579
13:15,99.3858,99.4023,99.3858,99.4023,1023
13:16,99.3969,99.3969,99.3858,99.3858,1057
13:17,99.3941,99.3969,99.3941,99.3969,1086
13:18,99.4042,99.4042,99.3941,99.3941,809
13:19,99.3732,99.4042,99.3732,99.4042,919
13:20,99.385,99.385,99.3732,99.3732,604
13:21,99.3638,99.385,99.3638,99.385,840
13:22,99.3441,99.3638,99.3441,99.3638,825
13:23,99.3574,99.3574,99.3441,99.3441,1159
13:24,99.3677,99.3677,99.3574,99.3574,664
13:25,99.3738,99.3738,99.3677,99.3677,1319
13:26,99.3511,99.3738,99.3511,99.3738,1699
13:27,99.3425,99.3511,99.3425,99.3511,480
13:28,99.3639,99.3639,99.3425,99.3425,1163
13:29,99.3769,99.3769,99.3639,99.3639,1271
13:30,99.359,99.3769,99.359,99.3769,798
13:31,99.344,99.359,99.344,99.359,869
13:32,99.3387,99.344,99.3387,99.344,954
13:33,99.3775,99.3775,99.3387,99.3387,900
13:34,99.4031,99.4031,99.3775,99.3775,896
13:35,99.3824,99.4031,99.3824,99.4031,552
13:36,99.3963,99.3963,99.3824,99.3824,1505
13:37,99.4059,99.4059,99.3963,99.3963,1466
13:38,99.4164,99.4164,99.4059,99.4059,750
13:39,99.4324,99.4324,99.4164,99.4164,595
13:40,99.4115,99.4324,99.4115,99.4324,1203
13:41,99.4083,99.4115,99.4083,99.4115,815
13:42,99.4074,99.4083,99.4074,99.4083,1052
13:43,99.42,99.42,99.4074,99.4074,893
13:44,99.4292,99.4292,99.42,99.42,1278
13:45,99.4435,99.4435,99.4292,99.4292,1279
13:46,99.4329,99.4435,99.4329,99.4435,773
13:47,99.4344,99.4344,99.4329,99.4329,612
13:48,99.4327,99.4344,99.4327,99.4344,571
13:49,99.4301,99.4327,99.4301,99.4327,1242
13:50,99.433,99.433,99.4301,99.4301,656
13:51,99.4262,99.433,99.4262,99.433,836
13:52,99.4609,99.4609,99.4262,99.4262,809
13:53,99.484,99.484,99.4609,99.4609,982
13:54,99.4958,99.4958,99.484,99.484,503
13:55,99.5129,99.5129,99.4958,99.4958,1069
13:56,99.5082,99.5129,99.5082,99.5129,1204
13:57,99.5272,99.5272,99.5082,99.5082,1032
13:58,99.521,99.5272,99.521,99.5272,896
13:59,99.5212,99.5212,99.521,99.521,1035
14:00,99.5329,99.5329,99.5212,99.5212,1152
14:01,99.5179,99.5329,99.5179,99.5329,374
14:02,99.5265,99.5265,99.5179,99.5179,2000
14:03,99.5139,99.5265,99.5139,99.5265,1148
14:04,99.5078,99.5139,99.5078,99.5139,794
14:05,99.5099,99.5099,99.5078,99.5078,871
14:06,99.5069,99.5099,99.5069,99.5099,1191
14:07,99.5085,99.5085,99.5069,99.5069,960
14:08,99.5281,99.5281,99.5085,99.5085,487
14:09,99.5284,99.5284,99.5281,99.5281,2079
14:10,99.5363,99.5363,99.5284,99.5284,962
14:11,99.5319,99.5363,99.5319,99.5363,1436
14:12,99.5135,99.5319,99.5135,99.5319,782
14:13,99.5325,99.5325,99.5135,99.5135,1724
14:14,99.5349,99.5349,99.5325,99.5325,1107
14:15,99.5456,99.5456,99.5349,99.5349,1241
14:16,99.5739,99.5739,99.5456,99.5456,690
14:17,99.5724,99.5739,99.5724,99.5739,1536
14:18,99.5747,99.5747,99.5724,99.5724,1277
14:19,99.5614,99.5747,99.5614,99.5747,1586
14:20,99.5769,99.5769,99.5614,99.5614,800
14:21,99.5955,99.5955,99.5769,99.5769,843
14:22,99.6035,99.6035,99.5955,99.5955,2263
14:23,99.6476,99.6476,99.6035,99.6035,687
14:24,99.6586,99.6586,99.6476,99.6476,953
14:25,99.686,99.686,99.6586,99.6586,1496
14:26,99.7104,99.7104,99.686,99.686,1035
14:27,99.7148,99.7148,99.7104,99.7104,1230
14:28,99.6982,99.7148,99.6982,99.7148,868
14:29,99.7215,99.7215,99.6982,99.6982,1140
14:30,99.7356,99.7356,99.7215,99.7215,629
14:31,99.756,99.756,99.7356,99.7356,1800
14:32,99.7593,99.7593,99.756,99.756,959
14:33,99.7436,99.7593,99.7436,99.7593,786
14:34,99.7404,99.7436,99.7404,99.7436,1267
14:35,99.7543,99.7543,99.7404,99.7404,849
14:36,99.7557,99.7557,99.7543,99.7543,623
14:37,99.7663,99.7663,99.7557,99.7557,620
14:38,99.7652,99.7663,99.7652,99.7663,1279
14:39,99.755,99.7652,99.755,99.7652,945
14:40,99.7601,99.7601,99.755,99.755,954
14:41,99.7728,99.7728,99.7601,99.7601,1466
14:42,99.787,99.787,99.7728,99.7728,671
14:43,99.8132,99.8132,99.787,99.787,772
14:44,99.8089,99.8132,99.8089,99.8132,873
14:45,99.8272,99.8272,99.8089,99.8089,1035
14:46,99.8349,99.8349,99.8272,99.8272,986
14:47,99.8216,99.8349,99.8216,99.8349,904
14:48,99.8555,99.8555,99.8216,99.8216,979
14:49,99.8516,99.8555,99.8516,99.8555,964
14:50,99.8724,99.8724,99.8516,99.8516,776
14:51,99.89,99.89,99.8724,99.8724,751
14:52,99.9005,99.9005,99.89,99.89,1104
14:53,99.9278,99.9278,99.9005,99.9005,731
14:54,99.9441,99.9441,99.9278,99.9278,665
14:55,99.9479,99.9479,99.9441,99.9441,898
14:56,99.9546,99.9546,99.9479,99.9479,949
14:57,99.9894,99.9894,99.9546,99.9546,2234
14:58,99.9916,99.9916,99.9894,99.9894,782
14:59,99.976,99.9916,99.976,99.9916,1404
15:00,99.9792,99.9792,99.976,99.976,1311
15:01,99.9862,99.9862,99.9792,99.9792,660
15:02,99.958,99.9862,99.958,99.9862,1326
15:03,99.9752,99.9752,99.958,99.958,663
15:04,99.9671,99.9752,99.9671,99.9752,394
15:05,99.9855,99.9855,99.9671,99.9671,1255
15:06,99.9811,99.9855,99.9811,99.9855,544
15:07,100.0118,100.0118,99.9811,99.9811,1192
15:08,99.9859,100.0118,99.9859,100.0118,799
15:09,99.9698,99.9859,99.9698,99.9859,1839
15:10,99.9748,99.9748,99.9698,99.9698,1496
15:11,99.9809,99.9809,99.9748,99.9748,875
15:12,99.9749,99.9809,99.9749,99.9809,808
15:13,99.9944,99.9944,99.9749,99.9749,674
15:14,99.9984,99.9984,99.9944,99.9944,891
15:15,99.9857,99.9984,99.9857,99.9984,948
15:16,99.994,99.994,99.9857,99.9857,926
15:17,99.9972,99.9972,99.994,99.994,1122
15:18,100.0106,100.0106,99.9972,99.9972,1314
15:19,100.0233,100.0233,100.0106,100.0106,1223
15:20,100.0176,100.0233,100.0176,100.0233,832
15:21,100.0315,100.0315,100.0176,100.0176,663
15:22,100.0273,100.0315,100.0273,100.0315,1813
15:23,100.0303,100.0303,100.0273,100.0273,888
15:24,100.0204,100.0303,100.0204,100.0303,914
15:25,100.0174,100.0204,100.0174,100.0204,974
15:26,100.032,100.032,100.0174,100.0174,622
15:27,100.0483,100.0483,100.032,100.032,1030
15:28,100.0669,100.0669,100.0483,100.0483,1054
15:29,100.0709,100.0709,100.0669,100.0669,1597
15:30,100.0638,100.0709,100.0638,100.0709,1689
15:31,100.0759,100.0759,100.0638,100.0638,1361
15:32,100.0835,100.0835,100.0759,100.0759,1956
15:33,100.0874,100.0874,100.0835,100.0835,1643
15:34,100.13,100.13,100.0874,100.0874,1506
15:35,100.1496,100.1496,100.13,100.13,1671
15:36,100.1647,100.1647,100.1496,100.1496,1543
15:37,100.1558,100.1647,100.1558,100.1647,1505
15:38,100.1444,100.1558,100.1444,100.1558,1656
15:39,100.1452,100.1452,100.1444,100.1444,1288
15:40,100.1521,100.1521,100.1452,100.1452,2246
15:41,100.1512,100.1521,100.1512,100.1521,1518
15:42,100.1686,100.1686,100.1512,100.1512,3096
15:43,100.1802,100.1802,100.1686,100.1686,2244
15:44,100.1774,100.1802,100.1774,100.1802,2671
15:45,100.1711,100.1774,100.1711,100.1774,3354
15:46,100.1699,100.1711,100.1699,100.1711,3804
15:47,100.1824,100.1824,100.1699,100.1699,1871
15:48,100.1806,100.1824,100.1806,100.1824,3277
15:49,100.1899,100.1899,100.1806,100.1806,5216
15:50,100.1977,100.1977,100.1899,100.1899,2268
15:51,100.2308,100.2308,100.1977,100.1977,5160
15:52,100.2321,100.2321,100.2308,100.2308,2200
15:53,100.2398,100.2398,100.2321,100.2321,3711
15:54,100.2461,100.2461,100.2398,100.2398,5897
15:55,100.2469,100.2469,100.2461,100.2461,3531
15:56,100.2309,100.2469,100.2309,100.2469,4898
15:57,100.2267,100.2309,100.2267,100.2309,4511
15:58,100.2242,100.2267,100.2242,100.2267,14929
15:59,100.2534,100.2534,100.2242,100.2242,9667
