Time,Close,High,Low,Open,Volume
09:30,99.9801,100.0382,99.9801,100.0382,18689
09:31,99.9702,99.9801,99.9702,99.9801,10511
09:32,99.9522,99.9702,99.9522,99.9702,11775
09:33,99.9286,99.9522,99.9286,99.9522,16820
09:34,99.9593,99.9593,99.9286,99.9286,13466
09:35,99.9469,99.9593,99.9469,99.9593,4493
09:36,99.948,99.948,99.9469,99.9469,8147
09:37,99.945,99.948,99.945,99.948,5054
09:38,99.9329,99.945,99.9329,99.945,4718
09:39,99.9681,99.9681,99.9329,99.9329,5203
09:40,99.9933,99.9933,99.9681,99.9681,4357
09:41,100.0202,100.0202,99.9933,99.9933,6393
09:42,100.0835,100.0835,100.0202,100.0202,4619
09:43,100.0806,100.0835,100.0806,100.0835,3408
09:44,100.0214,100.0806,100.0214,100.0806,3544
09:45,100.0339,100.0339,100.0214,100.0214,3169
09:46,100.076,100.076,100.0339,100.0339,4457
09:47,100.0621,100.076,100.0621,100.076,2280
09:48,100.0775,100.0775,100.0621,100.0621,2567
09:49,100.0499,100.0775,100.0499,100.0775,1594
09:50,99.9922,100.0499,99.9922,100.0499,823
09:51,100.0239,100.0239,99.9922,99.9922,2423
09:52,100.0942,100.0942,100.0239,100.0239,2474
09:53,100.0528,100.0942,100.0528,100.0942,1331
09:54,100.0967,100.0967,100.0528,100.0528,3691
09:55,100.1282,100.1282,100.0967,100.0967,943
09:56,100.1841,100.1841,100.1282,100.1282,1539
09:57,100.1572,100.1841,100.1572,100.1841,1363
09:58,100.1204,100.1572,100.1204,100.1572,2420
09:59,100.0782,100.1204,100.0782,100.1204,2289
10:00,100.017,100.0782,100.017,100.0782,1393
10:01,99.9894,100.017,99.9894,100.017,1466
10:02,99.9998,99.9998,99.9894,99.9894,912
10:03,99.9908,99.9998,99.9908,99.9998,605
10:04,99.9186,99.9908,99.9186,99.9908,1056
10:05,99.8676,99.9186,99.8676,99.9186,1239
10:06,99.877,99.877,99.8676,99.8676,1782
10:07,99.9877,99.9877,99.877,99.877,1736
10:08,99.9655,99.9877,99.9655,99.9877,974
10:09,99.9571,99.9655,99.9571,99.9655,992
10:10,99.8879,99.9571,99.8879,99.9571,752
10:11,99.9436,99.9436,99.8879,99.8879,653
10:12,99.8374,99.9436,99.8374,99.9436,585
10:13,99.829,99.8374,99.829,99.8374,2120
10:14,99.8789,99.8789,99.829,99.829,880
10:15,99.7872,99.8789,99.7872,99.8789,897
10:16,99.7673,99.7872,99.7673,99.7872,668
10:17,99.7413,99.7673,99.7413,99.7673,1365
10:18,99.7074,99.7413,99.7074,99.7413,582
10:19,99.7601,99.7601,99.7074,99.7074,953
10:20,99.7979,99.7979,99.7601,99.7601,746
10:21,99.756,99.7979,99.756,99.7979,1171
10:22,99.7907,99.7907,99.756,99.756,850
10:23,99.7744,99.7907,99.7744,99.7907,668
10:24,99.7263,99.7744,99.7263,99.7744,1004
10:25,99.7468,99.7468,99.7263,99.7263,1178
10:26,99.6847,99.7468,99.6847,99.7468,1034
10:27,99.6325,99.6847,99.6325,99.6847,1123
10:28,99.5905,99.6325,99.5905,99.6325,805
10:29,99.5758,99.5905,99.5758,99.5905,885
10:30,99.5128,99.5758,99.5128,99.5758,792
10:31,99.5695,99.5695,99.5128,99.5128,885
10:32,99.5829,99.5829,99.5695,99.5695,753
10:33,99.6351,99.6351,99.5829,99.5829,544
10:34,99.5998,99.6351,99.5998,99.6351,1068
10:35,99.655,99.655,99.5998,99.5998,870
10:36,99.6285,99.655,99.6285,99.655,562
10:37,99.6607,99.6607,99.6285,99.6285,1181
10:38,99.6654,99.6654,99.6607,99.6607,726
10:39,99.659,99.6654,99.659,99.6654,1020
10:40,99.6059,99.659,99.6059,99.659,1297
10:41,99.6649,99.6649,99.6059,99.6059,1048
10:42,99.6842,99.6842,99.6649,99.6649,1499
10:43,99.7229,99.7229,99.6842,99.6842,646
10:44,99.7408,99.7408,99.7229,99.7229,1154
10:45,99.7153,99.7408,99.7153,99.7408,785
10:46,99.6525,99.7153,99.6525,99.7153,735
10:47,99.646,99.6525,99.646,99.6525,815
10:48,99.5907,99.646,99.5907,99.646,896
10:49,99.5292,99.5907,99.5292,99.5907,1020
10:50,99.4906,99.5292,99.4906,99.5292,662
10:51,99.4732,99.4906,99.4732,99.4906,1376
10:52,99.5438,99.5438,99.4732,99.4732,1180
10:53,99.4511,99.5438,99.4511,99.5438,580
10:54,99.4141,99.4511,99.4141,99.4511,1695
10:55,99.4617,99.4617,99.4141,99.4141,1958
10:56,99.5063,99.5063,99.4617,99.4617,1519
10:57,99.5058,99.5063,99.5058,99.5063,938
10:58,99.5467,99.5467,99.5058,99.5058,684
10:59,99.4884,99.5467,99.4884,99.5467,1453
11:00,99.5991,99.5991,99.4884,99.4884,867
11:01,99.6269,99.6269,99.5991,99.5991,1542
11:02,99.6268,99.6269,99.6268,99.6269,1077
11:03,99.7161,99.7161,99.6268,99.6268,1414
11:04,99.7889,99.7889,99.7161,99.7161,1135
11:05,99.8016,99.8016,99.7889,99.7889,1285
11:06,99.8802,99.8802,99.8016,99.8016,1004
11:07,99.8472,99.8802,99.8472,99.8802,1883
11:08,99.805,99.8472,99.805,99.8472,1046
11:09,99.7973,99.805,99.7973,99.805,1153
11:10,99.8076,99.8076,99.7973,99.7973,1949
11:11,99.7639,99.8076,99.7639,99.8076,620
11:12,99.7798,99.7798,99.7639,99.7639,637
11:13,99.7021,99.7798,99.7021,99.7798,1410
11:14,99.7843,99.7843,99.7021,99.7021,660
11:15,99.8493,99.8493,99.7843,99.7843,1992
11:16,99.8111,99.8493,99.8111,99.8493,864
11:17,99.8239,99.8239,99.8111,99.8111,767
11:18,99.8797,99.8797,99.8239,99.8239,1977
11:19,99.9511,99.9511,99.8797,99.8797,1690
11:20,99.9674,99.9674,99.9511,99.9511,1939
11:21,99.9563,99.9674,99.9563,99.9674,1379
11:22,99.9387,99.9563,99.9387,99.9563,737
11:23,99.9583,99.9583,99.9387,99.9387,1968
11:24,99.9692,99.9692,99.9583,99.9583,909
11:25,99.9204,99.9692,99.9204,99.9692,1329
11:26,99.9553,99.9553,99.9204,99.9204,1399
11:27,99.9401,99.9553,99.9401,99.9553,947
11:28,99.9261,99.9401,99.9261,99.9401,1243
11:29,99.9271,99.9271,99.9261,99.9261,1387
11:30,99.9147,99.9271,99.9147,99.9271,1143
11:31,99.8711,99.9147,99.8711,99.9147,677
11:32,99.8563,99.8711,99.8563,99.8711,1112
11:33,99.9031,99.9031,99.8563,99.8563,1600
11:34,99.9792,99.9792,99.9031,99.9031,782
11:35,100.0132,100.0132,99.9792,99.9792,948
11:36,100.0288,100.0288,100.0132,100.0132,857
11:37,99.9466,100.0288,99.9466,100.0288,1926
11:38,99.9977,99.9977,99.9466,99.9466,1269
11:39,100.0009,100.0009,99.9977,99.9977,1155
11:40,100.0063,100.0063,100.0009,100.0009,761
11:41,100.0322,100.0322,100.0063,100.0063,1211
11:42,100.0823,100.0823,100.0322,100.0322,787
11:43,100.0407,100.0823,100.0407,100.0823,1011
11:44,100.0666,100.0666,100.0407,100.0407,798
11:45,100.0355,100.0666,100.0355,100.0666,1271
11:46,99.9986,100.0355,99.9986,100.0355,1227
11:47,100.084,100.084,99.9986,99.9986,929
11:48,100.0293,100.084,100.0293,100.084,1151
11:49,100.0975,100.0975,100.0293,100.0293,679
11:50,100.0892,100.0975,100.0892,100.0975,589
11:51,100.1352,100.1352,100.0892,100.0892,1169
11:52,100.1482,100.1482,100.1352,100.1352,1061
11:53,100.1732,100.1732,100.1482,100.1482,1252
11:54,100.2014,100.2014,100.1732,100.1732,2328
11:55,100.1209,100.2014,100.1209,100.2014,1398
11:56,100.1361,100.1361,100.1209,100.1209,724
11:57,100.201,100.201,100.1361,100.1361,1486
11:58,100.2167,100.2167,100.201,100.201,627
11:59,100.2856,100.2856,100.2167,100.2167,849
12:00,100.3561,100.3561,100.2856,100.2856,976
12:01,100.2613,100.3561,100.2613,100.3561,1836
12:02,100.1949,100.2613,100.1949,100.2613,768
12:03,100.2459,100.2459,100.1949,100.1949,746
12:04,100.2288,100.2459,100.2288,100.2459,966
12:05,100.1926,100.2288,100.1926,100.2288,790
12:06,100.2254,100.2254,100.1926,100.1926,1491
12:07,100.2521,100.2521,100.2254,100.2254,682
12:08,100.2933,100.2933,100.2521,100.2521,666
12:09,100.3392,100.3392,100.2933,100.2933,856
12:10,100.2921,100.3392,100.2921,100.3392,838
12:11,100.3143,100.3143,100.2921,100.2921,1982
12:12,100.2922,100.3143,100.2922,100.3143,1400
12:13,100.3263,100.3263,100.2922,100.2922,1032
12:14,100.355,100.355,100.3263,100.3263,648
12:15,100.3917,100.3917,100.355,100.355,1349
12:16,100.4495,100.4495,100.3917,100.3917,701
12:17,100.4334,100.4495,100.4334,100.4495,578
12:18,100.4498,100.4498,100.4334,100.4334,1524
12:19,100.4444,100.4498,100.4444,100.4498,1119
12:20,100.4902,100.4902,100.4444,100.4444,1386
12:21,100.4839,100.4902,100.4839,100.4902,1120
12:22,100.481,100.4839,100.481,100.4839,1355
12:23,100.5334,100.5334,100.481,100.481,794
12:24,100.5417,100.5417,100.5334,100.5334,693
12:25,100.5164,100.5417,100.5164,100.5417,1273
12:26,100.5388,100.5388,100.5164,100.5164,752
12:27,100.5463,100.5463,100.5388,100.5388,783
12:28,100.4654,100.5463,100.4654,100.5463,851
12:29,100.4757,100.4757,100.4654,100.4654,1006
12:30,100.4716,100.4757,100.4716,100.4757,882
12:31,100.4788,100.4788,100.4716,100.4716,614
12:32,100.4291,100.4788,100.4291,100.4788,796
12:33,100.4785,100.4785,100.4291,100.4291,455
12:34,100.4867,100.4867,100.4785,100.4785,1248
12:35,100.4229,100.4867,100.4229,100.4867,567
12:36,100.4423,100.4423,100.4229,100.4229,676
12:37,100.36,100.4423,100.36,100.4423,1019
12:38,100.4032,100.4032,100.36,100.36,769
12:39,100.3156,100.4032,100.3156,100.4032,1728
12:40,100.2669,100.3156,100.2669,100.3156,632
12:41,100.22,100.2669,100.22,100.2669,1099
12:42,100.1941,100.22,100.1941,100.22,986
12:43,100.1456,100.1941,100.1456,100.1941,661
12:44,100.1957,100.1957,100.1456,100.1456,1204
12:45,100.12,100.1957,100.12,100.1957,941
12:46,100.0885,100.12,100.0885,100.12,1315
12:47,100.1211,100.1211,100.0885,100.0885,1339
12:48,100.1038,100.1211,100.1038,100.1211,2153
12:49,100.0047,100.1038,100.0047,100.1038,1606
12:50,99.9828,100.0047,99.9828,100.0047,877
12:51,99.9674,99.9828,99.9674,99.9828,919
12:52,99.9917,99.9917,99.9674,99.9674,1477
12:53,99.9651,99.9917,99.9651,99.9917,1261
12:54,99.9268,99.9651,99.9268,99.9651,1255
12:55,99.9525,99.9525,99.9268,99.9268,564
12:56,99.8883,99.9525,99.8883,99.9525,991
12:57,99.888,99.8883,99.888,99.8883,770
12:58,99.9529,99.9529,99.888,99.888,1104
12:59,99.9037,99.9529,99.9037,99.9529,966
13:00,99.8181,99.9037,99.8181,99.9037,1381
13:01,99.741,99.8181,99.741,99.8181,1119
13:02,99.7177,99.741,99.7177,99.741,1321
13:03,99.7168,99.7177,99.7168,99.7177,848
13:04,99.7302,99.7302,99.7168,99.7168,715
13:05,99.685,99.7302,99.685,99.7302,865
13:06,99.7224,99.7224,99.685,99.685,994
13:07,99.6768,99.7224,99.6768,99.7224,1144
13:08,99.6368,99.6768,99.6368,99.6768,2228
13:09,99.681,99.681,99.6368,99.6368,985
13:10,99.6714,99.681,99.6714,99.681,713
13:11,99.6106,99.6714,99.6106,99.6714,885
13:12,99.5888,99.6106,99.5888,99.6106,848
13:13,99.5149,99.5888,99.5149,99.5888,1186
13:14,99.5462,99.5462,99.5149,99.5149,579
13:15,99.5622,99.5622,99.5462,99.5462,1023
13:16,99.5869,99.5869,99.5622,99.5622,1057
13:17,99.5599,99.5869,99.5599,99.5869,1086
13:18,99.541,99.5599,99.541,99.5599,809
13:19,99.5588,99.5588,99.541,99.541,919
13:20,99.6174,99.6174,99.5588,99.5588,604
13:21,99.5507,99.6174,99.5507,99.6174,840
13:22,99.5433,99.5507,99.5433,99.5507,825
13:23,99.573,99.573,99.5433,99.5433,1159
13:24,99.5967,99.5967,99.573,99.573,664
13:25,99.6177,99.6177,99.5967,99.5967,1319
13:26,99.5659,99.6177,99.5659,99.6177,1699
13:27,99.5798,99.5798,99.5659,99.5659,480
13:28,99.5711,99.5798,99.5711,99.5798,1163
13:29,99.5689,99.5711,99.5689,99.5711,1271
13:30,99.5999,99.5999,99.5689,99.5689,798
13:31,99.5994,99.5999,99.5994,99.5999,869
13:32,99.6238,99.6238,99.5994,99.5994,954
13:33,99.6208,99.6238,99.6208,99.6238,900
13:34,99.5955,99.6208,99.5955,99.6208,896
13:35,99.5855,99.5955,99.5855,99.5955,552
13:36,99.6639,99.6639,99.5855,99.5855,1505
13:37,99.6333,99.6639,99.6333,99.6639,1466
13:38,99.6537,99.6537,99.6333,99.6333,750
13:39,99.6092,99.6537,99.6092,99.6537,595
13:40,99.621,99.621,99.6092,99.6092,1203
13:41,99.7025,99.7025,99.621,99.621,815
13:42,99.7563,99.7563,99.7025,99.7025,1052
13:43,99.7775,99.7775,99.7563,99.7563,893
13:44,99.7729,99.7775,99.7729,99.7775,1278
13:45,99.76,99.7729,99.76,99.7729,1279
13:46,99.7258,99.76,99.7258,99.76,773
13:47,99.7775,99.7775,99.7258,99.7258,612
13:48,99.8386,99.8386,99.7775,99.7775,571
13:49,99.8782,99.8782,99.8386,99.8386,1242
13:50,99.8734,99.8782,99.8734,99.8782,656
13:51,99.8411,99.8734,99.8411,99.8734,836
13:52,99.8576,99.8576,99.8411,99.8411,809
13:53,99.8677,99.8677,99.8576,99.8576,982
13:54,99.8228,99.8677,99.8228,99.8677,503
13:55,99.8095,99.8228,99.8095,99.8228,1069
13:56,99.8271,99.8271,99.8095,99.8095,1204
13:57,99.9236,99.9236,99.8271,99.8271,1032
13:58,99.9074,99.9236,99.9074,99.9236,896
13:59,99.8394,99.9074,99.8394,99.9074,1035
14:00,99.7605,99.8394,99.7605,99.8394,1152
14:01,99.7578,99.7605,99.7578,99.7605,374
14:02,99.7746,99.7746,99.7578,99.7578,2000
14:03,99.7957,99.7957,99.7746,99.7746,1148
14:04,99.8273,99.8273,99.7957,99.7957,794
14:05,99.786,99.8273,99.786,99.8273,871
14:06,99.7571,99.786,99.7571,99.786,1191
14:07,99.7527,99.7571,99.7527,99.7571,960
14:08,99.7671,99.7671,99.7527,99.7527,487
14:09,99.7495,99.7671,99.7495,99.7671,2079
14:10,99.6889,99.7495,99.6889,99.7495,962
14:11,99.7343,99.7343,99.6889,99.6889,1436
14:12,99.7924,99.7924,99.7343,99.7343,782
14:13,99.6668,99.7924,99.6668,99.7924,1724
14:14,99.6761,99.6761,99.6668,99.6668,1107
14:15,99.6929,99.6929,99.6761,99.6761,1241
14:16,99.7352,99.7352,99.6929,99.6929,690
14:17,99.8181,99.8181,99.7352,99.7352,1536
14:18,99.8487,99.8487,99.8181,99.8181,1277
14:19,99.9181,99.9181,99.8487,99.8487,1586
14:20,99.8476,99.9181,99.8476,99.9181,800
14:21,99.7559,99.8476,99.7559,99.8476,843
14:22,99.77,99.77,99.7559,99.7559,2263
14:23,99.8713,99.8713,99.77,99.77,687
14:24,99.8052,99.8713,99.8052,99.8713,953
14:25,99.8036,99.8052,99.8036,99.8052,1496
14:26,99.7623,99.8036,99.7623,99.8036,1035
14:27,99.7627,99.7627,99.7623,99.7623,1230
14:28,99.8165,99.8165,99.7627,99.7627,868
14:29,99.822,99.822,99.8165,99.8165,1140
14:30,99.859,99.859,99.822,99.822,629
14:31,99.833,99.859,99.833,99.859,1800
14:32,99.8247,99.833,99.8247,99.833,959
14:33,99.7535,99.8247,99.7535,99.8247,786
14:34,99.7582,99.7582,99.7535,99.7535,1267
14:35,99.8111,99.8111,99.7582,99.7582,849
14:36,99.7136,99.8111,99.7136,99.8111,623
14:37,99.7202,99.7202,99.7136,99.7136,620
14:38,99.7346,99.7346,99.7202,99.7202,1279
14:39,99.6529,99.7346,99.6529,99.7346,945
14:40,99.6816,99.6816,99.6529,99.6529,954
14:41,99.6879,99.6879,99.6816,99.6816,1466
14:42,99.7171,99.7171,99.6879,99.6879,671
14:43,99.825,99.825,99.7171,99.7171,772
14:44,99.9388,99.9388,99.825,99.825,873
14:45,99.9162,99.9388,99.9162,99.9388,1035
14:46,99.9074,99.9162,99.9074,99.9162,986
14:47,99.962,99.962,99.9074,99.9074,904
14:48,99.9995,99.9995,99.962,99.962,979
14:49,99.9584,99.9995,99.9584,99.9995,964
14:50,100.0098,100.0098,99.9584,99.9584,776
14:51,100.0405,100.0405,100.0098,100.0098,751
14:52,100.0463,100.0463,100.0405,100.0405,1104
14:53,99.993,100.0463,99.993,100.0463,731
14:54,100.005,100.005,99.993,99.993,665
14:55,100.0139,100.0139,100.005,100.005,898
14:56,100.0626,100.0626,100.0139,100.0139,949
14:57,100.0933,100.0933,100.0626,100.0626,2234
14:58,100.1902,100.1902,100.0933,100.0933,782
14:59,100.2169,100.2169,100.1902,100.1902,1404
15:00,100.2293,100.2293,100.2169,100.2169,1311
15:01,100.2463,100.2463,100.2293,100.2293,660
15:02,100.2543,100.2543,100.2463,100.2463,1326
15:03,100.2699,100.2699,100.2543,100.2543,663
15:04,100.264,100.2699,100.264,100.2699,394
15:05,100.2828,100.2828,100.264,100.264,1255
15:06,100.3023,100.3023,100.2828,100.2828,544
15:07,100.2664,100.3023,100.2664,100.3023,1192
15:08,100.2937,100.2937,100.2664,100.2664,799
15:09,100.2173,100.2937,100.2173,100.2937,1839
15:10,100.1604,100.2173,100.1604,100.2173,1496
15:11,100.1964,100.1964,100.1604,100.1604,875
15:12,100.2238,100.2238,100.1964,100.1964,808
15:13,100.2356,100.2356,100.2238,100.2238,674
15:14,100.2512,100.2512,100.2356,100.2356,891
15:15,100.2012,100.2512,100.2012,100.2512,948
15:16,100.1782,100.2012,100.1782,100.2012,926
15:17,100.1357,100.1782,100.1357,100.1782,1122
15:18,100.1815,100.1815,100.1357,100.1357,1314
15:19,100.2662,100.2662,100.1815,100.1815,1223
15:20,100.2734,100.2734,100.2662,100.2662,832
15:21,100.306,100.306,100.2734,100.2734,663
15:22,100.2523,100.306,100.2523,100.306,1813
15:23,100.2672,100.2672,100.2523,100.2523,888
15:24,100.2749,100.2749,100.2672,100.2672,914
15:25,100.2438,100.2749,100.2438,100.2749,974
15:26,100.2431,100.2438,100.2431,100.2438,622
15:27,100.2536,100.2536,100.2431,100.2431,1030
15:28,100.3342,100.3342,100.2536,100.2536,1054
15:29,100.3015,100.3342,100.3015,100.3342,1597
15:30,100.315,100.315,100.3015,100.3015,1689
15:31,100.3435,100.3435,100.315,100.315,1361
15:32,100.3098,100.3435,100.3098,100.3435,1956
15:33,100.3918,100.3918,100.3098,100.3098,1643
15:34,100.4128,100.4128,100.3918,100.3918,1506
15:35,100.4595,100.4595,100.4128,100.4128,1671
15:36,100.3417,100.4595,100.3417,100.4595,1543
15:37,100.2595,100.3417,100.2595,100.3417,1505
15:38,100.2432,100.2595,100.2432,100.2595,1656
15:39,100.2478,100.2478,100.2432,100.2432,1288
15:40,100.2607,100.2607,100.2478,100.2478,2246
15:41,100.3042,100.3042,100.2607,100.2607,1518
15:42,100.36,100.36,100.3042,100.3042,3096
15:43,100.3443,100.36,100.3443,100.36,2244
15:44,100.3472,100.3472,100.3443,100.3443,2671
15:45,100.2867,100.3472,100.2867,100.3472,3354
15:46,100.2542,100.2867,100.2542,100.2867,3804
15:47,100.2899,100.2899,100.2542,100.2542,1871
15:48,100.2735,100.2899,100.2735,100.2899,3277
15:49,100.2339,100.2735,100.2339,100.2735,5216
15:50,100.2659,100.2659,100.2339,100.2339,2268
15:51,100.2626,100.2659,100.2626,100.2659,5160
15:52,100.1802,100.2626,100.1802,100.2626,2200
15:53,100.1199,100.1802,100.1199,100.1802,3711
15:54,100.2016,100.2016,100.1199,100.1199,5897
15:55,100.22,100.22,100.2016,100.2016,3531
15:56,100.2191,100.22,100.2191,100.22,4898
15:57,100.2051,100.2191,100.2051,100.2191,4511
15:58,100.1906,100.2051,100.1906,100.2051,14929
15:59,100.2562,100.2562,100.1906,100.1906,9667
