Time,Close,High,Low,Open,Volume
09:30,100.1676,100.1676,100.0881,100.0881,18689
09:31,100.3839,100.3839,100.1676,100.1676,10511
09:32,100.3508,100.3839,100.3508,100.3839,11775
09:33,100.306,100.3508,100.306,100.3508,16820
09:34,100.0999,100.306,100.0999,100.306,13466
09:35,100.2163,100.2163,100.0999,100.0999,4493
09:36,100.1909,100.2163,100.1909,100.2163,8147
09:37,100.2812,100.2812,100.1909,100.1909,5054
09:38,100.3279,100.3279,100.2812,100.2812,4718
09:39,100.3212,100.3279,100.3212,100.3279,5203
09:40,100.0835,100.3212,100.0835,100.3212,4357
09:41,99.959,100.0835,99.959,100.0835,6393
09:42,100.1468,100.1468,99.959,99.959,4619
09:43,100.248,100.248,100.1468,100.1468,3408
09:44,100.335,100.335,100.248,100.248,3544
09:45,100.479,100.479,100.335,100.335,3169
09:46,100.4897,100.4897,100.479,100.479,4457
09:47,100.4226,100.4897,100.4226,100.4897,2280
09:48,100.502,100.502,100.4226,100.4226,2567
09:49,100.7438,100.7438,100.502,100.502,1594
09:50,100.6159,100.7438,100.6159,100.7438,823
09:51,100.5426,100.6159,100.5426,100.6159,2423
09:52,100.6515,100.6515,100.5426,100.5426,2474
09:53,100.6277,100.6515,100.6277,100.6515,1331
09:54,100.666,100.666,100.6277,100.6277,3691
09:55,100.7802,100.7802,100.666,100.666,943
09:56,101.0563,101.0563,100.7802,100.7802,1539
09:57,100.658,101.0563,100.658,101.0563,1363
09:58,100.7383,100.7383,100.658,100.658,2420
09:59,100.7164,100.7383,100.7164,100.7383,2289
10:00,100.6844,100.7164,100.6844,100.7164,1393
10:01,100.5835,100.6844,100.5835,100.6844,1466
10:02,100.6108,100.6108,100.5835,100.5835,912
10:03,100.7476,100.7476,100.6108,100.6108,605
10:04,100.7751,100.7751,100.7476,100.7476,1056
10:05,101.1557,101.1557,100.7751,100.7751,1239
10:06,100.8801,101.1557,100.8801,101.1557,1782
10:07,100.894,100.894,100.8801,100.8801,1736
10:08,100.8537,100.894,100.8537,100.894,974
10:09,100.7791,100.8537,100.7791,100.8537,992
10:10,100.798,100.798,100.7791,100.7791,752
10:11,100.7998,100.7998,100.798,100.798,653
10:12,100.6887,100.7998,100.6887,100.7998,585
10:13,100.7386,100.7386,100.6887,100.6887,2120
10:14,100.697,100.7386,100.697,100.7386,880
10:15,100.5082,100.697,100.5082,100.697,897
10:16,100.2542,100.5082,100.2542,100.5082,668
10:17,100.2053,100.2542,100.2053,100.2542,1365
10:18,100.2692,100.2692,100.2053,100.2053,582
10:19,100.0886,100.2692,100.0886,100.2692,953
10:20,100.0165,100.0886,100.0165,100.0886,746
10:21,100.074,100.074,100.0165,100.0165,1171
10:22,99.7181,100.074,99.7181,100.074,850
10:23,99.7409,99.7409,99.7181,99.7181,668
10:24,99.6779,99.7409,99.6779,99.7409,1004
10:25,99.7972,99.7972,99.6779,99.6779,1178
10:26,99.8679,99.8679,99.7972,99.7972,1034
10:27,99.9893,99.9893,99.8679,99.8679,1123
10:28,99.424,99.9893,99.424,99.9893,805
10:29,99.3976,99.424,99.3976,99.424,885
10:30,99.2941,99.3976,99.2941,99.3976,792
10:31,99.2389,99.2941,99.2389,99.2941,885
10:32,99.1062,99.2389,99.1062,99.2389,753
10:33,99.323,99.323,99.1062,99.1062,544
10:34,99.2917,99.323,99.2917,99.323,1068
10:35,99.3301,99.3301,99.2917,99.2917,870
10:36,99.4828,99.4828,99.3301,99.3301,562
10:37,99.3748,99.4828,99.3748,99.4828,1181
10:38,99.4215,99.4215,99.3748,99.3748,726
10:39,99.563,99.563,99.4215,99.4215,1020
10:40,99.5257,99.563,99.5257,99.563,1297
10:41,99.2241,99.5257,99.2241,99.5257,1048
10:42,99.0716,99.2241,99.0716,99.2241,1499
10:43,99.1964,99.1964,99.0716,99.0716,646
10:44,99.0143,99.1964,99.0143,99.1964,1154
10:45,99.2113,99.2113,99.0143,99.0143,785
10:46,99.2743,99.2743,99.2113,99.2113,735
10:47,99.2313,99.2743,99.2313,99.2743,815
10:48,99.382,99.382,99.2313,99.2313,896
10:49,99.0499,99.382,99.0499,99.382,1020
10:50,99.3284,99.3284,99.0499,99.0499,662
10:51,99.3677,99.3677,99.3284,99.3284,1376
10:52,99.1464,99.3677,99.1464,99.3677,1180
10:53,99.2344,99.2344,99.1464,99.1464,580
10:54,99.3298,99.3298,99.2344,99.2344,1695
10:55,99.2277,99.3298,99.2277,99.3298,1958
10:56,99.2644,99.2644,99.2277,99.2277,1519
10:57,99.2362,99.2644,99.2362,99.2644,938
10:58,99.2642,99.2642,99.2362,99.2362,684
10:59,99.3768,99.3768,99.2642,99.2642,1453
11:00,99.4286,99.4286,99.3768,99.3768,867
11:01,99.3589,99.4286,99.3589,99.4286,1542
11:02,99.4285,99.4285,99.3589,99.3589,1077
11:03,99.6172,99.6172,99.4285,99.4285,1414
11:04,99.9098,99.9098,99.6172,99.6172,1135
11:05,100.0795,100.0795,99.9098,99.9098,1285
11:06,99.9038,100.0795,99.9038,100.0795,1004
11:07,100.1591,100.1591,99.9038,99.9038,1883
11:08,100.3503,100.3503,100.1591,100.1591,1046
11:09,100.6041,100.6041,100.3503,100.3503,1153
11:10,100.658,100.658,100.6041,100.6041,1949
11:11,100.562,100.658,100.562,100.658,620
11:12,100.7141,100.7141,100.562,100.562,637
11:13,100.7619,100.7619,100.7141,100.7141,1410
11:14,100.6171,100.7619,100.6171,100.7619,660
11:15,100.6035,100.6171,100.6035,100.6171,1992
11:16,100.7432,100.7432,100.6035,100.6035,864
11:17,100.888,100.888,100.7432,100.7432,767
11:18,100.9848,100.9848,100.888,100.888,1977
11:19,101.0201,101.0201,100.9848,100.9848,1690
11:20,100.9847,101.0201,100.9847,101.0201,1939
11:21,100.9007,100.9847,100.9007,100.9847,1379
11:22,100.6024,100.9007,100.6024,100.9007,737
11:23,100.5055,100.6024,100.5055,100.6024,1968
11:24,100.8697,100.8697,100.5055,100.5055,909
11:25,100.8383,100.8697,100.8383,100.8697,1329
11:26,101.0263,101.0263,100.8383,100.8383,1399
11:27,101.1651,101.1651,101.0263,101.0263,947
11:28,101.2051,101.2051,101.1651,101.1651,1243
11:29,101.2247,101.2247,101.2051,101.2051,1387
11:30,101.0526,101.2247,101.0526,101.2247,1143
11:31,101.1387,101.1387,101.0526,101.0526,677
11:32,100.9581,101.1387,100.9581,101.1387,1112
11:33,101.0742,101.0742,100.9581,100.9581,1600
11:34,101.0237,101.0742,101.0237,101.0742,782
11:35,101.0488,101.0488,101.0237,101.0237,948
11:36,100.6299,101.0488,100.6299,101.0488,857
11:37,100.7132,100.7132,100.6299,100.6299,1926
11:38,100.7859,100.7859,100.7132,100.7132,1269
11:39,100.7934,100.7934,100.7859,100.7859,1155
11:40,100.8709,100.8709,100.7934,100.7934,761
11:41,101.0073,101.0073,100.8709,100.8709,1211
11:42,100.9573,101.0073,100.9573,101.0073,787
11:43,101.0159,101.0159,100.9573,100.9573,1011
11:44,100.6155,101.0159,100.6155,101.0159,798
11:45,100.5607,100.6155,100.5607,100.6155,1271
11:46,100.5158,100.5607,100.5158,100.5607,1227
11:47,100.6019,100.6019,100.5158,100.5158,929
11:48,100.6789,100.6789,100.6019,100.6019,1151
11:49,100.5717,100.6789,100.5717,100.6789,679
11:50,100.5592,100.5717,100.5592,100.5717,589
11:51,100.4095,100.5592,100.4095,100.5592,1169
11:52,100.6769,100.6769,100.4095,100.4095,1061
11:53,100.5272,100.6769,100.5272,100.6769,1252
11:54,100.2407,100.5272,100.2407,100.5272,2328
11:55,100.4516,100.4516,100.2407,100.2407,1398
11:56,100.1797,100.4516,100.1797,100.4516,724
11:57,100.3193,100.3193,100.1797,100.1797,1486
11:58,100.1917,100.3193,100.1917,100.3193,627
11:59,100.4685,100.4685,100.1917,100.1917,849
12:00,100.2025,100.4685,100.2025,100.4685,976
12:01,100.0209,100.2025,100.0209,100.2025,1836
12:02,99.9071,100.0209,99.9071,100.0209,768
12:03,100.0132,100.0132,99.9071,99.9071,746
12:04,99.991,100.0132,99.991,100.0132,966
12:05,99.8813,99.991,99.8813,99.991,790
12:06,99.9675,99.9675,99.8813,99.8813,1491
12:07,100.051,100.051,99.9675,99.9675,682
12:08,99.9532,100.051,99.9532,100.051,666
12:09,99.9674,99.9674,99.9532,99.9532,856
12:10,100.1038,100.1038,99.9674,99.9674,838
12:11,100.2831,100.2831,100.1038,100.1038,1982
12:12,100.2765,100.2831,100.2765,100.2831,1400
12:13,100.3358,100.3358,100.2765,100.2765,1032
12:14,100.2645,100.3358,100.2645,100.3358,648
12:15,100.2717,100.2717,100.2645,100.2645,1349
12:16,100.1367,100.2717,100.1367,100.2717,701
12:17,100.0306,100.1367,100.0306,100.1367,578
12:18,100.0391,100.0391,100.0306,100.0306,1524
12:19,99.9076,100.0391,99.9076,100.0391,1119
12:20,99.8513,99.9076,99.8513,99.9076,1386
12:21,99.969,99.969,99.8513,99.8513,1120
12:22,99.8763,99.969,99.8763,99.969,1355
12:23,99.8233,99.8763,99.8233,99.8763,794
12:24,99.7745,99.8233,99.7745,99.8233,693
12:25,99.8714,99.8714,99.7745,99.7745,1273
12:26,99.836,99.8714,99.836,99.8714,752
12:27,99.8968,99.8968,99.836,99.836,783
12:28,99.7062,99.8968,99.7062,99.8968,851
12:29,99.4906,99.7062,99.4906,99.7062,1006
12:30,99.4738,99.4906,99.4738,99.4906,882
12:31,99.434,99.4738,99.434,99.4738,614
12:32,99.7826,99.7826,99.434,99.434,796
12:33,99.6717,99.7826,99.6717,99.7826,455
12:34,99.6912,99.6912,99.6717,99.6717,1248
12:35,99.6549,99.6912,99.6549,99.6912,567
12:36,99.5395,99.6549,99.5395,99.6549,676
12:37,99.5862,99.5862,99.5395,99.5395,1019
12:38,99.6347,99.6347,99.5862,99.5862,769
12:39,99.7012,99.7012,99.6347,99.6347,1728
12:40,99.6649,99.7012,99.6649,99.7012,632
12:41,99.3449,99.6649,99.3449,99.6649,1099
12:42,99.128,99.3449,99.128,99.3449,986
12:43,99.0589,99.128,99.0589,99.128,661
12:44,98.9483,99.0589,98.9483,99.0589,1204
12:45,98.8215,98.9483,98.8215,98.9483,941
12:46,98.7378,98.8215,98.7378,98.8215,1315
12:47,98.5536,98.7378,98.5536,98.7378,1339
12:48,98.3922,98.5536,98.3922,98.5536,2153
12:49,98.3177,98.3922,98.3177,98.3922,1606
12:50,98.1217,98.3177,98.1217,98.3177,877
12:51,98.258,98.258,98.1217,98.1217,919
12:52,98.6234,98.6234,98.258,98.258,1477
12:53,98.4771,98.6234,98.4771,98.6234,1261
12:54,98.5151,98.5151,98.4771,98.4771,1255
12:55,98.8203,98.8203,98.5151,98.5151,564
12:56,98.7686,98.8203,98.7686,98.8203,991
12:57,98.9494,98.9494,98.7686,98.7686,770
12:58,98.7978,98.9494,98.7978,98.9494,1104
12:59,98.7103,98.7978,98.7103,98.7978,966
13:00,99.0415,99.0415,98.7103,98.7103,1381
13:01,98.992,99.0415,98.992,99.0415,1119
13:02,99.0079,99.0079,98.992,98.992,1321
13:03,98.9812,99.0079,98.9812,99.0079,848
13:04,99.1603,99.1603,98.9812,98.9812,715
13:05,99.3225,99.3225,99.1603,99.1603,865
13:06,99.1112,99.3225,99.1112,99.3225,994
13:07,99.2095,99.2095,99.1112,99.1112,1144
13:08,99.0997,99.2095,99.0997,99.2095,2228
13:09,98.9478,99.0997,98.9478,99.0997,985
13:10,99.0044,99.0044,98.9478,98.9478,713
13:11,99.038,99.038,99.0044,99.0044,885
13:12,98.7535,99.038,98.7535,99.038,848
13:13,98.8257,98.8257,98.7535,98.7535,1186
13:14,98.7991,98.8257,98.7991,98.8257,579
13:15,98.7823,98.7991,98.7823,98.7991,1023
13:16,98.8985,98.8985,98.7823,98.7823,1057
13:17,98.7219,98.8985,98.7219,98.8985,1086
13:18,98.7224,98.7224,98.7219,98.7219,809
13:19,98.6984,98.7224,98.6984,98.7224,919
13:20,98.3788,98.6984,98.3788,98.6984,604
13:21,98.4637,98.4637,98.3788,98.3788,840
13:22,98.1512,98.4637,98.1512,98.4637,825
13:23,98.2603,98.2603,98.1512,98.1512,1159
13:24,98.2889,98.2889,98.2603,98.2603,664
13:25,98.2029,98.2889,98.2029,98.2889,1319
13:26,98.06,98.2029,98.06,98.2029,1699
13:27,98.3184,98.3184,98.06,98.06,480
13:28,98.5604,98.5604,98.3184,98.3184,1163
13:29,98.4416,98.5604,98.4416,98.5604,1271
13:30,98.3296,98.4416,98.3296,98.4416,798
13:31,98.3616,98.3616,98.3296,98.3296,869
13:32,98.7023,98.7023,98.3616,98.3616,954
13:33,98.4335,98.7023,98.4335,98.7023,900
13:34,98.4368,98.4368,98.4335,98.4335,896
13:35,98.4553,98.4553,98.4368,98.4368,552
13:36,98.2021,98.4553,98.2021,98.4553,1505
13:37,98.2473,98.2473,98.2021,98.2021,1466
13:38,98.3411,98.3411,98.2473,98.2473,750
13:39,98.7652,98.7652,98.3411,98.3411,595
13:40,98.803,98.803,98.7652,98.7652,1203
13:41,98.7356,98.803,98.7356,98.803,815
13:42,98.8535,98.8535,98.7356,98.7356,1052
13:43,98.8951,98.8951,98.8535,98.8535,893
13:44,98.8338,98.8951,98.8338,98.8951,1278
13:45,98.8922,98.8922,98.8338,98.8338,1279
13:46,98.7725,98.8922,98.7725,98.8922,773
13:47,98.7772,98.7772,98.7725,98.7725,612
13:48,98.8324,98.8324,98.7772,98.7772,571
13:49,98.7174,98.8324,98.7174,98.8324,1242
13:50,98.7675,98.7675,98.7174,98.7174,656
13:51,98.5802,98.7675,98.5802,98.7675,836
13:52,98.4866,98.5802,98.4866,98.5802,809
13:53,98.1775,98.4866,98.1775,98.4866,982
13:54,98.3611,98.3611,98.1775,98.1775,503
13:55,98.3616,98.3616,98.3611,98.3611,1069
13:56,98.5203,98.5203,98.3616,98.3616,1204
13:57,98.2886,98.5203,98.2886,98.5203,1032
13:58,98.1937,98.2886,98.1937,98.2886,896
13:59,97.9316,98.1937,97.9316,98.1937,1035
14:00,97.7959,97.9316,97.7959,97.9316,1152
14:01,97.894,97.894,97.7959,97.7959,374
14:02,97.7896,97.894,97.7896,97.894,2000
14:03,97.6583,97.7896,97.6583,97.7896,1148
14:04,97.7143,97.7143,97.6583,97.6583,794
14:05,97.6633,97.7143,97.6633,97.7143,871
14:06,97.4746,97.6633,97.4746,97.6633,1191
14:07,97.7026,97.7026,97.4746,97.4746,960
14:08,97.5634,97.7026,97.5634,97.7026,487
14:09,97.6518,97.6518,97.5634,97.5634,2079
14:10,97.5319,97.6518,97.5319,97.6518,962
14:11,97.4672,97.5319,97.4672,97.5319,1436
14:12,97.5071,97.5071,97.4672,97.4672,782
14:13,97.2101,97.5071,97.2101,97.5071,1724
14:14,97.3023,97.3023,97.2101,97.2101,1107
14:15,97.3471,97.3471,97.3023,97.3023,1241
14:16,97.4091,97.4091,97.3471,97.3471,690
14:17,97.3897,97.4091,97.3897,97.4091,1536
14:18,97.7981,97.7981,97.3897,97.3897,1277
14:19,97.7148,97.7981,97.7148,97.7981,1586
14:20,97.4768,97.7148,97.4768,97.7148,800
14:21,97.4292,97.4768,97.4292,97.4768,843
14:22,97.093,97.4292,97.093,97.4292,2263
14:23,97.0485,97.093,97.0485,97.093,687
14:24,96.6527,97.0485,96.6527,97.0485,953
14:25,96.4936,96.6527,96.4936,96.6527,1496
14:26,96.4404,96.4936,96.4404,96.4936,1035
14:27,96.2898,96.4404,96.2898,96.4404,1230
14:28,96.4104,96.4104,96.2898,96.2898,868
14:29,96.5164,96.5164,96.4104,96.4104,1140
14:30,96.5955,96.5955,96.5164,96.5164,629
14:31,96.7371,96.7371,96.5955,96.5955,1800
14:32,96.8768,96.8768,96.7371,96.7371,959
14:33,97.0899,97.0899,96.8768,96.8768,786
14:34,97.1407,97.1407,97.0899,97.0899,1267
14:35,97.0569,97.1407,97.0569,97.1407,849
14:36,97.0901,97.0901,97.0569,97.0569,623
14:37,97.0547,97.0901,97.0547,97.0901,620
14:38,96.979,97.0547,96.979,97.0547,1279
14:39,96.7036,96.979,96.7036,96.979,945
14:40,96.8612,96.8612,96.7036,96.7036,954
14:41,97.0413,97.0413,96.8612,96.8612,1466
14:42,97.0603,97.0603,97.0413,97.0413,671
14:43,97.0386,97.0603,97.0386,97.0603,772
14:44,97.1515,97.1515,97.0386,97.0386,873
14:45,96.9384,97.1515,96.9384,97.1515,1035
14:46,97.1141,97.1141,96.9384,96.9384,986
14:47,97.2496,97.2496,97.1141,97.1141,904
14:48,97.2714,97.2714,97.2496,97.2496,979
14:49,97.4135,97.4135,97.2714,97.2714,964
14:50,97.66,97.66,97.4135,97.4135,776
14:51,97.6094,97.66,97.6094,97.66,751
14:52,97.6389,97.6389,97.6094,97.6094,1104
14:53,97.8397,97.8397,97.6389,97.6389,731
14:54,97.8566,97.8566,97.8397,97.8397,665
14:55,97.7125,97.8566,97.7125,97.8566,898
14:56,97.6841,97.7125,97.6841,97.7125,949
14:57,97.5931,97.6841,97.5931,97.6841,2234
14:58,97.5462,97.5931,97.5462,97.5931,782
14:59,97.4995,97.5462,97.4995,97.5462,1404
15:00,97.3665,97.4995,97.3665,97.4995,1311
15:01,97.2324,97.3665,97.2324,97.3665,660
15:02,97.3369,97.3369,97.2324,97.2324,1326
15:03,97.3089,97.3369,97.3089,97.3369,663
15:04,97.2783,97.3089,97.2783,97.3089,394
15:05,97.3536,97.3536,97.2783,97.2783,1255
15:06,97.0376,97.3536,97.0376,97.3536,544
15:07,96.8349,97.0376,96.8349,97.0376,1192
15:08,96.828,96.8349,96.828,96.8349,799
15:09,96.8626,96.8626,96.828,96.828,1839
15:10,96.6761,96.8626,96.6761,96.8626,1496
15:11,96.6796,96.6796,96.6761,96.6761,875
15:12,96.3962,96.6796,96.3962,96.6796,808
15:13,96.2714,96.3962,96.2714,96.3962,674
15:14,96.299,96.299,96.2714,96.2714,891
15:15,96.5047,96.5047,96.299,96.299,948
15:16,96.5269,96.5269,96.5047,96.5047,926
15:17,96.5695,96.5695,96.5269,96.5269,1122
15:18,96.4402,96.5695,96.4402,96.5695,1314
15:19,96.474,96.474,96.4402,96.4402,1223
15:20,96.3932,96.474,96.3932,96.474,832
15:21,96.2565,96.3932,96.2565,96.3932,663
15:22,96.2269,96.2565,96.2269,96.2565,1813
15:23,96.1436,96.2269,96.1436,96.2269,888
15:24,96.1941,96.1941,96.1436,96.1436,914
15:25,96.2853,96.2853,96.1941,96.1941,974
15:26,96.1837,96.2853,96.1837,96.2853,622
15:27,96.3131,96.3131,96.1837,96.1837,1030
15:28,96.2511,96.3131,96.2511,96.3131,1054
15:29,96.314,96.314,96.2511,96.2511,1597
15:30,96.3814,96.3814,96.314,96.314,1689
15:31,96.4282,96.4282,96.3814,96.3814,1361
15:32,96.1791,96.4282,96.1791,96.4282,1956
15:33,96.2217,96.2217,96.1791,96.1791,1643
15:34,96.3122,96.3122,96.2217,96.2217,1506
15:35,96.2425,96.3122,96.2425,96.3122,1671
15:36,96.4285,96.4285,96.2425,96.2425,1543
15:37,96.4609,96.4609,96.4285,96.4285,1505
15:38,96.4144,96.4609,96.4144,96.4609,1656
15:39,96.2331,96.4144,96.2331,96.4144,1288
15:40,96.1169,96.2331,96.1169,96.2331,2246
15:41,95.8207,96.1169,95.8207,96.1169,1518
15:42,95.9157,95.9157,95.8207,95.8207,3096
15:43,95.8489,95.9157,95.8489,95.9157,2244
15:44,95.681,95.8489,95.681,95.8489,2671
15:45,95.894,95.894,95.681,95.681,3354
15:46,95.7571,95.894,95.7571,95.894,3804
15:47,95.6768,95.7571,95.6768,95.7571,1871
15:48,95.8312,95.8312,95.6768,95.6768,3277
15:49,95.7484,95.8312,95.7484,95.8312,5216
15:50,95.8542,95.8542,95.7484,95.7484,2268
15:51,95.8539,95.8542,95.8539,95.8542,5160
15:52,95.8914,95.8914,95.8539,95.8539,2200
15:53,96.0258,96.0258,95.8914,95.8914,3711
15:54,96.0919,96.0919,96.0258,96.0258,5897
15:55,96.4943,96.4943,96.0919,96.0919,3531
15:56,96.2263,96.4943,96.2263,96.4943,4898
15:57,96.2721,96.2721,96.2263,96.2263,4511
15:58,96.1834,96.2721,96.1834,96.2721,14929
15:59,96.1349,96.1834,96.1349,96.1834,9667
