Time,Close,High,Low,Open,Volume
09:30,100.2236,100.2236,100.0843,100.0843,18689
09:31,100.1232,100.2236,100.1232,100.2236,10511
09:32,100.2744,100.2744,100.1232,100.1232,11775
09:33,100.351,100.351,100.2744,100.2744,16820
09:34,100.3799,100.3799,100.351,100.351,13466
09:35,100.4231,100.4231,100.3799,100.3799,4493
09:36,100.2688,100.4231,100.2688,100.4231,8147
09:37,100.3092,100.3092,100.2688,100.2688,5054
09:38,100.2487,100.3092,100.2487,100.3092,4718
09:39,100.1959,100.2487,100.1959,100.2487,5203
09:40,100.2385,100.2385,100.1959,100.1959,4357
09:41,100.1759,100.2385,100.1759,100.2385,6393
09:42,100.1827,100.1827,100.1759,100.1759,4619
09:43,100.0809,100.1827,100.0809,100.1827,3408
09:44,100.1192,100.1192,100.0809,100.0809,3544
09:45,100.1669,100.1669,100.1192,100.1192,3169
09:46,100.1205,100.1669,100.1205,100.1669,4457
09:47,100.1156,100.1205,100.1156,100.1205,2280
09:48,100.2344,100.2344,100.1156,100.1156,2567
09:49,100.3345,100.3345,100.2344,100.2344,1594
09:50,100.3962,100.3962,100.3345,100.3345,823
09:51,100.3193,100.3962,100.3193,100.3962,2423
09:52,100.1527,100.3193,100.1527,100.3193,2474
09:53,100.1041,100.1527,100.1041,100.1527,1331
09:54,100.086,100.1041,100.086,100.1041,3691
09:55,100.2141,100.2141,100.086,100.086,943
09:56,100.2669,100.2669,100.2141,100.2141,1539
09:57,100.2689,100.2689,100.2669,100.2669,1363
09:58,100.1341,100.2689,100.1341,100.2689,2420
09:59,100.1489,100.1489,100.1341,100.1341,2289
10:00,100.0157,100.1489,100.0157,100.1489,1393
10:01,99.872,100.0157,99.872,100.0157,1466
10:02,99.8455,99.872,99.8455,99.872,912
10:03,99.7816,99.8455,99.7816,99.8455,605
10:04,99.7174,99.7816,99.7174,99.7816,1056
10:05,99.7279,99.7279,99.7174,99.7174,1239
10:06,99.6396,99.7279,99.6396,99.7279,1782
10:07,99.7041,99.7041,99.6396,99.6396,1736
10:08,99.6694,99.7041,99.6694,99.7041,974
10:09,99.7056,99.7056,99.6694,99.6694,992
10:10,99.5626,99.7056,99.5626,99.7056,752
10:11,99.5231,99.5626,99.5231,99.5626,653
10:12,99.403,99.5231,99.403,99.5231,585
10:13,99.3679,99.403,99.3679,99.403,2120
10:14,99.4746,99.4746,99.3679,99.3679,880
10:15,99.4654,99.4746,99.4654,99.4746,897
10:16,99.5625,99.5625,99.4654,99.4654,668
10:17,99.4792,99.5625,99.4792,99.5625,1365
10:18,99.4909,99.4909,99.4792,99.4792,582
10:19,99.3939,99.4909,99.3939,99.4909,953
10:20,99.3016,99.3939,99.3016,99.3939,746
10:21,99.323,99.323,99.3016,99.3016,1171
10:22,99.2496,99.323,99.2496,99.323,850
10:23,99.1569,99.2496,99.1569,99.2496,668
10:24,99.0702,99.1569,99.0702,99.1569,1004
10:25,99.0826,99.0826,99.0702,99.0702,1178
10:26,99.2326,99.2326,99.0826,99.0826,1034
10:27,99.1791,99.2326,99.1791,99.2326,1123
10:28,99.2761,99.2761,99.1791,99.1791,805
10:29,99.2272,99.2761,99.2272,99.2761,885
10:30,99.2503,99.2503,99.2272,99.2272,792
10:31,99.228,99.2503,99.228,99.2503,885
10:32,99.1593,99.228,99.1593,99.228,753
10:33,99.3848,99.3848,99.1593,99.1593,544
10:34,99.4784,99.4784,99.3848,99.3848,1068
10:35,99.4798,99.4798,99.4784,99.4784,870
10:36,99.47,99.4798,99.47,99.4798,562
10:37,99.5693,99.5693,99.47,99.47,1181
10:38,99.5587,99.5693,99.5587,99.5693,726
10:39,99.5516,99.5587,99.5516,99.5587,1020
10:40,99.6174,99.6174,99.5516,99.5516,1297
10:41,99.6169,99.6174,99.6169,99.6174,1048
10:42,99.617,99.617,99.6169,99.6169,1499
10:43,99.5599,99.617,99.5599,99.617,646
10:44,99.5296,99.5599,99.5296,99.5599,1154
10:45,99.71,99.71,99.5296,99.5296,785
10:46,99.7194,99.7194,99.71,99.71,735
10:47,99.6814,99.7194,99.6814,99.7194,815
10:48,99.6291,99.6814,99.6291,99.6814,896
10:49,99.6323,99.6323,99.6291,99.6291,1020
10:50,99.681,99.681,99.6323,99.6323,662
10:51,99.7195,99.7195,99.681,99.681,1376
10:52,99.5991,99.7195,99.5991,99.7195,1180
10:53,99.5819,99.5991,99.5819,99.5991,580
10:54,99.5258,99.5819,99.5258,99.5819,1695
10:55,99.5232,99.5258,99.5232,99.5258,1958
10:56,99.509,99.5232,99.509,99.5232,1519
10:57,99.523,99.523,99.509,99.509,938
10:58,99.426,99.523,99.426,99.523,684
10:59,99.3096,99.426,99.3096,99.426,1453
11:00,99.244,99.3096,99.244,99.3096,867
11:01,99.2556,99.2556,99.244,99.244,1542
11:02,99.2486,99.2556,99.2486,99.2556,1077
11:03,99.2298,99.2486,99.2298,99.2486,1414
11:04,99.1015,99.2298,99.1015,99.2298,1135
11:05,99.1975,99.1975,99.1015,99.1015,1285
11:06,99.1085,99.1975,99.1085,99.1975,1004
11:07,99.1083,99.1085,99.1083,99.1085,1883
11:08,99.1093,99.1093,99.1083,99.1083,1046
11:09,99.0862,99.1093,99.0862,99.1093,1153
11:10,99.1524,99.1524,99.0862,99.0862,1949
11:11,99.0227,99.1524,99.0227,99.1524,620
11:12,98.9214,99.0227,98.9214,99.0227,637
11:13,98.9555,98.9555,98.9214,98.9214,1410
11:14,98.9796,98.9796,98.9555,98.9555,660
11:15,99.0708,99.0708,98.9796,98.9796,1992
11:16,98.8742,99.0708,98.8742,99.0708,864
11:17,98.8326,98.8742,98.8326,98.8742,767
11:18,98.8144,98.8326,98.8144,98.8326,1977
11:19,98.7837,98.8144,98.7837,98.8144,1690
11:20,98.5559,98.7837,98.5559,98.7837,1939
11:21,98.6396,98.6396,98.5559,98.5559,1379
11:22,98.6556,98.6556,98.6396,98.6396,737
11:23,98.7563,98.7563,98.6556,98.6556,1968
11:24,98.8597,98.8597,98.7563,98.7563,909
11:25,98.9111,98.9111,98.8597,98.8597,1329
11:26,98.9651,98.9651,98.9111,98.9111,1399
11:27,99.0406,99.0406,98.9651,98.9651,947
11:28,99.0862,99.0862,99.0406,99.0406,1243
11:29,99.0843,99.0862,99.0843,99.0862,1387
11:30,99.0839,99.0843,99.0839,99.0843,1143
11:31,99.0058,99.0839,99.0058,99.0839,677
11:32,98.8888,99.0058,98.8888,99.0058,1112
11:33,98.8698,98.8888,98.8698,98.8888,1600
11:34,98.9798,98.9798,98.8698,98.8698,782
11:35,98.718,98.9798,98.718,98.9798,948
11:36,98.921,98.921,98.718,98.718,857
11:37,99.0373,99.0373,98.921,98.921,1926
11:38,99.085,99.085,99.0373,99.0373,1269
11:39,99.1259,99.1259,99.085,99.085,1155
11:40,99.1567,99.1567,99.1259,99.1259,761
11:41,99.082,99.1567,99.082,99.1567,1211
11:42,99.0167,99.082,99.0167,99.082,787
11:43,99.1589,99.1589,99.0167,99.0167,1011
11:44,99.205,99.205,99.1589,99.1589,798
11:45,99.2318,99.2318,99.205,99.205,1271
11:46,99.2531,99.2531,99.2318,99.2318,1227
11:47,99.3434,99.3434,99.2531,99.2531,929
11:48,99.4874,99.4874,99.3434,99.3434,1151
11:49,99.5032,99.5032,99.4874,99.4874,679
11:50,99.6844,99.6844,99.5032,99.5032,589
11:51,99.5704,99.6844,99.5704,99.6844,1169
11:52,99.7801,99.7801,99.5704,99.5704,1061
11:53,99.6963,99.7801,99.6963,99.7801,1252
11:54,99.6686,99.6963,99.6686,99.6963,2328
11:55,99.8109,99.8109,99.6686,99.6686,1398
11:56,99.8155,99.8155,99.8109,99.8109,724
11:57,99.629,99.8155,99.629,99.8155,1486
11:58,99.5917,99.629,99.5917,99.629,627
11:59,99.6823,99.6823,99.5917,99.5917,849
12:00,99.7492,99.7492,99.6823,99.6823,976
12:01,99.6679,99.7492,99.6679,99.7492,1836
12:02,99.5591,99.6679,99.5591,99.6679,768
12:03,99.5729,99.5729,99.5591,99.5591,746
12:04,99.7067,99.7067,99.5729,99.5729,966
12:05,99.7971,99.7971,99.7067,99.7067,790
12:06,99.8861,99.8861,99.7971,99.7971,1491
12:07,99.7146,99.8861,99.7146,99.8861,682
12:08,99.8362,99.8362,99.7146,99.7146,666
12:09,99.9645,99.9645,99.8362,99.8362,856
12:10,99.828,99.9645,99.828,99.9645,838
12:11,99.8019,99.828,99.8019,99.828,1982
12:12,99.7044,99.8019,99.7044,99.8019,1400
12:13,99.6963,99.7044,99.6963,99.7044,1032
12:14,99.7084,99.7084,99.6963,99.6963,648
12:15,99.8601,99.8601,99.7084,99.7084,1349
12:16,100.0832,100.0832,99.8601,99.8601,701
12:17,100.0054,100.0832,100.0054,100.0832,578
12:18,99.7977,100.0054,99.7977,100.0054,1524
12:19,99.8406,99.8406,99.7977,99.7977,1119
12:20,99.8772,99.8772,99.8406,99.8406,1386
12:21,99.7618,99.8772,99.7618,99.8772,1120
12:22,99.7996,99.7996,99.7618,99.7618,1355
12:23,99.9301,99.9301,99.7996,99.7996,794
12:24,99.9382,99.9382,99.9301,99.9301,693
12:25,99.9072,99.9382,99.9072,99.9382,1273
12:26,99.8157,99.9072,99.8157,99.9072,752
12:27,99.8021,99.8157,99.8021,99.8157,783
12:28,99.7872,99.8021,99.7872,99.8021,851
12:29,99.7477,99.7872,99.7477,99.7872,1006
12:30,99.7093,99.7477,99.7093,99.7477,882
12:31,99.73,99.73,99.7093,99.7093,614
12:32,99.7355,99.7355,99.73,99.73,796
12:33,99.7803,99.7803,99.7355,99.7355,455
12:34,99.95,99.95,99.7803,99.7803,1248
12:35,99.9744,99.9744,99.95,99.95,567
12:36,100.0784,100.0784,99.9744,99.9744,676
12:37,100.1049,100.1049,100.0784,100.0784,1019
12:38,100.1513,100.1513,100.1049,100.1049,769
12:39,100.0453,100.1513,100.0453,100.1513,1728
12:40,100.1169,100.1169,100.0453,100.0453,632
12:41,100.1047,100.1169,100.1047,100.1169,1099
12:42,100.0276,100.1047,100.0276,100.1047,986
12:43,100.0294,100.0294,100.0276,100.0276,661
12:44,99.9942,100.0294,99.9942,100.0294,1204
12:45,99.8923,99.9942,99.8923,99.9942,941
12:46,99.8511,99.8923,99.8511,99.8923,1315
12:47,99.8424,99.8511,99.8424,99.8511,1339
12:48,99.8697,99.8697,99.8424,99.8424,2153
12:49,99.7538,99.8697,99.7538,99.8697,1606
12:50,99.7713,99.7713,99.7538,99.7538,877
12:51,99.8562,99.8562,99.7713,99.7713,919
12:52,99.89,99.89,99.8562,99.8562,1477
12:53,99.8099,99.89,99.8099,99.89,1261
12:54,99.7755,99.8099,99.7755,99.8099,1255
12:55,99.7959,99.7959,99.7755,99.7755,564
12:56,99.9802,99.9802,99.7959,99.7959,991
12:57,99.9471,99.9802,99.9471,99.9802,770
12:58,99.894,99.9471,99.894,99.9471,1104
12:59,100.0662,100.0662,99.894,99.894,966
13:00,100.2392,100.2392,100.0662,100.0662,1381
13:01,100.16,100.2392,100.16,100.2392,1119
13:02,100.2169,100.2169,100.16,100.16,1321
13:03,100.2861,100.2861,100.2169,100.2169,848
13:04,100.2331,100.2861,100.2331,100.2861,715
13:05,100.0553,100.2331,100.0553,100.2331,865
13:06,99.8799,100.0553,99.8799,100.0553,994
13:07,100.0126,100.0126,99.8799,99.8799,1144
13:08,99.9784,100.0126,99.9784,100.0126,2228
13:09,100.0804,100.0804,99.9784,99.9784,985
13:10,100.1247,100.1247,100.0804,100.0804,713
13:11,100.1615,100.1615,100.1247,100.1247,885
13:12,100.0829,100.1615,100.0829,100.1615,848
13:13,100.0172,100.0829,100.0172,100.0829,1186
13:14,100.0225,100.0225,100.0172,100.0172,579
13:15,100.122,100.122,100.0225,100.0225,1023
13:16,100.1742,100.1742,100.122,100.122,1057
13:17,100.0988,100.1742,100.0988,100.1742,1086
13:18,100.0583,100.0988,100.0583,100.0988,809
13:19,100.2135,100.2135,100.0583,100.0583,919
13:20,100.3352,100.3352,100.2135,100.2135,604
13:21,100.3263,100.3352,100.3263,100.3352,840
13:22,100.2215,100.3263,100.2215,100.3263,825
13:23,100.0567,100.2215,100.0567,100.2215,1159
13:24,100.1415,100.1415,100.0567,100.0567,664
13:25,100.0834,100.1415,100.0834,100.1415,1319
13:26,99.9551,100.0834,99.9551,100.0834,1699
13:27,99.9597,99.9597,99.9551,99.9551,480
13:28,100.07,100.07,99.9597,99.9597,1163
13:29,100.0038,100.07,100.0038,100.07,1271
13:30,99.9626,100.0038,99.9626,100.0038,798
13:31,100.0315,100.0315,99.9626,99.9626,869
13:32,100.0983,100.0983,100.0315,100.0315,954
13:33,100.0542,100.0983,100.0542,100.0983,900
13:34,99.9904,100.0542,99.9904,100.0542,896
13:35,99.9498,99.9904,99.9498,99.9904,552
13:36,99.8867,99.9498,99.8867,99.9498,1505
13:37,100.0084,100.0084,99.8867,99.8867,1466
13:38,99.9958,100.0084,99.9958,100.0084,750
13:39,99.9963,99.9963,99.9958,99.9958,595
13:40,99.9571,99.9963,99.9571,99.9963,1203
13:41,99.7879,99.9571,99.7879,99.9571,815
13:42,99.8331,99.8331,99.7879,99.7879,1052
13:43,99.7634,99.8331,99.7634,99.8331,893
13:44,99.8399,99.8399,99.7634,99.7634,1278
13:45,99.9391,99.9391,99.8399,99.8399,1279
13:46,99.9621,99.9621,99.9391,99.9391,773
13:47,99.9478,99.9621,99.9478,99.9621,612
13:48,100.0636,100.0636,99.9478,99.9478,571
13:49,100.0706,100.0706,100.0636,100.0636,1242
13:50,100.1477,100.1477,100.0706,100.0706,656
13:51,100.2135,100.2135,100.1477,100.1477,836
13:52,100.1197,100.2135,100.1197,100.2135,809
13:53,100.1722,100.1722,100.1197,100.1197,982
13:54,100.1204,100.1722,100.1204,100.1722,503
13:55,100.1957,100.1957,100.1204,100.1204,1069
13:56,100.2623,100.2623,100.1957,100.1957,1204
13:57,100.4068,100.4068,100.2623,100.2623,1032
13:58,100.3437,100.4068,100.3437,100.4068,896
13:59,100.3194,100.3437,100.3194,100.3437,1035
14:00,100.2778,100.3194,100.2778,100.3194,1152
14:01,100.2221,100.2778,100.2221,100.2778,374
14:02,100.2539,100.2539,100.2221,100.2221,2000
14:03,100.3587,100.3587,100.2539,100.2539,1148
14:04,100.3724,100.3724,100.3587,100.3587,794
14:05,100.3617,100.3724,100.3617,100.3724,871
14:06,100.3716,100.3716,100.3617,100.3617,1191
14:07,100.3901,100.3901,100.3716,100.3716,960
14:08,100.5517,100.5517,100.3901,100.3901,487
14:09,100.5074,100.5517,100.5074,100.5517,2079
14:10,100.4854,100.5074,100.4854,100.5074,962
14:11,100.6016,100.6016,100.4854,100.4854,1436
14:12,100.5885,100.6016,100.5885,100.6016,782
14:13,100.5447,100.5885,100.5447,100.5885,1724
14:14,100.5425,100.5447,100.5425,100.5447,1107
14:15,100.3281,100.5425,100.3281,100.5425,1241
14:16,100.3088,100.3281,100.3088,100.3281,690
14:17,100.3586,100.3586,100.3088,100.3088,1536
14:18,100.3631,100.3631,100.3586,100.3586,1277
14:19,100.3587,100.3631,100.3587,100.3631,1586
14:20,100.262,100.3587,100.262,100.3587,800
14:21,100.3534,100.3534,100.262,100.262,843
14:22,100.3148,100.3534,100.3148,100.3534,2263
14:23,100.189,100.3148,100.189,100.3148,687
14:24,100.161,100.189,100.161,100.189,953
14:25,100.3673,100.3673,100.161,100.161,1496
14:26,100.4564,100.4564,100.3673,100.3673,1035
14:27,100.4754,100.4754,100.4564,100.4564,1230
14:28,100.6093,100.6093,100.4754,100.4754,868
14:29,100.6235,100.6235,100.6093,100.6093,1140
14:30,100.6177,100.6235,100.6177,100.6235,629
14:31,100.5842,100.6177,100.5842,100.6177,1800
14:32,100.4303,100.5842,100.4303,100.5842,959
14:33,100.383,100.4303,100.383,100.4303,786
14:34,100.2881,100.383,100.2881,100.383,1267
14:35,100.2667,100.2881,100.2667,100.2881,849
14:36,100.2917,100.2917,100.2667,100.2667,623
14:37,100.3284,100.3284,100.2917,100.2917,620
14:38,100.3748,100.3748,100.3284,100.3284,1279
14:39,100.3447,100.3748,100.3447,100.3748,945
14:40,100.2549,100.3447,100.2549,100.3447,954
14:41,100.268,100.268,100.2549,100.2549,1466
14:42,100.1712,100.268,100.1712,100.268,671
14:43,100.1446,100.1712,100.1446,100.1712,772
14:44,100.292,100.292,100.1446,100.1446,873
14:45,100.3877,100.3877,100.292,100.292,1035
14:46,100.2702,100.3877,100.2702,100.3877,986
14:47,100.4062,100.4062,100.2702,100.2702,904
14:48,100.2983,100.4062,100.2983,100.4062,979
14:49,100.2118,100.2983,100.2118,100.2983,964
14:50,100.1956,100.2118,100.1956,100.2118,776
14:51,100.2743,100.2743,100.1956,100.1956,751
14:52,100.1912,100.2743,100.1912,100.2743,1104
14:53,100.1674,100.1912,100.1674,100.1912,731
14:54,100.1985,100.1985,100.1674,100.1674,665
14:55,100.2172,100.2172,100.1985,100.1985,898
14:56,100.2842,100.2842,100.2172,100.2172,949
14:57,100.2281,100.2842,100.2281,100.2842,2234
14:58,100.1539,100.2281,100.1539,100.2281,782
14:59,100.1175,100.1539,100.1175,100.1539,1404
15:00,100.0395,100.1175,100.0395,100.1175,1311
15:01,99.8823,100.0395,99.8823,100.0395,660
15:02,99.96,99.96,99.8823,99.8823,1326
15:03,100.1596,100.1596,99.96,99.96,663
15:04,100.163,100.163,100.1596,100.1596,394
15:05,100.0767,100.163,100.0767,100.163,1255
15:06,100.1634,100.1634,100.0767,100.0767,544
15:07,100.1248,100.1634,100.1248,100.1634,1192
15:08,100.2222,100.2222,100.1248,100.1248,799
15:09,100.1663,100.2222,100.1663,100.2222,1839
15:10,100.1603,100.1663,100.1603,100.1663,1496
15:11,100.2025,100.2025,100.1603,100.1603,875
15:12,100.249,100.249,100.2025,100.2025,808
15:13,100.3797,100.3797,100.249,100.249,674
15:14,100.3345,100.3797,100.3345,100.3797,891
15:15,100.4975,100.4975,100.3345,100.3345,948
15:16,100.4402,100.4975,100.4402,100.4975,926
15:17,100.3587,100.4402,100.3587,100.4402,1122
15:18,100.3549,100.3587,100.3549,100.3587,1314
15:19,100.2549,100.3549,100.2549,100.3549,1223
15:20,100.1626,100.2549,100.1626,100.2549,832
15:21,100.2152,100.2152,100.1626,100.1626,663
15:22,100.136,100.2152,100.136,100.2152,1813
15:23,100.1044,100.136,100.1044,100.136,888
15:24,100.1768,100.1768,100.1044,100.1044,914
15:25,100.165,100.1768,100.165,100.1768,974
15:26,99.9969,100.165,99.9969,100.165,622
15:27,100.0787,100.0787,99.9969,99.9969,1030
15:28,100.0712,100.0787,100.0712,100.0787,1054
15:29,100.1319,100.1319,100.0712,100.0712,1597
15:30,100.0612,100.1319,100.0612,100.1319,1689
15:31,100.0223,100.0612,100.0223,100.0612,1361
15:32,99.9628,100.0223,99.9628,100.0223,1956
15:33,99.9667,99.9667,99.9628,99.9628,1643
15:34,100.0464,100.0464,99.9667,99.9667,1506
15:35,100.032,100.0464,100.032,100.0464,1671
15:36,100.1073,100.1073,100.032,100.032,1543
15:37,100.0808,100.1073,100.0808,100.1073,1505
15:38,100.0944,100.0944,100.0808,100.0808,1656
15:39,100.0711,100.0944,100.0711,100.0944,1288
15:40,100.118,100.118,100.0711,100.0711,2246
15:41,100.2597,100.2597,100.118,100.118,1518
15:42,100.3366,100.3366,100.2597,100.2597,3096
15:43,100.504,100.504,100.3366,100.3366,2244
15:44,100.5049,100.5049,100.504,100.504,2671
15:45,100.5338,100.5338,100.5049,100.5049,3354
15:46,100.551,100.551,100.5338,100.5338,3804
15:47,100.5555,100.5555,100.551,100.551,1871
15:48,100.6705,100.6705,100.5555,100.5555,3277
15:49,100.7377,100.7377,100.6705,100.6705,5216
15:50,100.8344,100.8344,100.7377,100.7377,2268
15:51,100.7361,100.8344,100.7361,100.8344,5160
15:52,100.851,100.851,100.7361,100.7361,2200
15:53,101.031,101.031,100.851,100.851,3711
15:54,100.9071,101.031,100.9071,101.031,5897
15:55,100.8984,100.9071,100.8984,100.9071,3531
15:56,100.8737,100.8984,100.8737,100.8984,4898
15:57,100.9355,100.9355,100.8737,100.8737,4511
15:58,100.8908,100.9355,100.8908,100.9355,14929
15:59,100.8546,100.8908,100.8546,100.8908,9667
