Time,Close,High,Low,Open,Volume
09:30,99.9138,99.9902,99.9138,99.9902,18689
09:31,99.8925,99.9138,99.8925,99.9138,10511
09:32,99.6123,99.8925,99.6123,99.8925,11775
09:33,99.5677,99.6123,99.5677,99.6123,16820
09:34,99.3796,99.5677,99.3796,99.5677,13466
09:35,99.3302,99.3796,99.3302,99.3796,4493
09:36,99.2017,99.3302,99.2017,99.3302,8147
09:37,99.2989,99.2989,99.2017,99.2017,5054
09:38,99.2161,99.2989,99.2161,99.2989,4718
09:39,99.3415,99.3415,99.2161,99.2161,5203
09:40,99.4152,99.4152,99.3415,99.3415,4357
09:41,99.4737,99.4737,99.4152,99.4152,6393
09:42,99.5677,99.5677,99.4737,99.4737,4619
09:43,99.6678,99.6678,99.5677,99.5677,3408
09:44,99.7357,99.7357,99.6678,99.6678,3544
09:45,99.6586,99.7357,99.6586,99.7357,3169
09:46,99.9455,99.9455,99.6586,99.6586,4457
09:47,99.8528,99.9455,99.8528,99.9455,2280
09:48,99.7025,99.8528,99.7025,99.8528,2567
09:49,99.7489,99.7489,99.7025,99.7025,1594
09:50,99.5727,99.7489,99.5727,99.7489,823
09:51,99.5537,99.5727,99.5537,99.5727,2423
09:52,99.5764,99.5764,99.5537,99.5537,2474
09:53,99.4815,99.5764,99.4815,99.5764,1331
09:54,99.5541,99.5541,99.4815,99.4815,3691
09:55,99.4778,99.5541,99.4778,99.5541,943
09:56,99.597,99.597,99.4778,99.4778,1539
09:57,99.6444,99.6444,99.597,99.597,1363
09:58,99.71,99.71,99.6444,99.6444,2420
09:59,99.9524,99.9524,99.71,99.71,2289
10:00,100.2011,100.2011,99.9524,99.9524,1393
10:01,100.2156,100.2156,100.2011,100.2011,1466
10:02,100.4594,100.4594,100.2156,100.2156,912
10:03,100.3855,100.4594,100.3855,100.4594,605
10:04,100.4555,100.4555,100.3855,100.3855,1056
10:05,100.5141,100.5141,100.4555,100.4555,1239
10:06,100.5226,100.5226,100.5141,100.5141,1782
10:07,100.5833,100.5833,100.5226,100.5226,1736
10:08,100.5236,100.5833,100.5236,100.5833,974
10:09,100.6643,100.6643,100.5236,100.5236,992
10:10,100.7194,100.7194,100.6643,100.6643,752
10:11,100.6821,100.7194,100.6821,100.7194,653
10:12,100.5565,100.6821,100.5565,100.6821,585
10:13,100.6348,100.6348,100.5565,100.5565,2120
10:14,100.7031,100.7031,100.6348,100.6348,880
10:15,100.5996,100.7031,100.5996,100.7031,897
10:16,100.6358,100.6358,100.5996,100.5996,668
10:17,100.4958,100.6358,100.4958,100.6358,1365
10:18,100.4591,100.4958,100.4591,100.4958,582
10:19,100.5264,100.5264,100.4591,100.4591,953
10:20,100.5045,100.5264,100.5045,100.5264,746
10:21,100.59,100.59,100.5045,100.5045,1171
10:22,100.6426,100.6426,100.59,100.59,850
10:23,100.7909,100.7909,100.6426,100.6426,668
10:24,100.8081,100.8081,100.7909,100.7909,1004
10:25,100.8469,100.8469,100.8081,100.8081,1178
10:26,100.9494,100.9494,100.8469,100.8469,1034
10:27,100.8537,100.9494,100.8537,100.9494,1123
10:28,100.9098,100.9098,100.8537,100.8537,805
10:29,100.8648,100.9098,100.8648,100.9098,885
10:30,101.0169,101.0169,100.8648,100.8648,792
10:31,100.9668,101.0169,100.9668,101.0169,885
10:32,100.9188,100.9668,100.9188,100.9668,753
10:33,100.8933,100.9188,100.8933,100.9188,544
10:34,100.994,100.994,100.8933,100.8933,1068
10:35,101.0927,101.0927,100.994,100.994,870
10:36,101.2642,101.2642,101.0927,101.0927,562
10:37,101.1731,101.2642,101.1731,101.2642,1181
10:38,101.1512,101.1731,101.1512,101.1731,726
10:39,101.064,101.1512,101.064,101.1512,1020
10:40,100.9226,101.064,100.9226,101.064,1297
10:41,101.0293,101.0293,100.9226,100.9226,1048
10:42,100.9099,101.0293,100.9099,101.0293,1499
10:43,101.0473,101.0473,100.9099,100.9099,646
10:44,100.9616,101.0473,100.9616,101.0473,1154
10:45,100.9682,100.9682,100.9616,100.9616,785
10:46,101.0871,101.0871,100.9682,100.9682,735
10:47,101.1975,101.1975,101.0871,101.0871,815
10:48,101.3056,101.3056,101.1975,101.1975,896
10:49,101.2238,101.3056,101.2238,101.3056,1020
10:50,101.1595,101.2238,101.1595,101.2238,662
10:51,101.1388,101.1595,101.1388,101.1595,1376
10:52,101.4085,101.4085,101.1388,101.1388,1180
10:53,101.2013,101.4085,101.2013,101.4085,580
10:54,101.2051,101.2051,101.2013,101.2013,1695
10:55,101.1628,101.2051,101.1628,101.2051,1958
10:56,101.1846,101.1846,101.1628,101.1628,1519
10:57,101.0734,101.1846,101.0734,101.1846,938
10:58,101.0629,101.0734,101.0629,101.0734,684
10:59,101.0075,101.0629,101.0075,101.0629,1453
11:00,101.0247,101.0247,101.0075,101.0075,867
11:01,101.0047,101.0247,101.0047,101.0247,1542
11:02,101.1196,101.1196,101.0047,101.0047,1077
11:03,101.0691,101.1196,101.0691,101.1196,1414
11:04,100.9577,101.0691,100.9577,101.0691,1135
11:05,101.0455,101.0455,100.9577,100.9577,1285
11:06,100.8625,101.0455,100.8625,101.0455,1004
11:07,100.7068,100.8625,100.7068,100.8625,1883
11:08,100.6402,100.7068,100.6402,100.7068,1046
11:09,100.4963,100.6402,100.4963,100.6402,1153
11:10,100.4592,100.4963,100.4592,100.4963,1949
11:11,100.4101,100.4592,100.4101,100.4592,620
11:12,100.3537,100.4101,100.3537,100.4101,637
11:13,100.4299,100.4299,100.3537,100.3537,1410
11:14,100.2869,100.4299,100.2869,100.4299,660
11:15,100.4741,100.4741,100.2869,100.2869,1992
11:16,100.5071,100.5071,100.4741,100.4741,864
11:17,100.3011,100.5071,100.3011,100.5071,767
11:18,100.2069,100.3011,100.2069,100.3011,1977
11:19,100.0682,100.2069,100.0682,100.2069,1690
11:20,100.0708,100.0708,100.0682,100.0682,1939
11:21,100.1883,100.1883,100.0708,100.0708,1379
11:22,100.1969,100.1969,100.1883,100.1883,737
11:23,100.1703,100.1969,100.1703,100.1969,1968
11:24,100.071,100.1703,100.071,100.1703,909
11:25,99.9337,100.071,99.9337,100.071,1329
11:26,100.0208,100.0208,99.9337,99.9337,1399
11:27,100.192,100.192,100.0208,100.0208,947
11:28,100.2946,100.2946,100.192,100.192,1243
11:29,100.1086,100.2946,100.1086,100.2946,1387
11:30,99.9833,100.1086,99.9833,100.1086,1143
11:31,100.0317,100.0317,99.9833,99.9833,677
11:32,100.0404,100.0404,100.0317,100.0317,1112
11:33,99.9798,100.0404,99.9798,100.0404,1600
11:34,100.0285,100.0285,99.9798,99.9798,782
11:35,99.983,100.0285,99.983,100.0285,948
11:36,99.8651,99.983,99.8651,99.983,857
11:37,99.738,99.8651,99.738,99.8651,1926
11:38,99.5086,99.738,99.5086,99.738,1269
11:39,99.3902,99.5086,99.3902,99.5086,1155
11:40,99.2917,99.3902,99.2917,99.3902,761
11:41,99.3834,99.3834,99.2917,99.2917,1211
11:42,99.2512,99.3834,99.2512,99.3834,787
11:43,99.2455,99.2512,99.2455,99.2512,1011
11:44,99.2913,99.2913,99.2455,99.2455,798
11:45,99.2935,99.2935,99.2913,99.2913,1271
11:46,99.3801,99.3801,99.2935,99.2935,1227
11:47,99.1648,99.3801,99.1648,99.3801,929
11:48,99.2662,99.2662,99.1648,99.1648,1151
11:49,99.3402,99.3402,99.2662,99.2662,679
11:50,99.256,99.3402,99.256,99.3402,589
11:51,99.1104,99.256,99.1104,99.256,1169
11:52,99.0684,99.1104,99.0684,99.1104,1061
11:53,99.062,99.0684,99.062,99.0684,1252
11:54,99.0562,99.062,99.0562,99.062,2328
11:55,98.9623,99.0562,98.9623,99.0562,1398
11:56,98.9079,98.9623,98.9079,98.9623,724
11:57,99.0265,99.0265,98.9079,98.9079,1486
11:58,98.9469,99.0265,98.9469,99.0265,627
11:59,99.0661,99.0661,98.9469,98.9469,849
12:00,98.9731,99.0661,98.9731,99.0661,976
12:01,98.9932,98.9932,98.9731,98.9731,1836
12:02,99.0022,99.0022,98.9932,98.9932,768
12:03,98.9345,99.0022,98.9345,99.0022,746
12:04,98.8417,98.9345,98.8417,98.9345,966
12:05,98.9738,98.9738,98.8417,98.8417,790
12:06,98.9484,98.9738,98.9484,98.9738,1491
12:07,98.9442,98.9484,98.9442,98.9484,682
12:08,98.9102,98.9442,98.9102,98.9442,666
12:09,98.9155,98.9155,98.9102,98.9102,856
12:10,98.9976,98.9976,98.9155,98.9155,838
12:11,99.0316,99.0316,98.9976,98.9976,1982
12:12,99.1052,99.1052,99.0316,99.0316,1400
12:13,99.1611,99.1611,99.1052,99.1052,1032
12:14,99.321,99.321,99.1611,99.1611,648
12:15,99.3683,99.3683,99.321,99.321,1349
12:16,99.3065,99.3683,99.3065,99.3683,701
12:17,99.3805,99.3805,99.3065,99.3065,578
12:18,99.4367,99.4367,99.3805,99.3805,1524
12:19,99.5674,99.5674,99.4367,99.4367,1119
12:20,99.7545,99.7545,99.5674,99.5674,1386
12:21,99.7286,99.7545,99.7286,99.7545,1120
12:22,99.7846,99.7846,99.7286,99.7286,1355
12:23,99.7235,99.7846,99.7235,99.7846,794
12:24,99.8357,99.8357,99.7235,99.7235,693
12:25,99.856,99.856,99.8357,99.8357,1273
12:26,99.8843,99.8843,99.856,99.856,752
12:27,100.1529,100.1529,99.8843,99.8843,783
12:28,100.1773,100.1773,100.1529,100.1529,851
12:29,100.1579,100.1773,100.1579,100.1773,1006
12:30,100.327,100.327,100.1579,100.1579,882
12:31,100.2154,100.327,100.2154,100.327,614
12:32,100.1965,100.2154,100.1965,100.2154,796
12:33,99.9207,100.1965,99.9207,100.1965,455
12:34,99.901,99.9207,99.901,99.9207,1248
12:35,99.8394,99.901,99.8394,99.901,567
12:36,99.9853,99.9853,99.8394,99.8394,676
12:37,100.0294,100.0294,99.9853,99.9853,1019
12:38,99.8216,100.0294,99.8216,100.0294,769
12:39,100.0039,100.0039,99.8216,99.8216,1728
12:40,100.0308,100.0308,100.0039,100.0039,632
12:41,100.1774,100.1774,100.0308,100.0308,1099
12:42,100.3579,100.3579,100.1774,100.1774,986
12:43,100.4414,100.4414,100.3579,100.3579,661
12:44,100.465,100.465,100.4414,100.4414,1204
12:45,100.7911,100.7911,100.465,100.465,941
12:46,100.6285,100.7911,100.6285,100.7911,1315
12:47,100.591,100.6285,100.591,100.6285,1339
12:48,100.5276,100.591,100.5276,100.591,2153
12:49,100.46,100.5276,100.46,100.5276,1606
12:50,100.432,100.46,100.432,100.46,877
12:51,100.2708,100.432,100.2708,100.432,919
12:52,100.3565,100.3565,100.2708,100.2708,1477
12:53,100.3172,100.3565,100.3172,100.3565,1261
12:54,100.4571,100.4571,100.3172,100.3172,1255
12:55,100.4809,100.4809,100.4571,100.4571,564
12:56,100.5536,100.5536,100.4809,100.4809,991
12:57,100.6356,100.6356,100.5536,100.5536,770
12:58,100.6636,100.6636,100.6356,100.6356,1104
12:59,100.7362,100.7362,100.6636,100.6636,966
13:00,100.7967,100.7967,100.7362,100.7362,1381
13:01,100.8267,100.8267,100.7967,100.7967,1119
13:02,100.7633,100.8267,100.7633,100.8267,1321
13:03,100.7645,100.7645,100.7633,100.7633,848
13:04,100.8046,100.8046,100.7645,100.7645,715
13:05,100.8503,100.8503,100.8046,100.8046,865
13:06,100.8,100.8503,100.8,100.8503,994
13:07,101.0109,101.0109,100.8,100.8,1144
13:08,100.9746,101.0109,100.9746,101.0109,2228
13:09,101.0842,101.0842,100.9746,100.9746,985
13:10,101.0553,101.0842,101.0553,101.0842,713
13:11,101.0307,101.0553,101.0307,101.0553,885
13:12,101.0952,101.0952,101.0307,101.0307,848
13:13,101.2099,101.2099,101.0952,101.0952,1186
13:14,101.2119,101.2119,101.2099,101.2099,579
13:15,101.1841,101.2119,101.1841,101.2119,1023
13:16,101.4018,101.4018,101.1841,101.1841,1057
13:17,101.3662,101.4018,101.3662,101.4018,1086
13:18,101.3998,101.3998,101.3662,101.3662,809
13:19,101.4681,101.4681,101.3998,101.3998,919
13:20,101.3742,101.4681,101.3742,101.4681,604
13:21,101.3372,101.3742,101.3372,101.3742,840
13:22,101.2646,101.3372,101.2646,101.3372,825
13:23,101.3459,101.3459,101.2646,101.2646,1159
13:24,101.3101,101.3459,101.3101,101.3459,664
13:25,101.2603,101.3101,101.2603,101.3101,1319
13:26,101.3417,101.3417,101.2603,101.2603,1699
13:27,101.2602,101.3417,101.2602,101.3417,480
13:28,101.1851,101.2602,101.1851,101.2602,1163
13:29,101.1678,101.1851,101.1678,101.1851,1271
13:30,101.1341,101.1678,101.1341,101.1678,798
13:31,100.9685,101.1341,100.9685,101.1341,869
13:32,100.7575,100.9685,100.7575,100.9685,954
13:33,100.8882,100.8882,100.7575,100.7575,900
13:34,100.9491,100.9491,100.8882,100.8882,896
13:35,100.985,100.985,100.9491,100.9491,552
13:36,101.0329,101.0329,100.985,100.985,1505
13:37,100.9476,101.0329,100.9476,101.0329,1466
13:38,100.971,100.971,100.9476,100.9476,750
13:39,101.0564,101.0564,100.971,100.971,595
13:40,101.1386,101.1386,101.0564,101.0564,1203
13:41,101.0366,101.1386,101.0366,101.1386,815
13:42,101.3203,101.3203,101.0366,101.0366,1052
13:43,101.327,101.327,101.3203,101.3203,893
13:44,101.3529,101.3529,101.327,101.327,1278
13:45,101.2605,101.3529,101.2605,101.3529,1279
13:46,101.3221,101.3221,101.2605,101.2605,773
13:47,101.4525,101.4525,101.3221,101.3221,612
13:48,101.6453,101.6453,101.4525,101.4525,571
13:49,101.738,101.738,101.6453,101.6453,1242
13:50,101.6746,101.738,101.6746,101.738,656
13:51,101.6703,101.6746,101.6703,101.6746,836
13:52,101.8058,101.8058,101.6703,101.6703,809
13:53,101.9615,101.9615,101.8058,101.8058,982
13:54,102.2883,102.2883,101.9615,101.9615,503
13:55,102.4524,102.4524,102.2883,102.2883,1069
13:56,102.3425,102.4524,102.3425,102.4524,1204
13:57,102.2837,102.3425,102.2837,102.3425,1032
13:58,102.3651,102.3651,102.2837,102.2837,896
13:59,102.3479,102.3651,102.3479,102.3651,1035
14:00,102.3114,102.3479,102.3114,102.3479,1152
14:01,102.4292,102.4292,102.3114,102.3114,374
14:02,102.4323,102.4323,102.4292,102.4292,2000
14:03,102.4555,102.4555,102.4323,102.4323,1148
14:04,102.4983,102.4983,102.4555,102.4555,794
14:05,102.4454,102.4983,102.4454,102.4983,871
14:06,102.5449,102.5449,102.4454,102.4454,1191
14:07,102.5509,102.5509,102.5449,102.5449,960
14:08,102.3173,102.5509,102.3173,102.5509,487
14:09,102.383,102.383,102.3173,102.3173,2079
14:10,102.3999,102.3999,102.383,102.383,962
14:11,102.416,102.416,102.3999,102.3999,1436
14:12,102.2551,102.416,102.2551,102.416,782
14:13,102.2701,102.2701,102.2551,102.2551,1724
14:14,102.378,102.378,102.2701,102.2701,1107
14:15,102.4224,102.4224,102.378,102.378,1241
14:16,102.5343,102.5343,102.4224,102.4224,690
14:17,102.7127,102.7127,102.5343,102.5343,1536
14:18,102.877,102.877,102.7127,102.7127,1277
14:19,102.6951,102.877,102.6951,102.877,1586
14:20,102.6385,102.6951,102.6385,102.6951,800
14:21,102.7722,102.7722,102.6385,102.6385,843
14:22,102.5789,102.7722,102.5789,102.7722,2263
14:23,102.5433,102.5789,102.5433,102.5789,687
14:24,102.597,102.597,102.5433,102.5433,953
14:25,102.6156,102.6156,102.597,102.597,1496
14:26,102.7385,102.7385,102.6156,102.6156,1035
14:27,102.7599,102.7599,102.7385,102.7385,1230
14:28,102.6879,102.7599,102.6879,102.7599,868
14:29,102.6733,102.6879,102.6733,102.6879,1140
14:30,102.7404,102.7404,102.6733,102.6733,629
14:31,102.8815,102.8815,102.7404,102.7404,1800
14:32,102.8875,102.8875,102.8815,102.8815,959
14:33,103.1243,103.1243,102.8875,102.8875,786
14:34,102.9433,103.1243,102.9433,103.1243,1267
14:35,102.8108,102.9433,102.8108,102.9433,849
14:36,102.6738,102.8108,102.6738,102.8108,623
14:37,102.7703,102.7703,102.6738,102.6738,620
14:38,102.7996,102.7996,102.7703,102.7703,1279
14:39,102.7869,102.7996,102.7869,102.7996,945
14:40,102.8437,102.8437,102.7869,102.7869,954
14:41,102.7408,102.8437,102.7408,102.8437,1466
14:42,102.7575,102.7575,102.7408,102.7408,671
14:43,102.6227,102.7575,102.6227,102.7575,772
14:44,102.6049,102.6227,102.6049,102.6227,873
14:45,102.4492,102.6049,102.4492,102.6049,1035
14:46,102.3308,102.4492,102.3308,102.4492,986
14:47,102.4322,102.4322,102.3308,102.3308,904
14:48,102.2162,102.4322,102.2162,102.4322,979
14:49,102.018,102.2162,102.018,102.2162,964
14:50,102.1443,102.1443,102.018,102.018,776
14:51,101.9967,102.1443,101.9967,102.1443,751
14:52,102.2041,102.2041,101.9967,101.9967,1104
14:53,102.1421,102.2041,102.1421,102.2041,731
14:54,102.0103,102.1421,102.0103,102.1421,665
14:55,101.9326,102.0103,101.9326,102.0103,898
14:56,101.6811,101.9326,101.6811,101.9326,949
14:57,101.6499,101.6811,101.6499,101.6811,2234
14:58,101.8304,101.8304,101.6499,101.6499,782
14:59,101.887,101.887,101.8304,101.8304,1404
15:00,101.9099,101.9099,101.887,101.887,1311
15:01,101.9496,101.9496,101.9099,101.9099,660
15:02,102.033,102.033,101.9496,101.9496,1326
15:03,101.9216,102.033,101.9216,102.033,663
15:04,102.1075,102.1075,101.9216,101.9216,394
15:05,101.9914,102.1075,101.9914,102.1075,1255
15:06,102.2252,102.2252,101.9914,101.9914,544
15:07,102.0854,102.2252,102.0854,102.2252,1192
15:08,101.9061,102.0854,101.9061,102.0854,799
15:09,101.9095,101.9095,101.9061,101.9061,1839
15:10,101.9138,101.9138,101.9095,101.9095,1496
15:11,101.8553,101.9138,101.8553,101.9138,875
15:12,101.8438,101.8553,101.8438,101.8553,808
15:13,101.6672,101.8438,101.6672,101.8438,674
15:14,101.5997,101.6672,101.5997,101.6672,891
15:15,101.5408,101.5997,101.5408,101.5997,948
15:16,101.5224,101.5408,101.5224,101.5408,926
15:17,101.4264,101.5224,101.4264,101.5224,1122
15:18,101.5172,101.5172,101.4264,101.4264,1314
15:19,101.3843,101.5172,101.3843,101.5172,1223
15:20,101.2984,101.3843,101.2984,101.3843,832
15:21,101.1945,101.2984,101.1945,101.2984,663
15:22,101.2715,101.2715,101.1945,101.1945,1813
15:23,101.2942,101.2942,101.2715,101.2715,888
15:24,101.3251,101.3251,101.2942,101.2942,914
15:25,101.265,101.3251,101.265,101.3251,974
15:26,101.325,101.325,101.265,101.265,622
15:27,101.2259,101.325,101.2259,101.325,1030
15:28,101.3291,101.3291,101.2259,101.2259,1054
15:29,101.3605,101.3605,101.3291,101.3291,1597
15:30,101.321,101.3605,101.321,101.3605,1689
15:31,101.152,101.321,101.152,101.321,1361
15:32,100.9753,101.152,100.9753,101.152,1956
15:33,101.0834,101.0834,100.9753,100.9753,1643
15:34,101.1668,101.1668,101.0834,101.0834,1506
15:35,101.1982,101.1982,101.1668,101.1668,1671
15:36,101.3412,101.3412,101.1982,101.1982,1543
15:37,101.2962,101.3412,101.2962,101.3412,1505
15:38,101.233,101.2962,101.233,101.2962,1656
15:39,101.3025,101.3025,101.233,101.233,1288
15:40,101.4473,101.4473,101.3025,101.3025,2246
15:41,101.5366,101.5366,101.4473,101.4473,1518
15:42,101.4907,101.5366,101.4907,101.5366,3096
15:43,101.496,101.496,101.4907,101.4907,2244
15:44,101.5433,101.5433,101.496,101.496,2671
15:45,101.4891,101.5433,101.4891,101.5433,3354
15:46,101.459,101.4891,101.459,101.4891,3804
15:47,101.4654,101.4654,101.459,101.459,1871
15:48,101.5555,101.5555,101.4654,101.4654,3277
15:49,101.688,101.688,101.5555,101.5555,5216
15:50,101.559,101.688,101.559,101.688,2268
15:51,101.5241,101.559,101.5241,101.559,5160
15:52,101.4685,101.5241,101.4685,101.5241,2200
15:53,101.497,101.497,101.4685,101.4685,3711
15:54,101.7181,101.7181,101.497,101.497,5897
15:55,101.9486,101.9486,101.7181,101.7181,3531
15:56,101.9514,101.9514,101.9486,101.9486,4898
15:57,101.8391,101.9514,101.8391,101.9514,4511
15:58,101.8286,101.8391,101.8286,101.8391,14929
15:59,101.8003,101.8286,101.8003,101.8286,9667
