Time,Close,High,Low,Open,Volume
09:30,100.018,100.0675,100.018,100.0675,18689
09:31,100.0818,100.0818,100.018,100.018,10511
09:32,100.1202,100.1202,100.0818,100.0818,11775
09:33,100.1057,100.1202,100.1057,100.1202,16820
09:34,100.0958,100.1057,100.0958,100.1057,13466
09:35,100.0444,100.0958,100.0444,100.0958,4493
09:36,99.9459,100.0444,99.9459,100.0444,8147
09:37,99.9671,99.9671,99.9459,99.9459,5054
09:38,99.9116,99.9671,99.9116,99.9671,4718
09:39,99.8874,99.9116,99.8874,99.9116,5203
09:40,99.8622,99.8874,99.8622,99.8874,4357
09:41,99.8115,99.8622,99.8115,99.8622,6393
09:42,99.8596,99.8596,99.8115,99.8115,4619
09:43,99.9173,99.9173,99.8596,99.8596,3408
09:44,99.8866,99.9173,99.8866,99.9173,3544
09:45,99.9749,99.9749,99.8866,99.8866,3169
09:46,99.9818,99.9818,99.9749,99.9749,4457
09:47,100.003,100.003,99.9818,99.9818,2280
09:48,100.0833,100.0833,100.003,100.003,2567
09:49,100.1007,100.1007,100.0833,100.0833,1594
09:50,100.0881,100.1007,100.0881,100.1007,823
09:51,100.0065,100.0881,100.0065,100.0881,2423
09:52,100.0137,100.0137,100.0065,100.0065,2474
09:53,100.0501,100.0501,100.0137,100.0137,1331
09:54,100.0211,100.0501,100.0211,100.0501,3691
09:55,100.0377,100.0377,100.0211,100.0211,943
09:56,100.0699,100.0699,100.0377,100.0377,1539
09:57,100.021,100.0699,100.021,100.0699,1363
09:58,99.9578,100.021,99.9578,100.021,2420
09:59,99.9749,99.9749,99.9578,99.9578,2289
10:00,99.8932,99.9749,99.8932,99.9749,1393
10:01,99.9468,99.9468,99.8932,99.8932,1466
10:02,99.8508,99.9468,99.8508,99.9468,912
10:03,99.9216,99.9216,99.8508,99.8508,605
10:04,99.8637,99.9216,99.8637,99.9216,1056
10:05,99.8546,99.8637,99.8546,99.8637,1239
10:06,99.8466,99.8546,99.8466,99.8546,1782
10:07,99.8309,99.8466,99.8309,99.8466,1736
10:08,99.8261,99.8309,99.8261,99.8309,974
10:09,99.7762,99.8261,99.7762,99.8261,992
10:10,99.7393,99.7762,99.7393,99.7762,752
10:11,99.7228,99.7393,99.7228,99.7393,653
10:12,99.7114,99.7228,99.7114,99.7228,585
10:13,99.6934,99.7114,99.6934,99.7114,2120
10:14,99.6969,99.6969,99.6934,99.6934,880
10:15,99.6947,99.6969,99.6947,99.6969,897
10:16,99.7243,99.7243,99.6947,99.6947,668
10:17,99.7135,99.7243,99.7135,99.7243,1365
10:18,99.7266,99.7266,99.7135,99.7135,582
10:19,99.7352,99.7352,99.7266,99.7266,953
10:20,99.6902,99.7352,99.6902,99.7352,746
10:21,99.739,99.739,99.6902,99.6902,1171
10:22,99.7095,99.739,99.7095,99.739,850
10:23,99.6889,99.7095,99.6889,99.7095,668
10:24,99.648,99.6889,99.648,99.6889,1004
10:25,99.6494,99.6494,99.648,99.648,1178
10:26,99.5895,99.6494,99.5895,99.6494,1034
10:27,99.5282,99.5895,99.5282,99.5895,1123
10:28,99.5234,99.5282,99.5234,99.5282,805
10:29,99.554,99.554,99.5234,99.5234,885
10:30,99.5121,99.554,99.5121,99.554,792
10:31,99.5178,99.5178,99.5121,99.5121,885
10:32,99.5448,99.5448,99.5178,99.5178,753
10:33,99.5609,99.5609,99.5448,99.5448,544
10:34,99.4654,99.5609,99.4654,99.5609,1068
10:35,99.4341,99.4654,99.4341,99.4654,870
10:36,99.3951,99.4341,99.3951,99.4341,562
10:37,99.413,99.413,99.3951,99.3951,1181
10:38,99.4998,99.4998,99.413,99.413,726
10:39,99.5339,99.5339,99.4998,99.4998,1020
10:40,99.5489,99.5489,99.5339,99.5339,1297
10:41,99.5774,99.5774,99.5489,99.5489,1048
10:42,99.647,99.647,99.5774,99.5774,1499
10:43,99.6312,99.647,99.6312,99.647,646
10:44,99.615,99.6312,99.615,99.6312,1154
10:45,99.5851,99.615,99.5851,99.615,785
10:46,99.5598,99.5851,99.5598,99.5851,735
10:47,99.5671,99.5671,99.5598,99.5598,815
10:48,99.5683,99.5683,99.5671,99.5671,896
10:49,99.5431,99.5683,99.5431,99.5683,1020
10:50,99.4585,99.5431,99.4585,99.5431,662
10:51,99.4841,99.4841,99.4585,99.4585,1376
10:52,99.4958,99.4958,99.4841,99.4841,1180
10:53,99.4393,99.4958,99.4393,99.4958,580
10:54,99.4162,99.4393,99.4162,99.4393,1695
10:55,99.488,99.488,99.4162,99.4162,1958
10:56,99.4253,99.488,99.4253,99.488,1519
10:57,99.4299,99.4299,99.4253,99.4253,938
10:58,99.3681,99.4299,99.3681,99.4299,684
10:59,99.3515,99.3681,99.3515,99.3681,1453
11:00,99.3578,99.3578,99.3515,99.3515,867
11:01,99.265,99.3578,99.265,99.3578,1542
11:02,99.2531,99.265,99.2531,99.265,1077
11:03,99.338,99.338,99.2531,99.2531,1414
11:04,99.3081,99.338,99.3081,99.338,1135
11:05,99.2116,99.3081,99.2116,99.3081,1285
11:06,99.2706,99.2706,99.2116,99.2116,1004
11:07,99.2582,99.2706,99.2582,99.2706,1883
11:08,99.303,99.303,99.2582,99.2582,1046
11:09,99.2674,99.303,99.2674,99.303,1153
11:10,99.2454,99.2674,99.2454,99.2674,1949
11:11,99.2024,99.2454,99.2024,99.2454,620
11:12,99.2472,99.2472,99.2024,99.2024,637
11:13,99.202,99.2472,99.202,99.2472,1410
11:14,99.1506,99.202,99.1506,99.202,660
11:15,99.1727,99.1727,99.1506,99.1506,1992
11:16,99.2591,99.2591,99.1727,99.1727,864
11:17,99.3366,99.3366,99.2591,99.2591,767
11:18,99.2751,99.3366,99.2751,99.3366,1977
11:19,99.1902,99.2751,99.1902,99.2751,1690
11:20,99.2128,99.2128,99.1902,99.1902,1939
11:21,99.1961,99.2128,99.1961,99.2128,1379
11:22,99.1736,99.1961,99.1736,99.1961,737
11:23,99.2244,99.2244,99.1736,99.1736,1968
11:24,99.2007,99.2244,99.2007,99.2244,909
11:25,99.1854,99.2007,99.1854,99.2007,1329
11:26,99.1504,99.1854,99.1504,99.1854,1399
11:27,99.1942,99.1942,99.1504,99.1504,947
11:28,99.1897,99.1942,99.1897,99.1942,1243
11:29,99.2422,99.2422,99.1897,99.1897,1387
11:30,99.2483,99.2483,99.2422,99.2422,1143
11:31,99.2639,99.2639,99.2483,99.2483,677
11:32,99.3531,99.3531,99.2639,99.2639,1112
11:33,99.4501,99.4501,99.3531,99.3531,1600
11:34,99.4519,99.4519,99.4501,99.4501,782
11:35,99.3965,99.4519,99.3965,99.4519,948
11:36,99.4229,99.4229,99.3965,99.3965,857
11:37,99.464,99.464,99.4229,99.4229,1926
11:38,99.4669,99.4669,99.464,99.464,1269
11:39,99.5084,99.5084,99.4669,99.4669,1155
11:40,99.5391,99.5391,99.5084,99.5084,761
11:41,99.4981,99.5391,99.4981,99.5391,1211
11:42,99.4299,99.4981,99.4299,99.4981,787
11:43,99.4125,99.4299,99.4125,99.4299,1011
11:44,99.3249,99.4125,99.3249,99.4125,798
11:45,99.3353,99.3353,99.3249,99.3249,1271
11:46,99.3229,99.3353,99.3229,99.3353,1227
11:47,99.3741,99.3741,99.3229,99.3229,929
11:48,99.4287,99.4287,99.3741,99.3741,1151
11:49,99.4807,99.4807,99.4287,99.4287,679
11:50,99.5225,99.5225,99.4807,99.4807,589
11:51,99.4812,99.5225,99.4812,99.5225,1169
11:52,99.4384,99.4812,99.4384,99.4812,1061
11:53,99.432,99.4384,99.432,99.4384,1252
11:54,99.4168,99.432,99.4168,99.432,2328
11:55,99.3915,99.4168,99.3915,99.4168,1398
11:56,99.364,99.3915,99.364,99.3915,724
11:57,99.3133,99.364,99.3133,99.364,1486
11:58,99.2508,99.3133,99.2508,99.3133,627
11:59,99.1861,99.2508,99.1861,99.2508,849
12:00,99.196,99.196,99.1861,99.1861,976
12:01,99.189,99.196,99.189,99.196,1836
12:02,99.2621,99.2621,99.189,99.189,768
12:03,99.3145,99.3145,99.2621,99.2621,746
12:04,99.2483,99.3145,99.2483,99.3145,966
12:05,99.2314,99.2483,99.2314,99.2483,790
12:06,99.2329,99.2329,99.2314,99.2314,1491
12:07,99.1854,99.2329,99.1854,99.2329,682
12:08,99.2191,99.2191,99.1854,99.1854,666
12:09,99.2445,99.2445,99.2191,99.2191,856
12:10,99.2284,99.2445,99.2284,99.2445,838
12:11,99.1547,99.2284,99.1547,99.2284,1982
12:12,99.0971,99.1547,99.0971,99.1547,1400
12:13,99.1259,99.1259,99.0971,99.0971,1032
12:14,99.1792,99.1792,99.1259,99.1259,648
12:15,99.1602,99.1792,99.1602,99.1792,1349
12:16,99.1055,99.1602,99.1055,99.1602,701
12:17,99.0691,99.1055,99.0691,99.1055,578
12:18,99.0498,99.0691,99.0498,99.0691,1524
12:19,98.9996,99.0498,98.9996,99.0498,1119
12:20,98.9658,98.9996,98.9658,98.9996,1386
12:21,98.9283,98.9658,98.9283,98.9658,1120
12:22,98.9766,98.9766,98.9283,98.9283,1355
12:23,98.963,98.9766,98.963,98.9766,794
12:24,99.028,99.028,98.963,98.963,693
12:25,99.0024,99.028,99.0024,99.028,1273
12:26,98.9644,99.0024,98.9644,99.0024,752
12:27,98.9813,98.9813,98.9644,98.9644,783
12:28,98.99,98.99,98.9813,98.9813,851
12:29,98.9931,98.9931,98.99,98.99,1006
12:30,98.9738,98.9931,98.9738,98.9931,882
12:31,98.9333,98.9738,98.9333,98.9738,614
12:32,98.8602,98.9333,98.8602,98.9333,796
12:33,98.9284,98.9284,98.8602,98.8602,455
12:34,98.9722,98.9722,98.9284,98.9284,1248
12:35,98.9823,98.9823,98.9722,98.9722,567
12:36,99.0265,99.0265,98.9823,98.9823,676
12:37,99.0758,99.0758,99.0265,99.0265,1019
12:38,99.0551,99.0758,99.0551,99.0758,769
12:39,99.0988,99.0988,99.0551,99.0551,1728
12:40,99.1086,99.1086,99.0988,99.0988,632
12:41,99.1283,99.1283,99.1086,99.1086,1099
12:42,99.1001,99.1283,99.1001,99.1283,986
12:43,99.0913,99.1001,99.0913,99.1001,661
12:44,99.1771,99.1771,99.0913,99.0913,1204
12:45,99.2622,99.2622,99.1771,99.1771,941
12:46,99.3364,99.3364,99.2622,99.2622,1315
12:47,99.2615,99.3364,99.2615,99.3364,1339
12:48,99.2583,99.2615,99.2583,99.2615,2153
12:49,99.292,99.292,99.2583,99.2583,1606
12:50,99.314,99.314,99.292,99.292,877
12:51,99.3451,99.3451,99.314,99.314,919
12:52,99.364,99.364,99.3451,99.3451,1477
12:53,99.3868,99.3868,99.364,99.364,1261
12:54,99.3586,99.3868,99.3586,99.3868,1255
12:55,99.3432,99.3586,99.3432,99.3586,564
12:56,99.3645,99.3645,99.3432,99.3432,991
12:57,99.3628,99.3645,99.3628,99.3645,770
12:58,99.27,99.3628,99.27,99.3628,1104
12:59,99.2479,99.27,99.2479,99.27,966
13:00,99.1835,99.2479,99.1835,99.2479,1381
13:01,99.1032,99.1835,99.1032,99.1835,1119
13:02,99.1263,99.1263,99.1032,99.1032,1321
13:03,99.1007,99.1263,99.1007,99.1263,848
13:04,99.0561,99.1007,99.0561,99.1007,715
13:05,98.9966,99.0561,98.9966,99.0561,865
13:06,98.9877,98.9966,98.9877,98.9966,994
13:07,99.063,99.063,98.9877,98.9877,1144
13:08,99.0978,99.0978,99.063,99.063,2228
13:09,99.0858,99.0978,99.0858,99.0978,985
13:10,99.0637,99.0858,99.0637,99.0858,713
13:11,99.0739,99.0739,99.0637,99.0637,885
13:12,99.1059,99.1059,99.0739,99.0739,848
13:13,99.1798,99.1798,99.1059,99.1059,1186
13:14,99.21,99.21,99.1798,99.1798,579
13:15,99.2139,99.2139,99.21,99.21,1023
13:16,99.2328,99.2328,99.2139,99.2139,1057
13:17,99.2131,99.2328,99.2131,99.2328,1086
13:18,99.1956,99.2131,99.1956,99.2131,809
13:19,99.1816,99.1956,99.1816,99.1956,919
13:20,99.2023,99.2023,99.1816,99.1816,604
13:21,99.3009,99.3009,99.2023,99.2023,840
13:22,99.2967,99.3009,99.2967,99.3009,825
13:23,99.2974,99.2974,99.2967,99.2967,1159
13:24,99.2786,99.2974,99.2786,99.2974,664
13:25,99.2092,99.2786,99.2092,99.2786,1319
13:26,99.1879,99.2092,99.1879,99.2092,1699
13:27,99.1558,99.1879,99.1558,99.1879,480
13:28,99.2136,99.2136,99.1558,99.1558,1163
13:29,99.1834,99.2136,99.1834,99.2136,1271
13:30,99.19,99.19,99.1834,99.1834,798
13:31,99.1648,99.19,99.1648,99.19,869
13:32,99.1413,99.1648,99.1413,99.1648,954
13:33,99.0083,99.1413,99.0083,99.1413,900
13:34,99.0835,99.0835,99.0083,99.0083,896
13:35,99.1178,99.1178,99.0835,99.0835,552
13:36,99.0976,99.1178,99.0976,99.1178,1505
13:37,99.0611,99.0976,99.0611,99.0976,1466
13:38,99.0253,99.0611,99.0253,99.0611,750
13:39,99.0544,99.0544,99.0253,99.0253,595
13:40,98.9498,99.0544,98.9498,99.0544,1203
13:41,98.8909,98.9498,98.8909,98.9498,815
13:42,98.8833,98.8909,98.8833,98.8909,1052
13:43,98.9489,98.9489,98.8833,98.8833,893
13:44,98.9911,98.9911,98.9489,98.9489,1278
13:45,98.9752,98.9911,98.9752,98.9911,1279
13:46,99.0117,99.0117,98.9752,98.9752,773
13:47,99.0565,99.0565,99.0117,99.0117,612
13:48,99.0954,99.0954,99.0565,99.0565,571
13:49,99.0845,99.0954,99.0845,99.0954,1242
13:50,99.1168,99.1168,99.0845,99.0845,656
13:51,99.1954,99.1954,99.1168,99.1168,836
13:52,99.1657,99.1954,99.1657,99.1954,809
13:53,99.1269,99.1657,99.1269,99.1657,982
13:54,99.0783,99.1269,99.0783,99.1269,503
13:55,99.0289,99.0783,99.0289,99.0783,1069
13:56,98.9857,99.0289,98.9857,99.0289,1204
13:57,98.9911,98.9911,98.9857,98.9857,1032
13:58,98.9781,98.9911,98.9781,98.9911,896
13:59,98.9709,98.9781,98.9709,98.9781,1035
14:00,98.961,98.9709,98.961,98.9709,1152
14:01,98.9165,98.961,98.9165,98.961,374
14:02,98.8757,98.9165,98.8757,98.9165,2000
14:03,98.9046,98.9046,98.8757,98.8757,1148
14:04,98.8446,98.9046,98.8446,98.9046,794
14:05,98.7939,98.8446,98.7939,98.8446,871
14:06,98.9007,98.9007,98.7939,98.7939,1191
14:07,98.9848,98.9848,98.9007,98.9007,960
14:08,98.9795,98.9848,98.9795,98.9848,487
14:09,98.9406,98.9795,98.9406,98.9795,2079
14:10,98.8303,98.9406,98.8303,98.9406,962
14:11,98.7805,98.8303,98.7805,98.8303,1436
14:12,98.8631,98.8631,98.7805,98.7805,782
14:13,98.9501,98.9501,98.8631,98.8631,1724
14:14,98.9301,98.9501,98.9301,98.9501,1107
14:15,98.9251,98.9301,98.9251,98.9301,1241
14:16,98.8908,98.9251,98.8908,98.9251,690
14:17,98.9188,98.9188,98.8908,98.8908,1536
14:18,98.9663,98.9663,98.9188,98.9188,1277
14:19,98.9525,98.9663,98.9525,98.9663,1586
14:20,98.9529,98.9529,98.9525,98.9525,800
14:21,98.9404,98.9529,98.9404,98.9529,843
14:22,98.9339,98.9404,98.9339,98.9404,2263
14:23,98.9315,98.9339,98.9315,98.9339,687
14:24,98.9107,98.9315,98.9107,98.9315,953
14:25,98.9745,98.9745,98.9107,98.9107,1496
14:26,98.9452,98.9745,98.9452,98.9745,1035
14:27,98.971,98.971,98.9452,98.9452,1230
14:28,98.954,98.971,98.954,98.971,868
14:29,98.9749,98.9749,98.954,98.954,1140
14:30,99.0451,99.0451,98.9749,98.9749,629
14:31,99.0656,99.0656,99.0451,99.0451,1800
14:32,99.0993,99.0993,99.0656,99.0656,959
14:33,99.0515,99.0993,99.0515,99.0993,786
14:34,98.985,99.0515,98.985,99.0515,1267
14:35,99.0251,99.0251,98.985,98.985,849
14:36,99.0095,99.0251,99.0095,99.0251,623
14:37,98.9604,99.0095,98.9604,99.0095,620
14:38,98.9608,98.9608,98.9604,98.9604,1279
14:39,98.9685,98.9685,98.9608,98.9608,945
14:40,99.0415,99.0415,98.9685,98.9685,954
14:41,99.0276,99.0415,99.0276,99.0415,1466
14:42,99.0327,99.0327,99.0276,99.0276,671
14:43,98.9833,99.0327,98.9833,99.0327,772
14:44,99.1012,99.1012,98.9833,98.9833,873
14:45,99.0743,99.1012,99.0743,99.1012,1035
14:46,99.02,99.0743,99.02,99.0743,986
14:47,98.9881,99.02,98.9881,99.02,904
14:48,98.9095,98.9881,98.9095,98.9881,979
14:49,98.8258,98.9095,98.8258,98.9095,964
14:50,98.8776,98.8776,98.8258,98.8258,776
14:51,98.8605,98.8776,98.8605,98.8776,751
14:52,98.9184,98.9184,98.8605,98.8605,1104
14:53,98.8691,98.9184,98.8691,98.9184,731
14:54,98.9565,98.9565,98.8691,98.8691,665
14:55,98.9722,98.9722,98.9565,98.9565,898
14:56,98.9993,98.9993,98.9722,98.9722,949
14:57,99.0338,99.0338,98.9993,98.9993,2234
14:58,99.0432,99.0432,99.0338,99.0338,782
14:59,98.9849,99.0432,98.9849,99.0432,1404
15:00,98.9738,98.9849,98.9738,98.9849,1311
15:01,98.978,98.978,98.9738,98.9738,660
15:02,98.9417,98.978,98.9417,98.978,1326
15:03,99.0115,99.0115,98.9417,98.9417,663
15:04,99.0183,99.0183,99.0115,99.0115,394
15:05,98.9959,99.0183,98.9959,99.0183,1255
15:06,98.9488,98.9959,98.9488,98.9959,544
15:07,98.9618,98.9618,98.9488,98.9488,1192
15:08,98.896,98.9618,98.896,98.9618,799
15:09,98.8549,98.896,98.8549,98.896,1839
15:10,98.8895,98.8895,98.8549,98.8549,1496
15:11,98.929,98.929,98.8895,98.8895,875
15:12,98.8827,98.929,98.8827,98.929,808
15:13,98.89,98.89,98.8827,98.8827,674
15:14,98.9306,98.9306,98.89,98.89,891
15:15,98.8364,98.9306,98.8364,98.9306,948
15:16,98.855,98.855,98.8364,98.8364,926
15:17,98.9045,98.9045,98.855,98.855,1122
15:18,98.836,98.9045,98.836,98.9045,1314
15:19,98.8211,98.836,98.8211,98.836,1223
15:20,98.7616,98.8211,98.7616,98.8211,832
15:21,98.7455,98.7616,98.7455,98.7616,663
15:22,98.7796,98.7796,98.7455,98.7455,1813
15:23,98.7926,98.7926,98.7796,98.7796,888
15:24,98.8429,98.8429,98.7926,98.7926,914
15:25,98.845,98.845,98.8429,98.8429,974
15:26,98.8148,98.845,98.8148,98.845,622
15:27,98.8137,98.8148,98.8137,98.8148,1030
15:28,98.8286,98.8286,98.8137,98.8137,1054
15:29,98.716,98.8286,98.716,98.8286,1597
15:30,98.6691,98.716,98.6691,98.716,1689
15:31,98.6745,98.6745,98.6691,98.6691,1361
15:32,98.6654,98.6745,98.6654,98.6745,1956
15:33,98.6465,98.6654,98.6465,98.6654,1643
15:34,98.6415,98.6465,98.6415,98.6465,1506
15:35,98.7148,98.7148,98.6415,98.6415,1671
15:36,98.7042,98.7148,98.7042,98.7148,1543
15:37,98.6594,98.7042,98.6594,98.7042,1505
15:38,98.5854,98.6594,98.5854,98.6594,1656
15:39,98.549,98.5854,98.549,98.5854,1288
15:40,98.5358,98.549,98.5358,98.549,2246
15:41,98.5088,98.5358,98.5088,98.5358,1518
15:42,98.4886,98.5088,98.4886,98.5088,3096
15:43,98.4347,98.4886,98.4347,98.4886,2244
15:44,98.4626,98.4626,98.4347,98.4347,2671
15:45,98.4332,98.4626,98.4332,98.4626,3354
15:46,98.3926,98.4332,98.3926,98.4332,3804
15:47,98.3417,98.3926,98.3417,98.3926,1871
15:48,98.3823,98.3823,98.3417,98.3417,3277
15:49,98.3277,98.3823,98.3277,98.3823,5216
15:50,98.2937,98.3277,98.2937,98.3277,2268
15:51,98.3333,98.3333,98.2937,98.2937,5160
15:52,98.3183,98.3333,98.3183,98.3333,2200
15:53,98.3188,98.3188,98.3183,98.3183,3711
15:54,98.3764,98.3764,98.3188,98.3188,5897
15:55,98.4234,98.4234,98.3764,98.3764,3531
15:56,98.4266,98.4266,98.4234,98.4234,4898
15:57,98.4481,98.4481,98.4266,98.4266,4511
15:58,98.4503,98.4503,98.4481,98.4481,14929
15:59,98.544,98.544,98.4503,98.4503,9667
