Time,Close,High,Low,Open,Volume
09:30,99.9455,100.0238,99.9455,100.0238,18689
09:31,99.7504,99.9455,99.7504,99.9455,10511
09:32,99.7736,99.7736,99.7504,99.7504,11775
09:33,99.7464,99.7736,99.7464,99.7736,16820
09:34,99.6889,99.7464,99.6889,99.7464,13466
09:35,99.7288,99.7288,99.6889,99.6889,4493
09:36,99.6847,99.7288,99.6847,99.7288,8147
09:37,99.7757,99.7757,99.6847,99.6847,5054
09:38,99.6103,99.7757,99.6103,99.7757,4718
09:39,99.6595,99.6595,99.6103,99.6103,5203
09:40,99.6655,99.6655,99.6595,99.6595,4357
09:41,99.6459,99.6655,99.6459,99.6655,6393
09:42,99.531,99.6459,99.531,99.6459,4619
09:43,99.4416,99.531,99.4416,99.531,3408
09:44,99.4489,99.4489,99.4416,99.4416,3544
09:45,99.4299,99.4489,99.4299,99.4489,3169
09:46,99.5145,99.5145,99.4299,99.4299,4457
09:47,99.4884,99.5145,99.4884,99.5145,2280
09:48,99.5079,99.5079,99.4884,99.4884,2567
09:49,99.4988,99.5079,99.4988,99.5079,1594
09:50,99.5068,99.5068,99.4988,99.4988,823
09:51,99.5942,99.5942,99.5068,99.5068,2423
09:52,99.656,99.656,99.5942,99.5942,2474
09:53,99.8356,99.8356,99.656,99.656,1331
09:54,99.8569,99.8569,99.8356,99.8356,3691
09:55,99.8562,99.8569,99.8562,99.8569,943
09:56,99.8147,99.8562,99.8147,99.8562,1539
09:57,99.9519,99.9519,99.8147,99.8147,1363
09:58,99.9422,99.9519,99.9422,99.9519,2420
09:59,99.9271,99.9422,99.9271,99.9422,2289
10:00,99.9791,99.9791,99.9271,99.9271,1393
10:01,100.0677,100.0677,99.9791,99.9791,1466
10:02,100.0635,100.0677,100.0635,100.0677,912
10:03,100.0993,100.0993,100.0635,100.0635,605
10:04,100.0025,100.0993,100.0025,100.0993,1056
10:05,100.0236,100.0236,100.0025,100.0025,1239
10:06,100.0461,100.0461,100.0236,100.0236,1782
10:07,100.0413,100.0461,100.0413,100.0461,1736
10:08,99.9916,100.0413,99.9916,100.0413,974
10:09,99.8573,99.9916,99.8573,99.9916,992
10:10,99.8577,99.8577,99.8573,99.8573,752
10:11,99.8721,99.8721,99.8577,99.8577,653
10:12,99.8532,99.8721,99.8532,99.8721,585
10:13,99.8943,99.8943,99.8532,99.8532,2120
10:14,99.8636,99.8943,99.8636,99.8943,880
10:15,99.7268,99.8636,99.7268,99.8636,897
10:16,99.8209,99.8209,99.7268,99.7268,668
10:17,99.8295,99.8295,99.8209,99.8209,1365
10:18,99.8377,99.8377,99.8295,99.8295,582
10:19,99.7711,99.8377,99.7711,99.8377,953
10:20,99.8657,99.8657,99.7711,99.7711,746
10:21,99.9514,99.9514,99.8657,99.8657,1171
10:22,100.0501,100.0501,99.9514,99.9514,850
10:23,100.1091,100.1091,100.0501,100.0501,668
10:24,100.2324,100.2324,100.1091,100.1091,1004
10:25,100.1293,100.2324,100.1293,100.2324,1178
10:26,100.1514,100.1514,100.1293,100.1293,1034
10:27,100.1145,100.1514,100.1145,100.1514,1123
10:28,100.1519,100.1519,100.1145,100.1145,805
10:29,100.0717,100.1519,100.0717,100.1519,885
10:30,100.1385,100.1385,100.0717,100.0717,792
10:31,100.1228,100.1385,100.1228,100.1385,885
10:32,100.0603,100.1228,100.0603,100.1228,753
10:33,100.0803,100.0803,100.0603,100.0603,544
10:34,100.0794,100.0803,100.0794,100.0803,1068
10:35,100.0781,100.0794,100.0781,100.0794,870
10:36,100.0687,100.0781,100.0687,100.0781,562
10:37,99.9486,100.0687,99.9486,100.0687,1181
10:38,100.018,100.018,99.9486,99.9486,726
10:39,100.0853,100.0853,100.018,100.018,1020
10:40,100.1216,100.1216,100.0853,100.0853,1297
10:41,100.1894,100.1894,100.1216,100.1216,1048
10:42,100.2124,100.2124,100.1894,100.1894,1499
10:43,100.1966,100.2124,100.1966,100.2124,646
10:44,100.1383,100.1966,100.1383,100.1966,1154
10:45,100.1247,100.1383,100.1247,100.1383,785
10:46,100.0157,100.1247,100.0157,100.1247,735
10:47,99.9864,100.0157,99.9864,100.0157,815
10:48,100.0297,100.0297,99.9864,99.9864,896
10:49,100.0451,100.0451,100.0297,100.0297,1020
10:50,100.0495,100.0495,100.0451,100.0451,662
10:51,100.0496,100.0496,100.0495,100.0495,1376
10:52,99.9458,100.0496,99.9458,100.0496,1180
10:53,99.9079,99.9458,99.9079,99.9458,580
10:54,99.9538,99.9538,99.9079,99.9079,1695
10:55,99.9666,99.9666,99.9538,99.9538,1958
10:56,99.9731,99.9731,99.9666,99.9666,1519
10:57,99.9914,99.9914,99.9731,99.9731,938
10:58,99.9996,99.9996,99.9914,99.9914,684
10:59,99.811,99.9996,99.811,99.9996,1453
11:00,99.7601,99.811,99.7601,99.811,867
11:01,99.7796,99.7796,99.7601,99.7601,1542
11:02,99.898,99.898,99.7796,99.7796,1077
11:03,99.936,99.936,99.898,99.898,1414
11:04,99.9753,99.9753,99.936,99.936,1135
11:05,99.868,99.9753,99.868,99.9753,1285
11:06,99.9326,99.9326,99.868,99.868,1004
11:07,99.8609,99.9326,99.8609,99.9326,1883
11:08,99.829,99.8609,99.829,99.8609,1046
11:09,99.9062,99.9062,99.829,99.829,1153
11:10,100.0002,100.0002,99.9062,99.9062,1949
11:11,100.0241,100.0241,100.0002,100.0002,620
11:12,99.8787,100.0241,99.8787,100.0241,637
11:13,99.8682,99.8787,99.8682,99.8787,1410
11:14,99.8984,99.8984,99.8682,99.8682,660
11:15,99.9572,99.9572,99.8984,99.8984,1992
11:16,99.97,99.97,99.9572,99.9572,864
11:17,100.037,100.037,99.97,99.97,767
11:18,100.0897,100.0897,100.037,100.037,1977
11:19,100.1794,100.1794,100.0897,100.0897,1690
11:20,100.094,100.1794,100.094,100.1794,1939
11:21,100.0727,100.094,100.0727,100.094,1379
11:22,100.0859,100.0859,100.0727,100.0727,737
11:23,100.0997,100.0997,100.0859,100.0859,1968
11:24,100.0839,100.0997,100.0839,100.0997,909
11:25,100.0673,100.0839,100.0673,100.0839,1329
11:26,100.0507,100.0673,100.0507,100.0673,1399
11:27,100.0609,100.0609,100.0507,100.0507,947
11:28,100.0978,100.0978,100.0609,100.0609,1243
11:29,100.1112,100.1112,100.0978,100.0978,1387
11:30,100.1162,100.1162,100.1112,100.1112,1143
11:31,100.2719,100.2719,100.1162,100.1162,677
11:32,100.2121,100.2719,100.2121,100.2719,1112
11:33,100.2516,100.2516,100.2121,100.2121,1600
11:34,100.1774,100.2516,100.1774,100.2516,782
11:35,100.1338,100.1774,100.1338,100.1774,948
11:36,99.981,100.1338,99.981,100.1338,857
11:37,99.9443,99.981,99.9443,99.981,1926
11:38,99.9133,99.9443,99.9133,99.9443,1269
11:39,99.8676,99.9133,99.8676,99.9133,1155
11:40,99.9029,99.9029,99.8676,99.8676,761
11:41,100.0039,100.0039,99.9029,99.9029,1211
11:42,99.9921,100.0039,99.9921,100.0039,787
11:43,100.0347,100.0347,99.9921,99.9921,1011
11:44,100.1397,100.1397,100.0347,100.0347,798
11:45,100.2061,100.2061,100.1397,100.1397,1271
11:46,100.2849,100.2849,100.2061,100.2061,1227
11:47,100.2952,100.2952,100.2849,100.2849,929
11:48,100.2815,100.2952,100.2815,100.2952,1151
11:49,100.3212,100.3212,100.2815,100.2815,679
11:50,100.3389,100.3389,100.3212,100.3212,589
11:51,100.2646,100.3389,100.2646,100.3389,1169
11:52,100.3009,100.3009,100.2646,100.2646,1061
11:53,100.3286,100.3286,100.3009,100.3009,1252
11:54,100.3053,100.3286,100.3053,100.3286,2328
11:55,100.2443,100.3053,100.2443,100.3053,1398
11:56,100.3038,100.3038,100.2443,100.2443,724
11:57,100.4372,100.4372,100.3038,100.3038,1486
11:58,100.5063,100.5063,100.4372,100.4372,627
11:59,100.5406,100.5406,100.5063,100.5063,849
12:00,100.5504,100.5504,100.5406,100.5406,976
12:01,100.546,100.5504,100.546,100.5504,1836
12:02,100.5582,100.5582,100.546,100.546,768
12:03,100.5228,100.5582,100.5228,100.5582,746
12:04,100.4628,100.5228,100.4628,100.5228,966
12:05,100.5483,100.5483,100.4628,100.4628,790
12:06,100.6152,100.6152,100.5483,100.5483,1491
12:07,100.4826,100.6152,100.4826,100.6152,682
12:08,100.5897,100.5897,100.4826,100.4826,666
12:09,100.6338,100.6338,100.5897,100.5897,856
12:10,100.6539,100.6539,100.6338,100.6338,838
12:11,100.6788,100.6788,100.6539,100.6539,1982
12:12,100.6162,100.6788,100.6162,100.6788,1400
12:13,100.596,100.6162,100.596,100.6162,1032
12:14,100.5125,100.596,100.5125,100.596,648
12:15,100.4708,100.5125,100.4708,100.5125,1349
12:16,100.3671,100.4708,100.3671,100.4708,701
12:17,100.3623,100.3671,100.3623,100.3671,578
12:18,100.3833,100.3833,100.3623,100.3623,1524
12:19,100.2802,100.3833,100.2802,100.3833,1119
12:20,100.3979,100.3979,100.2802,100.2802,1386
12:21,100.3418,100.3979,100.3418,100.3979,1120
12:22,100.2824,100.3418,100.2824,100.3418,1355
12:23,100.3426,100.3426,100.2824,100.2824,794
12:24,100.4043,100.4043,100.3426,100.3426,693
12:25,100.3706,100.4043,100.3706,100.4043,1273
12:26,100.2804,100.3706,100.2804,100.3706,752
12:27,100.2418,100.2804,100.2418,100.2804,783
12:28,100.2803,100.2803,100.2418,100.2418,851
12:29,100.3339,100.3339,100.2803,100.2803,1006
12:30,100.4543,100.4543,100.3339,100.3339,882
12:31,100.4177,100.4543,100.4177,100.4543,614
12:32,100.4262,100.4262,100.4177,100.4177,796
12:33,100.5681,100.5681,100.4262,100.4262,455
12:34,100.4225,100.5681,100.4225,100.5681,1248
12:35,100.4453,100.4453,100.4225,100.4225,567
12:36,100.5642,100.5642,100.4453,100.4453,676
12:37,100.6433,100.6433,100.5642,100.5642,1019
12:38,100.6035,100.6433,100.6035,100.6433,769
12:39,100.5606,100.6035,100.5606,100.6035,1728
12:40,100.6596,100.6596,100.5606,100.5606,632
12:41,100.6543,100.6596,100.6543,100.6596,1099
12:42,100.7168,100.7168,100.6543,100.6543,986
12:43,100.7141,100.7168,100.7141,100.7168,661
12:44,100.6852,100.7141,100.6852,100.7141,1204
12:45,100.6952,100.6952,100.6852,100.6852,941
12:46,100.7206,100.7206,100.6952,100.6952,1315
12:47,100.7439,100.7439,100.7206,100.7206,1339
12:48,100.6428,100.7439,100.6428,100.7439,2153
12:49,100.668,100.668,100.6428,100.6428,1606
12:50,100.6042,100.668,100.6042,100.668,877
12:51,100.6957,100.6957,100.6042,100.6042,919
12:52,100.8043,100.8043,100.6957,100.6957,1477
12:53,100.7035,100.8043,100.7035,100.8043,1261
12:54,100.7385,100.7385,100.7035,100.7035,1255
12:55,100.7796,100.7796,100.7385,100.7385,564
12:56,100.7754,100.7796,100.7754,100.7796,991
12:57,100.7351,100.7754,100.7351,100.7754,770
12:58,100.7737,100.7737,100.7351,100.7351,1104
12:59,100.7093,100.7737,100.7093,100.7737,966
13:00,100.7497,100.7497,100.7093,100.7093,1381
13:01,100.6729,100.7497,100.6729,100.7497,1119
13:02,100.6972,100.6972,100.6729,100.6729,1321
13:03,100.7626,100.7626,100.6972,100.6972,848
13:04,100.8461,100.8461,100.7626,100.7626,715
13:05,100.6855,100.8461,100.6855,100.8461,865
13:06,100.5952,100.6855,100.5952,100.6855,994
13:07,100.5492,100.5952,100.5492,100.5952,1144
13:08,100.6013,100.6013,100.5492,100.5492,2228
13:09,100.6072,100.6072,100.6013,100.6013,985
13:10,100.5389,100.6072,100.5389,100.6072,713
13:11,100.7125,100.7125,100.5389,100.5389,885
13:12,100.6953,100.7125,100.6953,100.7125,848
13:13,100.6761,100.6953,100.6761,100.6953,1186
13:14,100.6599,100.6761,100.6599,100.6761,579
13:15,100.6973,100.6973,100.6599,100.6599,1023
13:16,100.7231,100.7231,100.6973,100.6973,1057
13:17,100.7106,100.7231,100.7106,100.7231,1086
13:18,100.6786,100.7106,100.6786,100.7106,809
13:19,100.8243,100.8243,100.6786,100.6786,919
13:20,100.7545,100.8243,100.7545,100.8243,604
13:21,100.8645,100.8645,100.7545,100.7545,840
13:22,100.7382,100.8645,100.7382,100.8645,825
13:23,100.6737,100.7382,100.6737,100.7382,1159
13:24,100.733,100.733,100.6737,100.6737,664
13:25,100.7413,100.7413,100.733,100.733,1319
13:26,100.6775,100.7413,100.6775,100.7413,1699
13:27,100.7467,100.7467,100.6775,100.6775,480
13:28,100.6578,100.7467,100.6578,100.7467,1163
13:29,100.7529,100.7529,100.6578,100.6578,1271
13:30,100.6393,100.7529,100.6393,100.7529,798
13:31,100.671,100.671,100.6393,100.6393,869
13:32,100.757,100.757,100.671,100.671,954
13:33,100.7345,100.757,100.7345,100.757,900
13:34,100.6883,100.7345,100.6883,100.7345,896
13:35,100.8006,100.8006,100.6883,100.6883,552
13:36,100.8868,100.8868,100.8006,100.8006,1505
13:37,100.9053,100.9053,100.8868,100.8868,1466
13:38,100.8373,100.9053,100.8373,100.9053,750
13:39,100.8644,100.8644,100.8373,100.8373,595
13:40,100.8846,100.8846,100.8644,100.8644,1203
13:41,100.9769,100.9769,100.8846,100.8846,815
13:42,101.0249,101.0249,100.9769,100.9769,1052
13:43,101.1579,101.1579,101.0249,101.0249,893
13:44,101.1333,101.1579,101.1333,101.1579,1278
13:45,101.225,101.225,101.1333,101.1333,1279
13:46,101.1737,101.225,101.1737,101.225,773
13:47,101.1275,101.1737,101.1275,101.1737,612
13:48,101.225,101.225,101.1275,101.1275,571
13:49,101.1356,101.225,101.1356,101.225,1242
13:50,101.0092,101.1356,101.0092,101.1356,656
13:51,100.9339,101.0092,100.9339,101.0092,836
13:52,100.9402,100.9402,100.9339,100.9339,809
13:53,100.9861,100.9861,100.9402,100.9402,982
13:54,100.9543,100.9861,100.9543,100.9861,503
13:55,100.997,100.997,100.9543,100.9543,1069
13:56,101.0275,101.0275,100.997,100.997,1204
13:57,101.0606,101.0606,101.0275,101.0275,1032
13:58,101.055,101.0606,101.055,101.0606,896
13:59,101.1442,101.1442,101.055,101.055,1035
14:00,101.1393,101.1442,101.1393,101.1442,1152
14:01,101.1328,101.1393,101.1328,101.1393,374
14:02,101.2403,101.2403,101.1328,101.1328,2000
14:03,101.1583,101.2403,101.1583,101.2403,1148
14:04,101.1307,101.1583,101.1307,101.1583,794
14:05,101.0751,101.1307,101.0751,101.1307,871
14:06,101.1761,101.1761,101.0751,101.0751,1191
14:07,101.3582,101.3582,101.1761,101.1761,960
14:08,101.3106,101.3582,101.3106,101.3582,487
14:09,101.2459,101.3106,101.2459,101.3106,2079
14:10,101.3148,101.3148,101.2459,101.2459,962
14:11,101.2973,101.3148,101.2973,101.3148,1436
14:12,101.3164,101.3164,101.2973,101.2973,782
14:13,101.34,101.34,101.3164,101.3164,1724
14:14,101.343,101.343,101.34,101.34,1107
14:15,101.3725,101.3725,101.343,101.343,1241
14:16,101.2687,101.3725,101.2687,101.3725,690
14:17,101.2247,101.2687,101.2247,101.2687,1536
14:18,101.1984,101.2247,101.1984,101.2247,1277
14:19,101.0541,101.1984,101.0541,101.1984,1586
14:20,101.1924,101.1924,101.0541,101.0541,800
14:21,101.0733,101.1924,101.0733,101.1924,843
14:22,101.0136,101.0733,101.0136,101.0733,2263
14:23,100.8394,101.0136,100.8394,101.0136,687
14:24,100.8801,100.8801,100.8394,100.8394,953
14:25,100.8581,100.8801,100.8581,100.8801,1496
14:26,100.7943,100.8581,100.7943,100.8581,1035
14:27,100.792,100.7943,100.792,100.7943,1230
14:28,100.8156,100.8156,100.792,100.792,868
14:29,100.8941,100.8941,100.8156,100.8156,1140
14:30,100.9437,100.9437,100.8941,100.8941,629
14:31,100.93,100.9437,100.93,100.9437,1800
14:32,101.0104,101.0104,100.93,100.93,959
14:33,100.9362,101.0104,100.9362,101.0104,786
14:34,100.9566,100.9566,100.9362,100.9362,1267
14:35,100.8978,100.9566,100.8978,100.9566,849
14:36,100.9363,100.9363,100.8978,100.8978,623
14:37,100.9074,100.9363,100.9074,100.9363,620
14:38,100.9147,100.9147,100.9074,100.9074,1279
14:39,100.8976,100.9147,100.8976,100.9147,945
14:40,100.823,100.8976,100.823,100.8976,954
14:41,100.7943,100.823,100.7943,100.823,1466
14:42,100.7395,100.7943,100.7395,100.7943,671
14:43,100.8239,100.8239,100.7395,100.7395,772
14:44,100.7231,100.8239,100.7231,100.8239,873
14:45,100.7911,100.7911,100.7231,100.7231,1035
14:46,100.824,100.824,100.7911,100.7911,986
14:47,100.8939,100.8939,100.824,100.824,904
14:48,100.9594,100.9594,100.8939,100.8939,979
14:49,100.941,100.9594,100.941,100.9594,964
14:50,100.841,100.941,100.841,100.941,776
14:51,100.9177,100.9177,100.841,100.841,751
14:52,100.7615,100.9177,100.7615,100.9177,1104
14:53,100.7484,100.7615,100.7484,100.7615,731
14:54,100.8369,100.8369,100.7484,100.7484,665
14:55,100.8424,100.8424,100.8369,100.8369,898
14:56,100.6769,100.8424,100.6769,100.8424,949
14:57,100.7774,100.7774,100.6769,100.6769,2234
14:58,100.7886,100.7886,100.7774,100.7774,782
14:59,100.8365,100.8365,100.7886,100.7886,1404
15:00,100.8287,100.8365,100.8287,100.8365,1311
15:01,100.8252,100.8287,100.8252,100.8287,660
15:02,100.7415,100.8252,100.7415,100.8252,1326
15:03,100.7921,100.7921,100.7415,100.7415,663
15:04,100.8211,100.8211,100.7921,100.7921,394
15:05,100.779,100.8211,100.779,100.8211,1255
15:06,100.7734,100.779,100.7734,100.779,544
15:07,100.8543,100.8543,100.7734,100.7734,1192
15:08,100.9539,100.9539,100.8543,100.8543,799
15:09,100.9367,100.9539,100.9367,100.9539,1839
15:10,100.8845,100.9367,100.8845,100.9367,1496
15:11,100.9083,100.9083,100.8845,100.8845,875
15:12,100.857,100.9083,100.857,100.9083,808
15:13,100.8389,100.857,100.8389,100.857,674
15:14,100.8475,100.8475,100.8389,100.8389,891
15:15,100.9655,100.9655,100.8475,100.8475,948
15:16,100.9536,100.9655,100.9536,100.9655,926
15:17,100.9373,100.9536,100.9373,100.9536,1122
15:18,101.0461,101.0461,100.9373,100.9373,1314
15:19,101.0399,101.0461,101.0399,101.0461,1223
15:20,100.9791,101.0399,100.9791,101.0399,832
15:21,100.8717,100.9791,100.8717,100.9791,663
15:22,100.8843,100.8843,100.8717,100.8717,1813
15:23,100.986,100.986,100.8843,100.8843,888
15:24,101.0323,101.0323,100.986,100.986,914
15:25,100.9923,101.0323,100.9923,101.0323,974
15:26,100.8852,100.9923,100.8852,100.9923,622
15:27,100.8767,100.8852,100.8767,100.8852,1030
15:28,100.8989,100.8989,100.8767,100.8767,1054
15:29,100.9419,100.9419,100.8989,100.8989,1597
15:30,100.8688,100.9419,100.8688,100.9419,1689
15:31,100.7817,100.8688,100.7817,100.8688,1361
15:32,100.8677,100.8677,100.7817,100.7817,1956
15:33,100.9371,100.9371,100.8677,100.8677,1643
15:34,100.9443,100.9443,100.9371,100.9371,1506
15:35,101.0264,101.0264,100.9443,100.9443,1671
15:36,101.1505,101.1505,101.0264,101.0264,1543
15:37,101.0728,101.1505,101.0728,101.1505,1505
15:38,101.0494,101.0728,101.0494,101.0728,1656
15:39,100.9979,101.0494,100.9979,101.0494,1288
15:40,100.8924,100.9979,100.8924,100.9979,2246
15:41,100.8284,100.8924,100.8284,100.8924,1518
15:42,100.8938,100.8938,100.8284,100.8284,3096
15:43,101.0102,101.0102,100.8938,100.8938,2244
15:44,101.0528,101.0528,101.0102,101.0102,2671
15:45,101.0523,101.0528,101.0523,101.0528,3354
15:46,101.0592,101.0592,101.0523,101.0523,3804
15:47,101.1632,101.1632,101.0592,101.0592,1871
15:48,101.1448,101.1632,101.1448,101.1632,3277
15:49,101.2182,101.2182,101.1448,101.1448,5216
15:50,101.1656,101.2182,101.1656,101.2182,2268
15:51,101.1404,101.1656,101.1404,101.1656,5160
15:52,101.0492,101.1404,101.0492,101.1404,2200
15:53,101.1351,101.1351,101.0492,101.0492,3711
15:54,101.1662,101.1662,101.1351,101.1351,5897
15:55,101.1435,101.1662,101.1435,101.1662,3531
15:56,101.2298,101.2298,101.1435,101.1435,4898
15:57,101.3077,101.3077,101.2298,101.2298,4511
15:58,101.2283,101.3077,101.2283,101.3077,14929
15:59,101.1246,101.2283,101.1246,101.2283,9667
