Time,Close,High,Low,Open,Volume
09:30,99.9815,99.9838,99.9815,99.9838,18689
09:31,100.0161,100.0161,99.9815,99.9815,10511
09:32,100.0197,100.0197,100.0161,100.0161,11775
09:33,99.9732,100.0197,99.9732,100.0197,16820
09:34,100.0,100.0,99.9732,99.9732,13466
09:35,100.013,100.013,100.0,100.0,4493
09:36,100.0187,100.0187,100.013,100.013,8147
09:37,100.005,100.0187,100.005,100.0187,5054
09:38,99.9518,100.005,99.9518,100.005,4718
09:39,99.9059,99.9518,99.9059,99.9518,5203
09:40,99.9077,99.9077,99.9059,99.9059,4357
09:41,99.8724,99.9077,99.8724,99.9077,6393
09:42,99.8552,99.8724,99.8552,99.8724,4619
09:43,99.7985,99.8552,99.7985,99.8552,3408
09:44,99.7585,99.7985,99.7585,99.7985,3544
09:45,99.6967,99.7585,99.6967,99.7585,3169
09:46,99.6777,99.6967,99.6777,99.6967,4457
09:47,99.6741,99.6777,99.6741,99.6777,2280
09:48,99.649,99.6741,99.649,99.6741,2567
09:49,99.6324,99.649,99.6324,99.649,1594
09:50,99.6393,99.6393,99.6324,99.6324,823
09:51,99.6361,99.6393,99.6361,99.6393,2423
09:52,99.6369,99.6369,99.6361,99.6361,2474
09:53,99.6266,99.6369,99.6266,99.6369,1331
09:54,99.6406,99.6406,99.6266,99.6266,3691
09:55,99.6089,99.6406,99.6089,99.6406,943
09:56,99.5926,99.6089,99.5926,99.6089,1539
09:57,99.6092,99.6092,99.5926,99.5926,1363
09:58,99.5868,99.6092,99.5868,99.6092,2420
09:59,99.6038,99.6038,99.5868,99.5868,2289
10:00,99.6512,99.6512,99.6038,99.6038,1393
10:01,99.643,99.6512,99.643,99.6512,1466
10:02,99.6273,99.643,99.6273,99.643,912
10:03,99.6123,99.6273,99.6123,99.6273,605
10:04,99.6134,99.6134,99.6123,99.6123,1056
10:05,99.6282,99.6282,99.6134,99.6134,1239
10:06,99.6716,99.6716,99.6282,99.6282,1782
10:07,99.6425,99.6716,99.6425,99.6716,1736
10:08,99.6365,99.6425,99.6365,99.6425,974
10:09,99.6386,99.6386,99.6365,99.6365,992
10:10,99.6336,99.6386,99.6336,99.6386,752
10:11,99.6346,99.6346,99.6336,99.6336,653
10:12,99.6406,99.6406,99.6346,99.6346,585
10:13,99.6315,99.6406,99.6315,99.6406,2120
10:14,99.6296,99.6315,99.6296,99.6315,880
10:15,99.6402,99.6402,99.6296,99.6296,897
10:16,99.6718,99.6718,99.6402,99.6402,668
10:17,99.7264,99.7264,99.6718,99.6718,1365
10:18,99.701,99.7264,99.701,99.7264,582
10:19,99.6894,99.701,99.6894,99.701,953
10:20,99.6429,99.6894,99.6429,99.6894,746
10:21,99.6621,99.6621,99.6429,99.6429,1171
10:22,99.6711,99.6711,99.6621,99.6621,850
10:23,99.6666,99.6711,99.6666,99.6711,668
10:24,99.6711,99.6711,99.6666,99.6666,1004
10:25,99.6447,99.6711,99.6447,99.6711,1178
10:26,99.6967,99.6967,99.6447,99.6447,1034
10:27,99.6919,99.6967,99.6919,99.6967,1123
10:28,99.6718,99.6919,99.6718,99.6919,805
10:29,99.6626,99.6718,99.6626,99.6718,885
10:30,99.6334,99.6626,99.6334,99.6626,792
10:31,99.6163,99.6334,99.6163,99.6334,885
10:32,99.5452,99.6163,99.5452,99.6163,753
10:33,99.5439,99.5452,99.5439,99.5452,544
10:34,99.5811,99.5811,99.5439,99.5439,1068
10:35,99.5613,99.5811,99.5613,99.5811,870
10:36,99.5423,99.5613,99.5423,99.5613,562
10:37,99.5566,99.5566,99.5423,99.5423,1181
10:38,99.5271,99.5566,99.5271,99.5566,726
10:39,99.5317,99.5317,99.5271,99.5271,1020
10:40,99.5475,99.5475,99.5317,99.5317,1297
10:41,99.6093,99.6093,99.5475,99.5475,1048
10:42,99.6277,99.6277,99.6093,99.6093,1499
10:43,99.6472,99.6472,99.6277,99.6277,646
10:44,99.6757,99.6757,99.6472,99.6472,1154
10:45,99.6854,99.6854,99.6757,99.6757,785
10:46,99.7217,99.7217,99.6854,99.6854,735
10:47,99.6909,99.7217,99.6909,99.7217,815
10:48,99.7056,99.7056,99.6909,99.6909,896
10:49,99.7248,99.7248,99.7056,99.7056,1020
10:50,99.7773,99.7773,99.7248,99.7248,662
10:51,99.792,99.792,99.7773,99.7773,1376
10:52,99.7818,99.792,99.7818,99.792,1180
10:53,99.7881,99.7881,99.7818,99.7818,580
10:54,99.7991,99.7991,99.7881,99.7881,1695
10:55,99.8124,99.8124,99.7991,99.7991,1958
10:56,99.8033,99.8124,99.8033,99.8124,1519
10:57,99.824,99.824,99.8033,99.8033,938
10:58,99.8404,99.8404,99.824,99.824,684
10:59,99.8257,99.8404,99.8257,99.8404,1453
11:00,99.8483,99.8483,99.8257,99.8257,867
11:01,99.8273,99.8483,99.8273,99.8483,1542
11:02,99.8372,99.8372,99.8273,99.8273,1077
11:03,99.8461,99.8461,99.8372,99.8372,1414
11:04,99.8048,99.8461,99.8048,99.8461,1135
11:05,99.8311,99.8311,99.8048,99.8048,1285
11:06,99.8319,99.8319,99.8311,99.8311,1004
11:07,99.8632,99.8632,99.8319,99.8319,1883
11:08,99.8695,99.8695,99.8632,99.8632,1046
11:09,99.8817,99.8817,99.8695,99.8695,1153
11:10,99.885,99.885,99.8817,99.8817,1949
11:11,99.8913,99.8913,99.885,99.885,620
11:12,99.8794,99.8913,99.8794,99.8913,637
11:13,99.8963,99.8963,99.8794,99.8794,1410
11:14,99.8798,99.8963,99.8798,99.8963,660
11:15,99.8621,99.8798,99.8621,99.8798,1992
11:16,99.8533,99.8621,99.8533,99.8621,864
11:17,99.8704,99.8704,99.8533,99.8533,767
11:18,99.8538,99.8704,99.8538,99.8704,1977
11:19,99.8648,99.8648,99.8538,99.8538,1690
11:20,99.8621,99.8648,99.8621,99.8648,1939
11:21,99.8236,99.8621,99.8236,99.8621,1379
11:22,99.8338,99.8338,99.8236,99.8236,737
11:23,99.8294,99.8338,99.8294,99.8338,1968
11:24,99.8612,99.8612,99.8294,99.8294,909
11:25,99.8559,99.8612,99.8559,99.8612,1329
11:26,99.8462,99.8559,99.8462,99.8559,1399
11:27,99.8317,99.8462,99.8317,99.8462,947
11:28,99.8293,99.8317,99.8293,99.8317,1243
11:29,99.8363,99.8363,99.8293,99.8293,1387
11:30,99.8346,99.8363,99.8346,99.8363,1143
11:31,99.8715,99.8715,99.8346,99.8346,677
11:32,99.8332,99.8715,99.8332,99.8715,1112
11:33,99.8449,99.8449,99.8332,99.8332,1600
11:34,99.8396,99.8449,99.8396,99.8449,782
11:35,99.7968,99.8396,99.7968,99.8396,948
11:36,99.803,99.803,99.7968,99.7968,857
11:37,99.7814,99.803,99.7814,99.803,1926
11:38,99.7788,99.7814,99.7788,99.7814,1269
11:39,99.8184,99.8184,99.7788,99.7788,1155
11:40,99.8337,99.8337,99.8184,99.8184,761
11:41,99.8787,99.8787,99.8337,99.8337,1211
11:42,99.9042,99.9042,99.8787,99.8787,787
11:43,99.9073,99.9073,99.9042,99.9042,1011
11:44,99.8864,99.9073,99.8864,99.9073,798
11:45,99.857,99.8864,99.857,99.8864,1271
11:46,99.8679,99.8679,99.857,99.857,1227
11:47,99.8462,99.8679,99.8462,99.8679,929
11:48,99.8355,99.8462,99.8355,99.8462,1151
11:49,99.8504,99.8504,99.8355,99.8355,679
11:50,99.8502,99.8504,99.8502,99.8504,589
11:51,99.8803,99.8803,99.8502,99.8502,1169
11:52,99.8554,99.8803,99.8554,99.8803,1061
11:53,99.8728,99.8728,99.8554,99.8554,1252
11:54,99.8931,99.8931,99.8728,99.8728,2328
11:55,99.9044,99.9044,99.8931,99.8931,1398
11:56,99.9128,99.9128,99.9044,99.9044,724
11:57,99.9198,99.9198,99.9128,99.9128,1486
11:58,99.9073,99.9198,99.9073,99.9198,627
11:59,99.9339,99.9339,99.9073,99.9073,849
12:00,99.9069,99.9339,99.9069,99.9339,976
12:01,99.9211,99.9211,99.9069,99.9069,1836
12:02,99.951,99.951,99.9211,99.9211,768
12:03,99.9465,99.951,99.9465,99.951,746
12:04,99.9525,99.9525,99.9465,99.9465,966
12:05,99.9601,99.9601,99.9525,99.9525,790
12:06,99.9246,99.9601,99.9246,99.9601,1491
12:07,99.96,99.96,99.9246,99.9246,682
12:08,99.9287,99.96,99.9287,99.96,666
12:09,99.9705,99.9705,99.9287,99.9287,856
12:10,100.0147,100.0147,99.9705,99.9705,838
12:11,99.9963,100.0147,99.9963,100.0147,1982
12:12,99.958,99.9963,99.958,99.9963,1400
12:13,99.9828,99.9828,99.958,99.958,1032
12:14,100.0142,100.0142,99.9828,99.9828,648
12:15,100.0337,100.0337,100.0142,100.0142,1349
12:16,100.0364,100.0364,100.0337,100.0337,701
12:17,100.0671,100.0671,100.0364,100.0364,578
12:18,100.0505,100.0671,100.0505,100.0671,1524
12:19,100.0235,100.0505,100.0235,100.0505,1119
12:20,100.0278,100.0278,100.0235,100.0235,1386
12:21,100.0382,100.0382,100.0278,100.0278,1120
12:22,100.0312,100.0382,100.0312,100.0382,1355
12:23,100.0252,100.0312,100.0252,100.0312,794
12:24,100.0171,100.0252,100.0171,100.0252,693
12:25,100.0537,100.0537,100.0171,100.0171,1273
12:26,100.09,100.09,100.0537,100.0537,752
12:27,100.1045,100.1045,100.09,100.09,783
12:28,100.1073,100.1073,100.1045,100.1045,851
12:29,100.0933,100.1073,100.0933,100.1073,1006
12:30,100.082,100.0933,100.082,100.0933,882
12:31,100.0858,100.0858,100.082,100.082,614
12:32,100.103,100.103,100.0858,100.0858,796
12:33,100.112,100.112,100.103,100.103,455
12:34,100.0713,100.112,100.0713,100.112,1248
12:35,100.1113,100.1113,100.0713,100.0713,567
12:36,100.1511,100.1511,100.1113,100.1113,676
12:37,100.1638,100.1638,100.1511,100.1511,1019
12:38,100.156,100.1638,100.156,100.1638,769
12:39,100.1783,100.1783,100.156,100.156,1728
12:40,100.1846,100.1846,100.1783,100.1783,632
12:41,100.1915,100.1915,100.1846,100.1846,1099
12:42,100.2355,100.2355,100.1915,100.1915,986
12:43,100.2358,100.2358,100.2355,100.2355,661
12:44,100.2689,100.2689,100.2358,100.2358,1204
12:45,100.2485,100.2689,100.2485,100.2689,941
12:46,100.2941,100.2941,100.2485,100.2485,1315
12:47,100.2811,100.2941,100.2811,100.2941,1339
12:48,100.2741,100.2811,100.2741,100.2811,2153
12:49,100.2241,100.2741,100.2241,100.2741,1606
12:50,100.2447,100.2447,100.2241,100.2241,877
12:51,100.2111,100.2447,100.2111,100.2447,919
12:52,100.1724,100.2111,100.1724,100.2111,1477
12:53,100.2127,100.2127,100.1724,100.1724,1261
12:54,100.2394,100.2394,100.2127,100.2127,1255
12:55,100.2602,100.2602,100.2394,100.2394,564
12:56,100.2504,100.2602,100.2504,100.2602,991
12:57,100.2292,100.2504,100.2292,100.2504,770
12:58,100.231,100.231,100.2292,100.2292,1104
12:59,100.2386,100.2386,100.231,100.231,966
13:00,100.2306,100.2386,100.2306,100.2386,1381
13:01,100.2494,100.2494,100.2306,100.2306,1119
13:02,100.288,100.288,100.2494,100.2494,1321
13:03,100.2502,100.288,100.2502,100.288,848
13:04,100.2121,100.2502,100.2121,100.2502,715
13:05,100.2269,100.2269,100.2121,100.2121,865
13:06,100.2438,100.2438,100.2269,100.2269,994
13:07,100.2295,100.2438,100.2295,100.2438,1144
13:08,100.2471,100.2471,100.2295,100.2295,2228
13:09,100.2382,100.2471,100.2382,100.2471,985
13:10,100.2274,100.2382,100.2274,100.2382,713
13:11,100.2066,100.2274,100.2066,100.2274,885
13:12,100.19,100.2066,100.19,100.2066,848
13:13,100.2011,100.2011,100.19,100.19,1186
13:14,100.1955,100.2011,100.1955,100.2011,579
13:15,100.205,100.205,100.1955,100.1955,1023
13:16,100.1917,100.205,100.1917,100.205,1057
13:17,100.1884,100.1917,100.1884,100.1917,1086
13:18,100.183,100.1884,100.183,100.1884,809
13:19,100.1937,100.1937,100.183,100.183,919
13:20,100.1443,100.1937,100.1443,100.1937,604
13:21,100.1622,100.1622,100.1443,100.1443,840
13:22,100.1531,100.1622,100.1531,100.1622,825
13:23,100.1563,100.1563,100.1531,100.1531,1159
13:24,100.1958,100.1958,100.1563,100.1563,664
13:25,100.1739,100.1958,100.1739,100.1958,1319
13:26,100.2039,100.2039,100.1739,100.1739,1699
13:27,100.2183,100.2183,100.2039,100.2039,480
13:28,100.1792,100.2183,100.1792,100.2183,1163
13:29,100.2141,100.2141,100.1792,100.1792,1271
13:30,100.2185,100.2185,100.2141,100.2141,798
13:31,100.2503,100.2503,100.2185,100.2185,869
13:32,100.2401,100.2503,100.2401,100.2503,954
13:33,100.2194,100.2401,100.2194,100.2401,900
13:34,100.2357,100.2357,100.2194,100.2194,896
13:35,100.2542,100.2542,100.2357,100.2357,552
13:36,100.2396,100.2542,100.2396,100.2542,1505
13:37,100.2179,100.2396,100.2179,100.2396,1466
13:38,100.215,100.2179,100.215,100.2179,750
13:39,100.2006,100.215,100.2006,100.215,595
13:40,100.2048,100.2048,100.2006,100.2006,1203
13:41,100.2194,100.2194,100.2048,100.2048,815
13:42,100.2202,100.2202,100.2194,100.2194,1052
13:43,100.2123,100.2202,100.2123,100.2202,893
13:44,100.2281,100.2281,100.2123,100.2123,1278
13:45,100.1967,100.2281,100.1967,100.2281,1279
13:46,100.2077,100.2077,100.1967,100.1967,773
13:47,100.156,100.2077,100.156,100.2077,612
13:48,100.1909,100.1909,100.156,100.156,571
13:49,100.2018,100.2018,100.1909,100.1909,1242
13:50,100.203,100.203,100.2018,100.2018,656
13:51,100.2041,100.2041,100.203,100.203,836
13:52,100.235,100.235,100.2041,100.2041,809
13:53,100.2198,100.235,100.2198,100.235,982
13:54,100.1983,100.2198,100.1983,100.2198,503
13:55,100.1942,100.1983,100.1942,100.1983,1069
13:56,100.2155,100.2155,100.1942,100.1942,1204
13:57,100.2813,100.2813,100.2155,100.2155,1032
13:58,100.252,100.2813,100.252,100.2813,896
13:59,100.2536,100.2536,100.252,100.252,1035
14:00,100.2659,100.2659,100.2536,100.2536,1152
14:01,100.2867,100.2867,100.2659,100.2659,374
14:02,100.3102,100.3102,100.2867,100.2867,2000
14:03,100.3368,100.3368,100.3102,100.3102,1148
14:04,100.3648,100.3648,100.3368,100.3368,794
14:05,100.4031,100.4031,100.3648,100.3648,871
14:06,100.459,100.459,100.4031,100.4031,1191
14:07,100.49,100.49,100.459,100.459,960
14:08,100.4972,100.4972,100.49,100.49,487
14:09,100.4601,100.4972,100.4601,100.4972,2079
14:10,100.4187,100.4601,100.4187,100.4601,962
14:11,100.4267,100.4267,100.4187,100.4187,1436
14:12,100.417,100.4267,100.417,100.4267,782
14:13,100.4161,100.417,100.4161,100.417,1724
14:14,100.3908,100.4161,100.3908,100.4161,1107
14:15,100.3467,100.3908,100.3467,100.3908,1241
14:16,100.3654,100.3654,100.3467,100.3467,690
14:17,100.3766,100.3766,100.3654,100.3654,1536
14:18,100.3958,100.3958,100.3766,100.3766,1277
14:19,100.3621,100.3958,100.3621,100.3958,1586
14:20,100.3356,100.3621,100.3356,100.3621,800
14:21,100.345,100.345,100.3356,100.3356,843
14:22,100.3429,100.345,100.3429,100.345,2263
14:23,100.3675,100.3675,100.3429,100.3429,687
14:24,100.3655,100.3675,100.3655,100.3675,953
14:25,100.3959,100.3959,100.3655,100.3655,1496
14:26,100.4087,100.4087,100.3959,100.3959,1035
14:27,100.3869,100.4087,100.3869,100.4087,1230
14:28,100.3738,100.3869,100.3738,100.3869,868
14:29,100.3684,100.3738,100.3684,100.3738,1140
14:30,100.3104,100.3684,100.3104,100.3684,629
14:31,100.339,100.339,100.3104,100.3104,1800
14:32,100.3732,100.3732,100.339,100.339,959
14:33,100.3933,100.3933,100.3732,100.3732,786
14:34,100.4294,100.4294,100.3933,100.3933,1267
14:35,100.3877,100.4294,100.3877,100.4294,849
14:36,100.3539,100.3877,100.3539,100.3877,623
14:37,100.342,100.3539,100.342,100.3539,620
14:38,100.3368,100.342,100.3368,100.342,1279
14:39,100.3218,100.3368,100.3218,100.3368,945
14:40,100.3038,100.3218,100.3038,100.3218,954
14:41,100.307,100.307,100.3038,100.3038,1466
14:42,100.358,100.358,100.307,100.307,671
14:43,100.3942,100.3942,100.358,100.358,772
14:44,100.4052,100.4052,100.3942,100.3942,873
14:45,100.4022,100.4052,100.4022,100.4052,1035
14:46,100.3818,100.4022,100.3818,100.4022,986
14:47,100.373,100.3818,100.373,100.3818,904
14:48,100.353,100.373,100.353,100.373,979
14:49,100.3512,100.353,100.3512,100.353,964
14:50,100.3513,100.3513,100.3512,100.3512,776
14:51,100.3471,100.3513,100.3471,100.3513,751
14:52,100.3698,100.3698,100.3471,100.3471,1104
14:53,100.3922,100.3922,100.3698,100.3698,731
14:54,100.4134,100.4134,100.3922,100.3922,665
14:55,100.4386,100.4386,100.4134,100.4134,898
14:56,100.4334,100.4386,100.4334,100.4386,949
14:57,100.4315,100.4334,100.4315,100.4334,2234
14:58,100.4496,100.4496,100.4315,100.4315,782
14:59,100.4932,100.4932,100.4496,100.4496,1404
15:00,100.5113,100.5113,100.4932,100.4932,1311
15:01,100.4811,100.5113,100.4811,100.5113,660
15:02,100.5041,100.5041,100.4811,100.4811,1326
15:03,100.5261,100.5261,100.5041,100.5041,663
15:04,100.5798,100.5798,100.5261,100.5261,394
15:05,100.5728,100.5798,100.5728,100.5798,1255
15:06,100.5715,100.5728,100.5715,100.5728,544
15:07,100.5389,100.5715,100.5389,100.5715,1192
15:08,100.5479,100.5479,100.5389,100.5389,799
15:09,100.5313,100.5479,100.5313,100.5479,1839
15:10,100.5591,100.5591,100.5313,100.5313,1496
15:11,100.5445,100.5591,100.5445,100.5591,875
15:12,100.5668,100.5668,100.5445,100.5445,808
15:13,100.5364,100.5668,100.5364,100.5668,674
15:14,100.5527,100.5527,100.5364,100.5364,891
15:15,100.5223,100.5527,100.5223,100.5527,948
15:16,100.5619,100.5619,100.5223,100.5223,926
15:17,100.5468,100.5619,100.5468,100.5619,1122
15:18,100.5714,100.5714,100.5468,100.5468,1314
15:19,100.5893,100.5893,100.5714,100.5714,1223
15:20,100.5795,100.5893,100.5795,100.5893,832
15:21,100.6133,100.6133,100.5795,100.5795,663
15:22,100.583,100.6133,100.583,100.6133,1813
15:23,100.5451,100.583,100.5451,100.583,888
15:24,100.6145,100.6145,100.5451,100.5451,914
15:25,100.5969,100.6145,100.5969,100.6145,974
15:26,100.6345,100.6345,100.5969,100.5969,622
15:27,100.5932,100.6345,100.5932,100.6345,1030
15:28,100.5747,100.5932,100.5747,100.5932,1054
15:29,100.5738,100.5747,100.5738,100.5747,1597
15:30,100.5771,100.5771,100.5738,100.5738,1689
15:31,100.561,100.5771,100.561,100.5771,1361
15:32,100.5938,100.5938,100.561,100.561,1956
15:33,100.56,100.5938,100.56,100.5938,1643
15:34,100.5856,100.5856,100.56,100.56,1506
15:35,100.5311,100.5856,100.5311,100.5856,1671
15:36,100.5374,100.5374,100.5311,100.5311,1543
15:37,100.5388,100.5388,100.5374,100.5374,1505
15:38,100.5385,100.5388,100.5385,100.5388,1656
15:39,100.585,100.585,100.5385,100.5385,1288
15:40,100.6122,100.6122,100.585,100.585,2246
15:41,100.6274,100.6274,100.6122,100.6122,1518
15:42,100.6216,100.6274,100.6216,100.6274,3096
15:43,100.6227,100.6227,100.6216,100.6216,2244
15:44,100.6328,100.6328,100.6227,100.6227,2671
15:45,100.624,100.6328,100.624,100.6328,3354
15:46,100.623,100.624,100.623,100.624,3804
15:47,100.6121,100.623,100.6121,100.623,1871
15:48,100.6464,100.6464,100.6121,100.6121,3277
15:49,100.6393,100.6464,100.6393,100.6464,5216
15:50,100.6678,100.6678,100.6393,100.6393,2268
15:51,100.7123,100.7123,100.6678,100.6678,5160
15:52,100.7377,100.7377,100.7123,100.7123,2200
15:53,100.7449,100.7449,100.7377,100.7377,3711
15:54,100.7304,100.7449,100.7304,100.7449,5897
15:55,100.7527,100.7527,100.7304,100.7304,3531
15:56,100.6891,100.7527,100.6891,100.7527,4898
15:57,100.7214,100.7214,100.6891,100.6891,4511
15:58,100.7577,100.7577,100.7214,100.7214,14929
15:59,100.7085,100.7577,100.7085,100.7577,9667
