Time,Close,High,Low,Open,Volume
09:30,100.0082,100.0084,100.0082,100.0084,18689
09:31,99.9821,100.0082,99.9821,100.0082,10511
09:32,100.0294,100.0294,99.9821,99.9821,11775
09:33,100.0492,100.0492,100.0294,100.0294,16820
09:34,100.1051,100.1051,100.0492,100.0492,13466
09:35,100.1062,100.1062,100.1051,100.1051,4493
09:36,100.1525,100.1525,100.1062,100.1062,8147
09:37,100.1408,100.1525,100.1408,100.1525,5054
09:38,100.1075,100.1408,100.1075,100.1408,4718
09:39,100.1106,100.1106,100.1075,100.1075,5203
09:40,100.0394,100.1106,100.0394,100.1106,4357
09:41,100.0559,100.0559,100.0394,100.0394,6393
09:42,100.0436,100.0559,100.0436,100.0559,4619
09:43,100.034,100.0436,100.034,100.0436,3408
09:44,100.0497,100.0497,100.034,100.034,3544
09:45,100.0703,100.0703,100.0497,100.0497,3169
09:46,100.0751,100.0751,100.0703,100.0703,4457
09:47,100.0667,100.0751,100.0667,100.0751,2280
09:48,100.0948,100.0948,100.0667,100.0667,2567
09:49,100.1143,100.1143,100.0948,100.0948,1594
09:50,100.1285,100.1285,100.1143,100.1143,823
09:51,100.1121,100.1285,100.1121,100.1285,2423
09:52,100.1387,100.1387,100.1121,100.1121,2474
09:53,100.1227,100.1387,100.1227,100.1387,1331
09:54,100.14,100.14,100.1227,100.1227,3691
09:55,100.1235,100.14,100.1235,100.14,943
09:56,100.0871,100.1235,100.0871,100.1235,1539
09:57,100.0659,100.0871,100.0659,100.0871,1363
09:58,100.0721,100.0721,100.0659,100.0659,2420
09:59,100.0726,100.0726,100.0721,100.0721,2289
10:00,100.0505,100.0726,100.0505,100.0726,1393
10:01,100.0385,100.0505,100.0385,100.0505,1466
10:02,100.0592,100.0592,100.0385,100.0385,912
10:03,100.0535,100.0592,100.0535,100.0592,605
10:04,100.0398,100.0535,100.0398,100.0535,1056
10:05,100.031,100.0398,100.031,100.0398,1239
10:06,100.0152,100.031,100.0152,100.031,1782
10:07,100.0531,100.0531,100.0152,100.0152,1736
10:08,100.0646,100.0646,100.0531,100.0531,974
10:09,100.0423,100.0646,100.0423,100.0646,992
10:10,100.0369,100.0423,100.0369,100.0423,752
10:11,100.0437,100.0437,100.0369,100.0369,653
10:12,100.0727,100.0727,100.0437,100.0437,585
10:13,100.0912,100.0912,100.0727,100.0727,2120
10:14,100.0733,100.0912,100.0733,100.0912,880
10:15,100.0696,100.0733,100.0696,100.0733,897
10:16,100.0365,100.0696,100.0365,100.0696,668
10:17,100.015,100.0365,100.015,100.0365,1365
10:18,100.022,100.022,100.015,100.015,582
10:19,99.9923,100.022,99.9923,100.022,953
10:20,99.9693,99.9923,99.9693,99.9923,746
10:21,99.952,99.9693,99.952,99.9693,1171
10:22,99.9023,99.952,99.9023,99.952,850
10:23,99.9779,99.9779,99.9023,99.9023,668
10:24,99.9824,99.9824,99.9779,99.9779,1004
10:25,99.9531,99.9824,99.9531,99.9824,1178
10:26,99.9448,99.9531,99.9448,99.9531,1034
10:27,99.9449,99.9449,99.9448,99.9448,1123
10:28,99.9279,99.9449,99.9279,99.9449,805
10:29,99.9272,99.9279,99.9272,99.9279,885
10:30,99.8994,99.9272,99.8994,99.9272,792
10:31,99.9289,99.9289,99.8994,99.8994,885
10:32,99.9367,99.9367,99.9289,99.9289,753
10:33,99.8911,99.9367,99.8911,99.9367,544
10:34,99.8631,99.8911,99.8631,99.8911,1068
10:35,99.8127,99.8631,99.8127,99.8631,870
10:36,99.8167,99.8167,99.8127,99.8127,562
10:37,99.8118,99.8167,99.8118,99.8167,1181
10:38,99.8407,99.8407,99.8118,99.8118,726
10:39,99.8653,99.8653,99.8407,99.8407,1020
10:40,99.867,99.867,99.8653,99.8653,1297
10:41,99.8806,99.8806,99.867,99.867,1048
10:42,99.8913,99.8913,99.8806,99.8806,1499
10:43,99.8419,99.8913,99.8419,99.8913,646
10:44,99.8556,99.8556,99.8419,99.8419,1154
10:45,99.8521,99.8556,99.8521,99.8556,785
10:46,99.8854,99.8854,99.8521,99.8521,735
10:47,99.8562,99.8854,99.8562,99.8854,815
10:48,99.8556,99.8562,99.8556,99.8562,896
10:49,99.8164,99.8556,99.8164,99.8556,1020
10:50,99.7972,99.8164,99.7972,99.8164,662
10:51,99.8002,99.8002,99.7972,99.7972,1376
10:52,99.8082,99.8082,99.8002,99.8002,1180
10:53,99.7913,99.8082,99.7913,99.8082,580
10:54,99.8228,99.8228,99.7913,99.7913,1695
10:55,99.8308,99.8308,99.8228,99.8228,1958
10:56,99.8473,99.8473,99.8308,99.8308,1519
10:57,99.8593,99.8593,99.8473,99.8473,938
10:58,99.8686,99.8686,99.8593,99.8593,684
10:59,99.8598,99.8686,99.8598,99.8686,1453
11:00,99.8593,99.8598,99.8593,99.8598,867
11:01,99.8395,99.8593,99.8395,99.8593,1542
11:02,99.8401,99.8401,99.8395,99.8395,1077
11:03,99.8203,99.8401,99.8203,99.8401,1414
11:04,99.8314,99.8314,99.8203,99.8203,1135
11:05,99.8227,99.8314,99.8227,99.8314,1285
11:06,99.8206,99.8227,99.8206,99.8227,1004
11:07,99.7941,99.8206,99.7941,99.8206,1883
11:08,99.754,99.7941,99.754,99.7941,1046
11:09,99.7114,99.754,99.7114,99.754,1153
11:10,99.7051,99.7114,99.7051,99.7114,1949
11:11,99.6903,99.7051,99.6903,99.7051,620
11:12,99.6414,99.6903,99.6414,99.6903,637
11:13,99.5719,99.6414,99.5719,99.6414,1410
11:14,99.5945,99.5945,99.5719,99.5719,660
11:15,99.6154,99.6154,99.5945,99.5945,1992
11:16,99.5899,99.6154,99.5899,99.6154,864
11:17,99.5835,99.5899,99.5835,99.5899,767
11:18,99.6055,99.6055,99.5835,99.5835,1977
11:19,99.6387,99.6387,99.6055,99.6055,1690
11:20,99.679,99.679,99.6387,99.6387,1939
11:21,99.7237,99.7237,99.679,99.679,1379
11:22,99.6645,99.7237,99.6645,99.7237,737
11:23,99.6256,99.6645,99.6256,99.6645,1968
11:24,99.6254,99.6256,99.6254,99.6256,909
11:25,99.613,99.6254,99.613,99.6254,1329
11:26,99.624,99.624,99.613,99.613,1399
11:27,99.6066,99.624,99.6066,99.624,947
11:28,99.5873,99.6066,99.5873,99.6066,1243
11:29,99.6106,99.6106,99.5873,99.5873,1387
11:30,99.5727,99.6106,99.5727,99.6106,1143
11:31,99.5351,99.5727,99.5351,99.5727,677
11:32,99.5159,99.5351,99.5159,99.5351,1112
11:33,99.4761,99.5159,99.4761,99.5159,1600
11:34,99.4651,99.4761,99.4651,99.4761,782
11:35,99.4875,99.4875,99.4651,99.4651,948
11:36,99.472,99.4875,99.472,99.4875,857
11:37,99.4659,99.472,99.4659,99.472,1926
11:38,99.4307,99.4659,99.4307,99.4659,1269
11:39,99.4337,99.4337,99.4307,99.4307,1155
11:40,99.4738,99.4738,99.4337,99.4337,761
11:41,99.4911,99.4911,99.4738,99.4738,1211
11:42,99.51,99.51,99.4911,99.4911,787
11:43,99.5034,99.51,99.5034,99.51,1011
11:44,99.5163,99.5163,99.5034,99.5034,798
11:45,99.545,99.545,99.5163,99.5163,1271
11:46,99.5137,99.545,99.5137,99.545,1227
11:47,99.481,99.5137,99.481,99.5137,929
11:48,99.4846,99.4846,99.481,99.481,1151
11:49,99.4363,99.4846,99.4363,99.4846,679
11:50,99.4256,99.4363,99.4256,99.4363,589
11:51,99.4168,99.4256,99.4168,99.4256,1169
11:52,99.3958,99.4168,99.3958,99.4168,1061
11:53,99.3684,99.3958,99.3684,99.3958,1252
11:54,99.3327,99.3684,99.3327,99.3684,2328
11:55,99.3047,99.3327,99.3047,99.3327,1398
11:56,99.3097,99.3097,99.3047,99.3047,724
11:57,99.3564,99.3564,99.3097,99.3097,1486
11:58,99.3579,99.3579,99.3564,99.3564,627
11:59,99.3489,99.3579,99.3489,99.3579,849
12:00,99.3511,99.3511,99.3489,99.3489,976
12:01,99.371,99.371,99.3511,99.3511,1836
12:02,99.3787,99.3787,99.371,99.371,768
12:03,99.3969,99.3969,99.3787,99.3787,746
12:04,99.4185,99.4185,99.3969,99.3969,966
12:05,99.407,99.4185,99.407,99.4185,790
12:06,99.3675,99.407,99.3675,99.407,1491
12:07,99.3736,99.3736,99.3675,99.3675,682
12:08,99.395,99.395,99.3736,99.3736,666
12:09,99.4364,99.4364,99.395,99.395,856
12:10,99.4263,99.4364,99.4263,99.4364,838
12:11,99.4495,99.4495,99.4263,99.4263,1982
12:12,99.3958,99.4495,99.3958,99.4495,1400
12:13,99.3607,99.3958,99.3607,99.3958,1032
12:14,99.3521,99.3607,99.3521,99.3607,648
12:15,99.3668,99.3668,99.3521,99.3521,1349
12:16,99.3419,99.3668,99.3419,99.3668,701
12:17,99.3676,99.3676,99.3419,99.3419,578
12:18,99.3817,99.3817,99.3676,99.3676,1524
12:19,99.3467,99.3817,99.3467,99.3817,1119
12:20,99.352,99.352,99.3467,99.3467,1386
12:21,99.371,99.371,99.352,99.352,1120
12:22,99.3597,99.371,99.3597,99.371,1355
12:23,99.336,99.3597,99.336,99.3597,794
12:24,99.3212,99.336,99.3212,99.336,693
12:25,99.3205,99.3212,99.3205,99.3212,1273
12:26,99.3619,99.3619,99.3205,99.3205,752
12:27,99.3558,99.3619,99.3558,99.3619,783
12:28,99.3641,99.3641,99.3558,99.3558,851
12:29,99.3323,99.3641,99.3323,99.3641,1006
12:30,99.3051,99.3323,99.3051,99.3323,882
12:31,99.3134,99.3134,99.3051,99.3051,614
12:32,99.3533,99.3533,99.3134,99.3134,796
12:33,99.3861,99.3861,99.3533,99.3533,455
12:34,99.3894,99.3894,99.3861,99.3861,1248
12:35,99.3742,99.3894,99.3742,99.3894,567
12:36,99.3868,99.3868,99.3742,99.3742,676
12:37,99.3956,99.3956,99.3868,99.3868,1019
12:38,99.3604,99.3956,99.3604,99.3956,769
12:39,99.3799,99.3799,99.3604,99.3604,1728
12:40,99.3745,99.3799,99.3745,99.3799,632
12:41,99.3902,99.3902,99.3745,99.3745,1099
12:42,99.4031,99.4031,99.3902,99.3902,986
12:43,99.4165,99.4165,99.4031,99.4031,661
12:44,99.4056,99.4165,99.4056,99.4165,1204
12:45,99.3932,99.4056,99.3932,99.4056,941
12:46,99.3639,99.3932,99.3639,99.3932,1315
12:47,99.3591,99.3639,99.3591,99.3639,1339
12:48,99.3501,99.3591,99.3501,99.3591,2153
12:49,99.3271,99.3501,99.3271,99.3501,1606
12:50,99.316,99.3271,99.316,99.3271,877
12:51,99.3419,99.3419,99.316,99.316,919
12:52,99.3537,99.3537,99.3419,99.3419,1477
12:53,99.3798,99.3798,99.3537,99.3537,1261
12:54,99.405,99.405,99.3798,99.3798,1255
12:55,99.4252,99.4252,99.405,99.405,564
12:56,99.3816,99.4252,99.3816,99.4252,991
12:57,99.3748,99.3816,99.3748,99.3816,770
12:58,99.3653,99.3748,99.3653,99.3748,1104
12:59,99.3944,99.3944,99.3653,99.3653,966
13:00,99.3538,99.3944,99.3538,99.3944,1381
13:01,99.3525,99.3538,99.3525,99.3538,1119
13:02,99.3131,99.3525,99.3131,99.3525,1321
13:03,99.3661,99.3661,99.3131,99.3131,848
13:04,99.3769,99.3769,99.3661,99.3661,715
13:05,99.3787,99.3787,99.3769,99.3769,865
13:06,99.3916,99.3916,99.3787,99.3787,994
13:07,99.4063,99.4063,99.3916,99.3916,1144
13:08,99.345,99.4063,99.345,99.4063,2228
13:09,99.3815,99.3815,99.345,99.345,985
13:10,99.3757,99.3815,99.3757,99.3815,713
13:11,99.3897,99.3897,99.3757,99.3757,885
13:12,99.3918,99.3918,99.3897,99.3897,848
13:13,99.3427,99.3918,99.3427,99.3918,1186
13:14,99.3105,99.3427,99.3105,99.3427,579
13:15,99.2539,99.3105,99.2539,99.3105,1023
13:16,99.2532,99.2539,99.2532,99.2539,1057
13:17,99.2436,99.2532,99.2436,99.2532,1086
13:18,99.2136,99.2436,99.2136,99.2436,809
13:19,99.2045,99.2136,99.2045,99.2136,919
13:20,99.2154,99.2154,99.2045,99.2045,604
13:21,99.227,99.227,99.2154,99.2154,840
13:22,99.2396,99.2396,99.227,99.227,825
13:23,99.2049,99.2396,99.2049,99.2396,1159
13:24,99.2004,99.2049,99.2004,99.2049,664
13:25,99.1941,99.2004,99.1941,99.2004,1319
13:26,99.1873,99.1941,99.1873,99.1941,1699
13:27,99.1961,99.1961,99.1873,99.1873,480
13:28,99.2177,99.2177,99.1961,99.1961,1163
13:29,99.1943,99.2177,99.1943,99.2177,1271
13:30,99.2054,99.2054,99.1943,99.1943,798
13:31,99.1992,99.2054,99.1992,99.2054,869
13:32,99.1861,99.1992,99.1861,99.1992,954
13:33,99.1892,99.1892,99.1861,99.1861,900
13:34,99.1837,99.1892,99.1837,99.1892,896
13:35,99.2376,99.2376,99.1837,99.1837,552
13:36,99.2372,99.2376,99.2372,99.2376,1505
13:37,99.2803,99.2803,99.2372,99.2372,1466
13:38,99.287,99.287,99.2803,99.2803,750
13:39,99.2742,99.287,99.2742,99.287,595
13:40,99.2837,99.2837,99.2742,99.2742,1203
13:41,99.3111,99.3111,99.2837,99.2837,815
13:42,99.2995,99.3111,99.2995,99.3111,1052
13:43,99.274,99.2995,99.274,99.2995,893
13:44,99.2762,99.2762,99.274,99.274,1278
13:45,99.2999,99.2999,99.2762,99.2762,1279
13:46,99.317,99.317,99.2999,99.2999,773
13:47,99.3217,99.3217,99.317,99.317,612
13:48,99.3003,99.3217,99.3003,99.3217,571
13:49,99.3516,99.3516,99.3003,99.3003,1242
13:50,99.3543,99.3543,99.3516,99.3516,656
13:51,99.3589,99.3589,99.3543,99.3543,836
13:52,99.3337,99.3589,99.3337,99.3589,809
13:53,99.2969,99.3337,99.2969,99.3337,982
13:54,99.3029,99.3029,99.2969,99.2969,503
13:55,99.3103,99.3103,99.3029,99.3029,1069
13:56,99.3295,99.3295,99.3103,99.3103,1204
13:57,99.3415,99.3415,99.3295,99.3295,1032
13:58,99.3507,99.3507,99.3415,99.3415,896
13:59,99.3714,99.3714,99.3507,99.3507,1035
14:00,99.3646,99.3714,99.3646,99.3714,1152
14:01,99.3296,99.3646,99.3296,99.3646,374
14:02,99.3402,99.3402,99.3296,99.3296,2000
14:03,99.3271,99.3402,99.3271,99.3402,1148
14:04,99.3128,99.3271,99.3128,99.3271,794
14:05,99.3436,99.3436,99.3128,99.3128,871
14:06,99.3413,99.3436,99.3413,99.3436,1191
14:07,99.3118,99.3413,99.3118,99.3413,960
14:08,99.2933,99.3118,99.2933,99.3118,487
14:09,99.3019,99.3019,99.2933,99.2933,2079
14:10,99.2977,99.3019,99.2977,99.3019,962
14:11,99.2942,99.2977,99.2942,99.2977,1436
14:12,99.2943,99.2943,99.2942,99.2942,782
14:13,99.3031,99.3031,99.2943,99.2943,1724
14:14,99.2963,99.3031,99.2963,99.3031,1107
14:15,99.342,99.342,99.2963,99.2963,1241
14:16,99.3889,99.3889,99.342,99.342,690
14:17,99.4121,99.4121,99.3889,99.3889,1536
14:18,99.421,99.421,99.4121,99.4121,1277
14:19,99.3974,99.421,99.3974,99.421,1586
14:20,99.3877,99.3974,99.3877,99.3974,800
14:21,99.444,99.444,99.3877,99.3877,843
14:22,99.4073,99.444,99.4073,99.444,2263
14:23,99.4192,99.4192,99.4073,99.4073,687
14:24,99.395,99.4192,99.395,99.4192,953
14:25,99.414,99.414,99.395,99.395,1496
14:26,99.4027,99.414,99.4027,99.414,1035
14:27,99.4315,99.4315,99.4027,99.4027,1230
14:28,99.4388,99.4388,99.4315,99.4315,868
14:29,99.4229,99.4388,99.4229,99.4388,1140
14:30,99.406,99.4229,99.406,99.4229,629
14:31,99.3997,99.406,99.3997,99.406,1800
14:32,99.4273,99.4273,99.3997,99.3997,959
14:33,99.4367,99.4367,99.4273,99.4273,786
14:34,99.4958,99.4958,99.4367,99.4367,1267
14:35,99.5256,99.5256,99.4958,99.4958,849
14:36,99.5138,99.5256,99.5138,99.5256,623
14:37,99.5127,99.5138,99.5127,99.5138,620
14:38,99.4991,99.5127,99.4991,99.5127,1279
14:39,99.548,99.548,99.4991,99.4991,945
14:40,99.5663,99.5663,99.548,99.548,954
14:41,99.5698,99.5698,99.5663,99.5663,1466
14:42,99.5798,99.5798,99.5698,99.5698,671
14:43,99.5818,99.5818,99.5798,99.5798,772
14:44,99.5938,99.5938,99.5818,99.5818,873
14:45,99.5995,99.5995,99.5938,99.5938,1035
14:46,99.6123,99.6123,99.5995,99.5995,986
14:47,99.6256,99.6256,99.6123,99.6123,904
14:48,99.662,99.662,99.6256,99.6256,979
14:49,99.6447,99.662,99.6447,99.662,964
14:50,99.5689,99.6447,99.5689,99.6447,776
14:51,99.6037,99.6037,99.5689,99.5689,751
14:52,99.5773,99.6037,99.5773,99.6037,1104
14:53,99.6499,99.6499,99.5773,99.5773,731
14:54,99.6645,99.6645,99.6499,99.6499,665
14:55,99.6694,99.6694,99.6645,99.6645,898
14:56,99.6866,99.6866,99.6694,99.6694,949
14:57,99.7034,99.7034,99.6866,99.6866,2234
14:58,99.7084,99.7084,99.7034,99.7034,782
14:59,99.7365,99.7365,99.7084,99.7084,1404
15:00,99.7447,99.7447,99.7365,99.7365,1311
15:01,99.7468,99.7468,99.7447,99.7447,660
15:02,99.7512,99.7512,99.7468,99.7468,1326
15:03,99.7715,99.7715,99.7512,99.7512,663
15:04,99.7996,99.7996,99.7715,99.7715,394
15:05,99.8246,99.8246,99.7996,99.7996,1255
15:06,99.8368,99.8368,99.8246,99.8246,544
15:07,99.8612,99.8612,99.8368,99.8368,1192
15:08,99.8724,99.8724,99.8612,99.8612,799
15:09,99.8748,99.8748,99.8724,99.8724,1839
15:10,99.904,99.904,99.8748,99.8748,1496
15:11,99.9569,99.9569,99.904,99.904,875
15:12,99.8947,99.9569,99.8947,99.9569,808
15:13,99.904,99.904,99.8947,99.8947,674
15:14,99.9152,99.9152,99.904,99.904,891
15:15,99.9206,99.9206,99.9152,99.9152,948
15:16,99.9023,99.9206,99.9023,99.9206,926
15:17,99.8762,99.9023,99.8762,99.9023,1122
15:18,99.8886,99.8886,99.8762,99.8762,1314
15:19,99.9018,99.9018,99.8886,99.8886,1223
15:20,99.9347,99.9347,99.9018,99.9018,832
15:21,99.9398,99.9398,99.9347,99.9347,663
15:22,99.9581,99.9581,99.9398,99.9398,1813
15:23,99.9804,99.9804,99.9581,99.9581,888
15:24,99.9944,99.9944,99.9804,99.9804,914
15:25,99.9493,99.9944,99.9493,99.9944,974
15:26,99.9295,99.9493,99.9295,99.9493,622
15:27,99.977,99.977,99.9295,99.9295,1030
15:28,99.975,99.977,99.975,99.977,1054
15:29,99.9842,99.9842,99.975,99.975,1597
15:30,99.9763,99.9842,99.9763,99.9842,1689
15:31,99.9342,99.9763,99.9342,99.9763,1361
15:32,99.8818,99.9342,99.8818,99.9342,1956
15:33,99.8866,99.8866,99.8818,99.8818,1643
15:34,99.8609,99.8866,99.8609,99.8866,1506
15:35,99.8581,99.8609,99.8581,99.8609,1671
15:36,99.8568,99.8581,99.8568,99.8581,1543
15:37,99.838,99.8568,99.838,99.8568,1505
15:38,99.8528,99.8528,99.838,99.838,1656
15:39,99.8525,99.8528,99.8525,99.8528,1288
15:40,99.8556,99.8556,99.8525,99.8525,2246
15:41,99.8715,99.8715,99.8556,99.8556,1518
15:42,99.8278,99.8715,99.8278,99.8715,3096
15:43,99.8409,99.8409,99.8278,99.8278,2244
15:44,99.8152,99.8409,99.8152,99.8409,2671
15:45,99.7884,99.8152,99.7884,99.8152,3354
15:46,99.7793,99.7884,99.7793,99.7884,3804
15:47,99.8237,99.8237,99.7793,99.7793,1871
15:48,99.8496,99.8496,99.8237,99.8237,3277
15:49,99.8809,99.8809,99.8496,99.8496,5216
15:50,99.894,99.894,99.8809,99.8809,2268
15:51,99.89,99.894,99.89,99.894,5160
15:52,99.8889,99.89,99.8889,99.89,2200
15:53,99.9097,99.9097,99.8889,99.8889,3711
15:54,99.9046,99.9097,99.9046,99.9097,5897
15:55,99.9157,99.9157,99.9046,99.9046,3531
15:56,99.9741,99.9741,99.9157,99.9157,4898
15:57,99.9769,99.9769,99.9741,99.9741,4511
15:58,100.0006,100.0006,99.9769,99.9769,14929
15:59,100.0247,100.0247,100.0006,100.0006,9667
