Time,Close,High,Low,Open,Volume
09:30,99.947,99.9559,99.947,99.9559,18689
09:31,100.0641,100.0641,99.947,99.947,10511
09:32,100.089,100.089,100.0641,100.0641,11775
09:33,100.0304,100.089,100.0304,100.089,16820
09:34,100.0459,100.0459,100.0304,100.0304,13466
09:35,100.1387,100.1387,100.0459,100.0459,4493
09:36,100.2505,100.2505,100.1387,100.1387,8147
09:37,100.2864,100.2864,100.2505,100.2505,5054
09:38,100.1792,100.2864,100.1792,100.2864,4718
09:39,100.1226,100.1792,100.1226,100.1792,5203
09:40,100.1556,100.1556,100.1226,100.1226,4357
09:41,100.2477,100.2477,100.1556,100.1556,6393
09:42,100.2791,100.2791,100.2477,100.2477,4619
09:43,100.3613,100.3613,100.2791,100.2791,3408
09:44,100.313,100.3613,100.313,100.3613,3544
09:45,100.3645,100.3645,100.313,100.313,3169
09:46,100.3672,100.3672,100.3645,100.3645,4457
09:47,100.4656,100.4656,100.3672,100.3672,2280
09:48,100.5577,100.5577,100.4656,100.4656,2567
09:49,100.57,100.57,100.5577,100.5577,1594
09:50,100.4974,100.57,100.4974,100.57,823
09:51,100.4922,100.4974,100.4922,100.4974,2423
09:52,100.6276,100.6276,100.4922,100.4922,2474
09:53,100.5597,100.6276,100.5597,100.6276,1331
09:54,100.5578,100.5597,100.5578,100.5597,3691
09:55,100.495,100.5578,100.495,100.5578,943
09:56,100.3686,100.495,100.3686,100.495,1539
09:57,100.382,100.382,100.3686,100.3686,1363
09:58,100.4377,100.4377,100.382,100.382,2420
09:59,100.5372,100.5372,100.4377,100.4377,2289
10:00,100.584,100.584,100.5372,100.5372,1393
10:01,100.4635,100.584,100.4635,100.584,1466
10:02,100.4282,100.4635,100.4282,100.4635,912
10:03,100.4283,100.4283,100.4282,100.4282,605
10:04,100.5931,100.5931,100.4283,100.4283,1056
10:05,100.4469,100.5931,100.4469,100.5931,1239
10:06,100.3408,100.4469,100.3408,100.4469,1782
10:07,100.214,100.3408,100.214,100.3408,1736
10:08,100.1836,100.214,100.1836,100.214,974
10:09,100.2489,100.2489,100.1836,100.1836,992
10:10,100.2533,100.2533,100.2489,100.2489,752
10:11,100.361,100.361,100.2533,100.2533,653
10:12,100.389,100.389,100.361,100.361,585
10:13,100.434,100.434,100.389,100.389,2120
10:14,100.4057,100.434,100.4057,100.434,880
10:15,100.2952,100.4057,100.2952,100.4057,897
10:16,100.3603,100.3603,100.2952,100.2952,668
10:17,100.3223,100.3603,100.3223,100.3603,1365
10:18,100.2281,100.3223,100.2281,100.3223,582
10:19,100.1912,100.2281,100.1912,100.2281,953
10:20,100.3351,100.3351,100.1912,100.1912,746
10:21,100.3841,100.3841,100.3351,100.3351,1171
10:22,100.5062,100.5062,100.3841,100.3841,850
10:23,100.6043,100.6043,100.5062,100.5062,668
10:24,100.5341,100.6043,100.5341,100.6043,1004
10:25,100.5042,100.5341,100.5042,100.5341,1178
10:26,100.5108,100.5108,100.5042,100.5042,1034
10:27,100.4702,100.5108,100.4702,100.5108,1123
10:28,100.4626,100.4702,100.4626,100.4702,805
10:29,100.5279,100.5279,100.4626,100.4626,885
10:30,100.5103,100.5279,100.5103,100.5279,792
10:31,100.5763,100.5763,100.5103,100.5103,885
10:32,100.531,100.5763,100.531,100.5763,753
10:33,100.5744,100.5744,100.531,100.531,544
10:34,100.5877,100.5877,100.5744,100.5744,1068
10:35,100.6764,100.6764,100.5877,100.5877,870
10:36,100.706,100.706,100.6764,100.6764,562
10:37,100.701,100.706,100.701,100.706,1181
10:38,100.6315,100.701,100.6315,100.701,726
10:39,100.7008,100.7008,100.6315,100.6315,1020
10:40,100.6827,100.7008,100.6827,100.7008,1297
10:41,100.6757,100.6827,100.6757,100.6827,1048
10:42,100.6626,100.6757,100.6626,100.6757,1499
10:43,100.5757,100.6626,100.5757,100.6626,646
10:44,100.5947,100.5947,100.5757,100.5757,1154
10:45,100.5953,100.5953,100.5947,100.5947,785
10:46,100.5663,100.5953,100.5663,100.5953,735
10:47,100.298,100.5663,100.298,100.5663,815
10:48,100.3933,100.3933,100.298,100.298,896
10:49,100.4868,100.4868,100.3933,100.3933,1020
10:50,100.4723,100.4868,100.4723,100.4868,662
10:51,100.5184,100.5184,100.4723,100.4723,1376
10:52,100.514,100.5184,100.514,100.5184,1180
10:53,100.4476,100.514,100.4476,100.514,580
10:54,100.3556,100.4476,100.3556,100.4476,1695
10:55,100.523,100.523,100.3556,100.3556,1958
10:56,100.5627,100.5627,100.523,100.523,1519
10:57,100.586,100.586,100.5627,100.5627,938
10:58,100.5945,100.5945,100.586,100.586,684
10:59,100.429,100.5945,100.429,100.5945,1453
11:00,100.4673,100.4673,100.429,100.429,867
11:01,100.4525,100.4673,100.4525,100.4673,1542
11:02,100.3667,100.4525,100.3667,100.4525,1077
11:03,100.4742,100.4742,100.3667,100.3667,1414
11:04,100.6411,100.6411,100.4742,100.4742,1135
11:05,100.4701,100.6411,100.4701,100.6411,1285
11:06,100.4768,100.4768,100.4701,100.4701,1004
11:07,100.3232,100.4768,100.3232,100.4768,1883
11:08,100.3784,100.3784,100.3232,100.3232,1046
11:09,100.2955,100.3784,100.2955,100.3784,1153
11:10,100.2938,100.2955,100.2938,100.2955,1949
11:11,100.3579,100.3579,100.2938,100.2938,620
11:12,100.2981,100.3579,100.2981,100.3579,637
11:13,100.3284,100.3284,100.2981,100.2981,1410
11:14,100.411,100.411,100.3284,100.3284,660
11:15,100.331,100.411,100.331,100.411,1992
11:16,100.3307,100.331,100.3307,100.331,864
11:17,100.2297,100.3307,100.2297,100.3307,767
11:18,100.1385,100.2297,100.1385,100.2297,1977
11:19,100.1469,100.1469,100.1385,100.1385,1690
11:20,100.1819,100.1819,100.1469,100.1469,1939
11:21,100.2399,100.2399,100.1819,100.1819,1379
11:22,100.1509,100.2399,100.1509,100.2399,737
11:23,100.2688,100.2688,100.1509,100.1509,1968
11:24,100.4254,100.4254,100.2688,100.2688,909
11:25,100.3161,100.4254,100.3161,100.4254,1329
11:26,100.4216,100.4216,100.3161,100.3161,1399
11:27,100.348,100.4216,100.348,100.4216,947
11:28,100.4416,100.4416,100.348,100.348,1243
11:29,100.3466,100.4416,100.3466,100.4416,1387
11:30,100.2727,100.3466,100.2727,100.3466,1143
11:31,100.316,100.316,100.2727,100.2727,677
11:32,100.2709,100.316,100.2709,100.316,1112
11:33,100.2539,100.2709,100.2539,100.2709,1600
11:34,100.1981,100.2539,100.1981,100.2539,782
11:35,100.3013,100.3013,100.1981,100.1981,948
11:36,100.3054,100.3054,100.3013,100.3013,857
11:37,100.467,100.467,100.3054,100.3054,1926
11:38,100.3357,100.467,100.3357,100.467,1269
11:39,100.3442,100.3442,100.3357,100.3357,1155
11:40,100.2091,100.3442,100.2091,100.3442,761
11:41,100.2243,100.2243,100.2091,100.2091,1211
11:42,100.1488,100.2243,100.1488,100.2243,787
11:43,100.1438,100.1488,100.1438,100.1488,1011
11:44,100.1898,100.1898,100.1438,100.1438,798
11:45,100.0968,100.1898,100.0968,100.1898,1271
11:46,100.0365,100.0968,100.0365,100.0968,1227
11:47,100.1257,100.1257,100.0365,100.0365,929
11:48,100.0764,100.1257,100.0764,100.1257,1151
11:49,100.1478,100.1478,100.0764,100.0764,679
11:50,100.0985,100.1478,100.0985,100.1478,589
11:51,100.1202,100.1202,100.0985,100.0985,1169
11:52,100.1551,100.1551,100.1202,100.1202,1061
11:53,100.097,100.1551,100.097,100.1551,1252
11:54,100.1487,100.1487,100.097,100.097,2328
11:55,100.1298,100.1487,100.1298,100.1487,1398
11:56,100.1182,100.1298,100.1182,100.1298,724
11:57,100.1713,100.1713,100.1182,100.1182,1486
11:58,100.2172,100.2172,100.1713,100.1713,627
11:59,100.3052,100.3052,100.2172,100.2172,849
12:00,100.2419,100.3052,100.2419,100.3052,976
12:01,100.2733,100.2733,100.2419,100.2419,1836
12:02,100.2748,100.2748,100.2733,100.2733,768
12:03,100.1416,100.2748,100.1416,100.2748,746
12:04,100.0935,100.1416,100.0935,100.1416,966
12:05,100.1191,100.1191,100.0935,100.0935,790
12:06,100.1657,100.1657,100.1191,100.1191,1491
12:07,100.2034,100.2034,100.1657,100.1657,682
12:08,100.5212,100.5212,100.2034,100.2034,666
12:09,100.5395,100.5395,100.5212,100.5212,856
12:10,100.5254,100.5395,100.5254,100.5395,838
12:11,100.4885,100.5254,100.4885,100.5254,1982
12:12,100.2238,100.4885,100.2238,100.4885,1400
12:13,100.1387,100.2238,100.1387,100.2238,1032
12:14,99.99,100.1387,99.99,100.1387,648
12:15,100.1372,100.1372,99.99,99.99,1349
12:16,100.1577,100.1577,100.1372,100.1372,701
12:17,100.1421,100.1577,100.1421,100.1577,578
12:18,100.2669,100.2669,100.1421,100.1421,1524
12:19,100.2381,100.2669,100.2381,100.2669,1119
12:20,100.2611,100.2611,100.2381,100.2381,1386
12:21,100.2269,100.2611,100.2269,100.2611,1120
12:22,100.0726,100.2269,100.0726,100.2269,1355
12:23,100.0749,100.0749,100.0726,100.0726,794
12:24,100.0168,100.0749,100.0168,100.0749,693
12:25,100.0273,100.0273,100.0168,100.0168,1273
12:26,100.0781,100.0781,100.0273,100.0273,752
12:27,100.0526,100.0781,100.0526,100.0781,783
12:28,99.9306,100.0526,99.9306,100.0526,851
12:29,99.8836,99.9306,99.8836,99.9306,1006
12:30,99.9317,99.9317,99.8836,99.8836,882
12:31,100.0082,100.0082,99.9317,99.9317,614
12:32,99.8979,100.0082,99.8979,100.0082,796
12:33,99.8995,99.8995,99.8979,99.8979,455
12:34,99.9331,99.9331,99.8995,99.8995,1248
12:35,99.8605,99.9331,99.8605,99.9331,567
12:36,99.9806,99.9806,99.8605,99.8605,676
12:37,99.9209,99.9806,99.9209,99.9806,1019
12:38,99.8876,99.9209,99.8876,99.9209,769
12:39,99.9044,99.9044,99.8876,99.8876,1728
12:40,99.8924,99.9044,99.8924,99.9044,632
12:41,99.9107,99.9107,99.8924,99.8924,1099
12:42,99.9934,99.9934,99.9107,99.9107,986
12:43,99.9432,99.9934,99.9432,99.9934,661
12:44,99.9783,99.9783,99.9432,99.9432,1204
12:45,99.9943,99.9943,99.9783,99.9783,941
12:46,100.0121,100.0121,99.9943,99.9943,1315
12:47,100.0651,100.0651,100.0121,100.0121,1339
12:48,100.0347,100.0651,100.0347,100.0651,2153
12:49,100.0987,100.0987,100.0347,100.0347,1606
12:50,99.986,100.0987,99.986,100.0987,877
12:51,100.165,100.165,99.986,99.986,919
12:52,100.2401,100.2401,100.165,100.165,1477
12:53,100.2531,100.2531,100.2401,100.2401,1261
12:54,100.2622,100.2622,100.2531,100.2531,1255
12:55,100.1938,100.2622,100.1938,100.2622,564
12:56,100.3494,100.3494,100.1938,100.1938,991
12:57,100.3561,100.3561,100.3494,100.3494,770
12:58,100.3623,100.3623,100.3561,100.3561,1104
12:59,100.327,100.3623,100.327,100.3623,966
13:00,100.4074,100.4074,100.327,100.327,1381
13:01,100.3269,100.4074,100.3269,100.4074,1119
13:02,100.2666,100.3269,100.2666,100.3269,1321
13:03,100.2144,100.2666,100.2144,100.2666,848
13:04,100.0757,100.2144,100.0757,100.2144,715
13:05,100.085,100.085,100.0757,100.0757,865
13:06,100.148,100.148,100.085,100.085,994
13:07,100.1883,100.1883,100.148,100.148,1144
13:08,100.3039,100.3039,100.1883,100.1883,2228
13:09,100.4273,100.4273,100.3039,100.3039,985
13:10,100.5866,100.5866,100.4273,100.4273,713
13:11,100.5661,100.5866,100.5661,100.5866,885
13:12,100.4996,100.5661,100.4996,100.5661,848
13:13,100.3924,100.4996,100.3924,100.4996,1186
13:14,100.3532,100.3924,100.3532,100.3924,579
13:15,100.2968,100.3532,100.2968,100.3532,1023
13:16,100.2462,100.2968,100.2462,100.2968,1057
13:17,100.3704,100.3704,100.2462,100.2462,1086
13:18,100.3359,100.3704,100.3359,100.3704,809
13:19,100.1606,100.3359,100.1606,100.3359,919
13:20,100.1197,100.1606,100.1197,100.1606,604
13:21,100.0268,100.1197,100.0268,100.1197,840
13:22,100.0241,100.0268,100.0241,100.0268,825
13:23,100.1242,100.1242,100.0241,100.0241,1159
13:24,100.1833,100.1833,100.1242,100.1242,664
13:25,100.2532,100.2532,100.1833,100.1833,1319
13:26,100.3669,100.3669,100.2532,100.2532,1699
13:27,100.3836,100.3836,100.3669,100.3669,480
13:28,100.3435,100.3836,100.3435,100.3836,1163
13:29,100.3766,100.3766,100.3435,100.3435,1271
13:30,100.372,100.3766,100.372,100.3766,798
13:31,100.4098,100.4098,100.372,100.372,869
13:32,100.4184,100.4184,100.4098,100.4098,954
13:33,100.3952,100.4184,100.3952,100.4184,900
13:34,100.1965,100.3952,100.1965,100.3952,896
13:35,100.2801,100.2801,100.1965,100.1965,552
13:36,100.1757,100.2801,100.1757,100.2801,1505
13:37,100.2762,100.2762,100.1757,100.1757,1466
13:38,100.1912,100.2762,100.1912,100.2762,750
13:39,100.2735,100.2735,100.1912,100.1912,595
13:40,100.4006,100.4006,100.2735,100.2735,1203
13:41,100.4311,100.4311,100.4006,100.4006,815
13:42,100.4202,100.4311,100.4202,100.4311,1052
13:43,100.4256,100.4256,100.4202,100.4202,893
13:44,100.5241,100.5241,100.4256,100.4256,1278
13:45,100.5059,100.5241,100.5059,100.5241,1279
13:46,100.5261,100.5261,100.5059,100.5059,773
13:47,100.6553,100.6553,100.5261,100.5261,612
13:48,100.6836,100.6836,100.6553,100.6553,571
13:49,100.672,100.6836,100.672,100.6836,1242
13:50,100.5489,100.672,100.5489,100.672,656
13:51,100.5666,100.5666,100.5489,100.5489,836
13:52,100.7319,100.7319,100.5666,100.5666,809
13:53,100.7257,100.7319,100.7257,100.7319,982
13:54,100.7553,100.7553,100.7257,100.7257,503
13:55,100.75,100.7553,100.75,100.7553,1069
13:56,100.5009,100.75,100.5009,100.75,1204
13:57,100.4944,100.5009,100.4944,100.5009,1032
13:58,100.5329,100.5329,100.4944,100.4944,896
13:59,100.5364,100.5364,100.5329,100.5329,1035
14:00,100.597,100.597,100.5364,100.5364,1152
14:01,100.6628,100.6628,100.597,100.597,374
14:02,100.8309,100.8309,100.6628,100.6628,2000
14:03,100.8526,100.8526,100.8309,100.8309,1148
14:04,101.045,101.045,100.8526,100.8526,794
14:05,101.1515,101.1515,101.045,101.045,871
14:06,101.175,101.175,101.1515,101.1515,1191
14:07,101.0805,101.175,101.0805,101.175,960
14:08,100.9445,101.0805,100.9445,101.0805,487
14:09,101.0479,101.0479,100.9445,100.9445,2079
14:10,101.081,101.081,101.0479,101.0479,962
14:11,101.2611,101.2611,101.081,101.081,1436
14:12,101.1093,101.2611,101.1093,101.2611,782
14:13,100.974,101.1093,100.974,101.1093,1724
14:14,100.8849,100.974,100.8849,100.974,1107
14:15,100.8802,100.8849,100.8802,100.8849,1241
14:16,100.7651,100.8802,100.7651,100.8802,690
14:17,100.7713,100.7713,100.7651,100.7651,1536
14:18,100.6251,100.7713,100.6251,100.7713,1277
14:19,100.5554,100.6251,100.5554,100.6251,1586
14:20,100.5293,100.5554,100.5293,100.5554,800
14:21,100.5932,100.5932,100.5293,100.5293,843
14:22,100.616,100.616,100.5932,100.5932,2263
14:23,100.6146,100.616,100.6146,100.616,687
14:24,100.5887,100.6146,100.5887,100.6146,953
14:25,100.4657,100.5887,100.4657,100.5887,1496
14:26,100.4131,100.4657,100.4131,100.4657,1035
14:27,100.519,100.519,100.4131,100.4131,1230
14:28,100.5204,100.5204,100.519,100.519,868
14:29,100.5256,100.5256,100.5204,100.5204,1140
14:30,100.5457,100.5457,100.5256,100.5256,629
14:31,100.5071,100.5457,100.5071,100.5457,1800
14:32,100.5431,100.5431,100.5071,100.5071,959
14:33,100.418,100.5431,100.418,100.5431,786
14:34,100.3923,100.418,100.3923,100.418,1267
14:35,100.3258,100.3923,100.3258,100.3923,849
14:36,100.2003,100.3258,100.2003,100.3258,623
14:37,100.3094,100.3094,100.2003,100.2003,620
14:38,100.317,100.317,100.3094,100.3094,1279
14:39,100.3707,100.3707,100.317,100.317,945
14:40,100.4081,100.4081,100.3707,100.3707,954
14:41,100.1791,100.4081,100.1791,100.4081,1466
14:42,100.1041,100.1791,100.1041,100.1791,671
14:43,100.0968,100.1041,100.0968,100.1041,772
14:44,100.2311,100.2311,100.0968,100.0968,873
14:45,100.2487,100.2487,100.2311,100.2311,1035
14:46,100.2342,100.2487,100.2342,100.2487,986
14:47,100.3567,100.3567,100.2342,100.2342,904
14:48,100.2641,100.3567,100.2641,100.3567,979
14:49,100.1943,100.2641,100.1943,100.2641,964
14:50,100.1014,100.1943,100.1014,100.1943,776
14:51,100.0758,100.1014,100.0758,100.1014,751
14:52,100.0663,100.0758,100.0663,100.0758,1104
14:53,100.0372,100.0663,100.0372,100.0663,731
14:54,100.0318,100.0372,100.0318,100.0372,665
14:55,99.9867,100.0318,99.9867,100.0318,898
14:56,100.1243,100.1243,99.9867,99.9867,949
14:57,100.2546,100.2546,100.1243,100.1243,2234
14:58,100.2114,100.2546,100.2114,100.2546,782
14:59,100.2626,100.2626,100.2114,100.2114,1404
15:00,100.2477,100.2626,100.2477,100.2626,1311
15:01,100.2478,100.2478,100.2477,100.2477,660
15:02,100.1258,100.2478,100.1258,100.2478,1326
15:03,100.0684,100.1258,100.0684,100.1258,663
15:04,100.1579,100.1579,100.0684,100.0684,394
15:05,100.2877,100.2877,100.1579,100.1579,1255
15:06,100.297,100.297,100.2877,100.2877,544
15:07,100.334,100.334,100.297,100.297,1192
15:08,100.3274,100.334,100.3274,100.334,799
15:09,100.4394,100.4394,100.3274,100.3274,1839
15:10,100.4049,100.4394,100.4049,100.4394,1496
15:11,100.3398,100.4049,100.3398,100.4049,875
15:12,100.3064,100.3398,100.3064,100.3398,808
15:13,100.3653,100.3653,100.3064,100.3064,674
15:14,100.4507,100.4507,100.3653,100.3653,891
15:15,100.6339,100.6339,100.4507,100.4507,948
15:16,100.5166,100.6339,100.5166,100.6339,926
15:17,100.589,100.589,100.5166,100.5166,1122
15:18,100.6113,100.6113,100.589,100.589,1314
15:19,100.456,100.6113,100.456,100.6113,1223
15:20,100.5194,100.5194,100.456,100.456,832
15:21,100.4603,100.5194,100.4603,100.5194,663
15:22,100.4163,100.4603,100.4163,100.4603,1813
15:23,100.4122,100.4163,100.4122,100.4163,888
15:24,100.396,100.4122,100.396,100.4122,914
15:25,100.3252,100.396,100.3252,100.396,974
15:26,100.3433,100.3433,100.3252,100.3252,622
15:27,100.3302,100.3433,100.3302,100.3433,1030
15:28,100.3867,100.3867,100.3302,100.3302,1054
15:29,100.2946,100.3867,100.2946,100.3867,1597
15:30,100.3163,100.3163,100.2946,100.2946,1689
15:31,100.3602,100.3602,100.3163,100.3163,1361
15:32,100.3701,100.3701,100.3602,100.3602,1956
15:33,100.4541,100.4541,100.3701,100.3701,1643
15:34,100.5236,100.5236,100.4541,100.4541,1506
15:35,100.5566,100.5566,100.5236,100.5236,1671
15:36,100.661,100.661,100.5566,100.5566,1543
15:37,100.6807,100.6807,100.661,100.661,1505
15:38,100.7421,100.7421,100.6807,100.6807,1656
15:39,100.7359,100.7421,100.7359,100.7421,1288
15:40,100.7144,100.7359,100.7144,100.7359,2246
15:41,100.7621,100.7621,100.7144,100.7144,1518
15:42,100.7649,100.7649,100.7621,100.7621,3096
15:43,100.7287,100.7649,100.7287,100.7649,2244
15:44,100.7869,100.7869,100.7287,100.7287,2671
15:45,100.7637,100.7869,100.7637,100.7869,3354
15:46,100.6872,100.7637,100.6872,100.7637,3804
15:47,100.6935,100.6935,100.6872,100.6872,1871
15:48,100.641,100.6935,100.641,100.6935,3277
15:49,100.5446,100.641,100.5446,100.641,5216
15:50,100.5986,100.5986,100.5446,100.5446,2268
15:51,100.4801,100.5986,100.4801,100.5986,5160
15:52,100.3319,100.4801,100.3319,100.4801,2200
15:53,100.4113,100.4113,100.3319,100.3319,3711
15:54,100.3433,100.4113,100.3433,100.4113,5897
15:55,100.3617,100.3617,100.3433,100.3433,3531
15:56,100.3994,100.3994,100.3617,100.3617,4898
15:57,100.3316,100.3994,100.3316,100.3994,4511
15:58,100.3071,100.3316,100.3071,100.3316,14929
15:59,100.2563,100.3071,100.2563,100.3071,9667
