Time,Close,High,Low,Open,Volume
09:30,100.0773,100.1327,100.0773,100.1327,18689
09:31,99.9022,100.0773,99.9022,100.0773,10511
09:32,99.8623,99.9022,99.8623,99.9022,11775
09:33,99.7489,99.8623,99.7489,99.8623,16820
09:34,99.8063,99.8063,99.7489,99.7489,13466
09:35,99.7931,99.8063,99.7931,99.8063,4493
09:36,99.8439,99.8439,99.7931,99.7931,8147
09:37,99.9218,99.9218,99.8439,99.8439,5054
09:38,99.8169,99.9218,99.8169,99.9218,4718
09:39,99.8922,99.8922,99.8169,99.8169,5203
09:40,99.8482,99.8922,99.8482,99.8922,4357
09:41,99.782,99.8482,99.782,99.8482,6393
09:42,99.7648,99.782,99.7648,99.782,4619
09:43,99.7317,99.7648,99.7317,99.7648,3408
09:44,99.6814,99.7317,99.6814,99.7317,3544
09:45,99.5851,99.6814,99.5851,99.6814,3169
09:46,99.5666,99.5851,99.5666,99.5851,4457
09:47,99.5429,99.5666,99.5429,99.5666,2280
09:48,99.408,99.5429,99.408,99.5429,2567
09:49,99.3743,99.408,99.3743,99.408,1594
09:50,99.3976,99.3976,99.3743,99.3743,823
09:51,99.4884,99.4884,99.3976,99.3976,2423
09:52,99.4843,99.4884,99.4843,99.4884,2474
09:53,99.5779,99.5779,99.4843,99.4843,1331
09:54,99.5311,99.5779,99.5311,99.5779,3691
09:55,99.4247,99.5311,99.4247,99.5311,943
09:56,99.3981,99.4247,99.3981,99.4247,1539
09:57,99.3315,99.3981,99.3315,99.3981,1363
09:58,99.3929,99.3929,99.3315,99.3315,2420
09:59,99.3341,99.3929,99.3341,99.3929,2289
10:00,99.4129,99.4129,99.3341,99.3341,1393
10:01,99.4606,99.4606,99.4129,99.4129,1466
10:02,99.4556,99.4606,99.4556,99.4606,912
10:03,99.6313,99.6313,99.4556,99.4556,605
10:04,99.6034,99.6313,99.6034,99.6313,1056
10:05,99.5808,99.6034,99.5808,99.6034,1239
10:06,99.6487,99.6487,99.5808,99.5808,1782
10:07,99.669,99.669,99.6487,99.6487,1736
10:08,99.7399,99.7399,99.669,99.669,974
10:09,99.7274,99.7399,99.7274,99.7399,992
10:10,99.7828,99.7828,99.7274,99.7274,752
10:11,99.8114,99.8114,99.7828,99.7828,653
10:12,99.8018,99.8114,99.8018,99.8114,585
10:13,99.8398,99.8398,99.8018,99.8018,2120
10:14,99.8291,99.8398,99.8291,99.8398,880
10:15,99.6704,99.8291,99.6704,99.8291,897
10:16,99.5593,99.6704,99.5593,99.6704,668
10:17,99.6277,99.6277,99.5593,99.5593,1365
10:18,99.7598,99.7598,99.6277,99.6277,582
10:19,99.8098,99.8098,99.7598,99.7598,953
10:20,99.8016,99.8098,99.8016,99.8098,746
10:21,99.6919,99.8016,99.6919,99.8016,1171
10:22,99.7821,99.7821,99.6919,99.6919,850
10:23,99.8287,99.8287,99.7821,99.7821,668
10:24,99.6982,99.8287,99.6982,99.8287,1004
10:25,99.761,99.761,99.6982,99.6982,1178
10:26,99.7806,99.7806,99.761,99.761,1034
10:27,99.9376,99.9376,99.7806,99.7806,1123
10:28,99.9211,99.9376,99.9211,99.9376,805
10:29,99.813,99.9211,99.813,99.9211,885
10:30,99.7065,99.813,99.7065,99.813,792
10:31,99.798,99.798,99.7065,99.7065,885
10:32,99.8542,99.8542,99.798,99.798,753
10:33,99.713,99.8542,99.713,99.8542,544
10:34,99.7796,99.7796,99.713,99.713,1068
10:35,99.8452,99.8452,99.7796,99.7796,870
10:36,99.925,99.925,99.8452,99.8452,562
10:37,100.0399,100.0399,99.925,99.925,1181
10:38,100.137,100.137,100.0399,100.0399,726
10:39,100.0872,100.137,100.0872,100.137,1020
10:40,100.1245,100.1245,100.0872,100.0872,1297
10:41,100.0279,100.1245,100.0279,100.1245,1048
10:42,99.9516,100.0279,99.9516,100.0279,1499
10:43,100.07,100.07,99.9516,99.9516,646
10:44,100.0038,100.07,100.0038,100.07,1154
10:45,99.999,100.0038,99.999,100.0038,785
10:46,100.1025,100.1025,99.999,99.999,735
10:47,100.1388,100.1388,100.1025,100.1025,815
10:48,100.2749,100.2749,100.1388,100.1388,896
10:49,100.3246,100.3246,100.2749,100.2749,1020
10:50,100.3057,100.3246,100.3057,100.3246,662
10:51,100.1966,100.3057,100.1966,100.3057,1376
10:52,100.1947,100.1966,100.1947,100.1966,1180
10:53,100.2112,100.2112,100.1947,100.1947,580
10:54,100.2119,100.2119,100.2112,100.2112,1695
10:55,100.3414,100.3414,100.2119,100.2119,1958
10:56,100.2717,100.3414,100.2717,100.3414,1519
10:57,100.3367,100.3367,100.2717,100.2717,938
10:58,100.2651,100.3367,100.2651,100.3367,684
10:59,100.3357,100.3357,100.2651,100.2651,1453
11:00,100.3673,100.3673,100.3357,100.3357,867
11:01,100.3625,100.3673,100.3625,100.3673,1542
11:02,100.2922,100.3625,100.2922,100.3625,1077
11:03,100.3886,100.3886,100.2922,100.2922,1414
11:04,100.4551,100.4551,100.3886,100.3886,1135
11:05,100.4305,100.4551,100.4305,100.4551,1285
11:06,100.3652,100.4305,100.3652,100.4305,1004
11:07,100.1997,100.3652,100.1997,100.3652,1883
11:08,100.2083,100.2083,100.1997,100.1997,1046
11:09,100.2313,100.2313,100.2083,100.2083,1153
11:10,100.2848,100.2848,100.2313,100.2313,1949
11:11,100.2809,100.2848,100.2809,100.2848,620
11:12,100.3039,100.3039,100.2809,100.2809,637
11:13,100.2129,100.3039,100.2129,100.3039,1410
11:14,100.1345,100.2129,100.1345,100.2129,660
11:15,100.1925,100.1925,100.1345,100.1345,1992
11:16,100.3161,100.3161,100.1925,100.1925,864
11:17,100.2898,100.3161,100.2898,100.3161,767
11:18,100.3694,100.3694,100.2898,100.2898,1977
11:19,100.2953,100.3694,100.2953,100.3694,1690
11:20,100.3739,100.3739,100.2953,100.2953,1939
11:21,100.4398,100.4398,100.3739,100.3739,1379
11:22,100.2901,100.4398,100.2901,100.4398,737
11:23,100.2772,100.2901,100.2772,100.2901,1968
11:24,100.1433,100.2772,100.1433,100.2772,909
11:25,100.0112,100.1433,100.0112,100.1433,1329
11:26,99.8327,100.0112,99.8327,100.0112,1399
11:27,99.8215,99.8327,99.8215,99.8327,947
11:28,99.8135,99.8215,99.8135,99.8215,1243
11:29,99.7091,99.8135,99.7091,99.8135,1387
11:30,99.6802,99.7091,99.6802,99.7091,1143
11:31,99.6918,99.6918,99.6802,99.6802,677
11:32,99.7482,99.7482,99.6918,99.6918,1112
11:33,99.7414,99.7482,99.7414,99.7482,1600
11:34,99.7958,99.7958,99.7414,99.7414,782
11:35,99.7994,99.7994,99.7958,99.7958,948
11:36,99.7027,99.7994,99.7027,99.7994,857
11:37,99.76,99.76,99.7027,99.7027,1926
11:38,99.8329,99.8329,99.76,99.76,1269
11:39,99.8384,99.8384,99.8329,99.8329,1155
11:40,99.9118,99.9118,99.8384,99.8384,761
11:41,100.1302,100.1302,99.9118,99.9118,1211
11:42,100.1957,100.1957,100.1302,100.1302,787
11:43,100.227,100.227,100.1957,100.1957,1011
11:44,100.3382,100.3382,100.227,100.227,798
11:45,100.4,100.4,100.3382,100.3382,1271
11:46,100.4756,100.4756,100.4,100.4,1227
11:47,100.6024,100.6024,100.4756,100.4756,929
11:48,100.6764,100.6764,100.6024,100.6024,1151
11:49,100.4998,100.6764,100.4998,100.6764,679
11:50,100.5381,100.5381,100.4998,100.4998,589
11:51,100.4718,100.5381,100.4718,100.5381,1169
11:52,100.4242,100.4718,100.4242,100.4718,1061
11:53,100.4525,100.4525,100.4242,100.4242,1252
11:54,100.4613,100.4613,100.4525,100.4525,2328
11:55,100.4748,100.4748,100.4613,100.4613,1398
11:56,100.3792,100.4748,100.3792,100.4748,724
11:57,100.4082,100.4082,100.3792,100.3792,1486
11:58,100.3588,100.4082,100.3588,100.4082,627
11:59,100.4403,100.4403,100.3588,100.3588,849
12:00,100.4752,100.4752,100.4403,100.4403,976
12:01,100.578,100.578,100.4752,100.4752,1836
12:02,100.4679,100.578,100.4679,100.578,768
12:03,100.4205,100.4679,100.4205,100.4679,746
12:04,100.4415,100.4415,100.4205,100.4205,966
12:05,100.4998,100.4998,100.4415,100.4415,790
12:06,100.4461,100.4998,100.4461,100.4998,1491
12:07,100.3054,100.4461,100.3054,100.4461,682
12:08,100.2562,100.3054,100.2562,100.3054,666
12:09,100.3355,100.3355,100.2562,100.2562,856
12:10,100.4191,100.4191,100.3355,100.3355,838
12:11,100.455,100.455,100.4191,100.4191,1982
12:12,100.4776,100.4776,100.455,100.455,1400
12:13,100.5618,100.5618,100.4776,100.4776,1032
12:14,100.5525,100.5618,100.5525,100.5618,648
12:15,100.6021,100.6021,100.5525,100.5525,1349
12:16,100.497,100.6021,100.497,100.6021,701
12:17,100.5234,100.5234,100.497,100.497,578
12:18,100.5025,100.5234,100.5025,100.5234,1524
12:19,100.5198,100.5198,100.5025,100.5025,1119
12:20,100.6179,100.6179,100.5198,100.5198,1386
12:21,100.6048,100.6179,100.6048,100.6179,1120
12:22,100.6004,100.6048,100.6004,100.6048,1355
12:23,100.7662,100.7662,100.6004,100.6004,794
12:24,100.6971,100.7662,100.6971,100.7662,693
12:25,100.7344,100.7344,100.6971,100.6971,1273
12:26,100.6442,100.7344,100.6442,100.7344,752
12:27,100.703,100.703,100.6442,100.6442,783
12:28,100.6887,100.703,100.6887,100.703,851
12:29,100.7118,100.7118,100.6887,100.6887,1006
12:30,100.6492,100.7118,100.6492,100.7118,882
12:31,100.6945,100.6945,100.6492,100.6492,614
12:32,100.7234,100.7234,100.6945,100.6945,796
12:33,100.5931,100.7234,100.5931,100.7234,455
12:34,100.6109,100.6109,100.5931,100.5931,1248
12:35,100.7193,100.7193,100.6109,100.6109,567
12:36,100.8083,100.8083,100.7193,100.7193,676
12:37,100.9221,100.9221,100.8083,100.8083,1019
12:38,100.9321,100.9321,100.9221,100.9221,769
12:39,100.9103,100.9321,100.9103,100.9321,1728
12:40,100.8899,100.9103,100.8899,100.9103,632
12:41,100.9274,100.9274,100.8899,100.8899,1099
12:42,100.9739,100.9739,100.9274,100.9274,986
12:43,100.8369,100.9739,100.8369,100.9739,661
12:44,100.6926,100.8369,100.6926,100.8369,1204
12:45,100.7762,100.7762,100.6926,100.6926,941
12:46,100.8274,100.8274,100.7762,100.7762,1315
12:47,100.904,100.904,100.8274,100.8274,1339
12:48,100.7627,100.904,100.7627,100.904,2153
12:49,100.9144,100.9144,100.7627,100.7627,1606
12:50,100.891,100.9144,100.891,100.9144,877
12:51,100.8814,100.891,100.8814,100.891,919
12:52,100.7739,100.8814,100.7739,100.8814,1477
12:53,100.6068,100.7739,100.6068,100.7739,1261
12:54,100.62,100.62,100.6068,100.6068,1255
12:55,100.5346,100.62,100.5346,100.62,564
12:56,100.5954,100.5954,100.5346,100.5346,991
12:57,100.6942,100.6942,100.5954,100.5954,770
12:58,100.6206,100.6942,100.6206,100.6942,1104
12:59,100.6489,100.6489,100.6206,100.6206,966
13:00,100.5602,100.6489,100.5602,100.6489,1381
13:01,100.5871,100.5871,100.5602,100.5602,1119
13:02,100.6639,100.6639,100.5871,100.5871,1321
13:03,100.7019,100.7019,100.6639,100.6639,848
13:04,100.6272,100.7019,100.6272,100.7019,715
13:05,100.6312,100.6312,100.6272,100.6272,865
13:06,100.6828,100.6828,100.6312,100.6312,994
13:07,100.7484,100.7484,100.6828,100.6828,1144
13:08,100.7871,100.7871,100.7484,100.7484,2228
13:09,100.7191,100.7871,100.7191,100.7871,985
13:10,100.6841,100.7191,100.6841,100.7191,713
13:11,100.7625,100.7625,100.6841,100.6841,885
13:12,100.7634,100.7634,100.7625,100.7625,848
13:13,100.6512,100.7634,100.6512,100.7634,1186
13:14,100.5897,100.6512,100.5897,100.6512,579
13:15,100.5955,100.5955,100.5897,100.5897,1023
13:16,100.5458,100.5955,100.5458,100.5955,1057
13:17,100.7461,100.7461,100.5458,100.5458,1086
13:18,100.7638,100.7638,100.7461,100.7461,809
13:19,100.8171,100.8171,100.7638,100.7638,919
13:20,100.7931,100.8171,100.7931,100.8171,604
13:21,100.916,100.916,100.7931,100.7931,840
13:22,101.0161,101.0161,100.916,100.916,825
13:23,101.0105,101.0161,101.0105,101.0161,1159
13:24,101.0335,101.0335,101.0105,101.0105,664
13:25,101.0497,101.0497,101.0335,101.0335,1319
13:26,101.0902,101.0902,101.0497,101.0497,1699
13:27,101.2071,101.2071,101.0902,101.0902,480
13:28,101.2152,101.2152,101.2071,101.2071,1163
13:29,101.2012,101.2152,101.2012,101.2152,1271
13:30,100.9998,101.2012,100.9998,101.2012,798
13:31,100.8828,100.9998,100.8828,100.9998,869
13:32,100.8648,100.8828,100.8648,100.8828,954
13:33,100.7923,100.8648,100.7923,100.8648,900
13:34,100.8733,100.8733,100.7923,100.7923,896
13:35,100.8019,100.8733,100.8019,100.8733,552
13:36,100.8365,100.8365,100.8019,100.8019,1505
13:37,100.8335,100.8365,100.8335,100.8365,1466
13:38,100.8145,100.8335,100.8145,100.8335,750
13:39,100.8078,100.8145,100.8078,100.8145,595
13:40,100.7965,100.8078,100.7965,100.8078,1203
13:41,100.8962,100.8962,100.7965,100.7965,815
13:42,100.885,100.8962,100.885,100.8962,1052
13:43,100.8745,100.885,100.8745,100.885,893
13:44,100.869,100.8745,100.869,100.8745,1278
13:45,100.8627,100.869,100.8627,100.869,1279
13:46,100.9514,100.9514,100.8627,100.8627,773
13:47,100.9688,100.9688,100.9514,100.9514,612
13:48,101.048,101.048,100.9688,100.9688,571
13:49,101.072,101.072,101.048,101.048,1242
13:50,101.0694,101.072,101.0694,101.072,656
13:51,100.9551,101.0694,100.9551,101.0694,836
13:52,100.9867,100.9867,100.9551,100.9551,809
13:53,100.9795,100.9867,100.9795,100.9867,982
13:54,100.9454,100.9795,100.9454,100.9795,503
13:55,100.8798,100.9454,100.8798,100.9454,1069
13:56,100.9298,100.9298,100.8798,100.8798,1204
13:57,100.8413,100.9298,100.8413,100.9298,1032
13:58,100.8741,100.8741,100.8413,100.8413,896
13:59,100.8234,100.8741,100.8234,100.8741,1035
14:00,100.9545,100.9545,100.8234,100.8234,1152
14:01,101.0105,101.0105,100.9545,100.9545,374
14:02,100.9709,101.0105,100.9709,101.0105,2000
14:03,100.946,100.9709,100.946,100.9709,1148
14:04,100.9234,100.946,100.9234,100.946,794
14:05,100.8744,100.9234,100.8744,100.9234,871
14:06,100.9169,100.9169,100.8744,100.8744,1191
14:07,100.8629,100.9169,100.8629,100.9169,960
14:08,100.8697,100.8697,100.8629,100.8629,487
14:09,100.9054,100.9054,100.8697,100.8697,2079
14:10,100.9438,100.9438,100.9054,100.9054,962
14:11,100.8611,100.9438,100.8611,100.9438,1436
14:12,100.8471,100.8611,100.8471,100.8611,782
14:13,100.7689,100.8471,100.7689,100.8471,1724
14:14,100.739,100.7689,100.739,100.7689,1107
14:15,100.6943,100.739,100.6943,100.739,1241
14:16,100.6882,100.6943,100.6882,100.6943,690
14:17,100.6431,100.6882,100.6431,100.6882,1536
14:18,100.6071,100.6431,100.6071,100.6431,1277
14:19,100.7313,100.7313,100.6071,100.6071,1586
14:20,100.6609,100.7313,100.6609,100.7313,800
14:21,100.6383,100.6609,100.6383,100.6609,843
14:22,100.6034,100.6383,100.6034,100.6383,2263
14:23,100.684,100.684,100.6034,100.6034,687
14:24,100.6119,100.684,100.6119,100.684,953
14:25,100.6278,100.6278,100.6119,100.6119,1496
14:26,100.5878,100.6278,100.5878,100.6278,1035
14:27,100.4994,100.5878,100.4994,100.5878,1230
14:28,100.5479,100.5479,100.4994,100.4994,868
14:29,100.51,100.5479,100.51,100.5479,1140
14:30,100.6205,100.6205,100.51,100.51,629
14:31,100.5745,100.6205,100.5745,100.6205,1800
14:32,100.7005,100.7005,100.5745,100.5745,959
14:33,100.6833,100.7005,100.6833,100.7005,786
14:34,100.6745,100.6833,100.6745,100.6833,1267
14:35,100.5124,100.6745,100.5124,100.6745,849
14:36,100.6052,100.6052,100.5124,100.5124,623
14:37,100.5225,100.6052,100.5225,100.6052,620
14:38,100.5399,100.5399,100.5225,100.5225,1279
14:39,100.536,100.5399,100.536,100.5399,945
14:40,100.5353,100.536,100.5353,100.536,954
14:41,100.5898,100.5898,100.5353,100.5353,1466
14:42,100.509,100.5898,100.509,100.5898,671
14:43,100.626,100.626,100.509,100.509,772
14:44,100.7005,100.7005,100.626,100.626,873
14:45,100.6436,100.7005,100.6436,100.7005,1035
14:46,100.6618,100.6618,100.6436,100.6436,986
14:47,100.5516,100.6618,100.5516,100.6618,904
14:48,100.3573,100.5516,100.3573,100.5516,979
14:49,100.3151,100.3573,100.3151,100.3573,964
14:50,100.2982,100.3151,100.2982,100.3151,776
14:51,100.2792,100.2982,100.2792,100.2982,751
14:52,100.4366,100.4366,100.2792,100.2792,1104
14:53,100.2749,100.4366,100.2749,100.4366,731
14:54,100.2577,100.2749,100.2577,100.2749,665
14:55,100.2342,100.2577,100.2342,100.2577,898
14:56,100.196,100.2342,100.196,100.2342,949
14:57,100.2761,100.2761,100.196,100.196,2234
14:58,100.3247,100.3247,100.2761,100.2761,782
14:59,100.3404,100.3404,100.3247,100.3247,1404
15:00,100.2701,100.3404,100.2701,100.3404,1311
15:01,100.1859,100.2701,100.1859,100.2701,660
15:02,100.2628,100.2628,100.1859,100.1859,1326
15:03,100.2927,100.2927,100.2628,100.2628,663
15:04,100.256,100.2927,100.256,100.2927,394
15:05,100.4622,100.4622,100.256,100.256,1255
15:06,100.437,100.4622,100.437,100.4622,544
15:07,100.3813,100.437,100.3813,100.437,1192
15:08,100.3106,100.3813,100.3106,100.3813,799
15:09,100.2843,100.3106,100.2843,100.3106,1839
15:10,100.2317,100.2843,100.2317,100.2843,1496
15:11,100.2513,100.2513,100.2317,100.2317,875
15:12,100.353,100.353,100.2513,100.2513,808
15:13,100.3097,100.353,100.3097,100.353,674
15:14,100.3487,100.3487,100.3097,100.3097,891
15:15,100.3413,100.3487,100.3413,100.3487,948
15:16,100.2351,100.3413,100.2351,100.3413,926
15:17,100.299,100.299,100.2351,100.2351,1122
15:18,100.2216,100.299,100.2216,100.299,1314
15:19,100.2531,100.2531,100.2216,100.2216,1223
15:20,100.133,100.2531,100.133,100.2531,832
15:21,100.0649,100.133,100.0649,100.133,663
15:22,100.041,100.0649,100.041,100.0649,1813
15:23,99.9002,100.041,99.9002,100.041,888
15:24,99.9415,99.9415,99.9002,99.9002,914
15:25,99.9686,99.9686,99.9415,99.9415,974
15:26,99.9172,99.9686,99.9172,99.9686,622
15:27,99.9573,99.9573,99.9172,99.9172,1030
15:28,99.8724,99.9573,99.8724,99.9573,1054
15:29,99.8121,99.8724,99.8121,99.8724,1597
15:30,99.7381,99.8121,99.7381,99.8121,1689
15:31,99.605,99.7381,99.605,99.7381,1361
15:32,99.6611,99.6611,99.605,99.605,1956
15:33,99.6885,99.6885,99.6611,99.6611,1643
15:34,99.685,99.6885,99.685,99.6885,1506
15:35,99.636,99.685,99.636,99.685,1671
15:36,99.6496,99.6496,99.636,99.636,1543
15:37,99.5956,99.6496,99.5956,99.6496,1505
15:38,99.4378,99.5956,99.4378,99.5956,1656
15:39,99.3959,99.4378,99.3959,99.4378,1288
15:40,99.4031,99.4031,99.3959,99.3959,2246
15:41,99.4495,99.4495,99.4031,99.4031,1518
15:42,99.4982,99.4982,99.4495,99.4495,3096
15:43,99.4689,99.4982,99.4689,99.4982,2244
15:44,99.4392,99.4689,99.4392,99.4689,2671
15:45,99.4052,99.4392,99.4052,99.4392,3354
15:46,99.3512,99.4052,99.3512,99.4052,3804
15:47,99.3392,99.3512,99.3392,99.3512,1871
15:48,99.3568,99.3568,99.3392,99.3392,3277
15:49,99.3444,99.3568,99.3444,99.3568,5216
15:50,99.4286,99.4286,99.3444,99.3444,2268
15:51,99.4411,99.4411,99.4286,99.4286,5160
15:52,99.4579,99.4579,99.4411,99.4411,2200
15:53,99.3551,99.4579,99.3551,99.4579,3711
15:54,99.3113,99.3551,99.3113,99.3551,5897
15:55,99.2761,99.3113,99.2761,99.3113,3531
15:56,99.2455,99.2761,99.2455,99.2761,4898
15:57,99.3228,99.3228,99.2455,99.2455,4511
15:58,99.4576,99.4576,99.3228,99.3228,14929
15:59,99.3065,99.4576,99.3065,99.4576,9667
