Time,Close,High,Low,Open,Volume
09:30,99.6939,99.7128,99.6939,99.7128,18689
09:31,99.7092,99.7092,99.6939,99.6939,10511
09:32,99.9351,99.9351,99.7092,99.7092,11775
09:33,99.4955,99.9351,99.4955,99.9351,16820
09:34,99.4905,99.4955,99.4905,99.4955,13466
09:35,99.4493,99.4905,99.4493,99.4905,4493
09:36,99.6461,99.6461,99.4493,99.4493,8147
09:37,99.7468,99.7468,99.6461,99.6461,5054
09:38,99.8698,99.8698,99.7468,99.7468,4718
09:39,99.9108,99.9108,99.8698,99.8698,5203
09:40,99.6526,99.9108,99.6526,99.9108,4357
09:41,99.5112,99.6526,99.5112,99.6526,6393
09:42,99.5042,99.5112,99.5042,99.5112,4619
09:43,99.6318,99.6318,99.5042,99.5042,3408
09:44,99.5625,99.6318,99.5625,99.6318,3544
09:45,99.638,99.638,99.5625,99.5625,3169
09:46,99.9137,99.9137,99.638,99.638,4457
09:47,100.2147,100.2147,99.9137,99.9137,2280
09:48,100.4967,100.4967,100.2147,100.2147,2567
09:49,100.4174,100.4967,100.4174,100.4967,1594
09:50,100.5688,100.5688,100.4174,100.4174,823
09:51,100.4793,100.5688,100.4793,100.5688,2423
09:52,100.4432,100.4793,100.4432,100.4793,2474
09:53,100.3474,100.4432,100.3474,100.4432,1331
09:54,100.4694,100.4694,100.3474,100.3474,3691
09:55,100.4379,100.4694,100.4379,100.4694,943
09:56,100.5241,100.5241,100.4379,100.4379,1539
09:57,100.3952,100.5241,100.3952,100.5241,1363
09:58,100.3674,100.3952,100.3674,100.3952,2420
09:59,100.1535,100.3674,100.1535,100.3674,2289
10:00,100.0738,100.1535,100.0738,100.1535,1393
10:01,100.0729,100.0738,100.0729,100.0738,1466
10:02,99.8876,100.0729,99.8876,100.0729,912
10:03,100.0318,100.0318,99.8876,99.8876,605
10:04,100.1008,100.1008,100.0318,100.0318,1056
10:05,100.0912,100.1008,100.0912,100.1008,1239
10:06,100.0878,100.0912,100.0878,100.0912,1782
10:07,100.1388,100.1388,100.0878,100.0878,1736
10:08,100.1769,100.1769,100.1388,100.1388,974
10:09,99.8889,100.1769,99.8889,100.1769,992
10:10,99.7015,99.8889,99.7015,99.8889,752
10:11,99.7253,99.7253,99.7015,99.7015,653
10:12,99.8337,99.8337,99.7253,99.7253,585
10:13,99.9614,99.9614,99.8337,99.8337,2120
10:14,100.2432,100.2432,99.9614,99.9614,880
10:15,100.5305,100.5305,100.2432,100.2432,897
10:16,100.4751,100.5305,100.4751,100.5305,668
10:17,100.879,100.879,100.4751,100.4751,1365
10:18,100.6491,100.879,100.6491,100.879,582
10:19,100.7549,100.7549,100.6491,100.6491,953
10:20,100.859,100.859,100.7549,100.7549,746
10:21,100.8144,100.859,100.8144,100.859,1171
10:22,100.9017,100.9017,100.8144,100.8144,850
10:23,100.8812,100.9017,100.8812,100.9017,668
10:24,101.0427,101.0427,100.8812,100.8812,1004
10:25,100.9156,101.0427,100.9156,101.0427,1178
10:26,100.9849,100.9849,100.9156,100.9156,1034
10:27,100.9668,100.9849,100.9668,100.9849,1123
10:28,100.971,100.971,100.9668,100.9668,805
10:29,100.9091,100.971,100.9091,100.971,885
10:30,101.0057,101.0057,100.9091,100.9091,792
10:31,100.9262,101.0057,100.9262,101.0057,885
10:32,100.5487,100.9262,100.5487,100.9262,753
10:33,100.4546,100.5487,100.4546,100.5487,544
10:34,100.4712,100.4712,100.4546,100.4546,1068
10:35,100.6565,100.6565,100.4712,100.4712,870
10:36,100.8015,100.8015,100.6565,100.6565,562
10:37,100.8658,100.8658,100.8015,100.8015,1181
10:38,100.5499,100.8658,100.5499,100.8658,726
10:39,100.3047,100.5499,100.3047,100.5499,1020
10:40,100.1271,100.3047,100.1271,100.3047,1297
10:41,99.8714,100.1271,99.8714,100.1271,1048
10:42,100.137,100.137,99.8714,99.8714,1499
10:43,100.0459,100.137,100.0459,100.137,646
10:44,100.129,100.129,100.0459,100.0459,1154
10:45,100.4522,100.4522,100.129,100.129,785
10:46,100.4563,100.4563,100.4522,100.4522,735
10:47,100.3355,100.4563,100.3355,100.4563,815
10:48,100.2816,100.3355,100.2816,100.3355,896
10:49,100.2828,100.2828,100.2816,100.2816,1020
10:50,100.2395,100.2828,100.2395,100.2828,662
10:51,100.3714,100.3714,100.2395,100.2395,1376
10:52,100.1785,100.3714,100.1785,100.3714,1180
10:53,100.0749,100.1785,100.0749,100.1785,580
10:54,100.1639,100.1639,100.0749,100.0749,1695
10:55,100.4419,100.4419,100.1639,100.1639,1958
10:56,100.5983,100.5983,100.4419,100.4419,1519
10:57,100.6927,100.6927,100.5983,100.5983,938
10:58,100.4807,100.6927,100.4807,100.6927,684
10:59,100.4448,100.4807,100.4448,100.4807,1453
11:00,100.3398,100.4448,100.3398,100.4448,867
11:01,100.5102,100.5102,100.3398,100.3398,1542
11:02,100.6247,100.6247,100.5102,100.5102,1077
11:03,100.9221,100.9221,100.6247,100.6247,1414
11:04,100.7968,100.9221,100.7968,100.9221,1135
11:05,101.0713,101.0713,100.7968,100.7968,1285
11:06,100.8901,101.0713,100.8901,101.0713,1004
11:07,100.9947,100.9947,100.8901,100.8901,1883
11:08,100.9153,100.9947,100.9153,100.9947,1046
11:09,100.5729,100.9153,100.5729,100.9153,1153
11:10,100.9959,100.9959,100.5729,100.5729,1949
11:11,100.7523,100.9959,100.7523,100.9959,620
11:12,100.6969,100.7523,100.6969,100.7523,637
11:13,100.7548,100.7548,100.6969,100.6969,1410
11:14,100.7106,100.7548,100.7106,100.7548,660
11:15,100.6898,100.7106,100.6898,100.7106,1992
11:16,100.8921,100.8921,100.6898,100.6898,864
11:17,100.8144,100.8921,100.8144,100.8921,767
11:18,100.8799,100.8799,100.8144,100.8144,1977
11:19,101.0,101.0,100.8799,100.8799,1690
11:20,100.9688,101.0,100.9688,101.0,1939
11:21,100.7398,100.9688,100.7398,100.9688,1379
11:22,100.744,100.744,100.7398,100.7398,737
11:23,100.6129,100.744,100.6129,100.744,1968
11:24,100.5235,100.6129,100.5235,100.6129,909
11:25,100.5355,100.5355,100.5235,100.5235,1329
11:26,100.2531,100.5355,100.2531,100.5355,1399
11:27,100.1761,100.2531,100.1761,100.2531,947
11:28,100.0705,100.1761,100.0705,100.1761,1243
11:29,100.3132,100.3132,100.0705,100.0705,1387
11:30,100.3694,100.3694,100.3132,100.3132,1143
11:31,100.3842,100.3842,100.3694,100.3694,677
11:32,100.4371,100.4371,100.3842,100.3842,1112
11:33,100.3672,100.4371,100.3672,100.4371,1600
11:34,100.1282,100.3672,100.1282,100.3672,782
11:35,100.1189,100.1282,100.1189,100.1282,948
11:36,100.3654,100.3654,100.1189,100.1189,857
11:37,99.9868,100.3654,99.9868,100.3654,1926
11:38,99.7623,99.9868,99.7623,99.9868,1269
11:39,99.9157,99.9157,99.7623,99.7623,1155
11:40,99.7799,99.9157,99.7799,99.9157,761
11:41,99.7771,99.7799,99.7771,99.7799,1211
11:42,99.8943,99.8943,99.7771,99.7771,787
11:43,99.8591,99.8943,99.8591,99.8943,1011
11:44,99.9221,99.9221,99.8591,99.8591,798
11:45,100.018,100.018,99.9221,99.9221,1271
11:46,99.8815,100.018,99.8815,100.018,1227
11:47,99.7964,99.8815,99.7964,99.8815,929
11:48,99.6983,99.7964,99.6983,99.7964,1151
11:49,99.6879,99.6983,99.6879,99.6983,679
11:50,99.6726,99.6879,99.6726,99.6879,589
11:51,99.7158,99.7158,99.6726,99.6726,1169
11:52,99.5992,99.7158,99.5992,99.7158,1061
11:53,99.7018,99.7018,99.5992,99.5992,1252
11:54,99.7125,99.7125,99.7018,99.7018,2328
11:55,99.6529,99.7125,99.6529,99.7125,1398
11:56,99.6632,99.6632,99.6529,99.6529,724
11:57,99.9025,99.9025,99.6632,99.6632,1486
11:58,100.028,100.028,99.9025,99.9025,627
11:59,100.2772,100.2772,100.028,100.028,849
12:00,100.0658,100.2772,100.0658,100.2772,976
12:01,100.2422,100.2422,100.0658,100.0658,1836
12:02,100.0953,100.2422,100.0953,100.2422,768
12:03,99.9937,100.0953,99.9937,100.0953,746
12:04,100.0155,100.0155,99.9937,99.9937,966
12:05,99.9003,100.0155,99.9003,100.0155,790
12:06,99.7712,99.9003,99.7712,99.9003,1491
12:07,99.6143,99.7712,99.6143,99.7712,682
12:08,99.7986,99.7986,99.6143,99.6143,666
12:09,99.7928,99.7986,99.7928,99.7986,856
12:10,99.9937,99.9937,99.7928,99.7928,838
12:11,99.9959,99.9959,99.9937,99.9937,1982
12:12,100.0965,100.0965,99.9959,99.9959,1400
12:13,99.9901,100.0965,99.9901,100.0965,1032
12:14,100.1553,100.1553,99.9901,99.9901,648
12:15,100.2284,100.2284,100.1553,100.1553,1349
12:16,100.1697,100.2284,100.1697,100.2284,701
12:17,100.366,100.366,100.1697,100.1697,578
12:18,100.485,100.485,100.366,100.366,1524
12:19,100.3945,100.485,100.3945,100.485,1119
12:20,100.1359,100.3945,100.1359,100.3945,1386
12:21,100.0469,100.1359,100.0469,100.1359,1120
12:22,99.9856,100.0469,99.9856,100.0469,1355
12:23,99.9455,99.9856,99.9455,99.9856,794
12:24,100.0662,100.0662,99.9455,99.9455,693
12:25,99.9827,100.0662,99.9827,100.0662,1273
12:26,99.7601,99.9827,99.7601,99.9827,752
12:27,100.1386,100.1386,99.7601,99.7601,783
12:28,100.0768,100.1386,100.0768,100.1386,851
12:29,99.9016,100.0768,99.9016,100.0768,1006
12:30,99.8338,99.9016,99.8338,99.9016,882
12:31,99.661,99.8338,99.661,99.8338,614
12:32,99.5211,99.661,99.5211,99.661,796
12:33,99.3747,99.5211,99.3747,99.5211,455
12:34,99.2407,99.3747,99.2407,99.3747,1248
12:35,99.3629,99.3629,99.2407,99.2407,567
12:36,99.492,99.492,99.3629,99.3629,676
12:37,99.5754,99.5754,99.492,99.492,1019
12:38,99.8743,99.8743,99.5754,99.5754,769
12:39,99.7827,99.8743,99.7827,99.8743,1728
12:40,99.8788,99.8788,99.7827,99.7827,632
12:41,100.0186,100.0186,99.8788,99.8788,1099
12:42,99.9572,100.0186,99.9572,100.0186,986
12:43,100.2756,100.2756,99.9572,99.9572,661
12:44,99.9096,100.2756,99.9096,100.2756,1204
12:45,100.141,100.141,99.9096,99.9096,941
12:46,100.3366,100.3366,100.141,100.141,1315
12:47,100.0871,100.3366,100.0871,100.3366,1339
12:48,100.2102,100.2102,100.0871,100.0871,2153
12:49,100.4094,100.4094,100.2102,100.2102,1606
12:50,100.3802,100.4094,100.3802,100.4094,877
12:51,100.3041,100.3802,100.3041,100.3802,919
12:52,100.4995,100.4995,100.3041,100.3041,1477
12:53,100.5453,100.5453,100.4995,100.4995,1261
12:54,100.4569,100.5453,100.4569,100.5453,1255
12:55,100.6482,100.6482,100.4569,100.4569,564
12:56,100.6958,100.6958,100.6482,100.6482,991
12:57,100.6191,100.6958,100.6191,100.6958,770
12:58,100.7299,100.7299,100.6191,100.6191,1104
12:59,100.9018,100.9018,100.7299,100.7299,966
13:00,100.675,100.9018,100.675,100.9018,1381
13:01,100.7607,100.7607,100.675,100.675,1119
13:02,100.7734,100.7734,100.7607,100.7607,1321
13:03,100.8564,100.8564,100.7734,100.7734,848
13:04,101.0369,101.0369,100.8564,100.8564,715
13:05,101.0523,101.0523,101.0369,101.0369,865
13:06,100.6828,101.0523,100.6828,101.0523,994
13:07,100.4462,100.6828,100.4462,100.6828,1144
13:08,100.2874,100.4462,100.2874,100.4462,2228
13:09,100.5068,100.5068,100.2874,100.2874,985
13:10,100.6845,100.6845,100.5068,100.5068,713
13:11,100.5731,100.6845,100.5731,100.6845,885
13:12,100.5252,100.5731,100.5252,100.5731,848
13:13,100.3758,100.5252,100.3758,100.5252,1186
13:14,100.2524,100.3758,100.2524,100.3758,579
13:15,100.5083,100.5083,100.2524,100.2524,1023
13:16,100.2756,100.5083,100.2756,100.5083,1057
13:17,100.2485,100.2756,100.2485,100.2756,1086
13:18,100.0893,100.2485,100.0893,100.2485,809
13:19,99.9803,100.0893,99.9803,100.0893,919
13:20,99.9245,99.9803,99.9245,99.9803,604
13:21,100.0053,100.0053,99.9245,99.9245,840
13:22,100.4985,100.4985,100.0053,100.0053,825
13:23,100.6754,100.6754,100.4985,100.4985,1159
13:24,100.5841,100.6754,100.5841,100.6754,664
13:25,100.552,100.5841,100.552,100.5841,1319
13:26,100.3892,100.552,100.3892,100.552,1699
13:27,100.2551,100.3892,100.2551,100.3892,480
13:28,100.2805,100.2805,100.2551,100.2551,1163
13:29,100.4516,100.4516,100.2805,100.2805,1271
13:30,100.3077,100.4516,100.3077,100.4516,798
13:31,100.3141,100.3141,100.3077,100.3077,869
13:32,100.2675,100.3141,100.2675,100.3141,954
13:33,100.3486,100.3486,100.2675,100.2675,900
13:34,100.2652,100.3486,100.2652,100.3486,896
13:35,99.9125,100.2652,99.9125,100.2652,552
13:36,100.0615,100.0615,99.9125,99.9125,1505
13:37,100.1546,100.1546,100.0615,100.0615,1466
13:38,100.2437,100.2437,100.1546,100.1546,750
13:39,100.1514,100.2437,100.1514,100.2437,595
13:40,100.2412,100.2412,100.1514,100.1514,1203
13:41,100.0188,100.2412,100.0188,100.2412,815
13:42,99.9284,100.0188,99.9284,100.0188,1052
13:43,100.0936,100.0936,99.9284,99.9284,893
13:44,99.9122,100.0936,99.9122,100.0936,1278
13:45,99.6703,99.9122,99.6703,99.9122,1279
13:46,99.6859,99.6859,99.6703,99.6703,773
13:47,99.6496,99.6859,99.6496,99.6859,612
13:48,99.6751,99.6751,99.6496,99.6496,571
13:49,99.6178,99.6751,99.6178,99.6751,1242
13:50,99.8552,99.8552,99.6178,99.6178,656
13:51,99.6497,99.8552,99.6497,99.8552,836
13:52,99.6672,99.6672,99.6497,99.6497,809
13:53,99.4544,99.6672,99.4544,99.6672,982
13:54,99.6,99.6,99.4544,99.4544,503
13:55,99.7336,99.7336,99.6,99.6,1069
13:56,99.8064,99.8064,99.7336,99.7336,1204
13:57,99.9374,99.9374,99.8064,99.8064,1032
13:58,99.7764,99.9374,99.7764,99.9374,896
13:59,99.5861,99.7764,99.5861,99.7764,1035
14:00,99.9056,99.9056,99.5861,99.5861,1152
14:01,99.801,99.9056,99.801,99.9056,374
14:02,99.7095,99.801,99.7095,99.801,2000
14:03,99.7765,99.7765,99.7095,99.7095,1148
14:04,99.7651,99.7765,99.7651,99.7765,794
14:05,99.8939,99.8939,99.7651,99.7651,871
14:06,99.8348,99.8939,99.8348,99.8939,1191
14:07,99.8386,99.8386,99.8348,99.8348,960
14:08,100.0643,100.0643,99.8386,99.8386,487
14:09,100.2223,100.2223,100.0643,100.0643,2079
14:10,99.8989,100.2223,99.8989,100.2223,962
14:11,100.2335,100.2335,99.8989,99.8989,1436
14:12,100.1273,100.2335,100.1273,100.2335,782
14:13,100.2532,100.2532,100.1273,100.1273,1724
14:14,100.2761,100.2761,100.2532,100.2532,1107
14:15,100.2896,100.2896,100.2761,100.2761,1241
14:16,100.1319,100.2896,100.1319,100.2896,690
14:17,100.0471,100.1319,100.0471,100.1319,1536
14:18,100.2368,100.2368,100.0471,100.0471,1277
14:19,100.3581,100.3581,100.2368,100.2368,1586
14:20,100.7179,100.7179,100.3581,100.3581,800
14:21,100.8498,100.8498,100.7179,100.7179,843
14:22,100.6732,100.8498,100.6732,100.8498,2263
14:23,100.8041,100.8041,100.6732,100.6732,687
14:24,100.7895,100.8041,100.7895,100.8041,953
14:25,100.697,100.7895,100.697,100.7895,1496
14:26,100.6895,100.697,100.6895,100.697,1035
14:27,100.8935,100.8935,100.6895,100.6895,1230
14:28,101.236,101.236,100.8935,100.8935,868
14:29,100.9487,101.236,100.9487,101.236,1140
14:30,101.0204,101.0204,100.9487,100.9487,629
14:31,101.2266,101.2266,101.0204,101.0204,1800
14:32,101.0698,101.2266,101.0698,101.2266,959
14:33,101.2959,101.2959,101.0698,101.0698,786
14:34,101.1871,101.2959,101.1871,101.2959,1267
14:35,101.0769,101.1871,101.0769,101.1871,849
14:36,101.137,101.137,101.0769,101.0769,623
14:37,101.1659,101.1659,101.137,101.137,620
14:38,100.9256,101.1659,100.9256,101.1659,1279
14:39,100.9112,100.9256,100.9112,100.9256,945
14:40,100.6571,100.9112,100.6571,100.9112,954
14:41,100.5659,100.6571,100.5659,100.6571,1466
14:42,100.8008,100.8008,100.5659,100.5659,671
14:43,100.8946,100.8946,100.8008,100.8008,772
14:44,100.5861,100.8946,100.5861,100.8946,873
14:45,100.3271,100.5861,100.3271,100.5861,1035
14:46,100.4556,100.4556,100.3271,100.3271,986
14:47,100.754,100.754,100.4556,100.4556,904
14:48,100.542,100.754,100.542,100.754,979
14:49,100.5723,100.5723,100.542,100.542,964
14:50,100.4468,100.5723,100.4468,100.5723,776
14:51,100.0105,100.4468,100.0105,100.4468,751
14:52,100.0026,100.0105,100.0026,100.0105,1104
14:53,100.0498,100.0498,100.0026,100.0026,731
14:54,100.1587,100.1587,100.0498,100.0498,665
14:55,100.2817,100.2817,100.1587,100.1587,898
14:56,100.1862,100.2817,100.1862,100.2817,949
14:57,100.5675,100.5675,100.1862,100.1862,2234
14:58,100.7617,100.7617,100.5675,100.5675,782
14:59,100.644,100.7617,100.644,100.7617,1404
15:00,100.7909,100.7909,100.644,100.644,1311
15:01,100.7361,100.7909,100.7361,100.7909,660
15:02,101.0087,101.0087,100.7361,100.7361,1326
15:03,101.3629,101.3629,101.0087,101.0087,663
15:04,101.6381,101.6381,101.3629,101.3629,394
15:05,101.5999,101.6381,101.5999,101.6381,1255
15:06,101.5742,101.5999,101.5742,101.5999,544
15:07,101.5766,101.5766,101.5742,101.5742,1192
15:08,101.6257,101.6257,101.5766,101.5766,799
15:09,101.452,101.6257,101.452,101.6257,1839
15:10,101.463,101.463,101.452,101.452,1496
15:11,101.7166,101.7166,101.463,101.463,875
15:12,101.6115,101.7166,101.6115,101.7166,808
15:13,101.6942,101.6942,101.6115,101.6115,674
15:14,101.6165,101.6942,101.6165,101.6942,891
15:15,101.577,101.6165,101.577,101.6165,948
15:16,101.6294,101.6294,101.577,101.577,926
15:17,101.759,101.759,101.6294,101.6294,1122
15:18,101.9248,101.9248,101.759,101.759,1314
15:19,101.7754,101.9248,101.7754,101.9248,1223
15:20,101.9179,101.9179,101.7754,101.7754,832
15:21,101.7627,101.9179,101.7627,101.9179,663
15:22,101.6522,101.7627,101.6522,101.7627,1813
15:23,101.5589,101.6522,101.5589,101.6522,888
15:24,101.48,101.5589,101.48,101.5589,914
15:25,101.4687,101.48,101.4687,101.48,974
15:26,101.4006,101.4687,101.4006,101.4687,622
15:27,101.2567,101.4006,101.2567,101.4006,1030
15:28,101.1278,101.2567,101.1278,101.2567,1054
15:29,101.1787,101.1787,101.1278,101.1278,1597
15:30,101.0351,101.1787,101.0351,101.1787,1689
15:31,101.0977,101.0977,101.0351,101.0351,1361
15:32,101.1696,101.1696,101.0977,101.0977,1956
15:33,101.2972,101.2972,101.1696,101.1696,1643
15:34,101.0758,101.2972,101.0758,101.2972,1506
15:35,101.1918,101.1918,101.0758,101.0758,1671
15:36,101.1082,101.1918,101.1082,101.1918,1543
15:37,100.8925,101.1082,100.8925,101.1082,1505
15:38,100.5286,100.8925,100.5286,100.8925,1656
15:39,100.6429,100.6429,100.5286,100.5286,1288
15:40,100.4808,100.6429,100.4808,100.6429,2246
15:41,100.3033,100.4808,100.3033,100.4808,1518
15:42,100.337,100.337,100.3033,100.3033,3096
15:43,100.074,100.337,100.074,100.337,2244
15:44,100.3472,100.3472,100.074,100.074,2671
15:45,100.4041,100.4041,100.3472,100.3472,3354
15:46,100.1848,100.4041,100.1848,100.4041,3804
15:47,100.1082,100.1848,100.1082,100.1848,1871
15:48,100.2259,100.2259,100.1082,100.1082,3277
15:49,100.254,100.254,100.2259,100.2259,5216
15:50,100.1543,100.254,100.1543,100.254,2268
15:51,100.2839,100.2839,100.1543,100.1543,5160
15:52,100.5643,100.5643,100.2839,100.2839,2200
15:53,100.8693,100.8693,100.5643,100.5643,3711
15:54,100.8551,100.8693,100.8551,100.8693,5897
15:55,101.1837,101.1837,100.8551,100.8551,3531
15:56,101.2736,101.2736,101.1837,101.1837,4898
15:57,101.2678,101.2736,101.2678,101.2736,4511
15:58,100.9064,101.2678,100.9064,101.2678,14929
15:59,100.8948,100.9064,100.8948,100.9064,9667
