Time,Close,High,Low,Open,Volume
09:30,100.5483,100.5483,100.2188,100.2188,18689
09:31,100.1335,100.5483,100.1335,100.5483,10511
09:32,99.9579,100.1335,99.9579,100.1335,11775
09:33,99.7895,99.9579,99.7895,99.9579,16820
09:34,99.4577,99.7895,99.4577,99.7895,13466
09:35,99.5849,99.5849,99.4577,99.4577,4493
09:36,99.2778,99.5849,99.2778,99.5849,8147
09:37,99.5228,99.5228,99.2778,99.2778,5054
09:38,99.6338,99.6338,99.5228,99.5228,4718
09:39,99.5917,99.6338,99.5917,99.6338,5203
09:40,99.4951,99.5917,99.4951,99.5917,4357
09:41,99.2797,99.4951,99.2797,99.4951,6393
09:42,99.4761,99.4761,99.2797,99.2797,4619
09:43,99.7389,99.7389,99.4761,99.4761,3408
09:44,99.7629,99.7629,99.7389,99.7389,3544
09:45,99.8795,99.8795,99.7629,99.7629,3169
09:46,99.6918,99.8795,99.6918,99.8795,4457
09:47,99.7526,99.7526,99.6918,99.6918,2280
09:48,99.6524,99.7526,99.6524,99.7526,2567
09:49,99.5162,99.6524,99.5162,99.6524,1594
09:50,99.8585,99.8585,99.5162,99.5162,823
09:51,99.8337,99.8585,99.8337,99.8585,2423
09:52,99.6662,99.8337,99.6662,99.8337,2474
09:53,99.4753,99.6662,99.4753,99.6662,1331
09:54,99.2655,99.4753,99.2655,99.4753,3691
09:55,98.859,99.2655,98.859,99.2655,943
09:56,98.9193,98.9193,98.859,98.859,1539
09:57,98.6852,98.9193,98.6852,98.9193,1363
09:58,98.8436,98.8436,98.6852,98.6852,2420
09:59,99.1459,99.1459,98.8436,98.8436,2289
10:00,99.055,99.1459,99.055,99.1459,1393
10:01,99.3965,99.3965,99.055,99.055,1466
10:02,99.4616,99.4616,99.3965,99.3965,912
10:03,99.6104,99.6104,99.4616,99.4616,605
10:04,99.5878,99.6104,99.5878,99.6104,1056
10:05,99.4647,99.5878,99.4647,99.5878,1239
10:06,99.6441,99.6441,99.4647,99.4647,1782
10:07,99.676,99.676,99.6441,99.6441,1736
10:08,100.0817,100.0817,99.676,99.676,974
10:09,100.0955,100.0955,100.0817,100.0817,992
10:10,100.2296,100.2296,100.0955,100.0955,752
10:11,100.2165,100.2296,100.2165,100.2296,653
10:12,100.0134,100.2165,100.0134,100.2165,585
10:13,100.1125,100.1125,100.0134,100.0134,2120
10:14,100.2262,100.2262,100.1125,100.1125,880
10:15,99.9399,100.2262,99.9399,100.2262,897
10:16,99.8457,99.9399,99.8457,99.9399,668
10:17,99.8082,99.8457,99.8082,99.8457,1365
10:18,99.7021,99.8082,99.7021,99.8082,582
10:19,99.8542,99.8542,99.7021,99.7021,953
10:20,99.9963,99.9963,99.8542,99.8542,746
10:21,100.0502,100.0502,99.9963,99.9963,1171
10:22,100.1792,100.1792,100.0502,100.0502,850
10:23,100.1512,100.1792,100.1512,100.1792,668
10:24,100.1318,100.1512,100.1318,100.1512,1004
10:25,100.0995,100.1318,100.0995,100.1318,1178
10:26,100.0636,100.0995,100.0636,100.0995,1034
10:27,100.0385,100.0636,100.0385,100.0636,1123
10:28,100.0795,100.0795,100.0385,100.0385,805
10:29,99.7859,100.0795,99.7859,100.0795,885
10:30,99.4856,99.7859,99.4856,99.7859,792
10:31,99.5203,99.5203,99.4856,99.4856,885
10:32,99.3293,99.5203,99.3293,99.5203,753
10:33,98.8644,99.3293,98.8644,99.3293,544
10:34,98.9065,98.9065,98.8644,98.8644,1068
10:35,99.0478,99.0478,98.9065,98.9065,870
10:36,99.1012,99.1012,99.0478,99.0478,562
10:37,99.2917,99.2917,99.1012,99.1012,1181
10:38,99.2742,99.2917,99.2742,99.2917,726
10:39,99.0634,99.2742,99.0634,99.2742,1020
10:40,99.1379,99.1379,99.0634,99.0634,1297
10:41,99.1278,99.1379,99.1278,99.1379,1048
10:42,99.2032,99.2032,99.1278,99.1278,1499
10:43,99.0928,99.2032,99.0928,99.2032,646
10:44,99.4989,99.4989,99.0928,99.0928,1154
10:45,99.3246,99.4989,99.3246,99.4989,785
10:46,99.4257,99.4257,99.3246,99.3246,735
10:47,99.3738,99.4257,99.3738,99.4257,815
10:48,99.4195,99.4195,99.3738,99.3738,896
10:49,99.4939,99.4939,99.4195,99.4195,1020
10:50,99.5715,99.5715,99.4939,99.4939,662
10:51,99.7241,99.7241,99.5715,99.5715,1376
10:52,99.493,99.7241,99.493,99.7241,1180
10:53,99.4786,99.493,99.4786,99.493,580
10:54,99.3001,99.4786,99.3001,99.4786,1695
10:55,99.4035,99.4035,99.3001,99.3001,1958
10:56,99.3754,99.4035,99.3754,99.4035,1519
10:57,99.2647,99.3754,99.2647,99.3754,938
10:58,99.1415,99.2647,99.1415,99.2647,684
10:59,98.9185,99.1415,98.9185,99.1415,1453
11:00,99.0291,99.0291,98.9185,98.9185,867
11:01,98.9168,99.0291,98.9168,99.0291,1542
11:02,98.4636,98.9168,98.4636,98.9168,1077
11:03,98.4542,98.4636,98.4542,98.4636,1414
11:04,98.4454,98.4542,98.4454,98.4542,1135
11:05,98.378,98.4454,98.378,98.4454,1285
11:06,98.3026,98.378,98.3026,98.378,1004
11:07,98.351,98.351,98.3026,98.3026,1883
11:08,98.4029,98.4029,98.351,98.351,1046
11:09,98.567,98.567,98.4029,98.4029,1153
11:10,98.1155,98.567,98.1155,98.567,1949
11:11,98.1931,98.1931,98.1155,98.1155,620
11:12,98.2911,98.2911,98.1931,98.1931,637
11:13,98.1967,98.2911,98.1967,98.2911,1410
11:14,98.2834,98.2834,98.1967,98.1967,660
11:15,98.3602,98.3602,98.2834,98.2834,1992
11:16,98.2105,98.3602,98.2105,98.3602,864
11:17,98.2218,98.2218,98.2105,98.2105,767
11:18,98.2422,98.2422,98.2218,98.2218,1977
11:19,98.2466,98.2466,98.2422,98.2422,1690
11:20,98.4489,98.4489,98.2466,98.2466,1939
11:21,98.3062,98.4489,98.3062,98.4489,1379
11:22,98.4032,98.4032,98.3062,98.3062,737
11:23,98.8425,98.8425,98.4032,98.4032,1968
11:24,99.0582,99.0582,98.8425,98.8425,909
11:25,98.9361,99.0582,98.9361,99.0582,1329
11:26,99.0218,99.0218,98.9361,98.9361,1399
11:27,99.1446,99.1446,99.0218,99.0218,947
11:28,99.0147,99.1446,99.0147,99.1446,1243
11:29,98.8172,99.0147,98.8172,99.0147,1387
11:30,98.616,98.8172,98.616,98.8172,1143
11:31,98.7264,98.7264,98.616,98.616,677
11:32,98.4723,98.7264,98.4723,98.7264,1112
11:33,98.624,98.624,98.4723,98.4723,1600
11:34,98.4213,98.624,98.4213,98.624,782
11:35,98.2358,98.4213,98.2358,98.4213,948
11:36,98.248,98.248,98.2358,98.2358,857
11:37,98.4503,98.4503,98.248,98.248,1926
11:38,98.305,98.4503,98.305,98.4503,1269
11:39,97.8278,98.305,97.8278,98.305,1155
11:40,97.8193,97.8278,97.8193,97.8278,761
11:41,97.7701,97.8193,97.7701,97.8193,1211
11:42,97.8762,97.8762,97.7701,97.7701,787
11:43,97.7047,97.8762,97.7047,97.8762,1011
11:44,97.6457,97.7047,97.6457,97.7047,798
11:45,97.6717,97.6717,97.6457,97.6457,1271
11:46,97.7703,97.7703,97.6717,97.6717,1227
11:47,98.1422,98.1422,97.7703,97.7703,929
11:48,98.2529,98.2529,98.1422,98.1422,1151
11:49,98.2378,98.2529,98.2378,98.2529,679
11:50,98.1663,98.2378,98.1663,98.2378,589
11:51,98.1014,98.1663,98.1014,98.1663,1169
11:52,97.5257,98.1014,97.5257,98.1014,1061
11:53,97.6405,97.6405,97.5257,97.5257,1252
11:54,97.6666,97.6666,97.6405,97.6405,2328
11:55,97.8006,97.8006,97.6666,97.6666,1398
11:56,97.9196,97.9196,97.8006,97.8006,724
11:57,97.6908,97.9196,97.6908,97.9196,1486
11:58,97.4714,97.6908,97.4714,97.6908,627
11:59,97.3385,97.4714,97.3385,97.4714,849
12:00,97.3521,97.3521,97.3385,97.3385,976
12:01,97.255,97.3521,97.255,97.3521,1836
12:02,97.2612,97.2612,97.255,97.255,768
12:03,97.0405,97.2612,97.0405,97.2612,746
12:04,97.3241,97.3241,97.0405,97.0405,966
12:05,97.3642,97.3642,97.3241,97.3241,790
12:06,97.5258,97.5258,97.3642,97.3642,1491
12:07,97.4508,97.5258,97.4508,97.5258,682
12:08,97.4242,97.4508,97.4242,97.4508,666
12:09,97.4275,97.4275,97.4242,97.4242,856
12:10,97.5984,97.5984,97.4275,97.4275,838
12:11,97.554,97.5984,97.554,97.5984,1982
12:12,97.5126,97.554,97.5126,97.554,1400
12:13,97.4958,97.5126,97.4958,97.5126,1032
12:14,97.5992,97.5992,97.4958,97.4958,648
12:15,97.8726,97.8726,97.5992,97.5992,1349
12:16,97.7863,97.8726,97.7863,97.8726,701
12:17,97.7736,97.7863,97.7736,97.7863,578
12:18,97.8902,97.8902,97.7736,97.7736,1524
12:19,97.7583,97.8902,97.7583,97.8902,1119
12:20,98.171,98.171,97.7583,97.7583,1386
12:21,97.8663,98.171,97.8663,98.171,1120
12:22,97.7181,97.8663,97.7181,97.8663,1355
12:23,97.4117,97.7181,97.4117,97.7181,794
12:24,97.1174,97.4117,97.1174,97.4117,693
12:25,96.6883,97.1174,96.6883,97.1174,1273
12:26,96.6913,96.6913,96.6883,96.6883,752
12:27,96.793,96.793,96.6913,96.6913,783
12:28,96.84,96.84,96.793,96.793,851
12:29,97.1434,97.1434,96.84,96.84,1006
12:30,97.4078,97.4078,97.1434,97.1434,882
12:31,97.2107,97.4078,97.2107,97.4078,614
12:32,97.1127,97.2107,97.1127,97.2107,796
12:33,97.2692,97.2692,97.1127,97.1127,455
12:34,97.0444,97.2692,97.0444,97.2692,1248
12:35,97.1377,97.1377,97.0444,97.0444,567
12:36,96.9622,97.1377,96.9622,97.1377,676
12:37,97.3124,97.3124,96.9622,96.9622,1019
12:38,97.2777,97.3124,97.2777,97.3124,769
12:39,97.4506,97.4506,97.2777,97.2777,1728
12:40,97.9169,97.9169,97.4506,97.4506,632
12:41,98.094,98.094,97.9169,97.9169,1099
12:42,98.0789,98.094,98.0789,98.094,986
12:43,97.6825,98.0789,97.6825,98.0789,661
12:44,97.9509,97.9509,97.6825,97.6825,1204
12:45,98.1099,98.1099,97.9509,97.9509,941
12:46,98.185,98.185,98.1099,98.1099,1315
12:47,98.2253,98.2253,98.185,98.185,1339
12:48,98.1009,98.2253,98.1009,98.2253,2153
12:49,98.1781,98.1781,98.1009,98.1009,1606
12:50,98.1892,98.1892,98.1781,98.1781,877
12:51,98.1634,98.1892,98.1634,98.1892,919
12:52,98.3894,98.3894,98.1634,98.1634,1477
12:53,98.3655,98.3894,98.3655,98.3894,1261
12:54,98.7121,98.7121,98.3655,98.3655,1255
12:55,98.6452,98.7121,98.6452,98.7121,564
12:56,98.436,98.6452,98.436,98.6452,991
12:57,98.4557,98.4557,98.436,98.436,770
12:58,98.594,98.594,98.4557,98.4557,1104
12:59,98.665,98.665,98.594,98.594,966
13:00,98.6868,98.6868,98.665,98.665,1381
13:01,98.9175,98.9175,98.6868,98.6868,1119
13:02,98.9817,98.9817,98.9175,98.9175,1321
13:03,98.9892,98.9892,98.9817,98.9817,848
13:04,98.6122,98.9892,98.6122,98.9892,715
13:05,98.5471,98.6122,98.5471,98.6122,865
13:06,98.4421,98.5471,98.4421,98.5471,994
13:07,98.5171,98.5171,98.4421,98.4421,1144
13:08,98.5139,98.5171,98.5139,98.5171,2228
13:09,98.7085,98.7085,98.5139,98.5139,985
13:10,98.7635,98.7635,98.7085,98.7085,713
13:11,98.9598,98.9598,98.7635,98.7635,885
13:12,99.0488,99.0488,98.9598,98.9598,848
13:13,99.068,99.068,99.0488,99.0488,1186
13:14,99.1768,99.1768,99.068,99.068,579
13:15,99.2483,99.2483,99.1768,99.1768,1023
13:16,99.1188,99.2483,99.1188,99.2483,1057
13:17,99.2968,99.2968,99.1188,99.1188,1086
13:18,99.2584,99.2968,99.2584,99.2968,809
13:19,98.9464,99.2584,98.9464,99.2584,919
13:20,99.1508,99.1508,98.9464,98.9464,604
13:21,99.4754,99.4754,99.1508,99.1508,840
13:22,99.4178,99.4754,99.4178,99.4754,825
13:23,99.1586,99.4178,99.1586,99.4178,1159
13:24,99.5182,99.5182,99.1586,99.1586,664
13:25,99.5345,99.5345,99.5182,99.5182,1319
13:26,99.4725,99.5345,99.4725,99.5345,1699
13:27,99.5448,99.5448,99.4725,99.4725,480
13:28,99.4132,99.5448,99.4132,99.5448,1163
13:29,99.4125,99.4132,99.4125,99.4132,1271
13:30,99.8918,99.8918,99.4125,99.4125,798
13:31,100.2373,100.2373,99.8918,99.8918,869
13:32,100.0875,100.2373,100.0875,100.2373,954
13:33,100.0398,100.0875,100.0398,100.0875,900
13:34,100.0255,100.0398,100.0255,100.0398,896
13:35,100.13,100.13,100.0255,100.0255,552
13:36,99.7783,100.13,99.7783,100.13,1505
13:37,99.9939,99.9939,99.7783,99.7783,1466
13:38,99.9559,99.9939,99.9559,99.9939,750
13:39,99.6283,99.9559,99.6283,99.9559,595
13:40,99.5755,99.6283,99.5755,99.6283,1203
13:41,99.5109,99.5755,99.5109,99.5755,815
13:42,99.1095,99.5109,99.1095,99.5109,1052
13:43,99.2851,99.2851,99.1095,99.1095,893
13:44,99.2245,99.2851,99.2245,99.2851,1278
13:45,99.2222,99.2245,99.2222,99.2245,1279
13:46,99.5258,99.5258,99.2222,99.2222,773
13:47,99.7635,99.7635,99.5258,99.5258,612
13:48,99.7688,99.7688,99.7635,99.7635,571
13:49,99.7211,99.7688,99.7211,99.7688,1242
13:50,99.6883,99.7211,99.6883,99.7211,656
13:51,100.1091,100.1091,99.6883,99.6883,836
13:52,100.0469,100.1091,100.0469,100.1091,809
13:53,100.5236,100.5236,100.0469,100.0469,982
13:54,100.0222,100.5236,100.0222,100.5236,503
13:55,99.7986,100.0222,99.7986,100.0222,1069
13:56,99.8974,99.8974,99.7986,99.7986,1204
13:57,100.0524,100.0524,99.8974,99.8974,1032
13:58,100.2347,100.2347,100.0524,100.0524,896
13:59,100.008,100.2347,100.008,100.2347,1035
14:00,99.9403,100.008,99.9403,100.008,1152
14:01,99.7358,99.9403,99.7358,99.9403,374
14:02,99.8539,99.8539,99.7358,99.7358,2000
14:03,99.5827,99.8539,99.5827,99.8539,1148
14:04,99.4652,99.5827,99.4652,99.5827,794
14:05,99.2255,99.4652,99.2255,99.4652,871
14:06,99.0765,99.2255,99.0765,99.2255,1191
14:07,98.7648,99.0765,98.7648,99.0765,960
14:08,98.8755,98.8755,98.7648,98.7648,487
14:09,98.9306,98.9306,98.8755,98.8755,2079
14:10,99.0371,99.0371,98.9306,98.9306,962
14:11,99.2383,99.2383,99.0371,99.0371,1436
14:12,99.265,99.265,99.2383,99.2383,782
14:13,99.4067,99.4067,99.265,99.265,1724
14:14,99.3169,99.4067,99.3169,99.4067,1107
14:15,99.3252,99.3252,99.3169,99.3169,1241
14:16,99.319,99.3252,99.319,99.3252,690
14:17,99.6219,99.6219,99.319,99.319,1536
14:18,99.122,99.6219,99.122,99.6219,1277
14:19,99.3748,99.3748,99.122,99.122,1586
14:20,99.344,99.3748,99.344,99.3748,800
14:21,99.2074,99.344,99.2074,99.344,843
14:22,98.7509,99.2074,98.7509,99.2074,2263
14:23,98.5744,98.7509,98.5744,98.7509,687
14:24,98.6769,98.6769,98.5744,98.5744,953
14:25,98.7249,98.7249,98.6769,98.6769,1496
14:26,98.2385,98.7249,98.2385,98.7249,1035
14:27,98.2869,98.2869,98.2385,98.2385,1230
14:28,98.3157,98.3157,98.2869,98.2869,868
14:29,97.9163,98.3157,97.9163,98.3157,1140
14:30,98.4357,98.4357,97.9163,97.9163,629
14:31,98.4445,98.4445,98.4357,98.4357,1800
14:32,98.3266,98.4445,98.3266,98.4445,959
14:33,98.4788,98.4788,98.3266,98.3266,786
14:34,98.3171,98.4788,98.3171,98.4788,1267
14:35,97.9673,98.3171,97.9673,98.3171,849
14:36,97.8661,97.9673,97.8661,97.9673,623
14:37,97.9211,97.9211,97.8661,97.8661,620
14:38,98.0259,98.0259,97.9211,97.9211,1279
14:39,98.1988,98.1988,98.0259,98.0259,945
14:40,98.1296,98.1988,98.1296,98.1988,954
14:41,98.3103,98.3103,98.1296,98.1296,1466
14:42,98.8322,98.8322,98.3103,98.3103,671
14:43,98.9594,98.9594,98.8322,98.8322,772
14:44,98.5541,98.9594,98.5541,98.9594,873
14:45,98.8754,98.8754,98.5541,98.5541,1035
14:46,98.9652,98.9652,98.8754,98.8754,986
14:47,99.1123,99.1123,98.9652,98.9652,904
14:48,99.1009,99.1123,99.1009,99.1123,979
14:49,99.0164,99.1009,99.0164,99.1009,964
14:50,98.6564,99.0164,98.6564,99.0164,776
14:51,98.5952,98.6564,98.5952,98.6564,751
14:52,98.5858,98.5952,98.5858,98.5952,1104
14:53,98.2815,98.5858,98.2815,98.5858,731
14:54,98.0879,98.2815,98.0879,98.2815,665
14:55,98.2124,98.2124,98.0879,98.0879,898
14:56,98.8174,98.8174,98.2124,98.2124,949
14:57,99.0007,99.0007,98.8174,98.8174,2234
14:58,99.0598,99.0598,99.0007,99.0007,782
14:59,98.9451,99.0598,98.9451,99.0598,1404
15:00,98.8501,98.9451,98.8501,98.9451,1311
15:01,99.0178,99.0178,98.8501,98.8501,660
15:02,98.9132,99.0178,98.9132,99.0178,1326
15:03,99.0289,99.0289,98.9132,98.9132,663
15:04,99.1118,99.1118,99.0289,99.0289,394
15:05,99.277,99.277,99.1118,99.1118,1255
15:06,99.1064,99.277,99.1064,99.277,544
15:07,98.9196,99.1064,98.9196,99.1064,1192
15:08,98.8199,98.9196,98.8199,98.9196,799
15:09,98.9949,98.9949,98.8199,98.8199,1839
15:10,99.1989,99.1989,98.9949,98.9949,1496
15:11,98.8887,99.1989,98.8887,99.1989,875
15:12,99.0725,99.0725,98.8887,98.8887,808
15:13,98.8924,99.0725,98.8924,99.0725,674
15:14,98.9133,98.9133,98.8924,98.8924,891
15:15,98.6746,98.9133,98.6746,98.9133,948
15:16,98.6277,98.6746,98.6277,98.6746,926
15:17,98.5953,98.6277,98.5953,98.6277,1122
15:18,98.7509,98.7509,98.5953,98.5953,1314
15:19,98.8606,98.8606,98.7509,98.7509,1223
15:20,99.1671,99.1671,98.8606,98.8606,832
15:21,99.4643,99.4643,99.1671,99.1671,663
15:22,99.7018,99.7018,99.4643,99.4643,1813
15:23,100.1192,100.1192,99.7018,99.7018,888
15:24,100.0232,100.1192,100.0232,100.1192,914
15:25,99.8888,100.0232,99.8888,100.0232,974
15:26,99.7269,99.8888,99.7269,99.8888,622
15:27,99.8783,99.8783,99.7269,99.7269,1030
15:28,99.7644,99.8783,99.7644,99.8783,1054
15:29,99.8049,99.8049,99.7644,99.7644,1597
15:30,100.4058,100.4058,99.8049,99.8049,1689
15:31,100.7744,100.7744,100.4058,100.4058,1361
15:32,100.703,100.7744,100.703,100.7744,1956
15:33,100.8731,100.8731,100.703,100.703,1643
15:34,100.5855,100.8731,100.5855,100.8731,1506
15:35,100.0732,100.5855,100.0732,100.5855,1671
15:36,100.2025,100.2025,100.0732,100.0732,1543
15:37,99.8911,100.2025,99.8911,100.2025,1505
15:38,99.7925,99.8911,99.7925,99.8911,1656
15:39,99.8089,99.8089,99.7925,99.7925,1288
15:40,100.0898,100.0898,99.8089,99.8089,2246
15:41,100.0911,100.0911,100.0898,100.0898,1518
15:42,99.7375,100.0911,99.7375,100.0911,3096
15:43,99.9345,99.9345,99.7375,99.7375,2244
15:44,99.8787,99.9345,99.8787,99.9345,2671
15:45,99.9533,99.9533,99.8787,99.8787,3354
15:46,100.0681,100.0681,99.9533,99.9533,3804
15:47,100.1383,100.1383,100.0681,100.0681,1871
15:48,99.9472,100.1383,99.9472,100.1383,3277
15:49,100.0315,100.0315,99.9472,99.9472,5216
15:50,100.1657,100.1657,100.0315,100.0315,2268
15:51,100.1821,100.1821,100.1657,100.1657,5160
15:52,99.9166,100.1821,99.9166,100.1821,2200
15:53,99.9493,99.9493,99.9166,99.9166,3711
15:54,100.3689,100.3689,99.9493,99.9493,5897
15:55,100.3833,100.3833,100.3689,100.3689,3531
15:56,100.7379,100.7379,100.3833,100.3833,4898
15:57,100.5424,100.7379,100.5424,100.7379,4511
15:58,100.4982,100.5424,100.4982,100.5424,14929
15:59,100.2418,100.4982,100.2418,100.4982,9667
