Time,Close,High,Low,Open,Volume
09:30,100.0954,100.0954,100.0261,100.0261,18689
09:31,100.0967,100.0967,100.0954,100.0954,10511
09:32,100.1074,100.1074,100.0967,100.0967,11775
09:33,100.0947,100.1074,100.0947,100.1074,16820
09:34,100.111,100.111,100.0947,100.0947,13466
09:35,100.1499,100.1499,100.111,100.111,4493
09:36,100.1755,100.1755,100.1499,100.1499,8147
09:37,100.2131,100.2131,100.1755,100.1755,5054
09:38,100.2259,100.2259,100.2131,100.2131,4718
09:39,100.1969,100.2259,100.1969,100.2259,5203
09:40,100.2133,100.2133,100.1969,100.1969,4357
09:41,100.2432,100.2432,100.2133,100.2133,6393
09:42,100.1959,100.2432,100.1959,100.2432,4619
09:43,100.1788,100.1959,100.1788,100.1959,3408
09:44,100.1194,100.1788,100.1194,100.1788,3544
09:45,100.1444,100.1444,100.1194,100.1194,3169
09:46,100.091,100.1444,100.091,100.1444,4457
09:47,100.0576,100.091,100.0576,100.091,2280
09:48,100.113,100.113,100.0576,100.0576,2567
09:49,100.0487,100.113,100.0487,100.113,1594
09:50,100.0268,100.0487,100.0268,100.0487,823
09:51,100.0354,100.0354,100.0268,100.0268,2423
09:52,100.036,100.036,100.0354,100.0354,2474
09:53,100.0302,100.036,100.0302,100.036,1331
09:54,100.0404,100.0404,100.0302,100.0302,3691
09:55,100.0249,100.0404,100.0249,100.0404,943
09:56,100.0488,100.0488,100.0249,100.0249,1539
09:57,100.0518,100.0518,100.0488,100.0488,1363
09:58,99.9854,100.0518,99.9854,100.0518,2420
09:59,100.0406,100.0406,99.9854,99.9854,2289
10:00,100.017,100.0406,100.017,100.0406,1393
10:01,100.0663,100.0663,100.017,100.017,1466
10:02,100.0651,100.0663,100.0651,100.0663,912
10:03,100.0543,100.0651,100.0543,100.0651,605
10:04,100.0245,100.0543,100.0245,100.0543,1056
10:05,99.994,100.0245,99.994,100.0245,1239
10:06,99.9751,99.994,99.9751,99.994,1782
10:07,99.9697,99.9751,99.9697,99.9751,1736
10:08,99.9489,99.9697,99.9489,99.9697,974
10:09,99.9694,99.9694,99.9489,99.9489,992
10:10,99.9095,99.9694,99.9095,99.9694,752
10:11,99.8743,99.9095,99.8743,99.9095,653
10:12,99.8997,99.8997,99.8743,99.8743,585
10:13,99.9204,99.9204,99.8997,99.8997,2120
10:14,99.8824,99.9204,99.8824,99.9204,880
10:15,99.8662,99.8824,99.8662,99.8824,897
10:16,99.8377,99.8662,99.8377,99.8662,668
10:17,99.8068,99.8377,99.8068,99.8377,1365
10:18,99.7565,99.8068,99.7565,99.8068,582
10:19,99.7402,99.7565,99.7402,99.7565,953
10:20,99.7601,99.7601,99.7402,99.7402,746
10:21,99.7264,99.7601,99.7264,99.7601,1171
10:22,99.7873,99.7873,99.7264,99.7264,850
10:23,99.7915,99.7915,99.7873,99.7873,668
10:24,99.7912,99.7915,99.7912,99.7915,1004
10:25,99.7821,99.7912,99.7821,99.7912,1178
10:26,99.729,99.7821,99.729,99.7821,1034
10:27,99.7706,99.7706,99.729,99.729,1123
10:28,99.7518,99.7706,99.7518,99.7706,805
10:29,99.6818,99.7518,99.6818,99.7518,885
10:30,99.658,99.6818,99.658,99.6818,792
10:31,99.6486,99.658,99.6486,99.658,885
10:32,99.6324,99.6486,99.6324,99.6486,753
10:33,99.6892,99.6892,99.6324,99.6324,544
10:34,99.6591,99.6892,99.6591,99.6892,1068
10:35,99.623,99.6591,99.623,99.6591,870
10:36,99.6672,99.6672,99.623,99.623,562
10:37,99.6723,99.6723,99.6672,99.6672,1181
10:38,99.7134,99.7134,99.6723,99.6723,726
10:39,99.6875,99.7134,99.6875,99.7134,1020
10:40,99.7074,99.7074,99.6875,99.6875,1297
10:41,99.7262,99.7262,99.7074,99.7074,1048
10:42,99.6901,99.7262,99.6901,99.7262,1499
10:43,99.7263,99.7263,99.6901,99.6901,646
10:44,99.6789,99.7263,99.6789,99.7263,1154
10:45,99.7358,99.7358,99.6789,99.6789,785
10:46,99.6896,99.7358,99.6896,99.7358,735
10:47,99.6722,99.6896,99.6722,99.6896,815
10:48,99.691,99.691,99.6722,99.6722,896
10:49,99.7123,99.7123,99.691,99.691,1020
10:50,99.7365,99.7365,99.7123,99.7123,662
10:51,99.7262,99.7365,99.7262,99.7365,1376
10:52,99.7173,99.7262,99.7173,99.7262,1180
10:53,99.7114,99.7173,99.7114,99.7173,580
10:54,99.7502,99.7502,99.7114,99.7114,1695
10:55,99.7439,99.7502,99.7439,99.7502,1958
10:56,99.7157,99.7439,99.7157,99.7439,1519
10:57,99.6903,99.7157,99.6903,99.7157,938
10:58,99.687,99.6903,99.687,99.6903,684
10:59,99.6892,99.6892,99.687,99.687,1453
11:00,99.6545,99.6892,99.6545,99.6892,867
11:01,99.6618,99.6618,99.6545,99.6545,1542
11:02,99.6455,99.6618,99.6455,99.6618,1077
11:03,99.6679,99.6679,99.6455,99.6455,1414
11:04,99.6338,99.6679,99.6338,99.6679,1135
11:05,99.5798,99.6338,99.5798,99.6338,1285
11:06,99.5398,99.5798,99.5398,99.5798,1004
11:07,99.5515,99.5515,99.5398,99.5398,1883
11:08,99.5519,99.5519,99.5515,99.5515,1046
11:09,99.5927,99.5927,99.5519,99.5519,1153
11:10,99.6173,99.6173,99.5927,99.5927,1949
11:11,99.5778,99.6173,99.5778,99.6173,620
11:12,99.6403,99.6403,99.5778,99.5778,637
11:13,99.6549,99.6549,99.6403,99.6403,1410
11:14,99.6089,99.6549,99.6089,99.6549,660
11:15,99.5891,99.6089,99.5891,99.6089,1992
11:16,99.6111,99.6111,99.5891,99.5891,864
11:17,99.6114,99.6114,99.6111,99.6111,767
11:18,99.5791,99.6114,99.5791,99.6114,1977
11:19,99.561,99.5791,99.561,99.5791,1690
11:20,99.5859,99.5859,99.561,99.561,1939
11:21,99.5723,99.5859,99.5723,99.5859,1379
11:22,99.5738,99.5738,99.5723,99.5723,737
11:23,99.5417,99.5738,99.5417,99.5738,1968
11:24,99.4732,99.5417,99.4732,99.5417,909
11:25,99.479,99.479,99.4732,99.4732,1329
11:26,99.4765,99.479,99.4765,99.479,1399
11:27,99.4432,99.4765,99.4432,99.4765,947
11:28,99.4839,99.4839,99.4432,99.4432,1243
11:29,99.4856,99.4856,99.4839,99.4839,1387
11:30,99.4921,99.4921,99.4856,99.4856,1143
11:31,99.5108,99.5108,99.4921,99.4921,677
11:32,99.5369,99.5369,99.5108,99.5108,1112
11:33,99.5785,99.5785,99.5369,99.5369,1600
11:34,99.5901,99.5901,99.5785,99.5785,782
11:35,99.6085,99.6085,99.5901,99.5901,948
11:36,99.5627,99.6085,99.5627,99.6085,857
11:37,99.5516,99.5627,99.5516,99.5627,1926
11:38,99.5828,99.5828,99.5516,99.5516,1269
11:39,99.5798,99.5828,99.5798,99.5828,1155
11:40,99.5319,99.5798,99.5319,99.5798,761
11:41,99.5656,99.5656,99.5319,99.5319,1211
11:42,99.5016,99.5656,99.5016,99.5656,787
11:43,99.4915,99.5016,99.4915,99.5016,1011
11:44,99.4912,99.4915,99.4912,99.4915,798
11:45,99.5536,99.5536,99.4912,99.4912,1271
11:46,99.6073,99.6073,99.5536,99.5536,1227
11:47,99.595,99.6073,99.595,99.6073,929
11:48,99.5605,99.595,99.5605,99.595,1151
11:49,99.5726,99.5726,99.5605,99.5605,679
11:50,99.5524,99.5726,99.5524,99.5726,589
11:51,99.5504,99.5524,99.5504,99.5524,1169
11:52,99.5707,99.5707,99.5504,99.5504,1061
11:53,99.4852,99.5707,99.4852,99.5707,1252
11:54,99.4821,99.4852,99.4821,99.4852,2328
11:55,99.4771,99.4821,99.4771,99.4821,1398
11:56,99.49,99.49,99.4771,99.4771,724
11:57,99.5361,99.5361,99.49,99.49,1486
11:58,99.5327,99.5361,99.5327,99.5361,627
11:59,99.554,99.554,99.5327,99.5327,849
12:00,99.5462,99.554,99.5462,99.554,976
12:01,99.5737,99.5737,99.5462,99.5462,1836
12:02,99.5903,99.5903,99.5737,99.5737,768
12:03,99.5443,99.5903,99.5443,99.5903,746
12:04,99.5327,99.5443,99.5327,99.5443,966
12:05,99.5069,99.5327,99.5069,99.5327,790
12:06,99.5225,99.5225,99.5069,99.5069,1491
12:07,99.5349,99.5349,99.5225,99.5225,682
12:08,99.5153,99.5349,99.5153,99.5349,666
12:09,99.5046,99.5153,99.5046,99.5153,856
12:10,99.5217,99.5217,99.5046,99.5046,838
12:11,99.5615,99.5615,99.5217,99.5217,1982
12:12,99.6111,99.6111,99.5615,99.5615,1400
12:13,99.6471,99.6471,99.6111,99.6111,1032
12:14,99.6044,99.6471,99.6044,99.6471,648
12:15,99.5752,99.6044,99.5752,99.6044,1349
12:16,99.5829,99.5829,99.5752,99.5752,701
12:17,99.5756,99.5829,99.5756,99.5829,578
12:18,99.5924,99.5924,99.5756,99.5756,1524
12:19,99.5582,99.5924,99.5582,99.5924,1119
12:20,99.5364,99.5582,99.5364,99.5582,1386
12:21,99.5189,99.5364,99.5189,99.5364,1120
12:22,99.4864,99.5189,99.4864,99.5189,1355
12:23,99.488,99.488,99.4864,99.4864,794
12:24,99.469,99.488,99.469,99.488,693
12:25,99.4928,99.4928,99.469,99.469,1273
12:26,99.4504,99.4928,99.4504,99.4928,752
12:27,99.4501,99.4504,99.4501,99.4504,783
12:28,99.4564,99.4564,99.4501,99.4501,851
12:29,99.4623,99.4623,99.4564,99.4564,1006
12:30,99.5126,99.5126,99.4623,99.4623,882
12:31,99.4863,99.5126,99.4863,99.5126,614
12:32,99.4965,99.4965,99.4863,99.4863,796
12:33,99.5388,99.5388,99.4965,99.4965,455
12:34,99.5677,99.5677,99.5388,99.5388,1248
12:35,99.6031,99.6031,99.5677,99.5677,567
12:36,99.6221,99.6221,99.6031,99.6031,676
12:37,99.6154,99.6221,99.6154,99.6221,1019
12:38,99.6366,99.6366,99.6154,99.6154,769
12:39,99.5594,99.6366,99.5594,99.6366,1728
12:40,99.5438,99.5594,99.5438,99.5594,632
12:41,99.5169,99.5438,99.5169,99.5438,1099
12:42,99.5238,99.5238,99.5169,99.5169,986
12:43,99.5108,99.5238,99.5108,99.5238,661
12:44,99.5006,99.5108,99.5006,99.5108,1204
12:45,99.4705,99.5006,99.4705,99.5006,941
12:46,99.473,99.473,99.4705,99.4705,1315
12:47,99.4136,99.473,99.4136,99.473,1339
12:48,99.4003,99.4136,99.4003,99.4136,2153
12:49,99.3703,99.4003,99.3703,99.4003,1606
12:50,99.3339,99.3703,99.3339,99.3703,877
12:51,99.3661,99.3661,99.3339,99.3339,919
12:52,99.3728,99.3728,99.3661,99.3661,1477
12:53,99.3445,99.3728,99.3445,99.3728,1261
12:54,99.3406,99.3445,99.3406,99.3445,1255
12:55,99.3483,99.3483,99.3406,99.3406,564
12:56,99.3787,99.3787,99.3483,99.3483,991
12:57,99.3713,99.3787,99.3713,99.3787,770
12:58,99.3565,99.3713,99.3565,99.3713,1104
12:59,99.349,99.3565,99.349,99.3565,966
13:00,99.3674,99.3674,99.349,99.349,1381
13:01,99.392,99.392,99.3674,99.3674,1119
13:02,99.4043,99.4043,99.392,99.392,1321
13:03,99.3511,99.4043,99.3511,99.4043,848
13:04,99.361,99.361,99.3511,99.3511,715
13:05,99.3324,99.361,99.3324,99.361,865
13:06,99.312,99.3324,99.312,99.3324,994
13:07,99.2949,99.312,99.2949,99.312,1144
13:08,99.2692,99.2949,99.2692,99.2949,2228
13:09,99.2967,99.2967,99.2692,99.2692,985
13:10,99.3218,99.3218,99.2967,99.2967,713
13:11,99.3019,99.3218,99.3019,99.3218,885
13:12,99.3067,99.3067,99.3019,99.3019,848
13:13,99.3299,99.3299,99.3067,99.3067,1186
13:14,99.3334,99.3334,99.3299,99.3299,579
13:15,99.3683,99.3683,99.3334,99.3334,1023
13:16,99.4269,99.4269,99.3683,99.3683,1057
13:17,99.3893,99.4269,99.3893,99.4269,1086
13:18,99.3937,99.3937,99.3893,99.3893,809
13:19,99.3946,99.3946,99.3937,99.3937,919
13:20,99.4049,99.4049,99.3946,99.3946,604
13:21,99.3566,99.4049,99.3566,99.4049,840
13:22,99.3724,99.3724,99.3566,99.3566,825
13:23,99.3672,99.3724,99.3672,99.3724,1159
13:24,99.3147,99.3672,99.3147,99.3672,664
13:25,99.2978,99.3147,99.2978,99.3147,1319
13:26,99.3341,99.3341,99.2978,99.2978,1699
13:27,99.3985,99.3985,99.3341,99.3341,480
13:28,99.387,99.3985,99.387,99.3985,1163
13:29,99.4149,99.4149,99.387,99.387,1271
13:30,99.4321,99.4321,99.4149,99.4149,798
13:31,99.4382,99.4382,99.4321,99.4321,869
13:32,99.4444,99.4444,99.4382,99.4382,954
13:33,99.4907,99.4907,99.4444,99.4444,900
13:34,99.46,99.4907,99.46,99.4907,896
13:35,99.4819,99.4819,99.46,99.46,552
13:36,99.4758,99.4819,99.4758,99.4819,1505
13:37,99.5018,99.5018,99.4758,99.4758,1466
13:38,99.5194,99.5194,99.5018,99.5018,750
13:39,99.5737,99.5737,99.5194,99.5194,595
13:40,99.5283,99.5737,99.5283,99.5737,1203
13:41,99.5212,99.5283,99.5212,99.5283,815
13:42,99.5785,99.5785,99.5212,99.5212,1052
13:43,99.6122,99.6122,99.5785,99.5785,893
13:44,99.6383,99.6383,99.6122,99.6122,1278
13:45,99.6131,99.6383,99.6131,99.6383,1279
13:46,99.6154,99.6154,99.6131,99.6131,773
13:47,99.6172,99.6172,99.6154,99.6154,612
13:48,99.647,99.647,99.6172,99.6172,571
13:49,99.6287,99.647,99.6287,99.647,1242
13:50,99.6331,99.6331,99.6287,99.6287,656
13:51,99.6196,99.6331,99.6196,99.6331,836
13:52,99.634,99.634,99.6196,99.6196,809
13:53,99.626,99.634,99.626,99.634,982
13:54,99.6319,99.6319,99.626,99.626,503
13:55,99.6264,99.6319,99.6264,99.6319,1069
13:56,99.5959,99.6264,99.5959,99.6264,1204
13:57,99.6003,99.6003,99.5959,99.5959,1032
13:58,99.5541,99.6003,99.5541,99.6003,896
13:59,99.5877,99.5877,99.5541,99.5541,1035
14:00,99.5965,99.5965,99.5877,99.5877,1152
14:01,99.6328,99.6328,99.5965,99.5965,374
14:02,99.6635,99.6635,99.6328,99.6328,2000
14:03,99.6518,99.6635,99.6518,99.6635,1148
14:04,99.7223,99.7223,99.6518,99.6518,794
14:05,99.7252,99.7252,99.7223,99.7223,871
14:06,99.7541,99.7541,99.7252,99.7252,1191
14:07,99.744,99.7541,99.744,99.7541,960
14:08,99.727,99.744,99.727,99.744,487
14:09,99.7619,99.7619,99.727,99.727,2079
14:10,99.7764,99.7764,99.7619,99.7619,962
14:11,99.7747,99.7764,99.7747,99.7764,1436
14:12,99.8304,99.8304,99.7747,99.7747,782
14:13,99.8394,99.8394,99.8304,99.8304,1724
14:14,99.8214,99.8394,99.8214,99.8394,1107
14:15,99.7574,99.8214,99.7574,99.8214,1241
14:16,99.72,99.7574,99.72,99.7574,690
14:17,99.7342,99.7342,99.72,99.72,1536
14:18,99.7248,99.7342,99.7248,99.7342,1277
14:19,99.7202,99.7248,99.7202,99.7248,1586
14:20,99.7462,99.7462,99.7202,99.7202,800
14:21,99.7674,99.7674,99.7462,99.7462,843
14:22,99.7701,99.7701,99.7674,99.7674,2263
14:23,99.7802,99.7802,99.7701,99.7701,687
14:24,99.7663,99.7802,99.7663,99.7802,953
14:25,99.7575,99.7663,99.7575,99.7663,1496
14:26,99.7662,99.7662,99.7575,99.7575,1035
14:27,99.7625,99.7662,99.7625,99.7662,1230
14:28,99.7813,99.7813,99.7625,99.7625,868
14:29,99.7547,99.7813,99.7547,99.7813,1140
14:30,99.7407,99.7547,99.7407,99.7547,629
14:31,99.7463,99.7463,99.7407,99.7407,1800
14:32,99.7723,99.7723,99.7463,99.7463,959
14:33,99.7808,99.7808,99.7723,99.7723,786
14:34,99.8133,99.8133,99.7808,99.7808,1267
14:35,99.8215,99.8215,99.8133,99.8133,849
14:36,99.8161,99.8215,99.8161,99.8215,623
14:37,99.7363,99.8161,99.7363,99.8161,620
14:38,99.7484,99.7484,99.7363,99.7363,1279
14:39,99.717,99.7484,99.717,99.7484,945
14:40,99.7554,99.7554,99.717,99.717,954
14:41,99.7096,99.7554,99.7096,99.7554,1466
14:42,99.7197,99.7197,99.7096,99.7096,671
14:43,99.6654,99.7197,99.6654,99.7197,772
14:44,99.6856,99.6856,99.6654,99.6654,873
14:45,99.697,99.697,99.6856,99.6856,1035
14:46,99.7248,99.7248,99.697,99.697,986
14:47,99.6829,99.7248,99.6829,99.7248,904
14:48,99.6654,99.6829,99.6654,99.6829,979
14:49,99.671,99.671,99.6654,99.6654,964
14:50,99.651,99.671,99.651,99.671,776
14:51,99.7017,99.7017,99.651,99.651,751
14:52,99.702,99.702,99.7017,99.7017,1104
14:53,99.7284,99.7284,99.702,99.702,731
14:54,99.6893,99.7284,99.6893,99.7284,665
14:55,99.7496,99.7496,99.6893,99.6893,898
14:56,99.7552,99.7552,99.7496,99.7496,949
14:57,99.7855,99.7855,99.7552,99.7552,2234
14:58,99.8333,99.8333,99.7855,99.7855,782
14:59,99.8583,99.8583,99.8333,99.8333,1404
15:00,99.8712,99.8712,99.8583,99.8583,1311
15:01,99.8932,99.8932,99.8712,99.8712,660
15:02,99.8176,99.8932,99.8176,99.8932,1326
15:03,99.8048,99.8176,99.8048,99.8176,663
15:04,99.8014,99.8048,99.8014,99.8048,394
15:05,99.7883,99.8014,99.7883,99.8014,1255
15:06,99.807,99.807,99.7883,99.7883,544
15:07,99.803,99.807,99.803,99.807,1192
15:08,99.8168,99.8168,99.803,99.803,799
15:09,99.823,99.823,99.8168,99.8168,1839
15:10,99.7914,99.823,99.7914,99.823,1496
15:11,99.8138,99.8138,99.7914,99.7914,875
15:12,99.8158,99.8158,99.8138,99.8138,808
15:13,99.7629,99.8158,99.7629,99.8158,674
15:14,99.7566,99.7629,99.7566,99.7629,891
15:15,99.7676,99.7676,99.7566,99.7566,948
15:16,99.8021,99.8021,99.7676,99.7676,926
15:17,99.8241,99.8241,99.8021,99.8021,1122
15:18,99.8318,99.8318,99.8241,99.8241,1314
15:19,99.8117,99.8318,99.8117,99.8318,1223
15:20,99.8318,99.8318,99.8117,99.8117,832
15:21,99.8483,99.8483,99.8318,99.8318,663
15:22,99.861,99.861,99.8483,99.8483,1813
15:23,99.8148,99.861,99.8148,99.861,888
15:24,99.8158,99.8158,99.8148,99.8148,914
15:25,99.7366,99.8158,99.7366,99.8158,974
15:26,99.6947,99.7366,99.6947,99.7366,622
15:27,99.7138,99.7138,99.6947,99.6947,1030
15:28,99.7523,99.7523,99.7138,99.7138,1054
15:29,99.7675,99.7675,99.7523,99.7523,1597
15:30,99.7353,99.7675,99.7353,99.7675,1689
15:31,99.7365,99.7365,99.7353,99.7353,1361
15:32,99.7634,99.7634,99.7365,99.7365,1956
15:33,99.7233,99.7634,99.7233,99.7634,1643
15:34,99.6757,99.7233,99.6757,99.7233,1506
15:35,99.6339,99.6757,99.6339,99.6757,1671
15:36,99.5888,99.6339,99.5888,99.6339,1543
15:37,99.574,99.5888,99.574,99.5888,1505
15:38,99.5655,99.574,99.5655,99.574,1656
15:39,99.5192,99.5655,99.5192,99.5655,1288
15:40,99.5262,99.5262,99.5192,99.5192,2246
15:41,99.543,99.543,99.5262,99.5262,1518
15:42,99.5541,99.5541,99.543,99.543,3096
15:43,99.564,99.564,99.5541,99.5541,2244
15:44,99.5861,99.5861,99.564,99.564,2671
15:45,99.5384,99.5861,99.5384,99.5861,3354
15:46,99.5787,99.5787,99.5384,99.5384,3804
15:47,99.6213,99.6213,99.5787,99.5787,1871
15:48,99.6276,99.6276,99.6213,99.6213,3277
15:49,99.6064,99.6276,99.6064,99.6276,5216
15:50,99.5836,99.6064,99.5836,99.6064,2268
15:51,99.5987,99.5987,99.5836,99.5836,5160
15:52,99.5967,99.5987,99.5967,99.5987,2200
15:53,99.669,99.669,99.5967,99.5967,3711
15:54,99.6996,99.6996,99.669,99.669,5897
15:55,99.7043,99.7043,99.6996,99.6996,3531
15:56,99.7038,99.7043,99.7038,99.7043,4898
15:57,99.6999,99.7038,99.6999,99.7038,4511
15:58,99.6576,99.6999,99.6576,99.6999,14929
15:59,99.7112,99.7112,99.6576,99.6576,9667
