Time,Close,High,Low,Open,Volume
09:30,100.0173,100.0173,100.0004,100.0004,18689
09:31,100.0121,100.0173,100.0121,100.0173,10511
09:32,99.9836,100.0121,99.9836,100.0121,11775
09:33,99.9639,99.9836,99.9639,99.9836,16820
09:34,99.9601,99.9639,99.9601,99.9639,13466
09:35,99.9313,99.9601,99.9313,99.9601,4493
09:36,99.8881,99.9313,99.8881,99.9313,8147
09:37,99.8572,99.8881,99.8572,99.8881,5054
09:38,99.8265,99.8572,99.8265,99.8572,4718
09:39,99.8458,99.8458,99.8265,99.8265,5203
09:40,99.8413,99.8458,99.8413,99.8458,4357
09:41,99.8751,99.8751,99.8413,99.8413,6393
09:42,99.8794,99.8794,99.8751,99.8751,4619
09:43,99.9155,99.9155,99.8794,99.8794,3408
09:44,99.9227,99.9227,99.9155,99.9155,3544
09:45,99.9499,99.9499,99.9227,99.9227,3169
09:46,99.9083,99.9499,99.9083,99.9499,4457
09:47,99.9289,99.9289,99.9083,99.9083,2280
09:48,99.896,99.9289,99.896,99.9289,2567
09:49,99.9148,99.9148,99.896,99.896,1594
09:50,99.9127,99.9148,99.9127,99.9148,823
09:51,99.9634,99.9634,99.9127,99.9127,2423
09:52,99.9626,99.9634,99.9626,99.9634,2474
09:53,99.9947,99.9947,99.9626,99.9626,1331
09:54,100.0249,100.0249,99.9947,99.9947,3691
09:55,100.0205,100.0249,100.0205,100.0249,943
09:56,100.0038,100.0205,100.0038,100.0205,1539
09:57,99.9631,100.0038,99.9631,100.0038,1363
09:58,99.9679,99.9679,99.9631,99.9631,2420
09:59,99.9633,99.9679,99.9633,99.9679,2289
10:00,99.9499,99.9633,99.9499,99.9633,1393
10:01,100.0215,100.0215,99.9499,99.9499,1466
10:02,100.0075,100.0215,100.0075,100.0215,912
10:03,100.0656,100.0656,100.0075,100.0075,605
10:04,100.0361,100.0656,100.0361,100.0656,1056
10:05,100.0037,100.0361,100.0037,100.0361,1239
10:06,99.9894,100.0037,99.9894,100.0037,1782
10:07,100.0041,100.0041,99.9894,99.9894,1736
10:08,100.0467,100.0467,100.0041,100.0041,974
10:09,100.0441,100.0467,100.0441,100.0467,992
10:10,100.0794,100.0794,100.0441,100.0441,752
10:11,100.1436,100.1436,100.0794,100.0794,653
10:12,100.1754,100.1754,100.1436,100.1436,585
10:13,100.2305,100.2305,100.1754,100.1754,2120
10:14,100.2314,100.2314,100.2305,100.2305,880
10:15,100.2571,100.2571,100.2314,100.2314,897
10:16,100.2517,100.2571,100.2517,100.2571,668
10:17,100.2823,100.2823,100.2517,100.2517,1365
10:18,100.2488,100.2823,100.2488,100.2823,582
10:19,100.2412,100.2488,100.2412,100.2488,953
10:20,100.2189,100.2412,100.2189,100.2412,746
10:21,100.2513,100.2513,100.2189,100.2189,1171
10:22,100.2489,100.2513,100.2489,100.2513,850
10:23,100.234,100.2489,100.234,100.2489,668
10:24,100.1918,100.234,100.1918,100.234,1004
10:25,100.1676,100.1918,100.1676,100.1918,1178
10:26,100.154,100.1676,100.154,100.1676,1034
10:27,100.1718,100.1718,100.154,100.154,1123
10:28,100.1856,100.1856,100.1718,100.1718,805
10:29,100.257,100.257,100.1856,100.1856,885
10:30,100.2763,100.2763,100.257,100.257,792
10:31,100.2805,100.2805,100.2763,100.2763,885
10:32,100.2813,100.2813,100.2805,100.2805,753
10:33,100.2677,100.2813,100.2677,100.2813,544
10:34,100.2923,100.2923,100.2677,100.2677,1068
10:35,100.3459,100.3459,100.2923,100.2923,870
10:36,100.3554,100.3554,100.3459,100.3459,562
10:37,100.3383,100.3554,100.3383,100.3554,1181
10:38,100.301,100.3383,100.301,100.3383,726
10:39,100.272,100.301,100.272,100.301,1020
10:40,100.2832,100.2832,100.272,100.272,1297
10:41,100.3064,100.3064,100.2832,100.2832,1048
10:42,100.3223,100.3223,100.3064,100.3064,1499
10:43,100.2936,100.3223,100.2936,100.3223,646
10:44,100.2579,100.2936,100.2579,100.2936,1154
10:45,100.2833,100.2833,100.2579,100.2579,785
10:46,100.2695,100.2833,100.2695,100.2833,735
10:47,100.2375,100.2695,100.2375,100.2695,815
10:48,100.2269,100.2375,100.2269,100.2375,896
10:49,100.2155,100.2269,100.2155,100.2269,1020
10:50,100.1959,100.2155,100.1959,100.2155,662
10:51,100.1758,100.1959,100.1758,100.1959,1376
10:52,100.1809,100.1809,100.1758,100.1758,1180
10:53,100.2017,100.2017,100.1809,100.1809,580
10:54,100.167,100.2017,100.167,100.2017,1695
10:55,100.192,100.192,100.167,100.167,1958
10:56,100.1904,100.192,100.1904,100.192,1519
10:57,100.1776,100.1904,100.1776,100.1904,938
10:58,100.1491,100.1776,100.1491,100.1776,684
10:59,100.147,100.1491,100.147,100.1491,1453
11:00,100.168,100.168,100.147,100.147,867
11:01,100.1863,100.1863,100.168,100.168,1542
11:02,100.157,100.1863,100.157,100.1863,1077
11:03,100.1531,100.157,100.1531,100.157,1414
11:04,100.1702,100.1702,100.1531,100.1531,1135
11:05,100.1355,100.1702,100.1355,100.1702,1285
11:06,100.1662,100.1662,100.1355,100.1355,1004
11:07,100.2052,100.2052,100.1662,100.1662,1883
11:08,100.2588,100.2588,100.2052,100.2052,1046
11:09,100.2255,100.2588,100.2255,100.2588,1153
11:10,100.2959,100.2959,100.2255,100.2255,1949
11:11,100.3313,100.3313,100.2959,100.2959,620
11:12,100.3396,100.3396,100.3313,100.3313,637
11:13,100.3654,100.3654,100.3396,100.3396,1410
11:14,100.3584,100.3654,100.3584,100.3654,660
11:15,100.3459,100.3584,100.3459,100.3584,1992
11:16,100.3846,100.3846,100.3459,100.3459,864
11:17,100.3827,100.3846,100.3827,100.3846,767
11:18,100.4072,100.4072,100.3827,100.3827,1977
11:19,100.4062,100.4072,100.4062,100.4072,1690
11:20,100.4159,100.4159,100.4062,100.4062,1939
11:21,100.4074,100.4159,100.4074,100.4159,1379
11:22,100.4192,100.4192,100.4074,100.4074,737
11:23,100.4559,100.4559,100.4192,100.4192,1968
11:24,100.4695,100.4695,100.4559,100.4559,909
11:25,100.4785,100.4785,100.4695,100.4695,1329
11:26,100.4685,100.4785,100.4685,100.4785,1399
11:27,100.4237,100.4685,100.4237,100.4685,947
11:28,100.4085,100.4237,100.4085,100.4237,1243
11:29,100.395,100.4085,100.395,100.4085,1387
11:30,100.3847,100.395,100.3847,100.395,1143
11:31,100.4132,100.4132,100.3847,100.3847,677
11:32,100.4028,100.4132,100.4028,100.4132,1112
11:33,100.3772,100.4028,100.3772,100.4028,1600
11:34,100.3657,100.3772,100.3657,100.3772,782
11:35,100.3379,100.3657,100.3379,100.3657,948
11:36,100.31,100.3379,100.31,100.3379,857
11:37,100.315,100.315,100.31,100.31,1926
11:38,100.3261,100.3261,100.315,100.315,1269
11:39,100.3357,100.3357,100.3261,100.3261,1155
11:40,100.3863,100.3863,100.3357,100.3357,761
11:41,100.4382,100.4382,100.3863,100.3863,1211
11:42,100.4448,100.4448,100.4382,100.4382,787
11:43,100.4071,100.4448,100.4071,100.4448,1011
11:44,100.4201,100.4201,100.4071,100.4071,798
11:45,100.4852,100.4852,100.4201,100.4201,1271
11:46,100.4865,100.4865,100.4852,100.4852,1227
11:47,100.525,100.525,100.4865,100.4865,929
11:48,100.6034,100.6034,100.525,100.525,1151
11:49,100.6147,100.6147,100.6034,100.6034,679
11:50,100.6024,100.6147,100.6024,100.6147,589
11:51,100.5902,100.6024,100.5902,100.6024,1169
11:52,100.5206,100.5902,100.5206,100.5902,1061
11:53,100.5382,100.5382,100.5206,100.5206,1252
11:54,100.5984,100.5984,100.5382,100.5382,2328
11:55,100.6371,100.6371,100.5984,100.5984,1398
11:56,100.6269,100.6371,100.6269,100.6371,724
11:57,100.587,100.6269,100.587,100.6269,1486
11:58,100.5522,100.587,100.5522,100.587,627
11:59,100.5251,100.5522,100.5251,100.5522,849
12:00,100.5555,100.5555,100.5251,100.5251,976
12:01,100.564,100.564,100.5555,100.5555,1836
12:02,100.5777,100.5777,100.564,100.564,768
12:03,100.5505,100.5777,100.5505,100.5777,746
12:04,100.5432,100.5505,100.5432,100.5505,966
12:05,100.5915,100.5915,100.5432,100.5432,790
12:06,100.5963,100.5963,100.5915,100.5915,1491
12:07,100.5846,100.5963,100.5846,100.5963,682
12:08,100.5996,100.5996,100.5846,100.5846,666
12:09,100.6107,100.6107,100.5996,100.5996,856
12:10,100.6167,100.6167,100.6107,100.6107,838
12:11,100.6563,100.6563,100.6167,100.6167,1982
12:12,100.6767,100.6767,100.6563,100.6563,1400
12:13,100.6823,100.6823,100.6767,100.6767,1032
12:14,100.7198,100.7198,100.6823,100.6823,648
12:15,100.7269,100.7269,100.7198,100.7198,1349
12:16,100.7896,100.7896,100.7269,100.7269,701
12:17,100.779,100.7896,100.779,100.7896,578
12:18,100.8022,100.8022,100.779,100.779,1524
12:19,100.8237,100.8237,100.8022,100.8022,1119
12:20,100.8484,100.8484,100.8237,100.8237,1386
12:21,100.8196,100.8484,100.8196,100.8484,1120
12:22,100.8513,100.8513,100.8196,100.8196,1355
12:23,100.8761,100.8761,100.8513,100.8513,794
12:24,100.8589,100.8761,100.8589,100.8761,693
12:25,100.8733,100.8733,100.8589,100.8589,1273
12:26,100.8375,100.8733,100.8375,100.8733,752
12:27,100.7894,100.8375,100.7894,100.8375,783
12:28,100.7893,100.7894,100.7893,100.7894,851
12:29,100.7564,100.7893,100.7564,100.7893,1006
12:30,100.7233,100.7564,100.7233,100.7564,882
12:31,100.7267,100.7267,100.7233,100.7233,614
12:32,100.7347,100.7347,100.7267,100.7267,796
12:33,100.7368,100.7368,100.7347,100.7347,455
12:34,100.7442,100.7442,100.7368,100.7368,1248
12:35,100.7012,100.7442,100.7012,100.7442,567
12:36,100.6848,100.7012,100.6848,100.7012,676
12:37,100.685,100.685,100.6848,100.6848,1019
12:38,100.6562,100.685,100.6562,100.685,769
12:39,100.6466,100.6562,100.6466,100.6562,1728
12:40,100.6022,100.6466,100.6022,100.6466,632
12:41,100.6501,100.6501,100.6022,100.6022,1099
12:42,100.7094,100.7094,100.6501,100.6501,986
12:43,100.7129,100.7129,100.7094,100.7094,661
12:44,100.6745,100.7129,100.6745,100.7129,1204
12:45,100.6968,100.6968,100.6745,100.6745,941
12:46,100.6982,100.6982,100.6968,100.6968,1315
12:47,100.7117,100.7117,100.6982,100.6982,1339
12:48,100.7038,100.7117,100.7038,100.7117,2153
12:49,100.6905,100.7038,100.6905,100.7038,1606
12:50,100.6607,100.6905,100.6607,100.6905,877
12:51,100.689,100.689,100.6607,100.6607,919
12:52,100.7157,100.7157,100.689,100.689,1477
12:53,100.663,100.7157,100.663,100.7157,1261
12:54,100.6294,100.663,100.6294,100.663,1255
12:55,100.6249,100.6294,100.6249,100.6294,564
12:56,100.648,100.648,100.6249,100.6249,991
12:57,100.6039,100.648,100.6039,100.648,770
12:58,100.6017,100.6039,100.6017,100.6039,1104
12:59,100.5979,100.6017,100.5979,100.6017,966
13:00,100.6056,100.6056,100.5979,100.5979,1381
13:01,100.6549,100.6549,100.6056,100.6056,1119
13:02,100.6198,100.6549,100.6198,100.6549,1321
13:03,100.5744,100.6198,100.5744,100.6198,848
13:04,100.5299,100.5744,100.5299,100.5744,715
13:05,100.5745,100.5745,100.5299,100.5299,865
13:06,100.5521,100.5745,100.5521,100.5745,994
13:07,100.5283,100.5521,100.5283,100.5521,1144
13:08,100.5507,100.5507,100.5283,100.5283,2228
13:09,100.4894,100.5507,100.4894,100.5507,985
13:10,100.5056,100.5056,100.4894,100.4894,713
13:11,100.5188,100.5188,100.5056,100.5056,885
13:12,100.5391,100.5391,100.5188,100.5188,848
13:13,100.5094,100.5391,100.5094,100.5391,1186
13:14,100.5218,100.5218,100.5094,100.5094,579
13:15,100.5212,100.5218,100.5212,100.5218,1023
13:16,100.5547,100.5547,100.5212,100.5212,1057
13:17,100.5413,100.5547,100.5413,100.5547,1086
13:18,100.5597,100.5597,100.5413,100.5413,809
13:19,100.5762,100.5762,100.5597,100.5597,919
13:20,100.5575,100.5762,100.5575,100.5762,604
13:21,100.4844,100.5575,100.4844,100.5575,840
13:22,100.4691,100.4844,100.4691,100.4844,825
13:23,100.4481,100.4691,100.4481,100.4691,1159
13:24,100.3784,100.4481,100.3784,100.4481,664
13:25,100.3995,100.3995,100.3784,100.3784,1319
13:26,100.3912,100.3995,100.3912,100.3995,1699
13:27,100.3614,100.3912,100.3614,100.3912,480
13:28,100.389,100.389,100.3614,100.3614,1163
13:29,100.3831,100.389,100.3831,100.389,1271
13:30,100.3865,100.3865,100.3831,100.3831,798
13:31,100.3972,100.3972,100.3865,100.3865,869
13:32,100.4235,100.4235,100.3972,100.3972,954
13:33,100.3664,100.4235,100.3664,100.4235,900
13:34,100.4056,100.4056,100.3664,100.3664,896
13:35,100.4083,100.4083,100.4056,100.4056,552
13:36,100.4328,100.4328,100.4083,100.4083,1505
13:37,100.4451,100.4451,100.4328,100.4328,1466
13:38,100.4715,100.4715,100.4451,100.4451,750
13:39,100.4817,100.4817,100.4715,100.4715,595
13:40,100.4978,100.4978,100.4817,100.4817,1203
13:41,100.5129,100.5129,100.4978,100.4978,815
13:42,100.5187,100.5187,100.5129,100.5129,1052
13:43,100.4957,100.5187,100.4957,100.5187,893
13:44,100.5015,100.5015,100.4957,100.4957,1278
13:45,100.4378,100.5015,100.4378,100.5015,1279
13:46,100.498,100.498,100.4378,100.4378,773
13:47,100.5384,100.5384,100.498,100.498,612
13:48,100.5307,100.5384,100.5307,100.5384,571
13:49,100.5546,100.5546,100.5307,100.5307,1242
13:50,100.5427,100.5546,100.5427,100.5546,656
13:51,100.5165,100.5427,100.5165,100.5427,836
13:52,100.5286,100.5286,100.5165,100.5165,809
13:53,100.5677,100.5677,100.5286,100.5286,982
13:54,100.6019,100.6019,100.5677,100.5677,503
13:55,100.589,100.6019,100.589,100.6019,1069
13:56,100.5624,100.589,100.5624,100.589,1204
13:57,100.5162,100.5624,100.5162,100.5624,1032
13:58,100.524,100.524,100.5162,100.5162,896
13:59,100.4465,100.524,100.4465,100.524,1035
14:00,100.4125,100.4465,100.4125,100.4465,1152
14:01,100.4169,100.4169,100.4125,100.4125,374
14:02,100.4348,100.4348,100.4169,100.4169,2000
14:03,100.438,100.438,100.4348,100.4348,1148
14:04,100.4205,100.438,100.4205,100.438,794
14:05,100.4299,100.4299,100.4205,100.4205,871
14:06,100.4228,100.4299,100.4228,100.4299,1191
14:07,100.4729,100.4729,100.4228,100.4228,960
14:08,100.5024,100.5024,100.4729,100.4729,487
14:09,100.5661,100.5661,100.5024,100.5024,2079
14:10,100.5447,100.5661,100.5447,100.5661,962
14:11,100.5332,100.5447,100.5332,100.5447,1436
14:12,100.5658,100.5658,100.5332,100.5332,782
14:13,100.5617,100.5658,100.5617,100.5658,1724
14:14,100.5277,100.5617,100.5277,100.5617,1107
14:15,100.5294,100.5294,100.5277,100.5277,1241
14:16,100.5083,100.5294,100.5083,100.5294,690
14:17,100.5496,100.5496,100.5083,100.5083,1536
14:18,100.5954,100.5954,100.5496,100.5496,1277
14:19,100.6215,100.6215,100.5954,100.5954,1586
14:20,100.6389,100.6389,100.6215,100.6215,800
14:21,100.6553,100.6553,100.6389,100.6389,843
14:22,100.641,100.6553,100.641,100.6553,2263
14:23,100.6425,100.6425,100.641,100.641,687
14:24,100.6606,100.6606,100.6425,100.6425,953
14:25,100.663,100.663,100.6606,100.6606,1496
14:26,100.7006,100.7006,100.663,100.663,1035
14:27,100.6836,100.7006,100.6836,100.7006,1230
14:28,100.6978,100.6978,100.6836,100.6836,868
14:29,100.7189,100.7189,100.6978,100.6978,1140
14:30,100.7478,100.7478,100.7189,100.7189,629
14:31,100.7389,100.7478,100.7389,100.7478,1800
14:32,100.7308,100.7389,100.7308,100.7389,959
14:33,100.7581,100.7581,100.7308,100.7308,786
14:34,100.7773,100.7773,100.7581,100.7581,1267
14:35,100.7997,100.7997,100.7773,100.7773,849
14:36,100.7963,100.7997,100.7963,100.7997,623
14:37,100.8294,100.8294,100.7963,100.7963,620
14:38,100.8204,100.8294,100.8204,100.8294,1279
14:39,100.8045,100.8204,100.8045,100.8204,945
14:40,100.7974,100.8045,100.7974,100.8045,954
14:41,100.8318,100.8318,100.7974,100.7974,1466
14:42,100.7595,100.8318,100.7595,100.8318,671
14:43,100.7579,100.7595,100.7579,100.7595,772
14:44,100.7278,100.7579,100.7278,100.7579,873
14:45,100.721,100.7278,100.721,100.7278,1035
14:46,100.6683,100.721,100.6683,100.721,986
14:47,100.6315,100.6683,100.6315,100.6683,904
14:48,100.6716,100.6716,100.6315,100.6315,979
14:49,100.6579,100.6716,100.6579,100.6716,964
14:50,100.6672,100.6672,100.6579,100.6579,776
14:51,100.6999,100.6999,100.6672,100.6672,751
14:52,100.6378,100.6999,100.6378,100.6999,1104
14:53,100.6245,100.6378,100.6245,100.6378,731
14:54,100.6251,100.6251,100.6245,100.6245,665
14:55,100.5945,100.6251,100.5945,100.6251,898
14:56,100.6285,100.6285,100.5945,100.5945,949
14:57,100.6516,100.6516,100.6285,100.6285,2234
14:58,100.6561,100.6561,100.6516,100.6516,782
14:59,100.6721,100.6721,100.6561,100.6561,1404
15:00,100.7033,100.7033,100.6721,100.6721,1311
15:01,100.6686,100.7033,100.6686,100.7033,660
15:02,100.6531,100.6686,100.6531,100.6686,1326
15:03,100.6546,100.6546,100.6531,100.6531,663
15:04,100.6655,100.6655,100.6546,100.6546,394
15:05,100.6488,100.6655,100.6488,100.6655,1255
15:06,100.6628,100.6628,100.6488,100.6488,544
15:07,100.6282,100.6628,100.6282,100.6628,1192
15:08,100.6175,100.6282,100.6175,100.6282,799
15:09,100.6137,100.6175,100.6137,100.6175,1839
15:10,100.6274,100.6274,100.6137,100.6137,1496
15:11,100.6422,100.6422,100.6274,100.6274,875
15:12,100.68,100.68,100.6422,100.6422,808
15:13,100.6397,100.68,100.6397,100.68,674
15:14,100.616,100.6397,100.616,100.6397,891
15:15,100.6382,100.6382,100.616,100.616,948
15:16,100.6517,100.6517,100.6382,100.6382,926
15:17,100.6657,100.6657,100.6517,100.6517,1122
15:18,100.6708,100.6708,100.6657,100.6657,1314
15:19,100.6981,100.6981,100.6708,100.6708,1223
15:20,100.7093,100.7093,100.6981,100.6981,832
15:21,100.7046,100.7093,100.7046,100.7093,663
15:22,100.6986,100.7046,100.6986,100.7046,1813
15:23,100.6767,100.6986,100.6767,100.6986,888
15:24,100.6693,100.6767,100.6693,100.6767,914
15:25,100.7071,100.7071,100.6693,100.6693,974
15:26,100.6602,100.7071,100.6602,100.7071,622
15:27,100.6684,100.6684,100.6602,100.6602,1030
15:28,100.6967,100.6967,100.6684,100.6684,1054
15:29,100.6903,100.6967,100.6903,100.6967,1597
15:30,100.7094,100.7094,100.6903,100.6903,1689
15:31,100.7564,100.7564,100.7094,100.7094,1361
15:32,100.7315,100.7564,100.7315,100.7564,1956
15:33,100.7821,100.7821,100.7315,100.7315,1643
15:34,100.8049,100.8049,100.7821,100.7821,1506
15:35,100.8027,100.8049,100.8027,100.8049,1671
15:36,100.7784,100.8027,100.7784,100.8027,1543
15:37,100.7799,100.7799,100.7784,100.7784,1505
15:38,100.7685,100.7799,100.7685,100.7799,1656
15:39,100.7747,100.7747,100.7685,100.7685,1288
15:40,100.794,100.794,100.7747,100.7747,2246
15:41,100.8007,100.8007,100.794,100.794,1518
15:42,100.7863,100.8007,100.7863,100.8007,3096
15:43,100.7973,100.7973,100.7863,100.7863,2244
15:44,100.8182,100.8182,100.7973,100.7973,2671
15:45,100.7979,100.8182,100.7979,100.8182,3354
15:46,100.8004,100.8004,100.7979,100.7979,3804
15:47,100.8001,100.8004,100.8001,100.8004,1871
15:48,100.8812,100.8812,100.8001,100.8001,3277
15:49,100.882,100.882,100.8812,100.8812,5216
15:50,100.878,100.882,100.878,100.882,2268
15:51,100.8034,100.878,100.8034,100.878,5160
15:52,100.8327,100.8327,100.8034,100.8034,2200
15:53,100.843,100.843,100.8327,100.8327,3711
15:54,100.834,100.843,100.834,100.843,5897
15:55,100.8468,100.8468,100.834,100.834,3531
15:56,100.8667,100.8667,100.8468,100.8468,4898
15:57,100.8985,100.8985,100.8667,100.8667,4511
15:58,100.8679,100.8985,100.8679,100.8985,14929
15:59,100.8588,100.8679,100.8588,100.8679,9667
