Time,Close,High,Low,Open,Volume
09:30,100.0768,100.151,100.0768,100.151,18689
09:31,99.9237,100.0768,99.9237,100.0768,10511
09:32,99.9896,99.9896,99.9237,99.9237,11775
09:33,99.8376,99.9896,99.8376,99.9896,16820
09:34,99.6014,99.8376,99.6014,99.8376,13466
09:35,99.4596,99.6014,99.4596,99.6014,4493
09:36,99.456,99.4596,99.456,99.4596,8147
09:37,99.4385,99.456,99.4385,99.456,5054
09:38,99.0855,99.4385,99.0855,99.4385,4718
09:39,99.266,99.266,99.0855,99.0855,5203
09:40,99.2118,99.266,99.2118,99.266,4357
09:41,99.1082,99.2118,99.1082,99.2118,6393
09:42,99.1182,99.1182,99.1082,99.1082,4619
09:43,99.1901,99.1901,99.1182,99.1182,3408
09:44,99.3348,99.3348,99.1901,99.1901,3544
09:45,99.5444,99.5444,99.3348,99.3348,3169
09:46,99.4318,99.5444,99.4318,99.5444,4457
09:47,99.3082,99.4318,99.3082,99.4318,2280
09:48,98.9582,99.3082,98.9582,99.3082,2567
09:49,98.9456,98.9582,98.9456,98.9582,1594
09:50,98.7985,98.9456,98.7985,98.9456,823
09:51,98.5621,98.7985,98.5621,98.7985,2423
09:52,98.6453,98.6453,98.5621,98.5621,2474
09:53,98.4999,98.6453,98.4999,98.6453,1331
09:54,98.5706,98.5706,98.4999,98.4999,3691
09:55,98.7214,98.7214,98.5706,98.5706,943
09:56,98.4307,98.7214,98.4307,98.7214,1539
09:57,98.7338,98.7338,98.4307,98.4307,1363
09:58,98.6643,98.7338,98.6643,98.7338,2420
09:59,98.7945,98.7945,98.6643,98.6643,2289
10:00,98.7793,98.7945,98.7793,98.7945,1393
10:01,98.6649,98.7793,98.6649,98.7793,1466
10:02,98.8961,98.8961,98.6649,98.6649,912
10:03,98.9808,98.9808,98.8961,98.8961,605
10:04,98.7849,98.9808,98.7849,98.9808,1056
10:05,98.8424,98.8424,98.7849,98.7849,1239
10:06,98.8951,98.8951,98.8424,98.8424,1782
10:07,98.6488,98.8951,98.6488,98.8951,1736
10:08,98.7106,98.7106,98.6488,98.6488,974
10:09,98.3661,98.7106,98.3661,98.7106,992
10:10,98.5543,98.5543,98.3661,98.3661,752
10:11,98.5038,98.5543,98.5038,98.5543,653
10:12,98.3738,98.5038,98.3738,98.5038,585
10:13,98.4111,98.4111,98.3738,98.3738,2120
10:14,98.6718,98.6718,98.4111,98.4111,880
10:15,98.776,98.776,98.6718,98.6718,897
10:16,98.9843,98.9843,98.776,98.776,668
10:17,99.149,99.149,98.9843,98.9843,1365
10:18,98.8385,99.149,98.8385,99.149,582
10:19,99.2497,99.2497,98.8385,98.8385,953
10:20,99.1133,99.2497,99.1133,99.2497,746
10:21,99.3783,99.3783,99.1133,99.1133,1171
10:22,99.2689,99.3783,99.2689,99.3783,850
10:23,99.2458,99.2689,99.2458,99.2689,668
10:24,99.2067,99.2458,99.2067,99.2458,1004
10:25,99.0476,99.2067,99.0476,99.2067,1178
10:26,99.0834,99.0834,99.0476,99.0476,1034
10:27,99.408,99.408,99.0834,99.0834,1123
10:28,99.2165,99.408,99.2165,99.408,805
10:29,99.1396,99.2165,99.1396,99.2165,885
10:30,99.2898,99.2898,99.1396,99.1396,792
10:31,99.4255,99.4255,99.2898,99.2898,885
10:32,99.9058,99.9058,99.4255,99.4255,753
10:33,99.7294,99.9058,99.7294,99.9058,544
10:34,99.8777,99.8777,99.7294,99.7294,1068
10:35,99.7757,99.8777,99.7757,99.8777,870
10:36,99.4065,99.7757,99.4065,99.7757,562
10:37,99.3609,99.4065,99.3609,99.4065,1181
10:38,99.2462,99.3609,99.2462,99.3609,726
10:39,99.0063,99.2462,99.0063,99.2462,1020
10:40,98.8422,99.0063,98.8422,99.0063,1297
10:41,98.704,98.8422,98.704,98.8422,1048
10:42,98.8339,98.8339,98.704,98.704,1499
10:43,98.7728,98.8339,98.7728,98.8339,646
10:44,98.8379,98.8379,98.7728,98.7728,1154
10:45,99.2248,99.2248,98.8379,98.8379,785
10:46,99.1808,99.2248,99.1808,99.2248,735
10:47,99.4584,99.4584,99.1808,99.1808,815
10:48,99.5128,99.5128,99.4584,99.4584,896
10:49,99.4164,99.5128,99.4164,99.5128,1020
10:50,99.3584,99.4164,99.3584,99.4164,662
10:51,99.7649,99.7649,99.3584,99.3584,1376
10:52,99.6891,99.7649,99.6891,99.7649,1180
10:53,99.4116,99.6891,99.4116,99.6891,580
10:54,99.2425,99.4116,99.2425,99.4116,1695
10:55,99.5154,99.5154,99.2425,99.2425,1958
10:56,99.6716,99.6716,99.5154,99.5154,1519
10:57,99.7847,99.7847,99.6716,99.6716,938
10:58,99.7714,99.7847,99.7714,99.7847,684
10:59,99.7714,99.7714,99.7714,99.7714,1453
11:00,99.5119,99.7714,99.5119,99.7714,867
11:01,99.5388,99.5388,99.5119,99.5119,1542
11:02,99.3147,99.5388,99.3147,99.5388,1077
11:03,99.6257,99.6257,99.3147,99.3147,1414
11:04,99.8885,99.8885,99.6257,99.6257,1135
11:05,100.0471,100.0471,99.8885,99.8885,1285
11:06,99.7818,100.0471,99.7818,100.0471,1004
11:07,99.4964,99.7818,99.4964,99.7818,1883
11:08,99.5294,99.5294,99.4964,99.4964,1046
11:09,99.8421,99.8421,99.5294,99.5294,1153
11:10,99.8419,99.8421,99.8419,99.8421,1949
11:11,100.1324,100.1324,99.8419,99.8419,620
11:12,100.4747,100.4747,100.1324,100.1324,637
11:13,100.5433,100.5433,100.4747,100.4747,1410
11:14,100.6189,100.6189,100.5433,100.5433,660
11:15,100.6709,100.6709,100.6189,100.6189,1992
11:16,100.6882,100.6882,100.6709,100.6709,864
11:17,100.6876,100.6882,100.6876,100.6882,767
11:18,100.6386,100.6876,100.6386,100.6876,1977
11:19,100.828,100.828,100.6386,100.6386,1690
11:20,101.103,101.103,100.828,100.828,1939
11:21,100.8261,101.103,100.8261,101.103,1379
11:22,100.9682,100.9682,100.8261,100.8261,737
11:23,101.3021,101.3021,100.9682,100.9682,1968
11:24,101.462,101.462,101.3021,101.3021,909
11:25,101.375,101.462,101.375,101.462,1329
11:26,101.376,101.376,101.375,101.375,1399
11:27,101.1282,101.376,101.1282,101.376,947
11:28,101.1533,101.1533,101.1282,101.1282,1243
11:29,101.2505,101.2505,101.1533,101.1533,1387
11:30,101.2264,101.2505,101.2264,101.2505,1143
11:31,100.9193,101.2264,100.9193,101.2264,677
11:32,101.0614,101.0614,100.9193,100.9193,1112
11:33,101.0646,101.0646,101.0614,101.0614,1600
11:34,100.9658,101.0646,100.9658,101.0646,782
11:35,101.0175,101.0175,100.9658,100.9658,948
11:36,101.0727,101.0727,101.0175,101.0175,857
11:37,100.9881,101.0727,100.9881,101.0727,1926
11:38,100.7837,100.9881,100.7837,100.9881,1269
11:39,100.6934,100.7837,100.6934,100.7837,1155
11:40,100.513,100.6934,100.513,100.6934,761
11:41,101.0797,101.0797,100.513,100.513,1211
11:42,101.1003,101.1003,101.0797,101.0797,787
11:43,101.0294,101.1003,101.0294,101.1003,1011
11:44,100.9736,101.0294,100.9736,101.0294,798
11:45,101.0238,101.0238,100.9736,100.9736,1271
11:46,101.2637,101.2637,101.0238,101.0238,1227
11:47,101.4789,101.4789,101.2637,101.2637,929
11:48,101.2347,101.4789,101.2347,101.4789,1151
11:49,100.9042,101.2347,100.9042,101.2347,679
11:50,100.7243,100.9042,100.7243,100.9042,589
11:51,100.7484,100.7484,100.7243,100.7243,1169
11:52,100.8514,100.8514,100.7484,100.7484,1061
11:53,100.9036,100.9036,100.8514,100.8514,1252
11:54,100.9904,100.9904,100.9036,100.9036,2328
11:55,101.0978,101.0978,100.9904,100.9904,1398
11:56,101.4013,101.4013,101.0978,101.0978,724
11:57,101.1411,101.4013,101.1411,101.4013,1486
11:58,101.048,101.1411,101.048,101.1411,627
11:59,100.8453,101.048,100.8453,101.048,849
12:00,100.7193,100.8453,100.7193,100.8453,976
12:01,100.6816,100.7193,100.6816,100.7193,1836
12:02,100.6162,100.6816,100.6162,100.6816,768
12:03,100.5302,100.6162,100.5302,100.6162,746
12:04,100.8419,100.8419,100.5302,100.5302,966
12:05,100.9508,100.9508,100.8419,100.8419,790
12:06,100.9644,100.9644,100.9508,100.9508,1491
12:07,101.3365,101.3365,100.9644,100.9644,682
12:08,101.3324,101.3365,101.3324,101.3365,666
12:09,101.1273,101.3324,101.1273,101.3324,856
12:10,101.2327,101.2327,101.1273,101.1273,838
12:11,100.9187,101.2327,100.9187,101.2327,1982
12:12,100.7677,100.9187,100.7677,100.9187,1400
12:13,100.9067,100.9067,100.7677,100.7677,1032
12:14,100.5135,100.9067,100.5135,100.9067,648
12:15,100.4977,100.5135,100.4977,100.5135,1349
12:16,100.2708,100.4977,100.2708,100.4977,701
12:17,100.0116,100.2708,100.0116,100.2708,578
12:18,99.751,100.0116,99.751,100.0116,1524
12:19,99.6631,99.751,99.6631,99.751,1119
12:20,100.0551,100.0551,99.6631,99.6631,1386
12:21,100.1395,100.1395,100.0551,100.0551,1120
12:22,99.9711,100.1395,99.9711,100.1395,1355
12:23,100.0289,100.0289,99.9711,99.9711,794
12:24,100.0946,100.0946,100.0289,100.0289,693
12:25,100.3701,100.3701,100.0946,100.0946,1273
12:26,100.3177,100.3701,100.3177,100.3701,752
12:27,100.4704,100.4704,100.3177,100.3177,783
12:28,100.3593,100.4704,100.3593,100.4704,851
12:29,100.2216,100.3593,100.2216,100.3593,1006
12:30,100.3897,100.3897,100.2216,100.2216,882
12:31,100.8107,100.8107,100.3897,100.3897,614
12:32,100.4889,100.8107,100.4889,100.8107,796
12:33,100.2952,100.4889,100.2952,100.4889,455
12:34,100.3035,100.3035,100.2952,100.2952,1248
12:35,100.0052,100.3035,100.0052,100.3035,567
12:36,100.1095,100.1095,100.0052,100.0052,676
12:37,100.0886,100.1095,100.0886,100.1095,1019
12:38,99.7588,100.0886,99.7588,100.0886,769
12:39,100.0733,100.0733,99.7588,99.7588,1728
12:40,100.0293,100.0733,100.0293,100.0733,632
12:41,100.2831,100.2831,100.0293,100.0293,1099
12:42,100.4009,100.4009,100.2831,100.2831,986
12:43,100.3578,100.4009,100.3578,100.4009,661
12:44,100.348,100.3578,100.348,100.3578,1204
12:45,100.4028,100.4028,100.348,100.348,941
12:46,100.2413,100.4028,100.2413,100.4028,1315
12:47,100.3032,100.3032,100.2413,100.2413,1339
12:48,100.0328,100.3032,100.0328,100.3032,2153
12:49,100.0988,100.0988,100.0328,100.0328,1606
12:50,100.3485,100.3485,100.0988,100.0988,877
12:51,99.7596,100.3485,99.7596,100.3485,919
12:52,99.5351,99.7596,99.5351,99.7596,1477
12:53,99.571,99.571,99.5351,99.5351,1261
12:54,99.9251,99.9251,99.571,99.571,1255
12:55,99.7141,99.9251,99.7141,99.9251,564
12:56,100.0103,100.0103,99.7141,99.7141,991
12:57,100.0467,100.0467,100.0103,100.0103,770
12:58,99.9441,100.0467,99.9441,100.0467,1104
12:59,99.9895,99.9895,99.9441,99.9441,966
13:00,99.7746,99.9895,99.7746,99.9895,1381
13:01,99.6143,99.7746,99.6143,99.7746,1119
13:02,99.5256,99.6143,99.5256,99.6143,1321
13:03,99.5316,99.5316,99.5256,99.5256,848
13:04,99.6728,99.6728,99.5316,99.5316,715
13:05,99.1118,99.6728,99.1118,99.6728,865
13:06,99.0115,99.1118,99.0115,99.1118,994
13:07,98.9025,99.0115,98.9025,99.0115,1144
13:08,98.9643,98.9643,98.9025,98.9025,2228
13:09,99.2717,99.2717,98.9643,98.9643,985
13:10,99.307,99.307,99.2717,99.2717,713
13:11,99.228,99.307,99.228,99.307,885
13:12,99.1169,99.228,99.1169,99.228,848
13:13,98.6507,99.1169,98.6507,99.1169,1186
13:14,98.5972,98.6507,98.5972,98.6507,579
13:15,98.6803,98.6803,98.5972,98.5972,1023
13:16,98.7737,98.7737,98.6803,98.6803,1057
13:17,98.799,98.799,98.7737,98.7737,1086
13:18,98.6705,98.799,98.6705,98.799,809
13:19,98.3416,98.6705,98.3416,98.6705,919
13:20,98.3417,98.3417,98.3416,98.3416,604
13:21,98.4944,98.4944,98.3417,98.3417,840
13:22,98.4066,98.4944,98.4066,98.4944,825
13:23,98.1239,98.4066,98.1239,98.4066,1159
13:24,98.2074,98.2074,98.1239,98.1239,664
13:25,98.0447,98.2074,98.0447,98.2074,1319
13:26,97.9274,98.0447,97.9274,98.0447,1699
13:27,97.9582,97.9582,97.9274,97.9274,480
13:28,98.224,98.224,97.9582,97.9582,1163
13:29,98.0526,98.224,98.0526,98.224,1271
13:30,97.8231,98.0526,97.8231,98.0526,798
13:31,98.0281,98.0281,97.8231,97.8231,869
13:32,98.1792,98.1792,98.0281,98.0281,954
13:33,98.3903,98.3903,98.1792,98.1792,900
13:34,98.3644,98.3903,98.3644,98.3903,896
13:35,98.3359,98.3644,98.3359,98.3644,552
13:36,98.7984,98.7984,98.3359,98.3359,1505
13:37,98.7052,98.7984,98.7052,98.7984,1466
13:38,98.6295,98.7052,98.6295,98.7052,750
13:39,98.8109,98.8109,98.6295,98.6295,595
13:40,98.7952,98.8109,98.7952,98.8109,1203
13:41,99.0831,99.0831,98.7952,98.7952,815
13:42,99.2413,99.2413,99.0831,99.0831,1052
13:43,99.0554,99.2413,99.0554,99.2413,893
13:44,98.7692,99.0554,98.7692,99.0554,1278
13:45,98.766,98.7692,98.766,98.7692,1279
13:46,99.0395,99.0395,98.766,98.766,773
13:47,98.9294,99.0395,98.9294,99.0395,612
13:48,98.8976,98.9294,98.8976,98.9294,571
13:49,98.8215,98.8976,98.8215,98.8976,1242
13:50,98.8783,98.8783,98.8215,98.8215,656
13:51,98.7058,98.8783,98.7058,98.8783,836
13:52,98.4689,98.7058,98.4689,98.7058,809
13:53,98.1912,98.4689,98.1912,98.4689,982
13:54,98.0905,98.1912,98.0905,98.1912,503
13:55,98.4363,98.4363,98.0905,98.0905,1069
13:56,97.8574,98.4363,97.8574,98.4363,1204
13:57,98.1029,98.1029,97.8574,97.8574,1032
13:58,98.4378,98.4378,98.1029,98.1029,896
13:59,98.3516,98.4378,98.3516,98.4378,1035
14:00,98.2543,98.3516,98.2543,98.3516,1152
14:01,98.1902,98.2543,98.1902,98.2543,374
14:02,98.411,98.411,98.1902,98.1902,2000
14:03,98.5523,98.5523,98.411,98.411,1148
14:04,98.6667,98.6667,98.5523,98.5523,794
14:05,98.3963,98.6667,98.3963,98.6667,871
14:06,98.0976,98.3963,98.0976,98.3963,1191
14:07,97.8777,98.0976,97.8777,98.0976,960
14:08,98.2453,98.2453,97.8777,97.8777,487
14:09,98.1757,98.2453,98.1757,98.2453,2079
14:10,98.2428,98.2428,98.1757,98.1757,962
14:11,98.3243,98.3243,98.2428,98.2428,1436
14:12,98.3157,98.3243,98.3157,98.3243,782
14:13,98.6112,98.6112,98.3157,98.3157,1724
14:14,98.8101,98.8101,98.6112,98.6112,1107
14:15,99.117,99.117,98.8101,98.8101,1241
14:16,99.2752,99.2752,99.117,99.117,690
14:17,99.4726,99.4726,99.2752,99.2752,1536
14:18,99.1547,99.4726,99.1547,99.4726,1277
14:19,99.1637,99.1637,99.1547,99.1547,1586
14:20,99.377,99.377,99.1637,99.1637,800
14:21,99.2043,99.377,99.2043,99.377,843
14:22,99.1092,99.2043,99.1092,99.2043,2263
14:23,98.9308,99.1092,98.9308,99.1092,687
14:24,98.7174,98.9308,98.7174,98.9308,953
14:25,98.5774,98.7174,98.5774,98.7174,1496
14:26,98.3498,98.5774,98.3498,98.5774,1035
14:27,98.8612,98.8612,98.3498,98.3498,1230
14:28,99.0164,99.0164,98.8612,98.8612,868
14:29,98.9902,99.0164,98.9902,99.0164,1140
14:30,99.0921,99.0921,98.9902,98.9902,629
14:31,98.9051,99.0921,98.9051,99.0921,1800
14:32,98.6399,98.9051,98.6399,98.9051,959
14:33,98.7303,98.7303,98.6399,98.6399,786
14:34,98.6297,98.7303,98.6297,98.7303,1267
14:35,98.3928,98.6297,98.3928,98.6297,849
14:36,98.5562,98.5562,98.3928,98.3928,623
14:37,98.526,98.5562,98.526,98.5562,620
14:38,98.5015,98.526,98.5015,98.526,1279
14:39,98.5744,98.5744,98.5015,98.5015,945
14:40,98.6255,98.6255,98.5744,98.5744,954
14:41,98.8352,98.8352,98.6255,98.6255,1466
14:42,98.8787,98.8787,98.8352,98.8352,671
14:43,98.8421,98.8787,98.8421,98.8787,772
14:44,98.7671,98.8421,98.7671,98.8421,873
14:45,98.7402,98.7671,98.7402,98.7671,1035
14:46,98.8945,98.8945,98.7402,98.7402,986
14:47,98.9352,98.9352,98.8945,98.8945,904
14:48,98.8088,98.9352,98.8088,98.9352,979
14:49,98.8776,98.8776,98.8088,98.8088,964
14:50,99.235,99.235,98.8776,98.8776,776
14:51,99.397,99.397,99.235,99.235,751
14:52,99.5973,99.5973,99.397,99.397,1104
14:53,99.6782,99.6782,99.5973,99.5973,731
14:54,99.7859,99.7859,99.6782,99.6782,665
14:55,99.4436,99.7859,99.4436,99.7859,898
14:56,99.5298,99.5298,99.4436,99.4436,949
14:57,99.5663,99.5663,99.5298,99.5298,2234
14:58,99.6988,99.6988,99.5663,99.5663,782
14:59,99.5868,99.6988,99.5868,99.6988,1404
15:00,99.8501,99.8501,99.5868,99.5868,1311
15:01,100.0028,100.0028,99.8501,99.8501,660
15:02,100.218,100.218,100.0028,100.0028,1326
15:03,100.1392,100.218,100.1392,100.218,663
15:04,100.615,100.615,100.1392,100.1392,394
15:05,100.3193,100.615,100.3193,100.615,1255
15:06,100.6632,100.6632,100.3193,100.3193,544
15:07,100.8192,100.8192,100.6632,100.6632,1192
15:08,100.7863,100.8192,100.7863,100.8192,799
15:09,100.6653,100.7863,100.6653,100.7863,1839
15:10,100.3821,100.6653,100.3821,100.6653,1496
15:11,99.8317,100.3821,99.8317,100.3821,875
15:12,100.0737,100.0737,99.8317,99.8317,808
15:13,100.1179,100.1179,100.0737,100.0737,674
15:14,99.9106,100.1179,99.9106,100.1179,891
15:15,99.6771,99.9106,99.6771,99.9106,948
15:16,99.5834,99.6771,99.5834,99.6771,926
15:17,99.7447,99.7447,99.5834,99.5834,1122
15:18,99.82,99.82,99.7447,99.7447,1314
15:19,100.1588,100.1588,99.82,99.82,1223
15:20,100.073,100.1588,100.073,100.1588,832
15:21,99.959,100.073,99.959,100.073,663
15:22,99.8692,99.959,99.8692,99.959,1813
15:23,99.8549,99.8692,99.8549,99.8692,888
15:24,99.8338,99.8549,99.8338,99.8549,914
15:25,99.8109,99.8338,99.8109,99.8338,974
15:26,99.8659,99.8659,99.8109,99.8109,622
15:27,99.908,99.908,99.8659,99.8659,1030
15:28,99.9439,99.9439,99.908,99.908,1054
15:29,100.186,100.186,99.9439,99.9439,1597
15:30,100.5468,100.5468,100.186,100.186,1689
15:31,100.5608,100.5608,100.5468,100.5468,1361
15:32,100.3933,100.5608,100.3933,100.5608,1956
15:33,100.2379,100.3933,100.2379,100.3933,1643
15:34,100.4095,100.4095,100.2379,100.2379,1506
15:35,100.6206,100.6206,100.4095,100.4095,1671
15:36,100.6803,100.6803,100.6206,100.6206,1543
15:37,100.7274,100.7274,100.6803,100.6803,1505
15:38,100.6377,100.7274,100.6377,100.7274,1656
15:39,100.7296,100.7296,100.6377,100.6377,1288
15:40,100.9096,100.9096,100.7296,100.7296,2246
15:41,100.9993,100.9993,100.9096,100.9096,1518
15:42,101.2616,101.2616,100.9993,100.9993,3096
15:43,100.8938,101.2616,100.8938,101.2616,2244
15:44,100.9527,100.9527,100.8938,100.8938,2671
15:45,100.7326,100.9527,100.7326,100.9527,3354
15:46,100.9231,100.9231,100.7326,100.7326,3804
15:47,100.7799,100.9231,100.7799,100.9231,1871
15:48,100.7954,100.7954,100.7799,100.7799,3277
15:49,100.7731,100.7954,100.7731,100.7954,5216
15:50,101.0079,101.0079,100.7731,100.7731,2268
15:51,101.1509,101.1509,101.0079,101.0079,5160
15:52,101.0784,101.1509,101.0784,101.1509,2200
15:53,101.0165,101.0784,101.0165,101.0784,3711
15:54,101.0774,101.0774,101.0165,101.0165,5897
15:55,101.1999,101.1999,101.0774,101.0774,3531
15:56,101.2006,101.2006,101.1999,101.1999,4898
15:57,101.0322,101.2006,101.0322,101.2006,4511
15:58,101.197,101.197,101.0322,101.0322,14929
15:59,101.3895,101.3895,101.197,101.197,9667
