Time,Close,High,Low,Open,Volume
09:30,99.9013,99.969,99.9013,99.969,18689
09:31,99.8711,99.9013,99.8711,99.9013,10511
09:32,99.885,99.885,99.8711,99.8711,11775
09:33,99.9031,99.9031,99.885,99.885,16820
09:34,99.9594,99.9594,99.9031,99.9031,13466
09:35,99.9324,99.9594,99.9324,99.9594,4493
09:36,99.9127,99.9324,99.9127,99.9324,8147
09:37,99.9482,99.9482,99.9127,99.9127,5054
09:38,99.9881,99.9881,99.9482,99.9482,4718
09:39,100.0733,100.0733,99.9881,99.9881,5203
09:40,100.0366,100.0733,100.0366,100.0733,4357
09:41,100.0107,100.0366,100.0107,100.0366,6393
09:42,100.0124,100.0124,100.0107,100.0107,4619
09:43,99.9291,100.0124,99.9291,100.0124,3408
09:44,100.0071,100.0071,99.9291,99.9291,3544
09:45,99.9986,100.0071,99.9986,100.0071,3169
09:46,100.0218,100.0218,99.9986,99.9986,4457
09:47,100.0407,100.0407,100.0218,100.0218,2280
09:48,100.0568,100.0568,100.0407,100.0407,2567
09:49,100.0722,100.0722,100.0568,100.0568,1594
09:50,100.1318,100.1318,100.0722,100.0722,823
09:51,100.1425,100.1425,100.1318,100.1318,2423
09:52,100.1399,100.1425,100.1399,100.1425,2474
09:53,100.107,100.1399,100.107,100.1399,1331
09:54,100.1203,100.1203,100.107,100.107,3691
09:55,100.1245,100.1245,100.1203,100.1203,943
09:56,100.1444,100.1444,100.1245,100.1245,1539
09:57,100.1816,100.1816,100.1444,100.1444,1363
09:58,100.1932,100.1932,100.1816,100.1816,2420
09:59,100.2829,100.2829,100.1932,100.1932,2289
10:00,100.2662,100.2829,100.2662,100.2829,1393
10:01,100.211,100.2662,100.211,100.2662,1466
10:02,100.2386,100.2386,100.211,100.211,912
10:03,100.2198,100.2386,100.2198,100.2386,605
10:04,100.2309,100.2309,100.2198,100.2198,1056
10:05,100.2801,100.2801,100.2309,100.2309,1239
10:06,100.222,100.2801,100.222,100.2801,1782
10:07,100.2569,100.2569,100.222,100.222,1736
10:08,100.2189,100.2569,100.2189,100.2569,974
10:09,100.2814,100.2814,100.2189,100.2189,992
10:10,100.2548,100.2814,100.2548,100.2814,752
10:11,100.2897,100.2897,100.2548,100.2548,653
10:12,100.2416,100.2897,100.2416,100.2897,585
10:13,100.1957,100.2416,100.1957,100.2416,2120
10:14,100.1475,100.1957,100.1475,100.1957,880
10:15,100.1873,100.1873,100.1475,100.1475,897
10:16,100.283,100.283,100.1873,100.1873,668
10:17,100.3009,100.3009,100.283,100.283,1365
10:18,100.3565,100.3565,100.3009,100.3009,582
10:19,100.3982,100.3982,100.3565,100.3565,953
10:20,100.4281,100.4281,100.3982,100.3982,746
10:21,100.3802,100.4281,100.3802,100.4281,1171
10:22,100.4303,100.4303,100.3802,100.3802,850
10:23,100.3955,100.4303,100.3955,100.4303,668
10:24,100.339,100.3955,100.339,100.3955,1004
10:25,100.41,100.41,100.339,100.339,1178
10:26,100.4332,100.4332,100.41,100.41,1034
10:27,100.4634,100.4634,100.4332,100.4332,1123
10:28,100.4924,100.4924,100.4634,100.4634,805
10:29,100.4615,100.4924,100.4615,100.4924,885
10:30,100.4679,100.4679,100.4615,100.4615,792
10:31,100.4438,100.4679,100.4438,100.4679,885
10:32,100.4224,100.4438,100.4224,100.4438,753
10:33,100.3978,100.4224,100.3978,100.4224,544
10:34,100.4051,100.4051,100.3978,100.3978,1068
10:35,100.3987,100.4051,100.3987,100.4051,870
10:36,100.4128,100.4128,100.3987,100.3987,562
10:37,100.445,100.445,100.4128,100.4128,1181
10:38,100.4135,100.445,100.4135,100.445,726
10:39,100.4327,100.4327,100.4135,100.4135,1020
10:40,100.4587,100.4587,100.4327,100.4327,1297
10:41,100.4392,100.4587,100.4392,100.4587,1048
10:42,100.3544,100.4392,100.3544,100.4392,1499
10:43,100.3357,100.3544,100.3357,100.3544,646
10:44,100.3073,100.3357,100.3073,100.3357,1154
10:45,100.2893,100.3073,100.2893,100.3073,785
10:46,100.2648,100.2893,100.2648,100.2893,735
10:47,100.2209,100.2648,100.2209,100.2648,815
10:48,100.1713,100.2209,100.1713,100.2209,896
10:49,100.1952,100.1952,100.1713,100.1713,1020
10:50,100.1856,100.1952,100.1856,100.1952,662
10:51,100.2106,100.2106,100.1856,100.1856,1376
10:52,100.1615,100.2106,100.1615,100.2106,1180
10:53,100.2037,100.2037,100.1615,100.1615,580
10:54,100.2278,100.2278,100.2037,100.2037,1695
10:55,100.1472,100.2278,100.1472,100.2278,1958
10:56,100.2275,100.2275,100.1472,100.1472,1519
10:57,100.2477,100.2477,100.2275,100.2275,938
10:58,100.2483,100.2483,100.2477,100.2477,684
10:59,100.2296,100.2483,100.2296,100.2483,1453
11:00,100.1961,100.2296,100.1961,100.2296,867
11:01,100.1821,100.1961,100.1821,100.1961,1542
11:02,100.2777,100.2777,100.1821,100.1821,1077
11:03,100.2827,100.2827,100.2777,100.2777,1414
11:04,100.2462,100.2827,100.2462,100.2827,1135
11:05,100.1925,100.2462,100.1925,100.2462,1285
11:06,100.229,100.229,100.1925,100.1925,1004
11:07,100.2158,100.229,100.2158,100.229,1883
11:08,100.2498,100.2498,100.2158,100.2158,1046
11:09,100.2183,100.2498,100.2183,100.2498,1153
11:10,100.1943,100.2183,100.1943,100.2183,1949
11:11,100.1712,100.1943,100.1712,100.1943,620
11:12,100.1317,100.1712,100.1317,100.1712,637
11:13,100.2118,100.2118,100.1317,100.1317,1410
11:14,100.1562,100.2118,100.1562,100.2118,660
11:15,100.1551,100.1562,100.1551,100.1562,1992
11:16,100.1916,100.1916,100.1551,100.1551,864
11:17,100.1802,100.1916,100.1802,100.1916,767
11:18,100.2033,100.2033,100.1802,100.1802,1977
11:19,100.1627,100.2033,100.1627,100.2033,1690
11:20,100.1963,100.1963,100.1627,100.1627,1939
11:21,100.207,100.207,100.1963,100.1963,1379
11:22,100.1766,100.207,100.1766,100.207,737
11:23,100.204,100.204,100.1766,100.1766,1968
11:24,100.2911,100.2911,100.204,100.204,909
11:25,100.3323,100.3323,100.2911,100.2911,1329
11:26,100.3699,100.3699,100.3323,100.3323,1399
11:27,100.364,100.3699,100.364,100.3699,947
11:28,100.3447,100.364,100.3447,100.364,1243
11:29,100.3627,100.3627,100.3447,100.3447,1387
11:30,100.3452,100.3627,100.3452,100.3627,1143
11:31,100.2724,100.3452,100.2724,100.3452,677
11:32,100.2195,100.2724,100.2195,100.2724,1112
11:33,100.1973,100.2195,100.1973,100.2195,1600
11:34,100.2119,100.2119,100.1973,100.1973,782
11:35,100.1836,100.2119,100.1836,100.2119,948
11:36,100.1943,100.1943,100.1836,100.1836,857
11:37,100.1996,100.1996,100.1943,100.1943,1926
11:38,100.245,100.245,100.1996,100.1996,1269
11:39,100.2884,100.2884,100.245,100.245,1155
11:40,100.2988,100.2988,100.2884,100.2884,761
11:41,100.3233,100.3233,100.2988,100.2988,1211
11:42,100.3028,100.3233,100.3028,100.3233,787
11:43,100.3011,100.3028,100.3011,100.3028,1011
11:44,100.3304,100.3304,100.3011,100.3011,798
11:45,100.2761,100.3304,100.2761,100.3304,1271
11:46,100.3177,100.3177,100.2761,100.2761,1227
11:47,100.2672,100.3177,100.2672,100.3177,929
11:48,100.2581,100.2672,100.2581,100.2672,1151
11:49,100.2689,100.2689,100.2581,100.2581,679
11:50,100.2712,100.2712,100.2689,100.2689,589
11:51,100.2835,100.2835,100.2712,100.2712,1169
11:52,100.233,100.2835,100.233,100.2835,1061
11:53,100.2575,100.2575,100.233,100.233,1252
11:54,100.2892,100.2892,100.2575,100.2575,2328
11:55,100.2833,100.2892,100.2833,100.2892,1398
11:56,100.3334,100.3334,100.2833,100.2833,724
11:57,100.371,100.371,100.3334,100.3334,1486
11:58,100.3263,100.371,100.3263,100.371,627
11:59,100.3409,100.3409,100.3263,100.3263,849
12:00,100.3964,100.3964,100.3409,100.3409,976
12:01,100.3655,100.3964,100.3655,100.3964,1836
12:02,100.3074,100.3655,100.3074,100.3655,768
12:03,100.3575,100.3575,100.3074,100.3074,746
12:04,100.3757,100.3757,100.3575,100.3575,966
12:05,100.322,100.3757,100.322,100.3757,790
12:06,100.2676,100.322,100.2676,100.322,1491
12:07,100.2604,100.2676,100.2604,100.2676,682
12:08,100.3212,100.3212,100.2604,100.2604,666
12:09,100.4139,100.4139,100.3212,100.3212,856
12:10,100.436,100.436,100.4139,100.4139,838
12:11,100.4678,100.4678,100.436,100.436,1982
12:12,100.4997,100.4997,100.4678,100.4678,1400
12:13,100.5377,100.5377,100.4997,100.4997,1032
12:14,100.5292,100.5377,100.5292,100.5377,648
12:15,100.5285,100.5292,100.5285,100.5292,1349
12:16,100.4676,100.5285,100.4676,100.5285,701
12:17,100.48,100.48,100.4676,100.4676,578
12:18,100.4701,100.48,100.4701,100.48,1524
12:19,100.4911,100.4911,100.4701,100.4701,1119
12:20,100.4981,100.4981,100.4911,100.4911,1386
12:21,100.4832,100.4981,100.4832,100.4981,1120
12:22,100.4714,100.4832,100.4714,100.4832,1355
12:23,100.4269,100.4714,100.4269,100.4714,794
12:24,100.3805,100.4269,100.3805,100.4269,693
12:25,100.4032,100.4032,100.3805,100.3805,1273
12:26,100.461,100.461,100.4032,100.4032,752
12:27,100.577,100.577,100.461,100.461,783
12:28,100.4616,100.577,100.4616,100.577,851
12:29,100.4694,100.4694,100.4616,100.4616,1006
12:30,100.5432,100.5432,100.4694,100.4694,882
12:31,100.5623,100.5623,100.5432,100.5432,614
12:32,100.594,100.594,100.5623,100.5623,796
12:33,100.6525,100.6525,100.594,100.594,455
12:34,100.6565,100.6565,100.6525,100.6525,1248
12:35,100.6355,100.6565,100.6355,100.6565,567
12:36,100.6513,100.6513,100.6355,100.6355,676
12:37,100.6543,100.6543,100.6513,100.6513,1019
12:38,100.6287,100.6543,100.6287,100.6543,769
12:39,100.5711,100.6287,100.5711,100.6287,1728
12:40,100.5631,100.5711,100.5631,100.5711,632
12:41,100.5685,100.5685,100.5631,100.5631,1099
12:42,100.6102,100.6102,100.5685,100.5685,986
12:43,100.5935,100.6102,100.5935,100.6102,661
12:44,100.593,100.5935,100.593,100.5935,1204
12:45,100.5838,100.593,100.5838,100.593,941
12:46,100.542,100.5838,100.542,100.5838,1315
12:47,100.546,100.546,100.542,100.542,1339
12:48,100.5156,100.546,100.5156,100.546,2153
12:49,100.5838,100.5838,100.5156,100.5156,1606
12:50,100.562,100.5838,100.562,100.5838,877
12:51,100.555,100.562,100.555,100.562,919
12:52,100.5051,100.555,100.5051,100.555,1477
12:53,100.4801,100.5051,100.4801,100.5051,1261
12:54,100.448,100.4801,100.448,100.4801,1255
12:55,100.4644,100.4644,100.448,100.448,564
12:56,100.5035,100.5035,100.4644,100.4644,991
12:57,100.4435,100.5035,100.4435,100.5035,770
12:58,100.4212,100.4435,100.4212,100.4435,1104
12:59,100.4492,100.4492,100.4212,100.4212,966
13:00,100.4287,100.4492,100.4287,100.4492,1381
13:01,100.4635,100.4635,100.4287,100.4287,1119
13:02,100.4692,100.4692,100.4635,100.4635,1321
13:03,100.4427,100.4692,100.4427,100.4692,848
13:04,100.4367,100.4427,100.4367,100.4427,715
13:05,100.5119,100.5119,100.4367,100.4367,865
13:06,100.5491,100.5491,100.5119,100.5119,994
13:07,100.6042,100.6042,100.5491,100.5491,1144
13:08,100.607,100.607,100.6042,100.6042,2228
13:09,100.6209,100.6209,100.607,100.607,985
13:10,100.5677,100.6209,100.5677,100.6209,713
13:11,100.4651,100.5677,100.4651,100.5677,885
13:12,100.4173,100.4651,100.4173,100.4651,848
13:13,100.4386,100.4386,100.4173,100.4173,1186
13:14,100.4385,100.4386,100.4385,100.4386,579
13:15,100.4141,100.4385,100.4141,100.4385,1023
13:16,100.4117,100.4141,100.4117,100.4141,1057
13:17,100.4083,100.4117,100.4083,100.4117,1086
13:18,100.2939,100.4083,100.2939,100.4083,809
13:19,100.2962,100.2962,100.2939,100.2939,919
13:20,100.3619,100.3619,100.2962,100.2962,604
13:21,100.3116,100.3619,100.3116,100.3619,840
13:22,100.3992,100.3992,100.3116,100.3116,825
13:23,100.3813,100.3992,100.3813,100.3992,1159
13:24,100.3822,100.3822,100.3813,100.3813,664
13:25,100.3251,100.3822,100.3251,100.3822,1319
13:26,100.3261,100.3261,100.3251,100.3251,1699
13:27,100.33,100.33,100.3261,100.3261,480
13:28,100.3631,100.3631,100.33,100.33,1163
13:29,100.4071,100.4071,100.3631,100.3631,1271
13:30,100.406,100.4071,100.406,100.4071,798
13:31,100.4808,100.4808,100.406,100.406,869
13:32,100.3993,100.4808,100.3993,100.4808,954
13:33,100.331,100.3993,100.331,100.3993,900
13:34,100.3695,100.3695,100.331,100.331,896
13:35,100.3807,100.3807,100.3695,100.3695,552
13:36,100.3539,100.3807,100.3539,100.3807,1505
13:37,100.3568,100.3568,100.3539,100.3539,1466
13:38,100.3759,100.3759,100.3568,100.3568,750
13:39,100.3328,100.3759,100.3328,100.3759,595
13:40,100.2948,100.3328,100.2948,100.3328,1203
13:41,100.2575,100.2948,100.2575,100.2948,815
13:42,100.2742,100.2742,100.2575,100.2575,1052
13:43,100.2251,100.2742,100.2251,100.2742,893
13:44,100.3169,100.3169,100.2251,100.2251,1278
13:45,100.3768,100.3768,100.3169,100.3169,1279
13:46,100.4434,100.4434,100.3768,100.3768,773
13:47,100.4813,100.4813,100.4434,100.4434,612
13:48,100.4745,100.4813,100.4745,100.4813,571
13:49,100.5072,100.5072,100.4745,100.4745,1242
13:50,100.5023,100.5072,100.5023,100.5072,656
13:51,100.4961,100.5023,100.4961,100.5023,836
13:52,100.5009,100.5009,100.4961,100.4961,809
13:53,100.5195,100.5195,100.5009,100.5009,982
13:54,100.4352,100.5195,100.4352,100.5195,503
13:55,100.4079,100.4352,100.4079,100.4352,1069
13:56,100.4576,100.4576,100.4079,100.4079,1204
13:57,100.4765,100.4765,100.4576,100.4576,1032
13:58,100.4904,100.4904,100.4765,100.4765,896
13:59,100.4886,100.4904,100.4886,100.4904,1035
14:00,100.5062,100.5062,100.4886,100.4886,1152
14:01,100.5427,100.5427,100.5062,100.5062,374
14:02,100.493,100.5427,100.493,100.5427,2000
14:03,100.501,100.501,100.493,100.493,1148
14:04,100.4646,100.501,100.4646,100.501,794
14:05,100.403,100.4646,100.403,100.4646,871
14:06,100.3548,100.403,100.3548,100.403,1191
14:07,100.3786,100.3786,100.3548,100.3548,960
14:08,100.4079,100.4079,100.3786,100.3786,487
14:09,100.4602,100.4602,100.4079,100.4079,2079
14:10,100.4574,100.4602,100.4574,100.4602,962
14:11,100.465,100.465,100.4574,100.4574,1436
14:12,100.3995,100.465,100.3995,100.465,782
14:13,100.3476,100.3995,100.3476,100.3995,1724
14:14,100.3784,100.3784,100.3476,100.3476,1107
14:15,100.368,100.3784,100.368,100.3784,1241
14:16,100.3613,100.368,100.3613,100.368,690
14:17,100.3515,100.3613,100.3515,100.3613,1536
14:18,100.3902,100.3902,100.3515,100.3515,1277
14:19,100.3822,100.3902,100.3822,100.3902,1586
14:20,100.4201,100.4201,100.3822,100.3822,800
14:21,100.524,100.524,100.4201,100.4201,843
14:22,100.5314,100.5314,100.524,100.524,2263
14:23,100.5258,100.5314,100.5258,100.5314,687
14:24,100.5073,100.5258,100.5073,100.5258,953
14:25,100.4748,100.5073,100.4748,100.5073,1496
14:26,100.5058,100.5058,100.4748,100.4748,1035
14:27,100.457,100.5058,100.457,100.5058,1230
14:28,100.51,100.51,100.457,100.457,868
14:29,100.455,100.51,100.455,100.51,1140
14:30,100.4547,100.455,100.4547,100.455,629
14:31,100.4895,100.4895,100.4547,100.4547,1800
14:32,100.5683,100.5683,100.4895,100.4895,959
14:33,100.5776,100.5776,100.5683,100.5683,786
14:34,100.5809,100.5809,100.5776,100.5776,1267
14:35,100.5502,100.5809,100.5502,100.5809,849
14:36,100.5535,100.5535,100.5502,100.5502,623
14:37,100.5182,100.5535,100.5182,100.5535,620
14:38,100.5562,100.5562,100.5182,100.5182,1279
14:39,100.5487,100.5562,100.5487,100.5562,945
14:40,100.5288,100.5487,100.5288,100.5487,954
14:41,100.5651,100.5651,100.5288,100.5288,1466
14:42,100.5223,100.5651,100.5223,100.5651,671
14:43,100.5629,100.5629,100.5223,100.5223,772
14:44,100.6261,100.6261,100.5629,100.5629,873
14:45,100.6109,100.6261,100.6109,100.6261,1035
14:46,100.5971,100.6109,100.5971,100.6109,986
14:47,100.6382,100.6382,100.5971,100.5971,904
14:48,100.6365,100.6382,100.6365,100.6382,979
14:49,100.6403,100.6403,100.6365,100.6365,964
14:50,100.671,100.671,100.6403,100.6403,776
14:51,100.6221,100.671,100.6221,100.671,751
14:52,100.5853,100.6221,100.5853,100.6221,1104
14:53,100.5926,100.5926,100.5853,100.5853,731
14:54,100.5822,100.5926,100.5822,100.5926,665
14:55,100.4907,100.5822,100.4907,100.5822,898
14:56,100.5445,100.5445,100.4907,100.4907,949
14:57,100.4614,100.5445,100.4614,100.5445,2234
14:58,100.5307,100.5307,100.4614,100.4614,782
14:59,100.5414,100.5414,100.5307,100.5307,1404
15:00,100.5399,100.5414,100.5399,100.5414,1311
15:01,100.5621,100.5621,100.5399,100.5399,660
15:02,100.605,100.605,100.5621,100.5621,1326
15:03,100.6315,100.6315,100.605,100.605,663
15:04,100.6607,100.6607,100.6315,100.6315,394
15:05,100.6988,100.6988,100.6607,100.6607,1255
15:06,100.7019,100.7019,100.6988,100.6988,544
15:07,100.7483,100.7483,100.7019,100.7019,1192
15:08,100.7131,100.7483,100.7131,100.7483,799
15:09,100.778,100.778,100.7131,100.7131,1839
15:10,100.7352,100.778,100.7352,100.778,1496
15:11,100.7458,100.7458,100.7352,100.7352,875
15:12,100.7338,100.7458,100.7338,100.7458,808
15:13,100.7695,100.7695,100.7338,100.7338,674
15:14,100.7296,100.7695,100.7296,100.7695,891
15:15,100.7314,100.7314,100.7296,100.7296,948
15:16,100.6956,100.7314,100.6956,100.7314,926
15:17,100.6866,100.6956,100.6866,100.6956,1122
15:18,100.7215,100.7215,100.6866,100.6866,1314
15:19,100.7267,100.7267,100.7215,100.7215,1223
15:20,100.7626,100.7626,100.7267,100.7267,832
15:21,100.7214,100.7626,100.7214,100.7626,663
15:22,100.7678,100.7678,100.7214,100.7214,1813
15:23,100.7592,100.7678,100.7592,100.7678,888
15:24,100.7596,100.7596,100.7592,100.7592,914
15:25,100.7779,100.7779,100.7596,100.7596,974
15:26,100.7785,100.7785,100.7779,100.7779,622
15:27,100.7595,100.7785,100.7595,100.7785,1030
15:28,100.8043,100.8043,100.7595,100.7595,1054
15:29,100.8212,100.8212,100.8043,100.8043,1597
15:30,100.809,100.8212,100.809,100.8212,1689
15:31,100.8232,100.8232,100.809,100.809,1361
15:32,100.7922,100.8232,100.7922,100.8232,1956
15:33,100.8039,100.8039,100.7922,100.7922,1643
15:34,100.7949,100.8039,100.7949,100.8039,1506
15:35,100.8112,100.8112,100.7949,100.7949,1671
15:36,100.8202,100.8202,100.8112,100.8112,1543
15:37,100.8928,100.8928,100.8202,100.8202,1505
15:38,100.9222,100.9222,100.8928,100.8928,1656
15:39,100.9348,100.9348,100.9222,100.9222,1288
15:40,101.0201,101.0201,100.9348,100.9348,2246
15:41,101.0302,101.0302,101.0201,101.0201,1518
15:42,101.1014,101.1014,101.0302,101.0302,3096
15:43,101.0809,101.1014,101.0809,101.1014,2244
15:44,101.0814,101.0814,101.0809,101.0809,2671
15:45,101.0658,101.0814,101.0658,101.0814,3354
15:46,101.1469,101.1469,101.0658,101.0658,3804
15:47,101.0869,101.1469,101.0869,101.1469,1871
15:48,101.0462,101.0869,101.0462,101.0869,3277
15:49,101.0547,101.0547,101.0462,101.0462,5216
15:50,100.9852,101.0547,100.9852,101.0547,2268
15:51,101.0169,101.0169,100.9852,100.9852,5160
15:52,101.0318,101.0318,101.0169,101.0169,2200
15:53,101.0481,101.0481,101.0318,101.0318,3711
15:54,101.1251,101.1251,101.0481,101.0481,5897
15:55,101.1253,101.1253,101.1251,101.1251,3531
15:56,101.0973,101.1253,101.0973,101.1253,4898
15:57,101.0376,101.0973,101.0376,101.0973,4511
15:58,101.0534,101.0534,101.0376,101.0376,14929
15:59,101.0483,101.0534,101.0483,101.0534,9667
