Time,Close,High,Low,Open,Volume
09:30,99.9882,99.9882,99.9774,99.9774,18689
09:31,99.9936,99.9936,99.9882,99.9882,10511
09:32,99.976,99.9936,99.976,99.9936,11775
09:33,99.9922,99.9922,99.976,99.976,16820
09:34,100.006,100.006,99.9922,99.9922,13466
09:35,100.0061,100.0061,100.006,100.006,4493
09:36,99.9922,100.0061,99.9922,100.0061,8147
09:37,100.0106,100.0106,99.9922,99.9922,5054
09:38,100.0048,100.0106,100.0048,100.0106,4718
09:39,99.9942,100.0048,99.9942,100.0048,5203
09:40,99.9849,99.9942,99.9849,99.9942,4357
09:41,99.9968,99.9968,99.9849,99.9849,6393
09:42,99.9712,99.9968,99.9712,99.9968,4619
09:43,99.9877,99.9877,99.9712,99.9712,3408
09:44,99.9778,99.9877,99.9778,99.9877,3544
09:45,99.9761,99.9778,99.9761,99.9778,3169
09:46,99.9964,99.9964,99.9761,99.9761,4457
09:47,99.9832,99.9964,99.9832,99.9964,2280
09:48,99.9867,99.9867,99.9832,99.9832,2567
09:49,99.9563,99.9867,99.9563,99.9867,1594
09:50,99.9542,99.9563,99.9542,99.9563,823
09:51,99.9515,99.9542,99.9515,99.9542,2423
09:52,99.9273,99.9515,99.9273,99.9515,2474
09:53,99.9225,99.9273,99.9225,99.9273,1331
09:54,99.9489,99.9489,99.9225,99.9225,3691
09:55,99.9438,99.9489,99.9438,99.9489,943
09:56,99.917,99.9438,99.917,99.9438,1539
09:57,99.923,99.923,99.917,99.917,1363
09:58,99.9257,99.9257,99.923,99.923,2420
09:59,99.9205,99.9257,99.9205,99.9257,2289
10:00,99.9308,99.9308,99.9205,99.9205,1393
10:01,99.9497,99.9497,99.9308,99.9308,1466
10:02,99.9437,99.9497,99.9437,99.9497,912
10:03,99.9295,99.9437,99.9295,99.9437,605
10:04,99.9158,99.9295,99.9158,99.9295,1056
10:05,99.9079,99.9158,99.9079,99.9158,1239
10:06,99.8984,99.9079,99.8984,99.9079,1782
10:07,99.8859,99.8984,99.8859,99.8984,1736
10:08,99.88,99.8859,99.88,99.8859,974
10:09,99.8824,99.8824,99.88,99.88,992
10:10,99.8726,99.8824,99.8726,99.8824,752
10:11,99.8814,99.8814,99.8726,99.8726,653
10:12,99.8708,99.8814,99.8708,99.8814,585
10:13,99.8408,99.8708,99.8408,99.8708,2120
10:14,99.8514,99.8514,99.8408,99.8408,880
10:15,99.8081,99.8514,99.8081,99.8514,897
10:16,99.8007,99.8081,99.8007,99.8081,668
10:17,99.8069,99.8069,99.8007,99.8007,1365
10:18,99.8072,99.8072,99.8069,99.8069,582
10:19,99.7998,99.8072,99.7998,99.8072,953
10:20,99.7863,99.7998,99.7863,99.7998,746
10:21,99.7596,99.7863,99.7596,99.7863,1171
10:22,99.769,99.769,99.7596,99.7596,850
10:23,99.7688,99.769,99.7688,99.769,668
10:24,99.754,99.7688,99.754,99.7688,1004
10:25,99.7657,99.7657,99.754,99.754,1178
10:26,99.7622,99.7657,99.7622,99.7657,1034
10:27,99.7845,99.7845,99.7622,99.7622,1123
10:28,99.7666,99.7845,99.7666,99.7845,805
10:29,99.7802,99.7802,99.7666,99.7666,885
10:30,99.7589,99.7802,99.7589,99.7802,792
10:31,99.74,99.7589,99.74,99.7589,885
10:32,99.7416,99.7416,99.74,99.74,753
10:33,99.7592,99.7592,99.7416,99.7416,544
10:34,99.743,99.7592,99.743,99.7592,1068
10:35,99.7116,99.743,99.7116,99.743,870
10:36,99.713,99.713,99.7116,99.7116,562
10:37,99.6916,99.713,99.6916,99.713,1181
10:38,99.704,99.704,99.6916,99.6916,726
10:39,99.6709,99.704,99.6709,99.704,1020
10:40,99.6844,99.6844,99.6709,99.6709,1297
10:41,99.6903,99.6903,99.6844,99.6844,1048
10:42,99.6789,99.6903,99.6789,99.6903,1499
10:43,99.6512,99.6789,99.6512,99.6789,646
10:44,99.6315,99.6512,99.6315,99.6512,1154
10:45,99.622,99.6315,99.622,99.6315,785
10:46,99.6004,99.622,99.6004,99.622,735
10:47,99.5961,99.6004,99.5961,99.6004,815
10:48,99.6045,99.6045,99.5961,99.5961,896
10:49,99.6187,99.6187,99.6045,99.6045,1020
10:50,99.5872,99.6187,99.5872,99.6187,662
10:51,99.5921,99.5921,99.5872,99.5872,1376
10:52,99.5926,99.5926,99.5921,99.5921,1180
10:53,99.5768,99.5926,99.5768,99.5926,580
10:54,99.5829,99.5829,99.5768,99.5768,1695
10:55,99.5873,99.5873,99.5829,99.5829,1958
10:56,99.5973,99.5973,99.5873,99.5873,1519
10:57,99.5847,99.5973,99.5847,99.5973,938
10:58,99.5847,99.5847,99.5847,99.5847,684
10:59,99.5573,99.5847,99.5573,99.5847,1453
11:00,99.5418,99.5573,99.5418,99.5573,867
11:01,99.5106,99.5418,99.5106,99.5418,1542
11:02,99.5117,99.5117,99.5106,99.5106,1077
11:03,99.5075,99.5117,99.5075,99.5117,1414
11:04,99.4943,99.5075,99.4943,99.5075,1135
11:05,99.5203,99.5203,99.4943,99.4943,1285
11:06,99.5291,99.5291,99.5203,99.5203,1004
11:07,99.5156,99.5291,99.5156,99.5291,1883
11:08,99.5194,99.5194,99.5156,99.5156,1046
11:09,99.5346,99.5346,99.5194,99.5194,1153
11:10,99.5131,99.5346,99.5131,99.5346,1949
11:11,99.5036,99.5131,99.5036,99.5131,620
11:12,99.5022,99.5036,99.5022,99.5036,637
11:13,99.5086,99.5086,99.5022,99.5022,1410
11:14,99.4853,99.5086,99.4853,99.5086,660
11:15,99.4977,99.4977,99.4853,99.4853,1992
11:16,99.4684,99.4977,99.4684,99.4977,864
11:17,99.4903,99.4903,99.4684,99.4684,767
11:18,99.4778,99.4903,99.4778,99.4903,1977
11:19,99.4232,99.4778,99.4232,99.4778,1690
11:20,99.4211,99.4232,99.4211,99.4232,1939
11:21,99.4376,99.4376,99.4211,99.4211,1379
11:22,99.399,99.4376,99.399,99.4376,737
11:23,99.3866,99.399,99.3866,99.399,1968
11:24,99.3745,99.3866,99.3745,99.3866,909
11:25,99.3609,99.3745,99.3609,99.3745,1329
11:26,99.3485,99.3609,99.3485,99.3609,1399
11:27,99.3225,99.3485,99.3225,99.3485,947
11:28,99.32,99.3225,99.32,99.3225,1243
11:29,99.3049,99.32,99.3049,99.32,1387
11:30,99.2898,99.3049,99.2898,99.3049,1143
11:31,99.2886,99.2898,99.2886,99.2898,677
11:32,99.2766,99.2886,99.2766,99.2886,1112
11:33,99.26,99.2766,99.26,99.2766,1600
11:34,99.2502,99.26,99.2502,99.26,782
11:35,99.2527,99.2527,99.2502,99.2502,948
11:36,99.242,99.2527,99.242,99.2527,857
11:37,99.2471,99.2471,99.242,99.242,1926
11:38,99.2467,99.2471,99.2467,99.2471,1269
11:39,99.2491,99.2491,99.2467,99.2467,1155
11:40,99.248,99.2491,99.248,99.2491,761
11:41,99.2675,99.2675,99.248,99.248,1211
11:42,99.2617,99.2675,99.2617,99.2675,787
11:43,99.2609,99.2617,99.2609,99.2617,1011
11:44,99.2493,99.2609,99.2493,99.2609,798
11:45,99.2355,99.2493,99.2355,99.2493,1271
11:46,99.2175,99.2355,99.2175,99.2355,1227
11:47,99.2135,99.2175,99.2135,99.2175,929
11:48,99.2088,99.2135,99.2088,99.2135,1151
11:49,99.2273,99.2273,99.2088,99.2088,679
11:50,99.221,99.2273,99.221,99.2273,589
11:51,99.1741,99.221,99.1741,99.221,1169
11:52,99.1901,99.1901,99.1741,99.1741,1061
11:53,99.1812,99.1901,99.1812,99.1901,1252
11:54,99.1715,99.1812,99.1715,99.1812,2328
11:55,99.1739,99.1739,99.1715,99.1715,1398
11:56,99.1503,99.1739,99.1503,99.1739,724
11:57,99.1719,99.1719,99.1503,99.1503,1486
11:58,99.1681,99.1719,99.1681,99.1719,627
11:59,99.1493,99.1681,99.1493,99.1681,849
12:00,99.1386,99.1493,99.1386,99.1493,976
12:01,99.1033,99.1386,99.1033,99.1386,1836
12:02,99.0708,99.1033,99.0708,99.1033,768
12:03,99.0845,99.0845,99.0708,99.0708,746
12:04,99.0875,99.0875,99.0845,99.0845,966
12:05,99.0759,99.0875,99.0759,99.0875,790
12:06,99.0719,99.0759,99.0719,99.0759,1491
12:07,99.057,99.0719,99.057,99.0719,682
12:08,99.0709,99.0709,99.057,99.057,666
12:09,99.0461,99.0709,99.0461,99.0709,856
12:10,99.0436,99.0461,99.0436,99.0461,838
12:11,99.0624,99.0624,99.0436,99.0436,1982
12:12,99.0364,99.0624,99.0364,99.0624,1400
12:13,99.02,99.0364,99.02,99.0364,1032
12:14,99.0277,99.0277,99.02,99.02,648
12:15,99.0048,99.0277,99.0048,99.0277,1349
12:16,99.0014,99.0048,99.0014,99.0048,701
12:17,98.9863,99.0014,98.9863,99.0014,578
12:18,98.9754,98.9863,98.9754,98.9863,1524
12:19,98.9765,98.9765,98.9754,98.9754,1119
12:20,98.9597,98.9765,98.9597,98.9765,1386
12:21,98.9474,98.9597,98.9474,98.9597,1120
12:22,98.9311,98.9474,98.9311,98.9474,1355
12:23,98.9112,98.9311,98.9112,98.9311,794
12:24,98.9122,98.9122,98.9112,98.9112,693
12:25,98.926,98.926,98.9122,98.9122,1273
12:26,98.9318,98.9318,98.926,98.926,752
12:27,98.9376,98.9376,98.9318,98.9318,783
12:28,98.926,98.9376,98.926,98.9376,851
12:29,98.9143,98.926,98.9143,98.926,1006
12:30,98.9191,98.9191,98.9143,98.9143,882
12:31,98.9286,98.9286,98.9191,98.9191,614
12:32,98.9723,98.9723,98.9286,98.9286,796
12:33,98.9669,98.9723,98.9669,98.9723,455
12:34,98.9767,98.9767,98.9669,98.9669,1248
12:35,98.9781,98.9781,98.9767,98.9767,567
12:36,98.9536,98.9781,98.9536,98.9781,676
12:37,98.9455,98.9536,98.9455,98.9536,1019
12:38,98.9597,98.9597,98.9455,98.9455,769
12:39,98.9629,98.9629,98.9597,98.9597,1728
12:40,98.961,98.9629,98.961,98.9629,632
12:41,98.9756,98.9756,98.961,98.961,1099
12:42,98.9778,98.9778,98.9756,98.9756,986
12:43,98.9679,98.9778,98.9679,98.9778,661
12:44,98.9424,98.9679,98.9424,98.9679,1204
12:45,98.9303,98.9424,98.9303,98.9424,941
12:46,98.9491,98.9491,98.9303,98.9303,1315
12:47,98.9513,98.9513,98.9491,98.9491,1339
12:48,98.9766,98.9766,98.9513,98.9513,2153
12:49,98.9711,98.9766,98.9711,98.9766,1606
12:50,98.9836,98.9836,98.9711,98.9711,877
12:51,98.962,98.9836,98.962,98.9836,919
12:52,98.9264,98.962,98.9264,98.962,1477
12:53,98.9386,98.9386,98.9264,98.9264,1261
12:54,98.9227,98.9386,98.9227,98.9386,1255
12:55,98.932,98.932,98.9227,98.9227,564
12:56,98.9466,98.9466,98.932,98.932,991
12:57,98.9703,98.9703,98.9466,98.9466,770
12:58,98.9634,98.9703,98.9634,98.9703,1104
12:59,98.9698,98.9698,98.9634,98.9634,966
13:00,98.9475,98.9698,98.9475,98.9698,1381
13:01,98.9331,98.9475,98.9331,98.9475,1119
13:02,98.9303,98.9331,98.9303,98.9331,1321
13:03,98.9339,98.9339,98.9303,98.9303,848
13:04,98.9485,98.9485,98.9339,98.9339,715
13:05,98.9484,98.9485,98.9484,98.9485,865
13:06,98.9511,98.9511,98.9484,98.9484,994
13:07,98.9371,98.9511,98.9371,98.9511,1144
13:08,98.9335,98.9371,98.9335,98.9371,2228
13:09,98.9426,98.9426,98.9335,98.9335,985
13:10,98.9236,98.9426,98.9236,98.9426,713
13:11,98.9127,98.9236,98.9127,98.9236,885
13:12,98.8652,98.9127,98.8652,98.9127,848
13:13,98.8645,98.8652,98.8645,98.8652,1186
13:14,98.8645,98.8645,98.8645,98.8645,579
13:15,98.8625,98.8645,98.8625,98.8645,1023
13:16,98.8499,98.8625,98.8499,98.8625,1057
13:17,98.8334,98.8499,98.8334,98.8499,1086
13:18,98.8531,98.8531,98.8334,98.8334,809
13:19,98.8473,98.8531,98.8473,98.8531,919
13:20,98.8542,98.8542,98.8473,98.8473,604
13:21,98.8314,98.8542,98.8314,98.8542,840
13:22,98.8412,98.8412,98.8314,98.8314,825
13:23,98.8524,98.8524,98.8412,98.8412,1159
13:24,98.8538,98.8538,98.8524,98.8524,664
13:25,98.8584,98.8584,98.8538,98.8538,1319
13:26,98.8829,98.8829,98.8584,98.8584,1699
13:27,98.8575,98.8829,98.8575,98.8829,480
13:28,98.8492,98.8575,98.8492,98.8575,1163
13:29,98.8302,98.8492,98.8302,98.8492,1271
13:30,98.8409,98.8409,98.8302,98.8302,798
13:31,98.8268,98.8409,98.8268,98.8409,869
13:32,98.8246,98.8268,98.8246,98.8268,954
13:33,98.8095,98.8246,98.8095,98.8246,900
13:34,98.817,98.817,98.8095,98.8095,896
13:35,98.8334,98.8334,98.817,98.817,552
13:36,98.8349,98.8349,98.8334,98.8334,1505
13:37,98.842,98.842,98.8349,98.8349,1466
13:38,98.8738,98.8738,98.842,98.842,750
13:39,98.8788,98.8788,98.8738,98.8738,595
13:40,98.8668,98.8788,98.8668,98.8788,1203
13:41,98.8617,98.8668,98.8617,98.8668,815
13:42,98.84,98.8617,98.84,98.8617,1052
13:43,98.845,98.845,98.84,98.84,893
13:44,98.8482,98.8482,98.845,98.845,1278
13:45,98.8345,98.8482,98.8345,98.8482,1279
13:46,98.8079,98.8345,98.8079,98.8345,773
13:47,98.8054,98.8079,98.8054,98.8079,612
13:48,98.8017,98.8054,98.8017,98.8054,571
13:49,98.8225,98.8225,98.8017,98.8017,1242
13:50,98.7997,98.8225,98.7997,98.8225,656
13:51,98.8098,98.8098,98.7997,98.7997,836
13:52,98.7779,98.8098,98.7779,98.8098,809
13:53,98.7746,98.7779,98.7746,98.7779,982
13:54,98.7691,98.7746,98.7691,98.7746,503
13:55,98.7484,98.7691,98.7484,98.7691,1069
13:56,98.7305,98.7484,98.7305,98.7484,1204
13:57,98.7464,98.7464,98.7305,98.7305,1032
13:58,98.7483,98.7483,98.7464,98.7464,896
13:59,98.7418,98.7483,98.7418,98.7483,1035
14:00,98.7531,98.7531,98.7418,98.7418,1152
14:01,98.7307,98.7531,98.7307,98.7531,374
14:02,98.696,98.7307,98.696,98.7307,2000
14:03,98.7021,98.7021,98.696,98.696,1148
14:04,98.7045,98.7045,98.7021,98.7021,794
14:05,98.6768,98.7045,98.6768,98.7045,871
14:06,98.6626,98.6768,98.6626,98.6768,1191
14:07,98.6525,98.6626,98.6525,98.6626,960
14:08,98.6438,98.6525,98.6438,98.6525,487
14:09,98.6467,98.6467,98.6438,98.6438,2079
14:10,98.6753,98.6753,98.6467,98.6467,962
14:11,98.6824,98.6824,98.6753,98.6753,1436
14:12,98.6998,98.6998,98.6824,98.6824,782
14:13,98.733,98.733,98.6998,98.6998,1724
14:14,98.7208,98.733,98.7208,98.733,1107
14:15,98.7167,98.7208,98.7167,98.7208,1241
14:16,98.6901,98.7167,98.6901,98.7167,690
14:17,98.6911,98.6911,98.6901,98.6901,1536
14:18,98.7024,98.7024,98.6911,98.6911,1277
14:19,98.6954,98.7024,98.6954,98.7024,1586
14:20,98.6598,98.6954,98.6598,98.6954,800
14:21,98.6485,98.6598,98.6485,98.6598,843
14:22,98.6606,98.6606,98.6485,98.6485,2263
14:23,98.6495,98.6606,98.6495,98.6606,687
14:24,98.6548,98.6548,98.6495,98.6495,953
14:25,98.6527,98.6548,98.6527,98.6548,1496
14:26,98.6464,98.6527,98.6464,98.6527,1035
14:27,98.6316,98.6464,98.6316,98.6464,1230
14:28,98.6234,98.6316,98.6234,98.6316,868
14:29,98.6105,98.6234,98.6105,98.6234,1140
14:30,98.6046,98.6105,98.6046,98.6105,629
14:31,98.5883,98.6046,98.5883,98.6046,1800
14:32,98.579,98.5883,98.579,98.5883,959
14:33,98.5776,98.579,98.5776,98.579,786
14:34,98.5868,98.5868,98.5776,98.5776,1267
14:35,98.5858,98.5868,98.5858,98.5868,849
14:36,98.5846,98.5858,98.5846,98.5858,623
14:37,98.6319,98.6319,98.5846,98.5846,620
14:38,98.6297,98.6319,98.6297,98.6319,1279
14:39,98.6086,98.6297,98.6086,98.6297,945
14:40,98.5828,98.6086,98.5828,98.6086,954
14:41,98.5689,98.5828,98.5689,98.5828,1466
14:42,98.5709,98.5709,98.5689,98.5689,671
14:43,98.5363,98.5709,98.5363,98.5709,772
14:44,98.5407,98.5407,98.5363,98.5363,873
14:45,98.5572,98.5572,98.5407,98.5407,1035
14:46,98.5539,98.5572,98.5539,98.5572,986
14:47,98.5192,98.5539,98.5192,98.5539,904
14:48,98.5214,98.5214,98.5192,98.5192,979
14:49,98.5287,98.5287,98.5214,98.5214,964
14:50,98.5012,98.5287,98.5012,98.5287,776
14:51,98.5025,98.5025,98.5012,98.5012,751
14:52,98.4951,98.5025,98.4951,98.5025,1104
14:53,98.4849,98.4951,98.4849,98.4951,731
14:54,98.4744,98.4849,98.4744,98.4849,665
14:55,98.4865,98.4865,98.4744,98.4744,898
14:56,98.4787,98.4865,98.4787,98.4865,949
14:57,98.4699,98.4787,98.4699,98.4787,2234
14:58,98.463,98.4699,98.463,98.4699,782
14:59,98.4452,98.463,98.4452,98.463,1404
15:00,98.4335,98.4452,98.4335,98.4452,1311
15:01,98.4036,98.4335,98.4036,98.4335,660
15:02,98.3914,98.4036,98.3914,98.4036,1326
15:03,98.3812,98.3914,98.3812,98.3914,663
15:04,98.3802,98.3812,98.3802,98.3812,394
15:05,98.3764,98.3802,98.3764,98.3802,1255
15:06,98.3614,98.3764,98.3614,98.3764,544
15:07,98.3626,98.3626,98.3614,98.3614,1192
15:08,98.3572,98.3626,98.3572,98.3626,799
15:09,98.3325,98.3572,98.3325,98.3572,1839
15:10,98.3324,98.3325,98.3324,98.3325,1496
15:11,98.3241,98.3324,98.3241,98.3324,875
15:12,98.318,98.3241,98.318,98.3241,808
15:13,98.3075,98.318,98.3075,98.318,674
15:14,98.2802,98.3075,98.2802,98.3075,891
15:15,98.2827,98.2827,98.2802,98.2802,948
15:16,98.2832,98.2832,98.2827,98.2827,926
15:17,98.2937,98.2937,98.2832,98.2832,1122
15:18,98.2865,98.2937,98.2865,98.2937,1314
15:19,98.3181,98.3181,98.2865,98.2865,1223
15:20,98.315,98.3181,98.315,98.3181,832
15:21,98.3095,98.315,98.3095,98.315,663
15:22,98.2882,98.3095,98.2882,98.3095,1813
15:23,98.2875,98.2882,98.2875,98.2882,888
15:24,98.2696,98.2875,98.2696,98.2875,914
15:25,98.2835,98.2835,98.2696,98.2696,974
15:26,98.2808,98.2835,98.2808,98.2835,622
15:27,98.2667,98.2808,98.2667,98.2808,1030
15:28,98.2572,98.2667,98.2572,98.2667,1054
15:29,98.2351,98.2572,98.2351,98.2572,1597
15:30,98.2513,98.2513,98.2351,98.2351,1689
15:31,98.2433,98.2513,98.2433,98.2513,1361
15:32,98.2369,98.2433,98.2369,98.2433,1956
15:33,98.2308,98.2369,98.2308,98.2369,1643
15:34,98.2318,98.2318,98.2308,98.2308,1506
15:35,98.244,98.244,98.2318,98.2318,1671
15:36,98.2462,98.2462,98.244,98.244,1543
15:37,98.238,98.2462,98.238,98.2462,1505
15:38,98.2343,98.238,98.2343,98.238,1656
15:39,98.2271,98.2343,98.2271,98.2343,1288
15:40,98.2207,98.2271,98.2207,98.2271,2246
15:41,98.2152,98.2207,98.2152,98.2207,1518
15:42,98.227,98.227,98.2152,98.2152,3096
15:43,98.2376,98.2376,98.227,98.227,2244
15:44,98.2112,98.2376,98.2112,98.2376,2671
15:45,98.2003,98.2112,98.2003,98.2112,3354
15:46,98.1702,98.2003,98.1702,98.2003,3804
15:47,98.158,98.1702,98.158,98.1702,1871
15:48,98.1581,98.1581,98.158,98.158,3277
15:49,98.1498,98.1581,98.1498,98.1581,5216
15:50,98.1236,98.1498,98.1236,98.1498,2268
15:51,98.1347,98.1347,98.1236,98.1236,5160
15:52,98.1297,98.1347,98.1297,98.1347,2200
15:53,98.1562,98.1562,98.1297,98.1297,3711
15:54,98.1447,98.1562,98.1447,98.1562,5897
15:55,98.1472,98.1472,98.1447,98.1447,3531
15:56,98.1419,98.1472,98.1419,98.1472,4898
15:57,98.1461,98.1461,98.1419,98.1419,4511
15:58,98.1367,98.1461,98.1367,98.1461,14929
15:59,98.1175,98.1367,98.1175,98.1367,9667
