Time,Close,High,Low,Open,Volume
09:30,99.9685,99.9893,99.9685,99.9893,18689
09:31,100.0049,100.0049,99.9685,99.9685,10511
09:32,100.0113,100.0113,100.0049,100.0049,11775
09:33,100.0196,100.0196,100.0113,100.0113,16820
09:34,100.0266,100.0266,100.0196,100.0196,13466
09:35,100.0522,100.0522,100.0266,100.0266,4493
09:36,100.0438,100.0522,100.0438,100.0522,8147
09:37,100.0622,100.0622,100.0438,100.0438,5054
09:38,100.0767,100.0767,100.0622,100.0622,4718
09:39,100.0958,100.0958,100.0767,100.0767,5203
09:40,100.0773,100.0958,100.0773,100.0958,4357
09:41,100.0731,100.0773,100.0731,100.0773,6393
09:42,100.082,100.082,100.0731,100.0731,4619
09:43,100.0829,100.0829,100.082,100.082,3408
09:44,100.0841,100.0841,100.0829,100.0829,3544
09:45,100.096,100.096,100.0841,100.0841,3169
09:46,100.073,100.096,100.073,100.096,4457
09:47,100.0656,100.073,100.0656,100.073,2280
09:48,100.0692,100.0692,100.0656,100.0656,2567
09:49,100.0579,100.0692,100.0579,100.0692,1594
09:50,100.0557,100.0579,100.0557,100.0579,823
09:51,100.0399,100.0557,100.0399,100.0557,2423
09:52,100.0585,100.0585,100.0399,100.0399,2474
09:53,100.0505,100.0585,100.0505,100.0585,1331
09:54,100.0771,100.0771,100.0505,100.0505,3691
09:55,100.0653,100.0771,100.0653,100.0771,943
09:56,100.0725,100.0725,100.0653,100.0653,1539
09:57,100.0648,100.0725,100.0648,100.0725,1363
09:58,100.0613,100.0648,100.0613,100.0648,2420
09:59,100.0694,100.0694,100.0613,100.0613,2289
10:00,100.0643,100.0694,100.0643,100.0694,1393
10:01,100.0853,100.0853,100.0643,100.0643,1466
10:02,100.0721,100.0853,100.0721,100.0853,912
10:03,100.0822,100.0822,100.0721,100.0721,605
10:04,100.0693,100.0822,100.0693,100.0822,1056
10:05,100.062,100.0693,100.062,100.0693,1239
10:06,100.0948,100.0948,100.062,100.062,1782
10:07,100.0913,100.0948,100.0913,100.0948,1736
10:08,100.1149,100.1149,100.0913,100.0913,974
10:09,100.1299,100.1299,100.1149,100.1149,992
10:10,100.1081,100.1299,100.1081,100.1299,752
10:11,100.1258,100.1258,100.1081,100.1081,653
10:12,100.0996,100.1258,100.0996,100.1258,585
10:13,100.1046,100.1046,100.0996,100.0996,2120
10:14,100.1295,100.1295,100.1046,100.1046,880
10:15,100.1345,100.1345,100.1295,100.1295,897
10:16,100.1113,100.1345,100.1113,100.1345,668
10:17,100.124,100.124,100.1113,100.1113,1365
10:18,100.1412,100.1412,100.124,100.124,582
10:19,100.1363,100.1412,100.1363,100.1412,953
10:20,100.1028,100.1363,100.1028,100.1363,746
10:21,100.1138,100.1138,100.1028,100.1028,1171
10:22,100.1252,100.1252,100.1138,100.1138,850
10:23,100.1101,100.1252,100.1101,100.1252,668
10:24,100.0895,100.1101,100.0895,100.1101,1004
10:25,100.1174,100.1174,100.0895,100.0895,1178
10:26,100.1352,100.1352,100.1174,100.1174,1034
10:27,100.1198,100.1352,100.1198,100.1352,1123
10:28,100.1094,100.1198,100.1094,100.1198,805
10:29,100.105,100.1094,100.105,100.1094,885
10:30,100.1141,100.1141,100.105,100.105,792
10:31,100.1007,100.1141,100.1007,100.1141,885
10:32,100.1121,100.1121,100.1007,100.1007,753
10:33,100.0957,100.1121,100.0957,100.1121,544
10:34,100.1218,100.1218,100.0957,100.0957,1068
10:35,100.1235,100.1235,100.1218,100.1218,870
10:36,100.1153,100.1235,100.1153,100.1235,562
10:37,100.0994,100.1153,100.0994,100.1153,1181
10:38,100.1085,100.1085,100.0994,100.0994,726
10:39,100.1141,100.1141,100.1085,100.1085,1020
10:40,100.1474,100.1474,100.1141,100.1141,1297
10:41,100.1329,100.1474,100.1329,100.1474,1048
10:42,100.1075,100.1329,100.1075,100.1329,1499
10:43,100.1011,100.1075,100.1011,100.1075,646
10:44,100.0998,100.1011,100.0998,100.1011,1154
10:45,100.0894,100.0998,100.0894,100.0998,785
10:46,100.1018,100.1018,100.0894,100.0894,735
10:47,100.0775,100.1018,100.0775,100.1018,815
10:48,100.069,100.0775,100.069,100.0775,896
10:49,100.0502,100.069,100.0502,100.069,1020
10:50,100.0411,100.0502,100.0411,100.0502,662
10:51,100.0302,100.0411,100.0302,100.0411,1376
10:52,100.03,100.0302,100.03,100.0302,1180
10:53,100.0256,100.03,100.0256,100.03,580
10:54,99.9941,100.0256,99.9941,100.0256,1695
10:55,99.9986,99.9986,99.9941,99.9941,1958
10:56,99.9954,99.9986,99.9954,99.9986,1519
10:57,100.0,100.0,99.9954,99.9954,938
10:58,100.0086,100.0086,100.0,100.0,684
10:59,100.0081,100.0086,100.0081,100.0086,1453
11:00,100.0072,100.0081,100.0072,100.0081,867
11:01,100.0294,100.0294,100.0072,100.0072,1542
11:02,100.0323,100.0323,100.0294,100.0294,1077
11:03,100.0477,100.0477,100.0323,100.0323,1414
11:04,100.0796,100.0796,100.0477,100.0477,1135
11:05,100.082,100.082,100.0796,100.0796,1285
11:06,100.0943,100.0943,100.082,100.082,1004
11:07,100.0819,100.0943,100.0819,100.0943,1883
11:08,100.1001,100.1001,100.0819,100.0819,1046
11:09,100.1366,100.1366,100.1001,100.1001,1153
11:10,100.1524,100.1524,100.1366,100.1366,1949
11:11,100.1348,100.1524,100.1348,100.1524,620
11:12,100.1351,100.1351,100.1348,100.1348,637
11:13,100.1393,100.1393,100.1351,100.1351,1410
11:14,100.145,100.145,100.1393,100.1393,660
11:15,100.1321,100.145,100.1321,100.145,1992
11:16,100.1381,100.1381,100.1321,100.1321,864
11:17,100.1421,100.1421,100.1381,100.1381,767
11:18,100.1061,100.1421,100.1061,100.1421,1977
11:19,100.0899,100.1061,100.0899,100.1061,1690
11:20,100.0591,100.0899,100.0591,100.0899,1939
11:21,100.074,100.074,100.0591,100.0591,1379
11:22,100.0497,100.074,100.0497,100.074,737
11:23,100.0668,100.0668,100.0497,100.0497,1968
11:24,100.1098,100.1098,100.0668,100.0668,909
11:25,100.1328,100.1328,100.1098,100.1098,1329
11:26,100.1384,100.1384,100.1328,100.1328,1399
11:27,100.1571,100.1571,100.1384,100.1384,947
11:28,100.1617,100.1617,100.1571,100.1571,1243
11:29,100.1604,100.1617,100.1604,100.1617,1387
11:30,100.1575,100.1604,100.1575,100.1604,1143
11:31,100.1496,100.1575,100.1496,100.1575,677
11:32,100.1508,100.1508,100.1496,100.1496,1112
11:33,100.1425,100.1508,100.1425,100.1508,1600
11:34,100.1216,100.1425,100.1216,100.1425,782
11:35,100.1183,100.1216,100.1183,100.1216,948
11:36,100.1207,100.1207,100.1183,100.1183,857
11:37,100.1363,100.1363,100.1207,100.1207,1926
11:38,100.1563,100.1563,100.1363,100.1363,1269
11:39,100.1701,100.1701,100.1563,100.1563,1155
11:40,100.149,100.1701,100.149,100.1701,761
11:41,100.1298,100.149,100.1298,100.149,1211
11:42,100.1186,100.1298,100.1186,100.1298,787
11:43,100.106,100.1186,100.106,100.1186,1011
11:44,100.115,100.115,100.106,100.106,798
11:45,100.1357,100.1357,100.115,100.115,1271
11:46,100.1625,100.1625,100.1357,100.1357,1227
11:47,100.1641,100.1641,100.1625,100.1625,929
11:48,100.1545,100.1641,100.1545,100.1641,1151
11:49,100.1684,100.1684,100.1545,100.1545,679
11:50,100.1671,100.1684,100.1671,100.1684,589
11:51,100.1514,100.1671,100.1514,100.1671,1169
11:52,100.1574,100.1574,100.1514,100.1514,1061
11:53,100.1685,100.1685,100.1574,100.1574,1252
11:54,100.1574,100.1685,100.1574,100.1685,2328
11:55,100.1862,100.1862,100.1574,100.1574,1398
11:56,100.182,100.1862,100.182,100.1862,724
11:57,100.1809,100.182,100.1809,100.182,1486
11:58,100.156,100.1809,100.156,100.1809,627
11:59,100.1561,100.1561,100.156,100.156,849
12:00,100.1618,100.1618,100.1561,100.1561,976
12:01,100.1388,100.1618,100.1388,100.1618,1836
12:02,100.1358,100.1388,100.1358,100.1388,768
12:03,100.1266,100.1358,100.1266,100.1358,746
12:04,100.1303,100.1303,100.1266,100.1266,966
12:05,100.1484,100.1484,100.1303,100.1303,790
12:06,100.1553,100.1553,100.1484,100.1484,1491
12:07,100.1518,100.1553,100.1518,100.1553,682
12:08,100.137,100.1518,100.137,100.1518,666
12:09,100.1158,100.137,100.1158,100.137,856
12:10,100.1377,100.1377,100.1158,100.1158,838
12:11,100.138,100.138,100.1377,100.1377,1982
12:12,100.1697,100.1697,100.138,100.138,1400
12:13,100.1821,100.1821,100.1697,100.1697,1032
12:14,100.2087,100.2087,100.1821,100.1821,648
12:15,100.2171,100.2171,100.2087,100.2087,1349
12:16,100.2568,100.2568,100.2171,100.2171,701
12:17,100.2628,100.2628,100.2568,100.2568,578
12:18,100.2815,100.2815,100.2628,100.2628,1524
12:19,100.2948,100.2948,100.2815,100.2815,1119
12:20,100.2842,100.2948,100.2842,100.2948,1386
12:21,100.2992,100.2992,100.2842,100.2842,1120
12:22,100.3111,100.3111,100.2992,100.2992,1355
12:23,100.2977,100.3111,100.2977,100.3111,794
12:24,100.2883,100.2977,100.2883,100.2977,693
12:25,100.2828,100.2883,100.2828,100.2883,1273
12:26,100.2837,100.2837,100.2828,100.2828,752
12:27,100.2766,100.2837,100.2766,100.2837,783
12:28,100.2797,100.2797,100.2766,100.2766,851
12:29,100.2797,100.2797,100.2797,100.2797,1006
12:30,100.2873,100.2873,100.2797,100.2797,882
12:31,100.2778,100.2873,100.2778,100.2873,614
12:32,100.2796,100.2796,100.2778,100.2778,796
12:33,100.2639,100.2796,100.2639,100.2796,455
12:34,100.2662,100.2662,100.2639,100.2639,1248
12:35,100.2839,100.2839,100.2662,100.2662,567
12:36,100.2951,100.2951,100.2839,100.2839,676
12:37,100.3349,100.3349,100.2951,100.2951,1019
12:38,100.3258,100.3349,100.3258,100.3349,769
12:39,100.325,100.3258,100.325,100.3258,1728
12:40,100.3344,100.3344,100.325,100.325,632
12:41,100.3554,100.3554,100.3344,100.3344,1099
12:42,100.3524,100.3554,100.3524,100.3554,986
12:43,100.3399,100.3524,100.3399,100.3524,661
12:44,100.3472,100.3472,100.3399,100.3399,1204
12:45,100.3246,100.3472,100.3246,100.3472,941
12:46,100.3324,100.3324,100.3246,100.3246,1315
12:47,100.344,100.344,100.3324,100.3324,1339
12:48,100.3377,100.344,100.3377,100.344,2153
12:49,100.3642,100.3642,100.3377,100.3377,1606
12:50,100.3868,100.3868,100.3642,100.3642,877
12:51,100.3667,100.3868,100.3667,100.3868,919
12:52,100.3935,100.3935,100.3667,100.3667,1477
12:53,100.3712,100.3935,100.3712,100.3935,1261
12:54,100.3799,100.3799,100.3712,100.3712,1255
12:55,100.3848,100.3848,100.3799,100.3799,564
12:56,100.3771,100.3848,100.3771,100.3848,991
12:57,100.3876,100.3876,100.3771,100.3771,770
12:58,100.43,100.43,100.3876,100.3876,1104
12:59,100.4448,100.4448,100.43,100.43,966
13:00,100.4239,100.4448,100.4239,100.4448,1381
13:01,100.4086,100.4239,100.4086,100.4239,1119
13:02,100.4202,100.4202,100.4086,100.4086,1321
13:03,100.4405,100.4405,100.4202,100.4202,848
13:04,100.4461,100.4461,100.4405,100.4405,715
13:05,100.4387,100.4461,100.4387,100.4461,865
13:06,100.4371,100.4387,100.4371,100.4387,994
13:07,100.4517,100.4517,100.4371,100.4371,1144
13:08,100.449,100.4517,100.449,100.4517,2228
13:09,100.4273,100.449,100.4273,100.449,985
13:10,100.4359,100.4359,100.4273,100.4273,713
13:11,100.4152,100.4359,100.4152,100.4359,885
13:12,100.437,100.437,100.4152,100.4152,848
13:13,100.4231,100.437,100.4231,100.437,1186
13:14,100.4246,100.4246,100.4231,100.4231,579
13:15,100.421,100.4246,100.421,100.4246,1023
13:16,100.4137,100.421,100.4137,100.421,1057
13:17,100.4266,100.4266,100.4137,100.4137,1086
13:18,100.3961,100.4266,100.3961,100.4266,809
13:19,100.4223,100.4223,100.3961,100.3961,919
13:20,100.4232,100.4232,100.4223,100.4223,604
13:21,100.4379,100.4379,100.4232,100.4232,840
13:22,100.4417,100.4417,100.4379,100.4379,825
13:23,100.4313,100.4417,100.4313,100.4417,1159
13:24,100.4072,100.4313,100.4072,100.4313,664
13:25,100.4313,100.4313,100.4072,100.4072,1319
13:26,100.4537,100.4537,100.4313,100.4313,1699
13:27,100.4288,100.4537,100.4288,100.4537,480
13:28,100.4631,100.4631,100.4288,100.4288,1163
13:29,100.4494,100.4631,100.4494,100.4631,1271
13:30,100.4449,100.4494,100.4449,100.4494,798
13:31,100.475,100.475,100.4449,100.4449,869
13:32,100.4591,100.475,100.4591,100.475,954
13:33,100.4334,100.4591,100.4334,100.4591,900
13:34,100.4625,100.4625,100.4334,100.4334,896
13:35,100.4368,100.4625,100.4368,100.4625,552
13:36,100.4108,100.4368,100.4108,100.4368,1505
13:37,100.4236,100.4236,100.4108,100.4108,1466
13:38,100.4411,100.4411,100.4236,100.4236,750
13:39,100.4557,100.4557,100.4411,100.4411,595
13:40,100.4531,100.4557,100.4531,100.4557,1203
13:41,100.4665,100.4665,100.4531,100.4531,815
13:42,100.468,100.468,100.4665,100.4665,1052
13:43,100.4534,100.468,100.4534,100.468,893
13:44,100.4551,100.4551,100.4534,100.4534,1278
13:45,100.4563,100.4563,100.4551,100.4551,1279
13:46,100.4506,100.4563,100.4506,100.4563,773
13:47,100.4562,100.4562,100.4506,100.4506,612
13:48,100.4549,100.4562,100.4549,100.4562,571
13:49,100.4697,100.4697,100.4549,100.4549,1242
13:50,100.4535,100.4697,100.4535,100.4697,656
13:51,100.4764,100.4764,100.4535,100.4535,836
13:52,100.4715,100.4764,100.4715,100.4764,809
13:53,100.4535,100.4715,100.4535,100.4715,982
13:54,100.4783,100.4783,100.4535,100.4535,503
13:55,100.4991,100.4991,100.4783,100.4783,1069
13:56,100.4931,100.4991,100.4931,100.4991,1204
13:57,100.4874,100.4931,100.4874,100.4931,1032
13:58,100.4882,100.4882,100.4874,100.4874,896
13:59,100.5059,100.5059,100.4882,100.4882,1035
14:00,100.5078,100.5078,100.5059,100.5059,1152
14:01,100.5124,100.5124,100.5078,100.5078,374
14:02,100.5428,100.5428,100.5124,100.5124,2000
14:03,100.5271,100.5428,100.5271,100.5428,1148
14:04,100.5265,100.5271,100.5265,100.5271,794
14:05,100.5357,100.5357,100.5265,100.5265,871
14:06,100.542,100.542,100.5357,100.5357,1191
14:07,100.5427,100.5427,100.542,100.542,960
14:08,100.5178,100.5427,100.5178,100.5427,487
14:09,100.5179,100.5179,100.5178,100.5178,2079
14:10,100.4946,100.5179,100.4946,100.5179,962
14:11,100.4925,100.4946,100.4925,100.4946,1436
14:12,100.4879,100.4925,100.4879,100.4925,782
14:13,100.5023,100.5023,100.4879,100.4879,1724
14:14,100.5139,100.5139,100.5023,100.5023,1107
14:15,100.5237,100.5237,100.5139,100.5139,1241
14:16,100.5173,100.5237,100.5173,100.5237,690
14:17,100.5121,100.5173,100.5121,100.5173,1536
14:18,100.542,100.542,100.5121,100.5121,1277
14:19,100.5495,100.5495,100.542,100.542,1586
14:20,100.5244,100.5495,100.5244,100.5495,800
14:21,100.5347,100.5347,100.5244,100.5244,843
14:22,100.5526,100.5526,100.5347,100.5347,2263
14:23,100.5472,100.5526,100.5472,100.5526,687
14:24,100.5263,100.5472,100.5263,100.5472,953
14:25,100.4961,100.5263,100.4961,100.5263,1496
14:26,100.4759,100.4961,100.4759,100.4961,1035
14:27,100.4677,100.4759,100.4677,100.4759,1230
14:28,100.4579,100.4677,100.4579,100.4677,868
14:29,100.4562,100.4579,100.4562,100.4579,1140
14:30,100.483,100.483,100.4562,100.4562,629
14:31,100.4956,100.4956,100.483,100.483,1800
14:32,100.4927,100.4956,100.4927,100.4956,959
14:33,100.5058,100.5058,100.4927,100.4927,786
14:34,100.5116,100.5116,100.5058,100.5058,1267
14:35,100.5114,100.5116,100.5114,100.5116,849
14:36,100.4917,100.5114,100.4917,100.5114,623
14:37,100.4991,100.4991,100.4917,100.4917,620
14:38,100.5221,100.5221,100.4991,100.4991,1279
14:39,100.5267,100.5267,100.5221,100.5221,945
14:40,100.5497,100.5497,100.5267,100.5267,954
14:41,100.5696,100.5696,100.5497,100.5497,1466
14:42,100.6164,100.6164,100.5696,100.5696,671
14:43,100.625,100.625,100.6164,100.6164,772
14:44,100.6289,100.6289,100.625,100.625,873
14:45,100.6491,100.6491,100.6289,100.6289,1035
14:46,100.6247,100.6491,100.6247,100.6491,986
14:47,100.619,100.6247,100.619,100.6247,904
14:48,100.6402,100.6402,100.619,100.619,979
14:49,100.6503,100.6503,100.6402,100.6402,964
14:50,100.6458,100.6503,100.6458,100.6503,776
14:51,100.6407,100.6458,100.6407,100.6458,751
14:52,100.6615,100.6615,100.6407,100.6407,1104
14:53,100.6502,100.6615,100.6502,100.6615,731
14:54,100.6356,100.6502,100.6356,100.6502,665
14:55,100.6148,100.6356,100.6148,100.6356,898
14:56,100.6288,100.6288,100.6148,100.6148,949
14:57,100.6315,100.6315,100.6288,100.6288,2234
14:58,100.6187,100.6315,100.6187,100.6315,782
14:59,100.6492,100.6492,100.6187,100.6187,1404
15:00,100.6521,100.6521,100.6492,100.6492,1311
15:01,100.6437,100.6521,100.6437,100.6521,660
15:02,100.6484,100.6484,100.6437,100.6437,1326
15:03,100.654,100.654,100.6484,100.6484,663
15:04,100.6396,100.654,100.6396,100.654,394
15:05,100.6232,100.6396,100.6232,100.6396,1255
15:06,100.6245,100.6245,100.6232,100.6232,544
15:07,100.6532,100.6532,100.6245,100.6245,1192
15:08,100.651,100.6532,100.651,100.6532,799
15:09,100.6809,100.6809,100.651,100.651,1839
15:10,100.6704,100.6809,100.6704,100.6809,1496
15:11,100.659,100.6704,100.659,100.6704,875
15:12,100.6939,100.6939,100.659,100.659,808
15:13,100.7188,100.7188,100.6939,100.6939,674
15:14,100.7223,100.7223,100.7188,100.7188,891
15:15,100.7305,100.7305,100.7223,100.7223,948
15:16,100.7249,100.7305,100.7249,100.7305,926
15:17,100.7374,100.7374,100.7249,100.7249,1122
15:18,100.7274,100.7374,100.7274,100.7374,1314
15:19,100.7291,100.7291,100.7274,100.7274,1223
15:20,100.7209,100.7291,100.7209,100.7291,832
15:21,100.7222,100.7222,100.7209,100.7209,663
15:22,100.7257,100.7257,100.7222,100.7222,1813
15:23,100.7251,100.7257,100.7251,100.7257,888
15:24,100.7412,100.7412,100.7251,100.7251,914
15:25,100.7567,100.7567,100.7412,100.7412,974
15:26,100.7707,100.7707,100.7567,100.7567,622
15:27,100.7739,100.7739,100.7707,100.7707,1030
15:28,100.7925,100.7925,100.7739,100.7739,1054
15:29,100.7938,100.7938,100.7925,100.7925,1597
15:30,100.7881,100.7938,100.7881,100.7938,1689
15:31,100.7869,100.7881,100.7869,100.7881,1361
15:32,100.774,100.7869,100.774,100.7869,1956
15:33,100.7771,100.7771,100.774,100.774,1643
15:34,100.7587,100.7771,100.7587,100.7771,1506
15:35,100.7481,100.7587,100.7481,100.7587,1671
15:36,100.717,100.7481,100.717,100.7481,1543
15:37,100.7139,100.717,100.7139,100.717,1505
15:38,100.7616,100.7616,100.7139,100.7139,1656
15:39,100.7701,100.7701,100.7616,100.7616,1288
15:40,100.7937,100.7937,100.7701,100.7701,2246
15:41,100.7802,100.7937,100.7802,100.7937,1518
15:42,100.7922,100.7922,100.7802,100.7802,3096
15:43,100.79,100.7922,100.79,100.7922,2244
15:44,100.7794,100.79,100.7794,100.79,2671
15:45,100.7727,100.7794,100.7727,100.7794,3354
15:46,100.7673,100.7727,100.7673,100.7727,3804
15:47,100.772,100.772,100.7673,100.7673,1871
15:48,100.7721,100.7721,100.772,100.772,3277
15:49,100.7876,100.7876,100.7721,100.7721,5216
15:50,100.7985,100.7985,100.7876,100.7876,2268
15:51,100.8171,100.8171,100.7985,100.7985,5160
15:52,100.8405,100.8405,100.8171,100.8171,2200
15:53,100.8485,100.8485,100.8405,100.8405,3711
15:54,100.8531,100.8531,100.8485,100.8485,5897
15:55,100.8611,100.8611,100.8531,100.8531,3531
15:56,100.8675,100.8675,100.8611,100.8611,4898
15:57,100.8789,100.8789,100.8675,100.8675,4511
15:58,100.8646,100.8789,100.8646,100.8789,14929
15:59,100.8693,100.8693,100.8646,100.8646,9667
