Time,Close,High,Low,Open,Volume
09:30,100.141,100.141,100.0323,100.0323,18689
09:31,100.0127,100.141,100.0127,100.141,10511
09:32,99.9166,100.0127,99.9166,100.0127,11775
09:33,99.9001,99.9166,99.9001,99.9166,16820
09:34,99.9211,99.9211,99.9001,99.9001,13466
09:35,99.8968,99.9211,99.8968,99.9211,4493
09:36,100.0306,100.0306,99.8968,99.8968,8147
09:37,100.015,100.0306,100.015,100.0306,5054
09:38,100.0871,100.0871,100.015,100.015,4718
09:39,100.0513,100.0871,100.0513,100.0871,5203
09:40,100.0765,100.0765,100.0513,100.0513,4357
09:41,100.082,100.082,100.0765,100.0765,6393
09:42,100.2131,100.2131,100.082,100.082,4619
09:43,100.242,100.242,100.2131,100.2131,3408
09:44,100.2076,100.242,100.2076,100.242,3544
09:45,100.2488,100.2488,100.2076,100.2076,3169
09:46,100.2936,100.2936,100.2488,100.2488,4457
09:47,100.2667,100.2936,100.2667,100.2936,2280
09:48,100.3216,100.3216,100.2667,100.2667,2567
09:49,100.4039,100.4039,100.3216,100.3216,1594
09:50,100.3991,100.4039,100.3991,100.4039,823
09:51,100.4692,100.4692,100.3991,100.3991,2423
09:52,100.452,100.4692,100.452,100.4692,2474
09:53,100.4772,100.4772,100.452,100.452,1331
09:54,100.4844,100.4844,100.4772,100.4772,3691
09:55,100.551,100.551,100.4844,100.4844,943
09:56,100.5439,100.551,100.5439,100.551,1539
09:57,100.5848,100.5848,100.5439,100.5439,1363
09:58,100.5841,100.5848,100.5841,100.5848,2420
09:59,100.5967,100.5967,100.5841,100.5841,2289
10:00,100.7024,100.7024,100.5967,100.5967,1393
10:01,100.7239,100.7239,100.7024,100.7024,1466
10:02,100.804,100.804,100.7239,100.7239,912
10:03,100.7044,100.804,100.7044,100.804,605
10:04,100.6372,100.7044,100.6372,100.7044,1056
10:05,100.5816,100.6372,100.5816,100.6372,1239
10:06,100.6244,100.6244,100.5816,100.5816,1782
10:07,100.6589,100.6589,100.6244,100.6244,1736
10:08,100.613,100.6589,100.613,100.6589,974
10:09,100.7168,100.7168,100.613,100.613,992
10:10,100.6807,100.7168,100.6807,100.7168,752
10:11,100.696,100.696,100.6807,100.6807,653
10:12,100.7183,100.7183,100.696,100.696,585
10:13,100.6602,100.7183,100.6602,100.7183,2120
10:14,100.6118,100.6602,100.6118,100.6602,880
10:15,100.6485,100.6485,100.6118,100.6118,897
10:16,100.6699,100.6699,100.6485,100.6485,668
10:17,100.7554,100.7554,100.6699,100.6699,1365
10:18,100.7603,100.7603,100.7554,100.7554,582
10:19,100.8073,100.8073,100.7603,100.7603,953
10:20,100.7106,100.8073,100.7106,100.8073,746
10:21,100.7645,100.7645,100.7106,100.7106,1171
10:22,100.6918,100.7645,100.6918,100.7645,850
10:23,100.7152,100.7152,100.6918,100.6918,668
10:24,100.7372,100.7372,100.7152,100.7152,1004
10:25,100.7238,100.7372,100.7238,100.7372,1178
10:26,100.7366,100.7366,100.7238,100.7238,1034
10:27,100.7418,100.7418,100.7366,100.7366,1123
10:28,100.7789,100.7789,100.7418,100.7418,805
10:29,100.9281,100.9281,100.7789,100.7789,885
10:30,100.7939,100.9281,100.7939,100.9281,792
10:31,100.775,100.7939,100.775,100.7939,885
10:32,100.84,100.84,100.775,100.775,753
10:33,100.8609,100.8609,100.84,100.84,544
10:34,100.799,100.8609,100.799,100.8609,1068
10:35,100.6479,100.799,100.6479,100.799,870
10:36,100.739,100.739,100.6479,100.6479,562
10:37,100.7602,100.7602,100.739,100.739,1181
10:38,100.8207,100.8207,100.7602,100.7602,726
10:39,100.7751,100.8207,100.7751,100.8207,1020
10:40,100.6869,100.7751,100.6869,100.7751,1297
10:41,100.798,100.798,100.6869,100.6869,1048
10:42,100.7738,100.798,100.7738,100.798,1499
10:43,100.8258,100.8258,100.7738,100.7738,646
10:44,100.9115,100.9115,100.8258,100.8258,1154
10:45,100.9848,100.9848,100.9115,100.9115,785
10:46,100.9683,100.9848,100.9683,100.9848,735
10:47,100.9305,100.9683,100.9305,100.9683,815
10:48,100.9628,100.9628,100.9305,100.9305,896
10:49,101.101,101.101,100.9628,100.9628,1020
10:50,101.106,101.106,101.101,101.101,662
10:51,101.1085,101.1085,101.106,101.106,1376
10:52,101.187,101.187,101.1085,101.1085,1180
10:53,101.1063,101.187,101.1063,101.187,580
10:54,101.1935,101.1935,101.1063,101.1063,1695
10:55,101.1965,101.1965,101.1935,101.1935,1958
10:56,101.1145,101.1965,101.1145,101.1965,1519
10:57,100.9818,101.1145,100.9818,101.1145,938
10:58,100.9977,100.9977,100.9818,100.9818,684
10:59,100.9917,100.9977,100.9917,100.9977,1453
11:00,101.0555,101.0555,100.9917,100.9917,867
11:01,101.0501,101.0555,101.0501,101.0555,1542
11:02,101.0449,101.0501,101.0449,101.0501,1077
11:03,101.1306,101.1306,101.0449,101.0449,1414
11:04,101.1677,101.1677,101.1306,101.1306,1135
11:05,101.2492,101.2492,101.1677,101.1677,1285
11:06,101.2826,101.2826,101.2492,101.2492,1004
11:07,101.1284,101.2826,101.1284,101.2826,1883
11:08,101.0769,101.1284,101.0769,101.1284,1046
11:09,101.0596,101.0769,101.0596,101.0769,1153
11:10,101.0846,101.0846,101.0596,101.0596,1949
11:11,101.1484,101.1484,101.0846,101.0846,620
11:12,101.0993,101.1484,101.0993,101.1484,637
11:13,101.1435,101.1435,101.0993,101.0993,1410
11:14,101.1615,101.1615,101.1435,101.1435,660
11:15,101.1593,101.1615,101.1593,101.1615,1992
11:16,101.2317,101.2317,101.1593,101.1593,864
11:17,101.2133,101.2317,101.2133,101.2317,767
11:18,101.1986,101.2133,101.1986,101.2133,1977
11:19,101.1712,101.1986,101.1712,101.1986,1690
11:20,101.2727,101.2727,101.1712,101.1712,1939
11:21,101.3727,101.3727,101.2727,101.2727,1379
11:22,101.3281,101.3727,101.3281,101.3727,737
11:23,101.3031,101.3281,101.3031,101.3281,1968
11:24,101.2486,101.3031,101.2486,101.3031,909
11:25,101.2322,101.2486,101.2322,101.2486,1329
11:26,101.2177,101.2322,101.2177,101.2322,1399
11:27,101.1315,101.2177,101.1315,101.2177,947
11:28,101.0862,101.1315,101.0862,101.1315,1243
11:29,101.2405,101.2405,101.0862,101.0862,1387
11:30,101.2916,101.2916,101.2405,101.2405,1143
11:31,101.3173,101.3173,101.2916,101.2916,677
11:32,101.3466,101.3466,101.3173,101.3173,1112
11:33,101.3669,101.3669,101.3466,101.3466,1600
11:34,101.4419,101.4419,101.3669,101.3669,782
11:35,101.4758,101.4758,101.4419,101.4419,948
11:36,101.446,101.4758,101.446,101.4758,857
11:37,101.564,101.564,101.446,101.446,1926
11:38,101.5875,101.5875,101.564,101.564,1269
11:39,101.5601,101.5875,101.5601,101.5875,1155
11:40,101.5581,101.5601,101.5581,101.5601,761
11:41,101.6282,101.6282,101.5581,101.5581,1211
11:42,101.5424,101.6282,101.5424,101.6282,787
11:43,101.559,101.559,101.5424,101.5424,1011
11:44,101.6138,101.6138,101.559,101.559,798
11:45,101.5442,101.6138,101.5442,101.6138,1271
11:46,101.5358,101.5442,101.5358,101.5442,1227
11:47,101.5159,101.5358,101.5159,101.5358,929
11:48,101.5149,101.5159,101.5149,101.5159,1151
11:49,101.4279,101.5149,101.4279,101.5149,679
11:50,101.3383,101.4279,101.3383,101.4279,589
11:51,101.355,101.355,101.3383,101.3383,1169
11:52,101.2962,101.355,101.2962,101.355,1061
11:53,101.1997,101.2962,101.1997,101.2962,1252
11:54,101.2537,101.2537,101.1997,101.1997,2328
11:55,101.254,101.254,101.2537,101.2537,1398
11:56,101.1294,101.254,101.1294,101.254,724
11:57,101.0724,101.1294,101.0724,101.1294,1486
11:58,101.0036,101.0724,101.0036,101.0724,627
11:59,101.0425,101.0425,101.0036,101.0036,849
12:00,100.985,101.0425,100.985,101.0425,976
12:01,100.937,100.985,100.937,100.985,1836
12:02,100.9868,100.9868,100.937,100.937,768
12:03,100.9584,100.9868,100.9584,100.9868,746
12:04,100.9436,100.9584,100.9436,100.9584,966
12:05,100.8842,100.9436,100.8842,100.9436,790
12:06,100.9895,100.9895,100.8842,100.8842,1491
12:07,100.9952,100.9952,100.9895,100.9895,682
12:08,101.0169,101.0169,100.9952,100.9952,666
12:09,100.9983,101.0169,100.9983,101.0169,856
12:10,100.9779,100.9983,100.9779,100.9983,838
12:11,100.9868,100.9868,100.9779,100.9779,1982
12:12,101.0057,101.0057,100.9868,100.9868,1400
12:13,101.0846,101.0846,101.0057,101.0057,1032
12:14,101.0201,101.0846,101.0201,101.0846,648
12:15,101.1118,101.1118,101.0201,101.0201,1349
12:16,101.1112,101.1118,101.1112,101.1118,701
12:17,101.1632,101.1632,101.1112,101.1112,578
12:18,101.1994,101.1994,101.1632,101.1632,1524
12:19,101.2006,101.2006,101.1994,101.1994,1119
12:20,101.1814,101.2006,101.1814,101.2006,1386
12:21,101.2129,101.2129,101.1814,101.1814,1120
12:22,101.2028,101.2129,101.2028,101.2129,1355
12:23,101.2115,101.2115,101.2028,101.2028,794
12:24,101.208,101.2115,101.208,101.2115,693
12:25,101.2529,101.2529,101.208,101.208,1273
12:26,101.2586,101.2586,101.2529,101.2529,752
12:27,101.2259,101.2586,101.2259,101.2586,783
12:28,101.3201,101.3201,101.2259,101.2259,851
12:29,101.406,101.406,101.3201,101.3201,1006
12:30,101.337,101.406,101.337,101.406,882
12:31,101.382,101.382,101.337,101.337,614
12:32,101.2708,101.382,101.2708,101.382,796
12:33,101.3039,101.3039,101.2708,101.2708,455
12:34,101.3497,101.3497,101.3039,101.3039,1248
12:35,101.3502,101.3502,101.3497,101.3497,567
12:36,101.2113,101.3502,101.2113,101.3502,676
12:37,101.1434,101.2113,101.1434,101.2113,1019
12:38,101.1042,101.1434,101.1042,101.1434,769
12:39,101.0972,101.1042,101.0972,101.1042,1728
12:40,101.1072,101.1072,101.0972,101.0972,632
12:41,101.0782,101.1072,101.0782,101.1072,1099
12:42,101.0623,101.0782,101.0623,101.0782,986
12:43,101.1031,101.1031,101.0623,101.0623,661
12:44,101.0713,101.1031,101.0713,101.1031,1204
12:45,101.0964,101.0964,101.0713,101.0713,941
12:46,101.0775,101.0964,101.0775,101.0964,1315
12:47,101.1993,101.1993,101.0775,101.0775,1339
12:48,101.1792,101.1993,101.1792,101.1993,2153
12:49,101.2486,101.2486,101.1792,101.1792,1606
12:50,101.2079,101.2486,101.2079,101.2486,877
12:51,101.0624,101.2079,101.0624,101.2079,919
12:52,101.0549,101.0624,101.0549,101.0624,1477
12:53,101.084,101.084,101.0549,101.0549,1261
12:54,100.9823,101.084,100.9823,101.084,1255
12:55,101.0375,101.0375,100.9823,100.9823,564
12:56,101.0809,101.0809,101.0375,101.0375,991
12:57,101.0707,101.0809,101.0707,101.0809,770
12:58,100.9868,101.0707,100.9868,101.0707,1104
12:59,101.1489,101.1489,100.9868,100.9868,966
13:00,101.1692,101.1692,101.1489,101.1489,1381
13:01,101.2573,101.2573,101.1692,101.1692,1119
13:02,101.3542,101.3542,101.2573,101.2573,1321
13:03,101.2562,101.3542,101.2562,101.3542,848
13:04,101.158,101.2562,101.158,101.2562,715
13:05,101.1184,101.158,101.1184,101.158,865
13:06,101.1996,101.1996,101.1184,101.1184,994
13:07,101.2137,101.2137,101.1996,101.1996,1144
13:08,101.1816,101.2137,101.1816,101.2137,2228
13:09,101.2237,101.2237,101.1816,101.1816,985
13:10,101.183,101.2237,101.183,101.2237,713
13:11,101.1335,101.183,101.1335,101.183,885
13:12,101.1574,101.1574,101.1335,101.1335,848
13:13,101.0963,101.1574,101.0963,101.1574,1186
13:14,101.0366,101.0963,101.0366,101.0963,579
13:15,101.1265,101.1265,101.0366,101.0366,1023
13:16,100.9755,101.1265,100.9755,101.1265,1057
13:17,100.8713,100.9755,100.8713,100.9755,1086
13:18,100.8575,100.8713,100.8575,100.8713,809
13:19,100.8122,100.8575,100.8122,100.8575,919
13:20,100.6928,100.8122,100.6928,100.8122,604
13:21,100.6933,100.6933,100.6928,100.6928,840
13:22,100.7578,100.7578,100.6933,100.6933,825
13:23,100.8066,100.8066,100.7578,100.7578,1159
13:24,100.7834,100.8066,100.7834,100.8066,664
13:25,100.8452,100.8452,100.7834,100.7834,1319
13:26,100.7616,100.8452,100.7616,100.8452,1699
13:27,100.7435,100.7616,100.7435,100.7616,480
13:28,100.7828,100.7828,100.7435,100.7435,1163
13:29,100.6783,100.7828,100.6783,100.7828,1271
13:30,100.7085,100.7085,100.6783,100.6783,798
13:31,100.6447,100.7085,100.6447,100.7085,869
13:32,100.5756,100.6447,100.5756,100.6447,954
13:33,100.593,100.593,100.5756,100.5756,900
13:34,100.5179,100.593,100.5179,100.593,896
13:35,100.4103,100.5179,100.4103,100.5179,552
13:36,100.5152,100.5152,100.4103,100.4103,1505
13:37,100.5716,100.5716,100.5152,100.5152,1466
13:38,100.5724,100.5724,100.5716,100.5716,750
13:39,100.7389,100.7389,100.5724,100.5724,595
13:40,100.7662,100.7662,100.7389,100.7389,1203
13:41,100.7142,100.7662,100.7142,100.7662,815
13:42,100.8068,100.8068,100.7142,100.7142,1052
13:43,100.825,100.825,100.8068,100.8068,893
13:44,100.8247,100.825,100.8247,100.825,1278
13:45,100.7628,100.8247,100.7628,100.8247,1279
13:46,100.8099,100.8099,100.7628,100.7628,773
13:47,100.8373,100.8373,100.8099,100.8099,612
13:48,100.8917,100.8917,100.8373,100.8373,571
13:49,100.861,100.8917,100.861,100.8917,1242
13:50,100.879,100.879,100.861,100.861,656
13:51,100.898,100.898,100.879,100.879,836
13:52,100.9294,100.9294,100.898,100.898,809
13:53,100.961,100.961,100.9294,100.9294,982
13:54,100.9559,100.961,100.9559,100.961,503
13:55,100.8949,100.9559,100.8949,100.9559,1069
13:56,100.8547,100.8949,100.8547,100.8949,1204
13:57,100.74,100.8547,100.74,100.8547,1032
13:58,100.7421,100.7421,100.74,100.74,896
13:59,100.6466,100.7421,100.6466,100.7421,1035
14:00,100.671,100.671,100.6466,100.6466,1152
14:01,100.7117,100.7117,100.671,100.671,374
14:02,100.7188,100.7188,100.7117,100.7117,2000
14:03,100.8075,100.8075,100.7188,100.7188,1148
14:04,100.6487,100.8075,100.6487,100.8075,794
14:05,100.5974,100.6487,100.5974,100.6487,871
14:06,100.5892,100.5974,100.5892,100.5974,1191
14:07,100.5101,100.5892,100.5101,100.5892,960
14:08,100.6305,100.6305,100.5101,100.5101,487
14:09,100.6346,100.6346,100.6305,100.6305,2079
14:10,100.6337,100.6346,100.6337,100.6346,962
14:11,100.5491,100.6337,100.5491,100.6337,1436
14:12,100.5496,100.5496,100.5491,100.5491,782
14:13,100.5387,100.5496,100.5387,100.5496,1724
14:14,100.5344,100.5387,100.5344,100.5387,1107
14:15,100.5272,100.5344,100.5272,100.5344,1241
14:16,100.4259,100.5272,100.4259,100.5272,690
14:17,100.5281,100.5281,100.4259,100.4259,1536
14:18,100.599,100.599,100.5281,100.5281,1277
14:19,100.5795,100.599,100.5795,100.599,1586
14:20,100.6378,100.6378,100.5795,100.5795,800
14:21,100.6936,100.6936,100.6378,100.6378,843
14:22,100.6488,100.6936,100.6488,100.6936,2263
14:23,100.7304,100.7304,100.6488,100.6488,687
14:24,100.7107,100.7304,100.7107,100.7304,953
14:25,100.7615,100.7615,100.7107,100.7107,1496
14:26,100.7118,100.7615,100.7118,100.7615,1035
14:27,100.7114,100.7118,100.7114,100.7118,1230
14:28,100.6749,100.7114,100.6749,100.7114,868
14:29,100.5535,100.6749,100.5535,100.6749,1140
14:30,100.4936,100.5535,100.4936,100.5535,629
14:31,100.4251,100.4936,100.4251,100.4936,1800
14:32,100.4858,100.4858,100.4251,100.4251,959
14:33,100.4824,100.4858,100.4824,100.4858,786
14:34,100.5224,100.5224,100.4824,100.4824,1267
14:35,100.475,100.5224,100.475,100.5224,849
14:36,100.3163,100.475,100.3163,100.475,623
14:37,100.3012,100.3163,100.3012,100.3163,620
14:38,100.2996,100.3012,100.2996,100.3012,1279
14:39,100.2805,100.2996,100.2805,100.2996,945
14:40,100.2647,100.2805,100.2647,100.2805,954
14:41,100.3309,100.3309,100.2647,100.2647,1466
14:42,100.3482,100.3482,100.3309,100.3309,671
14:43,100.4493,100.4493,100.3482,100.3482,772
14:44,100.4218,100.4493,100.4218,100.4493,873
14:45,100.4478,100.4478,100.4218,100.4218,1035
14:46,100.4785,100.4785,100.4478,100.4478,986
14:47,100.4672,100.4785,100.4672,100.4785,904
14:48,100.4641,100.4672,100.4641,100.4672,979
14:49,100.3968,100.4641,100.3968,100.4641,964
14:50,100.3735,100.3968,100.3735,100.3968,776
14:51,100.3199,100.3735,100.3199,100.3735,751
14:52,100.3202,100.3202,100.3199,100.3199,1104
14:53,100.3157,100.3202,100.3157,100.3202,731
14:54,100.3292,100.3292,100.3157,100.3157,665
14:55,100.3258,100.3292,100.3258,100.3292,898
14:56,100.4387,100.4387,100.3258,100.3258,949
14:57,100.4292,100.4387,100.4292,100.4387,2234
14:58,100.3366,100.4292,100.3366,100.4292,782
14:59,100.3551,100.3551,100.3366,100.3366,1404
15:00,100.4408,100.4408,100.3551,100.3551,1311
15:01,100.3892,100.4408,100.3892,100.4408,660
15:02,100.3903,100.3903,100.3892,100.3892,1326
15:03,100.4147,100.4147,100.3903,100.3903,663
15:04,100.5307,100.5307,100.4147,100.4147,394
15:05,100.6343,100.6343,100.5307,100.5307,1255
15:06,100.5411,100.6343,100.5411,100.6343,544
15:07,100.4029,100.5411,100.4029,100.5411,1192
15:08,100.3794,100.4029,100.3794,100.4029,799
15:09,100.4143,100.4143,100.3794,100.3794,1839
15:10,100.3068,100.4143,100.3068,100.4143,1496
15:11,100.4556,100.4556,100.3068,100.3068,875
15:12,100.344,100.4556,100.344,100.4556,808
15:13,100.3774,100.3774,100.344,100.344,674
15:14,100.3217,100.3774,100.3217,100.3774,891
15:15,100.3377,100.3377,100.3217,100.3217,948
15:16,100.4111,100.4111,100.3377,100.3377,926
15:17,100.4684,100.4684,100.4111,100.4111,1122
15:18,100.4305,100.4684,100.4305,100.4684,1314
15:19,100.3871,100.4305,100.3871,100.4305,1223
15:20,100.4341,100.4341,100.3871,100.3871,832
15:21,100.4096,100.4341,100.4096,100.4341,663
15:22,100.3531,100.4096,100.3531,100.4096,1813
15:23,100.3077,100.3531,100.3077,100.3531,888
15:24,100.4094,100.4094,100.3077,100.3077,914
15:25,100.3487,100.4094,100.3487,100.4094,974
15:26,100.2726,100.3487,100.2726,100.3487,622
15:27,100.4077,100.4077,100.2726,100.2726,1030
15:28,100.4573,100.4573,100.4077,100.4077,1054
15:29,100.4189,100.4573,100.4189,100.4573,1597
15:30,100.4959,100.4959,100.4189,100.4189,1689
15:31,100.5682,100.5682,100.4959,100.4959,1361
15:32,100.6826,100.6826,100.5682,100.5682,1956
15:33,100.6942,100.6942,100.6826,100.6826,1643
15:34,100.5507,100.6942,100.5507,100.6942,1506
15:35,100.5741,100.5741,100.5507,100.5507,1671
15:36,100.518,100.5741,100.518,100.5741,1543
15:37,100.6153,100.6153,100.518,100.518,1505
15:38,100.6394,100.6394,100.6153,100.6153,1656
15:39,100.6614,100.6614,100.6394,100.6394,1288
15:40,100.7247,100.7247,100.6614,100.6614,2246
15:41,100.8198,100.8198,100.7247,100.7247,1518
15:42,100.8106,100.8198,100.8106,100.8198,3096
15:43,100.6548,100.8106,100.6548,100.8106,2244
15:44,100.7231,100.7231,100.6548,100.6548,2671
15:45,100.6357,100.7231,100.6357,100.7231,3354
15:46,100.7178,100.7178,100.6357,100.6357,3804
15:47,100.7503,100.7503,100.7178,100.7178,1871
15:48,100.7681,100.7681,100.7503,100.7503,3277
15:49,100.7851,100.7851,100.7681,100.7681,5216
15:50,100.8218,100.8218,100.7851,100.7851,2268
15:51,100.9093,100.9093,100.8218,100.8218,5160
15:52,100.9183,100.9183,100.9093,100.9093,2200
15:53,100.9828,100.9828,100.9183,100.9183,3711
15:54,100.8929,100.9828,100.8929,100.9828,5897
15:55,100.8493,100.8929,100.8493,100.8929,3531
15:56,100.7815,100.8493,100.7815,100.8493,4898
15:57,100.7859,100.7859,100.7815,100.7815,4511
15:58,100.8804,100.8804,100.7859,100.7859,14929
15:59,100.8793,100.8804,100.8793,100.8804,9667
