Time,Close,High,Low,Open,Volume
09:30,100.0559,100.0656,100.0559,100.0656,18689
09:31,100.0002,100.0559,100.0002,100.0559,10511
09:32,100.0502,100.0502,100.0002,100.0002,11775
09:33,100.0544,100.0544,100.0502,100.0502,16820
09:34,100.1076,100.1076,100.0544,100.0544,13466
09:35,100.1085,100.1085,100.1076,100.1076,4493
09:36,100.0263,100.1085,100.0263,100.1085,8147
09:37,99.9918,100.0263,99.9918,100.0263,5054
09:38,99.9977,99.9977,99.9918,99.9918,4718
09:39,99.9415,99.9977,99.9415,99.9977,5203
09:40,99.9214,99.9415,99.9214,99.9415,4357
09:41,99.9166,99.9214,99.9166,99.9214,6393
09:42,99.9725,99.9725,99.9166,99.9166,4619
09:43,99.9655,99.9725,99.9655,99.9725,3408
09:44,100.0543,100.0543,99.9655,99.9655,3544
09:45,100.0511,100.0543,100.0511,100.0543,3169
09:46,99.9593,100.0511,99.9593,100.0511,4457
09:47,99.8888,99.9593,99.8888,99.9593,2280
09:48,99.9279,99.9279,99.8888,99.8888,2567
09:49,99.9565,99.9565,99.9279,99.9279,1594
09:50,99.9685,99.9685,99.9565,99.9565,823
09:51,99.9288,99.9685,99.9288,99.9685,2423
09:52,99.9351,99.9351,99.9288,99.9288,2474
09:53,99.9303,99.9351,99.9303,99.9351,1331
09:54,99.9508,99.9508,99.9303,99.9303,3691
09:55,99.9972,99.9972,99.9508,99.9508,943
09:56,100.0608,100.0608,99.9972,99.9972,1539
09:57,100.0605,100.0608,100.0605,100.0608,1363
09:58,100.0095,100.0605,100.0095,100.0605,2420
09:59,100.0083,100.0095,100.0083,100.0095,2289
10:00,100.0564,100.0564,100.0083,100.0083,1393
10:01,100.1249,100.1249,100.0564,100.0564,1466
10:02,100.0737,100.1249,100.0737,100.1249,912
10:03,100.0292,100.0737,100.0292,100.0737,605
10:04,100.0291,100.0292,100.0291,100.0292,1056
10:05,100.1076,100.1076,100.0291,100.0291,1239
10:06,100.1226,100.1226,100.1076,100.1076,1782
10:07,100.0869,100.1226,100.0869,100.1226,1736
10:08,100.0721,100.0869,100.0721,100.0869,974
10:09,100.0494,100.0721,100.0494,100.0721,992
10:10,100.0415,100.0494,100.0415,100.0494,752
10:11,100.0195,100.0415,100.0195,100.0415,653
10:12,100.0305,100.0305,100.0195,100.0195,585
10:13,100.026,100.0305,100.026,100.0305,2120
10:14,99.9715,100.026,99.9715,100.026,880
10:15,100.0654,100.0654,99.9715,99.9715,897
10:16,100.1003,100.1003,100.0654,100.0654,668
10:17,100.1579,100.1579,100.1003,100.1003,1365
10:18,100.1381,100.1579,100.1381,100.1579,582
10:19,100.0734,100.1381,100.0734,100.1381,953
10:20,100.0958,100.0958,100.0734,100.0734,746
10:21,100.0954,100.0958,100.0954,100.0958,1171
10:22,100.1042,100.1042,100.0954,100.0954,850
10:23,100.1152,100.1152,100.1042,100.1042,668
10:24,100.104,100.1152,100.104,100.1152,1004
10:25,100.0583,100.104,100.0583,100.104,1178
10:26,100.0494,100.0583,100.0494,100.0583,1034
10:27,100.0567,100.0567,100.0494,100.0494,1123
10:28,100.0322,100.0567,100.0322,100.0567,805
10:29,99.9971,100.0322,99.9971,100.0322,885
10:30,100.0071,100.0071,99.9971,99.9971,792
10:31,100.0371,100.0371,100.0071,100.0071,885
10:32,100.0293,100.0371,100.0293,100.0371,753
10:33,100.0975,100.0975,100.0293,100.0293,544
10:34,100.1066,100.1066,100.0975,100.0975,1068
10:35,100.1612,100.1612,100.1066,100.1066,870
10:36,100.194,100.194,100.1612,100.1612,562
10:37,100.1346,100.194,100.1346,100.194,1181
10:38,100.1265,100.1346,100.1265,100.1346,726
10:39,100.1116,100.1265,100.1116,100.1265,1020
10:40,100.1905,100.1905,100.1116,100.1116,1297
10:41,100.2283,100.2283,100.1905,100.1905,1048
10:42,100.248,100.248,100.2283,100.2283,1499
10:43,100.2186,100.248,100.2186,100.248,646
10:44,100.27,100.27,100.2186,100.2186,1154
10:45,100.215,100.27,100.215,100.27,785
10:46,100.198,100.215,100.198,100.215,735
10:47,100.1638,100.198,100.1638,100.198,815
10:48,100.1945,100.1945,100.1638,100.1638,896
10:49,100.1755,100.1945,100.1755,100.1945,1020
10:50,100.1525,100.1755,100.1525,100.1755,662
10:51,100.0846,100.1525,100.0846,100.1525,1376
10:52,99.9728,100.0846,99.9728,100.0846,1180
10:53,100.0102,100.0102,99.9728,99.9728,580
10:54,99.9133,100.0102,99.9133,100.0102,1695
10:55,99.8922,99.9133,99.8922,99.9133,1958
10:56,99.9118,99.9118,99.8922,99.8922,1519
10:57,99.9329,99.9329,99.9118,99.9118,938
10:58,99.9926,99.9926,99.9329,99.9329,684
10:59,100.0315,100.0315,99.9926,99.9926,1453
11:00,100.0489,100.0489,100.0315,100.0315,867
11:01,99.9779,100.0489,99.9779,100.0489,1542
11:02,99.9583,99.9779,99.9583,99.9779,1077
11:03,100.0492,100.0492,99.9583,99.9583,1414
11:04,99.9944,100.0492,99.9944,100.0492,1135
11:05,99.9728,99.9944,99.9728,99.9944,1285
11:06,99.9377,99.9728,99.9377,99.9728,1004
11:07,99.9247,99.9377,99.9247,99.9377,1883
11:08,99.9508,99.9508,99.9247,99.9247,1046
11:09,99.9109,99.9508,99.9109,99.9508,1153
11:10,99.8957,99.9109,99.8957,99.9109,1949
11:11,99.916,99.916,99.8957,99.8957,620
11:12,99.8974,99.916,99.8974,99.916,637
11:13,99.8556,99.8974,99.8556,99.8974,1410
11:14,99.8155,99.8556,99.8155,99.8556,660
11:15,99.805,99.8155,99.805,99.8155,1992
11:16,99.8347,99.8347,99.805,99.805,864
11:17,99.8619,99.8619,99.8347,99.8347,767
11:18,99.8285,99.8619,99.8285,99.8619,1977
11:19,99.7778,99.8285,99.7778,99.8285,1690
11:20,99.8284,99.8284,99.7778,99.7778,1939
11:21,99.7823,99.8284,99.7823,99.8284,1379
11:22,99.8086,99.8086,99.7823,99.7823,737
11:23,99.8849,99.8849,99.8086,99.8086,1968
11:24,99.9259,99.9259,99.8849,99.8849,909
11:25,99.9024,99.9259,99.9024,99.9259,1329
11:26,99.9078,99.9078,99.9024,99.9024,1399
11:27,99.876,99.9078,99.876,99.9078,947
11:28,99.9363,99.9363,99.876,99.876,1243
11:29,99.9593,99.9593,99.9363,99.9363,1387
11:30,99.9959,99.9959,99.9593,99.9593,1143
11:31,100.023,100.023,99.9959,99.9959,677
11:32,99.9985,100.023,99.9985,100.023,1112
11:33,100.0427,100.0427,99.9985,99.9985,1600
11:34,100.014,100.0427,100.014,100.0427,782
11:35,100.0195,100.0195,100.014,100.014,948
11:36,100.0718,100.0718,100.0195,100.0195,857
11:37,100.0925,100.0925,100.0718,100.0718,1926
11:38,100.1094,100.1094,100.0925,100.0925,1269
11:39,100.1494,100.1494,100.1094,100.1094,1155
11:40,100.1648,100.1648,100.1494,100.1494,761
11:41,100.1715,100.1715,100.1648,100.1648,1211
11:42,100.1378,100.1715,100.1378,100.1715,787
11:43,100.2283,100.2283,100.1378,100.1378,1011
11:44,100.2182,100.2283,100.2182,100.2283,798
11:45,100.2588,100.2588,100.2182,100.2182,1271
11:46,100.2607,100.2607,100.2588,100.2588,1227
11:47,100.2772,100.2772,100.2607,100.2607,929
11:48,100.2595,100.2772,100.2595,100.2772,1151
11:49,100.3515,100.3515,100.2595,100.2595,679
11:50,100.3593,100.3593,100.3515,100.3515,589
11:51,100.3146,100.3593,100.3146,100.3593,1169
11:52,100.289,100.3146,100.289,100.3146,1061
11:53,100.3538,100.3538,100.289,100.289,1252
11:54,100.3687,100.3687,100.3538,100.3538,2328
11:55,100.3607,100.3687,100.3607,100.3687,1398
11:56,100.4004,100.4004,100.3607,100.3607,724
11:57,100.427,100.427,100.4004,100.4004,1486
11:58,100.5213,100.5213,100.427,100.427,627
11:59,100.4504,100.5213,100.4504,100.5213,849
12:00,100.4343,100.4504,100.4343,100.4504,976
12:01,100.4265,100.4343,100.4265,100.4343,1836
12:02,100.4096,100.4265,100.4096,100.4265,768
12:03,100.3886,100.4096,100.3886,100.4096,746
12:04,100.3847,100.3886,100.3847,100.3886,966
12:05,100.416,100.416,100.3847,100.3847,790
12:06,100.4397,100.4397,100.416,100.416,1491
12:07,100.4142,100.4397,100.4142,100.4397,682
12:08,100.4176,100.4176,100.4142,100.4142,666
12:09,100.455,100.455,100.4176,100.4176,856
12:10,100.4002,100.455,100.4002,100.455,838
12:11,100.4617,100.4617,100.4002,100.4002,1982
12:12,100.4391,100.4617,100.4391,100.4617,1400
12:13,100.5185,100.5185,100.4391,100.4391,1032
12:14,100.4656,100.5185,100.4656,100.5185,648
12:15,100.4634,100.4656,100.4634,100.4656,1349
12:16,100.4471,100.4634,100.4471,100.4634,701
12:17,100.4713,100.4713,100.4471,100.4471,578
12:18,100.5159,100.5159,100.4713,100.4713,1524
12:19,100.555,100.555,100.5159,100.5159,1119
12:20,100.5392,100.555,100.5392,100.555,1386
12:21,100.4912,100.5392,100.4912,100.5392,1120
12:22,100.4875,100.4912,100.4875,100.4912,1355
12:23,100.4692,100.4875,100.4692,100.4875,794
12:24,100.485,100.485,100.4692,100.4692,693
12:25,100.4486,100.485,100.4486,100.485,1273
12:26,100.4508,100.4508,100.4486,100.4486,752
12:27,100.4411,100.4508,100.4411,100.4508,783
12:28,100.4301,100.4411,100.4301,100.4411,851
12:29,100.4177,100.4301,100.4177,100.4301,1006
12:30,100.4011,100.4177,100.4011,100.4177,882
12:31,100.4411,100.4411,100.4011,100.4011,614
12:32,100.3765,100.4411,100.3765,100.4411,796
12:33,100.3407,100.3765,100.3407,100.3765,455
12:34,100.3198,100.3407,100.3198,100.3407,1248
12:35,100.3193,100.3198,100.3193,100.3198,567
12:36,100.3735,100.3735,100.3193,100.3193,676
12:37,100.4133,100.4133,100.3735,100.3735,1019
12:38,100.4446,100.4446,100.4133,100.4133,769
12:39,100.4402,100.4446,100.4402,100.4446,1728
12:40,100.3819,100.4402,100.3819,100.4402,632
12:41,100.494,100.494,100.3819,100.3819,1099
12:42,100.408,100.494,100.408,100.494,986
12:43,100.3484,100.408,100.3484,100.408,661
12:44,100.3021,100.3484,100.3021,100.3484,1204
12:45,100.2966,100.3021,100.2966,100.3021,941
12:46,100.2756,100.2966,100.2756,100.2966,1315
12:47,100.3078,100.3078,100.2756,100.2756,1339
12:48,100.3083,100.3083,100.3078,100.3078,2153
12:49,100.2978,100.3083,100.2978,100.3083,1606
12:50,100.3307,100.3307,100.2978,100.2978,877
12:51,100.3681,100.3681,100.3307,100.3307,919
12:52,100.313,100.3681,100.313,100.3681,1477
12:53,100.2903,100.313,100.2903,100.313,1261
12:54,100.2911,100.2911,100.2903,100.2903,1255
12:55,100.3045,100.3045,100.2911,100.2911,564
12:56,100.3018,100.3045,100.3018,100.3045,991
12:57,100.355,100.355,100.3018,100.3018,770
12:58,100.3251,100.355,100.3251,100.355,1104
12:59,100.3306,100.3306,100.3251,100.3251,966
13:00,100.2438,100.3306,100.2438,100.3306,1381
13:01,100.1959,100.2438,100.1959,100.2438,1119
13:02,100.1449,100.1959,100.1449,100.1959,1321
13:03,100.0929,100.1449,100.0929,100.1449,848
13:04,100.1103,100.1103,100.0929,100.0929,715
13:05,100.1332,100.1332,100.1103,100.1103,865
13:06,100.0745,100.1332,100.0745,100.1332,994
13:07,100.0856,100.0856,100.0745,100.0745,1144
13:08,100.0943,100.0943,100.0856,100.0856,2228
13:09,100.0254,100.0943,100.0254,100.0943,985
13:10,99.9705,100.0254,99.9705,100.0254,713
13:11,100.0125,100.0125,99.9705,99.9705,885
13:12,100.0569,100.0569,100.0125,100.0125,848
13:13,100.0657,100.0657,100.0569,100.0569,1186
13:14,100.126,100.126,100.0657,100.0657,579
13:15,100.0412,100.126,100.0412,100.126,1023
13:16,100.0165,100.0412,100.0165,100.0412,1057
13:17,99.9943,100.0165,99.9943,100.0165,1086
13:18,100.0034,100.0034,99.9943,99.9943,809
13:19,99.9922,100.0034,99.9922,100.0034,919
13:20,99.951,99.9922,99.951,99.9922,604
13:21,99.9251,99.951,99.9251,99.951,840
13:22,99.8938,99.9251,99.8938,99.9251,825
13:23,99.9505,99.9505,99.8938,99.8938,1159
13:24,99.9924,99.9924,99.9505,99.9505,664
13:25,99.9728,99.9924,99.9728,99.9924,1319
13:26,99.9676,99.9728,99.9676,99.9728,1699
13:27,99.988,99.988,99.9676,99.9676,480
13:28,99.9532,99.988,99.9532,99.988,1163
13:29,99.9315,99.9532,99.9315,99.9532,1271
13:30,99.917,99.9315,99.917,99.9315,798
13:31,99.9224,99.9224,99.917,99.917,869
13:32,99.9045,99.9224,99.9045,99.9224,954
13:33,99.8619,99.9045,99.8619,99.9045,900
13:34,99.8271,99.8619,99.8271,99.8619,896
13:35,99.8706,99.8706,99.8271,99.8271,552
13:36,99.9223,99.9223,99.8706,99.8706,1505
13:37,99.8835,99.9223,99.8835,99.9223,1466
13:38,99.8235,99.8835,99.8235,99.8835,750
13:39,99.834,99.834,99.8235,99.8235,595
13:40,99.8118,99.834,99.8118,99.834,1203
13:41,99.8044,99.8118,99.8044,99.8118,815
13:42,99.7982,99.8044,99.7982,99.8044,1052
13:43,99.7788,99.7982,99.7788,99.7982,893
13:44,99.7761,99.7788,99.7761,99.7788,1278
13:45,99.7086,99.7761,99.7086,99.7761,1279
13:46,99.7865,99.7865,99.7086,99.7086,773
13:47,99.7367,99.7865,99.7367,99.7865,612
13:48,99.7139,99.7367,99.7139,99.7367,571
13:49,99.7408,99.7408,99.7139,99.7139,1242
13:50,99.774,99.774,99.7408,99.7408,656
13:51,99.7834,99.7834,99.774,99.774,836
13:52,99.777,99.7834,99.777,99.7834,809
13:53,99.7351,99.777,99.7351,99.777,982
13:54,99.7587,99.7587,99.7351,99.7351,503
13:55,99.7229,99.7587,99.7229,99.7587,1069
13:56,99.7228,99.7229,99.7228,99.7229,1204
13:57,99.6751,99.7228,99.6751,99.7228,1032
13:58,99.729,99.729,99.6751,99.6751,896
13:59,99.7223,99.729,99.7223,99.729,1035
14:00,99.7517,99.7517,99.7223,99.7223,1152
14:01,99.7659,99.7659,99.7517,99.7517,374
14:02,99.7162,99.7659,99.7162,99.7659,2000
14:03,99.8026,99.8026,99.7162,99.7162,1148
14:04,99.8295,99.8295,99.8026,99.8026,794
14:05,99.7925,99.8295,99.7925,99.8295,871
14:06,99.7504,99.7925,99.7504,99.7925,1191
14:07,99.7617,99.7617,99.7504,99.7504,960
14:08,99.7438,99.7617,99.7438,99.7617,487
14:09,99.7413,99.7438,99.7413,99.7438,2079
14:10,99.7329,99.7413,99.7329,99.7413,962
14:11,99.7104,99.7329,99.7104,99.7329,1436
14:12,99.718,99.718,99.7104,99.7104,782
14:13,99.6911,99.718,99.6911,99.718,1724
14:14,99.6876,99.6911,99.6876,99.6911,1107
14:15,99.7044,99.7044,99.6876,99.6876,1241
14:16,99.8073,99.8073,99.7044,99.7044,690
14:17,99.8408,99.8408,99.8073,99.8073,1536
14:18,99.8394,99.8408,99.8394,99.8408,1277
14:19,99.9448,99.9448,99.8394,99.8394,1586
14:20,99.9055,99.9448,99.9055,99.9448,800
14:21,99.881,99.9055,99.881,99.9055,843
14:22,99.931,99.931,99.881,99.881,2263
14:23,99.9104,99.931,99.9104,99.931,687
14:24,99.9841,99.9841,99.9104,99.9104,953
14:25,100.0071,100.0071,99.9841,99.9841,1496
14:26,100.0489,100.0489,100.0071,100.0071,1035
14:27,99.9732,100.0489,99.9732,100.0489,1230
14:28,99.9234,99.9732,99.9234,99.9732,868
14:29,100.0274,100.0274,99.9234,99.9234,1140
14:30,99.9717,100.0274,99.9717,100.0274,629
14:31,99.9507,99.9717,99.9507,99.9717,1800
14:32,99.969,99.969,99.9507,99.9507,959
14:33,99.9932,99.9932,99.969,99.969,786
14:34,100.0112,100.0112,99.9932,99.9932,1267
14:35,99.9558,100.0112,99.9558,100.0112,849
14:36,99.9299,99.9558,99.9299,99.9558,623
14:37,99.8814,99.9299,99.8814,99.9299,620
14:38,99.8826,99.8826,99.8814,99.8814,1279
14:39,99.8405,99.8826,99.8405,99.8826,945
14:40,99.811,99.8405,99.811,99.8405,954
14:41,99.8602,99.8602,99.811,99.811,1466
14:42,99.8581,99.8602,99.8581,99.8602,671
14:43,99.9325,99.9325,99.8581,99.8581,772
14:44,99.9579,99.9579,99.9325,99.9325,873
14:45,99.8969,99.9579,99.8969,99.9579,1035
14:46,99.8559,99.8969,99.8559,99.8969,986
14:47,99.8607,99.8607,99.8559,99.8559,904
14:48,99.8726,99.8726,99.8607,99.8607,979
14:49,99.9052,99.9052,99.8726,99.8726,964
14:50,99.9544,99.9544,99.9052,99.9052,776
14:51,99.9305,99.9544,99.9305,99.9544,751
14:52,99.928,99.9305,99.928,99.9305,1104
14:53,99.9835,99.9835,99.928,99.928,731
14:54,99.9879,99.9879,99.9835,99.9835,665
14:55,99.9636,99.9879,99.9636,99.9879,898
14:56,99.9078,99.9636,99.9078,99.9636,949
14:57,99.9215,99.9215,99.9078,99.9078,2234
14:58,99.9119,99.9215,99.9119,99.9215,782
14:59,99.9187,99.9187,99.9119,99.9119,1404
15:00,99.9543,99.9543,99.9187,99.9187,1311
15:01,99.9263,99.9543,99.9263,99.9543,660
15:02,99.92,99.9263,99.92,99.9263,1326
15:03,99.8473,99.92,99.8473,99.92,663
15:04,99.8798,99.8798,99.8473,99.8473,394
15:05,99.9345,99.9345,99.8798,99.8798,1255
15:06,99.9357,99.9357,99.9345,99.9345,544
15:07,99.9341,99.9357,99.9341,99.9357,1192
15:08,99.9513,99.9513,99.9341,99.9341,799
15:09,99.906,99.9513,99.906,99.9513,1839
15:10,99.9262,99.9262,99.906,99.906,1496
15:11,99.9023,99.9262,99.9023,99.9262,875
15:12,99.8207,99.9023,99.8207,99.9023,808
15:13,99.8185,99.8207,99.8185,99.8207,674
15:14,99.8165,99.8185,99.8165,99.8185,891
15:15,99.8269,99.8269,99.8165,99.8165,948
15:16,99.7919,99.8269,99.7919,99.8269,926
15:17,99.8286,99.8286,99.7919,99.7919,1122
15:18,99.8729,99.8729,99.8286,99.8286,1314
15:19,99.9075,99.9075,99.8729,99.8729,1223
15:20,99.9083,99.9083,99.9075,99.9075,832
15:21,99.9398,99.9398,99.9083,99.9083,663
15:22,99.9968,99.9968,99.9398,99.9398,1813
15:23,99.9717,99.9968,99.9717,99.9968,888
15:24,99.9075,99.9717,99.9075,99.9717,914
15:25,99.8876,99.9075,99.8876,99.9075,974
15:26,99.8866,99.8876,99.8866,99.8876,622
15:27,99.8884,99.8884,99.8866,99.8866,1030
15:28,99.884,99.8884,99.884,99.8884,1054
15:29,99.8474,99.884,99.8474,99.884,1597
15:30,99.9135,99.9135,99.8474,99.8474,1689
15:31,99.9621,99.9621,99.9135,99.9135,1361
15:32,99.9475,99.9621,99.9475,99.9621,1956
15:33,99.9794,99.9794,99.9475,99.9475,1643
15:34,99.9729,99.9794,99.9729,99.9794,1506
15:35,99.9854,99.9854,99.9729,99.9729,1671
15:36,99.9568,99.9854,99.9568,99.9854,1543
15:37,99.9464,99.9568,99.9464,99.9568,1505
15:38,99.8853,99.9464,99.8853,99.9464,1656
15:39,99.8414,99.8853,99.8414,99.8853,1288
15:40,99.8657,99.8657,99.8414,99.8414,2246
15:41,99.9726,99.9726,99.8657,99.8657,1518
15:42,99.9674,99.9726,99.9674,99.9726,3096
15:43,100.034,100.034,99.9674,99.9674,2244
15:44,100.0995,100.0995,100.034,100.034,2671
15:45,100.0895,100.0995,100.0895,100.0995,3354
15:46,100.1291,100.1291,100.0895,100.0895,3804
15:47,100.1112,100.1291,100.1112,100.1291,1871
15:48,100.1954,100.1954,100.1112,100.1112,3277
15:49,100.2326,100.2326,100.1954,100.1954,5216
15:50,100.2363,100.2363,100.2326,100.2326,2268
15:51,100.1972,100.2363,100.1972,100.2363,5160
15:52,100.2031,100.2031,100.1972,100.1972,2200
15:53,100.1898,100.2031,100.1898,100.2031,3711
15:54,100.1705,100.1898,100.1705,100.1898,5897
15:55,100.1609,100.1705,100.1609,100.1705,3531
15:56,100.13,100.1609,100.13,100.1609,4898
15:57,100.1052,100.13,100.1052,100.13,4511
15:58,100.1287,100.1287,100.1052,100.1052,14929
15:59,100.1205,100.1287,100.1205,100.1287,9667
