Time,Close,High,Low,Open,Volume
09:30,99.8598,99.9278,99.8598,99.9278,18689
09:31,99.8487,99.8598,99.8487,99.8598,10511
09:32,99.8423,99.8487,99.8423,99.8487,11775
09:33,100.0476,100.0476,99.8423,99.8423,16820
09:34,99.8341,100.0476,99.8341,100.0476,13466
09:35,99.7516,99.8341,99.7516,99.8341,4493
09:36,99.4996,99.7516,99.4996,99.7516,8147
09:37,99.2996,99.4996,99.2996,99.4996,5054
09:38,99.295,99.2996,99.295,99.2996,4718
09:39,99.1822,99.295,99.1822,99.295,5203
09:40,99.2236,99.2236,99.1822,99.1822,4357
09:41,99.2094,99.2236,99.2094,99.2236,6393
09:42,99.1101,99.2094,99.1101,99.2094,4619
09:43,99.2421,99.2421,99.1101,99.1101,3408
09:44,99.3246,99.3246,99.2421,99.2421,3544
09:45,99.1373,99.3246,99.1373,99.3246,3169
09:46,99.1372,99.1373,99.1372,99.1373,4457
09:47,99.4078,99.4078,99.1372,99.1372,2280
09:48,99.5829,99.5829,99.4078,99.4078,2567
09:49,99.6341,99.6341,99.5829,99.5829,1594
09:50,99.4508,99.6341,99.4508,99.6341,823
09:51,99.4063,99.4508,99.4063,99.4508,2423
09:52,99.4818,99.4818,99.4063,99.4063,2474
09:53,99.5668,99.5668,99.4818,99.4818,1331
09:54,99.1275,99.5668,99.1275,99.5668,3691
09:55,98.9638,99.1275,98.9638,99.1275,943
09:56,98.78,98.9638,98.78,98.9638,1539
09:57,98.8061,98.8061,98.78,98.78,1363
09:58,98.6703,98.8061,98.6703,98.8061,2420
09:59,98.6674,98.6703,98.6674,98.6703,2289
10:00,98.6582,98.6674,98.6582,98.6674,1393
10:01,98.7541,98.7541,98.6582,98.6582,1466
10:02,98.7966,98.7966,98.7541,98.7541,912
10:03,98.8513,98.8513,98.7966,98.7966,605
10:04,99.2428,99.2428,98.8513,98.8513,1056
10:05,99.2252,99.2428,99.2252,99.2428,1239
10:06,99.2808,99.2808,99.2252,99.2252,1782
10:07,99.4858,99.4858,99.2808,99.2808,1736
10:08,99.4799,99.4858,99.4799,99.4858,974
10:09,99.7362,99.7362,99.4799,99.4799,992
10:10,99.7565,99.7565,99.7362,99.7362,752
10:11,99.9061,99.9061,99.7565,99.7565,653
10:12,99.9569,99.9569,99.9061,99.9061,585
10:13,99.7383,99.9569,99.7383,99.9569,2120
10:14,99.8348,99.8348,99.7383,99.7383,880
10:15,100.0671,100.0671,99.8348,99.8348,897
10:16,100.2583,100.2583,100.0671,100.0671,668
10:17,100.4818,100.4818,100.2583,100.2583,1365
10:18,100.2824,100.4818,100.2824,100.4818,582
10:19,100.2285,100.2824,100.2285,100.2824,953
10:20,100.0331,100.2285,100.0331,100.2285,746
10:21,99.9963,100.0331,99.9963,100.0331,1171
10:22,99.7329,99.9963,99.7329,99.9963,850
10:23,99.6946,99.7329,99.6946,99.7329,668
10:24,99.5708,99.6946,99.5708,99.6946,1004
10:25,99.4723,99.5708,99.4723,99.5708,1178
10:26,99.4174,99.4723,99.4174,99.4723,1034
10:27,99.1817,99.4174,99.1817,99.4174,1123
10:28,99.2732,99.2732,99.1817,99.1817,805
10:29,99.2517,99.2732,99.2517,99.2732,885
10:30,99.1109,99.2517,99.1109,99.2517,792
10:31,99.2389,99.2389,99.1109,99.1109,885
10:32,99.5191,99.5191,99.2389,99.2389,753
10:33,99.5578,99.5578,99.5191,99.5191,544
10:34,99.758,99.758,99.5578,99.5578,1068
10:35,99.673,99.758,99.673,99.758,870
10:36,99.6453,99.673,99.6453,99.673,562
10:37,99.6572,99.6572,99.6453,99.6453,1181
10:38,99.6834,99.6834,99.6572,99.6572,726
10:39,99.7365,99.7365,99.6834,99.6834,1020
10:40,99.5927,99.7365,99.5927,99.7365,1297
10:41,99.7386,99.7386,99.5927,99.5927,1048
10:42,99.7114,99.7386,99.7114,99.7386,1499
10:43,99.7519,99.7519,99.7114,99.7114,646
10:44,99.7479,99.7519,99.7479,99.7519,1154
10:45,99.7125,99.7479,99.7125,99.7479,785
10:46,99.6541,99.7125,99.6541,99.7125,735
10:47,99.5161,99.6541,99.5161,99.6541,815
10:48,99.3111,99.5161,99.3111,99.5161,896
10:49,99.3383,99.3383,99.3111,99.3111,1020
10:50,99.2319,99.3383,99.2319,99.3383,662
10:51,99.4002,99.4002,99.2319,99.2319,1376
10:52,99.182,99.4002,99.182,99.4002,1180
10:53,99.0333,99.182,99.0333,99.182,580
10:54,98.9927,99.0333,98.9927,99.0333,1695
10:55,98.7861,98.9927,98.7861,98.9927,1958
10:56,98.7679,98.7861,98.7679,98.7861,1519
10:57,99.1564,99.1564,98.7679,98.7679,938
10:58,99.0933,99.1564,99.0933,99.1564,684
10:59,99.1631,99.1631,99.0933,99.0933,1453
11:00,99.044,99.1631,99.044,99.1631,867
11:01,99.0592,99.0592,99.044,99.044,1542
11:02,99.0449,99.0592,99.0449,99.0592,1077
11:03,99.4117,99.4117,99.0449,99.0449,1414
11:04,99.2822,99.4117,99.2822,99.4117,1135
11:05,99.1814,99.2822,99.1814,99.2822,1285
11:06,99.2384,99.2384,99.1814,99.1814,1004
11:07,99.369,99.369,99.2384,99.2384,1883
11:08,99.2824,99.369,99.2824,99.369,1046
11:09,99.2634,99.2824,99.2634,99.2824,1153
11:10,99.2454,99.2634,99.2454,99.2634,1949
11:11,99.353,99.353,99.2454,99.2454,620
11:12,99.355,99.355,99.353,99.353,637
11:13,99.3658,99.3658,99.355,99.355,1410
11:14,99.014,99.3658,99.014,99.3658,660
11:15,98.9532,99.014,98.9532,99.014,1992
11:16,99.0682,99.0682,98.9532,98.9532,864
11:17,98.7836,99.0682,98.7836,99.0682,767
11:18,98.9447,98.9447,98.7836,98.7836,1977
11:19,98.8579,98.9447,98.8579,98.9447,1690
11:20,99.0922,99.0922,98.8579,98.8579,1939
11:21,99.0348,99.0922,99.0348,99.0922,1379
11:22,99.116,99.116,99.0348,99.0348,737
11:23,99.0238,99.116,99.0238,99.116,1968
11:24,99.0699,99.0699,99.0238,99.0238,909
11:25,98.8708,99.0699,98.8708,99.0699,1329
11:26,99.0812,99.0812,98.8708,98.8708,1399
11:27,98.9541,99.0812,98.9541,99.0812,947
11:28,99.0687,99.0687,98.9541,98.9541,1243
11:29,99.3852,99.3852,99.0687,99.0687,1387
11:30,99.2612,99.3852,99.2612,99.3852,1143
11:31,99.1436,99.2612,99.1436,99.2612,677
11:32,99.0778,99.1436,99.0778,99.1436,1112
11:33,99.1552,99.1552,99.0778,99.0778,1600
11:34,99.2382,99.2382,99.1552,99.1552,782
11:35,99.2114,99.2382,99.2114,99.2382,948
11:36,99.0773,99.2114,99.0773,99.2114,857
11:37,99.1254,99.1254,99.0773,99.0773,1926
11:38,98.838,99.1254,98.838,99.1254,1269
11:39,99.1347,99.1347,98.838,98.838,1155
11:40,99.4295,99.4295,99.1347,99.1347,761
11:41,99.5075,99.5075,99.4295,99.4295,1211
11:42,99.7125,99.7125,99.5075,99.5075,787
11:43,99.6361,99.7125,99.6361,99.7125,1011
11:44,99.73,99.73,99.6361,99.6361,798
11:45,99.616,99.73,99.616,99.73,1271
11:46,99.6463,99.6463,99.616,99.616,1227
11:47,99.9068,99.9068,99.6463,99.6463,929
11:48,99.9826,99.9826,99.9068,99.9068,1151
11:49,99.9481,99.9826,99.9481,99.9826,679
11:50,100.0688,100.0688,99.9481,99.9481,589
11:51,100.1739,100.1739,100.0688,100.0688,1169
11:52,99.9291,100.1739,99.9291,100.1739,1061
11:53,100.0176,100.0176,99.9291,99.9291,1252
11:54,99.8889,100.0176,99.8889,100.0176,2328
11:55,99.6075,99.8889,99.6075,99.8889,1398
11:56,99.647,99.647,99.6075,99.6075,724
11:57,99.6055,99.647,99.6055,99.647,1486
11:58,99.5513,99.6055,99.5513,99.6055,627
11:59,99.5324,99.5513,99.5324,99.5513,849
12:00,99.5854,99.5854,99.5324,99.5324,976
12:01,99.6786,99.6786,99.5854,99.5854,1836
12:02,99.8345,99.8345,99.6786,99.6786,768
12:03,99.8511,99.8511,99.8345,99.8345,746
12:04,99.8169,99.8511,99.8169,99.8511,966
12:05,100.043,100.043,99.8169,99.8169,790
12:06,100.2015,100.2015,100.043,100.043,1491
12:07,100.2527,100.2527,100.2015,100.2015,682
12:08,100.2983,100.2983,100.2527,100.2527,666
12:09,100.4652,100.4652,100.2983,100.2983,856
12:10,100.4783,100.4783,100.4652,100.4652,838
12:11,100.4316,100.4783,100.4316,100.4783,1982
12:12,100.5335,100.5335,100.4316,100.4316,1400
12:13,100.7096,100.7096,100.5335,100.5335,1032
12:14,100.7188,100.7188,100.7096,100.7096,648
12:15,100.5205,100.7188,100.5205,100.7188,1349
12:16,100.7719,100.7719,100.5205,100.5205,701
12:17,100.7018,100.7719,100.7018,100.7719,578
12:18,100.515,100.7018,100.515,100.7018,1524
12:19,100.6516,100.6516,100.515,100.515,1119
12:20,100.7469,100.7469,100.6516,100.6516,1386
12:21,100.8944,100.8944,100.7469,100.7469,1120
12:22,100.5573,100.8944,100.5573,100.8944,1355
12:23,100.4524,100.5573,100.4524,100.5573,794
12:24,100.387,100.4524,100.387,100.4524,693
12:25,100.3688,100.387,100.3688,100.387,1273
12:26,100.2768,100.3688,100.2768,100.3688,752
12:27,100.1314,100.2768,100.1314,100.2768,783
12:28,100.0664,100.1314,100.0664,100.1314,851
12:29,99.7702,100.0664,99.7702,100.0664,1006
12:30,99.6006,99.7702,99.6006,99.7702,882
12:31,99.461,99.6006,99.461,99.6006,614
12:32,99.3165,99.461,99.3165,99.461,796
12:33,99.4832,99.4832,99.3165,99.3165,455
12:34,99.4411,99.4832,99.4411,99.4832,1248
12:35,99.3882,99.4411,99.3882,99.4411,567
12:36,99.3438,99.3882,99.3438,99.3882,676
12:37,99.6168,99.6168,99.3438,99.3438,1019
12:38,99.6271,99.6271,99.6168,99.6168,769
12:39,99.8474,99.8474,99.6271,99.6271,1728
12:40,99.9213,99.9213,99.8474,99.8474,632
12:41,99.926,99.926,99.9213,99.9213,1099
12:42,100.1396,100.1396,99.926,99.926,986
12:43,100.0734,100.1396,100.0734,100.1396,661
12:44,100.0704,100.0734,100.0704,100.0734,1204
12:45,100.1855,100.1855,100.0704,100.0704,941
12:46,100.0422,100.1855,100.0422,100.1855,1315
12:47,99.9325,100.0422,99.9325,100.0422,1339
12:48,99.6721,99.9325,99.6721,99.9325,2153
12:49,99.5486,99.6721,99.5486,99.6721,1606
12:50,99.5008,99.5486,99.5008,99.5486,877
12:51,99.4722,99.5008,99.4722,99.5008,919
12:52,99.7721,99.7721,99.4722,99.4722,1477
12:53,99.6346,99.7721,99.6346,99.7721,1261
12:54,99.665,99.665,99.6346,99.6346,1255
12:55,99.7576,99.7576,99.665,99.665,564
12:56,99.9326,99.9326,99.7576,99.7576,991
12:57,100.0953,100.0953,99.9326,99.9326,770
12:58,99.9718,100.0953,99.9718,100.0953,1104
12:59,99.8261,99.9718,99.8261,99.9718,966
13:00,99.7378,99.8261,99.7378,99.8261,1381
13:01,99.6698,99.7378,99.6698,99.7378,1119
13:02,99.5664,99.6698,99.5664,99.6698,1321
13:03,99.9976,99.9976,99.5664,99.5664,848
13:04,99.8834,99.9976,99.8834,99.9976,715
13:05,99.7028,99.8834,99.7028,99.8834,865
13:06,99.6203,99.7028,99.6203,99.7028,994
13:07,99.8598,99.8598,99.6203,99.6203,1144
13:08,100.0455,100.0455,99.8598,99.8598,2228
13:09,100.0028,100.0455,100.0028,100.0455,985
13:10,99.754,100.0028,99.754,100.0028,713
13:11,99.622,99.754,99.622,99.754,885
13:12,99.425,99.622,99.425,99.622,848
13:13,99.5242,99.5242,99.425,99.425,1186
13:14,99.3359,99.5242,99.3359,99.5242,579
13:15,99.3034,99.3359,99.3034,99.3359,1023
13:16,99.4753,99.4753,99.3034,99.3034,1057
13:17,99.2794,99.4753,99.2794,99.4753,1086
13:18,99.3698,99.3698,99.2794,99.2794,809
13:19,99.097,99.3698,99.097,99.3698,919
13:20,99.1106,99.1106,99.097,99.097,604
13:21,99.064,99.1106,99.064,99.1106,840
13:22,99.3077,99.3077,99.064,99.064,825
13:23,99.2327,99.3077,99.2327,99.3077,1159
13:24,99.2539,99.2539,99.2327,99.2327,664
13:25,99.0403,99.2539,99.0403,99.2539,1319
13:26,99.194,99.194,99.0403,99.0403,1699
13:27,99.0708,99.194,99.0708,99.194,480
13:28,99.0061,99.0708,99.0061,99.0708,1163
13:29,99.1852,99.1852,99.0061,99.0061,1271
13:30,98.9343,99.1852,98.9343,99.1852,798
13:31,98.8836,98.9343,98.8836,98.9343,869
13:32,98.6097,98.8836,98.6097,98.8836,954
13:33,98.7136,98.7136,98.6097,98.6097,900
13:34,98.5717,98.7136,98.5717,98.7136,896
13:35,98.5188,98.5717,98.5188,98.5717,552
13:36,98.3685,98.5188,98.3685,98.5188,1505
13:37,98.3798,98.3798,98.3685,98.3685,1466
13:38,98.1763,98.3798,98.1763,98.3798,750
13:39,98.1133,98.1763,98.1133,98.1763,595
13:40,98.367,98.367,98.1133,98.1133,1203
13:41,98.5274,98.5274,98.367,98.367,815
13:42,98.3262,98.5274,98.3262,98.5274,1052
13:43,98.4531,98.4531,98.3262,98.3262,893
13:44,98.1923,98.4531,98.1923,98.4531,1278
13:45,98.1167,98.1923,98.1167,98.1923,1279
13:46,98.2067,98.2067,98.1167,98.1167,773
13:47,98.0825,98.2067,98.0825,98.2067,612
13:48,98.3868,98.3868,98.0825,98.0825,571
13:49,98.4899,98.4899,98.3868,98.3868,1242
13:50,98.8385,98.8385,98.4899,98.4899,656
13:51,98.9705,98.9705,98.8385,98.8385,836
13:52,99.3376,99.3376,98.9705,98.9705,809
13:53,99.17,99.3376,99.17,99.3376,982
13:54,98.8588,99.17,98.8588,99.17,503
13:55,98.5883,98.8588,98.5883,98.8588,1069
13:56,98.4859,98.5883,98.4859,98.5883,1204
13:57,98.2678,98.4859,98.2678,98.4859,1032
13:58,98.2692,98.2692,98.2678,98.2678,896
13:59,98.5004,98.5004,98.2692,98.2692,1035
14:00,98.619,98.619,98.5004,98.5004,1152
14:01,98.8924,98.8924,98.619,98.619,374
14:02,98.7752,98.8924,98.7752,98.8924,2000
14:03,98.8276,98.8276,98.7752,98.7752,1148
14:04,98.9413,98.9413,98.8276,98.8276,794
14:05,99.0842,99.0842,98.9413,98.9413,871
14:06,98.9762,99.0842,98.9762,99.0842,1191
14:07,98.9792,98.9792,98.9762,98.9762,960
14:08,99.4608,99.4608,98.9792,98.9792,487
14:09,99.4409,99.4608,99.4409,99.4608,2079
14:10,99.1704,99.4409,99.1704,99.4409,962
14:11,99.3054,99.3054,99.1704,99.1704,1436
14:12,99.469,99.469,99.3054,99.3054,782
14:13,99.4911,99.4911,99.469,99.469,1724
14:14,99.6293,99.6293,99.4911,99.4911,1107
14:15,99.4265,99.6293,99.4265,99.6293,1241
14:16,99.7411,99.7411,99.4265,99.4265,690
14:17,99.7077,99.7411,99.7077,99.7411,1536
14:18,99.7445,99.7445,99.7077,99.7077,1277
14:19,99.6033,99.7445,99.6033,99.7445,1586
14:20,99.6755,99.6755,99.6033,99.6033,800
14:21,99.8161,99.8161,99.6755,99.6755,843
14:22,99.9059,99.9059,99.8161,99.8161,2263
14:23,99.9543,99.9543,99.9059,99.9059,687
14:24,99.9557,99.9557,99.9543,99.9543,953
14:25,100.0004,100.0004,99.9557,99.9557,1496
14:26,100.0255,100.0255,100.0004,100.0004,1035
14:27,100.0261,100.0261,100.0255,100.0255,1230
14:28,100.0056,100.0261,100.0056,100.0261,868
14:29,99.9194,100.0056,99.9194,100.0056,1140
14:30,99.8713,99.9194,99.8713,99.9194,629
14:31,100.1163,100.1163,99.8713,99.8713,1800
14:32,99.9894,100.1163,99.9894,100.1163,959
14:33,100.3098,100.3098,99.9894,99.9894,786
14:34,100.2554,100.3098,100.2554,100.3098,1267
14:35,100.378,100.378,100.2554,100.2554,849
14:36,100.4025,100.4025,100.378,100.378,623
14:37,100.4025,100.4025,100.4025,100.4025,620
14:38,100.5419,100.5419,100.4025,100.4025,1279
14:39,100.5582,100.5582,100.5419,100.5419,945
14:40,100.583,100.583,100.5582,100.5582,954
14:41,100.6397,100.6397,100.583,100.583,1466
14:42,100.8193,100.8193,100.6397,100.6397,671
14:43,100.8688,100.8688,100.8193,100.8193,772
14:44,100.9046,100.9046,100.8688,100.8688,873
14:45,100.6704,100.9046,100.6704,100.9046,1035
14:46,100.7357,100.7357,100.6704,100.6704,986
14:47,100.7453,100.7453,100.7357,100.7357,904
14:48,100.5292,100.7453,100.5292,100.7453,979
14:49,100.4553,100.5292,100.4553,100.5292,964
14:50,100.3074,100.4553,100.3074,100.4553,776
14:51,100.3205,100.3205,100.3074,100.3074,751
14:52,99.9887,100.3205,99.9887,100.3205,1104
14:53,99.7713,99.9887,99.7713,99.9887,731
14:54,99.953,99.953,99.7713,99.7713,665
14:55,99.8357,99.953,99.8357,99.953,898
14:56,99.9319,99.9319,99.8357,99.8357,949
14:57,99.7768,99.9319,99.7768,99.9319,2234
14:58,99.4409,99.7768,99.4409,99.7768,782
14:59,99.3477,99.4409,99.3477,99.4409,1404
15:00,99.3283,99.3477,99.3283,99.3477,1311
15:01,99.2506,99.3283,99.2506,99.3283,660
15:02,99.3952,99.3952,99.2506,99.2506,1326
15:03,99.1678,99.3952,99.1678,99.3952,663
15:04,99.1584,99.1678,99.1584,99.1678,394
15:05,99.0499,99.1584,99.0499,99.1584,1255
15:06,99.2796,99.2796,99.0499,99.0499,544
15:07,99.2198,99.2796,99.2198,99.2796,1192
15:08,99.088,99.2198,99.088,99.2198,799
15:09,99.0175,99.088,99.0175,99.088,1839
15:10,99.1044,99.1044,99.0175,99.0175,1496
15:11,98.814,99.1044,98.814,99.1044,875
15:12,98.7039,98.814,98.7039,98.814,808
15:13,98.5939,98.7039,98.5939,98.7039,674
15:14,98.4668,98.5939,98.4668,98.5939,891
15:15,98.6251,98.6251,98.4668,98.4668,948
15:16,98.7953,98.7953,98.6251,98.6251,926
15:17,98.9966,98.9966,98.7953,98.7953,1122
15:18,99.1768,99.1768,98.9966,98.9966,1314
15:19,99.5179,99.5179,99.1768,99.1768,1223
15:20,99.3216,99.5179,99.3216,99.5179,832
15:21,99.4445,99.4445,99.3216,99.3216,663
15:22,99.1279,99.4445,99.1279,99.4445,1813
15:23,99.1367,99.1367,99.1279,99.1279,888
15:24,99.018,99.1367,99.018,99.1367,914
15:25,99.0067,99.018,99.0067,99.018,974
15:26,99.2211,99.2211,99.0067,99.0067,622
15:27,99.2913,99.2913,99.2211,99.2211,1030
15:28,99.2337,99.2913,99.2337,99.2913,1054
15:29,99.3498,99.3498,99.2337,99.2337,1597
15:30,99.2356,99.3498,99.2356,99.3498,1689
15:31,99.1173,99.2356,99.1173,99.2356,1361
15:32,99.0354,99.1173,99.0354,99.1173,1956
15:33,99.0924,99.0924,99.0354,99.0354,1643
15:34,98.9057,99.0924,98.9057,99.0924,1506
15:35,99.0401,99.0401,98.9057,98.9057,1671
15:36,98.8593,99.0401,98.8593,99.0401,1543
15:37,98.7193,98.8593,98.7193,98.8593,1505
15:38,98.8962,98.8962,98.7193,98.7193,1656
15:39,98.753,98.8962,98.753,98.8962,1288
15:40,98.969,98.969,98.753,98.753,2246
15:41,98.8116,98.969,98.8116,98.969,1518
15:42,99.0025,99.0025,98.8116,98.8116,3096
15:43,99.0259,99.0259,99.0025,99.0025,2244
15:44,99.2515,99.2515,99.0259,99.0259,2671
15:45,99.1993,99.2515,99.1993,99.2515,3354
15:46,99.195,99.1993,99.195,99.1993,3804
15:47,99.0118,99.195,99.0118,99.195,1871
15:48,98.7419,99.0118,98.7419,99.0118,3277
15:49,98.8207,98.8207,98.7419,98.7419,5216
15:50,98.9929,98.9929,98.8207,98.8207,2268
15:51,99.0518,99.0518,98.9929,98.9929,5160
15:52,99.0893,99.0893,99.0518,99.0518,2200
15:53,99.1227,99.1227,99.0893,99.0893,3711
15:54,99.0448,99.1227,99.0448,99.1227,5897
15:55,98.904,99.0448,98.904,99.0448,3531
15:56,98.9715,98.9715,98.904,98.904,4898
15:57,99.0419,99.0419,98.9715,98.9715,4511
15:58,99.0037,99.0419,99.0037,99.0419,14929
15:59,99.0726,99.0726,99.0037,99.0037,9667
