Time,Close,High,Low,Open,Volume
09:30,100.071,100.071,100.0241,100.0241,18689
09:31,100.0555,100.071,100.0555,100.071,10511
09:32,99.9317,100.0555,99.9317,100.0555,11775
09:33,100.0839,100.0839,99.9317,99.9317,16820
09:34,100.2616,100.2616,100.0839,100.0839,13466
09:35,100.2247,100.2616,100.2247,100.2616,4493
09:36,100.0767,100.2247,100.0767,100.2247,8147
09:37,100.1248,100.1248,100.0767,100.0767,5054
09:38,100.1112,100.1248,100.1112,100.1248,4718
09:39,100.0978,100.1112,100.0978,100.1112,5203
09:40,100.091,100.0978,100.091,100.0978,4357
09:41,99.9874,100.091,99.9874,100.091,6393
09:42,100.0235,100.0235,99.9874,99.9874,4619
09:43,100.041,100.041,100.0235,100.0235,3408
09:44,100.2025,100.2025,100.041,100.041,3544
09:45,100.222,100.222,100.2025,100.2025,3169
09:46,100.1864,100.222,100.1864,100.222,4457
09:47,100.2066,100.2066,100.1864,100.1864,2280
09:48,100.1363,100.2066,100.1363,100.2066,2567
09:49,100.1482,100.1482,100.1363,100.1363,1594
09:50,100.2194,100.2194,100.1482,100.1482,823
09:51,100.1642,100.2194,100.1642,100.2194,2423
09:52,100.1248,100.1642,100.1248,100.1642,2474
09:53,100.0916,100.1248,100.0916,100.1248,1331
09:54,100.1391,100.1391,100.0916,100.0916,3691
09:55,100.1531,100.1531,100.1391,100.1391,943
09:56,100.1303,100.1531,100.1303,100.1531,1539
09:57,100.0932,100.1303,100.0932,100.1303,1363
09:58,100.0619,100.0932,100.0619,100.0932,2420
09:59,100.0645,100.0645,100.0619,100.0619,2289
10:00,100.2729,100.2729,100.0645,100.0645,1393
10:01,100.1789,100.2729,100.1789,100.2729,1466
10:02,100.0171,100.1789,100.0171,100.1789,912
10:03,99.9474,100.0171,99.9474,100.0171,605
10:04,99.8133,99.9474,99.8133,99.9474,1056
10:05,99.8783,99.8783,99.8133,99.8133,1239
10:06,99.9673,99.9673,99.8783,99.8783,1782
10:07,99.8124,99.9673,99.8124,99.9673,1736
10:08,99.6498,99.8124,99.6498,99.8124,974
10:09,99.5869,99.6498,99.5869,99.6498,992
10:10,99.4998,99.5869,99.4998,99.5869,752
10:11,99.5018,99.5018,99.4998,99.4998,653
10:12,99.5931,99.5931,99.5018,99.5018,585
10:13,99.5617,99.5931,99.5617,99.5931,2120
10:14,99.4579,99.5617,99.4579,99.5617,880
10:15,99.4916,99.4916,99.4579,99.4579,897
10:16,99.3739,99.4916,99.3739,99.4916,668
10:17,99.4662,99.4662,99.3739,99.3739,1365
10:18,99.4808,99.4808,99.4662,99.4662,582
10:19,99.5453,99.5453,99.4808,99.4808,953
10:20,99.4944,99.5453,99.4944,99.5453,746
10:21,99.5846,99.5846,99.4944,99.4944,1171
10:22,99.5415,99.5846,99.5415,99.5846,850
10:23,99.5774,99.5774,99.5415,99.5415,668
10:24,99.4621,99.5774,99.4621,99.5774,1004
10:25,99.54,99.54,99.4621,99.4621,1178
10:26,99.6865,99.6865,99.54,99.54,1034
10:27,99.5055,99.6865,99.5055,99.6865,1123
10:28,99.5663,99.5663,99.5055,99.5055,805
10:29,99.6918,99.6918,99.5663,99.5663,885
10:30,99.7906,99.7906,99.6918,99.6918,792
10:31,99.6758,99.7906,99.6758,99.7906,885
10:32,99.7813,99.7813,99.6758,99.6758,753
10:33,99.6815,99.7813,99.6815,99.7813,544
10:34,99.7072,99.7072,99.6815,99.6815,1068
10:35,99.8349,99.8349,99.7072,99.7072,870
10:36,99.8794,99.8794,99.8349,99.8349,562
10:37,99.7147,99.8794,99.7147,99.8794,1181
10:38,99.7389,99.7389,99.7147,99.7147,726
10:39,99.5475,99.7389,99.5475,99.7389,1020
10:40,99.5892,99.5892,99.5475,99.5475,1297
10:41,99.7092,99.7092,99.5892,99.5892,1048
10:42,99.7337,99.7337,99.7092,99.7092,1499
10:43,99.8501,99.8501,99.7337,99.7337,646
10:44,99.9033,99.9033,99.8501,99.8501,1154
10:45,100.0373,100.0373,99.9033,99.9033,785
10:46,100.032,100.0373,100.032,100.0373,735
10:47,99.9942,100.032,99.9942,100.032,815
10:48,100.0506,100.0506,99.9942,99.9942,896
10:49,99.9264,100.0506,99.9264,100.0506,1020
10:50,100.0328,100.0328,99.9264,99.9264,662
10:51,100.0461,100.0461,100.0328,100.0328,1376
10:52,100.0719,100.0719,100.0461,100.0461,1180
10:53,100.2702,100.2702,100.0719,100.0719,580
10:54,100.2493,100.2702,100.2493,100.2702,1695
10:55,100.1341,100.2493,100.1341,100.2493,1958
10:56,100.1182,100.1341,100.1182,100.1341,1519
10:57,100.1863,100.1863,100.1182,100.1182,938
10:58,100.2521,100.2521,100.1863,100.1863,684
10:59,100.2313,100.2521,100.2313,100.2521,1453
11:00,100.2976,100.2976,100.2313,100.2313,867
11:01,100.3805,100.3805,100.2976,100.2976,1542
11:02,100.2275,100.3805,100.2275,100.3805,1077
11:03,100.2102,100.2275,100.2102,100.2275,1414
11:04,100.214,100.214,100.2102,100.2102,1135
11:05,100.1619,100.214,100.1619,100.214,1285
11:06,100.1984,100.1984,100.1619,100.1619,1004
11:07,100.095,100.1984,100.095,100.1984,1883
11:08,99.9524,100.095,99.9524,100.095,1046
11:09,100.0831,100.0831,99.9524,99.9524,1153
11:10,100.2427,100.2427,100.0831,100.0831,1949
11:11,100.1854,100.2427,100.1854,100.2427,620
11:12,100.2759,100.2759,100.1854,100.1854,637
11:13,100.3677,100.3677,100.2759,100.2759,1410
11:14,100.3319,100.3677,100.3319,100.3677,660
11:15,100.2473,100.3319,100.2473,100.3319,1992
11:16,100.0979,100.2473,100.0979,100.2473,864
11:17,99.9466,100.0979,99.9466,100.0979,767
11:18,100.045,100.045,99.9466,99.9466,1977
11:19,100.2946,100.2946,100.045,100.045,1690
11:20,100.331,100.331,100.2946,100.2946,1939
11:21,100.2488,100.331,100.2488,100.331,1379
11:22,100.2454,100.2488,100.2454,100.2488,737
11:23,100.2143,100.2454,100.2143,100.2454,1968
11:24,99.999,100.2143,99.999,100.2143,909
11:25,99.9633,99.999,99.9633,99.999,1329
11:26,100.0387,100.0387,99.9633,99.9633,1399
11:27,99.8138,100.0387,99.8138,100.0387,947
11:28,99.7619,99.8138,99.7619,99.8138,1243
11:29,99.8238,99.8238,99.7619,99.7619,1387
11:30,99.8904,99.8904,99.8238,99.8238,1143
11:31,99.9162,99.9162,99.8904,99.8904,677
11:32,100.0148,100.0148,99.9162,99.9162,1112
11:33,99.9653,100.0148,99.9653,100.0148,1600
11:34,99.9547,99.9653,99.9547,99.9653,782
11:35,100.0193,100.0193,99.9547,99.9547,948
11:36,100.126,100.126,100.0193,100.0193,857
11:37,100.1929,100.1929,100.126,100.126,1926
11:38,100.0936,100.1929,100.0936,100.1929,1269
11:39,100.0226,100.0936,100.0226,100.0936,1155
11:40,100.1281,100.1281,100.0226,100.0226,761
11:41,99.9812,100.1281,99.9812,100.1281,1211
11:42,99.9869,99.9869,99.9812,99.9812,787
11:43,99.8504,99.9869,99.8504,99.9869,1011
11:44,99.8854,99.8854,99.8504,99.8504,798
11:45,99.874,99.8854,99.874,99.8854,1271
11:46,99.8468,99.874,99.8468,99.874,1227
11:47,99.7972,99.8468,99.7972,99.8468,929
11:48,99.7887,99.7972,99.7887,99.7972,1151
11:49,99.8803,99.8803,99.7887,99.7887,679
11:50,99.9825,99.9825,99.8803,99.8803,589
11:51,100.0556,100.0556,99.9825,99.9825,1169
11:52,100.0939,100.0939,100.0556,100.0556,1061
11:53,100.1354,100.1354,100.0939,100.0939,1252
11:54,100.1969,100.1969,100.1354,100.1354,2328
11:55,100.199,100.199,100.1969,100.1969,1398
11:56,100.1992,100.1992,100.199,100.199,724
11:57,100.2923,100.2923,100.1992,100.1992,1486
11:58,100.3766,100.3766,100.2923,100.2923,627
11:59,100.3694,100.3766,100.3694,100.3766,849
12:00,100.4324,100.4324,100.3694,100.3694,976
12:01,100.4793,100.4793,100.4324,100.4324,1836
12:02,100.6131,100.6131,100.4793,100.4793,768
12:03,100.5409,100.6131,100.5409,100.6131,746
12:04,100.586,100.586,100.5409,100.5409,966
12:05,100.604,100.604,100.586,100.586,790
12:06,100.7534,100.7534,100.604,100.604,1491
12:07,100.8928,100.8928,100.7534,100.7534,682
12:08,100.8853,100.8928,100.8853,100.8928,666
12:09,101.0296,101.0296,100.8853,100.8853,856
12:10,101.1158,101.1158,101.0296,101.0296,838
12:11,101.1442,101.1442,101.1158,101.1158,1982
12:12,100.9743,101.1442,100.9743,101.1442,1400
12:13,100.8774,100.9743,100.8774,100.9743,1032
12:14,100.9057,100.9057,100.8774,100.8774,648
12:15,100.9545,100.9545,100.9057,100.9057,1349
12:16,101.0762,101.0762,100.9545,100.9545,701
12:17,101.0612,101.0762,101.0612,101.0762,578
12:18,100.9855,101.0612,100.9855,101.0612,1524
12:19,100.8798,100.9855,100.8798,100.9855,1119
12:20,100.8353,100.8798,100.8353,100.8798,1386
12:21,100.826,100.8353,100.826,100.8353,1120
12:22,100.8335,100.8335,100.826,100.826,1355
12:23,100.7984,100.8335,100.7984,100.8335,794
12:24,100.773,100.7984,100.773,100.7984,693
12:25,100.6882,100.773,100.6882,100.773,1273
12:26,100.6414,100.6882,100.6414,100.6882,752
12:27,100.7817,100.7817,100.6414,100.6414,783
12:28,100.7038,100.7817,100.7038,100.7817,851
12:29,100.8076,100.8076,100.7038,100.7038,1006
12:30,100.8602,100.8602,100.8076,100.8076,882
12:31,100.8391,100.8602,100.8391,100.8602,614
12:32,100.8903,100.8903,100.8391,100.8391,796
12:33,100.8702,100.8903,100.8702,100.8903,455
12:34,100.8029,100.8702,100.8029,100.8702,1248
12:35,100.7705,100.8029,100.7705,100.8029,567
12:36,100.9089,100.9089,100.7705,100.7705,676
12:37,100.8533,100.9089,100.8533,100.9089,1019
12:38,100.7803,100.8533,100.7803,100.8533,769
12:39,100.7633,100.7803,100.7633,100.7803,1728
12:40,100.7953,100.7953,100.7633,100.7633,632
12:41,100.7999,100.7999,100.7953,100.7953,1099
12:42,100.906,100.906,100.7999,100.7999,986
12:43,100.94,100.94,100.906,100.906,661
12:44,100.9626,100.9626,100.94,100.94,1204
12:45,101.0199,101.0199,100.9626,100.9626,941
12:46,100.9349,101.0199,100.9349,101.0199,1315
12:47,100.9276,100.9349,100.9276,100.9349,1339
12:48,101.0247,101.0247,100.9276,100.9276,2153
12:49,101.082,101.082,101.0247,101.0247,1606
12:50,101.0922,101.0922,101.082,101.082,877
12:51,100.9594,101.0922,100.9594,101.0922,919
12:52,100.9851,100.9851,100.9594,100.9594,1477
12:53,100.9018,100.9851,100.9018,100.9851,1261
12:54,100.8407,100.9018,100.8407,100.9018,1255
12:55,100.8298,100.8407,100.8298,100.8407,564
12:56,100.7645,100.8298,100.7645,100.8298,991
12:57,100.7281,100.7645,100.7281,100.7645,770
12:58,100.7965,100.7965,100.7281,100.7281,1104
12:59,100.7138,100.7965,100.7138,100.7965,966
13:00,100.7656,100.7656,100.7138,100.7138,1381
13:01,100.7339,100.7656,100.7339,100.7656,1119
13:02,100.8324,100.8324,100.7339,100.7339,1321
13:03,100.8334,100.8334,100.8324,100.8324,848
13:04,100.809,100.8334,100.809,100.8334,715
13:05,100.8143,100.8143,100.809,100.809,865
13:06,100.733,100.8143,100.733,100.8143,994
13:07,100.8573,100.8573,100.733,100.733,1144
13:08,100.8953,100.8953,100.8573,100.8573,2228
13:09,100.9242,100.9242,100.8953,100.8953,985
13:10,100.7789,100.9242,100.7789,100.9242,713
13:11,100.7114,100.7789,100.7114,100.7789,885
13:12,100.6656,100.7114,100.6656,100.7114,848
13:13,100.7033,100.7033,100.6656,100.6656,1186
13:14,100.6218,100.7033,100.6218,100.7033,579
13:15,100.5667,100.6218,100.5667,100.6218,1023
13:16,100.5848,100.5848,100.5667,100.5667,1057
13:17,100.5844,100.5848,100.5844,100.5848,1086
13:18,100.5596,100.5844,100.5596,100.5844,809
13:19,100.6878,100.6878,100.5596,100.5596,919
13:20,100.4717,100.6878,100.4717,100.6878,604
13:21,100.4954,100.4954,100.4717,100.4717,840
13:22,100.3411,100.4954,100.3411,100.4954,825
13:23,100.3527,100.3527,100.3411,100.3411,1159
13:24,100.449,100.449,100.3527,100.3527,664
13:25,100.5166,100.5166,100.449,100.449,1319
13:26,100.5953,100.5953,100.5166,100.5166,1699
13:27,100.6014,100.6014,100.5953,100.5953,480
13:28,100.7764,100.7764,100.6014,100.6014,1163
13:29,100.7006,100.7764,100.7006,100.7764,1271
13:30,100.8013,100.8013,100.7006,100.7006,798
13:31,100.6596,100.8013,100.6596,100.8013,869
13:32,100.5834,100.6596,100.5834,100.6596,954
13:33,100.7516,100.7516,100.5834,100.5834,900
13:34,100.9363,100.9363,100.7516,100.7516,896
13:35,100.9994,100.9994,100.9363,100.9363,552
13:36,101.0601,101.0601,100.9994,100.9994,1505
13:37,101.2164,101.2164,101.0601,101.0601,1466
13:38,101.2054,101.2164,101.2054,101.2164,750
13:39,101.1765,101.2054,101.1765,101.2054,595
13:40,101.2077,101.2077,101.1765,101.1765,1203
13:41,101.0337,101.2077,101.0337,101.2077,815
13:42,101.0439,101.0439,101.0337,101.0337,1052
13:43,100.9774,101.0439,100.9774,101.0439,893
13:44,101.0064,101.0064,100.9774,100.9774,1278
13:45,100.7678,101.0064,100.7678,101.0064,1279
13:46,100.8034,100.8034,100.7678,100.7678,773
13:47,100.7201,100.8034,100.7201,100.8034,612
13:48,100.7589,100.7589,100.7201,100.7201,571
13:49,100.7022,100.7589,100.7022,100.7589,1242
13:50,100.7091,100.7091,100.7022,100.7022,656
13:51,100.6753,100.7091,100.6753,100.7091,836
13:52,100.7419,100.7419,100.6753,100.6753,809
13:53,100.8005,100.8005,100.7419,100.7419,982
13:54,100.8169,100.8169,100.8005,100.8005,503
13:55,100.6375,100.8169,100.6375,100.8169,1069
13:56,100.7409,100.7409,100.6375,100.6375,1204
13:57,100.6684,100.7409,100.6684,100.7409,1032
13:58,100.707,100.707,100.6684,100.6684,896
13:59,100.6252,100.707,100.6252,100.707,1035
14:00,100.6521,100.6521,100.6252,100.6252,1152
14:01,100.6189,100.6521,100.6189,100.6521,374
14:02,100.4695,100.6189,100.4695,100.6189,2000
14:03,100.5373,100.5373,100.4695,100.4695,1148
14:04,100.6033,100.6033,100.5373,100.5373,794
14:05,100.435,100.6033,100.435,100.6033,871
14:06,100.4516,100.4516,100.435,100.435,1191
14:07,100.6039,100.6039,100.4516,100.4516,960
14:08,100.7546,100.7546,100.6039,100.6039,487
14:09,100.7147,100.7546,100.7147,100.7546,2079
14:10,100.6907,100.7147,100.6907,100.7147,962
14:11,100.7204,100.7204,100.6907,100.6907,1436
14:12,100.7847,100.7847,100.7204,100.7204,782
14:13,100.8401,100.8401,100.7847,100.7847,1724
14:14,100.9011,100.9011,100.8401,100.8401,1107
14:15,100.9011,100.9011,100.9011,100.9011,1241
14:16,100.8056,100.9011,100.8056,100.9011,690
14:17,100.8241,100.8241,100.8056,100.8056,1536
14:18,100.8029,100.8241,100.8029,100.8241,1277
14:19,100.6331,100.8029,100.6331,100.8029,1586
14:20,100.4768,100.6331,100.4768,100.6331,800
14:21,100.4385,100.4768,100.4385,100.4768,843
14:22,100.4687,100.4687,100.4385,100.4385,2263
14:23,100.6281,100.6281,100.4687,100.4687,687
14:24,100.6118,100.6281,100.6118,100.6281,953
14:25,100.6686,100.6686,100.6118,100.6118,1496
14:26,100.7177,100.7177,100.6686,100.6686,1035
14:27,100.6835,100.7177,100.6835,100.7177,1230
14:28,100.4574,100.6835,100.4574,100.6835,868
14:29,100.5881,100.5881,100.4574,100.4574,1140
14:30,100.5927,100.5927,100.5881,100.5881,629
14:31,100.6268,100.6268,100.5927,100.5927,1800
14:32,100.644,100.644,100.6268,100.6268,959
14:33,100.6948,100.6948,100.644,100.644,786
14:34,100.7022,100.7022,100.6948,100.6948,1267
14:35,100.6428,100.7022,100.6428,100.7022,849
14:36,100.8626,100.8626,100.6428,100.6428,623
14:37,101.0103,101.0103,100.8626,100.8626,620
14:38,100.9901,101.0103,100.9901,101.0103,1279
14:39,101.0727,101.0727,100.9901,100.9901,945
14:40,100.8779,101.0727,100.8779,101.0727,954
14:41,100.7553,100.8779,100.7553,100.8779,1466
14:42,100.816,100.816,100.7553,100.7553,671
14:43,100.9129,100.9129,100.816,100.816,772
14:44,100.8197,100.9129,100.8197,100.9129,873
14:45,100.9628,100.9628,100.8197,100.8197,1035
14:46,100.9887,100.9887,100.9628,100.9628,986
14:47,100.9467,100.9887,100.9467,100.9887,904
14:48,100.86,100.9467,100.86,100.9467,979
14:49,100.6979,100.86,100.6979,100.86,964
14:50,100.811,100.811,100.6979,100.6979,776
14:51,100.7818,100.811,100.7818,100.811,751
14:52,100.8043,100.8043,100.7818,100.7818,1104
14:53,100.7137,100.8043,100.7137,100.8043,731
14:54,100.7697,100.7697,100.7137,100.7137,665
14:55,100.8216,100.8216,100.7697,100.7697,898
14:56,100.7731,100.8216,100.7731,100.8216,949
14:57,100.8856,100.8856,100.7731,100.7731,2234
14:58,100.8717,100.8856,100.8717,100.8856,782
14:59,100.8478,100.8717,100.8478,100.8717,1404
15:00,100.7769,100.8478,100.7769,100.8478,1311
15:01,100.6786,100.7769,100.6786,100.7769,660
15:02,100.6388,100.6786,100.6388,100.6786,1326
15:03,100.587,100.6388,100.587,100.6388,663
15:04,100.565,100.587,100.565,100.587,394
15:05,100.4247,100.565,100.4247,100.565,1255
15:06,100.4871,100.4871,100.4247,100.4247,544
15:07,100.6749,100.6749,100.4871,100.4871,1192
15:08,100.6321,100.6749,100.6321,100.6749,799
15:09,100.5659,100.6321,100.5659,100.6321,1839
15:10,100.7222,100.7222,100.5659,100.5659,1496
15:11,100.5874,100.7222,100.5874,100.7222,875
15:12,100.6644,100.6644,100.5874,100.5874,808
15:13,100.7787,100.7787,100.6644,100.6644,674
15:14,100.8403,100.8403,100.7787,100.7787,891
15:15,100.9772,100.9772,100.8403,100.8403,948
15:16,100.9395,100.9772,100.9395,100.9772,926
15:17,100.9418,100.9418,100.9395,100.9395,1122
15:18,101.0502,101.0502,100.9418,100.9418,1314
15:19,100.9418,101.0502,100.9418,101.0502,1223
15:20,100.9927,100.9927,100.9418,100.9418,832
15:21,100.9169,100.9927,100.9169,100.9927,663
15:22,100.888,100.9169,100.888,100.9169,1813
15:23,100.9469,100.9469,100.888,100.888,888
15:24,101.0212,101.0212,100.9469,100.9469,914
15:25,100.9169,101.0212,100.9169,101.0212,974
15:26,100.9654,100.9654,100.9169,100.9169,622
15:27,101.1426,101.1426,100.9654,100.9654,1030
15:28,101.124,101.1426,101.124,101.1426,1054
15:29,101.1808,101.1808,101.124,101.124,1597
15:30,101.1791,101.1808,101.1791,101.1808,1689
15:31,101.2233,101.2233,101.1791,101.1791,1361
15:32,101.3101,101.3101,101.2233,101.2233,1956
15:33,101.3859,101.3859,101.3101,101.3101,1643
15:34,101.4357,101.4357,101.3859,101.3859,1506
15:35,101.3537,101.4357,101.3537,101.4357,1671
15:36,101.2707,101.3537,101.2707,101.3537,1543
15:37,101.2066,101.2707,101.2066,101.2707,1505
15:38,101.2776,101.2776,101.2066,101.2066,1656
15:39,101.0808,101.2776,101.0808,101.2776,1288
15:40,101.1522,101.1522,101.0808,101.0808,2246
15:41,101.1614,101.1614,101.1522,101.1522,1518
15:42,101.0353,101.1614,101.0353,101.1614,3096
15:43,101.1027,101.1027,101.0353,101.0353,2244
15:44,101.091,101.1027,101.091,101.1027,2671
15:45,101.0638,101.091,101.0638,101.091,3354
15:46,101.1597,101.1597,101.0638,101.0638,3804
15:47,101.1771,101.1771,101.1597,101.1597,1871
15:48,101.2263,101.2263,101.1771,101.1771,3277
15:49,101.0959,101.2263,101.0959,101.2263,5216
15:50,101.0316,101.0959,101.0316,101.0959,2268
15:51,101.0318,101.0318,101.0316,101.0316,5160
15:52,101.1181,101.1181,101.0318,101.0318,2200
15:53,101.0879,101.1181,101.0879,101.1181,3711
15:54,101.0961,101.0961,101.0879,101.0879,5897
15:55,101.062,101.0961,101.062,101.0961,3531
15:56,100.9591,101.062,100.9591,101.062,4898
15:57,100.8681,100.9591,100.8681,100.9591,4511
15:58,100.7537,100.8681,100.7537,100.8681,14929
15:59,100.8036,100.8036,100.7537,100.7537,9667
