Time,Close,High,Low,Open,Volume
09:30,99.8454,100.0887,99.8454,100.0887,18689
09:31,99.8027,99.8454,99.8027,99.8454,10511
09:32,99.7118,99.8027,99.7118,99.8027,11775
09:33,99.6702,99.7118,99.6702,99.7118,16820
09:34,99.6957,99.6957,99.6702,99.6702,13466
09:35,99.6677,99.6957,99.6677,99.6957,4493
09:36,99.5751,99.6677,99.5751,99.6677,8147
09:37,99.4323,99.5751,99.4323,99.5751,5054
09:38,99.2683,99.4323,99.2683,99.4323,4718
09:39,99.3543,99.3543,99.2683,99.2683,5203
09:40,99.404,99.404,99.3543,99.3543,4357
09:41,99.3884,99.404,99.3884,99.404,6393
09:42,99.2494,99.3884,99.2494,99.3884,4619
09:43,99.2553,99.2553,99.2494,99.2494,3408
09:44,99.3542,99.3542,99.2553,99.2553,3544
09:45,99.3055,99.3542,99.3055,99.3542,3169
09:46,99.2288,99.3055,99.2288,99.3055,4457
09:47,99.1923,99.2288,99.1923,99.2288,2280
09:48,99.1198,99.1923,99.1198,99.1923,2567
09:49,99.1223,99.1223,99.1198,99.1198,1594
09:50,99.1624,99.1624,99.1223,99.1223,823
09:51,99.1223,99.1624,99.1223,99.1624,2423
09:52,99.271,99.271,99.1223,99.1223,2474
09:53,99.4213,99.4213,99.271,99.271,1331
09:54,99.5232,99.5232,99.4213,99.4213,3691
09:55,99.5118,99.5232,99.5118,99.5232,943
09:56,99.5596,99.5596,99.5118,99.5118,1539
09:57,99.7709,99.7709,99.5596,99.5596,1363
09:58,99.672,99.7709,99.672,99.7709,2420
09:59,99.6489,99.672,99.6489,99.672,2289
10:00,99.7834,99.7834,99.6489,99.6489,1393
10:01,99.8263,99.8263,99.7834,99.7834,1466
10:02,99.7593,99.8263,99.7593,99.8263,912
10:03,99.5827,99.7593,99.5827,99.7593,605
10:04,99.5182,99.5827,99.5182,99.5827,1056
10:05,99.7484,99.7484,99.5182,99.5182,1239
10:06,99.8097,99.8097,99.7484,99.7484,1782
10:07,99.8158,99.8158,99.8097,99.8097,1736
10:08,99.841,99.841,99.8158,99.8158,974
10:09,99.8819,99.8819,99.841,99.841,992
10:10,100.0315,100.0315,99.8819,99.8819,752
10:11,99.9258,100.0315,99.9258,100.0315,653
10:12,100.0288,100.0288,99.9258,99.9258,585
10:13,100.0707,100.0707,100.0288,100.0288,2120
10:14,100.0686,100.0707,100.0686,100.0707,880
10:15,100.1614,100.1614,100.0686,100.0686,897
10:16,100.152,100.1614,100.152,100.1614,668
10:17,100.1265,100.152,100.1265,100.152,1365
10:18,100.1431,100.1431,100.1265,100.1265,582
10:19,100.2281,100.2281,100.1431,100.1431,953
10:20,100.1351,100.2281,100.1351,100.2281,746
10:21,100.0832,100.1351,100.0832,100.1351,1171
10:22,100.1139,100.1139,100.0832,100.0832,850
10:23,100.1262,100.1262,100.1139,100.1139,668
10:24,100.0107,100.1262,100.0107,100.1262,1004
10:25,99.9765,100.0107,99.9765,100.0107,1178
10:26,99.9218,99.9765,99.9218,99.9765,1034
10:27,99.842,99.9218,99.842,99.9218,1123
10:28,99.8414,99.842,99.8414,99.842,805
10:29,99.7669,99.8414,99.7669,99.8414,885
10:30,99.7476,99.7669,99.7476,99.7669,792
10:31,99.9675,99.9675,99.7476,99.7476,885
10:32,100.1192,100.1192,99.9675,99.9675,753
10:33,99.99,100.1192,99.99,100.1192,544
10:34,99.9064,99.99,99.9064,99.99,1068
10:35,99.9576,99.9576,99.9064,99.9064,870
10:36,100.0228,100.0228,99.9576,99.9576,562
10:37,100.0283,100.0283,100.0228,100.0228,1181
10:38,100.1044,100.1044,100.0283,100.0283,726
10:39,100.3249,100.3249,100.1044,100.1044,1020
10:40,100.2383,100.3249,100.2383,100.3249,1297
10:41,100.2735,100.2735,100.2383,100.2383,1048
10:42,100.3271,100.3271,100.2735,100.2735,1499
10:43,100.313,100.3271,100.313,100.3271,646
10:44,100.3795,100.3795,100.313,100.313,1154
10:45,100.5226,100.5226,100.3795,100.3795,785
10:46,100.3358,100.5226,100.3358,100.5226,735
10:47,100.5391,100.5391,100.3358,100.3358,815
10:48,100.4307,100.5391,100.4307,100.5391,896
10:49,100.4173,100.4307,100.4173,100.4307,1020
10:50,100.4943,100.4943,100.4173,100.4173,662
10:51,100.3978,100.4943,100.3978,100.4943,1376
10:52,100.3822,100.3978,100.3822,100.3978,1180
10:53,100.329,100.3822,100.329,100.3822,580
10:54,100.3139,100.329,100.3139,100.329,1695
10:55,100.2955,100.3139,100.2955,100.3139,1958
10:56,100.5113,100.5113,100.2955,100.2955,1519
10:57,100.3425,100.5113,100.3425,100.5113,938
10:58,100.3794,100.3794,100.3425,100.3425,684
10:59,100.3641,100.3794,100.3641,100.3794,1453
11:00,100.0914,100.3641,100.0914,100.3641,867
11:01,100.0224,100.0914,100.0224,100.0914,1542
11:02,99.7293,100.0224,99.7293,100.0224,1077
11:03,99.9322,99.9322,99.7293,99.7293,1414
11:04,99.8892,99.9322,99.8892,99.9322,1135
11:05,99.7922,99.8892,99.7922,99.8892,1285
11:06,99.9325,99.9325,99.7922,99.7922,1004
11:07,100.0562,100.0562,99.9325,99.9325,1883
11:08,100.1247,100.1247,100.0562,100.0562,1046
11:09,100.1256,100.1256,100.1247,100.1247,1153
11:10,100.0818,100.1256,100.0818,100.1256,1949
11:11,100.192,100.192,100.0818,100.0818,620
11:12,100.2255,100.2255,100.192,100.192,637
11:13,100.1352,100.2255,100.1352,100.2255,1410
11:14,100.0165,100.1352,100.0165,100.1352,660
11:15,100.0143,100.0165,100.0143,100.0165,1992
11:16,99.943,100.0143,99.943,100.0143,864
11:17,100.0219,100.0219,99.943,99.943,767
11:18,100.1109,100.1109,100.0219,100.0219,1977
11:19,100.0586,100.1109,100.0586,100.1109,1690
11:20,100.2559,100.2559,100.0586,100.0586,1939
11:21,100.2439,100.2559,100.2439,100.2559,1379
11:22,100.2644,100.2644,100.2439,100.2439,737
11:23,100.2504,100.2644,100.2504,100.2644,1968
11:24,100.2405,100.2504,100.2405,100.2504,909
11:25,100.0967,100.2405,100.0967,100.2405,1329
11:26,100.1493,100.1493,100.0967,100.0967,1399
11:27,100.2701,100.2701,100.1493,100.1493,947
11:28,100.1026,100.2701,100.1026,100.2701,1243
11:29,100.17,100.17,100.1026,100.1026,1387
11:30,100.1368,100.17,100.1368,100.17,1143
11:31,100.0857,100.1368,100.0857,100.1368,677
11:32,100.1707,100.1707,100.0857,100.0857,1112
11:33,100.1555,100.1707,100.1555,100.1707,1600
11:34,100.2822,100.2822,100.1555,100.1555,782
11:35,100.4002,100.4002,100.2822,100.2822,948
11:36,100.5044,100.5044,100.4002,100.4002,857
11:37,100.4605,100.5044,100.4605,100.5044,1926
11:38,100.4218,100.4605,100.4218,100.4605,1269
11:39,100.5153,100.5153,100.4218,100.4218,1155
11:40,100.3866,100.5153,100.3866,100.5153,761
11:41,100.4061,100.4061,100.3866,100.3866,1211
11:42,100.3775,100.4061,100.3775,100.4061,787
11:43,100.3127,100.3775,100.3127,100.3775,1011
11:44,100.3515,100.3515,100.3127,100.3127,798
11:45,100.2703,100.3515,100.2703,100.3515,1271
11:46,100.3815,100.3815,100.2703,100.2703,1227
11:47,100.2623,100.3815,100.2623,100.3815,929
11:48,100.2719,100.2719,100.2623,100.2623,1151
11:49,100.2338,100.2719,100.2338,100.2719,679
11:50,100.2078,100.2338,100.2078,100.2338,589
11:51,100.1812,100.2078,100.1812,100.2078,1169
11:52,100.2369,100.2369,100.1812,100.1812,1061
11:53,100.1818,100.2369,100.1818,100.2369,1252
11:54,100.1391,100.1818,100.1391,100.1818,2328
11:55,100.178,100.178,100.1391,100.1391,1398
11:56,100.2278,100.2278,100.178,100.178,724
11:57,100.0864,100.2278,100.0864,100.2278,1486
11:58,100.1242,100.1242,100.0864,100.0864,627
11:59,100.0421,100.1242,100.0421,100.1242,849
12:00,100.0774,100.0774,100.0421,100.0421,976
12:01,100.195,100.195,100.0774,100.0774,1836
12:02,100.1966,100.1966,100.195,100.195,768
12:03,100.2274,100.2274,100.1966,100.1966,746
12:04,100.3913,100.3913,100.2274,100.2274,966
12:05,100.3351,100.3913,100.3351,100.3913,790
12:06,100.5365,100.5365,100.3351,100.3351,1491
12:07,100.6969,100.6969,100.5365,100.5365,682
12:08,100.513,100.6969,100.513,100.6969,666
12:09,100.5538,100.5538,100.513,100.513,856
12:10,100.5837,100.5837,100.5538,100.5538,838
12:11,100.6092,100.6092,100.5837,100.5837,1982
12:12,100.5613,100.6092,100.5613,100.6092,1400
12:13,100.518,100.5613,100.518,100.5613,1032
12:14,100.493,100.518,100.493,100.518,648
12:15,100.4479,100.493,100.4479,100.493,1349
12:16,100.5416,100.5416,100.4479,100.4479,701
12:17,100.5866,100.5866,100.5416,100.5416,578
12:18,100.6808,100.6808,100.5866,100.5866,1524
12:19,100.8081,100.8081,100.6808,100.6808,1119
12:20,100.7624,100.8081,100.7624,100.8081,1386
12:21,100.7572,100.7624,100.7572,100.7624,1120
12:22,100.7938,100.7938,100.7572,100.7572,1355
12:23,100.8128,100.8128,100.7938,100.7938,794
12:24,100.7755,100.8128,100.7755,100.8128,693
12:25,100.6665,100.7755,100.6665,100.7755,1273
12:26,100.4922,100.6665,100.4922,100.6665,752
12:27,100.4912,100.4922,100.4912,100.4922,783
12:28,100.5587,100.5587,100.4912,100.4912,851
12:29,100.4674,100.5587,100.4674,100.5587,1006
12:30,100.5383,100.5383,100.4674,100.4674,882
12:31,100.5046,100.5383,100.5046,100.5383,614
12:32,100.372,100.5046,100.372,100.5046,796
12:33,100.2951,100.372,100.2951,100.372,455
12:34,100.374,100.374,100.2951,100.2951,1248
12:35,100.235,100.374,100.235,100.374,567
12:36,100.1202,100.235,100.1202,100.235,676
12:37,100.0735,100.1202,100.0735,100.1202,1019
12:38,100.0362,100.0735,100.0362,100.0735,769
12:39,100.0568,100.0568,100.0362,100.0362,1728
12:40,99.9374,100.0568,99.9374,100.0568,632
12:41,99.8711,99.9374,99.8711,99.9374,1099
12:42,99.9892,99.9892,99.8711,99.8711,986
12:43,100.0224,100.0224,99.9892,99.9892,661
12:44,99.9733,100.0224,99.9733,100.0224,1204
12:45,100.1934,100.1934,99.9733,99.9733,941
12:46,100.1188,100.1934,100.1188,100.1934,1315
12:47,100.0408,100.1188,100.0408,100.1188,1339
12:48,100.1786,100.1786,100.0408,100.0408,2153
12:49,100.2358,100.2358,100.1786,100.1786,1606
12:50,100.2244,100.2358,100.2244,100.2358,877
12:51,100.2792,100.2792,100.2244,100.2244,919
12:52,100.284,100.284,100.2792,100.2792,1477
12:53,100.3326,100.3326,100.284,100.284,1261
12:54,100.3398,100.3398,100.3326,100.3326,1255
12:55,100.1847,100.3398,100.1847,100.3398,564
12:56,100.2363,100.2363,100.1847,100.1847,991
12:57,100.3891,100.3891,100.2363,100.2363,770
12:58,100.2045,100.3891,100.2045,100.3891,1104
12:59,100.2463,100.2463,100.2045,100.2045,966
13:00,100.2787,100.2787,100.2463,100.2463,1381
13:01,100.2779,100.2787,100.2779,100.2787,1119
13:02,100.1043,100.2779,100.1043,100.2779,1321
13:03,100.1663,100.1663,100.1043,100.1043,848
13:04,100.048,100.1663,100.048,100.1663,715
13:05,100.0546,100.0546,100.048,100.048,865
13:06,100.2248,100.2248,100.0546,100.0546,994
13:07,100.357,100.357,100.2248,100.2248,1144
13:08,100.2201,100.357,100.2201,100.357,2228
13:09,100.2369,100.2369,100.2201,100.2201,985
13:10,100.2215,100.2369,100.2215,100.2369,713
13:11,100.3181,100.3181,100.2215,100.2215,885
13:12,100.3858,100.3858,100.3181,100.3181,848
13:13,100.3165,100.3858,100.3165,100.3858,1186
13:14,100.4764,100.4764,100.3165,100.3165,579
13:15,100.5123,100.5123,100.4764,100.4764,1023
13:16,100.4501,100.5123,100.4501,100.5123,1057
13:17,100.4975,100.4975,100.4501,100.4501,1086
13:18,100.6855,100.6855,100.4975,100.4975,809
13:19,100.7044,100.7044,100.6855,100.6855,919
13:20,100.5988,100.7044,100.5988,100.7044,604
13:21,100.5567,100.5988,100.5567,100.5988,840
13:22,100.4372,100.5567,100.4372,100.5567,825
13:23,100.4865,100.4865,100.4372,100.4372,1159
13:24,100.4423,100.4865,100.4423,100.4865,664
13:25,100.3599,100.4423,100.3599,100.4423,1319
13:26,100.2856,100.3599,100.2856,100.3599,1699
13:27,100.3671,100.3671,100.2856,100.2856,480
13:28,100.3933,100.3933,100.3671,100.3671,1163
13:29,100.2491,100.3933,100.2491,100.3933,1271
13:30,100.2856,100.2856,100.2491,100.2491,798
13:31,100.3414,100.3414,100.2856,100.2856,869
13:32,100.3196,100.3414,100.3196,100.3414,954
13:33,100.4357,100.4357,100.3196,100.3196,900
13:34,100.4287,100.4357,100.4287,100.4357,896
13:35,100.6054,100.6054,100.4287,100.4287,552
13:36,100.6678,100.6678,100.6054,100.6054,1505
13:37,100.5483,100.6678,100.5483,100.6678,1466
13:38,100.5423,100.5483,100.5423,100.5483,750
13:39,100.5421,100.5423,100.5421,100.5423,595
13:40,100.5572,100.5572,100.5421,100.5421,1203
13:41,100.5873,100.5873,100.5572,100.5572,815
13:42,100.6745,100.6745,100.5873,100.5873,1052
13:43,100.6343,100.6745,100.6343,100.6745,893
13:44,100.5962,100.6343,100.5962,100.6343,1278
13:45,100.6311,100.6311,100.5962,100.5962,1279
13:46,100.7021,100.7021,100.6311,100.6311,773
13:47,100.7064,100.7064,100.7021,100.7021,612
13:48,100.7964,100.7964,100.7064,100.7064,571
13:49,100.8568,100.8568,100.7964,100.7964,1242
13:50,100.915,100.915,100.8568,100.8568,656
13:51,100.8644,100.915,100.8644,100.915,836
13:52,100.8197,100.8644,100.8197,100.8644,809
13:53,100.6943,100.8197,100.6943,100.8197,982
13:54,100.7416,100.7416,100.6943,100.6943,503
13:55,100.7831,100.7831,100.7416,100.7416,1069
13:56,100.9127,100.9127,100.7831,100.7831,1204
13:57,100.9704,100.9704,100.9127,100.9127,1032
13:58,101.1609,101.1609,100.9704,100.9704,896
13:59,101.3608,101.3608,101.1609,101.1609,1035
14:00,101.3472,101.3608,101.3472,101.3608,1152
14:01,101.335,101.3472,101.335,101.3472,374
14:02,101.4468,101.4468,101.335,101.335,2000
14:03,101.4576,101.4576,101.4468,101.4468,1148
14:04,101.4269,101.4576,101.4269,101.4576,794
14:05,101.3475,101.4269,101.3475,101.4269,871
14:06,101.2792,101.3475,101.2792,101.3475,1191
14:07,101.1619,101.2792,101.1619,101.2792,960
14:08,101.1799,101.1799,101.1619,101.1619,487
14:09,101.3308,101.3308,101.1799,101.1799,2079
14:10,101.2906,101.3308,101.2906,101.3308,962
14:11,101.2222,101.2906,101.2222,101.2906,1436
14:12,101.3319,101.3319,101.2222,101.2222,782
14:13,101.273,101.3319,101.273,101.3319,1724
14:14,101.2107,101.273,101.2107,101.273,1107
14:15,101.0914,101.2107,101.0914,101.2107,1241
14:16,101.2262,101.2262,101.0914,101.0914,690
14:17,101.2179,101.2262,101.2179,101.2262,1536
14:18,101.0703,101.2179,101.0703,101.2179,1277
14:19,101.0533,101.0703,101.0533,101.0703,1586
14:20,101.0491,101.0533,101.0491,101.0533,800
14:21,100.854,101.0491,100.854,101.0491,843
14:22,100.9763,100.9763,100.854,100.854,2263
14:23,100.8792,100.9763,100.8792,100.9763,687
14:24,100.6884,100.8792,100.6884,100.8792,953
14:25,100.597,100.6884,100.597,100.6884,1496
14:26,100.5274,100.597,100.5274,100.597,1035
14:27,100.643,100.643,100.5274,100.5274,1230
14:28,100.7111,100.7111,100.643,100.643,868
14:29,100.8112,100.8112,100.7111,100.7111,1140
14:30,100.8242,100.8242,100.8112,100.8112,629
14:31,100.5536,100.8242,100.5536,100.8242,1800
14:32,100.6146,100.6146,100.5536,100.5536,959
14:33,100.6702,100.6702,100.6146,100.6146,786
14:34,100.5742,100.6702,100.5742,100.6702,1267
14:35,100.5089,100.5742,100.5089,100.5742,849
14:36,100.426,100.5089,100.426,100.5089,623
14:37,100.3746,100.426,100.3746,100.426,620
14:38,100.4274,100.4274,100.3746,100.3746,1279
14:39,100.4255,100.4274,100.4255,100.4274,945
14:40,100.6189,100.6189,100.4255,100.4255,954
14:41,100.6876,100.6876,100.6189,100.6189,1466
14:42,100.7816,100.7816,100.6876,100.6876,671
14:43,100.7331,100.7816,100.7331,100.7816,772
14:44,100.8388,100.8388,100.7331,100.7331,873
14:45,100.7461,100.8388,100.7461,100.8388,1035
14:46,100.6359,100.7461,100.6359,100.7461,986
14:47,100.6326,100.6359,100.6326,100.6359,904
14:48,100.6864,100.6864,100.6326,100.6326,979
14:49,100.6197,100.6864,100.6197,100.6864,964
14:50,100.7967,100.7967,100.6197,100.6197,776
14:51,100.885,100.885,100.7967,100.7967,751
14:52,100.7434,100.885,100.7434,100.885,1104
14:53,100.9052,100.9052,100.7434,100.7434,731
14:54,100.9433,100.9433,100.9052,100.9052,665
14:55,100.9246,100.9433,100.9246,100.9433,898
14:56,100.8913,100.9246,100.8913,100.9246,949
14:57,100.8636,100.8913,100.8636,100.8913,2234
14:58,100.7726,100.8636,100.7726,100.8636,782
14:59,100.8363,100.8363,100.7726,100.7726,1404
15:00,100.9316,100.9316,100.8363,100.8363,1311
15:01,100.8617,100.9316,100.8617,100.9316,660
15:02,100.8476,100.8617,100.8476,100.8617,1326
15:03,100.7954,100.8476,100.7954,100.8476,663
15:04,100.8481,100.8481,100.7954,100.7954,394
15:05,100.9488,100.9488,100.8481,100.8481,1255
15:06,100.9783,100.9783,100.9488,100.9488,544
15:07,100.935,100.9783,100.935,100.9783,1192
15:08,100.9863,100.9863,100.935,100.935,799
15:09,100.8953,100.9863,100.8953,100.9863,1839
15:10,100.998,100.998,100.8953,100.8953,1496
15:11,101.1199,101.1199,100.998,100.998,875
15:12,101.1675,101.1675,101.1199,101.1199,808
15:13,101.0782,101.1675,101.0782,101.1675,674
15:14,101.0681,101.0782,101.0681,101.0782,891
15:15,100.9644,101.0681,100.9644,101.0681,948
15:16,100.9572,100.9644,100.9572,100.9644,926
15:17,100.9508,100.9572,100.9508,100.9572,1122
15:18,100.8663,100.9508,100.8663,100.9508,1314
15:19,100.8933,100.8933,100.8663,100.8663,1223
15:20,100.8294,100.8933,100.8294,100.8933,832
15:21,101.0213,101.0213,100.8294,100.8294,663
15:22,100.9489,101.0213,100.9489,101.0213,1813
15:23,100.8027,100.9489,100.8027,100.9489,888
15:24,101.0668,101.0668,100.8027,100.8027,914
15:25,101.045,101.0668,101.045,101.0668,974
15:26,101.2045,101.2045,101.045,101.045,622
15:27,101.0533,101.2045,101.0533,101.2045,1030
15:28,100.9553,101.0533,100.9553,101.0533,1054
15:29,100.8162,100.9553,100.8162,100.9553,1597
15:30,100.832,100.832,100.8162,100.8162,1689
15:31,100.8009,100.832,100.8009,100.832,1361
15:32,100.7495,100.8009,100.7495,100.8009,1956
15:33,100.8059,100.8059,100.7495,100.7495,1643
15:34,100.885,100.885,100.8059,100.8059,1506
15:35,100.9415,100.9415,100.885,100.885,1671
15:36,100.7531,100.9415,100.7531,100.9415,1543
15:37,100.721,100.7531,100.721,100.7531,1505
15:38,100.712,100.721,100.712,100.721,1656
15:39,100.9065,100.9065,100.712,100.712,1288
15:40,100.8542,100.9065,100.8542,100.9065,2246
15:41,101.0175,101.0175,100.8542,100.8542,1518
15:42,101.034,101.034,101.0175,101.0175,3096
15:43,100.9685,101.034,100.9685,101.034,2244
15:44,101.0452,101.0452,100.9685,100.9685,2671
15:45,101.0057,101.0452,101.0057,101.0452,3354
15:46,100.8232,101.0057,100.8232,101.0057,3804
15:47,100.7269,100.8232,100.7269,100.8232,1871
15:48,100.7581,100.7581,100.7269,100.7269,3277
15:49,100.9217,100.9217,100.7581,100.7581,5216
15:50,100.9983,100.9983,100.9217,100.9217,2268
15:51,101.1243,101.1243,100.9983,100.9983,5160
15:52,101.2965,101.2965,101.1243,101.1243,2200
15:53,101.3383,101.3383,101.2965,101.2965,3711
15:54,101.2699,101.3383,101.2699,101.3383,5897
15:55,101.2522,101.2699,101.2522,101.2699,3531
15:56,101.2088,101.2522,101.2088,101.2522,4898
15:57,101.33,101.33,101.2088,101.2088,4511
15:58,101.3205,101.33,101.3205,101.33,14929
15:59,101.2652,101.3205,101.2652,101.3205,9667
