Time,Close,High,Low,Open,Volume
09:30,99.9707,99.9743,99.9707,99.9743,18689
09:31,100.0074,100.0074,99.9707,99.9707,10511
09:32,100.0361,100.0361,100.0074,100.0074,11775
09:33,99.9886,100.0361,99.9886,100.0361,16820
09:34,99.9492,99.9886,99.9492,99.9886,13466
09:35,99.9211,99.9492,99.9211,99.9492,4493
09:36,99.9725,99.9725,99.9211,99.9211,8147
09:37,99.9371,99.9725,99.9371,99.9725,5054
09:38,99.8827,99.9371,99.8827,99.9371,4718
09:39,99.8387,99.8827,99.8387,99.8827,5203
09:40,99.8089,99.8387,99.8089,99.8387,4357
09:41,99.7962,99.8089,99.7962,99.8089,6393
09:42,99.8742,99.8742,99.7962,99.7962,4619
09:43,99.8312,99.8742,99.8312,99.8742,3408
09:44,99.8781,99.8781,99.8312,99.8312,3544
09:45,99.8628,99.8781,99.8628,99.8781,3169
09:46,99.8825,99.8825,99.8628,99.8628,4457
09:47,99.8618,99.8825,99.8618,99.8825,2280
09:48,99.878,99.878,99.8618,99.8618,2567
09:49,99.904,99.904,99.878,99.878,1594
09:50,99.8948,99.904,99.8948,99.904,823
09:51,99.9527,99.9527,99.8948,99.8948,2423
09:52,99.969,99.969,99.9527,99.9527,2474
09:53,99.9423,99.969,99.9423,99.969,1331
09:54,99.8556,99.9423,99.8556,99.9423,3691
09:55,99.8481,99.8556,99.8481,99.8556,943
09:56,99.8563,99.8563,99.8481,99.8481,1539
09:57,99.8939,99.8939,99.8563,99.8563,1363
09:58,99.9262,99.9262,99.8939,99.8939,2420
09:59,99.9417,99.9417,99.9262,99.9262,2289
10:00,99.9471,99.9471,99.9417,99.9417,1393
10:01,99.9086,99.9471,99.9086,99.9471,1466
10:02,99.8942,99.9086,99.8942,99.9086,912
10:03,99.9877,99.9877,99.8942,99.8942,605
10:04,99.9657,99.9877,99.9657,99.9877,1056
10:05,100.0158,100.0158,99.9657,99.9657,1239
10:06,100.0251,100.0251,100.0158,100.0158,1782
10:07,100.0216,100.0251,100.0216,100.0251,1736
10:08,99.9549,100.0216,99.9549,100.0216,974
10:09,99.9479,99.9549,99.9479,99.9549,992
10:10,99.9311,99.9479,99.9311,99.9479,752
10:11,99.9084,99.9311,99.9084,99.9311,653
10:12,99.9056,99.9084,99.9056,99.9084,585
10:13,99.8677,99.9056,99.8677,99.9056,2120
10:14,99.8628,99.8677,99.8628,99.8677,880
10:15,99.8313,99.8628,99.8313,99.8628,897
10:16,99.7634,99.8313,99.7634,99.8313,668
10:17,99.7529,99.7634,99.7529,99.7634,1365
10:18,99.7103,99.7529,99.7103,99.7529,582
10:19,99.7062,99.7103,99.7062,99.7103,953
10:20,99.7227,99.7227,99.7062,99.7062,746
10:21,99.7202,99.7227,99.7202,99.7227,1171
10:22,99.6762,99.7202,99.6762,99.7202,850
10:23,99.6473,99.6762,99.6473,99.6762,668
10:24,99.6665,99.6665,99.6473,99.6473,1004
10:25,99.6992,99.6992,99.6665,99.6665,1178
10:26,99.6831,99.6992,99.6831,99.6992,1034
10:27,99.7244,99.7244,99.6831,99.6831,1123
10:28,99.7272,99.7272,99.7244,99.7244,805
10:29,99.7376,99.7376,99.7272,99.7272,885
10:30,99.731,99.7376,99.731,99.7376,792
10:31,99.6611,99.731,99.6611,99.731,885
10:32,99.6794,99.6794,99.6611,99.6611,753
10:33,99.6575,99.6794,99.6575,99.6794,544
10:34,99.667,99.667,99.6575,99.6575,1068
10:35,99.62,99.667,99.62,99.667,870
10:36,99.5827,99.62,99.5827,99.62,562
10:37,99.5365,99.5827,99.5365,99.5827,1181
10:38,99.508,99.5365,99.508,99.5365,726
10:39,99.479,99.508,99.479,99.508,1020
10:40,99.4705,99.479,99.4705,99.479,1297
10:41,99.4227,99.4705,99.4227,99.4705,1048
10:42,99.3355,99.4227,99.3355,99.4227,1499
10:43,99.322,99.3355,99.322,99.3355,646
10:44,99.3153,99.322,99.3153,99.322,1154
10:45,99.3312,99.3312,99.3153,99.3153,785
10:46,99.405,99.405,99.3312,99.3312,735
10:47,99.4617,99.4617,99.405,99.405,815
10:48,99.4371,99.4617,99.4371,99.4617,896
10:49,99.3862,99.4371,99.3862,99.4371,1020
10:50,99.4203,99.4203,99.3862,99.3862,662
10:51,99.3981,99.4203,99.3981,99.4203,1376
10:52,99.3401,99.3981,99.3401,99.3981,1180
10:53,99.3709,99.3709,99.3401,99.3401,580
10:54,99.3412,99.3709,99.3412,99.3709,1695
10:55,99.363,99.363,99.3412,99.3412,1958
10:56,99.3531,99.363,99.3531,99.363,1519
10:57,99.3462,99.3531,99.3462,99.3531,938
10:58,99.3548,99.3548,99.3462,99.3462,684
10:59,99.3424,99.3548,99.3424,99.3548,1453
11:00,99.3523,99.3523,99.3424,99.3424,867
11:01,99.3724,99.3724,99.3523,99.3523,1542
11:02,99.4012,99.4012,99.3724,99.3724,1077
11:03,99.4011,99.4012,99.4011,99.4012,1414
11:04,99.3968,99.4011,99.3968,99.4011,1135
11:05,99.3717,99.3968,99.3717,99.3968,1285
11:06,99.3484,99.3717,99.3484,99.3717,1004
11:07,99.413,99.413,99.3484,99.3484,1883
11:08,99.3861,99.413,99.3861,99.413,1046
11:09,99.3138,99.3861,99.3138,99.3861,1153
11:10,99.3456,99.3456,99.3138,99.3138,1949
11:11,99.2759,99.3456,99.2759,99.3456,620
11:12,99.299,99.299,99.2759,99.2759,637
11:13,99.2548,99.299,99.2548,99.299,1410
11:14,99.3243,99.3243,99.2548,99.2548,660
11:15,99.3087,99.3243,99.3087,99.3243,1992
11:16,99.3159,99.3159,99.3087,99.3087,864
11:17,99.3331,99.3331,99.3159,99.3159,767
11:18,99.2939,99.3331,99.2939,99.3331,1977
11:19,99.2684,99.2939,99.2684,99.2939,1690
11:20,99.2515,99.2684,99.2515,99.2684,1939
11:21,99.2736,99.2736,99.2515,99.2515,1379
11:22,99.381,99.381,99.2736,99.2736,737
11:23,99.412,99.412,99.381,99.381,1968
11:24,99.4419,99.4419,99.412,99.412,909
11:25,99.3646,99.4419,99.3646,99.4419,1329
11:26,99.4027,99.4027,99.3646,99.3646,1399
11:27,99.3856,99.4027,99.3856,99.4027,947
11:28,99.3455,99.3856,99.3455,99.3856,1243
11:29,99.3852,99.3852,99.3455,99.3455,1387
11:30,99.4392,99.4392,99.3852,99.3852,1143
11:31,99.4555,99.4555,99.4392,99.4392,677
11:32,99.454,99.4555,99.454,99.4555,1112
11:33,99.4934,99.4934,99.454,99.454,1600
11:34,99.4849,99.4934,99.4849,99.4934,782
11:35,99.4497,99.4849,99.4497,99.4849,948
11:36,99.4678,99.4678,99.4497,99.4497,857
11:37,99.4207,99.4678,99.4207,99.4678,1926
11:38,99.4322,99.4322,99.4207,99.4207,1269
11:39,99.4751,99.4751,99.4322,99.4322,1155
11:40,99.4777,99.4777,99.4751,99.4751,761
11:41,99.4576,99.4777,99.4576,99.4777,1211
11:42,99.3948,99.4576,99.3948,99.4576,787
11:43,99.3808,99.3948,99.3808,99.3948,1011
11:44,99.4002,99.4002,99.3808,99.3808,798
11:45,99.4242,99.4242,99.4002,99.4002,1271
11:46,99.4606,99.4606,99.4242,99.4242,1227
11:47,99.4346,99.4606,99.4346,99.4606,929
11:48,99.4801,99.4801,99.4346,99.4346,1151
11:49,99.5081,99.5081,99.4801,99.4801,679
11:50,99.5261,99.5261,99.5081,99.5081,589
11:51,99.5586,99.5586,99.5261,99.5261,1169
11:52,99.5169,99.5586,99.5169,99.5586,1061
11:53,99.5485,99.5485,99.5169,99.5169,1252
11:54,99.5373,99.5485,99.5373,99.5485,2328
11:55,99.5662,99.5662,99.5373,99.5373,1398
11:56,99.545,99.5662,99.545,99.5662,724
11:57,99.6278,99.6278,99.545,99.545,1486
11:58,99.6467,99.6467,99.6278,99.6278,627
11:59,99.6146,99.6467,99.6146,99.6467,849
12:00,99.5664,99.6146,99.5664,99.6146,976
12:01,99.5627,99.5664,99.5627,99.5664,1836
12:02,99.6403,99.6403,99.5627,99.5627,768
12:03,99.6754,99.6754,99.6403,99.6403,746
12:04,99.7003,99.7003,99.6754,99.6754,966
12:05,99.7433,99.7433,99.7003,99.7003,790
12:06,99.7499,99.7499,99.7433,99.7433,1491
12:07,99.7378,99.7499,99.7378,99.7499,682
12:08,99.7273,99.7378,99.7273,99.7378,666
12:09,99.728,99.728,99.7273,99.7273,856
12:10,99.7462,99.7462,99.728,99.728,838
12:11,99.7889,99.7889,99.7462,99.7462,1982
12:12,99.8113,99.8113,99.7889,99.7889,1400
12:13,99.8347,99.8347,99.8113,99.8113,1032
12:14,99.8295,99.8347,99.8295,99.8347,648
12:15,99.8465,99.8465,99.8295,99.8295,1349
12:16,99.8102,99.8465,99.8102,99.8465,701
12:17,99.8215,99.8215,99.8102,99.8102,578
12:18,99.7871,99.8215,99.7871,99.8215,1524
12:19,99.7553,99.7871,99.7553,99.7871,1119
12:20,99.7312,99.7553,99.7312,99.7553,1386
12:21,99.6887,99.7312,99.6887,99.7312,1120
12:22,99.6758,99.6887,99.6758,99.6887,1355
12:23,99.6863,99.6863,99.6758,99.6758,794
12:24,99.7283,99.7283,99.6863,99.6863,693
12:25,99.7582,99.7582,99.7283,99.7283,1273
12:26,99.8048,99.8048,99.7582,99.7582,752
12:27,99.8117,99.8117,99.8048,99.8048,783
12:28,99.8288,99.8288,99.8117,99.8117,851
12:29,99.7923,99.8288,99.7923,99.8288,1006
12:30,99.6899,99.7923,99.6899,99.7923,882
12:31,99.729,99.729,99.6899,99.6899,614
12:32,99.6611,99.729,99.6611,99.729,796
12:33,99.6599,99.6611,99.6599,99.6611,455
12:34,99.5869,99.6599,99.5869,99.6599,1248
12:35,99.6529,99.6529,99.5869,99.5869,567
12:36,99.6673,99.6673,99.6529,99.6529,676
12:37,99.5781,99.6673,99.5781,99.6673,1019
12:38,99.5653,99.5781,99.5653,99.5781,769
12:39,99.5586,99.5653,99.5586,99.5653,1728
12:40,99.5992,99.5992,99.5586,99.5586,632
12:41,99.5946,99.5992,99.5946,99.5992,1099
12:42,99.528,99.5946,99.528,99.5946,986
12:43,99.4624,99.528,99.4624,99.528,661
12:44,99.4969,99.4969,99.4624,99.4624,1204
12:45,99.5559,99.5559,99.4969,99.4969,941
12:46,99.5256,99.5559,99.5256,99.5559,1315
12:47,99.5142,99.5256,99.5142,99.5256,1339
12:48,99.5054,99.5142,99.5054,99.5142,2153
12:49,99.548,99.548,99.5054,99.5054,1606
12:50,99.5558,99.5558,99.548,99.548,877
12:51,99.5311,99.5558,99.5311,99.5558,919
12:52,99.5076,99.5311,99.5076,99.5311,1477
12:53,99.5678,99.5678,99.5076,99.5076,1261
12:54,99.6566,99.6566,99.5678,99.5678,1255
12:55,99.6621,99.6621,99.6566,99.6566,564
12:56,99.6845,99.6845,99.6621,99.6621,991
12:57,99.6585,99.6845,99.6585,99.6845,770
12:58,99.7073,99.7073,99.6585,99.6585,1104
12:59,99.7357,99.7357,99.7073,99.7073,966
13:00,99.7314,99.7357,99.7314,99.7357,1381
13:01,99.6783,99.7314,99.6783,99.7314,1119
13:02,99.6261,99.6783,99.6261,99.6783,1321
13:03,99.6181,99.6261,99.6181,99.6261,848
13:04,99.6008,99.6181,99.6008,99.6181,715
13:05,99.5962,99.6008,99.5962,99.6008,865
13:06,99.6385,99.6385,99.5962,99.5962,994
13:07,99.688,99.688,99.6385,99.6385,1144
13:08,99.7176,99.7176,99.688,99.688,2228
13:09,99.6987,99.7176,99.6987,99.7176,985
13:10,99.689,99.6987,99.689,99.6987,713
13:11,99.7137,99.7137,99.689,99.689,885
13:12,99.6873,99.7137,99.6873,99.7137,848
13:13,99.7517,99.7517,99.6873,99.6873,1186
13:14,99.7476,99.7517,99.7476,99.7517,579
13:15,99.7356,99.7476,99.7356,99.7476,1023
13:16,99.7439,99.7439,99.7356,99.7356,1057
13:17,99.7857,99.7857,99.7439,99.7439,1086
13:18,99.7883,99.7883,99.7857,99.7857,809
13:19,99.8293,99.8293,99.7883,99.7883,919
13:20,99.8113,99.8293,99.8113,99.8293,604
13:21,99.8219,99.8219,99.8113,99.8113,840
13:22,99.866,99.866,99.8219,99.8219,825
13:23,99.9353,99.9353,99.866,99.866,1159
13:24,99.9752,99.9752,99.9353,99.9353,664
13:25,99.9778,99.9778,99.9752,99.9752,1319
13:26,100.0268,100.0268,99.9778,99.9778,1699
13:27,100.0884,100.0884,100.0268,100.0268,480
13:28,100.0727,100.0884,100.0727,100.0884,1163
13:29,100.086,100.086,100.0727,100.0727,1271
13:30,100.0808,100.086,100.0808,100.086,798
13:31,100.0899,100.0899,100.0808,100.0808,869
13:32,100.0516,100.0899,100.0516,100.0899,954
13:33,100.1102,100.1102,100.0516,100.0516,900
13:34,100.0773,100.1102,100.0773,100.1102,896
13:35,100.0374,100.0773,100.0374,100.0773,552
13:36,100.0784,100.0784,100.0374,100.0374,1505
13:37,100.0957,100.0957,100.0784,100.0784,1466
13:38,100.1346,100.1346,100.0957,100.0957,750
13:39,100.131,100.1346,100.131,100.1346,595
13:40,100.1519,100.1519,100.131,100.131,1203
13:41,100.2121,100.2121,100.1519,100.1519,815
13:42,100.1998,100.2121,100.1998,100.2121,1052
13:43,100.187,100.1998,100.187,100.1998,893
13:44,100.1708,100.187,100.1708,100.187,1278
13:45,100.1413,100.1708,100.1413,100.1708,1279
13:46,100.1712,100.1712,100.1413,100.1413,773
13:47,100.11,100.1712,100.11,100.1712,612
13:48,100.0852,100.11,100.0852,100.11,571
13:49,100.0607,100.0852,100.0607,100.0852,1242
13:50,100.0053,100.0607,100.0053,100.0607,656
13:51,100.0038,100.0053,100.0038,100.0053,836
13:52,100.0248,100.0248,100.0038,100.0038,809
13:53,100.0392,100.0392,100.0248,100.0248,982
13:54,100.0622,100.0622,100.0392,100.0392,503
13:55,99.9989,100.0622,99.9989,100.0622,1069
13:56,100.0047,100.0047,99.9989,99.9989,1204
13:57,99.9756,100.0047,99.9756,100.0047,1032
13:58,99.9916,99.9916,99.9756,99.9756,896
13:59,99.9915,99.9916,99.9915,99.9916,1035
14:00,100.0625,100.0625,99.9915,99.9915,1152
14:01,99.9558,100.0625,99.9558,100.0625,374
14:02,99.949,99.9558,99.949,99.9558,2000
14:03,99.8972,99.949,99.8972,99.949,1148
14:04,99.9441,99.9441,99.8972,99.8972,794
14:05,99.9479,99.9479,99.9441,99.9441,871
14:06,99.9259,99.9479,99.9259,99.9479,1191
14:07,100.0018,100.0018,99.9259,99.9259,960
14:08,100.0098,100.0098,100.0018,100.0018,487
14:09,100.0429,100.0429,100.0098,100.0098,2079
14:10,99.9929,100.0429,99.9929,100.0429,962
14:11,99.9577,99.9929,99.9577,99.9929,1436
14:12,99.9707,99.9707,99.9577,99.9577,782
14:13,100.0366,100.0366,99.9707,99.9707,1724
14:14,100.03,100.0366,100.03,100.0366,1107
14:15,100.0106,100.03,100.0106,100.03,1241
14:16,100.075,100.075,100.0106,100.0106,690
14:17,100.1115,100.1115,100.075,100.075,1536
14:18,100.1306,100.1306,100.1115,100.1115,1277
14:19,100.0845,100.1306,100.0845,100.1306,1586
14:20,100.0271,100.0845,100.0271,100.0845,800
14:21,100.019,100.0271,100.019,100.0271,843
14:22,100.0238,100.0238,100.019,100.019,2263
14:23,99.98,100.0238,99.98,100.0238,687
14:24,100.0016,100.0016,99.98,99.98,953
14:25,99.9497,100.0016,99.9497,100.0016,1496
14:26,99.9067,99.9497,99.9067,99.9497,1035
14:27,99.8912,99.9067,99.8912,99.9067,1230
14:28,99.8885,99.8912,99.8885,99.8912,868
14:29,99.9004,99.9004,99.8885,99.8885,1140
14:30,99.9319,99.9319,99.9004,99.9004,629
14:31,99.935,99.935,99.9319,99.9319,1800
14:32,99.9766,99.9766,99.935,99.935,959
14:33,99.9412,99.9766,99.9412,99.9766,786
14:34,99.9907,99.9907,99.9412,99.9412,1267
14:35,100.051,100.051,99.9907,99.9907,849
14:36,100.0446,100.051,100.0446,100.051,623
14:37,100.004,100.0446,100.004,100.0446,620
14:38,99.9808,100.004,99.9808,100.004,1279
14:39,100.0082,100.0082,99.9808,99.9808,945
14:40,100.0135,100.0135,100.0082,100.0082,954
14:41,100.0032,100.0135,100.0032,100.0135,1466
14:42,99.9894,100.0032,99.9894,100.0032,671
14:43,99.9822,99.9894,99.9822,99.9894,772
14:44,99.9401,99.9822,99.9401,99.9822,873
14:45,99.9742,99.9742,99.9401,99.9401,1035
14:46,99.9709,99.9742,99.9709,99.9742,986
14:47,99.9496,99.9709,99.9496,99.9709,904
14:48,99.9548,99.9548,99.9496,99.9496,979
14:49,100.0122,100.0122,99.9548,99.9548,964
14:50,100.0221,100.0221,100.0122,100.0122,776
14:51,99.9739,100.0221,99.9739,100.0221,751
14:52,99.9734,99.9739,99.9734,99.9739,1104
14:53,99.9501,99.9734,99.9501,99.9734,731
14:54,100.017,100.017,99.9501,99.9501,665
14:55,100.0416,100.0416,100.017,100.017,898
14:56,100.0329,100.0416,100.0329,100.0416,949
14:57,100.0149,100.0329,100.0149,100.0329,2234
14:58,99.9934,100.0149,99.9934,100.0149,782
14:59,100.0372,100.0372,99.9934,99.9934,1404
15:00,99.975,100.0372,99.975,100.0372,1311
15:01,100.0243,100.0243,99.975,99.975,660
15:02,100.0572,100.0572,100.0243,100.0243,1326
15:03,100.1001,100.1001,100.0572,100.0572,663
15:04,100.0588,100.1001,100.0588,100.1001,394
15:05,100.03,100.0588,100.03,100.0588,1255
15:06,100.0353,100.0353,100.03,100.03,544
15:07,100.1051,100.1051,100.0353,100.0353,1192
15:08,100.1529,100.1529,100.1051,100.1051,799
15:09,100.1465,100.1529,100.1465,100.1529,1839
15:10,100.1764,100.1764,100.1465,100.1465,1496
15:11,100.2177,100.2177,100.1764,100.1764,875
15:12,100.2625,100.2625,100.2177,100.2177,808
15:13,100.3415,100.3415,100.2625,100.2625,674
15:14,100.3512,100.3512,100.3415,100.3415,891
15:15,100.386,100.386,100.3512,100.3512,948
15:16,100.4067,100.4067,100.386,100.386,926
15:17,100.4063,100.4067,100.4063,100.4067,1122
15:18,100.3728,100.4063,100.3728,100.4063,1314
15:19,100.3827,100.3827,100.3728,100.3728,1223
15:20,100.3949,100.3949,100.3827,100.3827,832
15:21,100.3999,100.3999,100.3949,100.3949,663
15:22,100.4166,100.4166,100.3999,100.3999,1813
15:23,100.4891,100.4891,100.4166,100.4166,888
15:24,100.5061,100.5061,100.4891,100.4891,914
15:25,100.4739,100.5061,100.4739,100.5061,974
15:26,100.4875,100.4875,100.4739,100.4739,622
15:27,100.5461,100.5461,100.4875,100.4875,1030
15:28,100.5258,100.5461,100.5258,100.5461,1054
15:29,100.5447,100.5447,100.5258,100.5258,1597
15:30,100.5713,100.5713,100.5447,100.5447,1689
15:31,100.5614,100.5713,100.5614,100.5713,1361
15:32,100.496,100.5614,100.496,100.5614,1956
15:33,100.5046,100.5046,100.496,100.496,1643
15:34,100.5275,100.5275,100.5046,100.5046,1506
15:35,100.5747,100.5747,100.5275,100.5275,1671
15:36,100.5619,100.5747,100.5619,100.5747,1543
15:37,100.5353,100.5619,100.5353,100.5619,1505
15:38,100.5754,100.5754,100.5353,100.5353,1656
15:39,100.5961,100.5961,100.5754,100.5754,1288
15:40,100.5819,100.5961,100.5819,100.5961,2246
15:41,100.5995,100.5995,100.5819,100.5819,1518
15:42,100.5955,100.5995,100.5955,100.5995,3096
15:43,100.6151,100.6151,100.5955,100.5955,2244
15:44,100.6181,100.6181,100.6151,100.6151,2671
15:45,100.6708,100.6708,100.6181,100.6181,3354
15:46,100.6956,100.6956,100.6708,100.6708,3804
15:47,100.7038,100.7038,100.6956,100.6956,1871
15:48,100.6907,100.7038,100.6907,100.7038,3277
15:49,100.7149,100.7149,100.6907,100.6907,5216
15:50,100.6632,100.7149,100.6632,100.7149,2268
15:51,100.6732,100.6732,100.6632,100.6632,5160
15:52,100.7234,100.7234,100.6732,100.6732,2200
15:53,100.7256,100.7256,100.7234,100.7234,3711
15:54,100.7174,100.7256,100.7174,100.7256,5897
15:55,100.7694,100.7694,100.7174,100.7174,3531
15:56,100.8347,100.8347,100.7694,100.7694,4898
15:57,100.8834,100.8834,100.8347,100.8347,4511
15:58,100.9027,100.9027,100.8834,100.8834,14929
15:59,100.9197,100.9197,100.9027,100.9027,9667
