Time,Close,High,Low,Open,Volume
09:30,99.989,99.9892,99.989,99.9892,18689
09:31,99.9691,99.989,99.9691,99.989,10511
09:32,99.9728,99.9728,99.9691,99.9691,11775
09:33,99.9793,99.9793,99.9728,99.9728,16820
09:34,99.9821,99.9821,99.9793,99.9793,13466
09:35,99.9621,99.9821,99.9621,99.9821,4493
09:36,99.9688,99.9688,99.9621,99.9621,8147
09:37,99.9676,99.9688,99.9676,99.9688,5054
09:38,99.9592,99.9676,99.9592,99.9676,4718
09:39,99.9766,99.9766,99.9592,99.9592,5203
09:40,99.9665,99.9766,99.9665,99.9766,4357
09:41,99.9502,99.9665,99.9502,99.9665,6393
09:42,99.9404,99.9502,99.9404,99.9502,4619
09:43,99.9485,99.9485,99.9404,99.9404,3408
09:44,99.9584,99.9584,99.9485,99.9485,3544
09:45,99.9765,99.9765,99.9584,99.9584,3169
09:46,99.983,99.983,99.9765,99.9765,4457
09:47,99.9811,99.983,99.9811,99.983,2280
09:48,99.9866,99.9866,99.9811,99.9811,2567
09:49,99.974,99.9866,99.974,99.9866,1594
09:50,99.9745,99.9745,99.974,99.974,823
09:51,99.9724,99.9745,99.9724,99.9745,2423
09:52,99.9816,99.9816,99.9724,99.9724,2474
09:53,99.9737,99.9816,99.9737,99.9816,1331
09:54,99.9876,99.9876,99.9737,99.9737,3691
09:55,99.9802,99.9876,99.9802,99.9876,943
09:56,99.9698,99.9802,99.9698,99.9802,1539
09:57,99.9686,99.9698,99.9686,99.9698,1363
09:58,99.9835,99.9835,99.9686,99.9686,2420
09:59,99.9647,99.9835,99.9647,99.9835,2289
10:00,99.9554,99.9647,99.9554,99.9647,1393
10:01,99.9643,99.9643,99.9554,99.9554,1466
10:02,99.963,99.9643,99.963,99.9643,912
10:03,99.9686,99.9686,99.963,99.963,605
10:04,99.9831,99.9831,99.9686,99.9686,1056
10:05,99.9718,99.9831,99.9718,99.9831,1239
10:06,99.9648,99.9718,99.9648,99.9718,1782
10:07,99.9691,99.9691,99.9648,99.9648,1736
10:08,99.9589,99.9691,99.9589,99.9691,974
10:09,99.9475,99.9589,99.9475,99.9589,992
10:10,99.9431,99.9475,99.9431,99.9475,752
10:11,99.9427,99.9431,99.9427,99.9431,653
10:12,99.9533,99.9533,99.9427,99.9427,585
10:13,99.9289,99.9533,99.9289,99.9533,2120
10:14,99.93,99.93,99.9289,99.9289,880
10:15,99.9267,99.93,99.9267,99.93,897
10:16,99.9121,99.9267,99.9121,99.9267,668
10:17,99.9057,99.9121,99.9057,99.9121,1365
10:18,99.9112,99.9112,99.9057,99.9057,582
10:19,99.9151,99.9151,99.9112,99.9112,953
10:20,99.9168,99.9168,99.9151,99.9151,746
10:21,99.9106,99.9168,99.9106,99.9168,1171
10:22,99.896,99.9106,99.896,99.9106,850
10:23,99.8795,99.896,99.8795,99.896,668
10:24,99.8676,99.8795,99.8676,99.8795,1004
10:25,99.8716,99.8716,99.8676,99.8676,1178
10:26,99.8759,99.8759,99.8716,99.8716,1034
10:27,99.85,99.8759,99.85,99.8759,1123
10:28,99.8543,99.8543,99.85,99.85,805
10:29,99.8435,99.8543,99.8435,99.8543,885
10:30,99.83,99.8435,99.83,99.8435,792
10:31,99.8374,99.8374,99.83,99.83,885
10:32,99.8246,99.8374,99.8246,99.8374,753
10:33,99.8129,99.8246,99.8129,99.8246,544
10:34,99.8277,99.8277,99.8129,99.8129,1068
10:35,99.8158,99.8277,99.8158,99.8277,870
10:36,99.8156,99.8158,99.8156,99.8158,562
10:37,99.8288,99.8288,99.8156,99.8156,1181
10:38,99.8316,99.8316,99.8288,99.8288,726
10:39,99.8428,99.8428,99.8316,99.8316,1020
10:40,99.8299,99.8428,99.8299,99.8428,1297
10:41,99.8143,99.8299,99.8143,99.8299,1048
10:42,99.79,99.8143,99.79,99.8143,1499
10:43,99.7866,99.79,99.7866,99.79,646
10:44,99.7851,99.7866,99.7851,99.7866,1154
10:45,99.7793,99.7851,99.7793,99.7851,785
10:46,99.7662,99.7793,99.7662,99.7793,735
10:47,99.7557,99.7662,99.7557,99.7662,815
10:48,99.747,99.7557,99.747,99.7557,896
10:49,99.7217,99.747,99.7217,99.747,1020
10:50,99.7211,99.7217,99.7211,99.7217,662
10:51,99.7235,99.7235,99.7211,99.7211,1376
10:52,99.7288,99.7288,99.7235,99.7235,1180
10:53,99.7322,99.7322,99.7288,99.7288,580
10:54,99.7302,99.7322,99.7302,99.7322,1695
10:55,99.723,99.7302,99.723,99.7302,1958
10:56,99.7221,99.723,99.7221,99.723,1519
10:57,99.7232,99.7232,99.7221,99.7221,938
10:58,99.7233,99.7233,99.7232,99.7232,684
10:59,99.7231,99.7233,99.7231,99.7233,1453
11:00,99.7157,99.7231,99.7157,99.7231,867
11:01,99.7053,99.7157,99.7053,99.7157,1542
11:02,99.6905,99.7053,99.6905,99.7053,1077
11:03,99.6699,99.6905,99.6699,99.6905,1414
11:04,99.6661,99.6699,99.6661,99.6699,1135
11:05,99.6548,99.6661,99.6548,99.6661,1285
11:06,99.6403,99.6548,99.6403,99.6548,1004
11:07,99.6359,99.6403,99.6359,99.6403,1883
11:08,99.6264,99.6359,99.6264,99.6359,1046
11:09,99.6193,99.6264,99.6193,99.6264,1153
11:10,99.6121,99.6193,99.6121,99.6193,1949
11:11,99.6096,99.6121,99.6096,99.6121,620
11:12,99.6177,99.6177,99.6096,99.6096,637
11:13,99.6037,99.6177,99.6037,99.6177,1410
11:14,99.5986,99.6037,99.5986,99.6037,660
11:15,99.5944,99.5986,99.5944,99.5986,1992
11:16,99.5804,99.5944,99.5804,99.5944,864
11:17,99.5657,99.5804,99.5657,99.5804,767
11:18,99.5711,99.5711,99.5657,99.5657,1977
11:19,99.5863,99.5863,99.5711,99.5711,1690
11:20,99.5846,99.5863,99.5846,99.5863,1939
11:21,99.5648,99.5846,99.5648,99.5846,1379
11:22,99.5503,99.5648,99.5503,99.5648,737
11:23,99.533,99.5503,99.533,99.5503,1968
11:24,99.5362,99.5362,99.533,99.533,909
11:25,99.5281,99.5362,99.5281,99.5362,1329
11:26,99.5137,99.5281,99.5137,99.5281,1399
11:27,99.4969,99.5137,99.4969,99.5137,947
11:28,99.4879,99.4969,99.4879,99.4969,1243
11:29,99.4833,99.4879,99.4833,99.4879,1387
11:30,99.4717,99.4833,99.4717,99.4833,1143
11:31,99.4631,99.4717,99.4631,99.4717,677
11:32,99.4516,99.4631,99.4516,99.4631,1112
11:33,99.439,99.4516,99.439,99.4516,1600
11:34,99.4416,99.4416,99.439,99.439,782
11:35,99.4484,99.4484,99.4416,99.4416,948
11:36,99.4461,99.4484,99.4461,99.4484,857
11:37,99.4335,99.4461,99.4335,99.4461,1926
11:38,99.4139,99.4335,99.4139,99.4335,1269
11:39,99.4165,99.4165,99.4139,99.4139,1155
11:40,99.3894,99.4165,99.3894,99.4165,761
11:41,99.3885,99.3894,99.3885,99.3894,1211
11:42,99.3815,99.3885,99.3815,99.3885,787
11:43,99.382,99.382,99.3815,99.3815,1011
11:44,99.3919,99.3919,99.382,99.382,798
11:45,99.3956,99.3956,99.3919,99.3919,1271
11:46,99.3905,99.3956,99.3905,99.3956,1227
11:47,99.3869,99.3905,99.3869,99.3905,929
11:48,99.3722,99.3869,99.3722,99.3869,1151
11:49,99.3824,99.3824,99.3722,99.3722,679
11:50,99.3765,99.3824,99.3765,99.3824,589
11:51,99.3674,99.3765,99.3674,99.3765,1169
11:52,99.3696,99.3696,99.3674,99.3674,1061
11:53,99.3486,99.3696,99.3486,99.3696,1252
11:54,99.3384,99.3486,99.3384,99.3486,2328
11:55,99.3255,99.3384,99.3255,99.3384,1398
11:56,99.3139,99.3255,99.3139,99.3255,724
11:57,99.3105,99.3139,99.3105,99.3139,1486
11:58,99.3182,99.3182,99.3105,99.3105,627
11:59,99.3173,99.3182,99.3173,99.3182,849
12:00,99.2982,99.3173,99.2982,99.3173,976
12:01,99.2918,99.2982,99.2918,99.2982,1836
12:02,99.2907,99.2918,99.2907,99.2918,768
12:03,99.2899,99.2907,99.2899,99.2907,746
12:04,99.2892,99.2899,99.2892,99.2899,966
12:05,99.2935,99.2935,99.2892,99.2892,790
12:06,99.2929,99.2935,99.2929,99.2935,1491
12:07,99.313,99.313,99.2929,99.2929,682
12:08,99.3229,99.3229,99.313,99.313,666
12:09,99.3099,99.3229,99.3099,99.3229,856
12:10,99.3221,99.3221,99.3099,99.3099,838
12:11,99.3239,99.3239,99.3221,99.3221,1982
12:12,99.3137,99.3239,99.3137,99.3239,1400
12:13,99.3175,99.3175,99.3137,99.3137,1032
12:14,99.3229,99.3229,99.3175,99.3175,648
12:15,99.3376,99.3376,99.3229,99.3229,1349
12:16,99.3564,99.3564,99.3376,99.3376,701
12:17,99.357,99.357,99.3564,99.3564,578
12:18,99.3445,99.357,99.3445,99.357,1524
12:19,99.3429,99.3445,99.3429,99.3445,1119
12:20,99.3373,99.3429,99.3373,99.3429,1386
12:21,99.3441,99.3441,99.3373,99.3373,1120
12:22,99.3472,99.3472,99.3441,99.3441,1355
12:23,99.3601,99.3601,99.3472,99.3472,794
12:24,99.3605,99.3605,99.3601,99.3601,693
12:25,99.3565,99.3605,99.3565,99.3605,1273
12:26,99.3812,99.3812,99.3565,99.3565,752
12:27,99.391,99.391,99.3812,99.3812,783
12:28,99.4046,99.4046,99.391,99.391,851
12:29,99.4044,99.4046,99.4044,99.4046,1006
12:30,99.4177,99.4177,99.4044,99.4044,882
12:31,99.4116,99.4177,99.4116,99.4177,614
12:32,99.4187,99.4187,99.4116,99.4116,796
12:33,99.42,99.42,99.4187,99.4187,455
12:34,99.4284,99.4284,99.42,99.42,1248
12:35,99.4309,99.4309,99.4284,99.4284,567
12:36,99.4454,99.4454,99.4309,99.4309,676
12:37,99.454,99.454,99.4454,99.4454,1019
12:38,99.464,99.464,99.454,99.454,769
12:39,99.4577,99.464,99.4577,99.464,1728
12:40,99.4665,99.4665,99.4577,99.4577,632
12:41,99.4787,99.4787,99.4665,99.4665,1099
12:42,99.4796,99.4796,99.4787,99.4787,986
12:43,99.4765,99.4796,99.4765,99.4796,661
12:44,99.4855,99.4855,99.4765,99.4765,1204
12:45,99.4761,99.4855,99.4761,99.4855,941
12:46,99.4737,99.4761,99.4737,99.4761,1315
12:47,99.482,99.482,99.4737,99.4737,1339
12:48,99.4831,99.4831,99.482,99.482,2153
12:49,99.4846,99.4846,99.4831,99.4831,1606
12:50,99.4852,99.4852,99.4846,99.4846,877
12:51,99.4768,99.4852,99.4768,99.4852,919
12:52,99.4909,99.4909,99.4768,99.4768,1477
12:53,99.5028,99.5028,99.4909,99.4909,1261
12:54,99.5058,99.5058,99.5028,99.5028,1255
12:55,99.506,99.506,99.5058,99.5058,564
12:56,99.5233,99.5233,99.506,99.506,991
12:57,99.5004,99.5233,99.5004,99.5233,770
12:58,99.5059,99.5059,99.5004,99.5004,1104
12:59,99.5233,99.5233,99.5059,99.5059,966
13:00,99.5202,99.5233,99.5202,99.5233,1381
13:01,99.5285,99.5285,99.5202,99.5202,1119
13:02,99.5316,99.5316,99.5285,99.5285,1321
13:03,99.5255,99.5316,99.5255,99.5316,848
13:04,99.5147,99.5255,99.5147,99.5255,715
13:05,99.5228,99.5228,99.5147,99.5147,865
13:06,99.5294,99.5294,99.5228,99.5228,994
13:07,99.5306,99.5306,99.5294,99.5294,1144
13:08,99.5473,99.5473,99.5306,99.5306,2228
13:09,99.5588,99.5588,99.5473,99.5473,985
13:10,99.5783,99.5783,99.5588,99.5588,713
13:11,99.5884,99.5884,99.5783,99.5783,885
13:12,99.5752,99.5884,99.5752,99.5884,848
13:13,99.5919,99.5919,99.5752,99.5752,1186
13:14,99.6149,99.6149,99.5919,99.5919,579
13:15,99.6255,99.6255,99.6149,99.6149,1023
13:16,99.6037,99.6255,99.6037,99.6255,1057
13:17,99.6143,99.6143,99.6037,99.6037,1086
13:18,99.624,99.624,99.6143,99.6143,809
13:19,99.6182,99.624,99.6182,99.624,919
13:20,99.6234,99.6234,99.6182,99.6182,604
13:21,99.6292,99.6292,99.6234,99.6234,840
13:22,99.6237,99.6292,99.6237,99.6292,825
13:23,99.6286,99.6286,99.6237,99.6237,1159
13:24,99.6241,99.6286,99.6241,99.6286,664
13:25,99.6353,99.6353,99.6241,99.6241,1319
13:26,99.6374,99.6374,99.6353,99.6353,1699
13:27,99.6155,99.6374,99.6155,99.6374,480
13:28,99.6266,99.6266,99.6155,99.6155,1163
13:29,99.6247,99.6266,99.6247,99.6266,1271
13:30,99.6182,99.6247,99.6182,99.6247,798
13:31,99.6227,99.6227,99.6182,99.6182,869
13:32,99.6279,99.6279,99.6227,99.6227,954
13:33,99.6514,99.6514,99.6279,99.6279,900
13:34,99.6543,99.6543,99.6514,99.6514,896
13:35,99.6567,99.6567,99.6543,99.6543,552
13:36,99.6755,99.6755,99.6567,99.6567,1505
13:37,99.6747,99.6755,99.6747,99.6755,1466
13:38,99.677,99.677,99.6747,99.6747,750
13:39,99.6745,99.677,99.6745,99.677,595
13:40,99.6884,99.6884,99.6745,99.6745,1203
13:41,99.6911,99.6911,99.6884,99.6884,815
13:42,99.6932,99.6932,99.6911,99.6911,1052
13:43,99.6855,99.6932,99.6855,99.6932,893
13:44,99.7229,99.7229,99.6855,99.6855,1278
13:45,99.7299,99.7299,99.7229,99.7229,1279
13:46,99.7266,99.7299,99.7266,99.7299,773
13:47,99.7453,99.7453,99.7266,99.7266,612
13:48,99.7427,99.7453,99.7427,99.7453,571
13:49,99.7303,99.7427,99.7303,99.7427,1242
13:50,99.736,99.736,99.7303,99.7303,656
13:51,99.7414,99.7414,99.736,99.736,836
13:52,99.741,99.7414,99.741,99.7414,809
13:53,99.735,99.741,99.735,99.741,982
13:54,99.7292,99.735,99.7292,99.735,503
13:55,99.7493,99.7493,99.7292,99.7292,1069
13:56,99.7594,99.7594,99.7493,99.7493,1204
13:57,99.7793,99.7793,99.7594,99.7594,1032
13:58,99.7834,99.7834,99.7793,99.7793,896
13:59,99.781,99.7834,99.781,99.7834,1035
14:00,99.7859,99.7859,99.781,99.781,1152
14:01,99.825,99.825,99.7859,99.7859,374
14:02,99.8147,99.825,99.8147,99.825,2000
14:03,99.8286,99.8286,99.8147,99.8147,1148
14:04,99.845,99.845,99.8286,99.8286,794
14:05,99.8529,99.8529,99.845,99.845,871
14:06,99.8406,99.8529,99.8406,99.8529,1191
14:07,99.8565,99.8565,99.8406,99.8406,960
14:08,99.8819,99.8819,99.8565,99.8565,487
14:09,99.8972,99.8972,99.8819,99.8819,2079
14:10,99.9104,99.9104,99.8972,99.8972,962
14:11,99.9141,99.9141,99.9104,99.9104,1436
14:12,99.9241,99.9241,99.9141,99.9141,782
14:13,99.94,99.94,99.9241,99.9241,1724
14:14,99.9472,99.9472,99.94,99.94,1107
14:15,99.9785,99.9785,99.9472,99.9472,1241
14:16,99.978,99.9785,99.978,99.9785,690
14:17,99.9808,99.9808,99.978,99.978,1536
14:18,99.9946,99.9946,99.9808,99.9808,1277
14:19,99.9996,99.9996,99.9946,99.9946,1586
14:20,100.0282,100.0282,99.9996,99.9996,800
14:21,100.0226,100.0282,100.0226,100.0282,843
14:22,100.0225,100.0226,100.0225,100.0226,2263
14:23,100.0248,100.0248,100.0225,100.0225,687
14:24,100.0172,100.0248,100.0172,100.0248,953
14:25,100.028,100.028,100.0172,100.0172,1496
14:26,100.0438,100.0438,100.028,100.028,1035
14:27,100.0444,100.0444,100.0438,100.0438,1230
14:28,100.0427,100.0444,100.0427,100.0444,868
14:29,100.0559,100.0559,100.0427,100.0427,1140
14:30,100.0612,100.0612,100.0559,100.0559,629
14:31,100.0481,100.0612,100.0481,100.0612,1800
14:32,100.0488,100.0488,100.0481,100.0481,959
14:33,100.0672,100.0672,100.0488,100.0488,786
14:34,100.0666,100.0672,100.0666,100.0672,1267
14:35,100.079,100.079,100.0666,100.0666,849
14:36,100.0812,100.0812,100.079,100.079,623
14:37,100.0992,100.0992,100.0812,100.0812,620
14:38,100.0912,100.0992,100.0912,100.0992,1279
14:39,100.0677,100.0912,100.0677,100.0912,945
14:40,100.0831,100.0831,100.0677,100.0677,954
14:41,100.105,100.105,100.0831,100.0831,1466
14:42,100.1066,100.1066,100.105,100.105,671
14:43,100.1152,100.1152,100.1066,100.1066,772
14:44,100.1129,100.1152,100.1129,100.1152,873
14:45,100.1035,100.1129,100.1035,100.1129,1035
14:46,100.1165,100.1165,100.1035,100.1035,986
14:47,100.1342,100.1342,100.1165,100.1165,904
14:48,100.1289,100.1342,100.1289,100.1342,979
14:49,100.1445,100.1445,100.1289,100.1289,964
14:50,100.1409,100.1445,100.1409,100.1445,776
14:51,100.1173,100.1409,100.1173,100.1409,751
14:52,100.1158,100.1173,100.1158,100.1173,1104
14:53,100.113,100.1158,100.113,100.1158,731
14:54,100.1032,100.113,100.1032,100.113,665
14:55,100.1176,100.1176,100.1032,100.1032,898
14:56,100.1265,100.1265,100.1176,100.1176,949
14:57,100.1286,100.1286,100.1265,100.1265,2234
14:58,100.129,100.129,100.1286,100.1286,782
14:59,100.1459,100.1459,100.129,100.129,1404
15:00,100.1464,100.1464,100.1459,100.1459,1311
15:01,100.1444,100.1464,100.1444,100.1464,660
15:02,100.1479,100.1479,100.1444,100.1444,1326
15:03,100.1384,100.1479,100.1384,100.1479,663
15:04,100.1397,100.1397,100.1384,100.1384,394
15:05,100.1692,100.1692,100.1397,100.1397,1255
15:06,100.1602,100.1692,100.1602,100.1692,544
15:07,100.1603,100.1603,100.1602,100.1602,1192
15:08,100.1645,100.1645,100.1603,100.1603,799
15:09,100.1616,100.1645,100.1616,100.1645,1839
15:10,100.157,100.1616,100.157,100.1616,1496
15:11,100.1704,100.1704,100.157,100.157,875
15:12,100.1814,100.1814,100.1704,100.1704,808
15:13,100.1981,100.1981,100.1814,100.1814,674
15:14,100.2226,100.2226,100.1981,100.1981,891
15:15,100.2129,100.2226,100.2129,100.2226,948
15:16,100.2238,100.2238,100.2129,100.2129,926
15:17,100.232,100.232,100.2238,100.2238,1122
15:18,100.2318,100.232,100.2318,100.232,1314
15:19,100.2391,100.2391,100.2318,100.2318,1223
15:20,100.2544,100.2544,100.2391,100.2391,832
15:21,100.2666,100.2666,100.2544,100.2544,663
15:22,100.28,100.28,100.2666,100.2666,1813
15:23,100.2951,100.2951,100.28,100.28,888
15:24,100.3025,100.3025,100.2951,100.2951,914
15:25,100.3194,100.3194,100.3025,100.3025,974
15:26,100.313,100.3194,100.313,100.3194,622
15:27,100.3126,100.313,100.3126,100.313,1030
15:28,100.3203,100.3203,100.3126,100.3126,1054
15:29,100.3192,100.3203,100.3192,100.3203,1597
15:30,100.3339,100.3339,100.3192,100.3192,1689
15:31,100.3407,100.3407,100.3339,100.3339,1361
15:32,100.3408,100.3408,100.3407,100.3407,1956
15:33,100.3544,100.3544,100.3408,100.3408,1643
15:34,100.3543,100.3544,100.3543,100.3544,1506
15:35,100.3654,100.3654,100.3543,100.3543,1671
15:36,100.378,100.378,100.3654,100.3654,1543
15:37,100.3881,100.3881,100.378,100.378,1505
15:38,100.4148,100.4148,100.3881,100.3881,1656
15:39,100.4072,100.4148,100.4072,100.4148,1288
15:40,100.3987,100.4072,100.3987,100.4072,2246
15:41,100.4021,100.4021,100.3987,100.3987,1518
15:42,100.4013,100.4021,100.4013,100.4021,3096
15:43,100.3998,100.4013,100.3998,100.4013,2244
15:44,100.3991,100.3998,100.3991,100.3998,2671
15:45,100.4162,100.4162,100.3991,100.3991,3354
15:46,100.4382,100.4382,100.4162,100.4162,3804
15:47,100.4508,100.4508,100.4382,100.4382,1871
15:48,100.458,100.458,100.4508,100.4508,3277
15:49,100.4898,100.4898,100.458,100.458,5216
15:50,100.4965,100.4965,100.4898,100.4898,2268
15:51,100.5173,100.5173,100.4965,100.4965,5160
15:52,100.5267,100.5267,100.5173,100.5173,2200
15:53,100.5285,100.5285,100.5267,100.5267,3711
15:54,100.5321,100.5321,100.5285,100.5285,5897
15:55,100.5438,100.5438,100.5321,100.5321,3531
15:56,100.5428,100.5438,100.5428,100.5438,4898
15:57,100.5499,100.5499,100.5428,100.5428,4511
15:58,100.5641,100.5641,100.5499,100.5499,14929
15:59,100.5653,100.5653,100.5641,100.5641,9667
