Time,Close,High,Low,Open,Volume
09:30,100.016,100.016,100.0015,100.0015,18689
09:31,100.0238,100.0238,100.016,100.016,10511
09:32,100.0503,100.0503,100.0238,100.0238,11775
09:33,100.0495,100.0503,100.0495,100.0503,16820
09:34,100.0593,100.0593,100.0495,100.0495,13466
09:35,100.0715,100.0715,100.0593,100.0593,4493
09:36,100.0639,100.0715,100.0639,100.0715,8147
09:37,100.0451,100.0639,100.0451,100.0639,5054
09:38,100.0534,100.0534,100.0451,100.0451,4718
09:39,100.0462,100.0534,100.0462,100.0534,5203
09:40,100.0563,100.0563,100.0462,100.0462,4357
09:41,100.0338,100.0563,100.0338,100.0563,6393
09:42,100.0558,100.0558,100.0338,100.0338,4619
09:43,100.068,100.068,100.0558,100.0558,3408
09:44,100.0549,100.068,100.0549,100.068,3544
09:45,100.0573,100.0573,100.0549,100.0549,3169
09:46,100.0561,100.0573,100.0561,100.0573,4457
09:47,100.0386,100.0561,100.0386,100.0561,2280
09:48,100.0296,100.0386,100.0296,100.0386,2567
09:49,100.0409,100.0409,100.0296,100.0296,1594
09:50,100.039,100.0409,100.039,100.0409,823
09:51,100.0458,100.0458,100.039,100.039,2423
09:52,100.0382,100.0458,100.0382,100.0458,2474
09:53,100.026,100.0382,100.026,100.0382,1331
09:54,100.0316,100.0316,100.026,100.026,3691
09:55,100.0284,100.0316,100.0284,100.0316,943
09:56,100.0306,100.0306,100.0284,100.0284,1539
09:57,100.0021,100.0306,100.0021,100.0306,1363
09:58,99.9942,100.0021,99.9942,100.0021,2420
09:59,99.9784,99.9942,99.9784,99.9942,2289
10:00,99.9719,99.9784,99.9719,99.9784,1393
10:01,99.983,99.983,99.9719,99.9719,1466
10:02,100.0013,100.0013,99.983,99.983,912
10:03,100.0091,100.0091,100.0013,100.0013,605
10:04,99.9963,100.0091,99.9963,100.0091,1056
10:05,100.0021,100.0021,99.9963,99.9963,1239
10:06,100.007,100.007,100.0021,100.0021,1782
10:07,99.999,100.007,99.999,100.007,1736
10:08,100.0012,100.0012,99.999,99.999,974
10:09,99.9982,100.0012,99.9982,100.0012,992
10:10,100.0018,100.0018,99.9982,99.9982,752
10:11,100.0017,100.0018,100.0017,100.0018,653
10:12,100.0228,100.0228,100.0017,100.0017,585
10:13,100.0185,100.0228,100.0185,100.0228,2120
10:14,100.0214,100.0214,100.0185,100.0185,880
10:15,100.0311,100.0311,100.0214,100.0214,897
10:16,100.034,100.034,100.0311,100.0311,668
10:17,100.0296,100.034,100.0296,100.034,1365
10:18,100.0317,100.0317,100.0296,100.0296,582
10:19,100.0055,100.0317,100.0055,100.0317,953
10:20,99.9985,100.0055,99.9985,100.0055,746
10:21,99.9992,99.9992,99.9985,99.9985,1171
10:22,99.9739,99.9992,99.9739,99.9992,850
10:23,99.9725,99.9739,99.9725,99.9739,668
10:24,99.9754,99.9754,99.9725,99.9725,1004
10:25,99.98,99.98,99.9754,99.9754,1178
10:26,100.0051,100.0051,99.98,99.98,1034
10:27,99.9743,100.0051,99.9743,100.0051,1123
10:28,99.9463,99.9743,99.9463,99.9743,805
10:29,99.9557,99.9557,99.9463,99.9463,885
10:30,99.9474,99.9557,99.9474,99.9557,792
10:31,99.9562,99.9562,99.9474,99.9474,885
10:32,99.948,99.9562,99.948,99.9562,753
10:33,99.9802,99.9802,99.948,99.948,544
10:34,99.9774,99.9802,99.9774,99.9802,1068
10:35,99.9645,99.9774,99.9645,99.9774,870
10:36,99.9545,99.9645,99.9545,99.9645,562
10:37,99.9577,99.9577,99.9545,99.9545,1181
10:38,99.9422,99.9577,99.9422,99.9577,726
10:39,99.9471,99.9471,99.9422,99.9422,1020
10:40,99.9351,99.9471,99.9351,99.9471,1297
10:41,99.9234,99.9351,99.9234,99.9351,1048
10:42,99.9101,99.9234,99.9101,99.9234,1499
10:43,99.9285,99.9285,99.9101,99.9101,646
10:44,99.9144,99.9285,99.9144,99.9285,1154
10:45,99.9152,99.9152,99.9144,99.9144,785
10:46,99.9272,99.9272,99.9152,99.9152,735
10:47,99.9242,99.9272,99.9242,99.9272,815
10:48,99.8942,99.9242,99.8942,99.9242,896
10:49,99.8796,99.8942,99.8796,99.8942,1020
10:50,99.9005,99.9005,99.8796,99.8796,662
10:51,99.8986,99.9005,99.8986,99.9005,1376
10:52,99.8861,99.8986,99.8861,99.8986,1180
10:53,99.8914,99.8914,99.8861,99.8861,580
10:54,99.8769,99.8914,99.8769,99.8914,1695
10:55,99.8811,99.8811,99.8769,99.8769,1958
10:56,99.8947,99.8947,99.8811,99.8811,1519
10:57,99.8992,99.8992,99.8947,99.8947,938
10:58,99.9178,99.9178,99.8992,99.8992,684
10:59,99.8911,99.9178,99.8911,99.9178,1453
11:00,99.879,99.8911,99.879,99.8911,867
11:01,99.8719,99.879,99.8719,99.879,1542
11:02,99.8629,99.8719,99.8629,99.8719,1077
11:03,99.864,99.864,99.8629,99.8629,1414
11:04,99.8697,99.8697,99.864,99.864,1135
11:05,99.8495,99.8697,99.8495,99.8697,1285
11:06,99.8354,99.8495,99.8354,99.8495,1004
11:07,99.8254,99.8354,99.8254,99.8354,1883
11:08,99.8408,99.8408,99.8254,99.8254,1046
11:09,99.8282,99.8408,99.8282,99.8408,1153
11:10,99.807,99.8282,99.807,99.8282,1949
11:11,99.7933,99.807,99.7933,99.807,620
11:12,99.8008,99.8008,99.7933,99.7933,637
11:13,99.7871,99.8008,99.7871,99.8008,1410
11:14,99.7977,99.7977,99.7871,99.7871,660
11:15,99.796,99.7977,99.796,99.7977,1992
11:16,99.7803,99.796,99.7803,99.796,864
11:17,99.7725,99.7803,99.7725,99.7803,767
11:18,99.7558,99.7725,99.7558,99.7725,1977
11:19,99.7443,99.7558,99.7443,99.7558,1690
11:20,99.7682,99.7682,99.7443,99.7443,1939
11:21,99.7457,99.7682,99.7457,99.7682,1379
11:22,99.7606,99.7606,99.7457,99.7457,737
11:23,99.7745,99.7745,99.7606,99.7606,1968
11:24,99.7653,99.7745,99.7653,99.7745,909
11:25,99.7878,99.7878,99.7653,99.7653,1329
11:26,99.7824,99.7878,99.7824,99.7878,1399
11:27,99.7551,99.7824,99.7551,99.7824,947
11:28,99.7634,99.7634,99.7551,99.7551,1243
11:29,99.73,99.7634,99.73,99.7634,1387
11:30,99.723,99.73,99.723,99.73,1143
11:31,99.7222,99.723,99.7222,99.723,677
11:32,99.709,99.7222,99.709,99.7222,1112
11:33,99.705,99.709,99.705,99.709,1600
11:34,99.6965,99.705,99.6965,99.705,782
11:35,99.694,99.6965,99.694,99.6965,948
11:36,99.6838,99.694,99.6838,99.694,857
11:37,99.6825,99.6838,99.6825,99.6838,1926
11:38,99.6587,99.6825,99.6587,99.6825,1269
11:39,99.6304,99.6587,99.6304,99.6587,1155
11:40,99.6374,99.6374,99.6304,99.6304,761
11:41,99.6215,99.6374,99.6215,99.6374,1211
11:42,99.6361,99.6361,99.6215,99.6215,787
11:43,99.6226,99.6361,99.6226,99.6361,1011
11:44,99.6324,99.6324,99.6226,99.6226,798
11:45,99.6542,99.6542,99.6324,99.6324,1271
11:46,99.6645,99.6645,99.6542,99.6542,1227
11:47,99.6503,99.6645,99.6503,99.6645,929
11:48,99.6654,99.6654,99.6503,99.6503,1151
11:49,99.7058,99.7058,99.6654,99.6654,679
11:50,99.7135,99.7135,99.7058,99.7058,589
11:51,99.6917,99.7135,99.6917,99.7135,1169
11:52,99.6762,99.6917,99.6762,99.6917,1061
11:53,99.6599,99.6762,99.6599,99.6762,1252
11:54,99.676,99.676,99.6599,99.6599,2328
11:55,99.6521,99.676,99.6521,99.676,1398
11:56,99.6363,99.6521,99.6363,99.6521,724
11:57,99.6279,99.6363,99.6279,99.6363,1486
11:58,99.6386,99.6386,99.6279,99.6279,627
11:59,99.6193,99.6386,99.6193,99.6386,849
12:00,99.6031,99.6193,99.6031,99.6193,976
12:01,99.5971,99.6031,99.5971,99.6031,1836
12:02,99.6024,99.6024,99.5971,99.5971,768
12:03,99.5977,99.6024,99.5977,99.6024,746
12:04,99.6167,99.6167,99.5977,99.5977,966
12:05,99.6108,99.6167,99.6108,99.6167,790
12:06,99.5995,99.6108,99.5995,99.6108,1491
12:07,99.6092,99.6092,99.5995,99.5995,682
12:08,99.5905,99.6092,99.5905,99.6092,666
12:09,99.5694,99.5905,99.5694,99.5905,856
12:10,99.5801,99.5801,99.5694,99.5694,838
12:11,99.5701,99.5801,99.5701,99.5801,1982
12:12,99.572,99.572,99.5701,99.5701,1400
12:13,99.5463,99.572,99.5463,99.572,1032
12:14,99.5344,99.5463,99.5344,99.5463,648
12:15,99.5203,99.5344,99.5203,99.5344,1349
12:16,99.5167,99.5203,99.5167,99.5203,701
12:17,99.5305,99.5305,99.5167,99.5167,578
12:18,99.5249,99.5305,99.5249,99.5305,1524
12:19,99.523,99.5249,99.523,99.5249,1119
12:20,99.5003,99.523,99.5003,99.523,1386
12:21,99.517,99.517,99.5003,99.5003,1120
12:22,99.5204,99.5204,99.517,99.517,1355
12:23,99.4807,99.5204,99.4807,99.5204,794
12:24,99.4754,99.4807,99.4754,99.4807,693
12:25,99.4705,99.4754,99.4705,99.4754,1273
12:26,99.4834,99.4834,99.4705,99.4705,752
12:27,99.4674,99.4834,99.4674,99.4834,783
12:28,99.4703,99.4703,99.4674,99.4674,851
12:29,99.4774,99.4774,99.4703,99.4703,1006
12:30,99.4877,99.4877,99.4774,99.4774,882
12:31,99.4943,99.4943,99.4877,99.4877,614
12:32,99.4858,99.4943,99.4858,99.4943,796
12:33,99.4913,99.4913,99.4858,99.4858,455
12:34,99.5178,99.5178,99.4913,99.4913,1248
12:35,99.4908,99.5178,99.4908,99.5178,567
12:36,99.4565,99.4908,99.4565,99.4908,676
12:37,99.453,99.4565,99.453,99.4565,1019
12:38,99.4556,99.4556,99.453,99.453,769
12:39,99.4465,99.4556,99.4465,99.4556,1728
12:40,99.4351,99.4465,99.4351,99.4465,632
12:41,99.4373,99.4373,99.4351,99.4351,1099
12:42,99.4381,99.4381,99.4373,99.4373,986
12:43,99.4153,99.4381,99.4153,99.4381,661
12:44,99.4176,99.4176,99.4153,99.4153,1204
12:45,99.4099,99.4176,99.4099,99.4176,941
12:46,99.3899,99.4099,99.3899,99.4099,1315
12:47,99.3616,99.3899,99.3616,99.3899,1339
12:48,99.3597,99.3616,99.3597,99.3616,2153
12:49,99.3429,99.3597,99.3429,99.3597,1606
12:50,99.3506,99.3506,99.3429,99.3429,877
12:51,99.3323,99.3506,99.3323,99.3506,919
12:52,99.3212,99.3323,99.3212,99.3323,1477
12:53,99.3055,99.3212,99.3055,99.3212,1261
12:54,99.3096,99.3096,99.3055,99.3055,1255
12:55,99.3074,99.3096,99.3074,99.3096,564
12:56,99.2726,99.3074,99.2726,99.3074,991
12:57,99.2633,99.2726,99.2633,99.2726,770
12:58,99.2637,99.2637,99.2633,99.2633,1104
12:59,99.2453,99.2637,99.2453,99.2637,966
13:00,99.214,99.2453,99.214,99.2453,1381
13:01,99.2168,99.2168,99.214,99.214,1119
13:02,99.2095,99.2168,99.2095,99.2168,1321
13:03,99.1866,99.2095,99.1866,99.2095,848
13:04,99.2132,99.2132,99.1866,99.1866,715
13:05,99.2224,99.2224,99.2132,99.2132,865
13:06,99.2073,99.2224,99.2073,99.2224,994
13:07,99.2167,99.2167,99.2073,99.2073,1144
13:08,99.2025,99.2167,99.2025,99.2167,2228
13:09,99.193,99.2025,99.193,99.2025,985
13:10,99.179,99.193,99.179,99.193,713
13:11,99.1697,99.179,99.1697,99.179,885
13:12,99.1856,99.1856,99.1697,99.1697,848
13:13,99.1743,99.1856,99.1743,99.1856,1186
13:14,99.1663,99.1743,99.1663,99.1743,579
13:15,99.1703,99.1703,99.1663,99.1663,1023
13:16,99.1461,99.1703,99.1461,99.1703,1057
13:17,99.1385,99.1461,99.1385,99.1461,1086
13:18,99.1599,99.1599,99.1385,99.1385,809
13:19,99.1817,99.1817,99.1599,99.1599,919
13:20,99.1827,99.1827,99.1817,99.1817,604
13:21,99.1837,99.1837,99.1827,99.1827,840
13:22,99.1833,99.1837,99.1833,99.1837,825
13:23,99.1568,99.1833,99.1568,99.1833,1159
13:24,99.1315,99.1568,99.1315,99.1568,664
13:25,99.1147,99.1315,99.1147,99.1315,1319
13:26,99.1251,99.1251,99.1147,99.1147,1699
13:27,99.1471,99.1471,99.1251,99.1251,480
13:28,99.1362,99.1471,99.1362,99.1471,1163
13:29,99.1424,99.1424,99.1362,99.1362,1271
13:30,99.1416,99.1424,99.1416,99.1424,798
13:31,99.1522,99.1522,99.1416,99.1416,869
13:32,99.1645,99.1645,99.1522,99.1522,954
13:33,99.1347,99.1645,99.1347,99.1645,900
13:34,99.1162,99.1347,99.1162,99.1347,896
13:35,99.1365,99.1365,99.1162,99.1162,552
13:36,99.1386,99.1386,99.1365,99.1365,1505
13:37,99.1251,99.1386,99.1251,99.1386,1466
13:38,99.1156,99.1251,99.1156,99.1251,750
13:39,99.0982,99.1156,99.0982,99.1156,595
13:40,99.0999,99.0999,99.0982,99.0982,1203
13:41,99.1237,99.1237,99.0999,99.0999,815
13:42,99.1247,99.1247,99.1237,99.1237,1052
13:43,99.1022,99.1247,99.1022,99.1247,893
13:44,99.1033,99.1033,99.1022,99.1022,1278
13:45,99.1114,99.1114,99.1033,99.1033,1279
13:46,99.0967,99.1114,99.0967,99.1114,773
13:47,99.0891,99.0967,99.0891,99.0967,612
13:48,99.0815,99.0891,99.0815,99.0891,571
13:49,99.0617,99.0815,99.0617,99.0815,1242
13:50,99.0449,99.0617,99.0449,99.0617,656
13:51,99.0504,99.0504,99.0449,99.0449,836
13:52,99.0438,99.0504,99.0438,99.0504,809
13:53,99.0365,99.0438,99.0365,99.0438,982
13:54,99.0478,99.0478,99.0365,99.0365,503
13:55,99.0518,99.0518,99.0478,99.0478,1069
13:56,99.0598,99.0598,99.0518,99.0518,1204
13:57,99.0685,99.0685,99.0598,99.0598,1032
13:58,99.0583,99.0685,99.0583,99.0685,896
13:59,99.0595,99.0595,99.0583,99.0583,1035
14:00,99.0557,99.0595,99.0557,99.0595,1152
14:01,99.0203,99.0557,99.0203,99.0557,374
14:02,99.051,99.051,99.0203,99.0203,2000
14:03,99.0447,99.051,99.0447,99.051,1148
14:04,99.048,99.048,99.0447,99.0447,794
14:05,99.0779,99.0779,99.048,99.048,871
14:06,99.0681,99.0779,99.0681,99.0779,1191
14:07,99.0642,99.0681,99.0642,99.0681,960
14:08,99.0513,99.0642,99.0513,99.0642,487
14:09,99.0425,99.0513,99.0425,99.0513,2079
14:10,99.0373,99.0425,99.0373,99.0425,962
14:11,99.0315,99.0373,99.0315,99.0373,1436
14:12,99.0444,99.0444,99.0315,99.0315,782
14:13,99.0406,99.0444,99.0406,99.0444,1724
14:14,99.0585,99.0585,99.0406,99.0406,1107
14:15,99.0442,99.0585,99.0442,99.0585,1241
14:16,99.0649,99.0649,99.0442,99.0442,690
14:17,99.097,99.097,99.0649,99.0649,1536
14:18,99.1161,99.1161,99.097,99.097,1277
14:19,99.1599,99.1599,99.1161,99.1161,1586
14:20,99.1863,99.1863,99.1599,99.1599,800
14:21,99.176,99.1863,99.176,99.1863,843
14:22,99.1776,99.1776,99.176,99.176,2263
14:23,99.1687,99.1776,99.1687,99.1776,687
14:24,99.1728,99.1728,99.1687,99.1687,953
14:25,99.1711,99.1728,99.1711,99.1728,1496
14:26,99.182,99.182,99.1711,99.1711,1035
14:27,99.1531,99.182,99.1531,99.182,1230
14:28,99.1534,99.1534,99.1531,99.1531,868
14:29,99.1607,99.1607,99.1534,99.1534,1140
14:30,99.1584,99.1607,99.1584,99.1607,629
14:31,99.1692,99.1692,99.1584,99.1584,1800
14:32,99.1737,99.1737,99.1692,99.1692,959
14:33,99.171,99.1737,99.171,99.1737,786
14:34,99.1642,99.171,99.1642,99.171,1267
14:35,99.1855,99.1855,99.1642,99.1642,849
14:36,99.1726,99.1855,99.1726,99.1855,623
14:37,99.1944,99.1944,99.1726,99.1726,620
14:38,99.2025,99.2025,99.1944,99.1944,1279
14:39,99.1968,99.2025,99.1968,99.2025,945
14:40,99.205,99.205,99.1968,99.1968,954
14:41,99.2198,99.2198,99.205,99.205,1466
14:42,99.2073,99.2198,99.2073,99.2198,671
14:43,99.2138,99.2138,99.2073,99.2073,772
14:44,99.2144,99.2144,99.2138,99.2138,873
14:45,99.2149,99.2149,99.2144,99.2144,1035
14:46,99.227,99.227,99.2149,99.2149,986
14:47,99.2411,99.2411,99.227,99.227,904
14:48,99.2367,99.2411,99.2367,99.2411,979
14:49,99.2385,99.2385,99.2367,99.2367,964
14:50,99.2407,99.2407,99.2385,99.2385,776
14:51,99.2462,99.2462,99.2407,99.2407,751
14:52,99.2652,99.2652,99.2462,99.2462,1104
14:53,99.2675,99.2675,99.2652,99.2652,731
14:54,99.2628,99.2675,99.2628,99.2675,665
14:55,99.2861,99.2861,99.2628,99.2628,898
14:56,99.2746,99.2861,99.2746,99.2861,949
14:57,99.2668,99.2746,99.2668,99.2746,2234
14:58,99.2797,99.2797,99.2668,99.2668,782
14:59,99.2699,99.2797,99.2699,99.2797,1404
15:00,99.2768,99.2768,99.2699,99.2699,1311
15:01,99.2916,99.2916,99.2768,99.2768,660
15:02,99.3086,99.3086,99.2916,99.2916,1326
15:03,99.3111,99.3111,99.3086,99.3086,663
15:04,99.2887,99.3111,99.2887,99.3111,394
15:05,99.3034,99.3034,99.2887,99.2887,1255
15:06,99.3361,99.3361,99.3034,99.3034,544
15:07,99.3399,99.3399,99.3361,99.3361,1192
15:08,99.3429,99.3429,99.3399,99.3399,799
15:09,99.3517,99.3517,99.3429,99.3429,1839
15:10,99.3711,99.3711,99.3517,99.3517,1496
15:11,99.41,99.41,99.3711,99.3711,875
15:12,99.423,99.423,99.41,99.41,808
15:13,99.4461,99.4461,99.423,99.423,674
15:14,99.4541,99.4541,99.4461,99.4461,891
15:15,99.4513,99.4541,99.4513,99.4541,948
15:16,99.4382,99.4513,99.4382,99.4513,926
15:17,99.4458,99.4458,99.4382,99.4382,1122
15:18,99.4567,99.4567,99.4458,99.4458,1314
15:19,99.4633,99.4633,99.4567,99.4567,1223
15:20,99.4613,99.4633,99.4613,99.4633,832
15:21,99.4488,99.4613,99.4488,99.4613,663
15:22,99.452,99.452,99.4488,99.4488,1813
15:23,99.4524,99.4524,99.452,99.452,888
15:24,99.4839,99.4839,99.4524,99.4524,914
15:25,99.491,99.491,99.4839,99.4839,974
15:26,99.5033,99.5033,99.491,99.491,622
15:27,99.5135,99.5135,99.5033,99.5033,1030
15:28,99.5233,99.5233,99.5135,99.5135,1054
15:29,99.5463,99.5463,99.5233,99.5233,1597
15:30,99.5735,99.5735,99.5463,99.5463,1689
15:31,99.595,99.595,99.5735,99.5735,1361
15:32,99.5993,99.5993,99.595,99.595,1956
15:33,99.6173,99.6173,99.5993,99.5993,1643
15:34,99.6405,99.6405,99.6173,99.6173,1506
15:35,99.6376,99.6405,99.6376,99.6405,1671
15:36,99.6459,99.6459,99.6376,99.6376,1543
15:37,99.682,99.682,99.6459,99.6459,1505
15:38,99.7095,99.7095,99.682,99.682,1656
15:39,99.7475,99.7475,99.7095,99.7095,1288
15:40,99.7561,99.7561,99.7475,99.7475,2246
15:41,99.7404,99.7561,99.7404,99.7561,1518
15:42,99.7625,99.7625,99.7404,99.7404,3096
15:43,99.7755,99.7755,99.7625,99.7625,2244
15:44,99.7767,99.7767,99.7755,99.7755,2671
15:45,99.7823,99.7823,99.7767,99.7767,3354
15:46,99.785,99.785,99.7823,99.7823,3804
15:47,99.7872,99.7872,99.785,99.785,1871
15:48,99.8233,99.8233,99.7872,99.7872,3277
15:49,99.8416,99.8416,99.8233,99.8233,5216
15:50,99.8374,99.8416,99.8374,99.8416,2268
15:51,99.8358,99.8374,99.8358,99.8374,5160
15:52,99.8076,99.8358,99.8076,99.8358,2200
15:53,99.8261,99.8261,99.8076,99.8076,3711
15:54,99.8406,99.8406,99.8261,99.8261,5897
15:55,99.8304,99.8406,99.8304,99.8406,3531
15:56,99.8391,99.8391,99.8304,99.8304,4898
15:57,99.7993,99.8391,99.7993,99.8391,4511
15:58,99.7714,99.7993,99.7714,99.7993,14929
15:59,99.7739,99.7739,99.7714,99.7714,9667
