Time,Close,High,Low,Open,Volume
09:30,99.839,99.9514,99.839,99.9514,18689
09:31,99.8444,99.8444,99.839,99.839,10511
09:32,99.8307,99.8444,99.8307,99.8444,11775
09:33,99.7449,99.8307,99.7449,99.8307,16820
09:34,99.7031,99.7449,99.7031,99.7449,13466
09:35,99.8013,99.8013,99.7031,99.7031,4493
09:36,99.7614,99.8013,99.7614,99.8013,8147
09:37,99.971,99.971,99.7614,99.7614,5054
09:38,100.1176,100.1176,99.971,99.971,4718
09:39,100.0028,100.1176,100.0028,100.1176,5203
09:40,100.1258,100.1258,100.0028,100.0028,4357
09:41,100.3414,100.3414,100.1258,100.1258,6393
09:42,100.228,100.3414,100.228,100.3414,4619
09:43,100.0526,100.228,100.0526,100.228,3408
09:44,100.0756,100.0756,100.0526,100.0526,3544
09:45,100.1312,100.1312,100.0756,100.0756,3169
09:46,100.4554,100.4554,100.1312,100.1312,4457
09:47,100.2708,100.4554,100.2708,100.4554,2280
09:48,100.306,100.306,100.2708,100.2708,2567
09:49,100.1924,100.306,100.1924,100.306,1594
09:50,100.2677,100.2677,100.1924,100.1924,823
09:51,100.2598,100.2677,100.2598,100.2677,2423
09:52,100.3312,100.3312,100.2598,100.2598,2474
09:53,100.341,100.341,100.3312,100.3312,1331
09:54,100.4324,100.4324,100.341,100.341,3691
09:55,100.5867,100.5867,100.4324,100.4324,943
09:56,100.6642,100.6642,100.5867,100.5867,1539
09:57,100.546,100.6642,100.546,100.6642,1363
09:58,100.5388,100.546,100.5388,100.546,2420
09:59,100.5995,100.5995,100.5388,100.5388,2289
10:00,100.4798,100.5995,100.4798,100.5995,1393
10:01,100.4004,100.4798,100.4004,100.4798,1466
10:02,100.392,100.4004,100.392,100.4004,912
10:03,100.1324,100.392,100.1324,100.392,605
10:04,100.0122,100.1324,100.0122,100.1324,1056
10:05,99.9283,100.0122,99.9283,100.0122,1239
10:06,100.0442,100.0442,99.9283,99.9283,1782
10:07,100.0826,100.0826,100.0442,100.0442,1736
10:08,100.3134,100.3134,100.0826,100.0826,974
10:09,100.5755,100.5755,100.3134,100.3134,992
10:10,100.5112,100.5755,100.5112,100.5755,752
10:11,100.5385,100.5385,100.5112,100.5112,653
10:12,100.7384,100.7384,100.5385,100.5385,585
10:13,100.5743,100.7384,100.5743,100.7384,2120
10:14,100.4938,100.5743,100.4938,100.5743,880
10:15,100.3244,100.4938,100.3244,100.4938,897
10:16,100.0189,100.3244,100.0189,100.3244,668
10:17,100.1995,100.1995,100.0189,100.0189,1365
10:18,100.234,100.234,100.1995,100.1995,582
10:19,100.2944,100.2944,100.234,100.234,953
10:20,100.2084,100.2944,100.2084,100.2944,746
10:21,100.223,100.223,100.2084,100.2084,1171
10:22,100.2085,100.223,100.2085,100.223,850
10:23,100.219,100.219,100.2085,100.2085,668
10:24,100.2345,100.2345,100.219,100.219,1004
10:25,100.3514,100.3514,100.2345,100.2345,1178
10:26,100.4331,100.4331,100.3514,100.3514,1034
10:27,100.6229,100.6229,100.4331,100.4331,1123
10:28,100.5671,100.6229,100.5671,100.6229,805
10:29,100.5657,100.5671,100.5657,100.5671,885
10:30,100.4267,100.5657,100.4267,100.5657,792
10:31,100.3991,100.4267,100.3991,100.4267,885
10:32,100.2569,100.3991,100.2569,100.3991,753
10:33,100.3863,100.3863,100.2569,100.2569,544
10:34,100.3883,100.3883,100.3863,100.3863,1068
10:35,100.2482,100.3883,100.2482,100.3883,870
10:36,100.3456,100.3456,100.2482,100.2482,562
10:37,100.1245,100.3456,100.1245,100.3456,1181
10:38,99.9962,100.1245,99.9962,100.1245,726
10:39,100.2565,100.2565,99.9962,99.9962,1020
10:40,100.1149,100.2565,100.1149,100.2565,1297
10:41,100.0841,100.1149,100.0841,100.1149,1048
10:42,100.0969,100.0969,100.0841,100.0841,1499
10:43,99.9859,100.0969,99.9859,100.0969,646
10:44,99.895,99.9859,99.895,99.9859,1154
10:45,99.7787,99.895,99.7787,99.895,785
10:46,99.593,99.7787,99.593,99.7787,735
10:47,99.5842,99.593,99.5842,99.593,815
10:48,99.6953,99.6953,99.5842,99.5842,896
10:49,99.6817,99.6953,99.6817,99.6953,1020
10:50,99.4133,99.6817,99.4133,99.6817,662
10:51,99.5571,99.5571,99.4133,99.4133,1376
10:52,99.705,99.705,99.5571,99.5571,1180
10:53,99.7826,99.7826,99.705,99.705,580
10:54,99.9043,99.9043,99.7826,99.7826,1695
10:55,99.9631,99.9631,99.9043,99.9043,1958
10:56,99.9115,99.9631,99.9115,99.9631,1519
10:57,99.8128,99.9115,99.8128,99.9115,938
10:58,99.5367,99.8128,99.5367,99.8128,684
10:59,99.3866,99.5367,99.3866,99.5367,1453
11:00,99.4194,99.4194,99.3866,99.3866,867
11:01,99.1985,99.4194,99.1985,99.4194,1542
11:02,99.1982,99.1985,99.1982,99.1985,1077
11:03,99.261,99.261,99.1982,99.1982,1414
11:04,99.3031,99.3031,99.261,99.261,1135
11:05,99.3197,99.3197,99.3031,99.3031,1285
11:06,99.2363,99.3197,99.2363,99.3197,1004
11:07,99.5088,99.5088,99.2363,99.2363,1883
11:08,99.6446,99.6446,99.5088,99.5088,1046
11:09,99.6484,99.6484,99.6446,99.6446,1153
11:10,99.5397,99.6484,99.5397,99.6484,1949
11:11,99.5478,99.5478,99.5397,99.5397,620
11:12,99.5271,99.5478,99.5271,99.5478,637
11:13,99.4721,99.5271,99.4721,99.5271,1410
11:14,99.366,99.4721,99.366,99.4721,660
11:15,99.5788,99.5788,99.366,99.366,1992
11:16,99.611,99.611,99.5788,99.5788,864
11:17,99.9542,99.9542,99.611,99.611,767
11:18,100.0108,100.0108,99.9542,99.9542,1977
11:19,100.0814,100.0814,100.0108,100.0108,1690
11:20,100.0157,100.0814,100.0157,100.0814,1939
11:21,100.0217,100.0217,100.0157,100.0157,1379
11:22,100.0139,100.0217,100.0139,100.0217,737
11:23,100.032,100.032,100.0139,100.0139,1968
11:24,99.9644,100.032,99.9644,100.032,909
11:25,99.8396,99.9644,99.8396,99.9644,1329
11:26,99.9744,99.9744,99.8396,99.8396,1399
11:27,99.9154,99.9744,99.9154,99.9744,947
11:28,100.0733,100.0733,99.9154,99.9154,1243
11:29,100.0583,100.0733,100.0583,100.0733,1387
11:30,99.8689,100.0583,99.8689,100.0583,1143
11:31,99.7862,99.8689,99.7862,99.8689,677
11:32,99.7028,99.7862,99.7028,99.7862,1112
11:33,99.5996,99.7028,99.5996,99.7028,1600
11:34,99.6144,99.6144,99.5996,99.5996,782
11:35,99.5563,99.6144,99.5563,99.6144,948
11:36,99.6099,99.6099,99.5563,99.5563,857
11:37,99.3678,99.6099,99.3678,99.6099,1926
11:38,99.3303,99.3678,99.3303,99.3678,1269
11:39,99.2076,99.3303,99.2076,99.3303,1155
11:40,99.2076,99.2076,99.2076,99.2076,761
11:41,99.2082,99.2082,99.2076,99.2076,1211
11:42,99.0674,99.2082,99.0674,99.2082,787
11:43,99.2407,99.2407,99.0674,99.0674,1011
11:44,99.3018,99.3018,99.2407,99.2407,798
11:45,99.4572,99.4572,99.3018,99.3018,1271
11:46,99.4954,99.4954,99.4572,99.4572,1227
11:47,99.3639,99.4954,99.3639,99.4954,929
11:48,99.3421,99.3639,99.3421,99.3639,1151
11:49,99.5321,99.5321,99.3421,99.3421,679
11:50,99.4107,99.5321,99.4107,99.5321,589
11:51,99.3609,99.4107,99.3609,99.4107,1169
11:52,99.4551,99.4551,99.3609,99.3609,1061
11:53,99.5094,99.5094,99.4551,99.4551,1252
11:54,99.6172,99.6172,99.5094,99.5094,2328
11:55,99.658,99.658,99.6172,99.6172,1398
11:56,99.7548,99.7548,99.658,99.658,724
11:57,99.8277,99.8277,99.7548,99.7548,1486
11:58,99.6748,99.8277,99.6748,99.8277,627
11:59,99.5584,99.6748,99.5584,99.6748,849
12:00,99.5098,99.5584,99.5098,99.5584,976
12:01,99.6606,99.6606,99.5098,99.5098,1836
12:02,99.5209,99.6606,99.5209,99.6606,768
12:03,99.2604,99.5209,99.2604,99.5209,746
12:04,99.0699,99.2604,99.0699,99.2604,966
12:05,99.2797,99.2797,99.0699,99.0699,790
12:06,99.3344,99.3344,99.2797,99.2797,1491
12:07,99.219,99.3344,99.219,99.3344,682
12:08,99.2689,99.2689,99.219,99.219,666
12:09,99.1894,99.2689,99.1894,99.2689,856
12:10,99.2204,99.2204,99.1894,99.1894,838
12:11,99.2577,99.2577,99.2204,99.2204,1982
12:12,99.4849,99.4849,99.2577,99.2577,1400
12:13,99.36,99.4849,99.36,99.4849,1032
12:14,99.5841,99.5841,99.36,99.36,648
12:15,99.7955,99.7955,99.5841,99.5841,1349
12:16,99.5628,99.7955,99.5628,99.7955,701
12:17,99.6122,99.6122,99.5628,99.5628,578
12:18,99.7013,99.7013,99.6122,99.6122,1524
12:19,99.7601,99.7601,99.7013,99.7013,1119
12:20,99.7633,99.7633,99.7601,99.7601,1386
12:21,99.8395,99.8395,99.7633,99.7633,1120
12:22,99.7336,99.8395,99.7336,99.8395,1355
12:23,99.8035,99.8035,99.7336,99.7336,794
12:24,99.788,99.8035,99.788,99.8035,693
12:25,100.0494,100.0494,99.788,99.788,1273
12:26,100.1844,100.1844,100.0494,100.0494,752
12:27,100.0661,100.1844,100.0661,100.1844,783
12:28,100.0026,100.0661,100.0026,100.0661,851
12:29,100.2992,100.2992,100.0026,100.0026,1006
12:30,100.5793,100.5793,100.2992,100.2992,882
12:31,100.4185,100.5793,100.4185,100.5793,614
12:32,100.2576,100.4185,100.2576,100.4185,796
12:33,100.1683,100.2576,100.1683,100.2576,455
12:34,100.1133,100.1683,100.1133,100.1683,1248
12:35,100.1913,100.1913,100.1133,100.1133,567
12:36,100.31,100.31,100.1913,100.1913,676
12:37,100.0953,100.31,100.0953,100.31,1019
12:38,100.2303,100.2303,100.0953,100.0953,769
12:39,100.1471,100.2303,100.1471,100.2303,1728
12:40,100.1009,100.1471,100.1009,100.1471,632
12:41,100.0837,100.1009,100.0837,100.1009,1099
12:42,100.041,100.0837,100.041,100.0837,986
12:43,99.9844,100.041,99.9844,100.041,661
12:44,99.9584,99.9844,99.9584,99.9844,1204
12:45,100.1934,100.1934,99.9584,99.9584,941
12:46,100.074,100.1934,100.074,100.1934,1315
12:47,100.0446,100.074,100.0446,100.074,1339
12:48,99.8262,100.0446,99.8262,100.0446,2153
12:49,99.8623,99.8623,99.8262,99.8262,1606
12:50,99.9337,99.9337,99.8623,99.8623,877
12:51,99.9808,99.9808,99.9337,99.9337,919
12:52,100.1004,100.1004,99.9808,99.9808,1477
12:53,100.0272,100.1004,100.0272,100.1004,1261
12:54,100.1012,100.1012,100.0272,100.0272,1255
12:55,100.3936,100.3936,100.1012,100.1012,564
12:56,100.3351,100.3936,100.3351,100.3936,991
12:57,100.2117,100.3351,100.2117,100.3351,770
12:58,100.1064,100.2117,100.1064,100.2117,1104
12:59,100.2065,100.2065,100.1064,100.1064,966
13:00,100.2508,100.2508,100.2065,100.2065,1381
13:01,100.432,100.432,100.2508,100.2508,1119
13:02,100.3696,100.432,100.3696,100.432,1321
13:03,100.2993,100.3696,100.2993,100.3696,848
13:04,100.1969,100.2993,100.1969,100.2993,715
13:05,100.3235,100.3235,100.1969,100.1969,865
13:06,100.3171,100.3235,100.3171,100.3235,994
13:07,100.2768,100.3171,100.2768,100.3171,1144
13:08,100.1209,100.2768,100.1209,100.2768,2228
13:09,100.0243,100.1209,100.0243,100.1209,985
13:10,99.9861,100.0243,99.9861,100.0243,713
13:11,99.8412,99.9861,99.8412,99.9861,885
13:12,99.7014,99.8412,99.7014,99.8412,848
13:13,99.9173,99.9173,99.7014,99.7014,1186
13:14,99.7963,99.9173,99.7963,99.9173,579
13:15,99.5373,99.7963,99.5373,99.7963,1023
13:16,99.4982,99.5373,99.4982,99.5373,1057
13:17,99.2426,99.4982,99.2426,99.4982,1086
13:18,99.3201,99.3201,99.2426,99.2426,809
13:19,99.4003,99.4003,99.3201,99.3201,919
13:20,99.4836,99.4836,99.4003,99.4003,604
13:21,99.5974,99.5974,99.4836,99.4836,840
13:22,99.6252,99.6252,99.5974,99.5974,825
13:23,99.521,99.6252,99.521,99.6252,1159
13:24,99.5154,99.521,99.5154,99.521,664
13:25,99.4752,99.5154,99.4752,99.5154,1319
13:26,99.4244,99.4752,99.4244,99.4752,1699
13:27,99.4547,99.4547,99.4244,99.4244,480
13:28,99.3748,99.4547,99.3748,99.4547,1163
13:29,99.4129,99.4129,99.3748,99.3748,1271
13:30,99.3815,99.4129,99.3815,99.4129,798
13:31,99.4712,99.4712,99.3815,99.3815,869
13:32,99.4554,99.4712,99.4554,99.4712,954
13:33,99.4022,99.4554,99.4022,99.4554,900
13:34,99.2146,99.4022,99.2146,99.4022,896
13:35,99.3517,99.3517,99.2146,99.2146,552
13:36,99.2539,99.3517,99.2539,99.3517,1505
13:37,99.112,99.2539,99.112,99.2539,1466
13:38,99.1244,99.1244,99.112,99.112,750
13:39,99.212,99.212,99.1244,99.1244,595
13:40,99.1497,99.212,99.1497,99.212,1203
13:41,99.068,99.1497,99.068,99.1497,815
13:42,99.1648,99.1648,99.068,99.068,1052
13:43,99.0573,99.1648,99.0573,99.1648,893
13:44,99.0761,99.0761,99.0573,99.0573,1278
13:45,98.8346,99.0761,98.8346,99.0761,1279
13:46,98.5581,98.8346,98.5581,98.8346,773
13:47,98.7251,98.7251,98.5581,98.5581,612
13:48,98.7053,98.7251,98.7053,98.7251,571
13:49,98.587,98.7053,98.587,98.7053,1242
13:50,98.5104,98.587,98.5104,98.587,656
13:51,98.6253,98.6253,98.5104,98.5104,836
13:52,98.566,98.6253,98.566,98.6253,809
13:53,98.4754,98.566,98.4754,98.566,982
13:54,98.4247,98.4754,98.4247,98.4754,503
13:55,98.4147,98.4247,98.4147,98.4247,1069
13:56,98.2537,98.4147,98.2537,98.4147,1204
13:57,98.3291,98.3291,98.2537,98.2537,1032
13:58,98.6232,98.6232,98.3291,98.3291,896
13:59,98.5946,98.6232,98.5946,98.6232,1035
14:00,98.6077,98.6077,98.5946,98.5946,1152
14:01,98.682,98.682,98.6077,98.6077,374
14:02,98.8051,98.8051,98.682,98.682,2000
14:03,98.903,98.903,98.8051,98.8051,1148
14:04,98.7515,98.903,98.7515,98.903,794
14:05,98.8752,98.8752,98.7515,98.7515,871
14:06,98.933,98.933,98.8752,98.8752,1191
14:07,98.7898,98.933,98.7898,98.933,960
14:08,98.7542,98.7898,98.7542,98.7898,487
14:09,98.5886,98.7542,98.5886,98.7542,2079
14:10,98.5284,98.5886,98.5284,98.5886,962
14:11,98.6667,98.6667,98.5284,98.5284,1436
14:12,98.72,98.72,98.6667,98.6667,782
14:13,98.7537,98.7537,98.72,98.72,1724
14:14,98.8699,98.8699,98.7537,98.7537,1107
14:15,99.0756,99.0756,98.8699,98.8699,1241
14:16,99.0065,99.0756,99.0065,99.0756,690
14:17,99.023,99.023,99.0065,99.0065,1536
14:18,99.1468,99.1468,99.023,99.023,1277
14:19,99.1975,99.1975,99.1468,99.1468,1586
14:20,99.1892,99.1975,99.1892,99.1975,800
14:21,99.3653,99.3653,99.1892,99.1892,843
14:22,99.3851,99.3851,99.3653,99.3653,2263
14:23,99.4061,99.4061,99.3851,99.3851,687
14:24,99.3669,99.4061,99.3669,99.4061,953
14:25,99.1299,99.3669,99.1299,99.3669,1496
14:26,98.9387,99.1299,98.9387,99.1299,1035
14:27,98.8512,98.9387,98.8512,98.9387,1230
14:28,98.8709,98.8709,98.8512,98.8512,868
14:29,98.7755,98.8709,98.7755,98.8709,1140
14:30,98.6522,98.7755,98.6522,98.7755,629
14:31,98.5626,98.6522,98.5626,98.6522,1800
14:32,98.5135,98.5626,98.5135,98.5626,959
14:33,98.2515,98.5135,98.2515,98.5135,786
14:34,98.375,98.375,98.2515,98.2515,1267
14:35,98.1809,98.375,98.1809,98.375,849
14:36,97.9818,98.1809,97.9818,98.1809,623
14:37,97.9833,97.9833,97.9818,97.9818,620
14:38,97.9735,97.9833,97.9735,97.9833,1279
14:39,98.1364,98.1364,97.9735,97.9735,945
14:40,98.2548,98.2548,98.1364,98.1364,954
14:41,98.2109,98.2548,98.2109,98.2548,1466
14:42,98.4425,98.4425,98.2109,98.2109,671
14:43,98.3465,98.4425,98.3465,98.4425,772
14:44,98.374,98.374,98.3465,98.3465,873
14:45,98.4346,98.4346,98.374,98.374,1035
14:46,98.5164,98.5164,98.4346,98.4346,986
14:47,98.5282,98.5282,98.5164,98.5164,904
14:48,98.4874,98.5282,98.4874,98.5282,979
14:49,98.4661,98.4874,98.4661,98.4874,964
14:50,98.447,98.4661,98.447,98.4661,776
14:51,98.6254,98.6254,98.447,98.447,751
14:52,98.5147,98.6254,98.5147,98.6254,1104
14:53,98.5297,98.5297,98.5147,98.5147,731
14:54,98.7673,98.7673,98.5297,98.5297,665
14:55,98.5933,98.7673,98.5933,98.7673,898
14:56,98.5613,98.5933,98.5613,98.5933,949
14:57,98.5648,98.5648,98.5613,98.5613,2234
14:58,98.3579,98.5648,98.3579,98.5648,782
14:59,98.4659,98.4659,98.3579,98.3579,1404
15:00,98.3485,98.4659,98.3485,98.4659,1311
15:01,98.1403,98.3485,98.1403,98.3485,660
15:02,98.118,98.1403,98.118,98.1403,1326
15:03,98.1372,98.1372,98.118,98.118,663
15:04,98.3963,98.3963,98.1372,98.1372,394
15:05,98.2741,98.3963,98.2741,98.3963,1255
15:06,98.1765,98.2741,98.1765,98.2741,544
15:07,98.0432,98.1765,98.0432,98.1765,1192
15:08,98.1583,98.1583,98.0432,98.0432,799
15:09,97.971,98.1583,97.971,98.1583,1839
15:10,98.0488,98.0488,97.971,97.971,1496
15:11,97.9986,98.0488,97.9986,98.0488,875
15:12,97.6767,97.9986,97.6767,97.9986,808
15:13,97.4175,97.6767,97.4175,97.6767,674
15:14,97.5133,97.5133,97.4175,97.4175,891
15:15,97.5185,97.5185,97.5133,97.5133,948
15:16,97.5396,97.5396,97.5185,97.5185,926
15:17,97.5288,97.5396,97.5288,97.5396,1122
15:18,97.4682,97.5288,97.4682,97.5288,1314
15:19,97.718,97.718,97.4682,97.4682,1223
15:20,97.8673,97.8673,97.718,97.718,832
15:21,98.0763,98.0763,97.8673,97.8673,663
15:22,98.2953,98.2953,98.0763,98.0763,1813
15:23,98.2105,98.2953,98.2105,98.2953,888
15:24,98.1469,98.2105,98.1469,98.2105,914
15:25,98.1551,98.1551,98.1469,98.1469,974
15:26,98.1901,98.1901,98.1551,98.1551,622
15:27,98.0653,98.1901,98.0653,98.1901,1030
15:28,98.1148,98.1148,98.0653,98.0653,1054
15:29,97.952,98.1148,97.952,98.1148,1597
15:30,98.0123,98.0123,97.952,97.952,1689
15:31,97.7997,98.0123,97.7997,98.0123,1361
15:32,97.8038,97.8038,97.7997,97.7997,1956
15:33,97.9664,97.9664,97.8038,97.8038,1643
15:34,98.2325,98.2325,97.9664,97.9664,1506
15:35,98.0957,98.2325,98.0957,98.2325,1671
15:36,98.2947,98.2947,98.0957,98.0957,1543
15:37,98.0918,98.2947,98.0918,98.2947,1505
15:38,98.0602,98.0918,98.0602,98.0918,1656
15:39,97.9589,98.0602,97.9589,98.0602,1288
15:40,97.923,97.9589,97.923,97.9589,2246
15:41,97.7772,97.923,97.7772,97.923,1518
15:42,97.6884,97.7772,97.6884,97.7772,3096
15:43,97.7472,97.7472,97.6884,97.6884,2244
15:44,97.6766,97.7472,97.6766,97.7472,2671
15:45,97.4474,97.6766,97.4474,97.6766,3354
15:46,97.3354,97.4474,97.3354,97.4474,3804
15:47,97.2775,97.3354,97.2775,97.3354,1871
15:48,97.2611,97.2775,97.2611,97.2775,3277
15:49,97.3976,97.3976,97.2611,97.2611,5216
15:50,97.4341,97.4341,97.3976,97.3976,2268
15:51,97.5561,97.5561,97.4341,97.4341,5160
15:52,97.6178,97.6178,97.5561,97.5561,2200
15:53,97.7015,97.7015,97.6178,97.6178,3711
15:54,97.9305,97.9305,97.7015,97.7015,5897
15:55,97.9739,97.9739,97.9305,97.9305,3531
15:56,98.2583,98.2583,97.9739,97.9739,4898
15:57,98.3054,98.3054,98.2583,98.2583,4511
15:58,98.4772,98.4772,98.3054,98.3054,14929
15:59,98.5377,98.5377,98.4772,98.4772,9667
