Time,Close,High,Low,Open,Volume
09:30,99.7572,99.9239,99.7572,99.9239,18689
09:31,99.6471,99.7572,99.6471,99.7572,10511
09:32,99.6889,99.6889,99.6471,99.6471,11775
09:33,99.6264,99.6889,99.6264,99.6889,16820
09:34,99.5771,99.6264,99.5771,99.6264,13466
09:35,99.5,99.5771,99.5,99.5771,4493
09:36,99.5494,99.5494,99.5,99.5,8147
09:37,99.687,99.687,99.5494,99.5494,5054
09:38,99.6159,99.687,99.6159,99.687,4718
09:39,99.6146,99.6159,99.6146,99.6159,5203
09:40,99.6871,99.6871,99.6146,99.6146,4357
09:41,99.6763,99.6871,99.6763,99.6871,6393
09:42,99.7581,99.7581,99.6763,99.6763,4619
09:43,99.8402,99.8402,99.7581,99.7581,3408
09:44,99.7968,99.8402,99.7968,99.8402,3544
09:45,99.9597,99.9597,99.7968,99.7968,3169
09:46,100.1065,100.1065,99.9597,99.9597,4457
09:47,100.1756,100.1756,100.1065,100.1065,2280
09:48,100.1505,100.1756,100.1505,100.1756,2567
09:49,100.2623,100.2623,100.1505,100.1505,1594
09:50,100.3298,100.3298,100.2623,100.2623,823
09:51,100.2251,100.3298,100.2251,100.3298,2423
09:52,100.2853,100.2853,100.2251,100.2251,2474
09:53,100.2051,100.2853,100.2051,100.2853,1331
09:54,100.1562,100.2051,100.1562,100.2051,3691
09:55,100.1174,100.1562,100.1174,100.1562,943
09:56,100.1882,100.1882,100.1174,100.1174,1539
09:57,100.2411,100.2411,100.1882,100.1882,1363
09:58,100.2181,100.2411,100.2181,100.2411,2420
09:59,100.2294,100.2294,100.2181,100.2181,2289
10:00,100.2689,100.2689,100.2294,100.2294,1393
10:01,100.2165,100.2689,100.2165,100.2689,1466
10:02,100.2952,100.2952,100.2165,100.2165,912
10:03,100.16,100.2952,100.16,100.2952,605
10:04,100.2945,100.2945,100.16,100.16,1056
10:05,100.3371,100.3371,100.2945,100.2945,1239
10:06,100.461,100.461,100.3371,100.3371,1782
10:07,100.4416,100.461,100.4416,100.461,1736
10:08,100.4674,100.4674,100.4416,100.4416,974
10:09,100.5346,100.5346,100.4674,100.4674,992
10:10,100.6337,100.6337,100.5346,100.5346,752
10:11,100.6217,100.6337,100.6217,100.6337,653
10:12,100.6167,100.6217,100.6167,100.6217,585
10:13,100.6339,100.6339,100.6167,100.6167,2120
10:14,100.768,100.768,100.6339,100.6339,880
10:15,100.7224,100.768,100.7224,100.768,897
10:16,100.581,100.7224,100.581,100.7224,668
10:17,100.3892,100.581,100.3892,100.581,1365
10:18,100.1749,100.3892,100.1749,100.3892,582
10:19,100.1134,100.1749,100.1134,100.1749,953
10:20,100.1396,100.1396,100.1134,100.1134,746
10:21,100.0845,100.1396,100.0845,100.1396,1171
10:22,100.204,100.204,100.0845,100.0845,850
10:23,100.0519,100.204,100.0519,100.204,668
10:24,100.0978,100.0978,100.0519,100.0519,1004
10:25,100.1282,100.1282,100.0978,100.0978,1178
10:26,100.1887,100.1887,100.1282,100.1282,1034
10:27,100.1745,100.1887,100.1745,100.1887,1123
10:28,100.1747,100.1747,100.1745,100.1745,805
10:29,100.162,100.1747,100.162,100.1747,885
10:30,99.9781,100.162,99.9781,100.162,792
10:31,99.9449,99.9781,99.9449,99.9781,885
10:32,99.9049,99.9449,99.9049,99.9449,753
10:33,99.8687,99.9049,99.8687,99.9049,544
10:34,99.9637,99.9637,99.8687,99.8687,1068
10:35,99.8257,99.9637,99.8257,99.9637,870
10:36,99.7422,99.8257,99.7422,99.8257,562
10:37,99.6293,99.7422,99.6293,99.7422,1181
10:38,99.6461,99.6461,99.6293,99.6293,726
10:39,99.5792,99.6461,99.5792,99.6461,1020
10:40,99.6008,99.6008,99.5792,99.5792,1297
10:41,99.4837,99.6008,99.4837,99.6008,1048
10:42,99.5152,99.5152,99.4837,99.4837,1499
10:43,99.5345,99.5345,99.5152,99.5152,646
10:44,99.563,99.563,99.5345,99.5345,1154
10:45,99.5571,99.563,99.5571,99.563,785
10:46,99.5254,99.5571,99.5254,99.5571,735
10:47,99.4637,99.5254,99.4637,99.5254,815
10:48,99.3983,99.4637,99.3983,99.4637,896
10:49,99.4906,99.4906,99.3983,99.3983,1020
10:50,99.5758,99.5758,99.4906,99.4906,662
10:51,99.5039,99.5758,99.5039,99.5758,1376
10:52,99.6173,99.6173,99.5039,99.5039,1180
10:53,99.5192,99.6173,99.5192,99.6173,580
10:54,99.518,99.5192,99.518,99.5192,1695
10:55,99.4189,99.518,99.4189,99.518,1958
10:56,99.4893,99.4893,99.4189,99.4189,1519
10:57,99.6612,99.6612,99.4893,99.4893,938
10:58,99.8514,99.8514,99.6612,99.6612,684
10:59,99.9755,99.9755,99.8514,99.8514,1453
11:00,99.7923,99.9755,99.7923,99.9755,867
11:01,99.7354,99.7923,99.7354,99.7923,1542
11:02,99.6973,99.7354,99.6973,99.7354,1077
11:03,99.7152,99.7152,99.6973,99.6973,1414
11:04,99.6962,99.7152,99.6962,99.7152,1135
11:05,99.5795,99.6962,99.5795,99.6962,1285
11:06,99.5621,99.5795,99.5621,99.5795,1004
11:07,99.5473,99.5621,99.5473,99.5621,1883
11:08,99.7125,99.7125,99.5473,99.5473,1046
11:09,99.7756,99.7756,99.7125,99.7125,1153
11:10,99.843,99.843,99.7756,99.7756,1949
11:11,100.0012,100.0012,99.843,99.843,620
11:12,100.0466,100.0466,100.0012,100.0012,637
11:13,100.0266,100.0466,100.0266,100.0466,1410
11:14,100.1256,100.1256,100.0266,100.0266,660
11:15,100.1709,100.1709,100.1256,100.1256,1992
11:16,100.2412,100.2412,100.1709,100.1709,864
11:17,100.2737,100.2737,100.2412,100.2412,767
11:18,100.2289,100.2737,100.2289,100.2737,1977
11:19,100.33,100.33,100.2289,100.2289,1690
11:20,100.1911,100.33,100.1911,100.33,1939
11:21,100.4411,100.4411,100.1911,100.1911,1379
11:22,100.4359,100.4411,100.4359,100.4411,737
11:23,100.4765,100.4765,100.4359,100.4359,1968
11:24,100.6011,100.6011,100.4765,100.4765,909
11:25,100.748,100.748,100.6011,100.6011,1329
11:26,100.5609,100.748,100.5609,100.748,1399
11:27,100.6511,100.6511,100.5609,100.5609,947
11:28,100.6267,100.6511,100.6267,100.6511,1243
11:29,100.7219,100.7219,100.6267,100.6267,1387
11:30,100.7428,100.7428,100.7219,100.7219,1143
11:31,100.7571,100.7571,100.7428,100.7428,677
11:32,100.668,100.7571,100.668,100.7571,1112
11:33,100.5156,100.668,100.5156,100.668,1600
11:34,100.4625,100.5156,100.4625,100.5156,782
11:35,100.4947,100.4947,100.4625,100.4625,948
11:36,100.4491,100.4947,100.4491,100.4947,857
11:37,100.5894,100.5894,100.4491,100.4491,1926
11:38,100.671,100.671,100.5894,100.5894,1269
11:39,100.6164,100.671,100.6164,100.671,1155
11:40,100.5983,100.6164,100.5983,100.6164,761
11:41,100.6259,100.6259,100.5983,100.5983,1211
11:42,100.6456,100.6456,100.6259,100.6259,787
11:43,100.5797,100.6456,100.5797,100.6456,1011
11:44,100.5554,100.5797,100.5554,100.5797,798
11:45,100.7259,100.7259,100.5554,100.5554,1271
11:46,100.8416,100.8416,100.7259,100.7259,1227
11:47,100.878,100.878,100.8416,100.8416,929
11:48,100.7957,100.878,100.7957,100.878,1151
11:49,100.8425,100.8425,100.7957,100.7957,679
11:50,100.7869,100.8425,100.7869,100.8425,589
11:51,100.8725,100.8725,100.7869,100.7869,1169
11:52,101.0341,101.0341,100.8725,100.8725,1061
11:53,101.0803,101.0803,101.0341,101.0341,1252
11:54,101.0434,101.0803,101.0434,101.0803,2328
11:55,100.9951,101.0434,100.9951,101.0434,1398
11:56,101.1164,101.1164,100.9951,100.9951,724
11:57,101.1977,101.1977,101.1164,101.1164,1486
11:58,101.1811,101.1977,101.1811,101.1977,627
11:59,101.0682,101.1811,101.0682,101.1811,849
12:00,101.1239,101.1239,101.0682,101.0682,976
12:01,101.079,101.1239,101.079,101.1239,1836
12:02,101.098,101.098,101.079,101.079,768
12:03,101.1586,101.1586,101.098,101.098,746
12:04,101.1344,101.1586,101.1344,101.1586,966
12:05,101.0197,101.1344,101.0197,101.1344,790
12:06,100.9282,101.0197,100.9282,101.0197,1491
12:07,100.8299,100.9282,100.8299,100.9282,682
12:08,100.7844,100.8299,100.7844,100.8299,666
12:09,100.7361,100.7844,100.7361,100.7844,856
12:10,100.8102,100.8102,100.7361,100.7361,838
12:11,100.7461,100.8102,100.7461,100.8102,1982
12:12,100.9681,100.9681,100.7461,100.7461,1400
12:13,100.7332,100.9681,100.7332,100.9681,1032
12:14,100.9412,100.9412,100.7332,100.7332,648
12:15,100.8625,100.9412,100.8625,100.9412,1349
12:16,100.9005,100.9005,100.8625,100.8625,701
12:17,101.0295,101.0295,100.9005,100.9005,578
12:18,101.047,101.047,101.0295,101.0295,1524
12:19,101.1333,101.1333,101.047,101.047,1119
12:20,101.1791,101.1791,101.1333,101.1333,1386
12:21,101.2288,101.2288,101.1791,101.1791,1120
12:22,101.2583,101.2583,101.2288,101.2288,1355
12:23,101.3276,101.3276,101.2583,101.2583,794
12:24,101.3364,101.3364,101.3276,101.3276,693
12:25,101.4009,101.4009,101.3364,101.3364,1273
12:26,101.3911,101.4009,101.3911,101.4009,752
12:27,101.3789,101.3911,101.3789,101.3911,783
12:28,101.496,101.496,101.3789,101.3789,851
12:29,101.4796,101.496,101.4796,101.496,1006
12:30,101.4373,101.4796,101.4373,101.4796,882
12:31,101.3757,101.4373,101.3757,101.4373,614
12:32,101.4291,101.4291,101.3757,101.3757,796
12:33,101.3939,101.4291,101.3939,101.4291,455
12:34,101.3371,101.3939,101.3371,101.3939,1248
12:35,101.3748,101.3748,101.3371,101.3371,567
12:36,101.3733,101.3748,101.3733,101.3748,676
12:37,101.3735,101.3735,101.3733,101.3733,1019
12:38,101.331,101.3735,101.331,101.3735,769
12:39,101.1746,101.331,101.1746,101.331,1728
12:40,101.1989,101.1989,101.1746,101.1746,632
12:41,101.3258,101.3258,101.1989,101.1989,1099
12:42,101.4032,101.4032,101.3258,101.3258,986
12:43,101.4025,101.4032,101.4025,101.4032,661
12:44,101.2306,101.4025,101.2306,101.4025,1204
12:45,101.3397,101.3397,101.2306,101.2306,941
12:46,101.2644,101.3397,101.2644,101.3397,1315
12:47,101.2198,101.2644,101.2198,101.2644,1339
12:48,101.2756,101.2756,101.2198,101.2198,2153
12:49,101.0998,101.2756,101.0998,101.2756,1606
12:50,101.0501,101.0998,101.0501,101.0998,877
12:51,100.9847,101.0501,100.9847,101.0501,919
12:52,101.0109,101.0109,100.9847,100.9847,1477
12:53,101.0266,101.0266,101.0109,101.0109,1261
12:54,100.9553,101.0266,100.9553,101.0266,1255
12:55,101.0965,101.0965,100.9553,100.9553,564
12:56,101.2356,101.2356,101.0965,101.0965,991
12:57,101.2044,101.2356,101.2044,101.2356,770
12:58,101.3155,101.3155,101.2044,101.2044,1104
12:59,101.2881,101.3155,101.2881,101.3155,966
13:00,101.2744,101.2881,101.2744,101.2881,1381
13:01,101.2684,101.2744,101.2684,101.2744,1119
13:02,101.2962,101.2962,101.2684,101.2684,1321
13:03,101.2742,101.2962,101.2742,101.2962,848
13:04,101.3084,101.3084,101.2742,101.2742,715
13:05,101.2328,101.3084,101.2328,101.3084,865
13:06,101.2883,101.2883,101.2328,101.2328,994
13:07,101.3739,101.3739,101.2883,101.2883,1144
13:08,101.3323,101.3739,101.3323,101.3739,2228
13:09,101.3231,101.3323,101.3231,101.3323,985
13:10,101.2218,101.3231,101.2218,101.3231,713
13:11,101.1682,101.2218,101.1682,101.2218,885
13:12,101.1871,101.1871,101.1682,101.1682,848
13:13,101.1836,101.1871,101.1836,101.1871,1186
13:14,101.1541,101.1836,101.1541,101.1836,579
13:15,101.2308,101.2308,101.1541,101.1541,1023
13:16,101.148,101.2308,101.148,101.2308,1057
13:17,101.0083,101.148,101.0083,101.148,1086
13:18,101.0073,101.0083,101.0073,101.0083,809
13:19,101.0922,101.0922,101.0073,101.0073,919
13:20,101.2513,101.2513,101.0922,101.0922,604
13:21,101.2878,101.2878,101.2513,101.2513,840
13:22,101.0735,101.2878,101.0735,101.2878,825
13:23,100.8573,101.0735,100.8573,101.0735,1159
13:24,100.8375,100.8573,100.8375,100.8573,664
13:25,100.7858,100.8375,100.7858,100.8375,1319
13:26,100.945,100.945,100.7858,100.7858,1699
13:27,101.0387,101.0387,100.945,100.945,480
13:28,101.034,101.0387,101.034,101.0387,1163
13:29,100.982,101.034,100.982,101.034,1271
13:30,100.9441,100.982,100.9441,100.982,798
13:31,101.0441,101.0441,100.9441,100.9441,869
13:32,101.0985,101.0985,101.0441,101.0441,954
13:33,100.9598,101.0985,100.9598,101.0985,900
13:34,100.9788,100.9788,100.9598,100.9598,896
13:35,100.9792,100.9792,100.9788,100.9788,552
13:36,100.9043,100.9792,100.9043,100.9792,1505
13:37,100.8455,100.9043,100.8455,100.9043,1466
13:38,100.7954,100.8455,100.7954,100.8455,750
13:39,100.8998,100.8998,100.7954,100.7954,595
13:40,100.912,100.912,100.8998,100.8998,1203
13:41,101.0016,101.0016,100.912,100.912,815
13:42,100.9207,101.0016,100.9207,101.0016,1052
13:43,100.8116,100.9207,100.8116,100.9207,893
13:44,100.6667,100.8116,100.6667,100.8116,1278
13:45,100.595,100.6667,100.595,100.6667,1279
13:46,100.5376,100.595,100.5376,100.595,773
13:47,100.4526,100.5376,100.4526,100.5376,612
13:48,100.3386,100.4526,100.3386,100.4526,571
13:49,100.2487,100.3386,100.2487,100.3386,1242
13:50,100.5539,100.5539,100.2487,100.2487,656
13:51,100.4735,100.5539,100.4735,100.5539,836
13:52,100.5697,100.5697,100.4735,100.4735,809
13:53,100.5318,100.5697,100.5318,100.5697,982
13:54,100.505,100.5318,100.505,100.5318,503
13:55,100.3896,100.505,100.3896,100.505,1069
13:56,100.511,100.511,100.3896,100.3896,1204
13:57,100.599,100.599,100.511,100.511,1032
13:58,100.4977,100.599,100.4977,100.599,896
13:59,100.4443,100.4977,100.4443,100.4977,1035
14:00,100.4844,100.4844,100.4443,100.4443,1152
14:01,100.4564,100.4844,100.4564,100.4844,374
14:02,100.5139,100.5139,100.4564,100.4564,2000
14:03,100.4762,100.5139,100.4762,100.5139,1148
14:04,100.5952,100.5952,100.4762,100.4762,794
14:05,100.6285,100.6285,100.5952,100.5952,871
14:06,100.6161,100.6285,100.6161,100.6285,1191
14:07,100.6157,100.6161,100.6157,100.6161,960
14:08,100.649,100.649,100.6157,100.6157,487
14:09,100.7012,100.7012,100.649,100.649,2079
14:10,100.7602,100.7602,100.7012,100.7012,962
14:11,100.8344,100.8344,100.7602,100.7602,1436
14:12,101.0005,101.0005,100.8344,100.8344,782
14:13,101.0407,101.0407,101.0005,101.0005,1724
14:14,100.9763,101.0407,100.9763,101.0407,1107
14:15,100.9361,100.9763,100.9361,100.9763,1241
14:16,100.8184,100.9361,100.8184,100.9361,690
14:17,100.6716,100.8184,100.6716,100.8184,1536
14:18,100.6906,100.6906,100.6716,100.6716,1277
14:19,100.7171,100.7171,100.6906,100.6906,1586
14:20,100.7526,100.7526,100.7171,100.7171,800
14:21,100.7968,100.7968,100.7526,100.7526,843
14:22,100.7877,100.7968,100.7877,100.7968,2263
14:23,100.805,100.805,100.7877,100.7877,687
14:24,100.5498,100.805,100.5498,100.805,953
14:25,100.5871,100.5871,100.5498,100.5498,1496
14:26,100.5657,100.5871,100.5657,100.5871,1035
14:27,100.4882,100.5657,100.4882,100.5657,1230
14:28,100.5579,100.5579,100.4882,100.4882,868
14:29,100.441,100.5579,100.441,100.5579,1140
14:30,100.3831,100.441,100.3831,100.441,629
14:31,100.3484,100.3831,100.3484,100.3831,1800
14:32,100.4374,100.4374,100.3484,100.3484,959
14:33,100.4403,100.4403,100.4374,100.4374,786
14:34,100.4184,100.4403,100.4184,100.4403,1267
14:35,100.5548,100.5548,100.4184,100.4184,849
14:36,100.4967,100.5548,100.4967,100.5548,623
14:37,100.453,100.4967,100.453,100.4967,620
14:38,100.3021,100.453,100.3021,100.453,1279
14:39,100.2797,100.3021,100.2797,100.3021,945
14:40,100.1432,100.2797,100.1432,100.2797,954
14:41,100.1969,100.1969,100.1432,100.1432,1466
14:42,100.2128,100.2128,100.1969,100.1969,671
14:43,100.1188,100.2128,100.1188,100.2128,772
14:44,100.1327,100.1327,100.1188,100.1188,873
14:45,100.1356,100.1356,100.1327,100.1327,1035
14:46,100.1537,100.1537,100.1356,100.1356,986
14:47,100.1672,100.1672,100.1537,100.1537,904
14:48,100.284,100.284,100.1672,100.1672,979
14:49,100.2752,100.284,100.2752,100.284,964
14:50,100.3046,100.3046,100.2752,100.2752,776
14:51,100.3573,100.3573,100.3046,100.3046,751
14:52,100.4602,100.4602,100.3573,100.3573,1104
14:53,100.5185,100.5185,100.4602,100.4602,731
14:54,100.644,100.644,100.5185,100.5185,665
14:55,100.6515,100.6515,100.644,100.644,898
14:56,100.6827,100.6827,100.6515,100.6515,949
14:57,100.6459,100.6827,100.6459,100.6827,2234
14:58,100.5285,100.6459,100.5285,100.6459,782
14:59,100.4996,100.5285,100.4996,100.5285,1404
15:00,100.4831,100.4996,100.4831,100.4996,1311
15:01,100.4698,100.4831,100.4698,100.4831,660
15:02,100.446,100.4698,100.446,100.4698,1326
15:03,100.4469,100.4469,100.446,100.446,663
15:04,100.2931,100.4469,100.2931,100.4469,394
15:05,100.3131,100.3131,100.2931,100.2931,1255
15:06,100.3743,100.3743,100.3131,100.3131,544
15:07,100.4411,100.4411,100.3743,100.3743,1192
15:08,100.4585,100.4585,100.4411,100.4411,799
15:09,100.4397,100.4585,100.4397,100.4585,1839
15:10,100.5113,100.5113,100.4397,100.4397,1496
15:11,100.5466,100.5466,100.5113,100.5113,875
15:12,100.5201,100.5466,100.5201,100.5466,808
15:13,100.5331,100.5331,100.5201,100.5201,674
15:14,100.5538,100.5538,100.5331,100.5331,891
15:15,100.5329,100.5538,100.5329,100.5538,948
15:16,100.5454,100.5454,100.5329,100.5329,926
15:17,100.5002,100.5454,100.5002,100.5454,1122
15:18,100.3999,100.5002,100.3999,100.5002,1314
15:19,100.3274,100.3999,100.3274,100.3999,1223
15:20,100.4202,100.4202,100.3274,100.3274,832
15:21,100.3648,100.4202,100.3648,100.4202,663
15:22,100.3878,100.3878,100.3648,100.3648,1813
15:23,100.4728,100.4728,100.3878,100.3878,888
15:24,100.483,100.483,100.4728,100.4728,914
15:25,100.5586,100.5586,100.483,100.483,974
15:26,100.6069,100.6069,100.5586,100.5586,622
15:27,100.7185,100.7185,100.6069,100.6069,1030
15:28,101.026,101.026,100.7185,100.7185,1054
15:29,101.0633,101.0633,101.026,101.026,1597
15:30,101.0983,101.0983,101.0633,101.0633,1689
15:31,101.1733,101.1733,101.0983,101.0983,1361
15:32,101.1433,101.1733,101.1433,101.1733,1956
15:33,101.193,101.193,101.1433,101.1433,1643
15:34,101.2945,101.2945,101.193,101.193,1506
15:35,101.3444,101.3444,101.2945,101.2945,1671
15:36,101.4184,101.4184,101.3444,101.3444,1543
15:37,101.3555,101.4184,101.3555,101.4184,1505
15:38,101.3093,101.3555,101.3093,101.3555,1656
15:39,101.3123,101.3123,101.3093,101.3093,1288
15:40,101.4474,101.4474,101.3123,101.3123,2246
15:41,101.494,101.494,101.4474,101.4474,1518
15:42,101.521,101.521,101.494,101.494,3096
15:43,101.5915,101.5915,101.521,101.521,2244
15:44,101.4934,101.5915,101.4934,101.5915,2671
15:45,101.4511,101.4934,101.4511,101.4934,3354
15:46,101.4436,101.4511,101.4436,101.4511,3804
15:47,101.4401,101.4436,101.4401,101.4436,1871
15:48,101.3489,101.4401,101.3489,101.4401,3277
15:49,101.3471,101.3489,101.3471,101.3489,5216
15:50,101.3372,101.3471,101.3372,101.3471,2268
15:51,101.3135,101.3372,101.3135,101.3372,5160
15:52,101.3629,101.3629,101.3135,101.3135,2200
15:53,101.3559,101.3629,101.3559,101.3629,3711
15:54,101.4411,101.4411,101.3559,101.3559,5897
15:55,101.4218,101.4411,101.4218,101.4411,3531
15:56,101.4002,101.4218,101.4002,101.4218,4898
15:57,101.4419,101.4419,101.4002,101.4002,4511
15:58,101.4355,101.4419,101.4355,101.4419,14929
15:59,101.4293,101.4355,101.4293,101.4355,9667
