Time,Close,High,Low,Open,Volume
09:30,99.9653,99.9653,99.8914,99.8914,18689
09:31,100.0182,100.0182,99.9653,99.9653,10511
09:32,99.9989,100.0182,99.9989,100.0182,11775
09:33,100.2855,100.2855,99.9989,99.9989,16820
09:34,100.1118,100.2855,100.1118,100.2855,13466
09:35,99.8605,100.1118,99.8605,100.1118,4493
09:36,99.7467,99.8605,99.7467,99.8605,8147
09:37,99.5709,99.7467,99.5709,99.7467,5054
09:38,99.368,99.5709,99.368,99.5709,4718
09:39,99.7325,99.7325,99.368,99.368,5203
09:40,99.8892,99.8892,99.7325,99.7325,4357
09:41,99.9447,99.9447,99.8892,99.8892,6393
09:42,100.0349,100.0349,99.9447,99.9447,4619
09:43,100.1829,100.1829,100.0349,100.0349,3408
09:44,100.0007,100.1829,100.0007,100.1829,3544
09:45,99.901,100.0007,99.901,100.0007,3169
09:46,99.9572,99.9572,99.901,99.901,4457
09:47,99.9762,99.9762,99.9572,99.9572,2280
09:48,99.75,99.9762,99.75,99.9762,2567
09:49,99.4313,99.75,99.4313,99.75,1594
09:50,99.1895,99.4313,99.1895,99.4313,823
09:51,99.1184,99.1895,99.1184,99.1895,2423
09:52,99.1639,99.1639,99.1184,99.1184,2474
09:53,98.9221,99.1639,98.9221,99.1639,1331
09:54,99.0952,99.0952,98.9221,98.9221,3691
09:55,99.0932,99.0952,99.0932,99.0952,943
09:56,98.9754,99.0932,98.9754,99.0932,1539
09:57,98.8191,98.9754,98.8191,98.9754,1363
09:58,98.8713,98.8713,98.8191,98.8191,2420
09:59,98.7546,98.8713,98.7546,98.8713,2289
10:00,99.2621,99.2621,98.7546,98.7546,1393
10:01,99.4411,99.4411,99.2621,99.2621,1466
10:02,99.7472,99.7472,99.4411,99.4411,912
10:03,99.8916,99.8916,99.7472,99.7472,605
10:04,99.958,99.958,99.8916,99.8916,1056
10:05,99.7402,99.958,99.7402,99.958,1239
10:06,99.8512,99.8512,99.7402,99.7402,1782
10:07,99.7547,99.8512,99.7547,99.8512,1736
10:08,99.7428,99.7547,99.7428,99.7547,974
10:09,99.5889,99.7428,99.5889,99.7428,992
10:10,99.7196,99.7196,99.5889,99.5889,752
10:11,99.6802,99.7196,99.6802,99.7196,653
10:12,99.9014,99.9014,99.6802,99.6802,585
10:13,100.1064,100.1064,99.9014,99.9014,2120
10:14,100.1983,100.1983,100.1064,100.1064,880
10:15,100.2472,100.2472,100.1983,100.1983,897
10:16,100.2329,100.2472,100.2329,100.2472,668
10:17,100.2185,100.2329,100.2185,100.2329,1365
10:18,100.1848,100.2185,100.1848,100.2185,582
10:19,100.1665,100.1848,100.1665,100.1848,953
10:20,100.1062,100.1665,100.1062,100.1665,746
10:21,100.029,100.1062,100.029,100.1062,1171
10:22,100.3054,100.3054,100.029,100.029,850
10:23,100.2841,100.3054,100.2841,100.3054,668
10:24,100.0678,100.2841,100.0678,100.2841,1004
10:25,100.1978,100.1978,100.0678,100.0678,1178
10:26,100.1912,100.1978,100.1912,100.1978,1034
10:27,100.0649,100.1912,100.0649,100.1912,1123
10:28,100.1755,100.1755,100.0649,100.0649,805
10:29,100.1593,100.1755,100.1593,100.1755,885
10:30,100.1847,100.1847,100.1593,100.1593,792
10:31,100.071,100.1847,100.071,100.1847,885
10:32,100.1685,100.1685,100.071,100.071,753
10:33,100.3481,100.3481,100.1685,100.1685,544
10:34,100.4073,100.4073,100.3481,100.3481,1068
10:35,100.3786,100.4073,100.3786,100.4073,870
10:36,100.4861,100.4861,100.3786,100.3786,562
10:37,100.4389,100.4861,100.4389,100.4861,1181
10:38,100.5681,100.5681,100.4389,100.4389,726
10:39,100.7079,100.7079,100.5681,100.5681,1020
10:40,100.7114,100.7114,100.7079,100.7079,1297
10:41,100.7892,100.7892,100.7114,100.7114,1048
10:42,100.783,100.7892,100.783,100.7892,1499
10:43,100.6202,100.783,100.6202,100.783,646
10:44,100.2999,100.6202,100.2999,100.6202,1154
10:45,100.39,100.39,100.2999,100.2999,785
10:46,100.4059,100.4059,100.39,100.39,735
10:47,100.6493,100.6493,100.4059,100.4059,815
10:48,100.727,100.727,100.6493,100.6493,896
10:49,100.6739,100.727,100.6739,100.727,1020
10:50,100.7733,100.7733,100.6739,100.6739,662
10:51,101.3496,101.3496,100.7733,100.7733,1376
10:52,101.2359,101.3496,101.2359,101.3496,1180
10:53,100.9882,101.2359,100.9882,101.2359,580
10:54,100.6958,100.9882,100.6958,100.9882,1695
10:55,100.3003,100.6958,100.3003,100.6958,1958
10:56,100.379,100.379,100.3003,100.3003,1519
10:57,100.3056,100.379,100.3056,100.379,938
10:58,100.1981,100.3056,100.1981,100.3056,684
10:59,99.9038,100.1981,99.9038,100.1981,1453
11:00,100.1577,100.1577,99.9038,99.9038,867
11:01,99.8934,100.1577,99.8934,100.1577,1542
11:02,99.9441,99.9441,99.8934,99.8934,1077
11:03,99.8237,99.9441,99.8237,99.9441,1414
11:04,99.7444,99.8237,99.7444,99.8237,1135
11:05,99.8123,99.8123,99.7444,99.7444,1285
11:06,99.9502,99.9502,99.8123,99.8123,1004
11:07,100.0662,100.0662,99.9502,99.9502,1883
11:08,100.072,100.072,100.0662,100.0662,1046
11:09,99.9627,100.072,99.9627,100.072,1153
11:10,100.2806,100.2806,99.9627,99.9627,1949
11:11,100.3782,100.3782,100.2806,100.2806,620
11:12,100.4771,100.4771,100.3782,100.3782,637
11:13,100.4064,100.4771,100.4064,100.4771,1410
11:14,100.5511,100.5511,100.4064,100.4064,660
11:15,100.6114,100.6114,100.5511,100.5511,1992
11:16,100.3927,100.6114,100.3927,100.6114,864
11:17,100.3182,100.3927,100.3182,100.3927,767
11:18,100.1498,100.3182,100.1498,100.3182,1977
11:19,100.2788,100.2788,100.1498,100.1498,1690
11:20,100.3455,100.3455,100.2788,100.2788,1939
11:21,100.3862,100.3862,100.3455,100.3455,1379
11:22,100.2993,100.3862,100.2993,100.3862,737
11:23,100.4384,100.4384,100.2993,100.2993,1968
11:24,100.2055,100.4384,100.2055,100.4384,909
11:25,100.3614,100.3614,100.2055,100.2055,1329
11:26,100.1717,100.3614,100.1717,100.3614,1399
11:27,100.0815,100.1717,100.0815,100.1717,947
11:28,99.9403,100.0815,99.9403,100.0815,1243
11:29,100.008,100.008,99.9403,99.9403,1387
11:30,99.9017,100.008,99.9017,100.008,1143
11:31,99.7371,99.9017,99.7371,99.9017,677
11:32,99.9073,99.9073,99.7371,99.7371,1112
11:33,100.0589,100.0589,99.9073,99.9073,1600
11:34,99.9885,100.0589,99.9885,100.0589,782
11:35,99.5467,99.9885,99.5467,99.9885,948
11:36,99.379,99.5467,99.379,99.5467,857
11:37,99.3256,99.379,99.3256,99.379,1926
11:38,99.3214,99.3256,99.3214,99.3256,1269
11:39,99.0111,99.3214,99.0111,99.3214,1155
11:40,98.981,99.0111,98.981,99.0111,761
11:41,98.5601,98.981,98.5601,98.981,1211
11:42,98.8137,98.8137,98.5601,98.5601,787
11:43,98.7726,98.8137,98.7726,98.8137,1011
11:44,98.8478,98.8478,98.7726,98.7726,798
11:45,98.9842,98.9842,98.8478,98.8478,1271
11:46,99.1173,99.1173,98.9842,98.9842,1227
11:47,99.1169,99.1173,99.1169,99.1173,929
11:48,99.1388,99.1388,99.1169,99.1169,1151
11:49,99.3015,99.3015,99.1388,99.1388,679
11:50,99.3869,99.3869,99.3015,99.3015,589
11:51,99.4272,99.4272,99.3869,99.3869,1169
11:52,99.5356,99.5356,99.4272,99.4272,1061
11:53,99.3666,99.5356,99.3666,99.5356,1252
11:54,99.5828,99.5828,99.3666,99.3666,2328
11:55,99.3157,99.5828,99.3157,99.5828,1398
11:56,99.6025,99.6025,99.3157,99.3157,724
11:57,99.5123,99.6025,99.5123,99.6025,1486
11:58,99.5324,99.5324,99.5123,99.5123,627
11:59,99.5803,99.5803,99.5324,99.5324,849
12:00,99.5564,99.5803,99.5564,99.5803,976
12:01,99.4718,99.5564,99.4718,99.5564,1836
12:02,99.3334,99.4718,99.3334,99.4718,768
12:03,99.4381,99.4381,99.3334,99.3334,746
12:04,99.3549,99.4381,99.3549,99.4381,966
12:05,99.5672,99.5672,99.3549,99.3549,790
12:06,99.308,99.5672,99.308,99.5672,1491
12:07,99.263,99.308,99.263,99.308,682
12:08,99.4773,99.4773,99.263,99.263,666
12:09,99.4292,99.4773,99.4292,99.4773,856
12:10,99.1426,99.4292,99.1426,99.4292,838
12:11,99.388,99.388,99.1426,99.1426,1982
12:12,99.4201,99.4201,99.388,99.388,1400
12:13,99.2051,99.4201,99.2051,99.4201,1032
12:14,99.1831,99.2051,99.1831,99.2051,648
12:15,99.2309,99.2309,99.1831,99.1831,1349
12:16,99.2901,99.2901,99.2309,99.2309,701
12:17,99.2273,99.2901,99.2273,99.2901,578
12:18,99.2491,99.2491,99.2273,99.2273,1524
12:19,99.3926,99.3926,99.2491,99.2491,1119
12:20,99.3511,99.3926,99.3511,99.3926,1386
12:21,99.3627,99.3627,99.3511,99.3511,1120
12:22,99.498,99.498,99.3627,99.3627,1355
12:23,99.3733,99.498,99.3733,99.498,794
12:24,99.566,99.566,99.3733,99.3733,693
12:25,99.3744,99.566,99.3744,99.566,1273
12:26,99.5188,99.5188,99.3744,99.3744,752
12:27,99.3145,99.5188,99.3145,99.5188,783
12:28,99.4299,99.4299,99.3145,99.3145,851
12:29,99.3799,99.4299,99.3799,99.4299,1006
12:30,99.6706,99.6706,99.3799,99.3799,882
12:31,99.7042,99.7042,99.6706,99.6706,614
12:32,99.4356,99.7042,99.4356,99.7042,796
12:33,99.4286,99.4356,99.4286,99.4356,455
12:34,99.3872,99.4286,99.3872,99.4286,1248
12:35,99.2713,99.3872,99.2713,99.3872,567
12:36,99.1899,99.2713,99.1899,99.2713,676
12:37,99.1478,99.1899,99.1478,99.1899,1019
12:38,99.3454,99.3454,99.1478,99.1478,769
12:39,99.1274,99.3454,99.1274,99.3454,1728
12:40,98.8529,99.1274,98.8529,99.1274,632
12:41,98.8535,98.8535,98.8529,98.8529,1099
12:42,98.8329,98.8535,98.8329,98.8535,986
12:43,98.7005,98.8329,98.7005,98.8329,661
12:44,98.6712,98.7005,98.6712,98.7005,1204
12:45,98.7267,98.7267,98.6712,98.6712,941
12:46,98.6341,98.7267,98.6341,98.7267,1315
12:47,98.8749,98.8749,98.6341,98.6341,1339
12:48,98.6848,98.8749,98.6848,98.8749,2153
12:49,98.737,98.737,98.6848,98.6848,1606
12:50,98.7983,98.7983,98.737,98.737,877
12:51,98.6146,98.7983,98.6146,98.7983,919
12:52,98.6729,98.6729,98.6146,98.6146,1477
12:53,98.5339,98.6729,98.5339,98.6729,1261
12:54,98.4913,98.5339,98.4913,98.5339,1255
12:55,98.4966,98.4966,98.4913,98.4913,564
12:56,98.8294,98.8294,98.4966,98.4966,991
12:57,98.7362,98.8294,98.7362,98.8294,770
12:58,98.8063,98.8063,98.7362,98.7362,1104
12:59,98.8617,98.8617,98.8063,98.8063,966
13:00,98.8902,98.8902,98.8617,98.8617,1381
13:01,99.0822,99.0822,98.8902,98.8902,1119
13:02,99.2553,99.2553,99.0822,99.0822,1321
13:03,99.0791,99.2553,99.0791,99.2553,848
13:04,99.2066,99.2066,99.0791,99.0791,715
13:05,99.3247,99.3247,99.2066,99.2066,865
13:06,99.6406,99.6406,99.3247,99.3247,994
13:07,99.4972,99.6406,99.4972,99.6406,1144
13:08,99.4145,99.4972,99.4145,99.4972,2228
13:09,99.3856,99.4145,99.3856,99.4145,985
13:10,99.4855,99.4855,99.3856,99.3856,713
13:11,99.6382,99.6382,99.4855,99.4855,885
13:12,99.2358,99.6382,99.2358,99.6382,848
13:13,99.1147,99.2358,99.1147,99.2358,1186
13:14,99.1779,99.1779,99.1147,99.1147,579
13:15,99.157,99.1779,99.157,99.1779,1023
13:16,99.2585,99.2585,99.157,99.157,1057
13:17,99.3409,99.3409,99.2585,99.2585,1086
13:18,99.4256,99.4256,99.3409,99.3409,809
13:19,99.279,99.4256,99.279,99.4256,919
13:20,99.1577,99.279,99.1577,99.279,604
13:21,98.9519,99.1577,98.9519,99.1577,840
13:22,98.848,98.9519,98.848,98.9519,825
13:23,98.9621,98.9621,98.848,98.848,1159
13:24,98.7753,98.9621,98.7753,98.9621,664
13:25,98.6483,98.7753,98.6483,98.7753,1319
13:26,98.6404,98.6483,98.6404,98.6483,1699
13:27,98.5407,98.6404,98.5407,98.6404,480
13:28,98.638,98.638,98.5407,98.5407,1163
13:29,98.923,98.923,98.638,98.638,1271
13:30,98.9383,98.9383,98.923,98.923,798
13:31,99.0762,99.0762,98.9383,98.9383,869
13:32,98.9702,99.0762,98.9702,99.0762,954
13:33,99.0645,99.0645,98.9702,98.9702,900
13:34,98.9752,99.0645,98.9752,99.0645,896
13:35,98.7487,98.9752,98.7487,98.9752,552
13:36,98.5728,98.7487,98.5728,98.7487,1505
13:37,98.801,98.801,98.5728,98.5728,1466
13:38,98.7864,98.801,98.7864,98.801,750
13:39,98.5158,98.7864,98.5158,98.7864,595
13:40,98.4924,98.5158,98.4924,98.5158,1203
13:41,98.776,98.776,98.4924,98.4924,815
13:42,98.5189,98.776,98.5189,98.776,1052
13:43,98.505,98.5189,98.505,98.5189,893
13:44,98.5884,98.5884,98.505,98.505,1278
13:45,98.4971,98.5884,98.4971,98.5884,1279
13:46,98.4553,98.4971,98.4553,98.4971,773
13:47,98.2029,98.4553,98.2029,98.4553,612
13:48,98.3541,98.3541,98.2029,98.2029,571
13:49,98.4119,98.4119,98.3541,98.3541,1242
13:50,98.6214,98.6214,98.4119,98.4119,656
13:51,98.4763,98.6214,98.4763,98.6214,836
13:52,98.6301,98.6301,98.4763,98.4763,809
13:53,98.5579,98.6301,98.5579,98.6301,982
13:54,98.5325,98.5579,98.5325,98.5579,503
13:55,98.5565,98.5565,98.5325,98.5325,1069
13:56,98.6946,98.6946,98.5565,98.5565,1204
13:57,98.5595,98.6946,98.5595,98.6946,1032
13:58,98.7505,98.7505,98.5595,98.5595,896
13:59,98.579,98.7505,98.579,98.7505,1035
14:00,98.7522,98.7522,98.579,98.579,1152
14:01,98.3843,98.7522,98.3843,98.7522,374
14:02,98.2161,98.3843,98.2161,98.3843,2000
14:03,97.999,98.2161,97.999,98.2161,1148
14:04,97.9684,97.999,97.9684,97.999,794
14:05,98.2047,98.2047,97.9684,97.9684,871
14:06,98.312,98.312,98.2047,98.2047,1191
14:07,98.1418,98.312,98.1418,98.312,960
14:08,97.9888,98.1418,97.9888,98.1418,487
14:09,98.0117,98.0117,97.9888,97.9888,2079
14:10,97.86,98.0117,97.86,98.0117,962
14:11,97.87,97.87,97.86,97.86,1436
14:12,97.8919,97.8919,97.87,97.87,782
14:13,97.9626,97.9626,97.8919,97.8919,1724
14:14,97.9316,97.9626,97.9316,97.9626,1107
14:15,97.8609,97.9316,97.8609,97.9316,1241
14:16,97.8489,97.8609,97.8489,97.8609,690
14:17,97.6096,97.8489,97.6096,97.8489,1536
14:18,97.6787,97.6787,97.6096,97.6096,1277
14:19,97.6519,97.6787,97.6519,97.6787,1586
14:20,97.7758,97.7758,97.6519,97.6519,800
14:21,97.737,97.7758,97.737,97.7758,843
14:22,97.6505,97.737,97.6505,97.737,2263
14:23,97.7951,97.7951,97.6505,97.6505,687
14:24,97.8898,97.8898,97.7951,97.7951,953
14:25,97.8638,97.8898,97.8638,97.8898,1496
14:26,97.6839,97.8638,97.6839,97.8638,1035
14:27,97.8393,97.8393,97.6839,97.6839,1230
14:28,97.8122,97.8393,97.8122,97.8393,868
14:29,97.6424,97.8122,97.6424,97.8122,1140
14:30,97.4202,97.6424,97.4202,97.6424,629
14:31,97.4399,97.4399,97.4202,97.4202,1800
14:32,97.5131,97.5131,97.4399,97.4399,959
14:33,97.4912,97.5131,97.4912,97.5131,786
14:34,97.5196,97.5196,97.4912,97.4912,1267
14:35,97.7047,97.7047,97.5196,97.5196,849
14:36,97.872,97.872,97.7047,97.7047,623
14:37,97.98,97.98,97.872,97.872,620
14:38,97.896,97.98,97.896,97.98,1279
14:39,97.9386,97.9386,97.896,97.896,945
14:40,97.8061,97.9386,97.8061,97.9386,954
14:41,97.8715,97.8715,97.8061,97.8061,1466
14:42,98.039,98.039,97.8715,97.8715,671
14:43,98.0211,98.039,98.0211,98.039,772
14:44,97.9853,98.0211,97.9853,98.0211,873
14:45,97.8282,97.9853,97.8282,97.9853,1035
14:46,97.652,97.8282,97.652,97.8282,986
14:47,97.7058,97.7058,97.652,97.652,904
14:48,97.4074,97.7058,97.4074,97.7058,979
14:49,97.6329,97.6329,97.4074,97.4074,964
14:50,97.6568,97.6568,97.6329,97.6329,776
14:51,97.5177,97.6568,97.5177,97.6568,751
14:52,97.5468,97.5468,97.5177,97.5177,1104
14:53,97.6859,97.6859,97.5468,97.5468,731
14:54,97.6491,97.6859,97.6491,97.6859,665
14:55,97.9601,97.9601,97.6491,97.6491,898
14:56,98.087,98.087,97.9601,97.9601,949
14:57,98.0398,98.087,98.0398,98.087,2234
14:58,97.9925,98.0398,97.9925,98.0398,782
14:59,97.9732,97.9925,97.9732,97.9925,1404
15:00,98.0809,98.0809,97.9732,97.9732,1311
15:01,98.1383,98.1383,98.0809,98.0809,660
15:02,98.2713,98.2713,98.1383,98.1383,1326
15:03,98.5403,98.5403,98.2713,98.2713,663
15:04,98.5548,98.5548,98.5403,98.5403,394
15:05,98.3404,98.5548,98.3404,98.5548,1255
15:06,98.1758,98.3404,98.1758,98.3404,544
15:07,98.4812,98.4812,98.1758,98.1758,1192
15:08,98.0093,98.4812,98.0093,98.4812,799
15:09,97.9317,98.0093,97.9317,98.0093,1839
15:10,97.9926,97.9926,97.9317,97.9317,1496
15:11,97.9381,97.9926,97.9381,97.9926,875
15:12,97.9303,97.9381,97.9303,97.9381,808
15:13,97.8706,97.9303,97.8706,97.9303,674
15:14,97.952,97.952,97.8706,97.8706,891
15:15,97.8525,97.952,97.8525,97.952,948
15:16,97.6268,97.8525,97.6268,97.8525,926
15:17,97.6722,97.6722,97.6268,97.6268,1122
15:18,97.4562,97.6722,97.4562,97.6722,1314
15:19,97.3189,97.4562,97.3189,97.4562,1223
15:20,97.4592,97.4592,97.3189,97.3189,832
15:21,97.42,97.4592,97.42,97.4592,663
15:22,97.2745,97.42,97.2745,97.42,1813
15:23,97.1401,97.2745,97.1401,97.2745,888
15:24,97.1182,97.1401,97.1182,97.1401,914
15:25,96.9385,97.1182,96.9385,97.1182,974
15:26,96.5768,96.9385,96.5768,96.9385,622
15:27,96.645,96.645,96.5768,96.5768,1030
15:28,96.714,96.714,96.645,96.645,1054
15:29,96.8227,96.8227,96.714,96.714,1597
15:30,96.7807,96.8227,96.7807,96.8227,1689
15:31,96.7392,96.7807,96.7392,96.7807,1361
15:32,96.6978,96.7392,96.6978,96.7392,1956
15:33,96.4845,96.6978,96.4845,96.6978,1643
15:34,96.2114,96.4845,96.2114,96.4845,1506
15:35,96.399,96.399,96.2114,96.2114,1671
15:36,96.3514,96.399,96.3514,96.399,1543
15:37,96.2561,96.3514,96.2561,96.3514,1505
15:38,96.2958,96.2958,96.2561,96.2561,1656
15:39,96.4029,96.4029,96.2958,96.2958,1288
15:40,96.5978,96.5978,96.4029,96.4029,2246
15:41,96.8871,96.8871,96.5978,96.5978,1518
15:42,96.7526,96.8871,96.7526,96.8871,3096
15:43,96.8823,96.8823,96.7526,96.7526,2244
15:44,96.7821,96.8823,96.7821,96.8823,2671
15:45,96.9097,96.9097,96.7821,96.7821,3354
15:46,97.0191,97.0191,96.9097,96.9097,3804
15:47,97.1082,97.1082,97.0191,97.0191,1871
15:48,97.3491,97.3491,97.1082,97.1082,3277
15:49,97.3496,97.3496,97.3491,97.3491,5216
15:50,97.2874,97.3496,97.2874,97.3496,2268
15:51,97.536,97.536,97.2874,97.2874,5160
15:52,97.6505,97.6505,97.536,97.536,2200
15:53,97.9859,97.9859,97.6505,97.6505,3711
15:54,97.9891,97.9891,97.9859,97.9859,5897
15:55,98.0899,98.0899,97.9891,97.9891,3531
15:56,98.1326,98.1326,98.0899,98.0899,4898
15:57,98.1869,98.1869,98.1326,98.1326,4511
15:58,98.3581,98.3581,98.1869,98.1869,14929
15:59,98.4354,98.4354,98.3581,98.3581,9667
